1,1,968.612548081549,523.1202885084479,O_top
1,2,566.688199554015,173.01024622435128,O_left
1,3,599.7102976853984,1438.937461215311,O_right
1,4,865.8687691071841,569.1472779597749,D_top
1,5,547.6309162613537,282.0009976102277,D_left
1,6,592.28281304945,1098.162646627604,D_right
2,1,968.6164491225734,523.1140222220296,O_top
2,2,566.688199554015,173.01024622435128,O_left
2,3,599.7102976853984,1438.937461215311,O_right
2,4,865.8687691071841,569.1472779597749,D_top
2,5,547.6309162613537,282.0009976102277,D_left
2,6,592.28281304945,1098.162646627604,D_right
3,1,969.40487370733,524.8143562362374,O_top
3,2,554.6429985123316,163.45011973613458,O_left
3,3,598.5770792682641,1438.6121170676963,O_right
3,4,866.0086054594328,568.9203478533401,D_top
3,5,542.3946640798002,285.3632163090785,D_left
3,6,590.9976735053534,1097.4164080648409,D_right
4,1,970.548071143156,526.7820704126063,O_top
4,2,551.1460035724301,163.07122331189228,O_left
4,3,599.3357937630601,1438.8244258138584,O_right
4,4,866.0525551481262,568.8490251438112,D_top
4,5,538.6032468975733,287.3514328858376,D_left
4,6,590.5812797622472,1097.1746218169374,D_right
5,1,970.896880768786,527.4028694124206,O_top
5,2,547.3146390670145,165.560004521873,O_left
5,3,598.1826380047247,1439.2274599241714,O_right
5,4,866.1923986331799,568.6220834620724,D_top
5,5,533.9781436060838,288.4670087304196,D_left
5,6,590.7063748888551,1096.7240572178227,D_right
6,1,971.5673492734682,529.2733990160109,O_top
6,2,549.4049975858084,175.27559382474237,O_left
6,3,597.767404190542,1439.3513310878604,O_right
6,4,866.1124874057201,568.7517655015502,D_top
6,5,529.4050601579314,286.30887556933635,D_left
6,6,591.8051809270174,1097.690291341121,D_right
7,1,971.5519535476628,530.306650619078,O_top
7,2,546.3077530335229,182.81227791878285,O_left
7,3,597.6309432496944,1439.3895255294074,O_right
7,4,865.8248216601431,569.2185970314908,D_top
7,5,516.372031933179,273.72418864781065,D_left
7,6,591.1784277643416,1096.959337546073,D_right
8,1,971.6422735640208,530.4137131568356,O_top
8,2,544.6817125772518,186.53971451883015,O_left
8,3,597.6189884931946,1439.4081765923047,O_right
8,4,865.5971025650167,569.5881455620661,D_top
8,5,502.6742143982297,257.9629897779837,D_left
8,6,590.7910499616011,1097.085631217199,D_right
9,1,971.2889179847942,530.980724592217,O_top
9,2,538.6277920405427,181.3480177842474,O_left
9,3,597.6189884931943,1439.4081765923045,O_right
9,4,865.4013555481441,569.9058089640283,D_top
9,5,514.274589486494,275.860876697467,D_left
9,6,590.6133415903863,1097.122967045816,D_right
10,1,971.1384333981118,531.1382123401698,O_top
10,2,535.3686072493405,178.75609432669594,O_left
10,3,597.6219771784571,1439.4035138326058,O_right
10,4,864.1466840119186,569.1529155246233,D_top
10,5,513.2133706849602,280.7767168367277,D_left
10,6,588.7680364659692,1097.5206495502289,D_right
11,1,971.8937007306532,532.4434041080909,O_top
11,2,538.6245505701904,186.2896984522254,O_left
11,3,597.6279545567072,1439.394188301157,O_right
11,4,865.1939902668246,572.0055230284971,D_top
11,5,513.327174161049,284.81767110150633,D_left
11,6,584.3764054671188,1096.002413298128,D_right
12,1,971.6850462702675,531.0167985213698,O_top
12,2,542.0600869302714,193.23550267027733,O_left
12,3,597.6624855980584,1439.3985524392688,O_right
12,4,864.5290334543404,571.9712840033343,D_top
12,5,504.49203048214014,275.88022556343657,D_left
12,6,583.9371163045475,1096.124285484594,D_right
13,1,974.279169657314,528.7001938227527,O_top
13,2,549.5385350105512,208.3623210273114,O_left
13,3,597.6684628547235,1439.389227147681,O_right
13,4,863.6977152099795,572.949039531039,D_top
13,5,514.2205705100529,289.3420761344619,D_left
13,6,572.4302331272003,1089.1144018391367,D_right
14,1,976.3978135310074,525.9718904406725,O_top
14,2,552.6500035539092,213.36200610827305,O_left
14,3,597.7000033330744,1439.3982538255398,O_right
14,4,863.0205481366387,573.8622838448325,D_top
14,5,518.5110636115367,295.46129455707137,D_left
14,6,568.2860715808094,1086.0972266205697,D_right
15,1,977.8184808973828,518.8205986173482,O_top
15,2,549.8060004358597,214.40586933158173,O_left
15,3,598.0616382311222,1438.8340597615252,O_right
15,4,863.168252608476,573.6225870508209,D_top
15,5,521.5335687730213,300.1989776379184,D_left
15,6,565.8612901083683,1083.9603759841211,D_right
16,1,977.8258565038134,511.9688607966861,O_top
16,2,551.8182431682543,224.68029711179565,O_left
16,3,599.5026463471539,1438.3316512576105,O_right
16,4,864.1358071182158,574.7419460400624,D_top
16,5,520.6886521145937,300.34110108492376,D_left
16,6,566.5249123521089,1083.5804278188975,D_right
17,1,979.668304394522,506.4657131312434,O_top
17,2,568.879739805158,247.50433771174997,O_left
17,3,601.6868339504252,1437.3057845063724,O_right
17,4,857.281458342666,564.6637754862114,D_top
17,5,525.8339629793977,310.7343894710252,D_left
17,6,566.099780781357,1082.097549516484,D_right
18,1,978.4770759469582,499.8570078517884,O_top
18,2,584.4033621875111,270.3761600260977,O_left
18,3,604.7237352093975,1436.9112713336367,O_right
18,4,852.7529171758283,558.1939873405018,D_top
18,5,527.6476857302924,314.79817839282,D_left
18,6,565.990416964688,1081.5789911515003,D_right
19,1,975.1420505899144,486.5968490130911,O_top
19,2,596.8308287747767,285.5758246382472,O_left
19,3,606.3339095792812,1434.2856352014614,O_right
19,4,843.4949367603405,545.1418805930974,D_top
19,5,526.4590835269094,314.4085993947277,D_left
19,6,565.0904351237424,1080.424028079569,D_right
20,1,975.3494288503388,481.82153082078656,O_top
20,2,596.5094331545314,292.49998628725706,O_left
20,3,607.2810511886411,1432.7513392068277,O_right
20,4,838.0126292158883,537.5163445125645,D_top
20,5,529.5581420599372,315.3998883892958,D_left
20,6,563.6136771918677,1079.3239310630454,D_right
21,1,976.865941231435,482.951913559429,O_top
21,2,597.0788455056443,288.41355681130284,O_left
21,3,609.2148226835988,1431.3536399668144,O_right
21,4,834.9400739515854,533.6218642948004,D_top
21,5,529.8394011066562,317.1959908524585,D_left
21,6,553.6020656982545,1073.4112153720098,D_right
22,1,976.2982748456864,482.8214215499121,O_top
22,2,599.1082925799184,287.70490414872893,O_left
22,3,610.2963417760009,1430.3024071935645,O_right
22,4,833.7520330250331,532.4790137394133,D_top
22,5,530.9798369295823,320.74945905200053,D_left
22,6,546.3886980514004,1068.7212880963757,D_right
23,1,976.30966594958,482.5418234609305,O_top
23,2,596.3638532719776,293.0612061299584,O_left
23,3,612.3172778892742,1429.111590518771,O_right
23,4,833.3044266650203,532.4135752305019,D_top
23,5,521.2565362950407,312.93956858748624,D_left
23,6,533.7769896250348,1058.7213201869404,D_right
24,1,976.6354198775088,481.9302022777907,O_top
24,2,595.6418300515116,293.9972267634515,O_left
24,3,613.3613636612378,1428.1175591049468,O_right
24,4,833.152775579577,532.761269618591,D_top
24,5,526.5960501642539,323.650712743305,D_left
24,6,529.3216820763771,1054.6426651078466,D_right
25,1,975.3182319882698,476.2736685358525,O_top
25,2,595.684229534077,293.3039441890929,O_left
25,3,614.10621918431,1427.2445100670166,O_right
25,4,833.6271456212137,535.072284227571,D_top
25,5,538.1495982662817,339.687561938358,D_left
25,6,528.1987748732503,1052.4514178135362,D_right
26,1,972.744203440763,480.2457319154945,O_top
26,2,597.4932069483104,294.3638221661534,O_left
26,3,614.3118848466377,1426.9240443417625,O_right
26,4,832.6503672513618,535.0772277472627,D_top
26,5,546.7044641548384,356.4321239802092,D_left
26,6,527.1992655034326,1050.3279622214686,D_right
27,1,967.564418596456,480.6800472240824,O_top
27,2,597.4287265017107,291.0685696137649,O_left
27,3,614.1469645538119,1425.4539993456583,O_right
27,4,825.9364146968373,529.4295101344062,D_top
27,5,547.1911663913146,362.75948420249705,D_left
27,6,528.053228740684,1047.8046143612607,D_right
28,1,962.1826802903678,481.13028011303567,O_top
28,2,598.8318162242655,289.42230765314315,O_left
28,3,614.4270582316797,1424.3833981903113,O_right
28,4,821.5064565069142,525.8515189876209,D_top
28,5,546.3503396707888,364.0568721161188,D_left
28,6,528.9964926825073,1046.2643082119494,D_right
29,1,955.0421279103288,462.5507937733029,O_top
29,2,605.6122298257245,282.3684507004362,O_left
29,3,614.4841557809813,1424.0060368470477,O_right
29,4,810.4245931433916,515.8751854258186,D_top
29,5,548.3862746124178,365.04194401910775,D_left
29,6,525.7114206055502,1040.5662682992588,D_right
30,2,604.6793693417844,260.1312598427503,O_left
30,1,954.5122241769438,460.67413705895984,O_top
30,3,615.7593744949189,1423.632525815603,O_right
30,4,803.9025350272233,511.2383570341428,D_top
30,5,549.4117379851532,364.3557497233844,D_left
30,6,522.6174873003118,1030.3289100250613,D_right
31,1,953.2813052338214,459.1027586606903,O_top
31,2,604.5009847350832,229.9673920879483,O_left
31,3,616.5606472474819,1422.959673421721,O_right
31,4,800.0735998614232,512.0634994960013,D_top
31,5,550.9425481254355,359.6957632929156,D_left
31,6,510.4176482965504,1017.2722561482605,D_right
32,1,950.9701539128304,456.2389071256519,O_top
32,2,603.0176916658635,220.6290727876188,O_left
32,3,617.2062637564661,1422.1838779573657,O_right
32,4,797.7724586534101,512.6828864588277,D_top
32,5,551.3138302111605,355.7915825719636,D_left
32,6,498.99166526245983,1005.6549247760828,D_right
33,1,953.1125978800128,461.7522755035275,O_top
33,2,608.7862055617383,220.45524211073675,O_left
33,3,618.3352181462067,1422.2073762390912,O_right
33,4,792.2451555341581,514.4710537559192,D_top
33,5,538.9113005674285,329.0950162378164,D_left
33,6,485.5292477209642,990.4700795330708,D_right
34,1,955.2680730172372,467.1812486371914,O_top
34,2,612.9339424758571,221.92238344636317,O_left
34,3,618.7187331788759,1422.2416211345032,O_right
34,4,790.4957802554043,516.608783397778,D_top
34,5,529.7064089460266,311.2164599959157,D_left
34,6,485.30564304555696,986.7685363421546,D_right
35,1,956.5392852964924,473.88638605864526,O_top
35,2,609.7164439488533,209.33379369593047,O_left
35,3,618.844859769428,1422.2747530683205,O_right
35,4,789.3907749541512,520.0224257408985,D_top
35,5,539.0252553782342,297.13424254241465,D_left
35,6,480.56875362658207,981.0404166286958,D_right
36,1,955.8831840236974,475.6659739225627,O_top
36,2,613.7321496292357,207.37567676237524,O_left
36,3,618.8577584858782,1422.3120552319938,O_right
36,4,785.0971023073567,518.3648004257524,D_top
36,5,527.0776761592549,256.7064621610819,D_left
36,6,484.3984796945928,981.4528609043632,D_right
37,1,955.314319587407,479.63776345708345,O_top
37,2,609.7308485608933,202.01562964268928,O_left
37,3,618.8368945254927,1422.3445577913844,O_right
37,4,778.1464529457672,514.0331553759926,D_top
37,5,527.3455203446283,250.9542278958149,D_left
37,6,481.5923438828709,974.7947261604304,D_right
38,1,952.5039608951544,479.9566102450441,O_top
38,2,606.0824841610797,198.73678224812951,O_left
38,3,618.8160306902072,1422.37706015589,O_right
38,4,775.6054158836753,514.223161077172,D_top
38,5,516.1976987239639,232.31652669141667,D_left
38,6,485.4202687401192,972.8039920613368,D_right
39,1,947.8025511053086,483.3199060990485,O_top
39,2,597.4917706394006,192.9542551665235,O_left
39,3,618.4126911617891,1422.9480030142597,O_right
39,4,771.7288528423047,519.3231893888832,D_top
39,5,539.1056855616362,254.4821038240928,D_left
39,6,487.8979908138191,970.7138716993234,D_right
40,1,937.045941203308,475.1091563464147,O_top
40,2,591.7649756054409,190.3039482087441,O_left
40,3,617.9398625587097,1423.741983507152,O_right
40,4,770.7949122252742,528.7560803974201,D_top
40,5,557.80665545467,273.1432820615929,D_left
40,6,484.3313813740793,966.6489852928092,D_right
41,1,914.4683883199964,456.994837083877,O_top
41,2,582.0814197506444,185.211927973102,O_left
41,3,616.7843852167128,1423.761573052533,O_right
41,4,767.4231538839878,532.7036106980981,D_top
41,5,604.0024099092624,329.31129348674347,D_left
41,6,472.6399923094088,952.1766397051337,D_right
42,1,904.1361044605871,452.5927451924822,O_top
42,2,577.2217404319081,183.1967003318219,O_left
42,3,616.9044582067597,1424.608743409506,O_right
42,4,767.15038512877,535.9543911245491,D_top
42,5,605.142560168077,331.248044597244,D_left
42,6,470.1774802153821,945.298480672163,D_right
43,1,895.602449941473,452.9570511486082,O_top
43,2,568.19014028581,177.44845104066147,O_left
43,3,617.3109944241018,1424.377298862967,O_right
43,4,766.9993396694072,539.1052496836452,D_top
43,5,583.3156945603146,307.66798231766825,D_left
43,6,449.4415906805881,920.4969176893034,D_right
44,1,889.2521566256867,452.72090549980015,O_top
44,2,564.5029759159154,175.97181902815652,O_left
44,3,617.4381907483879,1424.293943974836,O_right
44,4,768.0288151137805,541.800965158737,D_top
44,5,571.8373267357991,297.21848576203445,D_left
44,6,441.77007172414574,905.521226091648,D_right
45,1,878.0897194801839,456.96640741742266,O_top
45,2,561.5648164441051,178.52279374869912,O_left
45,3,616.2466555780857,1424.541915628693,O_right
45,4,764.7708813120898,537.727631961086,D_top
45,5,535.1262349021739,259.5765093526581,D_left
45,6,435.222684443236,888.9440263597414,D_right
46,1,857.5168023990134,438.927533550384,O_top
46,2,559.3277451857489,181.74799110436695,O_left
46,3,615.7537920421383,1424.619754522253,O_right
46,4,759.0480131130439,526.0014908017363,D_top
46,5,517.4351576326031,244.234134613492,D_left
46,6,425.42036512749314,873.8644444642333,D_right
47,1,832.0626172603296,420.567929909283,O_top
47,2,552.5012137272322,178.2437562513695,O_left
47,3,615.5794951245383,1424.6612019957672,O_right
47,4,744.1485108752386,504.5750516537415,D_top
47,5,521.6562799710136,256.46360958909474,D_left
47,6,421.0388311717579,858.9665739701358,D_right
48,1,819.3838537311233,419.0495258376797,O_top
48,2,550.4677021237455,179.01476151126522,O_left
48,3,615.5336785595509,1424.6750506132505,O_right
48,4,733.7123011178967,488.7812430461449,D_top
48,5,517.355211835144,258.6800770156386,D_left
48,6,421.2594254148207,851.3357868643452,D_right
49,1,808.2295276345166,423.3436477166947,O_top
49,2,548.5646515287834,181.47815586510112,O_left
49,3,615.4968069614221,1424.6749578743008,O_right
49,4,723.6635487440158,472.2851456620043,D_top
49,5,512.1253557827663,260.9626058152849,D_left
49,6,423.3450634557451,845.9312844780476,D_right
50,1,798.8409488265842,424.2560895954728,O_top
50,2,545.485880581124,179.16885548434595,O_left
50,3,615.8736849025217,1424.1452400050068,O_right
50,4,716.885459365923,453.1977327673205,D_top
50,5,488.0455326800516,237.6065018801283,D_left
50,6,426.699864849028,842.4045798818166,D_right
51,2,537.7738411994864,176.47962813236322,O_left
51,1,773.8988276050784,407.6893281389522,O_top
51,3,615.4384925201866,1423.0953713008082,O_right
51,4,695.433330410926,435.3078986863705,D_top
51,5,481.3723894830754,238.23715133297705,D_left
51,6,427.2491144113507,839.0893408415889,D_right
52,2,535.1423896987004,172.21973287168592,O_left
52,1,754.5754194158013,390.9782100106727,O_top
52,3,615.2802204334905,1422.707623079728,O_right
52,4,688.0659393566294,429.9315352715091,D_top
52,5,477.13126143095207,239.40420944785728,D_left
52,6,427.9075860332003,837.8519355344195,D_right
53,2,532.4981217966263,167.9390899259026,O_left
53,1,732.9625904259204,381.44346030461867,O_top
53,3,617.0486157189748,1423.1198787204935,O_right
53,4,684.7711421936127,433.5628504339245,D_top
53,5,470.3874087027155,244.06433026943157,D_left
53,6,427.9413979146085,836.2839692549054,D_right
54,2,530.7281099920223,165.07372649605134,O_left
54,1,720.5706601414836,378.66345153482825,O_top
54,3,617.7141359668234,1423.2898798238966,O_right
54,4,683.0375727842024,436.6099036880309,D_top
54,5,464.4198497931028,241.5022567142109,D_left
54,6,428.30814529742565,835.5387762039172,D_right
55,2,528.9523322746205,162.199028984006,O_left
55,1,706.2499505702059,375.6803781163872,O_top
55,3,617.9636356381643,1423.3605607484062,O_right
55,4,675.7859375453784,436.1242078713135,D_top
55,5,464.5651962094179,247.80585362745492,D_left
55,6,430.36276471434616,836.2224716349472,D_right
56,2,527.1707604242802,159.31495170591268,O_left
56,1,694.8847084282398,370.18122166851896,O_top
56,3,618.0590325677819,1423.3841564687984,O_right
56,4,669.9452830452383,439.905496756465,D_top
56,5,466.9045962301125,254.91432494287508,D_left
56,6,430.16386815749735,836.5581619594387,D_right
57,1,664.9500756474736,351.4384091029509,O_top
57,2,537.9958381739827,159.15964076536443,O_left
57,3,618.9793876479866,1423.6709288873192,O_right
57,4,656.6631450185916,433.4789604508543,D_top
57,5,468.1004584600869,260.01510186724573,D_left
57,6,426.8135774225207,835.1616713589526,D_right
58,1,649.5970149957104,344.10178759896894,O_top
58,2,547.5137747148303,173.85212490350912,O_left
58,3,618.4225886648741,1423.506347622914,O_right
58,4,646.816582813716,427.8312622455652,D_top
58,5,467.54398506965714,260.99618607726154,D_left
58,6,427.16410786199896,835.9577546493712,D_right
59,1,634.4591669981253,341.5178152606173,O_top
59,2,554.7822945261188,185.7259336377711,O_left
59,3,618.2040870141631,1423.4451369288588,O_right
59,4,632.6933467745197,415.6388609069499,D_top
59,5,468.8873214566198,267.0592657485807,D_left
59,6,432.28156914129056,837.500590249228,D_right
60,1,620.8931792817364,333.7353174973518,O_top
60,2,556.4579562223679,186.9461168732967,O_left
60,3,618.1027550072494,1423.430834241702,O_right
60,4,620.1149882193298,405.330822326981,D_top
60,5,470.1621538972838,270.5292421314042,D_left
60,6,434.23126484444873,838.2142241187779,D_right
61,1,608.1222748343035,332.10531496599486,O_top
61,2,555.6406590495155,184.56904066744912,O_left
61,3,618.0749342208782,1423.4167811026075,O_right
61,4,596.964448868218,384.3780090275325,D_top
61,5,466.7741012763731,271.1400160020048,D_left
61,6,440.2135180845671,842.9181103503972,D_right
62,1,597.1178973699884,325.6230489048401,O_top
62,2,552.3535957850607,183.3821293307872,O_left
62,3,618.0381714100648,1423.416655178287,O_right
62,4,585.3296662723376,373.1740499191875,D_top
62,5,464.6622380801617,272.89296732875374,D_left
62,6,445.1522236033421,847.2794987103064,D_right
63,1,558.7980406329135,307.8839369976581,O_top
63,2,547.8637684594156,190.7292861988641,O_left
63,3,618.035191254887,1423.4212978351643,O_right
63,4,563.4965525184338,368.1735317046318,D_top
63,5,466.7423803941176,273.69736445575705,D_left
63,6,444.02482065838046,848.6862566378929,D_right
64,1,554.4821994011272,308.977074416269,O_top
64,5,460.8531778966183,258.172707875511,D_left
64,2,547.0422464300382,194.2548350733728,O_left
64,3,618.035191254887,1423.4212978351643,O_right
64,4,558.7983200279485,375.6596141426394,D_top
64,6,443.5407437722273,849.2556541907064,D_right
65,1,550.1533695872971,310.0735016465947,O_top
65,5,457.260827289934,259.9767178052771,D_left
65,2,549.8629349453839,200.04823353412309,O_left
65,3,618.0292309521902,1423.4305831369888,O_right
65,4,531.2577596762525,363.5266743715663,D_top
65,6,442.79882595136127,848.5419326730814,D_right
66,1,545.8114924690924,311.1732335621156,O_top
66,5,453.6620071710415,261.7839766006314,D_left
66,2,549.7792447011755,201.5747133972955,O_left
66,3,618.035191254887,1423.4212978351643,O_right
66,4,518.7283519247685,356.2543205002329,D_top
66,6,440.049505825264,847.1439110733414,D_right
67,1,541.4565089696662,312.2762851261061,O_top
67,5,450.0567000476438,263.594493045871,D_left
67,2,547.6035379759131,195.00732816122851,O_left
67,3,617.1043628588315,1423.1480260229869,O_right
67,4,527.5307470086057,370.1388453816065,D_top
67,6,437.4032850057939,845.5492199523819,D_right
68,1,537.0883596549695,313.38267139231124,O_top
68,5,446.44488836432606,265.4082759569898,D_left
68,2,549.1638578053314,196.08693728344116,O_left
68,3,616.7369737617234,1423.0302252222866,O_right
68,4,536.7870811468289,384.1476417065018,D_top
68,6,438.7496948580779,846.6189413622201,D_right
69,5,444.6512803444187,268.5791412630694,D_left
69,1,552.1242250827622,345.9670686617133,O_top
69,2,554.7422258465389,197.88212551386152,O_left
69,3,617.5331754299921,1423.2845883987088,O_right
69,4,548.6913727674668,400.3558731616891,D_top
69,6,438.9806015772297,847.4642175599714,D_right
70,5,442.8586200896768,271.74833104381247,D_left
70,1,522.381294380175,320.02897675332446,O_top
70,2,560.087151328029,190.24934509987023,O_left
70,3,616.9470881415082,1423.1055353370195,O_right
70,4,545.3938900594807,398.1486893531568,D_top
70,6,438.3462271264853,847.2984382151108,D_right
71,5,438.6887462623661,269.95317160769434,D_left
71,1,503.64440207729126,301.23362650239176,O_top
71,2,563.5313075958428,184.56728816890453,O_left
71,3,617.5948334290716,1423.3034252745974,O_right
71,4,536.1156664950718,393.3382352466843,D_top
71,6,438.8083508565056,847.7542808334292,D_right
72,5,434.49997155859097,268.1498752139257,D_left
72,1,519.423835373538,322.8788653667153,O_top
72,2,564.5566303452506,182.6013698261819,O_left
72,3,617.8692305651115,1423.3928090401653,O_right
72,4,543.7615405767904,399.89701150775767,D_top
72,6,438.2537725352268,847.4541448525356,D_right
73,1,503.2866330027738,312.14396866885784,O_top
73,2,572.4998122867705,186.5129213567554,O_left
73,3,617.9616596709686,1423.421046212315,O_right
73,4,542.3132003068741,389.8676018320433,D_top
73,5,448.54853605733126,300.7501324914589,D_left
73,6,437.5104779944045,846.3583612134854,D_right
74,1,504.0630978557814,316.9937252503309,O_top
74,2,599.0593883659715,220.3732669986538,O_left
74,3,617.989485796141,1423.435100342501,O_right
74,4,550.230123118713,394.827714693292,D_top
74,5,440.85329387299646,295.4637169250573,D_left
74,6,438.0043666052895,846.5154587625055,D_right
75,1,482.4437714032144,304.5280509322802,O_top
75,2,614.0411059745966,234.639937744444,O_left
75,3,618.9158741745565,1423.7125595722675,O_right
75,4,558.0464026321634,399.76939072566967,D_top
75,5,431.5535590069582,293.9241447693951,D_left
75,6,438.24068856929705,846.6116724834718,D_right
76,1,477.0027430568852,300.7449327463509,O_top
76,2,615.2758557761339,234.08668727958909,O_left
76,3,620.2090835233848,1424.1020938221084,O_right
76,4,558.4472292720624,397.1297800078375,D_top
76,5,417.9770546393193,278.4885052587056,D_left
76,6,438.339906380576,846.6916270265198,D_right
77,1,476.7513554943311,301.1860581611641,O_top
77,2,620.3044886329459,227.6041326810736,O_left
77,3,620.632555568821,1424.2425474405582,O_right
77,4,566.8366666686064,395.5684059406737,D_top
77,5,418.4135106672255,306.19115483311424,D_left
77,6,438.5879232624168,846.2739088492148,D_right
78,1,476.4999864705496,301.6271510448391,O_top
78,2,616.0680372335264,216.33487003527551,O_left
78,3,619.0111097973477,1423.7361059092411,O_right
78,4,577.6868008509043,392.65668409487023,D_top
78,5,417.679191412882,318.0836993264003,D_left
78,6,438.42818149562936,846.5429511787794,D_right
79,1,489.74352986860566,340.98529559151945,O_top
79,2,652.9978771353303,256.24782295294347,O_left
79,3,618.359031421046,1423.5479950324234,O_right
79,4,590.9032908916992,378.0889417597178,D_top
79,5,417.8929481640768,326.9629855017249,D_left
79,6,439.3881564288846,846.7779116107847,D_right
80,1,481.3326226881319,350.81848807805426,O_top
80,2,669.9233385171528,275.8197435624486,O_left
80,3,618.1186544631731,1423.4634556348794,O_right
80,4,596.8179153459682,375.2872609403997,D_top
80,5,411.9549236228789,333.105169810051,D_left
80,6,438.9863071146967,846.3439208539182,D_right
81,1,474.8469187696475,355.6055288668284,O_top
81,2,679.7726387016535,279.2151484406633,O_left
81,3,618.0232706597038,1423.439868422907,O_right
81,4,608.5756361671228,370.8936317080157,D_top
81,5,410.05985656446535,353.2223429095465,D_left
81,6,438.8564956839927,846.1921072736559,D_right
82,1,472.3224430153762,357.8313837745952,O_top
82,2,685.687410594664,278.4258695611557,O_left
82,3,617.9894857961407,1423.4351003425008,O_right
82,4,618.9492278426821,375.9166057887233,D_top
82,5,404.0293200187601,359.9153346991663,D_left
82,6,439.048634226603,845.7450075784568,D_right
83,1,466.9032450405515,361.7455567912272,O_top
83,2,694.409413906947,276.63590109298576,O_left
83,3,617.9924660067614,1423.430457574667,O_right
83,4,639.347907631884,390.8248783236809,D_top
83,5,391.8153072680678,369.23158331567646,D_left
83,6,440.1163347013565,845.6750609937518,D_right
84,1,460.4478147299794,366.2765918397182,O_top
84,2,699.2953704403277,274.81436586080935,O_left
84,3,617.9894857961407,1423.4351003425008,O_right
84,4,647.5306184880062,403.278354324866,D_top
84,5,384.4898015998651,374.7554359876653,D_left
84,6,441.2737385568601,846.1914861675583,D_right
85,1,450.7637876673169,368.2712530087065,O_top
85,2,720.1025191905686,295.8269354261622,O_left
85,3,618.9158741745565,1423.7125595722675,O_right
85,4,664.8470255770943,418.85005426700985,D_top
85,5,377.14871634782384,392.43722721971454,D_left
85,6,443.5418863973558,848.8860325133886,D_right
86,1,425.1812237093538,365.0732267815372,O_top
86,2,728.4954702677809,306.0233060866012,O_left
86,3,618.2974573019852,1423.5291843887296,O_right
86,4,672.2484959660369,418.9680867413072,D_top
86,5,373.1845834987053,404.12937702123423,D_left
86,6,445.1087171454841,850.4118139220049,D_right
87,1,414.3501088974724,375.1654002750992,O_top
87,2,734.4609812960942,310.3155462599332,O_left
87,3,619.032925245556,1423.7594149161844,O_right
87,4,675.4439232333956,421.6718445768704,D_top
87,5,366.7363517630743,414.62081842592215,D_left
87,6,446.2317331288272,853.7686984876904,D_right
88,1,408.4503282980559,377.6104035851981,O_top
88,2,736.8504376549403,311.43773912114125,O_left
88,3,617.4376943527375,1423.260974352328,O_right
88,4,676.150565891322,423.0823963233758,D_top
88,5,361.30525144092496,418.4521970677153,D_left
88,6,446.3494826105522,855.3957325686406,D_right
89,1,398.96501778547616,383.8606123083099,O_top
89,2,737.8554397304146,310.9285184028701,O_left
89,3,616.8485269033895,1423.086542027289,O_right
89,4,675.0616373448713,429.2039355285612,D_top
89,5,356.3611594664793,414.1552063433368,D_left
89,6,445.9204297803514,856.8461906690939,D_right
90,1,401.12407955691447,399.8490706269441,O_top
90,2,737.9138247254384,310.1700185223163,O_left
90,3,617.5610241035371,1423.298651698357,O_right
90,4,670.9546716385146,437.55618924645256,D_top
90,5,368.0325767512344,426.1266888318864,D_left
90,6,445.6958402408944,857.3451887448495,D_right
91,1,395.77184688777066,399.23341575806114,O_top
91,2,738.6171412896673,310.17001833183144,O_left
91,3,617.8354369448402,1423.3880390430882,O_right
91,4,666.6261699242608,444.8571100147556,D_top
91,5,361.296996197583,429.076609559424,D_left
91,6,442.3398845088306,855.8018247576432,D_right
92,1,389.8968068459846,406.04795547631295,O_top
92,2,738.8257578212236,309.81775230193523,O_left
92,3,617.9278713051451,1423.4162773653456,O_right
92,4,663.7625684535058,451.23751853350814,D_top
92,5,349.23673450787425,423.12510029219175,D_left
92,6,437.50593705717927,853.8881269527551,D_right
93,5,340.9773832331581,451.8610846127325,D_left
93,1,383.46169350783066,416.14819034571,O_top
93,2,738.4001765126415,303.9251732840844,O_left
93,3,617.0337040608125,1423.143112897999,O_right
93,4,664.6742097773382,466.89532231508974,D_top
93,6,432.33974280414697,853.2134765112314,D_right
94,1,388.30610772983255,421.70499776795367,O_top
94,5,338.4943698012509,456.25072887077454,D_left
94,2,738.4668161922752,300.8935995160302,O_left
94,3,616.7220587005143,1423.053465935354,O_right
94,4,667.7794253652904,479.1567132234928,D_top
94,6,431.2182469062655,853.4934659359432,D_right
95,1,390.0023160671773,427.4655467384573,O_top
95,2,739.5147758389207,299.653883713654,O_left
95,3,616.5706472202218,1423.0016509108675,O_right
95,4,667.2282986041087,489.9940421292645,D_top
95,5,351.7874414875656,474.9476423853072,D_left
95,6,430.7940711747744,853.5886891949202,D_right
96,1,391.6898566013808,433.19665869738617,O_top
96,2,739.2632247471488,297.95278056436905,O_left
96,3,617.4655479475,1423.2750394542795,O_right
96,4,664.3847342823343,492.395664426764,D_top
96,5,352.0967178270233,494.8205847329088,D_left
96,6,429.87055795708585,853.0366448502529,D_right
97,1,393.86073679867,438.0346902752536,O_top
97,2,739.5213779768599,298.4471038832885,O_left
97,3,617.8384174965394,1423.3833956209432,O_right
97,4,659.6849451700707,489.61971183538327,D_top
97,5,353.0159401461549,511.1314039348915,D_left
97,6,430.6960466992023,853.0100781485728,D_right
98,1,396.0208947678272,442.84882625614046,O_top
98,2,739.4096135873887,300.6280899190993,O_left
98,3,617.002845419887,1423.133685708326,O_right
98,4,655.8141017789202,486.39289609965255,D_top
98,5,354.4840516828542,514.7121064205631,D_left
98,6,431.7420868105074,853.4777432257208,D_right
99,1,391.11527384261086,451.4570248621792,O_top
99,2,734.6957557691837,301.2797682980542,O_left
99,3,617.650522764848,1423.3315485109172,O_right
99,4,646.9104033413697,482.3608254871355,D_top
99,5,352.5908735006057,520.2516594445306,D_left
99,6,428.8003512287769,850.1162794832356,D_right
100,1,394.64475651503216,456.66348485625673,O_top
100,2,731.3042328309972,301.9409393619436,O_left
100,3,616.9690026311173,1423.1289050889068,O_right
100,4,639.854680220819,477.1986097284589,D_top
100,5,362.5378626181675,528.3566558951371,D_left
100,6,428.5183968571358,851.2142204465947,D_right
101,1,398.1518411929911,461.8369048065249,O_top
101,2,728.0874743346221,317.23978890976093,O_left
101,3,617.6226788696911,1423.3174872829884,O_right
101,4,625.9899395923351,463.243465542826,D_top
101,5,365.728798104968,532.144749877118,D_left
101,6,430.2721458126862,854.0963614331775,D_right
102,1,401.6367404076601,466.9775982249519,O_top
102,2,727.8655540585868,321.32649516139,O_left
102,3,617.866250081634,1423.397452331433,O_right
102,4,617.1778478169683,453.3040511950461,D_top
102,5,372.5148322966429,538.2088380114649,D_left
102,6,431.9761672541087,855.3100866175995,D_right
103,1,399.0816299598746,488.1539195227991,O_top
103,2,728.4775751914825,317.37673870354894,O_left
103,3,617.9586793921383,1423.4256891109965,O_right
103,4,606.5927220406346,435.4717522420573,D_top
103,5,362.0384252860201,528.5595828730304,D_left
103,6,432.1799928789954,860.1479245489044,D_right
104,1,399.5649419925632,487.30945593171896,O_top
104,2,728.820792667076,313.7417488822674,O_left
104,3,617.9865055880725,1423.4397431063574,O_right
104,4,600.1862299407082,428.4992202232683,D_top
104,5,366.4268803953741,529.7547521952001,D_left
104,6,430.9957694495621,862.2649839391978,D_right
105,1,400.0483233499846,486.4648712134797,O_top
105,2,726.6856949743044,310.0204503836361,O_left
105,3,617.9894857961407,1423.4351003425008,O_right
105,4,595.7154646231379,427.8095279023037,D_top
105,5,375.89777920626295,533.2905265787736,D_left
105,6,430.5868697369152,863.0765439761456,D_right
106,1,400.53177404705616,485.6201653420194,O_top
106,2,723.9507909878789,305.80192093928764,O_left
106,3,617.9924660067614,1423.430457574667,O_right
106,4,591.6667124262625,427.4969787539029,D_top
106,5,379.46502232511614,532.1710465834976,D_left
106,6,431.1649427478176,862.103218468566,D_right
107,1,401.2570801371469,484.352879315509,O_top
107,2,725.3477421518297,308.1354817773756,O_left
107,3,617.9894857961407,1423.4351003425008,O_right
107,4,585.751840850721,424.7734067697355,D_top
107,5,387.3332760194604,534.4971460522472,D_left
107,6,435.9002797042286,864.8014850647457,D_right
108,1,401.9825423253986,483.0853205475704,O_top
108,2,723.5201532403079,306.93408250236104,O_left
108,3,618.0202905172897,1423.4445110599008,O_right
108,4,588.9536806893938,430.2834330089016,D_top
108,5,386.8835918570412,531.3635866565339,D_left
108,6,442.0168583963958,869.3442601178896,D_right
109,1,399.0816299598746,488.1539195227991,O_top
109,2,724.7757008295466,309.2373894650789,O_left
109,3,617.9924660067614,1423.430457574667,O_right
109,4,587.6287094315546,434.81723323701794,D_top
109,5,389.33782439922174,532.4693816681668,D_left
109,6,449.34020662215227,878.5228095232683,D_right
110,1,399.2427262689429,487.8724451160705,O_top
110,2,727.4875990726258,312.401218722583,O_left
110,3,618.3441487840012,1422.882583047106,O_right
110,4,588.6199354502309,442.45625262667136,D_top
110,5,392.6761730458615,535.7502179465455,D_left
110,6,455.24791482318585,883.5386340445456,D_right
111,1,399.4038302796551,487.59095725269816,O_top
111,2,748.7198843368935,344.19828381615883,O_left
111,3,618.5060874358137,1422.6877087222913,O_right
111,4,587.4180275574543,448.3058340235775,D_top
111,5,395.6481558982106,538.4944806998874,D_left
111,6,468.6428068701941,894.1798114981881,D_right
112,1,399.5649419925632,487.30945593171896,O_top
112,2,759.4613859781703,360.8691326323408,O_left
112,3,618.5229841687249,1422.603981539561,O_right
112,4,587.4068958517503,451.83338169625887,D_top
112,5,400.1043447686858,543.2687306127602,D_left
112,6,473.5851031014653,899.7704374689542,D_right
113,1,405.8030058339502,487.6767400181815,O_top
113,2,768.3122971500385,371.5348845405418,O_left
113,3,619.4668786921266,1422.854304778894,O_right
113,4,585.2158556298951,455.0084744969934,D_top
113,5,401.3031561279726,545.3386061946272,D_left
113,6,475.03056263243417,902.1305474422026,D_right
114,1,408.6018115084919,490.53287705468,O_top
114,2,771.1655701793882,377.7046265125813,O_left
114,3,619.8079222187013,1422.9532540998812,O_right
114,4,584.3202491105427,456.395377849585,D_top
114,5,403.4711190822996,547.6231534008303,D_left
114,6,476.6211695607833,904.23278421658,D_right
115,1,408.3121548473444,487.91347292609146,O_top
115,2,768.9945405891989,385.2012291991118,O_left
115,3,619.9308045956208,1422.9909073771566,O_right
115,4,584.3752395054906,460.5006435965658,D_top
115,5,401.90323874270615,550.0291297493055,D_left
115,6,476.8535742353621,905.3133548404802,D_right
116,1,411.7664873752599,487.14764407764113,O_top
116,2,782.2289905108831,406.2708438280957,O_left
116,3,619.0700642947164,1422.7271617203355,O_right
116,4,583.8647929157813,463.04667942101,D_top
116,5,402.1090782523063,551.5778490884625,D_left
116,6,476.91652804230586,907.3506986380742,D_right
117,1,412.8468592953627,481.9764851508381,O_top
117,2,807.6993549533246,445.785655734724,O_left
117,3,619.6542815218687,1422.9061759434867,O_right
117,4,600.1338989555737,490.06072300866936,D_top
117,5,400.4217448237564,552.7618955106799,D_left
117,6,475.3806061978269,910.3596732990972,D_right
118,1,413.9066732475554,478.31641517691753,O_top
118,2,819.8971433883025,466.1447571692989,O_left
118,3,618.9380545596746,1422.7033762542492,O_right
118,4,601.3518918893897,496.8467465053549,D_top
118,5,401.84885189785535,556.4682842397885,D_left
118,6,473.96919718145193,912.598143040644,D_right
119,1,419.9789138878576,478.5651488463898,O_top
119,2,828.565340546114,489.60835537246857,O_left
119,3,618.3093759553706,1423.1663434609377,O_right
119,4,607.0359655047776,508.0602624178636,D_top
119,5,402.08427480891606,560.4847715436794,D_left
119,6,473.39274374880114,916.70621353024,D_right
120,1,430.2475303124856,485.7046338241402,O_top
120,2,831.7912482004002,499.07820814390817,O_left
120,3,618.0828740440488,1423.3470148479212,O_right
120,4,610.3215080384082,517.8411191022252,D_top
120,5,404.00237331456674,565.8119602159786,D_left
120,6,472.8327027468122,918.5367030898308,D_right
121,1,447.3623372464743,502.0909145400896,O_top
121,2,832.6177310910451,503.8671234852406,O_left
121,3,617.9984264356616,1423.421172027068,O_right
121,4,623.1996740330725,538.0067636521572,D_top
121,5,398.4911908261621,566.5636884272124,D_left
121,6,471.11313379947694,919.8287864961763,D_right
122,1,458.7408379053856,513.1331306643307,O_top
122,2,831.8058931026228,505.0959446161857,O_left
122,3,617.9805451795949,1423.4490286221412,O_right
122,4,631.1763656790603,548.8237391001593,D_top
122,5,411.8827559097372,582.0038490114423,D_left
122,6,471.14735015510286,920.6699212180932,D_right
123,1,468.3824020070496,523.3166553196985,O_top
123,2,829.7407011380618,506.0283857243679,O_left
123,3,617.6259192529072,1424.0014881812067,O_right
123,4,635.8588701455407,557.0544999558451,D_top
123,5,415.6274796041449,593.7406422826324,D_left
123,6,467.8115648138507,918.1224955370492,D_right
124,1,473.7050548178751,528.1379371574366,O_top
124,2,828.3670642911043,506.9501779819926,O_left
124,3,617.4580287870913,1424.2056396344883,O_right
124,4,634.7705229510103,560.8485198803216,D_top
124,5,417.047518189248,600.2367092902738,D_left
124,6,466.2478339008215,917.4508184741856,D_right
125,1,477.4011038097254,528.6507152430916,O_top
125,2,824.4685843000118,509.24232511638246,O_left
125,3,617.0557724679787,1424.8323042654845,O_right
125,4,632.2872617280276,565.2605623390007,D_top
125,5,420.546743080668,601.5911592829239,D_left
125,6,463.4928100122692,917.3967060498908,D_right
126,1,479.0330421600869,527.6311525050041,O_top
126,2,817.7609414031489,507.9751125795231,O_left
126,3,616.9376309231242,1425.073748945481,O_right
126,4,634.8030784344289,573.513174017633,D_top
126,5,422.8576867549154,595.6462740164998,D_left
126,6,461.2347052861685,917.638844256301,D_right
127,1,475.0086607217078,521.2405709191812,O_top
127,2,794.0346426076284,479.5487125738296,O_left
127,3,616.8531720840149,1425.1479301209988,O_right
127,4,637.4270317274712,586.0523796041612,D_top
127,5,419.4919154261228,600.3976677138477,D_left
127,6,460.9005390862862,921.9465886396482,D_right
128,1,473.9470444322114,517.0455324382696,O_top
128,2,779.4151656484095,460.6428022101569,O_left
128,3,616.838275462655,1425.1711371789968,O_right
128,4,638.2708494019869,590.3978740510411,D_top
128,5,419.19440333041297,597.8918372716482,D_left
128,6,459.32903924600566,924.226795535356,D_right
129,1,471.78079867361737,495.0568798862573,O_top
129,2,773.6875169385736,451.8999323319336,O_left
129,3,616.5116159068341,1425.7374231168917,O_right
129,4,639.4607871480664,591.9937713078754,D_top
129,5,420.5189870503498,601.0368510544262,D_left
129,6,458.5773317913557,930.463080599274,D_right
130,1,473.36223758121855,482.30720136272186,O_top
130,2,768.3077418374046,445.69568650398855,O_left
130,3,615.4574958147901,1425.656529379324,O_right
130,4,638.9672343881401,593.5351191794882,D_top
130,5,423.02707638789445,603.1731288506281,D_left
130,6,455.87451971014593,933.3857588564736,D_right
131,1,469.6254722978704,459.2628886106719,O_top
131,2,763.0447714139037,443.5653436999506,O_left
131,3,615.0728475100674,1425.623273965438,O_right
131,4,636.3139865263116,596.3008715758642,D_top
131,5,421.065252995309,610.7469720903417,D_left
131,6,448.1861838937268,937.2452057588034,D_right
132,1,512.742209695535,492.7943812605917,O_top
132,2,757.3061851950085,442.26863836281575,O_left
132,3,614.9372565021545,1425.6044177839865,O_right
132,4,633.4739986717944,596.6262875390661,D_top
132,5,420.0660791188539,613.9627898939716,D_left
132,6,443.1332507134754,938.9487356081452,D_right
133,1,541.6466417525454,508.66951428063305,O_top
133,2,718.1182587108846,405.7510433222761,O_left
133,3,613.9439805513421,1425.3092544162098,O_right
133,4,630.4204706884605,594.5319051387421,D_top
133,5,420.678364779015,608.7207289247763,D_left
133,6,451.3767109923105,949.2214790089722,D_right
134,1,525.9293335877127,486.5876417249448,O_top
134,2,700.6146554991517,393.6224635665061,O_left
134,3,613.6091358562004,1425.1967693305855,O_right
134,4,628.2917043342379,593.2729511291328,D_top
134,5,421.72259435390566,607.3699110751159,D_left
134,6,453.8873603554121,954.2164543396448,D_right
135,1,532.4574957039495,475.3905841923493,O_top
135,2,685.3264214085017,404.5998096100333,O_left
135,3,613.4911231889017,1425.1499273089328,O_right
135,4,609.6757488986943,571.2286807925866,D_top
135,5,421.0537150221919,610.9163297213476,D_left
135,6,454.7947429852144,955.9360828521972,D_right
136,1,536.2273860742425,473.7894398944032,O_top
136,2,675.7446713319163,406.2311218542332,O_left
136,3,613.4660936708539,1425.1312360578083,O_right
136,4,597.7103230190762,559.5605789325309,D_top
136,5,421.03288397534544,611.6993585417986,D_left
136,6,455.0124222817613,956.907999360164,D_right
137,1,539.9886302090258,472.1919678174816,O_top
137,2,665.9868281707945,404.0511673908047,O_left
137,3,613.4380775191256,1425.1171966449608,O_right
137,4,579.9115088905653,536.6508553226112,D_top
137,5,422.5911728694849,606.9205408991314,D_left
137,6,451.1918170896848,955.2431021391832,D_right
138,1,543.7412578194145,470.5981553427117,O_top
138,2,661.9333565033966,404.50203144334574,O_left
138,3,613.4720639718282,1425.1219305369705,O_right
138,4,569.0799075608918,522.7740479259705,D_top
138,5,419.9168485297537,606.4353137322923,D_left
138,6,451.2211429432984,955.4178044042004,D_right
139,1,543.7623481570574,475.3830859904708,O_top
139,2,610.2144090941606,355.40740696657303,O_left
139,3,613.478034283054,1425.1126250001544,O_right
139,4,568.1699675752528,518.6023285763797,D_top
139,5,407.1262097493914,585.9190153111698,D_left
139,6,450.76406377835,956.178854773436,D_right
140,1,543.7833675813779,480.15192797548025,O_top
140,2,581.1292845927653,344.1923198121625,O_left
140,3,614.4072784880136,1425.3939976543456,O_right
140,4,565.5454118543314,513.0734235259802,D_top
140,5,391.37272500375127,559.5692614499964,D_left
140,6,450.4051980432026,958.4513861657904,D_right
141,1,543.8043164494301,484.9047623053832,O_top
141,2,565.6691234190585,349.8826504557279,O_left
141,3,614.7845138465343,1425.4971229234432,O_right
141,4,567.1008567892549,511.3881624661866,D_top
141,5,385.5579345700497,553.3189055922552,D_left
141,6,451.0284151254312,961.3138369959286,D_right
142,1,541.771829694856,483.5950360849106,O_top
142,2,559.1392806413755,354.6759236476258,O_left
142,3,614.9082160847819,1425.5345808436546,O_right
142,4,569.5768107095791,511.9742020823474,D_top
142,5,386.2299693560667,551.3421535901515,D_left
142,6,450.27439150694886,962.2349219859892,D_right
143,1,539.7336909044617,482.2816677154819,O_top
143,2,537.8860236566964,348.09070571553195,O_left
143,3,614.9730389413568,1425.5486602480762,O_right
143,4,570.6683819270797,512.1695865318263,D_top
143,5,392.2140558922616,552.8279744776008,D_left
143,6,450.8081270042218,963.0147229007956,D_right
144,1,537.6898764692468,480.9646419835535,O_top
144,2,529.8051649121285,351.4444810797467,O_left
144,3,614.9730389413568,1425.5486602480762,O_right
144,4,568.117893416992,511.7159204693821,D_top
144,5,393.9349042073104,552.2369652223908,D_left
144,6,450.97460187752233,963.1821596492616,D_right
145,1,531.9907867738897,476.1910800513376,O_top
145,2,503.358610531362,341.8063813163506,O_left
145,3,614.081652079501,1425.2676298841916,O_right
145,4,558.4801625932789,505.89095046995527,D_top
145,5,395.48203505620233,550.6663951565338,D_left
145,6,450.3543852996103,962.7692454272982,D_right
146,1,526.2429010134335,471.3766464972924,O_top
146,4,559.065176157445,528.8942452160895,D_top
146,2,491.1415612164838,348.0443950648429,O_left
146,3,614.638795900962,1425.4363452102164,O_right
146,5,397.8122437060151,549.4914927104364,D_left
146,6,447.7050213668305,959.93115435009,D_right
147,1,528.8194245557962,466.95190583209273,O_top
147,4,561.3201404044862,534.1489205148168,D_top
147,2,483.9320294301417,353.6327952449883,O_left
147,3,614.1426507789782,1426.6124352506731,O_right
147,5,390.6272288787643,537.3743456290052,D_left
147,6,442.09284297889286,956.474507176167,D_right
148,1,531.3978823593767,462.5238434024589,O_top
148,4,563.5618682731143,539.3727514794136,D_top
148,2,480.50395301686274,355.94501176041,O_left
148,3,613.6124223403085,1427.611292103214,O_right
148,5,378.4197077119035,520.441018220119,D_left
148,6,438.49602637099065,954.207955354726,D_right
149,1,535.2590809923861,470.58532490213065,O_top
149,4,565.7904759662889,544.566008894136,D_top
149,2,472.6878111553596,359.37806787274394,O_left
149,3,611.4138807638781,1429.3676717683566,O_right
149,5,357.97251361347514,498.8226987641239,D_left
149,6,418.0623923472481,939.2358619010404,D_right
150,2,468.4129874381734,367.015186880581,O_left
150,4,546.3231921597504,536.848664988925,D_top
150,1,546.1888487628199,481.1117748128355,O_top
150,3,609.3046787985145,1430.2899761560182,O_right
150,5,344.9663439168835,489.0677695168743,D_left
150,6,417.0797613883673,937.7008647130126,D_right
151,2,457.030301527312,365.8128781445396,O_left
151,4,526.8430408068217,528.1600141159051,D_top
151,1,545.355746282177,474.4827504163275,O_top
151,3,607.2395986106435,1430.9071540566197,O_right
151,5,354.1399859320562,477.1165498268717,D_left
151,6,418.71818676787774,935.5446648123432,D_right
152,2,445.528090980941,364.5979444872299,O_left
152,1,540.469198918124,467.1971087336689,O_top
152,3,604.632301830627,1430.5627441121508,O_right
152,4,504.986495545577,511.991755549562,D_top
152,5,352.02916769212703,467.12631062046296,D_left
152,6,421.2252970695925,935.3484389613976,D_right
153,2,433.904463248292,363.3701860058927,O_left
153,1,541.3919506651416,458.0165232710104,O_top
153,3,601.435547218536,1430.4186832333637,O_right
153,4,507.50054712428806,533.5457254702774,D_top
153,5,349.08277999122816,452.0763098662807,D_left
153,6,418.2661059878428,931.6941507326771,D_right
154,2,422.1574856111113,362.1293985550337,O_left
154,5,317.85283713184907,419.2330533620344,D_left
154,1,545.2867852938263,457.7708396347828,O_top
154,3,601.2286691089421,1430.624597212095,O_right
154,4,510.2954360362488,544.5196126317718,D_top
154,6,417.1701793263139,930.332127790475,D_right
155,2,418.1573026258598,369.1693866802873,O_left
155,5,306.1482095682257,411.6401568116637,D_left
155,1,553.2319646306531,455.4999703390089,O_top
155,3,603.4023121668299,1430.6767870650435,O_right
155,4,499.6063883524024,562.8048407156106,D_top
155,6,416.8694602157737,929.886973381015,D_right
156,2,370.3086724899727,344.76540788628546,O_left
156,5,294.2758204939787,403.9384318694135,D_left
156,1,562.1831981731559,459.7720725159777,O_top
156,3,605.5890078474627,1430.4074016858788,O_right
156,4,496.4587790062549,572.1653805402848,D_top
156,6,416.08275929473007,929.3055935512656,D_right
157,2,348.6340731347589,345.4683219654101,O_left
157,1,573.3402441056783,467.2580214476077,O_top
157,3,607.6985007229005,1430.0178949161918,O_right
157,4,487.7747965566601,581.9079236166416,D_top
157,5,290.72628929149346,370.7936471573994,D_left
157,6,412.44303263008834,925.8696590143804,D_right
158,2,347.7785450713466,365.9979124778416,O_left
158,1,584.0451750095447,471.50578744114,O_top
158,3,609.4372435893641,1430.1410847384825,O_right
158,4,482.4849044412359,588.9681784997518,D_top
158,5,325.9107297377956,385.3839229495323,D_left
158,6,406.2912524770588,922.1276617591597,D_right
159,2,346.9332236971067,386.282579231298,O_left
159,4,484.8765456759827,599.877020323195,D_top
159,1,608.2565328182894,487.2824106984599,O_top
159,3,610.0835252838581,1430.1726898054235,O_right
159,5,343.4279279091721,390.2673952750591,D_left
159,6,383.4476823068783,907.770885153286,D_right
160,2,348.61550594664544,401.8621924330331,O_left
160,1,618.8610640862099,493.8475906419548,O_top
160,3,609.9730367049601,1430.7486481753056,O_right
160,4,487.6615360476224,599.0552947364862,D_top
160,5,365.0814532780335,407.2578645803002,D_left
160,6,373.77941296486097,899.9436857909285,D_right
161,2,350.27919967567067,417.2696573762509,O_left
161,1,627.127563931346,496.4803398485456,O_top
161,3,609.5951913628983,1431.510530167519,O_right
161,4,478.8331757799755,605.6967787734975,D_top
161,5,372.2152985984685,417.1387096702284,D_left
161,6,370.5558927459529,894.8969613008239,D_right
162,2,346.273223607105,424.3625664690632,O_left
162,1,629.3809029770498,494.62431686738034,O_top
162,3,609.0645683075097,1432.3375514884135,O_right
162,4,477.18911956582673,613.576471942391,D_top
162,5,372.4451741725184,424.7530859397529,D_left
162,6,368.12531960101165,891.6674049722133,D_right
163,2,335.0320912714115,444.2659129675577,O_left
163,5,370.98267657102446,434.6023071790795,D_left
163,1,630.8524903362463,492.3992061696625,O_top
163,3,608.1585230047876,1433.749700424345,O_right
163,4,465.0578158373593,623.4615727414886,D_top
163,6,364.61241529452496,893.611556832983,D_right
164,2,323.82869085175474,464.102452014944,O_left
164,5,367.0204473746781,441.5858847371829,D_left
164,1,631.0664934499883,491.7780598641485,O_top
164,3,607.4390730375235,1434.813390035409,O_right
164,4,458.7301281038247,634.2845899590538,D_top
164,6,363.4851705236928,894.4862623148558,D_right
165,2,316.4312159707577,471.1354727386325,O_left
165,5,354.13309130534367,458.4072291144714,D_left
165,1,630.3624220851044,492.5771993423412,O_top
165,3,604.6416444469542,1435.7678702617352,O_right
165,4,445.72127921659416,643.9304558116105,D_top
165,6,362.6534380733449,893.9508248496102,D_right
166,2,309.02166489881427,478.17997469105865,O_left
166,5,341.24651185692267,475.2275597999098,D_left
166,1,630.1668043758104,494.4657837507976,O_top
166,3,597.6864986414568,1435.041416670712,O_right
166,4,439.5632412941432,647.4928028118971,D_top
166,6,355.7374130483957,887.7946976138815,D_right
167,2,301.60000804065083,485.235986009414,O_left
167,5,328.3607089592152,492.0468768851243,D_left
167,1,634.182410787791,503.564833165784,O_top
167,3,581.7864833016538,1436.202323519564,O_right
167,4,397.7936927191354,628.0307687922509,D_top
167,6,311.52492721480365,842.544923548677,D_right
168,2,277.58615603194613,487.12039075977583,O_left
168,1,645.0876415978784,520.8236521624134,O_top
168,3,552.9768188641739,1431.5731472134316,O_right
168,4,376.2129457668933,631.1023407501937,D_top
168,5,323.2822057941228,495.8508330034786,D_left
168,6,284.85834374381164,817.2340895266317,D_right
169,2,253.122661305919,489.0400796816298,O_left
169,1,650.1127422772181,534.3684429816102,O_top
169,3,536.1384644453703,1433.0325299932922,O_right
169,4,327.4773375667421,619.4972406518715,D_top
169,5,304.23761816140706,482.9406890736056,D_left
169,6,285.87483838223835,811.1374229968005,D_right
170,2,228.19677563989785,490.99605314806814,O_left
170,1,650.0717282254305,546.214717476399,O_top
170,3,529.4186220237589,1434.7530041273544,O_right
170,4,307.95183669219574,621.9252410924793,D_top
170,5,262.7042694369814,465.9692960714625,D_left
170,6,285.9968233793701,805.6703367797008,D_right
171,2,202.7952642983473,492.9893497096123,O_left
171,1,639.2445052575454,568.3815263372499,O_top
171,3,524.5840024935738,1439.5116772552135,O_right
171,4,293.012115735564,632.2015295253904,D_top
171,5,248.05239065190435,476.3106553956629,D_left
171,6,271.68247749344295,790.3830795680324,D_right
172,2,176.90438260070036,495.0210479329708,O_left
172,1,637.5967597907087,579.3820223781304,O_top
172,3,516.1158034584655,1446.269315195033,O_right
172,4,285.2961387384336,638.6633160142153,D_top
172,5,241.88850140830715,484.6215111769896,D_left
172,6,261.6112774606073,779.6866669231872,D_right
173,2,136.78092553661477,483.8102359986244,O_left
173,1,631.1499318846716,587.5192792487778,O_top
173,3,511.4455675456395,1445.6165509507086,O_right
173,4,283.49357002642046,652.747478933503,D_top
173,5,234.60888686794985,488.5039782122297,D_left
173,6,251.8165786676242,765.7972902555939,D_right
174,2,95.0928629450142,472.16226087835446,O_left
174,1,624.8776050416008,593.3041222362771,O_top
174,3,504.59062806275546,1445.961924792348,O_right
174,4,277.05840106696064,666.534300023165,D_top
174,5,230.82398180682608,494.8923032319154,D_left
174,6,246.87857451273072,759.2769331930643,D_right
175,2,51.74685781659205,460.0510434719431,O_left
175,1,595.590649093054,582.0975096518561,O_top
175,3,484.30704970368726,1448.3169015189044,O_right
175,4,264.20807774127354,670.272884838451,D_top
175,5,231.5053768306046,519.6018721531028,D_left
175,6,240.92411813893267,757.6636957826356,D_right
176,2,67.84509289902039,488.2430996710722,O_left
176,1,581.4168095847134,583.3325218302614,O_top
176,3,443.73761882258094,1448.7103889576988,O_right
176,4,256.00854788982133,670.6125094612756,D_top
176,5,214.35189826201983,523.4199923948024,D_left
176,6,238.08119393101396,759.5352002000152,D_right
177,2,83.49887108439856,515.6568001215389,O_left
177,1,554.5384342272184,591.1230835515723,O_top
177,3,439.3357043708441,1453.619037884254,O_right
177,4,257.3034826429338,676.8198994298631,D_top
177,5,189.7885919005857,527.7557342178565,D_left
177,6,234.69325603374733,760.0652099294048,D_right
178,2,98.72634828474791,542.3239403890948,O_left
178,1,545.5698360221863,599.9949832848357,O_top
178,3,432.9000130785464,1454.8225228999029,O_right
178,4,258.7003317583368,680.1094947127816,D_top
178,5,181.87548836019508,536.209932803291,D_left
178,6,233.47882085256975,761.0433180376557,D_right
179,2,113.5447048126732,568.2746075196789,O_left
179,1,536.7404119076874,608.8825735199752,O_top
179,3,423.49846606761713,1462.6925926739982,O_right
179,4,260.9377889487991,683.584014497337,D_top
179,5,174.7803145919402,561.6538708061246,D_left
179,6,235.28699243833952,764.911060568687,D_right
180,2,127.97021004195634,593.5372932763732,O_left
180,1,527.7596596517492,614.0307284911432,O_top
180,3,417.59829585084753,1467.7547738736137,O_right
180,4,261.1247931064276,684.0948334572674,D_top
180,5,167.86034018405817,570.5286709162211,D_left
180,6,236.52186474198632,768.7766422108381,D_right
181,2,142.01828199275525,618.1389984880583,O_left
181,1,523.1995026797167,626.2775057420706,O_top
181,3,399.6105184639915,1468.7897383901366,O_right
181,4,263.0031680611058,686.4935351666785,D_top
181,5,157.1236719215077,582.8968273875926,D_left
181,6,234.8004495348337,772.1101567572852,D_right
182,2,144.1780067395899,633.8212599142233,O_left
182,1,521.2642910262285,641.1644815379112,O_top
182,3,382.095053144804,1465.8742623343437,O_right
182,4,269.1901345327895,690.296858402546,D_top
182,5,169.53935583976008,604.4571307114396,D_left
182,6,236.43681379574127,774.9257459361627,D_right
183,2,146.31316319615192,649.3251252964407,O_left
183,5,199.84289747710235,647.5299388427833,D_left
183,1,515.6139957414453,653.3568871358668,O_top
183,3,368.2346388514973,1465.152303038889,O_right
183,4,271.71787636985505,686.6992346063371,D_top
183,6,235.07600088162607,777.302880578091,D_right
184,2,148.42416821217603,664.6536214771478,O_left
184,5,190.12357546969625,655.6490308275787,D_left
184,1,510.5041761245899,668.9281693661892,O_top
184,3,358.65084724881007,1463.0271701294246,O_right
184,4,273.1194877016537,687.389770214729,D_top
184,6,233.95006789958475,779.7549885584505,D_right
185,2,150.5114292601887,679.8097072087014,O_left
185,5,180.37626300346204,663.7915048044248,D_left
185,1,505.43769610891815,680.2322161368219,O_top
185,3,350.3197593954796,1463.219272972966,O_right
185,4,280.0406740820957,693.5338328028704,D_top
185,6,232.95499404467543,786.8198423464994,D_right
186,2,152.57534469771429,694.7962750573151,O_left
186,1,499.40278849763234,685.6352263868552,O_top
186,3,340.0212452510455,1460.8216055619428,O_right
186,4,292.31129259821023,705.4534800916,D_top
186,5,196.8620488269738,687.4799820594037,D_left
186,6,229.0349690007597,791.0853767770967,D_right
187,2,130.76170795610594,691.4832641973524,O_left
187,1,494.2174707969456,700.642405699789,O_top
187,3,334.4712966781088,1460.876190758788,O_right
187,4,309.7002516177215,719.7492381376057,D_top
187,5,180.08949520219167,694.4027605278332,D_left
187,6,217.11506012996816,794.4085286765913,D_right
188,2,108.50434684234678,688.1028613806448,O_left
188,1,498.1479523311267,719.1495782535127,O_top
188,3,330.169297391367,1460.2825232615207,O_right
188,4,321.5866962411893,729.5352266800796,D_top
188,5,173.11958682680572,703.6981114425316,D_left
188,6,211.80313060219424,799.7867001089808,D_right
189,2,85.7895831394418,684.6529891873636,O_left
189,1,511.1480603022673,745.3666008322457,O_top
189,3,312.72862644421053,1458.0156668437116,O_right
189,4,327.1811552884331,737.7834211061084,D_top
189,5,191.9061752144441,729.9513555878375,D_left
189,6,209.57375928820835,810.0377017232636,D_right
190,2,62.603170602027774,681.1314839266892,O_left
190,6,196.47377554912103,809.5725484324194,D_right
190,1,518.5610403365125,761.1290173735438,O_top
190,3,318.6307428261061,1461.2458092526638,O_right
190,4,329.2337687127565,742.6711978452743,D_top
190,5,182.35966258368,737.7197822389913,D_left
191,2,68.4090206168042,690.9369045929291,O_left
191,6,201.10156157464863,817.8583737456734,D_right
191,1,521.7426564114306,771.7095299599009,O_top
191,3,331.00455460733195,1463.8060034977425,O_right
191,4,328.3180939964731,747.1034984867418,D_top
191,5,169.0867426010638,749.4087264365936,D_left
192,2,74.15364710105611,700.6389256760007,O_left
192,6,204.77326026331764,827.6578684276528,D_right
192,1,523.8193482724799,779.0131837021962,O_top
192,3,333.2643046852877,1464.1679846035124,O_right
192,4,327.3209578863152,749.4248156649006,D_top
192,5,183.75105094667447,775.9125962277724,D_left
193,2,79.83801339203286,710.2391741430042,O_left
193,5,127.03965411119184,776.8358938248168,D_left
193,6,203.0402860784415,844.0668209254028,D_right
193,1,554.0061949568216,810.4375753290976,O_top
193,3,339.38322956462537,1466.0819920045312,O_right
193,4,321.84930639246494,751.8216097492278,D_top
194,2,73.49047973931192,709.7945834792336,O_left
194,5,125.96271872915077,796.6981156384852,D_left
194,6,201.32392142238336,860.3185033542903,D_right
194,1,571.8063975185166,831.7284213540224,O_top
194,3,340.67762466986693,1468.6969049589743,O_right
194,4,329.09678970368526,761.115431046501,D_top
195,2,67.10861960243362,709.3475885376423,O_left
195,5,124.89856806207789,816.3245453621655,D_left
195,6,199.6239286452996,876.415165941147,D_right
195,1,588.7438196801585,849.7903818437221,O_top
195,3,340.6719069198741,1473.146466253913,O_right
195,4,365.9591010769676,793.1015362317963,D_top
196,2,60.69215377794628,708.8981697624056,O_left
196,5,123.84697579489168,835.7193569884812,D_left
196,6,197.9400746095639,892.3590161881181,D_right
196,1,592.101407426891,858.3264633449729,O_top
196,3,339.07986927283366,1475.1433357193694,O_right
196,4,391.4027287975786,814.3253271002773,D_top
197,2,54.240800026200816,708.4463073850429,O_left
197,5,122.807720922817,854.8866265705808,D_left
197,6,196.2721305831829,908.1522198818788,D_right
197,1,591.4883516493074,869.8027309718307,O_top
197,3,335.53794333161403,1475.9304376278444,O_right
197,4,399.7063646933575,826.6558054050637,D_top
198,2,47.75427302996383,707.9919814215111,O_left
198,5,133.33196943716166,876.0515986964205,D_left
198,6,194.6198721362213,923.7969020743844,D_right
198,1,588.5854762918901,873.4610587540818,O_top
198,3,334.3125482129232,1476.178648106854,O_right
198,4,402.4180648622884,835.0938904290635,D_top
199,2,47.38393294222283,708.6618977537327,O_left
199,5,143.6162416623476,896.7339623524988,D_left
199,6,197.7615033882009,933.5326570131097,D_right
199,1,606.9768099035614,896.1399814643125,O_top
199,3,333.18466700641403,1477.506228846769,O_right
199,4,409.0883173393251,845.0502097014183,D_top
200,2,47.01363579122711,709.331736416729,O_left
200,5,153.66865306328086,916.9500382849724,D_left
200,6,207.4486702546989,946.6853772895632,D_right
200,1,645.4908275241488,930.5577012641044,O_top
200,3,331.88591063848,1477.043256410077,O_right
200,4,407.0580507823457,848.4849645045676,D_top
201,2,46.643381569511,710.001497424009,O_left
201,5,152.31788000202351,931.2651795062887,D_left
201,6,214.7942876368672,963.3393575572292,D_right
201,1,667.8689061587705,951.302365327118,O_top
201,3,323.81972323454994,1474.5149134537774,O_right
201,4,415.9334598933074,871.4381810858446,D_top
202,2,46.27317026960871,710.671180789075,O_left
202,5,150.9786887320239,945.457579919238,D_left
202,6,219.0300869223822,977.6660340394676,D_right
202,1,675.9220963604271,959.5140885047562,O_top
202,3,319.43044187110945,1473.207176820762,O_right
202,4,425.3955621313847,885.152724002781,D_top
203,2,45.45063212513834,712.1590881345002,O_left
203,5,149.65093093234887,959.528811390464,D_left
203,6,223.2061547959995,991.7906819182712,D_right
203,1,679.9507445637901,962.5669539236732,O_top
203,3,312.3931921933334,1471.5353375128443,O_right
203,4,440.3230156216501,907.2392021392988,D_top
204,2,44.628305821522765,713.646612276342,O_left
204,5,148.33446080390647,973.4804190607816,D_left
204,6,232.78696272197627,1003.2870340481333,D_right
204,1,686.5122902870359,966.7548897920165,O_top
204,3,309.89161233558065,1470.887216651538,O_right
204,4,458.2006115412125,927.8093777845188,D_top
205,2,43.80619127693456,715.1337533626215,O_left
205,5,150.6906257482827,1000.0249692021544,D_left
205,6,238.8307002669834,1020.3474781839489,D_right
205,1,730.6918576745928,997.75616404222,O_top
205,3,307.68968259698056,1470.3380755819053,O_right
205,4,472.8653187154591,945.890325066624,D_top
206,2,44.42275733616269,714.0184334535904,O_left
206,5,152.28476775198988,1012.3403634530576,D_left
206,6,235.7335534269913,1039.1354396972574,D_right
206,1,752.7442255649073,1012.6767275759934,O_top
206,3,310.3050415715128,1470.0447294609194,O_right
206,4,478.2215961170482,954.0091556795584,D_top
207,2,45.03944249833914,712.9028980966161,O_left
207,5,146.6446190994759,1022.1143099130808,D_left
207,6,235.02431283909576,1066.9332152043255,D_right
207,1,775.9139503105195,1028.4712854811753,O_top
207,3,314.5850671118725,1469.8577460741703,O_right
207,4,477.15050683603647,961.297270754374,D_top
208,2,45.65624679797861,711.7871472292629,O_left
208,5,142.74563763768498,1028.8709467331382,D_left
208,6,239.2575666204636,1085.808063610127,D_right
208,1,786.6074730975463,1032.576771698693,O_top
208,3,315.8018306901024,1470.44045509041,O_right
208,4,475.2386638494648,967.1587657922,D_top
209,2,46.27317026960871,710.671180789075,O_left
209,5,127.23074180745073,1025.5488948172792,D_left
209,6,228.77941588619765,1123.1816087910413,D_right
209,1,789.943285919562,1032.01586280745,O_top
209,3,316.49625283595134,1467.7812800474014,O_right
209,4,489.29871795936185,984.7659168347722,D_top
210,2,46.89021294777037,709.5549987135687,O_left
210,6,230.68462799745592,1138.503494596299,D_right
210,1,791.6834125885913,1029.676392691185,O_top
210,3,316.2993283436429,1465.2842785436883,O_right
210,4,502.2004268257508,998.9547200881668,D_top
210,5,152.33181819026666,1037.5333314173693,D_left
211,2,47.5073748670179,708.4386009402398,O_left
211,6,228.1545428509241,1155.24853872833,D_right
211,1,793.3824697499415,1028.137293702685,O_top
211,3,271.1202145935916,1453.23027767406,O_right
211,4,515.128225345245,1013.5861643218,D_top
211,5,133.95183606875287,1030.4309821361278,D_left
212,2,48.124656061919374,707.3219874065559,O_left
212,6,228.04863789473373,1167.7698211575282,D_right
212,1,795.1604089084436,1027.0073976651438,O_top
212,3,250.58621583183503,1447.8005473526912,O_right
212,4,520.2118113879329,1019.5530208299748,D_top
212,5,137.9729469722878,1032.0431767052469,D_left
213,2,48.74205656705495,706.2051580499651,O_left
213,6,274.2287972170564,1196.4941519022848,D_right
213,1,802.346465532362,1027.448605921422,O_top
213,3,201.41681558440732,1436.0808586067153,O_right
213,4,524.7938777551537,1026.670350342724,D_top
213,5,147.85390702464676,1035.820474936724,D_left
214,6,282.0875053088486,1205.9065561736195,D_right
214,1,814.2798079174254,1031.6858678994956,O_top
214,2,75.79818169546148,721.2501040760865,O_left
214,3,186.28984764028584,1431.564704064503,O_right
214,4,523.3537126585283,1028.257428846791,D_top
214,5,139.12249070448968,1029.749662170698,D_left
215,6,289.8248367288346,1226.1096596140928,D_right
215,1,819.4766431230719,1031.5754116548678,O_top
215,2,93.3044087630166,728.3372623097517,O_left
215,3,189.19844763824523,1431.734423767338,O_right
215,4,524.1571896177177,1031.4603300238389,D_top
215,5,162.84013819715616,1036.962712268465,D_left
216,6,290.2071414688555,1257.719045058271,D_right
216,1,821.6008748284364,1030.7411114177542,O_top
216,2,100.93707644490668,728.8518181822911,O_left
216,3,196.91793199189215,1430.829071297087,O_right
216,4,531.7308700859418,1036.8913741471565,D_top
216,5,171.56986858839144,1038.5739364879892,D_left
217,1,823.0831143355044,1030.5255491044663,O_top
217,2,106.7911216782756,725.4275662189324,O_left
217,3,230.39784993547505,1431.6183991729667,O_right
217,4,543.7353132409141,1045.266571142947,D_top
217,5,175.25416503484902,1033.809158919522,D_left
217,6,286.7494975344597,1281.2403926297773,D_right
218,1,821.8315824213007,1029.0348943601523,O_top
218,2,109.49120477591724,722.3083523046054,O_left
218,3,255.55862980536497,1434.0339740511429,O_right
218,4,545.5936670371462,1047.1297512303718,D_top
218,5,178.20247879000254,1033.3335117282338,D_left
218,6,290.22246986874734,1291.2629253073517,D_right
219,1,819.5184636289176,1028.877406013903,O_top
219,2,112.06169061790118,717.328098021611,O_left
219,3,274.80879262209123,1435.662210905538,O_right
219,4,562.6772054417962,1057.5207686399826,D_top
219,5,181.7496510758079,1028.8029800498382,D_left
219,6,283.88045026906934,1306.4869912104452,D_right
220,1,817.5023859786855,1030.239539511366,O_top
220,2,110.31533007411618,710.9094541367595,O_left
220,3,282.80353070177057,1434.954063831869,O_right
220,4,572.2118017499545,1063.6430297378529,D_top
220,5,181.49402055863985,1023.0546454673162,D_left
220,6,286.25700050189,1317.6496235146774,D_right
221,1,815.3888724666145,1032.461454410507,O_top
221,2,112.14089981171458,705.91554064227,O_left
221,3,289.51453674189867,1434.0513864867264,O_right
221,4,579.0779089987225,1067.771774790992,D_top
221,5,182.0860655875909,1015.0925696903404,D_left
221,6,286.7779028714617,1332.9921825961328,D_right
222,1,812.4409711895206,1032.568349685704,O_top
222,2,113.37682744621269,702.3589636986267,O_left
222,3,292.8962860422551,1434.800861035798,O_right
222,4,581.3245000767912,1068.9754195229063,D_top
222,5,182.71213073555373,1011.2552553845522,D_left
222,6,290.35721289151576,1345.1472098369045,D_right
223,1,800.2191148247449,1020.643226671009,O_top
223,2,125.35378320756556,702.2926711347667,O_left
223,3,294.15014917494005,1437.4592617229723,O_right
223,4,581.8587408438004,1066.7309465921671,D_top
223,5,190.28066966603797,1005.597741054158,D_left
223,6,291.76572619331245,1359.933565803374,D_right
224,1,793.8181646708471,1014.191982292092,O_top
224,2,132.42616732749357,702.6959645876344,O_left
224,3,295.60479845636814,1439.5021955374295,O_right
224,4,582.8156550977485,1066.736190279162,D_top
224,5,198.31186389551212,1005.0163591822602,D_left
224,6,285.22641420317217,1364.7567483100104,D_right
225,1,787.9055903015692,1008.9895490940412,O_top
225,2,139.0420080035683,703.4612203644554,O_left
225,3,293.31068787640544,1441.9845237832474,O_right
225,4,581.7219365591271,1063.407065754412,D_top
225,5,197.4131529053467,999.0836994148626,D_left
225,6,295.9780287497456,1372.1670748863644,D_right
226,1,786.2633219968251,1006.0731419965222,O_top
226,2,142.4389906008077,704.4957386896057,O_left
226,3,289.6396984559887,1444.6388993161695,O_right
226,4,582.8617057615957,1059.2216559611636,D_top
226,5,196.8759580736617,992.3442932206992,D_left
226,6,295.9310106883903,1376.7225891971902,D_right
227,1,783.5916075757609,1000.024725465606,O_top
227,2,143.99240204409026,698.1814922774088,O_left
227,3,276.76882847661966,1442.3397984017674,O_right
227,4,585.0834757880837,1054.3227600864352,D_top
227,5,201.16513680220245,984.2232828183844,D_left
227,6,297.93953717281306,1388.077041640864,D_right
228,1,782.5003029455087,995.7356786511248,O_top
228,2,144.89473695333854,694.7031282829038,O_left
228,3,264.9875016059822,1441.501598521941,O_right
228,4,583.891376007343,1050.238638894173,D_top
228,5,202.59331902110432,983.5023042115962,D_left
228,6,296.9842246325916,1393.204331094721,D_right
229,1,773.0009489373855,983.4283899643356,O_top
229,2,145.2181927039662,692.8164583237143,O_left
229,3,271.6639223252438,1441.2733925825985,O_right
229,4,581.1948322846564,1046.8035788119278,D_top
229,5,207.30373787227424,978.1365778848316,D_left
229,6,298.28630970595185,1392.8490630392043,D_right
230,1,765.8781494548759,975.4209238939644,O_top
230,2,146.6128496135865,692.3862805589933,O_left
230,3,276.3795326942606,1441.687990211199,O_right
230,4,580.4690164182961,1044.7205239622583,D_top
230,5,206.80336756047592,975.6634879759756,D_left
230,6,299.9593730485982,1394.2154431170284,D_right
231,1,761.8145024882427,970.31775366076,O_top
231,2,148.34611752113202,692.470659178121,O_left
231,3,281.8864063722065,1441.1280888706158,O_right
231,4,580.3156801768556,1043.556749033936,D_top
231,5,215.2147786234964,977.062489437318,D_left
231,6,299.7309113297037,1394.216763853086,D_right
232,1,759.4382283469357,967.7865817640636,O_top
232,2,147.69731876618545,691.7603033981161,O_left
232,3,285.9101963064212,1440.576262286868,O_right
232,4,582.2731336655587,1044.880145339722,D_top
232,5,220.43155372962076,978.2566608566614,D_left
232,6,298.01634641579795,1393.4780340759005,D_right
233,1,751.7622450794063,962.3721809743396,O_top
233,2,149.80573324503376,692.4791769498102,O_left
233,3,292.12900239886613,1440.6670826097925,O_right
233,4,570.1370879160648,1039.8568851665927,D_top
233,5,221.4367926764548,976.0990116528797,D_left
233,6,296.0801732164876,1393.3740500694553,D_right
234,1,747.7384192773799,959.9774659777042,O_top
234,2,151.90151740496975,693.024834264729,O_left
234,3,294.3730889015415,1440.701525575095,O_right
234,4,564.1870382846507,1037.1613407359318,D_top
234,5,221.24347206472223,974.0008512854096,D_left
234,6,295.1976317219163,1393.038332605517,D_right
235,1,740.3135637423268,952.837012465605,O_top
235,2,151.96797650382365,691.4182479562661,O_left
235,3,296.63793691459733,1441.051176277355,O_right
235,4,560.6855106220196,1035.3957428874617,D_top
235,5,223.68044464157288,972.953885309495,D_left
235,6,295.0692983007618,1393.5300093981698,D_right
236,1,730.0530498345506,943.6017509012348,O_top
236,2,153.02282288315695,691.5842141160073,O_left
236,3,295.9853451333516,1440.85883759306,O_right
236,4,559.6208311272013,1034.387266240439,D_top
236,5,224.2608847288445,970.8122173213218,D_left
236,6,299.83009493459207,1392.3759596106634,D_right
