1,1,977.7563049807404,508.4325681521312,O_top
1,2,550.9603345785963,129.14859501774117,O_left
1,3,603.940001558172,1440.1517985225285,O_right
1,4,868.7031882035395,568.7212308516185,D_top
1,5,531.5829476061091,280.1778983568633,D_left
1,6,580.9290430291883,1120.2413787555165,D_right
2,1,977.7563049807404,508.4325681521312,O_top
2,2,550.0111369052398,127.21009890168185,O_left
2,3,603.940001558172,1440.1517985225285,O_right
2,4,868.7031882035395,568.7212308516185,D_top
2,5,531.7774213709174,279.8387714769138,D_left
2,6,580.9290430291883,1120.2413787555158,D_right
3,1,977.2049229366352,509.3182593797715,O_top
3,2,553.8982429478539,138.69926803194184,O_left
3,3,604.356763247519,1439.5022294866214,O_right
3,4,868.1404638509467,569.6341089267402,D_top
3,5,531.8073413886126,279.7865964071343,D_left
3,6,582.2574774958761,1120.9800603395818,D_right
4,1,974.8712682551056,513.0668353478804,O_top
4,2,555.3316830267379,142.06668076550935,O_left
4,3,604.6253740519396,1437.0646066348047,O_right
4,4,867.9688703583679,569.9124760108845,D_top
4,5,531.9818800178069,279.48223277840566,D_left
4,6,582.6743599305004,1121.2118695743618,D_right
5,1,973.4960084548484,515.2759307543041,O_top
5,2,553.4742510692055,140.87405253891652,O_left
5,3,604.0699795592823,1435.3860910102426,O_right
5,4,867.3903013545026,570.8510580291323,D_top
5,5,531.0810623963293,278.214520204663,D_left
5,6,582.7880033004592,1121.275061449193,D_right
6,1,970.0822834303308,517.9547455527098,O_top
6,2,556.6663391434447,153.37828292222017,O_left
6,3,604.8775649587287,1435.1686921939868,O_right
6,4,857.1460493258356,560.162761806817,D_top
6,5,530.9793834044203,277.55600800562985,D_left
6,6,582.7915387755986,1121.2693713451567,D_right
7,1,966.0322623311698,513.0074248242489,O_top
7,2,561.1715728836773,162.6923236697062,O_left
7,3,607.524248266472,1435.1416159573027,O_right
7,4,840.9075792331937,542.7206644336795,D_top
7,5,530.7619864827506,277.60076237819425,D_left
7,6,581.3932398639305,1120.9746350110556,D_right
8,1,960.9035914021102,498.5361151883128,O_top
8,2,553.3832258123143,160.55454178588732,O_left
8,3,607.8661633314915,1434.3206331442664,O_right
8,4,847.2345498536837,561.7345130834658,D_top
8,5,533.3061422189917,280.8398051940292,D_left
8,6,581.994780172501,1121.484995111903,D_right
9,1,960.842128183205,492.8399210142123,O_top
9,2,544.6938713534008,153.2797087046667,O_left
9,3,607.9247657118468,1434.0563925192823,O_right
9,4,848.0238188013606,570.2618326000994,D_top
9,5,533.7902948585629,282.823455010976,D_left
9,6,582.4854367173357,1121.3518464329948,D_right
10,1,944.5970568000656,471.2371642228365,O_top
10,2,548.9228194262333,169.6187701517189,O_left
10,3,606.9979177212804,1433.712592208787,O_right
10,4,845.0760749167343,575.8153410578767,D_top
10,5,533.1755732570815,287.54609710926826,D_left
10,6,581.0281237890578,1121.315782616338,D_right
11,1,937.774035569046,463.93953018558807,O_top
11,2,544.7385939039247,169.7311708191515,O_left
11,3,606.9757001744297,1433.0540034462012,O_right
11,4,842.8870326868598,579.7549335329699,D_top
11,5,533.6583978047794,292.82641381638393,D_left
11,6,580.5173095035798,1121.3157097502278,D_right
12,1,933.1971378209,462.2263653558928,O_top
12,2,557.7704472391116,194.13087419105824,O_left
12,3,608.2630397175624,1432.5486952108952,O_right
12,4,840.132910080097,581.6756112197253,D_top
12,5,527.4517315766859,295.8617865743181,D_left
12,6,580.0998300783177,1121.6587167672708,D_right
13,2,553.2985490149058,201.6116243810389,O_left
13,1,929.1903263582489,460.1873140241321,O_top
13,3,608.7352553612577,1432.389548481612,O_right
13,4,837.3912931652159,579.668816716419,D_top
13,5,523.9869200685824,299.07955693443967,D_left
13,6,580.2537301850938,1123.7948063138838,D_right
14,2,558.1766771383261,203.3587933681649,O_left
14,1,910.6746839697768,438.8960457101386,O_top
14,3,609.2250855249771,1431.7990880803154,O_right
14,4,824.704889615662,569.752029107391,D_top
14,5,514.9782464386262,290.88435012450344,D_left
14,6,580.5025681856465,1124.2150959646106,D_right
15,2,563.0295612936313,205.09692087932265,O_left
15,1,895.124315943417,420.5108177299569,O_top
15,3,609.4244168689794,1431.6037326685464,O_right
15,4,814.8471725807981,564.9813425200632,D_top
15,5,509.9756786550825,287.9644828545524,D_left
15,6,579.7262918655265,1123.411516623936,D_right
16,2,567.8573969287329,206.8260769168801,O_left
16,1,885.2339111368276,409.9671402521792,O_top
16,3,609.8520451145878,1430.9948888328015,O_right
16,4,792.0926962593671,546.0955107805005,D_top
16,5,508.2689298649222,289.5912959830708,D_left
16,6,575.6834530805427,1119.1870197944925,D_right
17,2,572.6603774790967,208.5463307624239,O_left
17,1,877.9569451398457,398.6214087407038,O_top
17,3,609.4052784880336,1429.9598753202465,O_right
17,4,778.1975550005317,534.6376650990977,D_top
17,5,508.6493783979881,293.5011194646714,D_left
17,6,569.5615517900708,1115.034871579389,D_right
18,2,577.4386943935798,210.25775098600585,O_left
18,1,867.7891042991002,386.590541643333,O_top
18,3,610.8792685444548,1428.7592794705536,O_right
18,4,770.3055854874935,530.4252275069757,D_top
18,5,511.17128628343744,298.5427744037213,D_left
18,6,559.2135000432028,1106.196173590056,D_right
19,2,585.1723756606712,200.12002980805875,O_left
19,1,862.204253861486,380.8554190891396,O_top
19,3,612.0890203430364,1427.219895747655,O_right
19,4,764.690265805731,525.6262486606373,D_top
19,5,511.86012713093,300.8687189003196,D_left
19,6,547.3452627157822,1097.4490178555145,D_right
20,2,592.9065580820687,189.98165169036213,O_left
20,1,842.2823771516719,356.0826049883857,O_top
20,3,614.1637982995074,1425.8310325226205,O_right
20,4,756.8105441906847,522.5662018912938,D_top
20,5,514.7298812744255,304.7326677424325,D_left
20,6,532.4904993761301,1086.8909955457618,D_right
21,2,600.6412417064882,179.84261656906008,O_left
21,1,833.8480935952991,346.9410799630738,O_top
21,3,615.8836404491627,1425.624760491844,O_right
21,4,746.4383404884028,514.5262672780724,D_top
21,5,513.9963641319994,304.3420701608398,D_left
21,6,525.9662981572345,1081.9438857597147,D_right
22,2,608.3764265826505,169.70292438028315,O_left
22,1,828.1221459615246,348.8127926001226,O_top
22,3,615.9312616063565,1424.7458490086258,O_right
22,4,717.2271706712767,485.283881799162,D_top
22,5,522.5924530819178,313.744831361066,D_left
22,6,525.2647755955643,1080.610555361326,D_right
23,2,616.1121127592836,159.56257506015913,O_left
23,1,823.7141100028834,349.2764871820965,O_top
23,3,615.3315971599782,1423.607825096491,O_right
23,4,704.4026545206599,474.93701915106567,D_top
23,5,533.0933220470317,323.7276878294678,D_left
23,6,525.0928665753898,1077.7653462653116,D_right
24,1,808.4098447675551,335.63037222796106,O_top
24,2,599.172382445611,116.1476333809739,O_left
24,3,615.1084366918625,1423.2061026176605,O_right
24,4,691.7261759540788,479.8291770128977,D_top
24,5,502.71613109996366,284.8203464629075,D_left
24,6,527.5405575298261,1075.7093256201545,D_right
25,1,782.5953900389018,306.4151323869596,O_top
25,2,609.125252022313,121.8417784646015,O_left
25,3,614.9984434691366,1423.089100588369,O_right
25,4,682.8157952256239,480.486449013245,D_top
25,5,493.31128891440216,268.2913405962917,D_left
25,6,530.0745264541109,1075.4370290453223,D_right
26,1,771.4144458497874,303.86793868393266,O_top
26,2,672.9788879217382,179.8436602766465,O_left
26,3,613.6513074785623,1423.3409485178945,O_right
26,4,677.1612877798258,483.77821334682017,D_top
26,5,546.6472822008166,331.1663933115077,D_left
26,6,531.3499130697062,1075.1003426294728,D_right
27,1,764.4435990799843,304.9454157610568,O_top
27,2,695.9666574558813,195.53907249658587,O_left
27,3,609.4512077869337,1422.3473285666653,O_right
27,4,671.6563258958354,482.17916050128457,D_top
27,5,559.7176668729594,346.0908917283448,D_left
27,6,533.4647376151318,1072.5721048217642,D_right
28,1,753.5172721279502,310.8089913802032,O_top
28,2,704.0300080874383,194.3794174229167,O_left
28,3,606.9082222284422,1421.7026141467256,O_right
28,4,657.4341708702698,476.5377705286818,D_top
28,5,521.9188725074293,286.8339429472235,D_left
28,6,532.8895282191621,1063.1255145857294,D_right
29,1,746.3770757239282,317.2552575411614,O_top
29,2,704.1994425449681,193.64380179721857,O_left
29,3,604.0659351564304,1420.9169906644088,O_right
29,4,646.5215277611566,472.9525610970287,D_top
29,5,549.0806854800541,317.22303844775433,D_left
29,6,497.8127184459119,1034.705579471516,D_right
30,1,733.8041894671804,311.95504784279467,O_top
30,2,720.9875384570763,196.23869682102537,O_left
30,3,591.0357302727382,1416.3202869768656,O_right
30,4,613.6745721035902,445.628594690168,D_top
30,5,569.5910724377352,343.732609288146,D_left
30,6,484.4486428066791,1015.9831026615852,D_right
31,1,717.8514068202383,295.6956691858496,O_top
31,2,733.2034816902207,205.25407429950783,O_left
31,3,588.3805744072874,1414.606234577811,O_right
31,4,603.7505486969598,443.50151879678265,D_top
31,5,575.8482424931165,347.0440205320997,D_left
31,6,483.703848270474,1010.6555880293786,D_right
32,1,711.5397300945257,311.56279291497844,O_top
32,2,758.0993663344397,242.1777725162995,O_left
32,3,580.611915955805,1411.9188660123152,O_right
32,4,594.2229628598146,439.2295790106626,D_top
32,5,595.2423037936634,364.8982430183749,D_left
32,6,487.3142352751745,1005.9344726046132,D_right
33,1,693.8166679808932,303.3260914739837,O_top
33,2,769.5515351964098,261.2430564843174,O_left
33,3,576.7709685008994,1410.6472805680428,O_right
33,4,561.4630070139328,419.4645429743598,D_top
33,5,601.3598012148698,366.6243151750932,D_left
33,6,493.20851120745,1005.0189984065952,D_right
34,1,687.9495886922526,321.061839294135,O_top
34,2,780.2979251326135,279.6785021071335,O_left
34,3,575.8235206001143,1409.6486831520872,O_right
34,4,560.910296848443,435.5107887238989,D_top
34,5,603.4997500075167,367.0576716911511,D_left
34,6,495.2398505622849,994.8175345049196,D_right
35,1,682.459031042711,329.8389874959379,O_top
35,2,783.1812073512184,286.1279764192366,O_left
35,3,575.9598479067895,1408.750154117237,O_right
35,4,560.1325163466648,443.0994204768609,D_top
35,5,607.6802722297879,369.3762551352348,D_left
35,6,494.35146299280007,989.5951302700978,D_right
36,1,679.4512721139711,339.7744214819932,O_top
36,2,785.4268843260973,293.3110454932342,O_left
36,3,575.1059004559748,1408.1586570045968,O_right
36,4,556.8346778442418,447.8777769764443,D_top
36,5,615.0780555797954,374.6460122458924,D_left
36,6,497.60707025099725,986.9054641579316,D_right
37,1,681.3164356313625,349.07602275233864,O_top
37,2,784.6701033133403,294.20156009623065,O_left
37,3,572.8973008446821,1407.3756331775744,O_right
37,4,555.404095358366,451.4892705688136,D_top
37,5,621.9649189560689,381.73994391336976,D_left
37,6,500.459515786143,986.6233437863982,D_right
38,1,679.1835280955038,355.82844721775194,O_top
38,2,783.1510121901609,292.04958267504696,O_left
38,3,571.5063346161069,1406.234795820105,O_right
38,4,556.3900793461423,455.3017732484569,D_top
38,5,638.2084063719446,401.7351001306705,D_left
38,6,502.12034219693993,986.0396589367072,D_right
39,1,678.3740824812402,360.870388657596,O_top
39,2,783.1133399735139,293.5130443799184,O_left
39,3,567.1093747193419,1404.624096717782,O_right
39,4,556.166141460861,455.974143918613,D_top
39,5,650.0097269686187,414.7716863260824,D_left
39,6,503.3859480511927,986.4113454162658,D_right
40,1,669.2291283384784,360.15734419014314,O_top
40,2,777.3775727422706,293.71186824261696,O_left
40,3,554.6043075313166,1399.9978611625895,O_right
40,4,554.7335222436908,456.9818908825181,D_top
40,5,650.4580331644931,421.9306045222556,D_left
40,6,500.0933519220585,983.835018463631,D_right
41,1,667.8361122087616,362.6599903653645,O_top
41,2,776.8018937503176,299.53501752080234,O_left
41,3,547.9317543044161,1397.6522441076972,O_right
41,4,553.1731350933064,457.339162728361,D_top
41,5,648.6119498033731,425.4590029555164,D_left
41,6,495.2732094411719,981.2456439102956,D_right
42,1,664.7853253158733,370.1678722551363,O_top
42,2,780.7676029836216,314.64195555555006,O_left
42,3,544.1304237529059,1397.1247193490087,O_right
42,4,552.5093207058339,464.6874847316009,D_top
42,5,651.9671850069324,434.9481379161167,D_left
42,6,479.1384642655073,971.410277604233,D_right
43,1,663.8720040392956,374.9969833958484,O_top
43,2,782.7317894858925,322.85343957414443,O_left
43,3,542.8406650965209,1396.9763936359716,O_right
43,4,555.6749448828979,472.4741057611039,D_top
43,5,653.1572653058298,443.8790953193484,D_left
43,6,471.0250449993141,967.6758902807576,D_right
44,1,661.6558368299275,378.4857595884631,O_top
44,2,780.3274056653781,326.8840124527846,O_left
44,3,544.0101870203139,1396.7192311539757,O_right
44,4,559.2895686784677,480.0922580668857,D_top
44,5,651.1257606297193,450.8529273891609,D_left
44,6,467.6687645265979,968.9139026630144,D_right
45,1,660.8500976026662,381.89806898018287,O_top
45,2,777.7212376743988,328.8860256296727,O_left
45,3,543.4891325458569,1396.3501572582527,O_right
45,4,562.7209877287909,485.9388481199387,D_top
45,5,651.1198487335856,453.6102369289768,D_left
45,6,466.5282121672767,969.5049445697682,D_right
46,1,646.0149405651772,373.3712134163846,O_top
46,2,767.616680639169,329.4189186782967,O_left
46,3,545.9329310749446,1396.327780989751,O_right
46,4,564.6545947961934,489.3678705734862,D_top
46,5,653.6282411068913,453.6807086364337,D_left
46,6,465.3312841821398,971.490906543943,D_right
47,1,638.6459215305808,375.4428437482487,O_top
47,2,765.6082480486405,335.6856909616491,O_left
47,3,548.0450501909761,1394.5778003167882,O_right
47,4,559.9421527349631,485.3343541251368,D_top
47,5,655.8071471610001,451.3045234046294,D_left
47,6,462.86695985808296,971.0172685916494,D_right
48,1,630.0085525459383,375.9506248917808,O_top
48,2,763.4932821073385,341.8725759405979,O_left
48,3,553.2368311909547,1391.0576912328245,O_right
48,4,556.2224987189509,480.93701573944907,D_top
48,5,647.7140972967386,438.8319269507842,D_left
48,6,457.74284576126126,968.2702091102092,D_right
49,1,625.4340500329248,402.1374716676664,O_top
49,2,767.0026782142678,351.5799399748215,O_left
49,3,557.4103650620207,1388.3426282779994,O_right
49,4,554.912226697788,479.19643683980985,D_top
49,5,645.2929853015037,433.6186716242922,D_left
49,6,455.6908134057797,967.7237127144824,D_right
50,1,625.4340500329248,402.1374716676664,O_top
50,2,776.6765325100105,368.3726530819136,O_left
50,3,561.6971435543578,1388.9524118799034,O_right
50,4,560.4946749875269,472.6435506275797,D_top
50,5,648.302948607695,412.94712067424393,D_left
50,6,450.7732475196965,971.4900307013794,D_right
51,1,633.7881121326519,411.3095287479654,O_top
51,2,781.6074155627238,377.24202911774375,O_left
51,3,563.3249743354953,1389.2422169187942,O_right
51,4,564.9276480958731,470.3216274265068,D_top
51,5,654.387476152225,404.2502832320857,D_left
51,6,450.4815960191,973.849914782738,D_right
52,1,641.8826260329103,425.7212655890199,O_top
52,2,783.1477174880011,380.76441052689535,O_left
52,3,564.2966427969135,1388.8124673071386,O_right
52,4,568.3821740303082,468.8096324885168,D_top
52,5,669.1451719904343,413.0353022140876,D_left
52,6,450.19426109644064,973.5559530283296,D_right
53,1,649.7067793715527,435.9904849989589,O_top
53,2,783.6023998051746,381.7928070200561,O_left
53,3,563.6330998042578,1388.36809696417,O_right
53,4,570.6581046375196,468.7359769079681,D_top
53,5,678.6598897768106,423.0043158208262,D_left
53,6,451.4706045529519,973.1972992423216,D_right
54,1,636.8573602753983,425.46367897748365,O_top
54,2,783.0091969992693,381.3530147067371,O_left
54,3,565.1199500392088,1387.386310076418,O_right
54,4,569.9870531910253,477.6137259958146,D_top
54,5,679.305990813148,433.4094314628673,D_left
54,6,451.7524359001085,971.8473700739378,D_right
55,1,629.7880448975066,420.43829300889,O_top
55,2,781.8506727948886,380.5423661504786,O_left
55,3,566.4064864108378,1385.877801614541,O_right
55,4,569.4754235452862,481.4273657928224,D_top
55,5,680.994947261449,436.5959462043097,D_left
55,6,452.9311601036087,971.4301164691282,D_right
56,1,628.7972686815923,427.8627848948858,O_top
56,2,785.8160716613287,386.88327722447576,O_left
56,3,568.0198701182139,1383.5956790434047,O_right
56,4,575.647818414418,490.5090488643834,D_top
56,5,665.7060104305419,423.59117575281226,D_left
56,6,449.3495124441927,969.878203292414,D_right
57,1,624.6487497450515,429.0337063633252,O_top
57,2,788.8815911840114,389.7966654641665,O_left
57,3,569.328060055406,1381.6001253790546,O_right
57,4,579.3621281378395,491.6269197076906,D_top
57,5,670.7255599704946,431.8473389381927,D_left
57,6,441.5931095800282,966.976851679633,D_right
58,1,631.3284157611798,437.81927280561575,O_top
58,2,789.5283679350098,391.3047225852053,O_left
58,3,570.897140818206,1379.1289937205268,O_right
58,4,583.9027281239814,500.7148479964335,D_top
58,5,699.9242531188604,461.4210818900072,D_left
58,6,435.2547404027622,966.5205160235546,D_right
59,1,633.2305985190542,442.1381009266568,O_top
59,2,789.6162025469705,391.97999142155874,O_left
59,3,570.478837293718,1377.908933449192,O_right
59,4,586.005449000462,499.3155422830683,D_top
59,5,710.3345180684616,469.3727006733864,D_left
59,6,432.5313680454086,967.218777696534,D_right
60,1,627.1895957279581,445.24468824643606,O_top
60,2,783.3209923225717,390.09534442862775,O_left
60,3,570.6535171947619,1376.920136116266,O_right
60,4,583.6579166778068,507.9070998728837,D_top
60,5,717.4787589103415,469.9557142303525,D_left
60,6,432.8544697813705,972.101362005542,D_right
61,1,628.1582950308318,452.7492204601451,O_top
61,2,773.0677257825548,380.9294295617615,O_left
61,3,570.3229584958658,1377.181226353849,O_right
61,4,585.5133173014597,514.3253201203565,D_top
61,5,720.0026740367814,468.1358375184833,D_left
61,6,431.4174288371121,973.4825020683128,D_right
62,1,631.5099635204894,464.2657061392828,O_top
62,2,738.3770442221603,348.4351819847085,O_left
62,3,570.5587083661883,1376.7449284845882,O_right
62,4,589.4201393893634,519.0725298861211,D_top
62,5,730.1573614065944,465.7229649361441,D_left
62,6,430.7246297476514,974.4120197751046,D_right
63,1,630.0759102286557,475.0121922868786,O_top
63,2,724.6990884020167,345.60046488795024,O_left
63,3,570.2638357532747,1377.2094452631904,O_right
63,4,591.2438167465683,524.089462102988,D_top
63,5,733.365588254672,456.447574765414,D_left
63,6,430.76071848364967,974.351850303056,D_right
64,1,632.3833147963543,478.0721725475103,O_top
64,2,725.0886788423444,352.1034351822733,O_left
64,3,571.484976143178,1377.1669191775345,O_right
64,4,589.2778742037561,526.2261537207313,D_top
64,5,732.9465721000482,456.90890989446615,D_left
64,6,429.6455210673576,973.0498649874,D_right
65,1,631.6602492321621,477.8523662118432,O_top
65,2,723.4581361245051,355.63100694554345,O_left
65,3,571.5915947542954,1377.7763309658503,O_right
65,4,591.6400248120483,533.4537591560718,D_top
65,5,733.6542737161916,451.7928574737381,D_left
65,6,431.2457722291409,972.6405063982776,D_right
66,1,633.6849715163715,481.3653549347431,O_top
66,2,730.9892887205009,376.2933020725948,O_left
66,3,571.6265950991523,1378.0449152133865,O_right
66,4,591.7266605971805,543.1388228391588,D_top
66,5,725.6220998527095,449.0026598364161,D_left
66,6,434.1913713432112,972.2376314584128,D_right
67,1,632.6127741827402,481.8710477842498,O_top
67,2,700.39809982638,349.28260192791606,O_left
67,3,571.5916109790244,1378.164739067828,O_right
67,4,589.9930396613508,551.4134096541056,D_top
67,5,727.9790146994657,454.690173174785,D_left
67,6,436.0468418846818,972.5167939099948,D_right
68,2,668.3157575682908,356.9020149681456,O_left
68,1,627.9424326314396,479.40985005420265,O_top
68,3,571.5540148644949,1378.223948157737,O_right
68,4,581.0432995977703,556.6295356948048,D_top
68,5,700.5755008771408,427.4204681164232,D_left
68,6,437.0273401131493,972.2293961832244,D_right
69,2,651.2332308220798,358.2062272815977,O_left
69,1,627.4486020937192,480.1134372404526,O_top
69,3,571.153015089543,1378.8554717081226,O_right
69,4,574.7540573801988,557.5582648345086,D_top
69,5,685.9315638686398,417.3426470895832,D_left
69,6,437.6354556746793,973.3451856714902,D_right
70,2,633.8950464735657,359.529958475242,O_left
70,1,624.7045389174904,482.6485406900309,O_top
70,3,571.2662027998997,1380.6169303236895,O_right
70,4,567.9619021249533,563.2560267028359,D_top
70,5,671.9642288960233,424.1555222845069,D_left
70,6,437.1356766512502,971.7124487658638,D_right
71,2,616.2954219830202,360.8736500329198,O_left
71,1,623.0098135679445,484.593120432695,O_top
71,3,570.9196404261057,1381.8728330153815,O_right
71,4,564.8535512242903,566.1416879117519,D_top
71,5,664.3738965473088,427.02499509928987,D_left
71,6,434.0560201773489,969.3089688940306,D_right
72,2,598.4283990976687,362.23775685376586,O_left
72,1,623.056790770924,486.0937505745553,O_top
72,3,565.2380072314818,1383.3735429520057,O_right
72,4,509.6838030852445,522.58404389259,D_top
72,5,657.5192691970323,436.9010756704217,D_left
72,6,408.5050177217772,945.8123684387336,D_right
73,2,578.1103622586146,361.34925508256737,O_left
73,1,624.7557299117184,487.68841519796575,O_top
73,3,560.9998497104599,1383.272207936073,O_right
73,4,483.0047305617029,500.9784050251965,D_top
73,5,652.9779080607229,442.2108605192328,D_left
73,6,402.8323215067125,925.522879008294,D_right
74,2,557.4060410889747,360.4438612112775,O_left
74,1,624.4239356347339,487.9869630150872,O_top
74,3,559.8262769260983,1382.633961890517,O_right
74,4,473.70328781394886,493.2708058333367,D_top
74,5,628.7235912896156,427.9879113907136,D_left
74,6,401.9335982711244,912.5461147768808,D_right
75,2,536.3043138721042,359.5210888905039,O_left
75,1,627.5692895219594,482.537712621052,O_top
75,3,559.4816217669617,1382.3903286601735,O_right
75,4,470.05337513640137,489.2644363257317,D_top
75,5,612.3622732849852,433.8284577404032,D_left
75,6,403.2266529791423,905.3389065595112,D_right
76,2,514.7936278058447,358.5804329196058,O_left
76,5,581.4310934940297,434.8738890485898,D_left
76,1,625.5709842209174,489.71746323914766,O_top
76,3,564.3758727994326,1380.3028337130454,O_right
76,4,469.7499906855379,487.00653017209015,D_top
76,6,397.4084632878832,893.4659089131989,D_right
77,2,492.86197791168274,357.62136832440683,O_left
77,5,575.906061507824,434.7740651538406,D_left
77,1,614.5028533834819,474.6887632205034,O_top
77,3,568.3797415867526,1378.0983702102333,O_right
77,4,435.4549334715576,448.4655259895735,D_top
77,6,391.5572809395754,884.363898087211,D_right
78,2,470.41500963543706,346.63476069363185,O_left
78,5,570.3527102043266,434.6737295978812,D_left
78,1,602.7485164837595,469.1084071603188,O_top
78,3,574.2558929044103,1372.2838332986048,O_right
78,4,419.24231886242217,428.5722598027167,D_top
78,6,392.6772253607778,875.61670848426,D_right
79,2,449.9169123905007,339.597801765631,O_left
79,5,564.7708212922191,434.5728784367196,D_left
79,1,599.2969731148347,477.82736943291593,O_top
79,3,578.852630959223,1368.2833478830223,O_right
79,4,414.7048843885319,422.5784898492408,D_top
79,6,396.6446827763509,870.6877645901984,D_right
80,2,428.9655881886972,332.4052508603641,O_left
80,5,556.3432011644499,463.4509328126125,D_left
80,1,600.6344415110385,486.92254159500334,O_top
80,3,588.7014750178693,1361.608962371814,O_right
80,4,403.734707998898,411.6823030976873,D_top
80,6,395.34130255303,860.6302953946717,D_right
81,2,424.5076797776908,346.1950524027125,O_left
81,5,512.0220189385171,435.69618947124064,D_left
81,1,601.0328361796234,490.5525597355305,O_top
81,3,595.5196559658613,1356.007493585588,O_right
81,4,395.87538692985777,415.2155514162836,D_top
81,6,379.9516886821141,845.2059362219519,D_right
82,2,420.07240453110046,359.91484199846985,O_left
82,5,464.9649606610608,406.2281899888937,D_left
82,1,608.499787898763,501.623128789612,O_top
82,3,601.5491580035579,1344.6686611942132,O_right
82,4,389.5664089607951,410.6923269921185,D_top
82,6,386.8214139612093,840.784642327579,D_right
83,2,415.6595905197445,373.56515148209405,O_left
83,1,610.5617075940158,520.4307364878255,O_top
83,3,608.1696678538748,1335.4091686002623,O_right
83,4,385.9392871672176,404.3353085129651,D_top
83,5,456.2497753322604,419.2806295915325,D_left
83,6,390.1478051992681,838.1585733769086,D_right
84,2,415.45985330112944,373.9166723131173,O_left
84,1,607.9723789398229,531.1627353690716,O_top
84,3,614.6976008048265,1329.2378523412674,O_right
84,4,405.4862380955295,415.5439713514703,D_top
84,5,420.4985074923369,402.3066509023803,D_left
84,6,391.0672370416125,832.258908362445,D_right
85,2,415.26012789224615,374.26817235999897,O_left
85,4,415.9357836969561,390.5886861369714,D_top
85,1,606.0294291869026,542.4429141732268,O_top
85,3,617.8089779819663,1325.8782476460842,O_right
85,5,441.44177041226,439.34215945834,D_left
85,6,392.54466469423215,830.5400343648741,D_right
86,2,415.0604142920473,374.61965162458114,O_left
86,4,412.4613927769719,396.6943199780413,D_top
86,1,602.3222432024862,547.7980030303646,O_top
86,3,623.867952566979,1318.7129585805842,O_right
86,5,439.8833017970957,466.6802003565999,D_left
86,6,393.3169561245688,825.9330925703537,D_right
87,2,414.86071249948543,374.97111010870873,O_left
87,1,601.6750214616985,554.0263414484347,O_top
87,3,629.0710129444186,1309.4519558417703,O_right
87,4,408.3711595873671,403.8821888032417,D_top
87,5,447.9254776127419,489.4714024124355,D_left
87,6,392.4454712093056,820.5336881626093,D_right
88,2,414.6610225135132,375.3225478142239,O_left
88,1,603.6987732465221,575.0042393640916,O_top
88,3,632.761294253795,1299.4296162929786,O_right
88,4,409.7587219490792,402.83480344663184,D_top
88,5,443.0806126212372,498.0325571467018,D_left
88,6,399.775759102127,815.490652208512,D_right
89,2,425.6054288424861,390.9350015101804,O_left
89,1,608.8024867098925,591.9933343924281,O_top
89,3,636.1572550090585,1292.4207599222184,O_right
89,4,413.9942822066293,411.1376671358208,D_top
89,5,432.18669493806016,510.1358179935431,D_left
89,6,407.9219943905591,816.3818661819229,D_right
90,2,414.1618491955429,376.20105118367184,O_left
90,1,617.7898308084381,606.0273367254633,O_top
90,3,650.9102622865059,1291.3704899662273,O_right
90,4,396.3412538876751,397.17039005281873,D_top
90,5,439.3056155787353,544.2671180444227,D_left
90,6,417.9607502617771,810.9594229648242,D_right
91,2,405.9644352271184,361.0456362356711,O_left
91,1,621.3144017511132,612.5375990972439,O_top
91,3,648.4227692832825,1286.618744264893,O_right
91,4,388.0845420232683,391.995367226689,D_top
91,5,445.2903198983713,560.26948836502,D_left
91,6,429.2387404388619,811.4729992394357,D_right
92,2,397.6303527934378,345.6375480288539,O_left
92,1,621.9447394401019,613.999776864898,O_top
92,3,662.5611893772452,1279.7420562467394,O_right
92,4,376.12401525727535,381.9187419250453,D_top
92,5,442.634775635564,572.6733581056803,D_left
92,6,437.3114290277689,812.8730632021616,D_right
93,2,389.15615532920725,329.97041453816934,O_left
93,1,623.7529936531015,618.61751878004,O_top
93,3,672.9552297960904,1274.5298304608575,O_right
93,4,375.9628619735197,381.6576769508611,D_top
93,5,440.2390272885901,575.3018217731664,D_left
93,6,444.9298151727929,817.0398504105683,D_right
94,2,394.3086807942893,334.71224286464,O_left
94,1,630.9842197249635,621.3415319709882,O_top
94,3,684.3862478159558,1275.17165166041,O_right
94,4,381.61396588987634,388.157210963444,D_top
94,5,436.8027589666829,582.8751256324339,D_left
94,6,454.2130794434175,822.3077836308183,D_right
95,2,399.4245176140594,339.4203069217693,O_left
95,1,639.2930784689331,626.5569695820304,O_top
95,3,689.5752752353366,1275.7195864720436,O_right
95,4,388.6225390847082,395.5094039556973,D_top
95,5,461.1290960416849,611.8329066367387,D_left
95,6,458.04726724581576,825.338656787861,D_right
96,2,404.5040562615184,344.09496605876046,O_left
96,1,652.6165254000762,634.8471655459997,O_top
96,3,691.501591466991,1273.9747842033414,O_right
96,4,387.8427146944298,391.5279679711814,D_top
96,5,474.2673734112398,624.597412000398,D_left
96,6,459.09511945996735,827.0090896114285,D_right
97,2,409.5476816882434,348.73657454349905,O_left
97,1,661.3305418923879,639.6846853852876,O_top
97,3,693.2736453951082,1271.446377237966,O_right
97,4,392.6018060809329,395.0773539924048,D_top
97,5,478.41992034859993,624.7648180085633,D_left
97,6,456.32283808393134,830.9373523430731,D_right
98,2,408.2734747171825,347.383244244148,O_left
98,1,669.0364858410769,645.2866768484361,O_top
98,3,692.7432836970008,1268.6536457306036,O_right
98,4,392.9816646653442,393.3415318442279,D_top
98,5,481.9141795688612,619.0791491746004,D_left
98,6,452.67094426594895,838.4260518836127,D_right
99,2,406.9968353696226,346.02733052711847,O_left
99,1,674.4111967494852,649.2708669817313,O_top
99,3,692.9152455680282,1266.8716262135918,O_right
99,4,395.8391023528336,396.2865601128997,D_top
99,5,486.93917282399326,616.2057594422188,D_left
99,6,450.7015417130127,842.1050909142452,D_right
100,2,405.7177566740431,344.66882598798503,O_left
100,1,677.6584297930774,650.0217302132121,O_top
100,3,699.1712297005859,1265.239645163946,O_right
100,4,397.3305959863397,399.4882190272604,D_top
100,5,496.47986779245485,616.2376008229273,D_left
100,6,449.59251282321736,845.6799637845694,D_right
101,2,404.4362316322547,343.3077231939984,O_left
101,1,679.0672395701359,647.9087215657183,O_top
101,3,703.7788805432729,1266.3036071746578,O_right
101,4,395.95717724557954,398.7303650948612,D_top
101,5,496.8359901729983,613.1554049042868,D_left
101,6,451.1555039896904,850.8405616354501,D_right
102,2,403.15225321927386,341.94401468394875,O_left
102,1,682.2560464724319,640.5553624152471,O_top
102,3,707.4604579716417,1267.0933319331473,O_right
102,4,393.99172508462857,401.132293065172,D_top
102,5,518.1804004347807,636.242997468514,D_left
102,6,456.6437297674663,858.6283344426338,D_right
103,1,686.8413693539718,635.0441518041387,O_top
103,2,373.34384343263616,318.8117194226652,O_left
103,3,710.1666099288216,1268.5998879071926,O_right
103,4,391.1359898069328,400.6774286199218,D_top
103,5,524.0180580247877,643.4451676346727,D_left
103,6,457.9374653148565,869.8140738922998,D_right
104,1,691.8215568847086,635.3033935778926,O_top
104,2,380.0506087129648,329.1505864572389,O_left
104,3,708.7767929024318,1269.294421431572,O_right
104,4,386.8155270538076,406.164263192792,D_top
104,5,527.0820749835445,646.0814902972708,D_left
104,6,460.58868720046223,882.4655157277549,D_right
105,1,693.687598429114,633.4122002745327,O_top
105,2,378.4642345350673,326.9000778638805,O_left
105,3,708.3812821434002,1270.9130107683804,O_right
105,4,398.97925501277024,425.2421410713898,D_top
105,5,529.5497649369314,648.1352788240531,D_left
105,6,461.9732219697817,891.460347891912,D_right
106,1,692.5526876506927,632.0288888090301,O_top
106,2,393.66702009225946,341.73335373995565,O_left
106,3,704.5274438181749,1273.6210641687958,O_right
106,4,396.67012244410415,429.4714372058476,D_top
106,5,532.5776533798854,648.7024677599316,D_left
106,6,471.1743434473922,904.0183974773026,D_right
107,1,690.6247428268184,632.0591184311243,O_top
107,2,396.2141135631865,344.73475289133364,O_left
107,3,702.0156390157571,1276.121157513658,O_right
107,4,401.3760406659276,438.93979577827736,D_top
107,5,542.5231298194255,654.8177739338878,D_left
107,6,484.4705723880029,916.9002394615356,D_right
108,1,692.2931339930523,641.0237314464825,O_top
108,2,382.5086515498953,331.148135855932,O_left
108,3,700.2767801748275,1278.2426587177422,O_right
108,4,404.4631718223735,447.6753041754194,D_top
108,5,554.1007713768256,665.7199542097932,D_left
108,6,489.2196437478229,928.0393430256196,D_right
109,1,694.9346014149222,647.206767162812,O_top
109,2,372.7402658099447,321.97249615584684,O_left
109,3,698.324391283569,1279.2164105834795,O_right
109,4,405.05962743574247,451.8825327912914,D_top
109,5,559.649216558045,670.86314304964,D_left
109,6,487.8219991722717,935.4791871266758,D_right
110,1,695.3908312869871,654.8926709165193,O_top
110,2,350.025436232345,294.8565286296754,O_left
110,3,696.8602966403901,1278.8897160800525,O_right
110,4,396.6046126936567,458.3882413238575,D_top
110,5,561.2091904787824,672.9111923039711,D_left
110,6,485.8897385188209,951.3352779818276,D_right
111,1,695.713707115924,658.717428414405,O_top
111,2,333.9935166802813,275.6886954604515,O_left
111,3,695.1917075540738,1278.637604877686,O_right
111,4,389.487748636526,452.08179393766807,D_top
111,5,561.0950603176987,674.3287751107889,D_left
111,6,487.2937400440188,961.2128795561392,D_right
112,1,695.2397863448797,659.2868950057527,O_top
112,2,354.9806956879056,299.73226097519284,O_left
112,3,690.403904432159,1281.4552412177543,O_right
112,4,367.7426319725451,438.3668003093297,D_top
112,5,558.4779870162994,682.3929923054358,D_left
112,6,494.9065545430611,974.565738188434,D_right
113,1,689.886664987031,655.3274873820005,O_top
113,2,364.6192014290387,309.6874463070492,O_left
113,3,687.8114042354725,1285.50476347035,O_right
113,4,347.5446337921844,426.48400850940334,D_top
113,5,553.6548363487038,687.8016246636474,D_left
113,6,505.5594487238128,987.4257649475286,D_right
114,1,686.3868332055819,646.2421155000814,O_top
114,2,355.2083998827813,294.43112339300774,O_left
114,3,680.0114183977735,1292.4130876068955,O_right
114,4,330.61251431452746,419.54797670596815,D_top
114,5,554.9126749542783,695.1970255244156,D_left
114,6,508.6061802145525,1003.733532482707,D_right
115,1,679.2177595040669,631.2893748849734,O_top
115,2,345.350861157118,281.82265030578225,O_left
115,3,674.8625888091132,1296.6068018777191,O_right
115,4,322.8729129737314,420.4352137479345,D_top
115,5,556.5241254985319,702.7785117015233,D_left
115,6,510.436711030227,1012.6870948662748,D_right
116,1,676.125284570571,620.8432031722979,O_top
116,2,332.72566024549354,265.7870801878047,O_left
116,3,670.7880384730491,1299.7758320699484,O_right
116,4,319.77686095295314,427.8065825107008,D_top
116,5,553.7909866376137,717.919027026109,D_left
116,6,513.0040197625777,1024.0450578399702,D_right
117,1,675.8941657566588,613.8195052978414,O_top
117,2,310.53913604166297,234.7539895032316,O_left
117,3,671.9366139695612,1303.890486449956,O_right
117,4,315.62744780057346,430.6953091313961,D_top
117,5,554.0770232715985,724.7096540216385,D_left
117,6,509.7348981734849,1027.5453617650417,D_right
118,1,673.6939437867189,609.798092608404,O_top
118,2,305.87339445569205,223.1798531744526,O_left
118,3,672.6168100733688,1308.7013518512738,O_right
118,4,312.3011492322428,438.1044757369117,D_top
118,5,553.0988978926227,728.7210022925348,D_left
118,6,508.5153112299572,1031.1129617214865,D_right
119,1,675.0523756195022,606.4083112394923,O_top
119,2,285.5506051898334,194.0527347249999,O_left
119,3,671.9135281651613,1312.007795461004,O_right
119,4,304.9582007881088,440.6689323411398,D_top
119,5,553.1313385064683,731.0366870193187,D_left
119,6,506.4363543312405,1031.77951646011,D_right
120,4,292.1998143028158,464.86747200870406,D_top
120,1,655.1769297982175,584.9539768818394,O_top
120,2,270.5921086165566,165.97733384247294,O_left
120,3,667.3420165531234,1318.1939937460447,O_right
120,5,552.8409357782361,732.1143092166749,D_left
120,6,499.41170014190817,1036.1286836326717,D_right
121,4,298.6458782024381,481.2870403917095,D_top
121,1,641.5754578328368,569.8160836112048,O_top
121,2,260.6987388383402,150.6860907132755,O_left
121,3,663.6734438109391,1321.776178727824,O_right
121,5,553.746515506693,728.9414747149079,D_left
121,6,495.11435292556814,1038.642142405096,D_right
122,4,304.99253818844073,497.4534047446848,D_top
122,1,627.1597896015808,556.0707330049194,O_top
122,2,271.5451586714128,158.05246550258093,O_left
122,3,660.4213224036878,1327.811455328893,O_right
122,5,550.5736395996679,719.3593481279232,D_left
122,6,493.3697637541779,1043.778969689147,D_right
123,4,308.40179279667007,500.4597099412912,D_top
123,1,622.2112771693464,556.0314179862116,O_top
123,2,277.0577159765151,158.71394103136262,O_left
123,3,656.4685539239362,1329.0253018042408,O_right
123,5,549.1753034219339,719.1839746726152,D_left
123,6,492.7130359146699,1047.0260423119637,D_right
124,4,311.7949516306041,503.4518217685342,D_top
124,1,609.0395311562747,547.4928968569594,O_top
124,2,265.2936256252331,137.12845716534446,O_left
124,3,654.5119168498587,1330.2240062385072,O_right
124,5,525.3532044827542,690.724714675194,D_left
124,6,489.7352567091617,1049.4502813774725,D_right
125,4,309.1419310751501,499.1502410503367,D_top
125,1,596.4172702389611,538.3414780045352,O_top
125,2,257.20348361459423,122.13341425927445,O_left
125,3,651.7530594110895,1330.2658855115833,O_right
125,5,515.2961261367493,678.8075456202059,D_left
125,6,488.4234846495697,1049.0366668886716,D_right
126,4,306.4757307251674,494.8272907464796,D_top
126,1,593.213650102627,538.7944247127801,O_top
126,2,274.1510186012782,133.90485260957576,O_left
126,3,646.0982412044738,1330.271836537647,O_right
126,5,509.71041565881006,677.4125998937905,D_left
126,6,488.3565086585092,1050.9246539956523,D_right
127,4,301.3840944163104,476.42750171987166,D_top
127,1,577.9974548998396,527.7460781351845,O_top
127,2,279.9094571989239,139.06088992457003,O_left
127,3,638.4047820637675,1331.7432961014576,O_right
127,5,508.5384041566047,675.6350151964637,D_left
127,6,489.4685648910384,1049.5921605810709,D_right
128,4,296.2107382442998,457.7323993303097,D_top
128,1,559.5851852898463,514.6802309289445,O_top
128,2,282.37944875123964,134.30709201118086,O_left
128,3,626.2521816098473,1335.8196395747882,O_right
128,5,508.9951696736745,673.693108129592,D_left
128,6,490.5340825279746,1052.2754678851347,D_right
129,4,299.6590462057976,445.33334187524935,D_top
129,1,549.9509704943409,509.1276931467438,O_top
129,2,284.6031390621455,130.69500121856032,O_left
129,3,621.781413572174,1340.9000213008396,O_right
129,5,510.35955722949154,671.2544187095324,D_left
129,6,490.51405086717045,1052.4066615826575,D_right
130,4,303.12451676747577,432.8725729755941,D_top
130,1,531.778446048534,498.5920569265113,O_top
130,2,286.7799826204796,123.71190689658972,O_left
130,3,616.7493539358941,1346.4221826758194,O_right
130,5,479.8993669412672,645.5805198796916,D_left
130,6,483.899814058315,1050.0268588659012,D_right
131,4,306.6072783791537,420.349630765204,D_top
131,1,522.6109497754239,495.1944746128744,O_top
131,2,289.0696086876491,122.51515023714369,O_left
131,3,613.2897483697827,1349.223156785912,O_right
131,5,465.6444337350106,633.4446684523197,D_left
131,6,479.1466045613951,1043.7578236069323,D_right
132,4,310.107460775662,407.7640487574264,D_top
132,1,512.4017895629429,499.84864176819286,O_top
132,2,285.86855093816325,115.66721385440216,O_left
132,3,609.629697736013,1352.2713093345058,O_right
132,5,449.477773451245,617.861162064854,D_left
132,6,467.7026692192849,1036.221712664943,D_right
133,4,313.6251949929564,395.11535578717496,D_top
133,1,507.8800418567839,503.79399334415456,O_top
133,2,280.1774432608801,107.9332892646495,O_left
133,3,606.7803816133427,1353.978481456732,O_right
133,5,436.3653642969792,605.053790592073,D_left
133,6,451.5572647252148,1026.5009083602674,D_right
134,4,317.16061338446406,382.4030759521261,D_top
134,1,494.38894522134814,502.2492423388684,O_top
134,2,262.42367669100247,84.80109156985225,O_left
134,3,600.845762219132,1354.8308811870245,O_right
134,5,436.7397846250864,602.7841748781941,D_left
134,6,437.71023499078814,1017.7522283396752,D_right
135,4,269.63796205581525,327.56708190270115,D_top
135,1,482.1900613456585,501.1731200052741,O_top
135,2,247.13747808904316,66.01184581629678,O_left
135,3,599.3797563502409,1355.9919281806162,O_right
135,5,430.12891011917327,596.6224167310183,D_left
135,6,434.2797783380661,1014.8871497657908,D_right
136,4,302.1542883565653,330.4580803969713,D_top
136,1,474.5850130644483,511.259396897728,O_top
136,2,199.99742842936087,13.161020903883085,O_left
136,3,593.6970698838542,1355.1610749156346,O_right
136,5,407.4486583863946,575.6075935543778,D_left
136,6,431.6750752568313,1013.0033230609822,D_right
137,1,467.3528607607848,512.0374638138092,O_top
137,2,229.92808206251263,55.57501848644021,O_left
137,3,587.3646492648194,1353.9078974861254,O_right
137,4,320.4698515265994,318.4472460023045,D_top
137,5,396.5974423527504,569.3776147907397,D_left
137,6,429.2372126445943,1011.912129505596,D_right
138,1,467.7404061188765,514.4150329602086,O_top
138,2,239.2610083279234,71.21164081827287,O_left
138,3,558.9620212622627,1346.9768553944136,O_right
138,4,332.4528369080313,322.75299211961294,D_top
138,5,386.5400756758438,561.7364660385355,D_left
138,6,428.2857478945661,1011.9581609239336,D_right
139,1,465.4636532316466,517.8877493094969,O_top
139,2,242.78725753975868,78.00588080931261,O_left
139,3,532.3011161246584,1339.34606546365,O_right
139,4,331.47455870473226,316.6107116009698,D_top
139,5,387.2632005917004,562.0799370413451,D_left
139,6,429.1344640070583,1012.0829071421166,D_right
140,1,464.7340410833947,533.2283684961569,O_top
140,2,244.30285873223156,80.60402643327801,O_left
140,3,542.7470202334454,1345.8396311918164,O_right
140,4,310.13396936644943,292.5416690778892,D_top
140,5,396.6906645318188,565.8993195574017,D_left
140,6,428.29789191436,1009.3014162776808,D_right
141,1,462.5432863122496,540.6153832320117,O_top
141,2,242.1012603485284,79.76741237198733,O_left
141,3,544.6916132588835,1348.9516656204842,O_right
141,4,298.2140254694832,280.14167776960727,D_top
141,5,387.7488824880689,559.1528824001376,D_left
141,6,429.2510206616638,1007.9366010147686,D_right
142,1,462.5631277780366,546.8782745851121,O_top
142,2,238.1497256796877,77.96838594803111,O_left
142,3,542.0281609526454,1351.7853947634137,O_right
142,4,289.155269277005,268.56619528240896,D_top
142,5,384.69645035058494,559.1664314499386,D_left
142,6,424.62167656558375,1002.9307388255396,D_right
143,1,460.0815089805752,551.7504577001099,O_top
143,2,228.8650749070929,70.09172448745998,O_left
143,3,540.1376006586584,1354.6438969873866,O_right
143,4,284.87398440212377,256.51966064287564,D_top
143,5,383.6957477419477,559.2995638769227,D_left
143,6,415.78629813930905,997.9670719965188,D_right
144,1,456.8795491484566,553.3748436077499,O_top
144,2,222.58736753688777,72.22944499834705,O_left
144,3,533.7788453000527,1356.6419528033432,O_right
144,4,282.2747803059142,251.3584060235035,D_top
144,5,373.7731105359382,559.7641335300942,D_left
144,6,404.2228880839301,989.7328936095964,D_right
145,1,454.4782464891172,554.0630131047307,O_top
145,2,215.48451766688444,71.07423109007621,O_left
145,3,530.131155507847,1357.592344921272,O_right
145,4,284.7347848843103,253.3434509723543,D_top
145,5,360.0799644708128,553.488664276915,D_left
145,6,386.7244755969344,975.711472642622,D_right
146,1,454.6443750193605,557.2255815219669,O_top
146,2,211.30866837219776,73.52883960066569,O_left
146,3,527.8063761532964,1359.7358705345978,O_right
146,4,284.92713133671447,252.78024170645003,D_top
146,5,348.6482676610094,550.1596318870781,D_left
146,6,366.8281018338562,956.4574314221628,D_right
147,1,448.7379632965326,555.5307853643274,O_top
147,2,206.93159476661523,76.34943941924398,O_left
147,3,514.208977687661,1357.660156525722,O_right
147,4,280.613260517108,248.33659087554972,D_top
147,5,355.9258246243135,561.9059403779246,D_left
147,6,355.6369045626698,946.4657881248412,D_right
148,1,437.38697621412285,552.7935177077387,O_top
148,2,215.8612911732268,91.9820450253185,O_left
148,3,499.7154789493841,1356.6844457924592,O_right
148,4,275.98262249584263,242.87377227045263,D_top
148,5,365.41192911970825,576.4477208156098,D_left
148,6,352.1159302286748,940.2933678081318,D_right
149,1,434.4266529581045,554.2344620170138,O_top
149,2,219.4086024966643,93.87419706128765,O_left
149,3,492.5294137708367,1357.1458607279071,O_right
149,4,275.13150745397434,242.89685521315133,D_top
149,5,368.6962656897605,582.9979260308298,D_left
149,6,350.5911008562666,939.0626191321531,D_right
150,2,219.16512995653744,102.02117288360054,O_left
150,1,428.176507716705,557.2061777315536,O_top
150,3,488.1747364209599,1360.456334793295,O_right
150,4,253.87312895698295,222.362473680204,D_top
150,5,364.71270155225767,585.2644757039134,D_left
150,6,345.21726998800546,934.1019628562136,D_right
151,2,214.3522253709899,110.94445111460657,O_left
151,1,424.54469132015936,558.4007393461236,O_top
151,3,483.6519689322012,1362.159125789827,O_right
151,4,246.6143831367912,216.6714441452322,D_top
151,5,362.1049288322933,585.7713242686261,D_left
151,6,343.8202018019278,932.095451198958,D_right
152,2,209.54637825827092,119.8546445664448,O_left
152,1,421.1336549080778,560.4393102946945,O_top
152,3,480.2438895228294,1363.6345554821762,O_right
152,4,236.03829709694384,212.30773628270117,D_top
152,5,358.5973182286492,593.1744601285051,D_left
152,6,342.12431630606346,931.8749894866744,D_right
153,2,198.62480016947524,131.85369875168743,O_left
153,1,417.151837867786,559.2671509465433,O_top
153,3,480.0335027849446,1365.1705555520948,O_right
153,4,235.79799444413547,204.92825896890452,D_top
153,5,356.5734688881112,599.6017530162533,D_left
153,6,342.94903961202334,932.1542811020136,D_right
154,2,187.6901589309616,143.86710484102343,O_left
154,1,416.11491826666304,558.2617854555373,O_top
154,3,477.43311431602734,1365.573199178641,O_right
154,4,229.2288320857685,204.03118805435685,D_top
154,5,350.34321097580903,604.4881618942065,D_left
154,6,341.54084605934173,927.8193123765908,D_right
155,2,176.74243109172463,155.89488859903557,O_left
155,1,418.3589394109232,560.7493239653984,O_top
155,3,476.2716625576604,1366.3014795049507,O_right
155,4,227.2375036943669,203.5074052476886,D_top
155,5,347.9337536314081,609.0097593462925,D_left
155,6,336.93182487395705,923.7999555277148,D_right
156,2,168.8677336680291,170.52476902884524,O_left
156,4,197.25985519085825,191.34960203548712,D_top
156,1,405.9576534812786,551.7074813977214,O_top
156,3,470.98068190382855,1365.6958060441189,O_right
156,5,344.27233060074343,613.2908525772998,D_left
156,6,324.7733292634327,914.9074710612028,D_right
157,2,162.80595751516773,181.7865427246549,O_left
157,1,399.0794681188461,547.6078546261656,O_top
157,3,466.771590683906,1364.6672683863276,O_right
157,4,205.05356251342897,192.52902760953853,D_top
157,5,339.7887994570815,615.7668163351284,D_left
157,6,312.55873990300387,908.8205249535354,D_right
158,2,156.7554609100385,193.0273608934444,O_left
158,1,399.6192603174537,550.9748969949385,O_top
158,3,455.3531006708742,1361.8383067296415,O_right
158,4,202.87467049455032,201.07192467642236,D_top
158,5,335.798922283627,623.2095475617089,D_left
158,6,309.25105855379053,909.1633180702074,D_right
159,2,150.71621239900583,204.24728197085037,O_left
159,1,401.8421247979524,556.1633776827441,O_top
159,3,450.81112165726296,1361.3952065964725,O_right
159,4,201.4153679645627,212.77503556136227,D_top
159,5,333.534824061057,627.3190132134544,D_left
159,6,307.31813462920513,908.918342037156,D_right
160,2,144.6881806452709,215.4463641754403,O_left
160,1,407.85274277269474,563.3670946562468,O_top
160,3,436.6380033572895,1360.3404002718596,O_right
160,4,191.9381565686304,216.47842301398765,D_top
160,5,327.5116212486555,623.8505196922354,D_left
160,6,304.5934542980736,904.6716248617474,D_right
161,2,138.6713344283318,226.62466550972368,O_left
161,1,412.5943137587316,568.8694191099582,O_top
161,3,428.4847403422725,1359.786156087078,O_right
161,4,187.50755612558493,223.4595598966892,D_top
161,5,320.03382386659433,619.5226564258825,D_left
161,6,304.9758097547094,903.3309097961576,D_right
162,2,130.98980983268882,245.84361698952043,O_left
162,1,416.4610283475802,569.7635156809747,O_top
162,3,428.4397011347571,1367.440200157852,O_right
162,4,189.7518157660866,233.5522194827109,D_top
162,5,299.87259002638314,615.9595616838276,D_left
162,6,301.15828707728537,901.7275701976534,D_right
163,2,123.34735586640056,264.96481488921813,O_left
163,1,414.94475526479687,563.5562152113903,O_top
163,3,434.0523422163868,1373.4189282911905,O_right
163,4,189.80517967423344,239.1150272107968,D_top
163,5,285.157166822167,606.6881432312097,D_left
163,6,297.64229236626403,901.0964849810732,D_right
164,2,115.74367519752153,283.9890031247086,O_left
164,1,421.6841453615919,560.2600686863204,O_top
164,3,431.8465884334134,1378.073930974768,O_right
164,4,188.9625105942067,263.82643274427585,D_top
164,5,260.88015226838644,607.4625028732611,D_left
164,6,297.0170890858817,900.0833663627848,D_right
165,2,108.17847350344748,302.9169180826009,O_left
165,1,424.8092140770388,558.097451418757,O_top
165,3,429.61922621255286,1380.0698180279812,O_right
165,4,185.59373436152683,279.053727728302,D_top
165,5,250.9315588148652,609.8056228976401,D_left
165,6,294.8653633246417,899.1743092425869,D_right
166,2,100.651459432937,321.749288715243,O_left
166,1,429.7515840039202,560.015357973713,O_top
166,3,430.2114175562588,1383.3903976067622,O_right
166,4,180.57470376510315,298.8612643141689,D_top
166,5,252.0651891577316,624.4363038979596,D_left
166,6,295.3527969684221,899.0363960612857,D_right
167,2,101.89399781764858,343.6098585936296,O_left
167,1,432.6388026852731,560.9975611589149,O_top
167,3,433.4933000234623,1386.9271241639815,O_right
167,4,170.85592050656993,306.8104683957917,D_top
167,5,249.4524971314569,630.1044328950937,D_left
167,6,297.0806904105938,898.7229672963653,D_right
168,2,103.12035542484143,365.1857523429039,O_left
168,4,128.05775651366952,295.1995542772294,D_top
168,1,436.5342089656038,558.847875306448,O_top
168,3,434.10789193328526,1391.721561306259,O_right
168,5,236.6123757114156,627.2927265713569,D_left
168,6,298.53578651563305,899.7058657772188,D_right
169,2,104.33084627762892,386.48249472133983,O_left
169,4,131.10464230623236,317.47077847626014,D_top
169,1,440.47675899163215,558.1275473626117,O_top
169,3,433.6518259512234,1394.7102186869606,O_right
169,5,221.13247109548635,618.6686845539102,D_left
169,6,299.806128621953,901.1361365102684,D_right
170,2,105.52577632562064,407.50546844617935,O_left
170,4,134.10712035085925,339.4174040595921,D_top
170,1,447.1706938989026,553.247288833717,O_top
170,3,458.2378843260149,1408.6270599817617,O_right
170,5,172.73973564784612,589.8066286381038,D_left
170,6,299.1996125185465,901.6200815923092,D_right
171,2,102.47301951874854,436.0296770032319,O_left
171,4,137.06615447475482,361.046476126135,D_top
171,1,453.8277995186223,555.3340310802363,O_top
171,3,465.57618510838586,1416.008757173393,O_right
171,5,158.61569235108377,585.5582376881634,D_left
171,6,300.2105143946952,901.96648933592,D_right
172,2,99.46293732480645,464.15514447597457,O_left
172,4,139.98268081354848,382.3648373631058,D_top
172,1,457.5821747129999,555.90541751809,O_top
172,3,465.1804617393937,1423.528125735339,O_right
172,5,143.879171178135,578.1738348647564,D_left
172,6,302.6558264806068,902.7549015108832,D_right
173,2,105.91344377966404,480.20217107709686,O_left
173,4,142.85760879870293,403.37913526351497,D_top
173,1,458.97667994700265,556.191855846576,O_top
173,3,462.9980951432619,1427.0765059957173,O_right
173,5,146.1501741131028,590.1109346193495,D_left
173,6,298.25684225936294,898.0998590934328,D_right
174,2,112.27303465793638,496.02302556505,O_left
174,4,145.6918221029754,424.0958290370092,D_top
174,1,461.8825936220702,558.6322618824405,O_top
174,3,451.2579902867976,1428.2455011223913,O_right
174,5,145.26231455373994,598.2744534475612,D_left
174,6,302.91779032055365,889.4245009321096,D_right
175,2,118.543618600534,511.6224560959119,O_left
175,4,150.72037912667724,444.0685091259407,D_top
175,1,460.3750576142526,557.2122987110685,O_top
175,3,443.65809471674334,1429.1673912169615,O_right
175,5,147.57720296105518,603.0245876570204,D_left
175,6,313.0121351581868,890.6932772968828,D_right
176,2,124.72705119409314,527.0050788418166,O_left
176,4,155.67162655493175,463.73412700788623,D_top
176,1,462.7405745848175,558.0466932586493,O_top
176,3,426.8507907058979,1431.542346274991,O_right
176,5,143.87537814622456,604.9325462707536,D_left
176,6,286.3326950480105,868.9314776331332,D_right
177,2,116.55431004183816,547.1112999957761,O_left
177,4,160.54733363691398,483.0997098772399,D_top
177,1,462.7309193129738,557.6179744278231,O_top
177,3,416.3703898821884,1432.008317827636,O_right
177,5,125.0977929246198,597.3026229166699,D_left
177,6,319.32089897508826,878.1188927056955,D_right
178,2,108.4278494308836,567.1036637815454,O_left
178,1,462.9391896932655,556.9626329338962,O_top
178,3,405.0849266209476,1430.199187897206,O_right
178,4,116.9958725290962,468.1202740760983,D_top
178,5,125.1253832415733,604.5274526934865,D_left
178,6,333.03936066543423,883.3651488724474,D_right
179,2,100.3472773554644,586.983134594597,O_left
179,1,463.189230322289,556.2353348053254,O_top
179,3,392.2239444880422,1429.4095982973251,O_right
179,4,154.35161799740266,508.9414953342783,D_top
179,5,123.38501810304476,608.068903291813,D_left
179,6,337.7007615660519,886.3338234264066,D_right
180,2,92.31220622451409,606.7506659695641,O_left
180,1,463.801026592091,555.034013061673,O_top
180,3,364.2115049747402,1427.690925531179,O_right
180,4,163.68607732432193,533.5714178819852,D_top
180,5,109.96636826695826,592.779275151621,D_left
180,6,334.78975345594125,885.2412704194439,D_right
181,2,85.76852636669442,618.6086678736451,O_left
181,1,462.3596813106512,553.0512925477375,O_top
181,3,344.53944255554546,1426.2321594583836,O_right
181,4,174.43015911282922,547.8052117395291,D_top
181,5,106.76356059288142,599.6034198927091,D_left
181,6,331.36481145926643,880.5303768052885,D_right
182,2,79.23814605026267,630.4425692730377,O_left
182,1,460.8498746994978,551.4733161569757,O_top
182,3,326.99714348954774,1426.9292263723687,O_right
182,4,175.94454794696503,556.0040914802588,D_top
182,5,121.67955590140048,609.5316910469953,D_left
182,6,335.669731518693,881.1775286012648,D_right
183,2,79.59008488582185,643.5658819191491,O_left
183,1,460.5733549333213,550.4548263084906,O_top
183,3,321.3058878641164,1426.458178764737,O_right
183,4,189.43538414017715,569.4050521041859,D_top
183,5,127.11514846067426,613.3962043488294,D_left
183,6,337.1935598058432,879.6597570413162,D_right
184,2,79.93913962385099,656.5816505554205,O_left
184,1,460.93014869213647,549.0923681523603,O_top
184,3,331.47172553882564,1430.6040967651463,O_right
184,4,200.06480201811277,576.932335462061,D_top
184,5,128.3646181871044,612.9461817687273,D_left
184,6,348.8110340549201,884.3764284869176,D_right
185,2,80.28534557194054,669.4911917531225,O_left
185,1,461.0973254466589,548.6547820531721,O_top
185,3,332.92851963589914,1433.7586574209877,O_right
185,4,212.5717679412072,587.3355202321968,D_top
185,5,127.54554977514417,611.2191459455704,D_left
185,6,354.1119987928441,888.0570169821408,D_right
186,2,98.9787650965805,695.4585721182306,O_left
186,1,463.5572521093984,550.8407026421146,O_top
186,3,330.3406384102481,1437.872438968036,O_right
186,4,225.61027413888263,601.7644606499059,D_top
186,5,122.13870230021207,607.2912673236591,D_left
186,6,354.63325063565674,895.7021148940781,D_right
187,2,117.10491192193663,720.6379433160703,O_left
187,1,464.7372392089408,551.1924440011582,O_top
187,3,324.0194088302726,1438.0312476916126,O_right
187,4,231.73259066652108,609.3150381317458,D_top
187,5,133.65961019550755,616.564883528057,D_left
187,6,356.4150319653595,901.4158290764116,D_right
188,2,134.68922189412933,745.0646387584961,O_left
188,1,461.5960614822715,548.6934344917584,O_top
188,3,309.6846287087243,1442.109539896329,O_right
188,4,234.69557376014623,614.5485468161484,D_top
188,5,126.5422063828309,613.8277635632228,D_left
188,6,352.71357738213294,912.6244561594368,D_right
189,2,129.28154533907588,754.684408618124,O_left
189,6,355.00338854378725,928.0258168122784,D_right
189,1,460.0518172792794,548.2094386018715,O_top
189,3,298.9453757163209,1444.622622777381,O_right
189,4,232.72107021446456,615.3419951963557,D_top
189,5,126.62022509099702,615.8880346869039,D_left
190,2,123.88289366286912,764.2881240305909,O_left
190,6,351.88824815514243,943.8885639476358,D_right
190,1,458.1135173103908,548.2489042575298,O_top
190,3,308.87403577387914,1444.6608389980292,O_right
190,4,224.4809429024936,614.0012504452641,D_top
190,5,118.00320567845468,613.9432940065522,D_left
191,2,118.49324429189612,773.8758251523234,O_left
191,6,348.800822363235,959.6101843326218,D_right
191,1,458.1762345827783,549.041511390023,O_top
191,3,312.6864704853021,1444.6015976218432,O_right
191,4,225.76377735297575,617.36085870488,D_top
191,5,111.36843811084417,612.7531690390484,D_left
192,6,345.7407429516501,975.1925529786772,D_right
192,1,451.7604398660556,538.040237244396,O_top
192,2,118.18892785338184,784.4196391386508,O_left
192,3,312.5316520376492,1444.8533591618186,O_right
192,4,229.61253166957792,619.5874373714281,D_top
192,5,103.6930449664932,612.136667429529,D_left
193,6,342.7076481980501,990.6375118284682,D_right
193,1,456.1374973105547,540.3513421320108,O_top
193,2,150.13598703145985,799.3619606573322,O_left
193,3,311.8513688823354,1446.2221261753157,O_right
193,4,250.16692957243325,634.6352320086615,D_top
193,5,96.22085987578738,610.645449075318,D_left
194,6,339.7011827316334,1005.9468704817034,D_right
194,1,448.3533212712929,532.3126719230011,O_top
194,2,174.8732137183964,816.8979695255138,O_left
194,3,310.54833481993467,1448.6908786288536,O_right
194,4,275.5018174009888,653.4879344858618,D_top
194,5,94.49716790419824,614.3851042444213,D_left
195,6,336.72099739433827,1021.122406901934,D_right
195,1,456.7726678953371,542.4296939561166,O_top
195,2,192.44375942853077,830.3995806323984,O_left
195,3,306.46391243874035,1450.251840131558,O_right
195,4,290.8798009885899,666.2157819444011,D_top
195,5,93.67012483561292,616.088592680495,D_left
196,6,333.7667491056636,1036.1658681048837,D_right
196,1,477.8209511773812,559.5035163796318,O_top
196,2,193.75416763599608,835.4296627135348,O_left
196,3,287.6465798219863,1457.7713694221711,O_right
196,4,309.39088232469226,681.1395361600332,D_top
196,5,95.66928896454988,618.853041925723,D_left
197,6,330.8381007310054,1051.0789708288935,D_right
197,1,479.7556750563038,564.6239361434439,O_top
197,2,196.15086263822772,839.8199648149879,O_left
197,3,277.7342065549753,1454.3850089821597,O_right
197,4,324.2568742302625,692.6059253810995,D_top
197,5,97.5869980367968,620.514882173596,D_left
198,6,327.9347209534071,1065.8634021880143,D_right
198,1,479.3315618819036,561.8646599230387,O_top
198,2,195.2946310004816,843.5747337373626,O_left
198,3,271.60430601104207,1454.822361951966,O_right
198,4,327.57225232949617,699.7721693290952,D_top
198,5,98.97267233270289,622.9212059253035,D_left
199,6,325.0562841486092,1080.520820308256,D_right
199,1,479.0145639013158,558.4759144015568,O_top
199,2,205.0382449071711,854.6885924618387,O_left
199,3,269.1089102689904,1455.6011547655896,O_right
199,4,330.32189900942444,703.507334773098,D_top
199,5,101.40113336914794,626.4854625350837,D_left
200,6,322.2024702633038,1095.052854947524,D_right
200,1,474.444585389708,553.7295425736716,O_top
200,2,231.17658662082863,875.1712858917715,O_left
200,3,266.44514487866223,1457.752131607065,O_right
200,4,329.9025846107558,706.3905140154972,D_top
200,5,96.62048370319204,625.9471063482279,D_left
201,6,319.3729646965084,1109.4611080997004,D_right
201,1,472.0533060650237,552.8318687541987,O_top
201,2,246.5993401828433,885.5606349469216,O_left
201,3,265.6504578564574,1458.500054228511,O_right
201,4,329.45858079144693,709.1592971709966,D_top
201,5,97.24597996460518,627.2680853973169,D_left
202,6,313.8103186278061,1128.3610147761349,D_right
202,1,496.9222484177832,579.9968907288011,O_top
202,2,264.31421148328087,895.8561202998045,O_left
202,3,262.9213862650901,1457.432693780554,O_right
202,4,325.2782880297959,716.4010135139669,D_top
202,5,93.33460962635914,629.229076231106,D_left
203,6,308.29920178973686,1147.085843326436,D_right
203,1,504.64193187433705,591.4224667331669,O_top
203,2,266.0919564717772,899.1400625983673,O_left
203,3,258.46581241600103,1454.7053899534983,O_right
203,4,322.4700422146398,724.7929656919387,D_top
203,5,90.25464927237353,629.470965954979,D_left
204,6,302.8389014765512,1165.638015273013,D_right
204,1,520.7506420307905,613.1033735690704,O_top
204,2,268.88132220263526,903.9505124948496,O_left
204,3,253.6503523290374,1450.6107685575182,O_right
204,4,329.4509213129503,742.2960926661133,D_top
204,5,93.20400558224728,637.4282324065789,D_left
205,6,297.42871806552085,1184.019907686803,D_right
205,1,527.1740618884788,620.2011958824178,O_top
205,2,272.7502274067157,908.5524431112456,O_left
205,3,249.59830073959864,1451.597955479029,O_right
205,4,332.7597727797705,753.7590583458696,D_top
205,5,96.1681363971297,643.0388847220993,D_left
206,6,292.0679647181024,1202.2338542025902,D_right
206,1,528.4262178479565,622.4444649710085,O_top
206,2,291.3971503160463,919.1160736341352,O_left
206,3,249.13750197312908,1447.523094244241,O_right
206,4,335.24380328947905,763.9574177375723,D_top
206,5,100.69752308239744,650.9862262219015,D_left
207,6,286.7559670892605,1220.2821460066343,D_right
207,1,552.1928135138098,636.9820617792218,O_top
207,2,309.287872175172,929.3825894373894,O_left
207,3,247.68057225090783,1445.635721176248,O_right
207,4,339.1934009283932,770.3329608633749,D_top
207,5,106.58286582144626,658.1445651367897,D_left
208,6,269.17563806573867,1249.5777240406412,D_right
208,1,592.1449192881033,684.9140112787244,O_top
208,2,333.32103953363645,943.316596595084,O_left
208,3,247.17129687987,1446.4719826473315,O_right
208,4,340.2634089990777,772.8584519599289,D_top
208,5,94.08037409338873,651.4555787190939,D_left
209,6,258.78057644032583,1272.3572096922946,D_right
209,1,609.6243038207509,705.0955850155847,O_top
209,2,341.8513575403744,948.7633535692688,O_left
209,3,247.39795960675983,1447.622925337413,O_right
209,4,340.8016192571548,774.9815746399903,D_top
209,5,121.86266466907814,673.6491964281456,D_left
210,6,248.4645046202688,1294.9635990023796,D_right
210,1,617.9646671318618,724.2135974150231,O_top
210,2,349.7733143718368,952.9788264551122,O_left
210,3,246.035035459805,1442.4174664907978,O_right
210,4,336.3382015897156,783.2362598213996,D_top
210,5,135.976448619454,687.8519707202619,D_left
211,6,232.77756110364717,1293.7756931066426,D_right
211,1,621.5602671865752,733.1801489415947,O_top
211,2,355.32199635297496,954.8973442742958,O_left
211,3,241.57015848909205,1438.793639619519,O_right
211,4,333.9044124788121,789.4470572832363,D_top
211,5,144.50982906027235,698.005538913911,D_left
212,6,216.80832818215373,1292.5664106280165,D_right
212,1,621.7777738833623,736.0893635214309,O_top
212,2,370.5679211794528,959.9791491998236,O_left
212,3,224.3165215249525,1435.4200221332833,O_right
212,4,338.28328473484544,805.3095770995362,D_top
212,5,148.226411777009,706.2500440252107,D_left
213,6,197.6468491232559,1290.4399483104266,D_right
213,1,627.1732103318736,740.1585136969836,O_top
213,2,379.8290648130563,963.9594427408454,O_left
213,3,173.44944519600162,1421.340931331937,O_right
213,4,342.8952036402957,820.5577653152902,D_top
213,5,131.4940108020673,697.1885986293964,D_left
214,5,139.1685289052215,700.0525532866883,D_left
214,6,219.70938282530295,1315.5850101503222,D_right
214,1,643.1687828597518,761.0760514477307,O_top
214,2,396.102936081352,972.976970740882,O_left
214,3,150.05006997165603,1414.1514197448269,O_right
214,4,349.7400282351021,837.4204640946642,D_top
215,5,146.14138207736468,706.2599982506347,D_left
215,6,240.83791381465517,1339.6655724958923,D_right
215,1,665.1639975211593,782.8802967508354,O_top
215,2,404.3791573423292,977.1106670594224,O_left
215,3,133.3672245352882,1408.010901126948,O_right
215,4,351.96652032990147,843.8815477195609,D_top
216,5,153.04708073268583,712.4076602309207,D_left
216,6,227.50091189376624,1361.8032693118305,D_right
216,1,686.0773565175933,805.9207862475166,O_top
216,2,417.0373629366733,983.7664120409788,O_left
216,3,129.32112310779328,1405.3440954725795,O_right
216,4,353.47911018399543,846.4726982484947,D_top
217,5,159.88659035478807,718.4963987302765,D_left
217,1,690.582585081617,814.3388103216384,O_top
217,2,417.8783932464766,983.954476214661,O_left
217,3,133.94389224720567,1404.8851610691495,O_right
217,4,353.77389713090264,847.5992450039832,D_top
217,6,226.93603053064217,1379.3270909070911,D_right
218,5,166.66085800780957,724.5270568538656,D_left
218,1,696.5420279469625,825.8351505476409,O_top
218,2,421.4253183132061,987.5490738850252,O_left
218,3,177.13745968133898,1415.7367910681105,O_right
218,4,353.64375952574693,851.8859505442493,D_top
218,6,221.9376130121941,1384.190446645208,D_right
219,5,173.3708127735981,730.5004616984701,D_left
219,1,702.3106954684599,834.3920618508294,O_top
219,2,420.3585235471934,986.9565990639614,O_left
219,3,198.06846197284443,1417.643966496112,O_right
219,4,356.0913757363423,856.7510276281247,D_top
219,6,207.19399764139013,1384.0389582878638,D_right
220,5,180.01736617648714,736.4174247306466,D_left
220,1,723.373866229407,860.4149000044706,O_top
220,2,437.8805487596687,996.2283172011564,O_left
220,3,208.83238562375368,1423.0926260885706,O_right
220,4,358.79542272895867,863.1291168499064,D_top
220,6,180.06504656578156,1383.9361782322128,D_right
221,5,184.83317892775125,739.5901319318926,D_left
221,1,731.6539028511315,873.612632703287,O_top
221,2,447.82654876470406,1001.184007940776,O_left
221,3,214.15183758482533,1426.283182040495,O_right
221,4,359.71153187087,865.3009993942055,D_top
221,6,151.94896958077692,1378.2170041808586,D_right
222,5,189.61945920965928,742.7433828371736,D_left
222,1,743.3424815113834,892.9235793974885,O_top
222,2,467.8877652919229,1011.1568661005152,O_left
222,3,210.97946279868617,1418.82355363946,O_right
222,4,365.6081499464378,866.0142415718391,D_top
222,6,171.23523275353116,1389.6802105451577,D_right
223,5,194.37647784898428,745.8773558699683,D_left
223,1,753.6571346542598,906.2880669049416,O_top
223,2,484.3507013684841,1019.2051152652976,O_left
223,3,201.288766258505,1414.1730226220182,O_right
223,4,367.8371691040431,866.0531680491879,D_top
223,6,192.55412709076012,1398.6178718118597,D_right
224,5,191.3466617119814,739.6960770240385,D_left
224,1,757.6814508712004,914.9399990367305,O_top
224,2,493.5711249403974,1022.5397077228756,O_left
224,3,204.65816197823264,1412.4232489517856,O_right
224,4,369.3541871639604,866.3726421436826,D_top
224,6,185.1998987523591,1391.3510709459497,D_right
225,5,188.29659037082627,733.4734745270097,D_left
225,1,756.5930841828851,918.9531443045404,O_top
225,2,498.45743919057134,1023.614696963804,O_left
225,3,204.62158008832765,1412.380322754393,O_right
225,4,370.4158683129129,865.489851802835,D_top
225,6,160.4887723613492,1383.551660306106,D_right
226,5,185.22606002637505,727.2091325980927,D_left
226,1,756.6785422729134,928.015780889215,O_top
226,2,498.24761930085873,1019.262025971522,O_left
226,3,204.093389221304,1414.8085993386849,O_right
226,4,370.2309890692552,859.8748732534096,D_top
226,6,177.94219572521223,1385.8372421488807,D_right
227,5,186.64805746622363,724.6952263837446,D_left
227,1,755.5944699095461,934.9345676061686,O_top
227,2,507.2432036772486,1022.58222405662,O_left
227,3,204.292078157972,1416.6494531845535,O_right
227,4,372.1741821319571,856.0442436941997,D_top
227,6,184.7318630446149,1387.4779037204964,D_right
228,5,184.4534745925528,719.7517956145131,D_left
228,1,768.391414817868,958.0055324391938,O_top
228,2,530.8150936751647,1031.558261920141,O_left
228,3,203.54034642000295,1417.1724761019782,O_right
228,4,375.5838660614954,855.6591438536433,D_top
228,6,177.62503216521287,1386.3665257532043,D_right
229,5,182.2477124771471,714.7831829265516,D_left
229,1,776.3702191375285,971.5130259239612,O_top
229,2,544.4038509423708,1037.4063768404446,O_left
229,3,203.2227751102952,1417.3889198585837,O_right
229,4,375.9471944146322,853.0653247767881,D_top
229,6,169.90459424915943,1384.5092871688057,D_right
230,5,183.99878438080452,709.1380721873192,D_left
230,1,777.1463844976613,985.7441366247024,O_top
230,2,566.2861746104741,1046.4703216092053,O_left
230,3,205.57310234746285,1419.6784490653242,O_right
230,4,377.2370258710059,849.8183843053534,D_top
230,6,192.6459936280498,1389.81689837775,D_right
231,5,185.75369162785543,703.4805970568026,D_left
231,1,777.1780853249394,990.7492159717996,O_top
231,2,575.5224467204463,1050.0913080659643,O_left
231,3,206.0389919105786,1421.2692417947617,O_right
231,4,378.4293348291548,847.2643399759478,D_top
231,6,199.2669494608545,1391.2811715065825,D_right
232,5,187.5124468328488,697.8107168681889,D_left
232,1,786.5687235084232,999.9118408335012,O_top
232,2,579.6082532234752,1052.361006103015,O_left
232,3,206.13709960138672,1423.4646184484902,O_right
232,4,380.0773008963236,844.067783899928,D_top
232,6,198.91357699235152,1393.4597469392984,D_right
233,5,189.2750626657105,692.1283907761286,D_left
233,1,789.5314040656954,1003.6704521933232,O_top
233,2,579.8682541081106,1049.1292710996845,O_left
233,3,202.53262435739876,1422.658085029306,O_right
233,4,380.5699215711919,840.9821386774178,D_top
233,6,203.19325785597627,1396.06442432231,D_right
234,5,191.04155185205155,686.4335777557573,D_left
234,1,790.9446493663274,1007.9639016309658,O_top
234,2,582.1087038881354,1046.3778694221137,O_left
234,3,198.9919150531296,1424.2984556891563,O_right
234,4,377.98043883583495,836.7542737762308,D_top
234,6,202.82758897436608,1395.6192427508463,D_right
235,5,192.81192717347596,680.7262366017092,D_left
235,1,801.0194096084149,1019.7832837355433,O_top
235,2,585.5816871286931,1045.5765824318016,O_left
235,3,189.015310173224,1423.8029299484383,O_right
235,4,376.46457377193855,833.5951075790942,D_top
235,6,202.58974907906628,1396.9615294436048,D_right
236,5,194.5862014678836,675.006325927119,D_left
236,1,809.1404389916936,1030.2175486485262,O_top
236,2,599.7372887384898,1047.1204881357953,O_left
236,3,208.33623998740077,1430.327901291117,O_right
236,4,374.6993901995601,828.5545558666105,D_top
236,6,201.55955948227188,1400.4593824645274,D_right
