1,1,993.1804687631192,1029.9961599992305,O_top
1,2,623.4149416362418,1383.3613196249885,O_right
1,3,596.0977372590279,97.93633987149168,O_left
1,4,861.1585762312754,1011.9706169902444,D_top
1,5,587.5569826336017,1264.379125338454,D_right
1,6,566.7899970134412,455.6140572248117,D_left
2,1,992.1869087498123,1029.6061721040892,O_top
2,2,626.5560896264615,1380.8304366447717,O_right
2,3,595.0586175099592,96.41027343591972,O_left
2,4,860.6519534834442,1012.762163343559,D_top
2,5,593.0779757230532,1266.7796124282863,D_right
2,6,567.7463858939492,456.6917239169162,D_left
3,1,991.802661457948,1029.8512659192222,O_top
3,2,632.1550654326688,1374.5755895387802,O_right
3,3,594.6513333757003,96.41897405152946,O_left
3,4,858.0954717503126,1012.4436275412644,D_top
3,5,595.8832273090602,1266.609827718726,D_right
3,6,568.2325520357607,456.2886679048492,D_left
4,2,635.7032531991988,1367.7890062381337,O_right
4,1,992.3728475948196,1030.5964299698471,O_top
4,3,594.5941394830186,96.51931825921164,O_left
4,4,856.4229664679701,1011.5942344004532,D_top
4,5,597.3277557735647,1265.4393077185016,D_right
4,6,568.4596481873941,456.04314235578767,D_left
5,2,642.1213275058665,1363.6853292863018,O_right
5,1,991.531887872836,1030.8059872615363,O_top
5,3,594.0586424387026,97.4588246314668,O_left
5,4,855.3181782151805,1012.3298121538252,D_top
5,5,598.07951589515,1262.146873772178,D_right
5,6,568.0090706748719,454.5300487365641,D_left
6,2,642.7138400093902,1358.8172111792935,O_right
6,1,990.666121393936,1031.7398344450808,O_top
6,3,593.8818945784119,97.7689210975221,O_left
6,4,854.1442087046578,1011.8684898089028,D_top
6,5,598.8748405982435,1260.0442112355847,D_right
6,6,568.5324396311978,455.20559173993854,D_left
7,2,643.3090028716298,1353.927317566816,O_right
7,1,989.86973088274,1034.3819630191997,O_top
7,3,592.7867900494862,96.8645623972698,O_left
7,4,855.0348884956946,1009.791494338764,D_top
7,5,601.1443415513575,1256.0944622866002,D_right
7,6,568.6607241088067,455.41427173002927,D_left
8,2,643.906833915368,1349.0155020158404,O_right
8,1,989.61780912738,1035.3066199208754,O_top
8,3,592.2267937181676,96.78643730580278,O_left
8,4,856.8369338833504,1006.8485876469824,D_top
8,5,605.6253182201381,1251.024109747434,D_right
8,6,568.6972812596792,455.4944103015354,D_left
9,2,649.2606228459263,1328.6024151228517,O_right
9,1,988.6340127973294,1037.009425778974,O_top
9,3,590.0668246896214,94.9091368149273,O_left
9,4,854.1412645343734,1007.2625725205806,D_top
9,5,609.5933606395419,1245.4342281229822,D_right
9,6,567.995120159388,454.5538955515154,D_left
10,2,654.6929447412499,1307.889895388092,O_right
10,1,987.3670327072932,1038.950194210731,O_top
10,3,589.2662625473827,94.18427346937604,O_left
10,4,852.9674200130859,1007.7869146317404,D_top
10,5,614.693842113409,1243.990802141719,D_right
10,6,567.7655139642071,454.23216717002913,D_left
11,2,662.5567230698682,1283.1847014885286,O_right
11,5,624.655269415838,1230.9259874217787,D_right
11,1,987.4562423191212,1038.8135423408185,O_top
11,3,591.3932769732559,97.89554398283366,O_left
11,4,854.14677757373,1005.5036246608424,D_top
11,6,568.422716687228,454.9650729267704,D_left
12,5,628.6011135710132,1224.6757153076535,D_right
12,1,984.4407275176952,1037.542757247253,O_top
12,2,680.6867499541263,1272.7759621721696,O_right
12,3,590.9180227783576,98.906510101674,O_left
12,4,854.8302461924554,1006.3095209401434,D_top
12,6,568.1962840095624,453.9243685596296,D_left
13,5,628.2721224737012,1225.1968417892022,D_right
13,1,983.0954087778258,1044.85748307451,O_top
13,2,682.1688071188506,1262.7564305796482,O_right
13,3,591.9086942259004,102.46530628516066,O_left
13,4,854.6888587135985,1009.1500938756742,D_top
13,6,568.9195447731643,454.2585929542674,D_left
14,5,629.5882732687483,1223.1120405936265,D_right
14,1,982.3621528558692,1046.372162164085,O_top
14,2,683.1260486730125,1254.6771916909795,O_right
14,3,595.421322591283,108.77654236050395,O_left
14,4,853.070905722729,1010.808757731324,D_top
14,6,568.8884732784804,455.0250263692066,D_left
15,5,635.517109342383,1213.720681654208,D_right
15,1,983.2830183210016,1051.054927947312,O_top
15,2,692.8875515841949,1242.4902383214471,O_right
15,3,595.8380912323448,112.76407400218852,O_left
15,4,850.5229120251877,1012.6115948488826,D_top
15,6,568.6182728807014,455.6294416326806,D_left
16,5,638.7770010633255,1201.558383735123,D_right
16,1,982.6871517672198,1052.695438969266,O_top
16,2,709.6937045974934,1223.418426565833,O_right
16,3,596.3016614827483,116.1341304001677,O_left
16,4,849.6024659962254,1015.1749215857736,D_top
16,6,568.194776387895,456.4958229473695,D_left
17,1,980.0565619618226,1058.4188211880548,O_top
17,2,722.1887761156867,1212.9149491750322,O_right
17,3,596.2379206983236,120.41675651958056,O_left
17,4,841.7713605682643,1016.462442371056,D_top
17,5,632.9677003663983,1175.4172983319363,D_right
17,6,568.2925784079642,458.4658910261319,D_left
18,1,979.363027621107,1061.559477619077,O_top
18,2,732.0494680755085,1204.0990022341634,O_right
18,3,596.3232614553261,121.65525254940488,O_left
18,4,837.715704981013,1018.774729815596,D_top
18,5,632.0010348853832,1157.662998209922,D_right
18,6,568.3034834169686,459.1589493472695,D_left
19,1,979.4899831800768,1066.420830554845,O_top
19,2,746.3203203453627,1187.3910000387418,O_right
19,3,598.7172693613185,128.35547778098498,O_left
19,4,835.3165897321353,1023.0386818766196,D_top
19,5,647.3857046759028,1149.501303207739,D_right
19,6,566.7847670264796,462.0384079919223,D_left
20,1,978.100908626336,1068.9295883570264,O_top
20,2,742.2890084521584,1168.45285259451,O_right
20,3,601.0647056698067,133.35695420877718,O_left
20,4,833.5143195110136,1026.114548999689,D_top
20,5,651.0679718753391,1138.9570661199905,D_right
20,6,566.9849435494531,463.97051398807184,D_left
21,1,976.2753559339112,1073.2554755496394,O_top
21,2,752.5253619319769,1141.7368023973347,O_right
21,3,604.2797098566504,138.49995211805532,O_left
21,4,833.1097017598124,1026.937789257152,D_top
21,5,681.24137576412,1135.804929473536,D_right
21,6,566.8751171075909,465.0099720715616,D_left
22,1,975.7936246097968,1074.5186964774011,O_top
22,2,757.3436021430962,1129.682358859077,O_right
22,3,604.0652559358604,137.85272774641103,O_left
22,4,834.1836261937713,1029.0368879428509,D_top
22,5,690.1190151029316,1131.786691810992,D_right
22,6,567.8763032167111,465.5692095909921,D_left
23,1,969.0213821535256,1080.7552039111026,O_top
23,2,761.1454929440449,1121.8736556224558,O_right
23,3,607.4166208443817,143.8842986806159,O_left
23,4,836.8334544795322,1033.843397652004,D_top
23,5,698.1590468804266,1125.1293900963635,D_right
23,6,567.9092750439696,466.5046298302219,D_left
24,1,964.5543537175909,1085.955776990505,O_top
24,2,761.38423048228,1114.7896740265735,O_right
24,3,608.4577222521186,146.29096108925103,O_left
24,4,841.9707330269025,1040.2307542498115,D_top
24,5,702.3750737784507,1120.9612554912476,D_right
24,6,569.1341103566141,471.0549936823905,D_left
25,1,950.995217026401,1082.9475284430284,O_top
25,2,771.846727636874,1116.5580440455044,O_right
25,3,608.3017204154097,148.24884561495037,O_left
25,4,844.6871025284544,1044.9791833297998,D_top
25,5,699.7913605969748,1107.1847935923445,D_right
25,6,563.8543085529965,472.0130654454173,D_left
26,1,948.6137303300068,1087.8321203439607,O_top
26,2,781.2841668741182,1117.4744101872386,O_right
26,3,607.4990462246091,149.81681378340815,O_left
26,4,844.9701702466177,1046.0582528747984,D_top
26,5,697.8847971212427,1097.0483154309825,D_right
26,6,558.7992891407131,471.1285911968453,D_left
27,1,946.6859169866811,1101.703646985548,O_top
27,2,793.6522020461542,1112.9234473483425,O_right
27,3,605.7370916914084,155.41295909931745,O_left
27,4,845.0601628597944,1046.343219359876,D_top
27,5,699.9499833121328,1084.6366931763546,D_right
27,6,552.5391875796852,469.672307349228,D_left
28,1,946.977263784818,1106.107499243975,O_top
28,2,804.5073168009479,1112.0647015991815,O_right
28,3,605.4342892209395,161.81419277969923,O_left
28,4,845.2900660317241,1042.3921697798812,D_top
28,5,698.4345513382048,1079.5752583011342,D_right
28,6,551.6641073600624,473.178739990285,D_left
29,1,939.9215952547164,1109.6317696060792,O_top
29,2,819.6002350410046,1115.2404501240146,O_right
29,3,605.2714623458559,171.6153069101458,O_left
29,4,820.4215741547325,1015.491459738866,D_top
29,5,696.4060845406676,1073.5910359756924,D_right
29,6,541.2827239864417,476.6912873307093,D_left
30,1,932.8189714490738,1113.1794938882797,O_top
30,2,819.5458885135672,1111.5022656024466,O_right
30,3,604.5559056041952,176.1862596415895,O_left
30,4,808.168524663348,1004.2465149654432,D_top
30,5,693.421914677044,1072.8926826953334,D_right
30,6,536.0053569192293,480.3730125252051,D_left
31,2,818.6355811508477,1106.1188406386466,O_right
31,1,933.3583397700864,1136.7022338650822,O_top
31,3,606.2218310589458,184.21174852764452,O_left
31,4,800.5680758355053,1001.579745033862,D_top
31,5,689.0740129152806,1069.0657901153156,D_right
31,6,529.2678219045274,483.4879503626738,D_left
32,2,818.6355811508477,1106.1188406386466,O_right
32,1,917.5268268917088,1145.3015622098926,O_top
32,3,608.3154314840551,191.91345637516147,O_left
32,4,797.8260203289356,1003.0471652320616,D_top
32,5,683.8014685864081,1062.3175583489565,D_right
32,6,522.7348010328427,487.2437609160201,D_left
33,2,818.6355811508477,1106.1188406386466,O_right
33,1,902.6269774264337,1165.3629886307972,O_top
33,3,607.5119634294135,194.78235946835764,O_left
33,4,794.6849791891651,1005.20642945639,D_top
33,5,662.7292705341447,1050.4465958072335,D_right
33,6,519.5511636009916,492.2674831230702,D_left
34,2,818.6355811508477,1106.1188406386466,O_right
34,1,895.4295498631755,1175.4205861857697,O_top
34,3,605.6446472242518,195.898336643343,O_left
34,4,792.8129392774198,1005.4259081752984,D_top
34,5,665.3805116651499,1054.506700249555,D_right
34,6,516.4053392336303,493.4162771964103,D_left
35,5,679.4501476615447,1063.8838534637257,D_right
35,1,883.1030928942355,1186.7607612555616,O_top
35,2,796.5015290855773,1093.9685664617666,O_right
35,3,603.8882631922795,197.96706055913347,O_left
35,4,787.6780170371095,1006.6663061364048,D_top
35,6,516.1638421512519,494.5643393066438,D_left
36,5,687.3796482651427,1073.772784745337,D_right
36,1,846.1248687749518,1179.6781088500552,O_top
36,2,809.9381655953495,1099.0538757295649,O_right
36,3,601.8500544227621,198.5572790367408,O_left
36,4,783.6835389752443,1010.6313856290456,D_top
36,6,517.9655587687624,502.8691910839386,D_left
37,1,823.5519939379005,1184.8474098735717,O_top
37,2,818.1178497896432,1100.015180986651,O_right
37,3,604.0202313103647,205.9081669662014,O_left
37,4,775.0471098778161,1013.5343141803966,D_top
37,5,666.4023010439529,1054.1979700018733,D_right
37,6,512.9474313220643,511.3288874459551,D_left
38,1,815.1878107512263,1187.360379345939,O_top
38,2,810.3840669021313,1094.7748825676274,O_right
38,3,606.8521826836898,212.1991379955415,O_left
38,4,766.4800166358256,1017.081513265018,D_top
38,5,678.4261736097183,1059.965369860503,D_right
38,6,504.1690264788315,517.7860417126835,D_left
39,1,799.31631052319,1196.9307401005997,O_top
39,2,787.5009725238057,1077.3871221119098,O_right
39,3,614.6477068925395,224.0615081824492,O_left
39,4,762.4156962408632,1027.9976439457207,D_top
39,5,651.6040292062081,1052.5217987082974,D_right
39,6,495.5571547759906,518.4839970104161,D_left
40,1,786.7886057404196,1209.3540081711296,O_top
40,2,782.675967446563,1072.9024229243205,O_right
40,3,616.7985459972144,227.334418250917,O_left
40,4,764.3500463041867,1036.9638461163315,D_top
40,5,623.1288508310153,1048.483227063478,D_right
40,6,491.0183490081885,520.9697412068382,D_left
41,1,748.3682598165632,1205.6456027769436,O_top
41,2,792.1857813704701,1076.4298765424378,O_right
41,3,620.783168925825,232.29824004752595,O_left
41,4,760.6404918739524,1035.6170406979716,D_top
41,5,605.944282090798,1049.4753270912995,D_right
41,6,489.9133142177151,538.7457561262221,D_left
42,1,746.9162477015088,1217.4251518372969,O_top
42,2,797.4338899192178,1078.665841122891,O_right
42,3,620.9598944428665,231.36274428142423,O_left
42,4,758.0021584240914,1037.2125931631658,D_top
42,5,593.9617757672382,1046.3753545845734,D_right
42,6,485.8226135084237,549.5615623511051,D_left
43,1,739.4869601386621,1229.180570845035,O_top
43,2,792.4600024114305,1073.7023783826662,O_right
43,3,621.2913905488089,230.31703715962152,O_left
43,4,741.4099675500471,1029.4328387090943,D_top
43,5,603.5960032209447,1058.8566356893675,D_right
43,6,481.0302121667834,565.6271689100415,D_left
44,1,734.6963688856316,1237.3509382722686,O_top
44,2,794.3265271578566,1075.173878936405,O_right
44,3,621.1979560166866,230.0056613570285,O_left
44,4,710.530277906364,1007.79993270436,D_top
44,5,602.5910218653245,1070.9030821798333,D_right
44,6,473.401779807709,577.4066492540337,D_left
45,6,471.8201100165487,593.804672127792,D_left
45,1,727.2715681576055,1251.4375260273405,O_top
45,2,783.2261366662433,1061.8634629458052,O_right
45,3,621.2839375152698,229.54169669117675,O_left
45,4,698.7042654495198,1001.2675131637588,D_top
45,5,573.4615363405379,1054.227649123867,D_right
46,6,463.1523832880674,594.2622232856219,D_left
46,1,720.2268624551524,1258.554362425974,O_top
46,2,787.2364744328954,1059.2893225742514,O_right
46,3,622.1683002394594,232.2649938664858,O_left
46,4,684.1614943123748,991.7999462252272,D_top
46,5,584.9028631403631,1066.8050717221886,D_right
47,6,453.95973114677327,595.5106883020372,D_left
47,1,713.5760529806686,1264.342703219662,O_top
47,2,798.040842531459,1057.2435416987546,O_right
47,3,622.2339082219304,236.07798273097387,O_left
47,4,684.2416494440956,997.1437971121704,D_top
47,5,587.1200571210443,1079.1024979070178,D_right
48,1,708.8240638443602,1266.8001359139057,O_top
48,2,801.0171862260493,1054.4391853454624,O_right
48,3,622.0630430058454,237.62737412643932,O_left
48,4,682.3904338819698,1000.1128836204756,D_top
48,5,584.1271546731965,1090.187265540292,D_right
48,6,437.89110060250925,600.5074088248043,D_left
49,1,692.3943395724131,1267.7466485561715,O_top
49,2,803.8246188412638,1052.6044483466442,O_right
49,3,620.91502092841,237.57199266677628,O_left
49,4,680.0813593275182,997.379029722322,D_top
49,5,583.723274592438,1098.3952408823209,D_right
49,6,427.1542202258,607.1189515877717,D_left
50,1,672.078780337272,1266.3167710421417,O_top
50,2,804.3314061658464,1050.7811847704115,O_right
50,3,620.4473512588038,237.43828103454567,O_left
50,4,680.0413096807995,998.2500656911524,D_top
50,5,583.3624958529348,1104.4016125328765,D_right
50,6,421.6364078341461,610.0615817207091,D_left
51,1,658.7645335154452,1271.2013182920616,O_top
51,2,798.2634840336257,1040.3831838923654,O_right
51,3,619.0478849690701,237.0282222393537,O_left
51,4,679.6846347496725,994.6208289003188,D_top
51,5,585.8515212370919,1117.0828210218351,D_right
51,6,420.5473417160539,620.7283751426866,D_left
52,1,648.7624437985684,1271.8252054198026,O_top
52,2,794.2195901236836,1029.1561918434682,O_right
52,3,618.5233731588792,236.8335272679833,O_left
52,4,680.9667996033776,994.1808496840594,D_top
52,5,585.7061024348333,1123.7755570839822,D_right
52,6,416.50356106793294,626.8012153604874,D_left
53,1,621.4139069401845,1270.0454983408547,O_top
53,2,792.554322302483,1013.0637078303816,O_right
53,3,617.2180708804988,236.09718964140984,O_left
53,4,683.3031462582388,991.2394205328262,D_top
53,5,582.1868854969468,1131.8771474659536,D_right
53,6,410.0982488981143,641.9814344177801,D_left
54,1,616.6159412887686,1273.6512078143958,O_top
54,2,790.8063583447814,1004.890543054044,O_right
54,3,616.460315899087,236.3033212523956,O_left
54,4,685.2265192636976,986.372647655952,D_top
54,5,577.897070976506,1134.8689978028044,D_right
54,6,409.1258789340236,651.9160631517458,D_left
55,1,605.0284331905447,1282.9602497553062,O_top
55,2,795.8786155452019,993.0257409785188,O_right
55,3,617.0678805285427,239.3489978865413,O_left
55,4,682.5909181985253,980.5194828943428,D_top
55,5,575.1895188523949,1140.1204855178432,D_right
55,6,403.14362373179046,656.7601180382621,D_left
56,1,596.6690310005727,1289.366248156731,O_top
56,2,796.1805623789703,985.138068090124,O_right
56,3,616.3161072038536,240.0188911078725,O_left
56,4,677.596728871187,970.3486003580932,D_top
56,5,571.2917217295563,1144.3534492540557,D_right
56,6,400.886913362168,660.79180073004,D_left
57,6,394.7044601172232,653.1969268185,D_left
57,1,592.3083950475385,1298.379566703103,O_top
57,2,796.3301886746822,976.10424821379,O_right
57,3,616.5885059115261,241.43547201470028,O_left
57,4,668.2875653615405,951.1398823722932,D_top
57,5,556.3103480219291,1145.7612742187475,D_right
58,6,394.7044601172232,653.1969268185,D_left
58,1,590.6520215089284,1302.293074502118,O_top
58,2,764.7862060519668,945.9293957491346,O_right
58,3,616.7450389571408,241.9506949763129,O_left
58,4,659.6318755044759,934.1005700003054,D_top
58,5,541.2862249740252,1141.2477735423447,D_right
59,1,589.7433913394194,1308.7516985156233,O_top
59,2,750.5354821233196,928.7928170810804,O_right
59,3,615.576329943513,239.56554543578665,O_left
59,4,662.2117541144438,923.6690806033648,D_top
59,5,523.7768007366227,1148.2830419239865,D_right
59,6,370.2737765775598,647.3948773647982,D_left
60,1,587.858955113064,1311.9335301389622,O_top
60,2,743.3213011372599,918.9364142952078,O_right
60,3,615.8992461026044,239.63741014680704,O_left
60,4,664.435733049121,920.8627678298852,D_top
60,5,515.4262137247002,1153.9083099897937,D_right
60,6,395.1023573720592,672.2204774670197,D_left
61,1,586.011702319435,1321.3251513843431,O_top
61,2,735.0495723008335,905.4193708223262,O_right
61,3,615.681868346982,237.80685656767716,O_left
61,4,667.818269395408,916.092191254368,D_top
61,5,512.8844172595425,1160.549117723491,D_right
61,6,399.2108852125506,679.6547869632883,D_left
62,1,583.0463214192538,1326.8154599493837,O_top
62,2,729.0197349997117,895.9301376859937,O_right
62,3,615.9198879933878,236.6065850285182,O_left
62,4,670.5402607754112,912.391328836957,D_top
62,5,510.6955898209479,1165.3102792012633,D_right
62,6,415.6823278445154,694.2320032038632,D_left
63,1,581.0260797732585,1332.485829187395,O_top
63,2,710.3043370043272,874.0770919098005,O_right
63,3,616.1022878395341,235.8177488023279,O_left
63,4,671.699534012994,908.5700095158722,D_top
63,5,506.11723123318336,1173.5067898219704,D_right
63,6,405.8887377304261,686.5876761181697,D_left
64,1,579.8839764388118,1335.5599380305089,O_top
64,2,687.6922933306695,850.9359451074968,O_right
64,3,617.865355217359,237.34124659282597,O_left
64,4,673.470208168939,907.8241458948304,D_top
64,5,505.6213811041139,1174.6563771332185,D_right
64,6,387.81716707975966,668.345220410131,D_left
65,1,577.1289332134603,1336.4312176121116,O_top
65,2,678.2475334779555,838.8160976018755,O_right
65,3,618.6778670601591,237.66765107839336,O_left
65,4,672.2917073879208,905.663181036147,D_top
65,5,503.72706353400594,1180.663911626912,D_right
65,6,396.8413002535421,675.2507575800392,D_left
66,1,579.5756796750528,1333.5715106329944,O_top
66,2,668.723862327559,828.1389453481652,O_right
66,3,618.5628930299728,236.29307373343872,O_left
66,4,648.5038909941245,887.3252148518923,D_top
66,5,502.12056000256575,1184.4730784059614,D_right
66,6,398.4729496987194,676.2513870815019,D_left
67,1,582.1951182482868,1325.8088534653723,O_top
67,2,658.3757100179394,819.060356215515,O_right
67,3,619.0945139173499,234.7444412360161,O_left
67,4,613.4331435312694,861.4253176053604,D_top
67,5,499.3876450215488,1189.5012324376476,D_right
67,6,390.44260932479193,662.4809855803223,D_left
68,1,583.205241588978,1325.0197299984682,O_top
68,2,650.4131527591779,811.7067814820808,O_right
68,3,618.6010743976701,232.76005523490372,O_left
68,4,598.5125240514972,850.5344774380727,D_top
68,5,499.3893781106327,1189.8429081795516,D_right
68,6,396.49995653812056,661.695998500961,D_left
69,1,591.1905578380614,1322.711825192619,O_top
69,2,606.8679119611086,771.912544187307,O_right
69,3,618.4479356426457,232.0778795892439,O_left
69,4,590.4478018274039,842.2245725035974,D_top
69,5,498.3042644006304,1191.8579896674623,D_right
69,6,395.9687190879819,654.8923980833756,D_left
70,1,597.693310471415,1318.427408684908,O_top
70,2,577.7705178263021,746.0746644644166,O_right
70,3,620.6479678096796,234.8921466143861,O_left
70,4,587.3312537826446,839.6687265944943,D_top
70,5,498.3287997644638,1192.076456708622,D_right
70,6,397.2006353867118,649.9382980737164,D_left
71,1,612.5601903847942,1305.0771544745617,O_top
71,2,556.7999718967767,728.4479044133876,O_right
71,3,632.1805896033911,250.13779911578297,O_left
71,4,585.1466309728031,835.1133686462515,D_top
71,5,497.1474130664005,1194.075103287552,D_right
71,6,400.333616037045,643.3436320584445,D_left
72,1,625.2844949914645,1288.9629108925951,O_top
72,2,550.5740624282229,723.4258751285192,O_right
72,3,638.9143276373412,258.26461713779315,O_left
72,4,565.9802986304483,818.7203028358343,D_top
72,5,491.2145246386349,1188.0107430378812,D_right
72,6,395.5915861010069,630.9253326519814,D_left
73,1,633.9624102307487,1278.5661956897734,O_top
73,2,541.7925373273001,714.053589212673,O_right
73,3,648.9008958581404,268.3684704965481,O_left
73,4,539.4335330840509,801.3892965024446,D_top
73,5,486.728780470541,1189.517426143842,D_right
73,6,403.2234704564148,621.3784131471923,D_left
74,5,480.8674709822876,1177.9987288181867,D_right
74,6,415.098128646684,602.9965883453602,D_left
74,1,638.5185000287364,1272.69806186451,O_top
74,2,538.8313804078635,709.6370710424376,O_right
74,3,655.3791186808662,275.9636899114653,O_left
74,4,525.3358362400957,793.5908559915564,D_top
75,5,489.1702180468155,1164.5054123726004,D_right
75,6,428.9217526631113,609.1296280853121,D_left
75,1,622.7392350816361,1248.877964954841,O_top
75,2,523.6796048203832,696.4397894489451,O_right
75,3,666.2996781969471,287.81647184917006,O_left
75,4,510.3426770618138,786.7574666136751,D_top
76,5,497.0034277638003,1160.6792514407834,D_right
76,6,435.7476182998248,612.1580166728342,D_left
76,1,622.8013330646627,1233.3058391691156,O_top
76,2,511.2989916253828,685.0479274752165,O_right
76,3,670.5534987816791,291.65254801438255,O_left
76,4,500.6973015190592,790.486340909965,D_top
77,5,510.5604418620538,1147.5155475729543,D_right
77,6,442.51713240591937,615.1614041335683,D_left
77,1,632.444043791319,1210.332414988608,O_top
77,2,501.2048004022248,674.0939629442984,O_right
77,3,672.6617503692624,291.6412373888913,O_left
77,4,491.63065708749264,789.3990499341052,D_top
78,5,523.5224552869955,1135.2815017944176,D_right
78,6,449.4587501584985,617.7494460677726,D_left
78,1,634.2104841538929,1198.496626657232,O_top
78,2,496.0118678625836,668.14547442033,O_right
78,3,674.8141076419748,293.1206304380922,O_left
78,4,453.76820583644025,763.4000444379675,D_top
79,5,536.4310671155495,1123.0978584922111,D_right
79,6,462.7079860852157,609.4144487288381,D_left
79,1,635.5415087065712,1184.6860194629571,O_top
79,2,485.53852945309393,659.890213102646,O_right
79,3,678.5601810327373,292.5785523897744,O_left
79,4,437.7981596142112,756.8726354992336,D_top
80,5,549.2866066794484,1110.9643068304072,D_right
80,6,478.9190785491898,624.0520659578283,D_left
80,1,627.9195217666036,1168.6685152506743,O_top
80,2,471.54144116528937,648.6934089799706,O_right
80,3,677.692510681324,287.49403493928827,O_left
80,4,432.0411117738371,753.7705698761645,D_top
81,5,562.0894006079604,1098.8805385237652,D_right
81,1,638.0750646692518,1146.5046849132827,O_top
81,2,426.2591207594057,610.8921954498003,O_right
81,3,678.2753264078251,287.7862846331405,O_left
81,4,424.28758524568735,749.5188811140649,D_top
81,6,487.465723700938,610.8576359828552,D_left
82,5,569.8232835778114,1090.6709406952275,D_right
82,1,642.1584945779007,1133.593227173871,O_top
82,2,394.8532699854875,585.7496506295877,O_right
82,3,678.4106050109339,287.8412663774089,O_left
82,4,418.3888360653149,746.1472470241442,D_top
82,6,491.4814203184544,607.6229201249641,D_left
83,5,577.5443517119583,1082.4749459490986,D_right
83,1,645.3077693116705,1122.1241830436888,O_top
83,2,423.82461139238217,619.3875174864335,O_right
83,3,686.1078613488428,297.695514885357,O_left
83,4,404.16340674718816,735.5811533177432,D_top
83,6,498.6060237747781,592.2634460248811,D_left
84,5,576.6209885439187,1066.7166763090063,D_right
84,1,650.2609456328346,1109.773444019887,O_top
84,2,436.400045588606,633.7941455822619,O_right
84,3,692.9874643273604,306.5424971114423,O_left
84,4,394.1748972810188,727.9503228758607,D_top
84,6,503.75762361799326,584.0299260290341,D_left
85,5,554.8358767233987,1030.4140316149328,D_right
85,1,627.8084938044918,1072.255486824095,O_top
85,2,440.9259260491048,639.0012045213133,O_right
85,3,701.207666247041,322.42028973378325,O_left
85,4,370.3944488964002,710.9238945527923,D_top
85,6,468.0023220287963,534.8127690781571,D_left
86,5,560.2630897568464,1012.2921997688333,D_right
86,1,615.8236157780211,1057.6722913392744,O_top
86,2,441.35632869576193,639.8410821295569,O_right
86,3,708.8029450971054,336.3973130624323,O_left
86,4,360.3336923410472,700.8217957003196,D_top
86,6,518.6592400945912,569.741087155215,D_left
87,5,565.7432168934657,993.9936841489356,D_right
87,1,619.3494756094619,1032.3355248521602,O_top
87,2,398.1755878745235,602.6417791962358,O_right
87,3,712.6215797910346,345.4962257884603,O_left
87,4,359.2172030273922,696.299696058466,D_top
87,6,563.6585234441126,597.9899885089209,D_left
88,5,569.5707677912997,978.302565640306,D_right
88,1,621.5553288671817,1019.5803464978732,O_top
88,2,376.5411209857593,583.9216220246857,O_right
88,3,713.4111718989881,349.3105885803853,O_left
88,4,358.8021711167932,693.2538905588166,D_top
88,6,582.6513892520401,608.2969043134457,D_left
89,5,573.4340865576726,962.4648160667904,D_right
89,1,623.7605334789121,997.7370637264768,O_top
89,2,370.2320687106463,576.1353753316506,O_right
89,3,714.8679713844333,346.45450946307443,O_left
89,4,360.8847327554884,684.976498307251,D_top
89,6,591.0080357158398,606.2564090460476,D_left
90,5,587.3057853290693,958.8071632594398,D_right
90,1,628.231738028681,989.6336079007248,O_top
90,2,369.0211871081387,572.749935807989,O_right
90,3,714.923068727818,343.85428718511497,O_left
90,4,360.3392059779897,680.7684607394561,D_top
90,6,600.0443197644614,596.5430217593484,D_left
91,5,590.2924216572442,944.4599531069416,D_right
91,1,632.6911310774922,974.9008277864016,O_top
91,2,364.9669497365824,563.873145678124,O_right
91,3,714.8493097712828,340.6730975159446,O_left
91,4,362.94991332004497,680.046075890941,D_top
91,6,603.4568668571387,590.4330338925906,D_left
92,5,593.3062224409625,929.9822502832408,D_right
92,2,348.2519296399866,526.6720048698182,O_right
92,1,633.4130224784336,966.2505733389554,O_top
92,3,718.5728818524892,342.5686934134936,O_left
92,4,364.2185426411234,678.0052814644265,D_top
92,6,602.9757692665033,590.2456800550862,D_left
93,5,593.4599528392674,920.0962991917831,D_right
93,2,352.8529207591204,518.5983591597436,O_right
93,1,636.3998713874172,962.0302301624064,O_top
93,3,722.462335927056,344.6684291425441,O_left
93,4,363.973086349503,674.6387687102102,D_top
93,6,607.1925371238572,589.4976876977817,D_left
94,5,598.6759459189376,921.2050158109532,D_right
94,2,357.46024607230265,510.5135984448184,O_right
94,1,639.01783355299,961.053076238736,O_top
94,3,724.55757114443,345.96969834749484,O_left
94,4,362.65229670075735,673.882739110498,D_top
94,6,607.7223142449178,586.9938124022914,D_left
95,5,562.2424634906305,891.4887506879525,D_right
95,2,360.3281106246444,496.9193242924275,O_right
95,1,639.4750734448421,954.0411322421628,O_top
95,3,728.0089190299739,341.84402419692736,O_left
95,4,361.5813580349382,675.2780784089147,D_top
95,6,598.5731536387046,556.8223131676971,D_left
96,5,568.1132001789714,892.0815269885434,D_right
96,2,363.2145420351509,483.2370393726424,O_right
96,1,641.6178073674582,951.5434493165412,O_top
96,3,727.8691164113083,340.3835363989757,O_left
96,4,355.9561617061955,671.7187030152331,D_top
96,6,598.9654675725167,551.0170044602004,D_left
97,1,638.9898010042506,945.846000021928,O_top
97,2,347.90843626094085,452.0039765953855,O_right
97,3,730.3723611915077,339.2919510359149,O_left
97,4,322.2695529474126,643.4020659490551,D_top
97,5,537.5787677837169,860.0288949856741,D_right
97,6,601.9941987770154,543.5829875031859,D_left
98,1,640.1810946496811,945.6986853776546,O_top
98,2,354.06984558299075,450.40893064248536,O_right
98,3,731.2592773170655,336.7531974981071,O_left
98,4,298.6246658574269,623.3691451712315,D_top
98,5,535.9942865729247,857.7478158705798,D_right
98,6,613.5702494560937,545.975943931337,D_left
99,1,644.8575374801625,952.3011343367244,O_top
99,2,337.95234117491697,403.5382374077682,O_right
99,3,733.889285982229,333.6216276268766,O_left
99,4,295.847705772663,614.0559343613751,D_top
99,5,528.8246194883204,850.6083727382986,D_right
99,6,626.8173323766913,546.407534353858,D_left
100,1,648.3121713760971,957.408892112762,O_top
100,2,331.8492060135307,382.2261369314188,O_right
100,3,735.322313115921,331.4657118293741,O_left
100,4,296.2712303556212,606.6821402947164,D_top
100,5,528.4816081976081,849.1813842624517,D_right
100,6,631.8415408281622,546.4602207605146,D_left
101,1,652.4334617147935,967.904886132569,O_top
101,2,333.13716338469965,368.877850933774,O_right
101,3,733.8858107626754,333.8881693281322,O_left
101,4,296.8912156405392,591.0402998711265,D_top
101,5,531.8664254766538,850.7561401894067,D_right
101,6,636.1813936811203,536.2953817224302,D_left
102,1,658.021805790683,978.1645976961918,O_top
102,2,332.634685262589,358.2582174618417,O_right
102,3,732.0898196953535,334.8305485335204,O_left
102,4,294.780615722557,582.6662936105006,D_top
102,5,533.3769939271729,851.0061385305337,D_right
102,6,639.787334222407,527.1041076315815,D_left
103,1,659.7591718336855,984.9675185890547,O_top
103,2,333.0803336354871,336.52621903728203,O_right
103,3,725.8478595531961,334.62580186229866,O_left
103,4,296.66226763198176,565.2448877210553,D_top
103,5,531.7823369300077,847.688855587837,D_right
103,6,621.959170241061,481.2232426775555,D_left
104,1,661.0163357074558,986.627283701882,O_top
104,2,333.54088320474204,325.524984163625,O_right
104,3,727.0981638619874,330.41071412354376,O_left
104,4,303.6383186044672,556.6231085564217,D_top
104,5,528.1109666752926,838.0854306864317,D_right
104,6,632.0485236444998,479.9476664420378,D_left
105,4,308.1434871236649,545.3587353025831,D_top
105,1,664.4029722452719,987.4288404495244,O_top
105,2,317.19268557648417,296.15164685770804,O_right
105,3,725.4822947778813,326.27922735326894,O_left
105,5,513.4875483368382,828.7525683567994,D_right
105,6,619.9305660078858,468.5679325159381,D_left
106,4,311.0627757321651,540.2133796450285,D_top
106,1,665.5789773494065,987.7796437576628,O_top
106,2,312.0952238334913,267.3689162221126,O_right
106,3,720.8019074688686,319.83907448744776,O_left
106,5,470.0710636773513,792.0073984749465,D_right
106,6,630.4015623742112,478.93063622829,D_left
107,1,664.6434058848364,990.032264833703,O_top
107,2,314.4235795828621,247.32388456350327,O_right
107,3,714.8662906224068,312.4249088581197,O_left
107,4,275.7224108713107,493.4315112656275,D_top
107,5,509.8316521928846,832.6691245198721,D_right
107,6,632.2734715185968,472.3487885728071,D_left
108,1,660.9754212534912,991.1158764351668,O_top
108,2,315.5982050545941,237.0116576016961,O_right
108,3,712.2150394993952,308.24559048024184,O_left
108,4,307.03541739349515,512.9412639996883,D_top
108,5,494.6139750072542,821.5174986140961,D_right
108,6,631.990520467411,467.5535344730358,D_left
109,1,657.3472392454536,1000.03279481499,O_top
109,2,319.3036906125801,221.8689130826196,O_right
109,3,711.1145668969558,306.9824844226559,O_left
109,4,290.0518281093306,483.4173316066792,D_top
109,5,513.0840734875247,835.0406426675772,D_right
109,6,632.017416797003,459.6920758744684,D_left
110,1,656.8357733560471,1006.980433687982,O_top
110,2,319.2472561947764,216.66999534258676,O_right
110,3,712.125507790096,310.2985846891597,O_left
110,4,287.923227423517,472.1006004847373,D_top
110,5,517.211759172378,842.1516617053304,D_right
110,6,630.8106364815283,456.811680176112,D_left
111,1,656.8063423132983,1011.63960707179,O_top
111,2,324.7051508779382,199.34161693458543,O_right
111,3,711.8006840096446,314.91431340188115,O_left
111,4,292.78497958878694,446.3042096126557,D_top
111,5,518.2375761400743,850.9235195877992,D_right
111,6,627.064157517465,447.4801982310576,D_left
112,1,655.9421336950438,1014.753501641222,O_top
112,2,320.84447966521856,188.31356273253323,O_right
112,3,709.5617911487359,316.2708184595057,O_left
112,4,293.94810076079096,432.0593186283961,D_top
112,5,514.1511500131455,851.4267672444179,D_right
112,6,620.7798642946296,440.11555837636377,D_left
113,1,659.4250501818078,1019.4465108278064,O_top
113,2,310.63861126349366,175.31166942630355,O_right
113,3,703.5087709548599,315.5192469582089,O_left
113,4,297.97589217885803,417.408521435649,D_top
113,5,515.5578226471222,850.2117093670031,D_right
113,6,614.9577565460797,437.13556074424014,D_left
114,1,661.1341404013868,1020.4354511440712,O_top
114,2,305.2150076402425,170.42803098555228,O_right
114,3,685.0486815684029,297.10466296328013,O_left
114,4,293.61503066766727,402.59318953116014,D_top
114,5,519.0915829548527,849.6146884415003,D_right
114,6,612.2244249014998,437.238938128425,D_left
115,1,662.8432126992436,1014.118390667619,O_top
115,2,288.6897717519651,155.62302059097163,O_right
115,3,664.3722972611366,282.84070948162787,O_left
115,4,283.810685257758,376.4287466074295,D_top
115,5,518.8667671432307,845.2665026834011,D_right
115,6,612.7151936731954,441.0861829661442,D_left
116,1,666.6987798035406,1008.901113578988,O_top
116,2,285.37456169538,145.78294050146184,O_right
116,3,657.7351004118497,282.51642206840023,O_left
116,4,274.5336912663363,355.6045496415155,D_top
116,5,519.9685419757488,843.319743620861,D_right
116,6,612.4274794905316,443.4986680438245,D_left
117,1,686.2136529704868,985.031058565982,O_top
117,2,273.83916107304947,127.03936423297314,O_right
117,3,652.0886660166885,284.10741882073694,O_left
117,4,273.89646258755454,342.4283432498089,D_top
117,5,493.8660085287134,821.9429996730988,D_right
117,6,611.6255077486906,443.7634973712299,D_left
118,1,690.5185480890538,978.5261363491944,O_top
118,2,267.2401131702994,118.08319367858356,O_right
118,3,645.8763809088035,283.3780935558537,O_left
118,4,271.1791220705985,326.8648712023052,D_top
118,5,455.6479205229523,793.042575998518,D_right
118,6,612.0223971502346,442.8139102729812,D_left
119,2,246.4959583162677,100.43118155594944,O_right
119,1,710.1795016460385,970.8229115244644,O_top
119,3,617.1659290048825,259.0277189164352,O_left
119,4,271.08760847888163,313.6687702015382,D_top
119,5,498.3304946289584,823.4210391964729,D_right
119,6,603.1427485312106,435.3618242228566,D_left
120,2,235.43859129461052,96.51484120177268,O_right
120,1,710.9597961758318,962.0795712118075,O_top
120,3,608.2475329923742,255.53531754564904,O_left
120,4,259.56094147485635,295.1290330026051,D_top
120,5,506.0232393341124,827.4796165807633,D_right
120,6,570.1025771285261,404.343157705819,D_left
121,2,227.1076929719561,87.29540834908273,O_right
121,1,715.4649644385037,951.6521766018068,O_top
121,3,583.877775419193,257.6881903041932,O_left
121,4,265.374585006903,286.3003942014554,D_top
121,5,504.41154346696806,832.0255295752298,D_right
121,6,548.8789599029408,395.03092560821386,D_left
122,2,217.54371916976632,80.09286931537548,O_right
122,1,718.8697612791684,947.237315924472,O_top
122,3,570.4548369203104,262.07869642075303,O_left
122,4,263.8017488785649,274.3157697234945,D_top
122,5,496.33901219906113,831.0871198060237,D_right
122,6,537.0532517250205,396.4872593391903,D_left
123,2,225.4040963956451,90.45393060391,O_right
123,1,728.3264691678357,925.3065478522686,O_top
123,3,566.9104842854968,279.07083651644274,O_left
123,4,262.5336748729338,265.13578984104004,D_top
123,5,475.08550156307217,819.0023646088048,D_right
123,6,528.3735499208085,407.6255563758471,D_left
124,2,225.4040963956451,90.45393060391,O_right
124,1,732.6107260540057,915.5989493584054,O_top
124,3,560.9262555437875,282.19017171123795,O_left
124,4,262.90013523226185,264.03505540639645,D_top
124,5,452.0531655117178,803.8927509087022,D_right
124,6,523.8712957787019,416.7789799290172,D_left
125,2,243.1154051229895,106.67364465050122,O_right
125,1,735.7616830712359,904.6026811040826,O_top
125,3,514.6191429390085,254.00848928508705,O_left
125,4,252.5807985068913,253.4470614991605,D_top
125,5,435.71888024535406,801.2800820906549,D_right
125,6,517.6843363813409,419.4602003661522,D_left
126,2,249.5864506834005,118.7867279869961,O_right
126,1,739.8024873156653,895.8275257846094,O_top
126,3,513.7937159956196,269.0247820617352,O_left
126,4,245.2252573280156,246.43210193413975,D_top
126,5,424.25622660890383,801.9796433601451,D_right
126,6,508.64037113833166,421.1539667039918,D_left
127,2,258.2166220608967,126.65723395439731,O_right
127,1,734.2871420207092,872.1544066423886,O_top
127,3,487.846912660825,256.9861861676776,O_left
127,4,233.7441714790032,239.9834347495577,D_top
127,5,423.3244469895466,803.2988041285307,D_right
127,6,480.77391762184953,401.542624808796,D_left
128,2,258.2166220608967,126.65723395439731,O_right
128,1,729.3616856744524,857.0391091561622,O_top
128,3,478.6964176290192,257.9980993747332,O_left
128,4,229.78587643494285,237.46814182702164,D_top
128,5,422.6857522102972,802.8224970429623,D_right
128,6,468.286786068841,409.2823803726836,D_left
129,2,268.4240684967289,131.3816833674937,O_right
129,3,464.9520334630806,268.97779142772004,O_left
129,1,733.5925138243805,841.4949635950289,O_top
129,4,228.75824126780535,240.0313728169711,D_top
129,5,426.4281230315578,798.4295331866427,D_right
129,6,451.1178918373175,415.0435164489148,D_left
130,2,305.0519590134959,133.20336031914132,O_right
130,3,439.64127501388754,259.046775893607,O_left
130,1,737.6846777630337,829.3246502254365,O_top
130,4,221.18708335154568,234.01864353853992,D_top
130,5,429.8324281961209,791.8818957042763,D_right
130,6,441.86080490447375,417.9158585289903,D_left
131,3,385.8031194846248,259.90180714883167,O_left
131,1,744.590986303153,808.3565917688736,O_top
131,2,326.9444902968407,157.72233709741332,O_right
131,4,230.33292807644125,221.15706291474092,D_top
131,5,415.6613970750466,767.5662582572613,D_right
131,6,428.6258472389614,416.7142992963446,D_left
132,3,398.6018483373952,275.5878304494344,O_left
132,1,753.063130230623,799.054281016711,O_top
132,2,292.5702207402597,114.72061119876147,O_right
132,4,237.78405336002623,220.0927957777133,D_top
132,5,416.89592635155645,739.404579159467,D_right
132,6,421.72120854389954,415.3988408930883,D_left
133,3,411.0604505321539,346.06625253115595,O_left
133,4,249.0110259014956,167.01956883688658,D_top
133,1,752.7769409121562,780.3148981372851,O_top
133,2,286.73485490607374,106.17486353949867,O_right
133,5,420.3803795896282,726.4520056310236,D_right
133,6,415.251419036948,412.1995818278655,D_left
134,3,424.3884932598107,375.73452874816223,O_left
134,4,252.0449781370492,169.19532671064545,D_top
134,1,730.1769277340458,748.9196601305853,O_top
134,2,285.20772357446816,102.20829084727332,O_right
134,5,425.2011876398885,722.6310679090486,D_right
134,6,412.4539688043051,412.63537074718926,D_left
135,3,369.2889510760049,346.5765366925393,O_left
135,4,255.0684800041231,171.36359024377575,D_top
135,1,739.4781255801336,734.2446005571855,O_top
135,2,299.74254785991087,108.72822040931509,O_right
135,5,431.7247516206035,715.8988505912088,D_right
135,6,415.1323501146298,420.2915513920095,D_left
136,3,346.0718722157459,350.03352755245174,O_left
136,4,258.0815854039169,173.524398090795,D_top
136,1,750.5093749755622,731.3192099784981,O_top
136,2,316.6323962295002,118.83615515026963,O_right
136,5,436.34162516113,701.6983097622715,D_right
136,6,390.4570195655122,416.6911477059778,D_left
137,3,324.0099197068923,350.78763657275204,O_left
137,5,442.524217062862,672.2533816221477,D_right
137,1,758.2194445780552,727.1637771963999,O_top
137,2,346.6207088578758,140.50444050669836,O_right
137,4,297.40080796227005,212.23399716134583,D_top
137,6,380.8963829102112,418.8996652963409,D_left
138,3,302.59986633762605,349.69768251896545,O_left
138,5,447.9880212321785,676.8470158958286,D_right
138,1,761.7119386988019,724.9187916228204,O_top
138,2,357.5439462688184,145.04193994954764,O_right
138,4,294.4196254924974,205.2272912560679,D_top
138,6,374.8868344181444,421.868933990912,D_left
139,3,299.4385177546186,375.1570055826626,O_left
139,1,769.2099566742719,722.7042440354658,O_top
139,2,369.27336792232455,149.76173552699234,O_right
139,4,318.2167126830603,217.2597056567215,D_top
139,5,480.5416269291196,661.5022561031166,D_right
139,6,368.779958461765,425.3429861891648,D_left
140,3,296.8683185165908,379.75889985687786,O_left
140,1,774.9150449140378,717.2078112954853,O_top
140,2,375.3490433772856,152.0476908695997,O_right
140,4,322.924168137976,215.74611520165283,D_top
140,5,492.2809188663309,658.5046598530346,D_right
140,6,363.6146618539648,426.7756292205684,D_left
141,3,312.1738016217475,448.0188434178801,O_left
141,1,787.4724505650814,727.7267860327275,O_top
141,2,393.1011728012949,168.29970132400004,O_right
141,4,339.55226338370755,235.88247123620292,D_top
141,5,497.8573309161827,654.1144920143732,D_right
141,6,349.81055269281615,419.5588010161426,D_left
142,3,294.7060734158232,460.4090626289485,O_left
142,1,799.3336745862903,727.8860456470145,O_top
142,2,402.9793586180624,177.3367720284037,O_right
142,4,348.197031575396,244.49203153888672,D_top
142,5,499.5595816737094,647.2135786673525,D_right
142,6,344.52105663378296,422.899317049128,D_left
143,1,811.2787108105828,728.6891868454004,O_top
143,2,434.07378465021975,212.29506328955796,O_right
143,3,298.22486250442444,498.8971787291748,O_left
143,4,388.30160403645226,284.3789966372972,D_top
143,5,504.9696490790657,640.56918030651,D_right
143,6,339.3926197685037,441.0941944546115,D_left
144,1,820.4287600974136,731.5739491127653,O_top
144,2,450.4233553594941,230.1078617536149,O_right
144,3,261.8904946996188,485.0450014223207,O_left
144,4,396.18902127159583,293.1467468474906,D_top
144,5,491.8654753241581,621.900135436137,D_right
144,6,335.55899565403445,448.9685032447491,D_left
145,1,834.9719872294169,734.5345259284102,O_top
145,2,457.7226573834794,239.96137644481027,O_right
145,3,226.8532733215812,479.2327519157537,O_left
145,4,374.983384692632,264.9695671608938,D_top
145,5,496.86773189186994,625.9804934042062,D_right
145,6,322.0494260717137,465.7981333025722,D_left
146,1,845.6186674205477,736.8389052411414,O_top
146,2,462.9059005847715,247.09531949596595,O_right
146,3,241.6507506791132,505.50426929001816,O_left
146,4,385.5663444192194,278.1254166090691,D_top
146,5,508.84711554389867,626.7396516469117,D_right
146,6,311.11350778286084,477.517000740248,D_left
147,1,850.746242573805,738.1179567274721,O_top
147,2,469.3775864397449,257.40366661456625,O_right
147,3,189.8199868697613,496.1933324371881,O_left
147,4,391.9143892082213,286.5330239989094,D_top
147,5,533.1637951763161,638.2632769177981,D_right
147,6,301.72942897875504,486.2890824364347,D_left
148,1,851.8669835276645,739.4177412754364,O_top
148,2,468.63264380711325,257.9972842035796,O_right
148,3,176.68204354539515,506.06007213640095,O_left
148,4,401.6599260686078,303.8851035270974,D_top
148,5,549.7689510946876,647.9246430716024,D_right
148,6,300.6688280284041,493.6538757831076,D_left
149,1,853.7418030277208,744.6024307833655,O_top
149,2,492.8599504954138,303.610875802118,O_right
149,3,194.5949831840219,552.7786669512332,O_left
149,4,414.6016044242719,339.0949226109876,D_top
149,5,560.654297414881,652.9524184295099,D_right
149,6,298.0857186396887,503.3313766501244,D_left
150,6,257.7316105054404,469.2625505007063,D_left
150,1,863.567737374331,757.7619888967652,O_top
150,2,496.6276982262215,325.7860855325247,O_right
150,3,198.04779290842575,573.8428687646015,O_left
150,4,418.53381077559607,356.12725573483,D_top
150,5,565.7008822654682,656.7485167864388,D_right
151,1,877.1888571708213,782.5619239707768,O_top
151,2,501.5426427383391,344.4754608202624,O_right
151,3,201.16056795440892,598.0999927106728,O_left
151,4,430.092357549843,377.5304415561295,D_top
151,5,568.2976412934917,658.5488371924074,D_right
151,6,240.65419048964463,466.90068932890296,D_left
152,1,886.08579209692,791.8950052807548,O_top
152,2,501.64885852979984,356.2741823135858,O_right
152,3,208.9095911593682,624.4624820683683,O_left
152,4,421.2896880153375,374.8943777059396,D_top
152,5,570.6865647194157,658.222236111597,D_right
152,6,249.62919754040863,485.2883900900389,D_left
153,1,884.9432415458467,802.1788814531875,O_top
153,2,505.8303335605112,376.39757189288713,O_right
153,3,210.5726276017733,649.9079653721901,O_left
153,4,430.1216947569622,384.9067825132675,D_top
153,5,574.8604125799366,654.1566883730371,D_right
153,6,244.3217874220404,508.77033583964106,D_left
154,1,884.6228243696321,807.4441292030433,O_top
154,2,509.703878438965,391.2183429000444,O_right
154,3,206.6348321297626,667.4905453181495,O_left
154,4,442.8247024132089,401.6579450965801,D_top
154,5,584.7155054959525,663.4859607762163,D_right
154,6,237.66330675316516,514.7342739605175,D_left
155,1,883.4389350073093,810.6346034554564,O_top
155,2,493.26296989732094,413.37676463941824,O_right
155,3,199.2683270305084,686.7860866889746,O_left
155,4,448.19192935134,433.1589002266616,D_top
155,5,603.6347444123289,677.7704953985141,D_right
155,6,244.47606351866028,528.7917478893418,D_left
156,1,884.0082601883562,811.9172234576602,O_top
156,2,517.1166219030304,453.3727693573144,O_right
156,3,199.5485381308833,698.8877402779833,O_left
156,4,444.7284025239462,446.3892929392059,D_top
156,5,615.2333914328746,687.0165746951942,D_right
156,6,243.0337879621673,535.690450200411,D_left
157,1,885.1630895425194,808.411428976116,O_top
157,2,526.6740573473666,482.9725004494219,O_right
157,3,188.1549150346856,712.8489420460381,O_left
157,4,415.83443498213967,443.14561888772505,D_top
157,5,633.3852887842376,703.278131926574,D_right
157,6,238.81938896137527,553.1213710247162,D_left
158,4,427.63921851281054,471.2633038075294,D_top
158,1,885.4157352488656,806.9168588959303,O_top
158,2,533.7874997788347,502.0433740555877,O_right
158,3,182.89513022954063,732.5608230779474,O_left
158,5,639.9082806727157,709.2304398693741,D_right
158,6,236.3680169197353,563.8155927374953,D_left
159,4,418.6651091736952,489.2266033725862,D_top
159,1,887.7999463471313,802.406383364104,O_top
159,2,518.4957772137841,499.1917983815697,O_right
159,3,182.19951325542252,755.603406550392,O_left
159,5,638.1184049256765,716.4299099155401,D_right
159,6,236.02135698581029,588.772159999418,D_left
160,2,500.76642276029366,500.3589189421564,O_right
160,4,409.72860628171367,507.1146268461754,D_top
160,1,888.4301927993171,800.895529824262,O_top
160,3,195.0085962424112,781.1855797262762,O_left
160,5,636.6803555758526,723.0308894577213,D_right
160,6,237.28517900187407,600.9199995148242,D_left
161,2,489.1266981826718,517.9011694124445,O_right
161,4,400.82947394362407,524.927846411197,D_top
161,1,886.2599813964382,799.5030378277817,O_top
161,3,198.8515007616452,799.7924259554264,O_left
161,5,636.0927593519561,734.3324856109361,D_right
161,6,218.7505030038448,612.2990421990252,D_left
162,2,477.50660795134365,535.4138289230629,O_right
162,4,391.9674782349794,542.6667303096539,D_top
162,1,883.5334262410076,797.4983418603796,O_top
162,3,198.2400233287644,811.9056492438331,O_left
162,5,636.3046044338897,739.1152345587966,D_right
162,6,220.592358304258,630.1558724000105,D_left
163,2,465.9061024281917,552.8969722837137,O_right
163,4,383.1423871796284,560.3317428836821,D_top
163,1,881.4192188706994,789.4256586546038,O_top
163,3,215.34454960571648,842.8966586161162,O_left
163,5,634.415553015115,746.7082749153763,D_right
163,6,218.5118145102706,655.0412517869032,D_left
164,2,454.3251321422795,570.3506740521383,O_right
164,4,374.3539707294761,577.9233446160617,D_top
164,1,880.3850515443546,786.4329912341614,O_top
164,3,242.2783327189661,874.0735219174148,O_left
164,5,639.7529737621638,759.3023791742718,D_right
164,6,216.62585911986235,668.6894250395939,D_left
165,2,442.76364778914655,587.775008535178,O_right
165,4,365.6020007444943,595.4419921702392,D_top
165,1,881.9292791962774,782.1781034168557,O_top
165,3,257.1206662380298,904.480363767731,O_left
165,5,639.9411394719807,766.6000856483199,D_right
165,6,213.122086040043,681.0704519530783,D_left
166,2,431.2216002301121,605.1700497898311,O_right
166,4,363.7088598221777,617.8073848923635,D_top
166,1,881.2632724648594,778.044058071765,O_top
166,3,259.60630263007533,916.4624729308836,O_left
166,5,640.1902552558277,770.1314466911024,D_right
166,6,220.88613018307808,695.6902386459677,D_left
167,4,361.84098017869536,639.8743431899069,D_top
167,6,177.63796492245478,686.9681544571548,D_left
167,1,875.8484643193451,768.8667310614611,O_top
167,2,405.1551118634245,662.270879080452,O_right
167,3,252.1747211770048,938.4976434040713,O_left
167,5,640.616485755956,770.464884952987,D_right
168,4,359.9978595511686,661.6488007503311,D_top
168,6,188.92128120559696,702.9670823045439,D_left
168,1,873.0487183028735,766.5612694669112,O_top
168,2,431.6262714678904,700.2035032680358,O_right
168,3,248.3684314627449,949.5690039887512,O_left
168,5,640.2441415370303,769.4211970662242,D_right
169,4,358.17900890418576,683.1365349929966,D_top
169,6,191.9482132232093,732.8406317200403,D_left
169,1,868.9854749269633,763.514497406117,O_top
169,2,441.4612164226107,722.4503490435123,O_right
169,3,247.99501960693308,965.8175355254804,O_left
169,5,644.6929167797697,771.9058296189564,D_right
170,4,356.3839519972089,704.3431721798145,D_top
170,6,205.2102742533559,760.9018809576742,D_left
170,1,867.4576739984317,762.4470496053499,O_top
170,2,441.9986931128343,741.2479200863194,O_right
170,3,241.4310316048096,971.895892643974,O_left
170,5,648.8393816574884,774.4127181886134,D_right
171,4,367.5513732609263,758.2364001501619,D_top
171,1,865.5925968443071,761.8296991105085,O_top
171,2,441.7699535987316,751.0558053798835,O_right
171,3,257.0972127736543,991.578683851807,O_left
171,5,649.9795181007726,777.3293169869365,D_right
171,6,215.0596759792214,789.8365868767253,D_left
172,1,862.441885108472,760.9766490174308,O_top
172,2,437.9396588265108,765.0682831179655,O_right
172,3,260.9182911166204,999.6487057567808,O_left
172,4,387.5294120808833,785.66230761202,D_top
172,5,650.5503156567243,777.9165158565119,D_right
172,6,218.96618796086344,810.1179121722488,D_left
173,1,855.4804378345029,758.1767467728912,O_top
173,2,427.2556295261619,788.2992182073044,O_right
173,3,260.44358521450675,1013.169662548688,O_left
173,4,376.38330290125526,788.7412355130419,D_top
173,5,650.598195449133,777.9394583003836,D_right
173,6,211.24738125651697,821.6661640168332,D_left
174,1,853.1932606352146,759.0455064805535,O_top
174,2,424.271719254014,798.4440679656765,O_right
174,3,258.464580822821,1020.7960435483006,O_left
174,4,383.4469417803888,801.0784840088952,D_top
174,5,650.1672970819931,776.9190281295915,D_right
174,6,222.3753750473034,839.7893551492857,D_left
175,1,842.083397190457,749.6368163586353,O_top
175,2,416.9954552228182,807.7829173242869,O_right
175,3,251.3830458512124,1037.7571698945867,O_left
175,4,386.3912417387996,816.9707114921996,D_top
175,5,651.9450560104215,774.6083026129605,D_right
175,6,253.6629535457261,891.2124404981593,D_left
176,1,835.9382643522395,744.2071100445046,O_top
176,2,414.5127647886226,811.9918489713456,O_right
176,3,255.90091581343123,1050.5237863291202,O_left
176,4,368.5313395354104,817.5276332366687,D_top
176,5,653.1381335022298,771.2228609718537,D_right
176,6,261.03680939237074,914.8613977382232,D_left
177,1,830.9796320918181,736.6818310001462,O_top
177,2,412.4960030429259,812.8041817726562,O_right
177,3,233.3040313794437,1061.8114478392815,O_left
177,4,372.8343646580228,839.7726257755783,D_top
177,5,649.7759818105145,760.96748885331,D_right
177,6,265.68200962362585,938.148680874144,D_left
178,1,827.781828887848,728.7563656092709,O_top
178,2,415.0209188552393,814.9025270070626,O_right
178,3,228.04391445290824,1073.1537866468946,O_left
178,4,370.5083647444748,847.5994276383908,D_top
178,5,648.0392403778989,752.9499158030599,D_right
178,6,268.3271388924541,952.6573836861016,D_left
179,1,827.0283609259012,720.2617215128963,O_top
179,2,413.21484147492754,812.1070514472173,O_right
179,3,251.8801317601255,1109.3869409277422,O_left
179,4,373.61356014158895,849.3621981372108,D_top
179,5,634.1418379363635,730.7893389063632,D_right
179,6,258.28682370818063,960.02033200598,D_left
180,1,825.7371328449078,716.5977498813423,O_top
180,2,413.0639678212127,809.8825661345213,O_right
180,3,258.8284163551533,1124.8743733421572,O_left
180,4,373.1305920349278,848.4587598640397,D_top
180,5,626.5417770873736,717.5918342905684,D_right
180,6,254.26465641541284,963.854640546152,D_left
181,1,823.0979805203273,716.5464478080404,O_top
181,2,410.258402965566,803.624637577813,O_right
181,3,278.0682465803153,1146.424974237899,O_left
181,4,379.1014603884915,847.5745060664173,D_top
181,5,623.6077907309226,709.4308395591332,D_right
181,6,254.8612357839947,977.2191571519674,D_left
182,1,821.8270881368207,720.0599552970757,O_top
182,2,414.9737011329613,802.7169535908344,O_right
182,3,286.3893719420831,1156.861990668909,O_left
182,4,373.0093905953255,841.4779387133779,D_top
182,5,625.2634632738472,707.1276491304264,D_right
182,6,258.923558251872,984.9212725319832,D_left
183,1,820.3711613281624,730.8979429143459,O_top
183,2,412.9697424893471,779.6504665750005,O_right
183,3,286.7024263020552,1166.3622982755182,O_left
183,4,368.9242393827118,835.8338915001041,D_top
183,5,627.9568315511349,706.4265648161587,D_right
183,6,252.8909213768475,988.4097541771432,D_left
184,1,822.296388626821,736.2270129988397,O_top
184,2,420.20016762198486,788.197171112013,O_right
184,3,285.4120279128488,1171.502959673294,O_left
184,4,371.5149213397861,834.5148943494386,D_top
184,5,628.6544248117608,705.380230591871,D_right
184,6,257.96669814668155,994.1622850021986,D_left
185,1,815.2373134649438,750.8878398748982,O_top
185,2,434.998081791224,791.6865100963051,O_right
185,3,289.8986221488983,1179.587244240831,O_left
185,4,352.3517389657937,799.8710448227382,D_top
185,5,629.0514223144025,706.6014108300743,D_right
185,6,256.3050326018816,997.9477543197684,D_left
186,1,809.183274657797,762.062503046916,O_top
186,2,440.2173885828086,784.1421109208031,O_right
186,3,290.462430916654,1183.950502030072,O_left
186,4,361.1746224039657,793.4664882928557,D_top
186,5,631.3867532230719,708.5727584978196,D_right
186,6,267.84872510556806,1007.4630047811208,D_left
187,1,801.1358843336491,770.6203951918117,O_top
187,2,448.4910717936064,777.8751694519277,O_right
187,3,303.31835233486777,1191.6912791679151,O_left
187,4,374.7555790125111,789.7249142381108,D_top
187,5,630.4805834355003,708.9742540270979,D_right
187,6,275.0953968117197,1019.199501681646,D_left
188,1,789.7585179463321,769.6006962513846,O_top
188,2,452.6386454441526,771.8873905064959,O_right
188,3,314.4320388296708,1197.9781468687077,O_left
188,4,378.3309870774795,785.2755892626482,D_top
188,5,629.1621476132227,710.8294030610093,D_right
188,6,281.5607678234858,1026.2311786319551,D_left
189,1,771.9460624567962,775.4643172808569,O_top
189,2,451.8451574506496,767.688573868145,O_right
189,3,341.7346416920499,1210.79072703804,O_left
189,4,401.4085374366616,793.0256359443775,D_top
189,5,628.3024374879169,713.7946806807612,D_right
189,6,293.15615000738404,1035.262851902456,D_left
190,2,449.4322233695759,768.1532297414337,O_right
190,1,758.2050308311783,797.048425439413,O_top
190,3,353.38706050713995,1217.259308559228,O_left
190,4,416.99040418311125,799.2954797686776,D_top
190,5,625.6618238170672,717.2916584708693,D_right
190,6,298.8001521229119,1039.5312267793236,D_left
191,2,444.30272321610425,763.8413554753167,O_right
191,1,749.1457833020397,814.2953442779456,O_top
191,3,359.41156482201217,1222.2508938640926,O_left
191,4,425.6663541996857,802.5732074860044,D_top
191,5,625.5103156819885,727.0746842903282,D_right
191,6,300.8025906000736,1040.763761577248,D_left
192,2,439.1310975710752,759.4940703860082,O_right
192,1,736.5707100953475,820.2690295087435,O_top
192,3,367.0184261149535,1227.743461471824,O_left
192,4,424.0655933818102,798.5331164929909,D_top
192,5,626.6099530574792,733.7392253637903,D_right
192,6,301.8866871632836,1040.05272368132,D_left
193,2,433.91682536799686,755.1109364633456,O_right
193,1,722.6493096696036,837.4999664618725,O_top
193,3,373.8797022644571,1238.4089905778524,O_left
193,4,412.7025133109748,786.1048502578532,D_top
193,5,642.8223083604043,753.1973417309275,D_right
193,6,303.7283426422513,1038.6831295716447,D_left
194,2,429.8253273853779,748.7084323397914,O_right
194,1,701.6174580054188,837.9654101641324,O_top
194,3,384.5522483969176,1246.8451392971058,O_left
194,4,407.580984254794,780.2413346418781,D_top
194,5,644.3683600569113,758.0600302786761,D_right
194,6,305.254616696499,1036.2289402717738,D_left
195,2,437.4041541563163,749.1864835545365,O_right
195,1,687.8584930872855,863.8998563074601,O_top
195,3,401.32119842115526,1257.243990000541,O_left
195,4,401.7551275936918,774.6282221053797,D_top
195,5,642.7665524608213,766.3038988573956,D_right
195,6,327.71176170413,1041.4925053209506,D_left
196,2,444.9258697472008,749.6609323556323,O_right
196,1,681.8891998904585,883.1758878133428,O_top
196,3,413.2174145304352,1264.5614125511495,O_left
196,4,401.0047441112193,771.8275999447156,D_top
196,5,637.1149463679665,774.4701215002418,D_right
196,6,345.7432364059844,1045.77346813743,D_left
197,2,424.5203480756287,723.7924715972584,O_right
197,1,670.5205342783038,897.4923413987517,O_top
197,3,418.8650445245899,1272.7368980866845,O_left
197,4,406.2359210168416,769.3007005319255,D_top
197,5,619.4162182162614,804.5423725882843,D_right
197,6,357.13420165395894,1044.4721330440868,D_left
198,2,403.3099124554878,696.9036063999507,O_right
198,1,663.2151051240121,900.1833045956347,O_top
198,3,424.1565064125104,1277.6555903576273,O_left
198,4,404.66649148378383,766.4028258019454,D_top
198,5,614.5995998425672,812.5759476344986,D_right
198,6,362.7393672494037,1042.976633211102,D_left
199,2,407.506591003782,689.7054930084057,O_right
199,1,624.2143038649231,905.4792459993064,O_top
199,3,445.88332091780353,1284.9808051494326,O_left
199,4,404.1913351018519,759.1555180365436,D_top
199,5,603.3799505647063,823.2997596908197,D_right
199,6,364.7034375906678,1038.6466388959975,D_left
200,2,411.708496055245,682.498415155556,O_right
200,1,606.2359321210581,907.8859559096394,O_top
200,3,459.82816944265727,1289.763916571665,O_left
200,4,408.7483907195118,762.7112796606389,D_top
200,5,602.7466107292832,853.1205766020342,D_right
200,6,365.9195673255166,1037.189952255454,D_left
201,2,415.9156373795162,675.2823560845864,O_right
201,1,592.4615400146068,937.10499256912,O_top
201,3,486.7489797942978,1298.4899764835905,O_left
201,4,407.9792802104389,755.8426198430975,D_top
201,5,583.1711431511087,845.173387402319,D_right
201,6,370.6286441763478,1034.1654103263013,D_left
202,1,586.9126068595547,948.7432132233856,O_top
202,2,447.3870960192514,695.363971698541,O_right
202,3,499.90207833686566,1302.988205758675,O_left
202,4,430.4391852961929,763.5415267430418,D_top
202,5,576.4635122431152,844.6115814009366,D_right
202,6,372.9857056957815,1031.8372811520758,D_left
203,1,554.1289503301791,954.9240987832654,O_top
203,2,464.9090231558504,700.1872493695776,O_right
203,3,505.5658828336569,1305.0091481014651,O_left
203,4,411.87089123565073,751.8032396203608,D_top
203,5,563.5342855841212,858.2653128434316,D_right
203,6,365.7013810557698,1020.2969543795732,D_left
204,1,524.7956551471411,954.4114419179574,O_top
204,2,471.9418467833426,699.8395578852396,O_right
204,3,508.1172396346589,1306.5836742595586,O_left
204,4,412.5335602812118,737.638526516094,D_top
204,5,555.5310574830837,873.2801068031465,D_right
204,6,366.790287616849,1017.4140245473586,D_left
205,1,509.9388089454366,957.871371626198,O_top
205,2,481.6757379336922,697.340256398004,O_right
205,3,511.1485878547664,1307.667518596579,O_left
205,4,405.5314973195788,723.5938102380106,D_top
205,5,544.1308531777676,886.5199893019591,D_right
205,6,374.11205399875007,1014.8651269828572,D_left
206,1,500.7951847623945,963.0627379090888,O_top
206,2,483.97223184494914,692.7882421059761,O_right
206,3,510.949591518056,1307.302817405294,O_left
206,4,400.7642296343205,722.3219966711503,D_top
206,5,532.714633885192,889.2365733243892,D_right
206,6,377.5404042299261,1014.3673851515616,D_left
207,1,491.1737031631532,971.0942038378984,O_top
207,2,494.1223420823994,692.6209760538192,O_right
207,3,528.9254579627375,1312.6870429557853,O_left
207,4,392.0221384198126,721.2649648213003,D_top
207,5,487.8299985517363,886.3469874872632,D_right
207,6,377.5376660262664,1010.8772117417654,D_left
208,1,483.9952693881797,976.0066954985806,O_top
208,2,499.2728174424224,691.9600187183398,O_right
208,3,554.6371923303498,1321.5796116232398,O_left
208,4,388.19933641490593,721.962601944084,D_top
208,5,468.459693188409,887.5698611728383,D_right
208,6,377.4011198125918,1009.5885664685546,D_left
209,1,435.93665785320167,955.9778926048506,O_top
209,2,504.3252335145741,690.0101415561321,O_right
209,3,570.2585529939712,1326.9171588437682,O_left
209,4,386.9231787532768,724.4378113388937,D_top
209,5,452.95449806548623,891.7268153946856,D_right
209,6,364.26621368937975,999.2466074230746,D_left
210,1,410.9692117201317,945.4647987545436,O_top
210,2,506.1323371446152,689.4050307585591,O_right
210,3,585.0015709511882,1334.0094804821272,O_left
210,4,387.40529292885327,726.1841224266577,D_top
210,5,441.4249071496413,899.8535533791928,D_right
210,6,355.0588236820126,993.0421493378898,D_left
211,1,382.1593834975676,931.2289745112809,O_top
211,2,512.114453933225,672.1800581710472,O_right
211,3,600.6794797599644,1340.9611030655622,O_left
211,4,388.6970076982976,727.1082793492975,D_top
211,5,427.47473081206766,903.5083092745148,D_right
211,6,345.04043302012167,987.1551231745432,D_left
212,1,381.3367383179364,935.451646050844,O_top
212,2,518.2956335844686,662.6322518923535,O_right
212,3,606.5262550969246,1342.976884816561,O_left
212,4,389.5916500001568,729.1338354981218,D_top
212,5,388.8845367348492,886.0951927765752,D_right
212,6,339.79713301116675,987.4633483087777,D_left
213,1,375.52717041472346,936.104151465376,O_top
213,2,526.3224378483311,655.0145791802832,O_right
213,3,611.3225842496928,1342.488423402453,O_left
213,4,389.9990972853727,729.9988607989106,D_top
213,5,317.8641675123732,854.7378797611511,D_right
213,6,332.27544335773626,984.0684726145774,D_left
214,5,332.6206709940144,873.762802442633,D_right
214,1,372.6470997207592,938.3579585746515,O_top
214,2,530.4700505459645,650.0705989527522,O_right
214,3,612.9732052334662,1341.8557669049828,O_left
214,4,390.4549405665934,729.9277811230511,D_top
214,6,332.8820849718756,986.4277410916976,D_left
215,5,299.8219084539705,860.2161648484657,D_right
215,1,356.0017708340881,933.3378556464686,O_top
215,2,536.7488488484053,642.0404596716376,O_right
215,3,614.5088343705496,1341.4005832647294,O_left
215,4,392.01156266105255,729.6725628531051,D_top
215,6,328.9481986477807,983.4053745716404,D_left
216,1,325.67037022831937,918.9694636136318,O_top
216,2,541.5237296875584,634.7458177720567,O_right
216,3,613.6424217394183,1342.8242822560394,O_left
216,4,392.0839294945178,728.5558383840404,D_top
216,5,258.6452922593524,842.2869129398974,D_right
216,6,327.1029216893813,984.8871459343692,D_left
217,1,299.8144793028212,909.8172988239538,O_top
217,2,543.3881852360256,631.7243577254387,O_right
217,3,613.8474844950036,1342.123873990544,O_left
217,4,390.8863634015962,725.9189261939995,D_top
217,5,263.9430206834332,852.475435159115,D_right
217,6,327.9365683488297,986.8796875888316,D_left
218,1,299.7227296943421,914.0954699298544,O_top
218,2,544.48792646317,627.9286192103485,O_right
218,3,614.3149653938958,1342.5244388813364,O_left
218,4,391.8969143918405,724.7560510611765,D_top
218,5,280.5571828836441,866.7402266298161,D_right
218,6,325.5759825572015,986.7130267971074,D_left
219,1,289.1894586491011,913.9010753213744,O_top
219,2,549.2741121780062,622.6823747655076,O_right
219,3,614.6929605717539,1343.8191789340267,O_left
219,4,391.9033550713438,722.7515946949881,D_top
219,5,284.9716728702353,874.7183472387561,D_right
219,6,323.3385254017367,990.8766503784124,D_left
220,1,287.1137364380274,918.1482209887172,O_top
220,2,548.8986686041173,614.7713859099133,O_right
220,3,615.2959126429108,1345.0082420155527,O_left
220,4,391.9690454034917,722.0689097262367,D_top
220,5,289.6696235389573,879.7853769850663,D_right
220,6,323.43799945012694,992.976972601502,D_left
221,1,254.23503266385868,904.377326512404,O_top
221,2,553.5251968489638,597.6889591450316,O_right
221,3,613.7598022755709,1346.0384560345417,O_left
221,4,392.0584352699628,721.9156647207028,D_top
221,5,280.3924463950032,876.4130997489259,D_right
221,6,324.5848410750011,993.8051804428136,D_left
222,1,229.37154519877927,896.555241422733,O_top
222,2,562.4684470168593,594.5568852671868,O_right
222,3,613.5752685914248,1347.270006861026,O_left
222,4,392.8782614559573,722.5047172080511,D_top
222,5,253.91035271528068,859.0547521620387,D_right
222,6,327.1517894884032,997.9864444217452,D_left
223,1,226.84293432703896,898.2303563988586,O_top
223,2,573.9113419430324,577.8123767091804,O_right
223,3,611.9623033315557,1348.0435920250902,O_left
223,4,393.2127295424992,722.7853896916623,D_top
223,5,247.237403087569,857.2006823649887,D_right
223,6,330.2558205082525,997.980008441768,D_left
224,1,216.8473073261103,898.4368952427146,O_top
224,2,578.7924718544947,572.4183966173239,O_right
224,3,611.2499957117675,1348.2815906647877,O_left
224,4,393.36650136548246,722.9486348841983,D_top
224,5,241.38472109081235,856.110906494515,D_right
224,6,331.99341660436806,997.1602984386672,D_left
225,1,206.76144433565764,898.6452986256286,O_top
225,2,587.5546607685493,575.7961136118943,O_right
225,3,610.7898074450709,1348.4378264852223,O_left
225,4,392.2881355916888,722.8042821288644,D_top
225,5,233.0097746748972,851.1817006478204,D_right
225,6,330.6684151459703,1000.1430364974284,D_left
226,1,196.5841179008129,898.8555919104032,O_top
226,2,593.3524380169721,576.6137917754901,O_right
226,3,610.2901956042687,1348.7186842118765,O_left
226,4,392.7445970690827,723.4454501146108,D_top
226,5,208.24507007295185,832.2080256257749,D_right
226,6,331.6398671969076,998.7512444027068,D_left
227,1,186.31407820300865,899.0678009219379,O_top
227,2,599.7186117513932,575.2716409394452,O_right
227,3,610.0499116051652,1348.781094885902,O_left
227,4,390.9889857328467,724.8888210169899,D_top
227,5,181.08265132125732,811.8486400984914,D_right
227,6,328.4535191577337,1000.65045071069,D_left
228,1,175.95005254832284,899.2819519578071,O_top
228,2,604.7770540384586,575.8307386873363,O_right
228,3,609.0397602052434,1350.052446492754,O_left
228,4,387.54271434780304,723.9473931803797,D_top
228,5,173.7679762741071,804.3587722672689,D_right
228,6,327.4169115343057,1000.9068937411964,D_left
229,1,165.4907448417151,899.4980717991198,O_top
229,2,604.736945153268,567.9580394549611,O_right
229,3,608.8350050120508,1352.0106844027005,O_left
229,4,374.7701402908998,717.4451878255692,D_top
229,5,187.96165813848148,813.0917984752185,D_right
229,6,326.08964981670977,1002.6504260356968,D_left
230,1,154.93483504670016,899.7161877216832,O_top
230,2,605.7152502620718,559.2119024025695,O_right
230,3,609.6500269515597,1353.055467494836,O_left
230,4,367.3884356475377,715.0696868960426,D_top
230,5,191.18759365866856,820.8091185874988,D_right
230,6,326.4688434563913,1003.7534740269656,D_left
231,1,144.28097862996864,899.9363275074832,O_top
231,2,611.5062457393723,550.4711065052954,O_right
231,3,609.5770707882389,1353.9853603365368,O_left
231,4,356.7748408561434,712.1886922580171,D_top
231,5,189.0920007405337,822.8361739688347,D_right
231,6,325.2294980829409,1002.8567801440848,D_left
232,1,133.52780599048785,900.1585194564761,O_top
232,2,614.6570840963809,543.508133097165,O_right
232,3,609.5326374673048,1354.3058466796244,O_left
232,4,350.57239047599654,710.7751693376459,D_top
232,5,188.07403827088396,824.6198250756166,D_right
232,6,324.5401215189531,1002.8985480598554,D_left
233,1,122.67392187255686,900.3827923987192,O_top
233,2,618.9523614447103,539.3241697328974,O_right
233,3,608.8505284965515,1353.4317916183604,O_left
233,4,346.2548892265329,709.348713748793,D_top
233,5,187.4032540557795,826.2885024896759,D_right
233,6,324.608459317641,1004.1553479067372,D_left
234,1,111.71790476228908,900.609175706841,O_top
234,2,619.9699428746945,534.937488105072,O_right
234,3,608.5653091008163,1353.0628760411516,O_left
234,4,343.920991427011,708.2403746610345,D_top
234,5,188.1086567334881,828.0095059623471,D_right
234,6,324.6948849553368,1004.6326307898204,D_left
235,1,100.65830626698376,900.8376993088642,O_top
235,2,625.1461232774936,526.979891798921,O_right
235,3,608.4357490286664,1352.8891264683468,O_left
235,4,343.75750300493706,708.9773701732936,D_top
235,5,188.57533042337337,828.668422667602,D_right
235,6,325.88523556757104,1006.480249298606,D_left
236,1,89.49365047681013,901.0683937013964,O_top
236,2,631.199757662814,524.6625956201008,O_right
236,3,608.0020954441015,1353.3814009201874,O_left
236,4,344.0953014535428,708.8476755525355,D_top
236,5,190.24605839082423,831.6345518210873,D_right
236,6,326.35791370839786,1007.1726754053084,D_left
237,1,78.22243330820609,901.3012899631956,O_top
237,2,636.4638175913487,522.3797605477554,O_right
237,3,607.8156888031976,1353.5483226919084,O_left
237,4,342.25637116959894,707.9341881814258,D_top
237,5,186.6846636823644,833.2904900252139,D_right
237,6,325.495351155436,1007.3871612682638,D_left
238,1,66.84312182839729,901.5364197691292,O_top
238,2,639.2949062323843,521.902657667576,O_right
238,3,607.7226473291141,1353.568630348165,O_left
238,4,341.72184466324285,707.6438369501758,D_top
238,5,184.4342414140528,833.2972189542808,D_right
238,6,324.93061411184004,1007.8437440733032,D_left
