1,1,970.1012052259412,1034.027933063182,O_top
1,2,625.7030867548425,1385.1841381565634,O_right
1,3,611.3610108866383,114.16249573907513,O_left
1,4,832.3796257570729,1017.5444632048788,D_top
1,5,570.3336168098868,1307.6053154332524,D_right
1,6,596.7295814211649,498.119667313528,D_left
2,2,641.2374895751819,1370.9469944974906,O_right
2,1,969.8661259718452,1034.3890377576795,O_top
2,3,610.3423096324474,112.6774229444263,O_left
2,4,832.3796257570731,1017.5444632048788,D_top
2,5,571.5773281710975,1308.3491689436942,D_right
2,6,596.2850178109104,498.8736584915348,D_left
3,2,643.6599773721287,1367.1674382746871,O_right
3,1,969.8239338598812,1034.4538489625622,O_top
3,3,610.1224612691985,112.37344274375336,O_left
3,4,832.3796257570727,1017.5444632048786,D_top
3,5,572.1450011409471,1307.936089451085,D_right
3,6,596.6070939232642,498.3274092220039,D_left
4,2,648.206676038844,1360.0736963534048,O_right
4,1,969.6129806053368,1034.777893765361,O_top
4,3,609.0389721987914,111.33941801493371,O_left
4,4,833.5402648733487,1017.9562956155544,D_top
4,5,573.094502551266,1301.6927980801104,D_right
4,6,594.4983767374432,495.0426573994857,D_left
5,2,652.7592984402891,1352.9707122437876,O_right
5,1,969.5436700504922,1034.8843615471685,O_top
5,3,608.7081490165571,111.05567146302543,O_left
5,4,833.9055947953724,1018.083941730448,D_top
5,5,574.3633325357415,1300.5189420014178,D_right
5,6,593.7843299814446,493.959992617375,D_left
6,2,657.3178561607494,1345.8584678720758,O_right
6,1,968.0210363810309,1033.9780078167598,O_top
6,3,607.7233454246676,109.67030451743184,O_left
6,4,833.546549544084,1016.735648852148,D_top
6,5,557.9303222934299,1290.1216102781211,D_right
6,6,594.1277496921531,494.8622184299464,D_left
7,2,659.7515178400769,1342.0614782005923,O_right
7,1,967.4832224241786,1033.635240971022,O_top
7,3,608.0918752789383,110.7529470683914,O_left
7,4,834.4677237006309,1016.6298114156114,D_top
7,5,563.7448458494341,1289.1504491529483,D_right
7,6,593.1613322815571,495.0174350580468,D_left
8,2,662.1868728565821,1338.2618465909031,O_right
8,5,566.2436442887307,1273.9281953095758,D_right
8,1,965.8598726815048,1032.613777986807,O_top
8,3,607.2928023589618,110.25061728940688,O_left
8,4,834.9761134250025,1016.2786103171114,D_top
8,6,592.5262031334942,497.71515500843793,D_left
9,2,664.6239229782108,1334.4595702846632,O_right
9,1,964.2807481843232,1032.228957335747,O_top
9,3,607.7979234321616,111.26706889450358,O_left
9,4,834.3390820581674,1015.4931581424444,D_top
9,5,571.9538888824796,1274.018071162801,D_right
9,6,592.1022304443535,499.2437674095198,D_left
10,2,667.0626699753719,1330.654646519689,O_right
10,1,964.0678034258168,1034.7046440867746,O_top
10,3,608.0517186010643,111.68610917261924,O_left
10,4,834.9045681680046,1015.8813392148508,D_top
10,5,569.9388733824688,1266.5961885235165,D_right
10,6,591.724206620026,504.1921692763616,D_left
11,1,964.367639582502,1038.219560309342,O_top
11,2,661.096757065932,1324.6065849715246,O_right
11,3,609.0619394701216,112.67793838045031,O_left
11,4,834.893636848318,1016.3442297355864,D_top
11,5,570.643254233116,1261.6163867116277,D_right
11,6,591.1324982184051,506.80742115822153,D_left
12,1,964.019849234636,1041.7492549752535,O_top
12,2,653.4346047514042,1315.986483728017,O_right
12,3,609.3402124960749,113.39678423426392,O_left
12,4,832.4743752041356,1018.3527887602912,D_top
12,5,567.3695613147447,1254.5781024997489,D_right
12,6,586.3970953144166,505.2837488031469,D_left
13,1,961.9715807958931,1043.0194126112012,O_top
13,2,651.9706611795391,1312.4607387903377,O_right
13,3,609.5764166288131,113.32806858669036,O_left
13,4,829.3770681665211,1018.73698134622,D_top
13,5,563.27878143463,1250.0492993484809,D_right
13,6,585.0689986757098,506.0521358600634,D_left
14,1,959.4774068211082,1044.5139334055418,O_top
14,2,660.8966558231413,1300.263069184534,O_right
14,3,608.7106514344127,112.43066726492596,O_left
14,4,828.4410817203163,1020.4610087889928,D_top
14,5,545.2389632631783,1233.8423757054677,D_right
14,6,581.7846796566257,507.0267622304872,D_left
15,1,944.2844388316216,1055.3313734475294,O_top
15,2,665.3722582961328,1292.1483484602452,O_right
15,3,608.4004421289045,112.11117352233332,O_left
15,4,828.4969443071464,1022.3554713243598,D_top
15,5,531.4819672739077,1221.7714095966785,D_right
15,6,581.8905323938667,509.1495677775197,D_left
16,1,944.3625218902076,1057.7835678915155,O_top
16,2,670.3536391001461,1285.9459055365144,O_right
16,3,608.2825043318663,111.97251684911966,O_left
16,4,818.1962325855033,1016.0542377566296,D_top
16,5,531.8726946651558,1213.913465130683,D_right
16,6,575.3444864682375,509.1337241898456,D_left
17,1,944.4403777991276,1060.2286287119266,O_top
17,2,671.38929782907,1283.2175329472104,O_right
17,3,608.2235271943265,111.903178826091,O_left
17,4,815.1352249475392,1014.317584678278,D_top
17,5,545.7416761362107,1218.8845333777954,D_right
17,6,578.2227955106891,518.3502019748636,D_left
18,1,944.5180075481364,1062.6665869919473,O_top
18,2,670.7088373679056,1282.066039745059,O_right
18,3,608.0740298497249,112.16462000454548,O_left
18,4,809.2613698108045,1021.2523628378964,D_top
18,5,555.4602119704114,1217.9359171198448,D_right
18,6,563.3375239880382,510.6375329892803,D_left
19,1,944.5954121212466,1065.0974736344388,O_top
19,2,670.1893639522899,1284.111971482302,O_right
19,3,608.0224805327715,112.25476952665714,O_left
19,4,804.7406850137352,1025.6618646438685,D_top
19,5,560.2927330683459,1218.4092043380056,D_right
19,6,557.1919800467715,512.3914528101933,D_left
20,1,943.5467883051192,1069.251524925498,O_top
20,2,670.17323308821,1286.4741054400008,O_right
20,3,607.9915513097333,112.30885859788027,O_left
20,4,795.6547892133187,1033.1476725505884,D_top
20,5,562.989191454642,1219.6381132461725,D_right
20,6,550.0336257659098,521.3974955491001,D_left
21,1,942.5015200152972,1073.3922835293529,O_top
21,2,669.8883325272908,1287.902372970156,O_right
21,3,607.1834697519519,111.13300135540794,O_left
21,4,792.9827794365767,1036.8888142208264,D_top
21,5,561.4663160271174,1219.5372286011418,D_right
21,6,544.8323581154918,527.2058641017047,D_left
22,1,941.013372282115,1079.0457929272454,O_top
22,2,668.3445853265102,1296.1286138446878,O_right
22,3,606.7539309657385,111.02043100915098,O_left
22,4,789.6627841773185,1040.057445940397,D_top
22,5,560.3759145278251,1222.8202303366052,D_right
22,6,536.7231913179293,529.5950236570321,D_left
23,1,939.5315873434624,1084.6751299141129,O_top
23,2,666.9319000375145,1302.413878291725,O_right
23,3,606.5944456634389,110.95372960094195,O_left
23,4,786.7091929982522,1042.1145177144876,D_top
23,5,558.6107568465441,1223.9526944298646,D_right
23,6,533.4927296289798,535.2469215141087,D_left
24,1,938.0561244787978,1090.2804491882855,O_top
24,2,661.6217605021216,1317.547192138932,O_right
24,3,606.3702382516274,111.17307903368976,O_left
24,4,780.2518708172287,1041.450016205641,D_top
24,5,559.4663395084078,1228.9523423202038,D_right
24,6,534.2990155738202,540.5723438831866,D_left
25,1,930.7403028334533,1094.0368121282506,O_top
25,2,658.8189227909987,1324.5725126831503,O_right
25,3,606.3031722172947,111.29040255250123,O_left
25,4,780.5068478372511,1047.2141804576302,D_top
25,5,562.1890148214767,1231.538836820272,D_right
25,6,530.3029314619739,539.4301390247058,D_left
26,4,773.9303312202502,1049.799453453242,D_top
26,1,918.4163041421148,1105.5939491012537,O_top
26,2,653.031229198507,1332.7784498072174,O_right
26,3,606.1329334842117,111.5882136188935,O_left
26,5,567.7972422022463,1234.22586901588,D_right
26,6,528.0532053942387,542.4292066091815,D_left
27,4,770.2910165333889,1053.291855979107,D_top
27,1,909.9112061840084,1115.9783050617152,O_top
27,2,649.2263547990593,1338.3656617301235,O_right
27,3,606.0710305590679,111.69650493319072,O_left
27,5,569.7461260339696,1237.640250194823,D_right
27,6,522.066077985791,546.3367136401525,D_left
28,4,766.6471717861517,1056.7886056954885,D_top
28,1,898.2938944506124,1131.299644988607,O_top
28,2,639.1169970747663,1339.8595544085852,O_right
28,3,606.0503964958572,111.7326016090614,O_left
28,5,569.6020853845538,1249.0989800740754,D_right
28,6,515.0860748393329,553.895928511451,D_left
29,4,762.9987885150393,1060.2897107242327,D_top
29,1,890.8450986140841,1140.3624268596902,O_top
29,2,626.6577718859965,1339.3494140306998,O_right
29,3,606.0400795102206,111.7506498665804,O_left
29,5,560.668194664882,1254.3630730721943,D_right
29,6,509.908275464853,559.0766103312152,D_left
30,4,755.5159681332756,1068.707587159043,D_top
30,1,868.7516008250955,1137.1770236197744,O_top
30,2,610.802143832638,1339.691823140708,O_right
30,3,606.0400795102206,111.7506498665804,O_left
30,5,559.4659953777071,1265.9941724669875,D_right
30,6,508.438011735656,572.8280818955477,D_left
31,4,748.0233726267326,1077.136460221907,D_top
31,1,835.9947282933558,1123.728263243106,O_top
31,2,603.6064687755122,1341.625004041769,O_right
31,3,606.9134066512111,112.9866842426162,O_left
31,5,565.2864772114784,1275.4512244324171,D_right
31,6,503.8564211738266,576.7278580487707,D_left
32,4,739.0216496832247,1087.943231067191,D_top
32,1,809.0047377808398,1127.8620737193291,O_top
32,2,589.2937220205687,1345.4069262042838,O_right
32,3,607.0282063518893,113.6486083252685,O_left
32,5,566.5674532334853,1278.1160312444792,D_right
32,6,512.7198833968533,597.220457208731,D_left
33,4,730.0119707836147,1098.7595532167077,D_top
33,1,796.256783278274,1136.0724749877963,O_top
33,2,587.0404463959196,1351.8867011465186,O_right
33,3,607.0792630855208,113.9042696004215,O_left
33,5,564.5361725873362,1278.7454769463832,D_right
33,6,512.7924765303986,604.3320523702075,D_left
34,4,722.3649837592138,1110.8349359506517,D_top
34,1,785.4274990463273,1145.5633028307802,O_top
34,2,588.2001513609003,1362.9751815543962,O_right
34,3,606.9630760830141,114.2799021817485,O_left
34,5,551.9552618256469,1280.3216755933404,D_right
34,6,504.61814706002986,620.8205065705065,D_left
35,4,711.636436567919,1120.945906807336,D_top
35,1,777.5532702238448,1153.6535037226731,O_top
35,2,586.9644588616965,1369.9083589237548,O_right
35,3,606.9012401780333,114.38803936943292,O_left
35,5,541.0494319762928,1281.715452121167,D_right
35,6,499.8040375733329,631.9898810759453,D_left
36,4,703.0084881622105,1134.5786858245708,D_top
36,6,488.4911090600747,648.92828532381,D_left
36,1,740.9240847001155,1148.0596364792127,O_top
36,2,583.4419469695159,1375.5115145170128,O_right
36,3,607.6933280831449,115.58751808090348,O_left
36,5,506.82907906673313,1275.3311907420782,D_right
37,4,695.38892815018,1142.048806141523,D_top
37,6,486.9342500174988,651.5762279526622,D_left
37,1,716.8061346995529,1150.9891555117897,O_top
37,2,578.1643467300886,1378.1877965901426,O_right
37,3,607.1447871172766,114.824090849451,O_left
37,5,497.70592444093626,1275.565443633421,D_right
38,4,687.7507859592278,1149.5371441917914,D_top
38,6,485.3781006797515,654.2229634987807,D_left
38,1,702.0397706176335,1166.174789284931,O_top
38,2,555.6326080616699,1378.6384479162457,O_right
38,3,606.9832154579958,114.58951610957008,O_left
38,5,495.3815765831196,1279.220746103531,D_right
39,4,680.0939935305164,1157.043766699402,D_top
39,1,700.3721190724902,1174.56034589414,O_top
39,2,519.9675456705148,1369.7883086710808,O_right
39,3,606.8754755424987,114.43309596283665,O_left
39,5,494.6296003916904,1280.668083308757,D_right
39,6,478.46974133988857,656.4793412080949,D_left
40,1,693.3018766466508,1188.4605421336662,O_top
40,2,503.358262122106,1366.6338575700283,O_right
40,3,607.6933280831447,115.58751808090268,O_left
40,4,687.9283871531946,1163.788175468923,D_top
40,5,492.828799343033,1281.4892957421391,D_right
40,6,471.93853451759367,659.5517838621662,D_left
41,1,686.9869791178374,1200.1099302135449,O_top
41,2,492.30881326197385,1362.9005703468906,O_right
41,3,608.0108775680194,116.06503171209542,O_left
41,4,679.5620886868372,1167.865978505741,D_top
41,5,491.2175545357685,1281.1232738110275,D_right
41,6,458.8008503402006,662.688213234161,D_left
42,1,679.3874367939464,1209.2542311841576,O_top
42,2,486.3854684843597,1358.390624204795,O_right
42,3,608.9344898139126,117.3730480196894,O_left
42,4,657.0598623230705,1167.0722999780314,D_top
42,5,475.88450503466487,1281.3909341990775,D_right
42,6,446.96353181768586,671.3701641669822,D_left
43,1,642.0686114928981,1203.761568672263,O_top
43,2,482.97624902710606,1359.2679859189163,O_right
43,3,608.4460058343578,116.68030075405284,O_left
43,4,642.3947690446548,1167.3896528845876,D_top
43,5,463.1355225489162,1280.4420373331254,D_right
43,6,437.3412089305215,677.3312980011508,D_left
44,1,618.7156012890346,1206.6013809950937,O_top
44,2,462.7046000575052,1354.089012126068,O_right
44,3,607.6236654082192,117.43003991524826,O_left
44,4,621.1063857217812,1164.2403978838695,D_top
44,5,435.62491911850594,1279.2582747848262,D_right
44,6,434.7755130912119,688.1476546486444,D_left
45,1,602.8311551202772,1204.4212204810335,O_top
45,2,419.17015050752656,1339.6190359735745,O_right
45,3,608.2502458426394,118.56899390225828,O_left
45,4,609.0670047305932,1164.468956913458,D_top
45,5,415.03184450913983,1274.163921108261,D_right
45,6,431.64609243851993,694.0518352553493,D_left
46,1,589.3518039004863,1207.406123038177,O_top
46,2,389.7937820564544,1328.0303328493617,O_right
46,3,607.895318346472,117.64293443850696,O_left
46,4,594.7512989231483,1162.090534330917,D_top
46,5,407.0222902146086,1272.8475516783658,D_right
46,6,430.0737216793164,709.4963414285407,D_left
47,1,588.4819667328522,1216.3311465895165,O_top
47,2,375.99102590284406,1321.8660105152571,O_right
47,3,610.2739040635958,122.9147411498256,O_left
47,4,586.1372321351774,1161.746373169187,D_top
47,5,403.6354282842495,1273.5736676448546,D_right
47,6,423.8378249537418,718.8964592799439,D_left
48,1,570.5442174779262,1219.2500405262929,O_top
48,2,369.5813907862468,1314.827633909223,O_right
48,3,613.6232387083498,130.85544048629714,O_left
48,4,580.9215888249846,1165.0667546858574,D_top
48,5,402.4995816745251,1271.432466744346,D_right
48,6,417.75660540734793,732.8565687663042,D_left
49,1,551.0873548896786,1218.2374749017763,O_top
49,2,364.4008749843373,1309.6068332059044,O_right
49,3,616.9090002045749,135.26471394213925,O_left
49,4,576.7357935081542,1167.9066629253332,D_top
49,5,399.8947654952288,1269.3006327962626,D_right
49,6,413.7897077235327,738.9373730562993,D_left
50,1,535.0781333378065,1222.779681543506,O_top
50,2,359.16624244569675,1303.1128487832743,O_right
50,3,627.7489170081773,155.19336223990138,O_left
50,4,573.0002328472015,1172.790524257054,D_top
50,5,350.00319529047897,1244.3455841598332,D_right
50,6,408.78774986888334,743.2049899907778,D_left
51,1,521.4255664806348,1225.7092906984803,O_top
51,2,292.47799502309374,1276.233513301804,O_right
51,3,633.0385460754461,164.82275367583102,O_left
51,4,561.3598625590516,1170.0578401633556,D_top
51,5,323.614697626325,1231.6446118096735,D_right
51,6,399.3536510383156,741.2938230421596,D_left
52,1,514.5508611394946,1228.0888737043456,O_top
52,2,289.8062196546048,1270.7290523354347,O_right
52,3,641.2179626727636,174.383867919663,O_left
52,4,541.2411155500089,1165.234116581055,D_top
52,5,308.00379147944545,1224.4510504507186,D_right
52,6,376.7991611145309,735.5031245985509,D_left
53,1,507.3889447756248,1229.892872786554,O_top
53,2,285.1534648481982,1265.7895119530858,O_right
53,3,642.3926222327816,175.71344046011575,O_left
53,4,520.7175099410073,1154.0156209255333,D_top
53,5,298.3896345802816,1220.762143848977,D_right
53,6,356.89282720392805,730.3469787778264,D_left
54,1,499.2124972119726,1230.2811725219638,O_top
54,2,259.90057515599227,1254.043033009053,O_right
54,3,646.8044692906103,180.9883937705419,O_left
54,4,498.34800411716407,1147.1732240929362,D_top
54,5,278.48603627855465,1210.1312100813811,D_right
54,6,345.19442160845244,731.567702080854,D_left
55,1,495.4448080243047,1230.0372019748063,O_top
55,2,229.191448932053,1243.288135278025,O_right
55,3,646.4898112316794,181.05627095173048,O_left
55,4,485.9270387481984,1143.315518868512,D_top
55,5,212.0223473480917,1179.5580101359124,D_right
55,6,340.3832248905632,733.307413107677,D_left
56,1,493.5211150198612,1231.5563869927123,O_top
56,2,215.76637842258924,1237.7008994304058,O_right
56,3,648.688782714587,188.6456709752074,O_left
56,4,471.9379482052275,1138.4108245889963,D_top
56,5,198.26215531708957,1167.9699269869825,D_right
56,6,334.240251353168,741.6686359338232,D_left
57,1,493.28436322702777,1239.3466091943358,O_top
57,2,209.0587424687924,1231.18259387059,O_right
57,3,649.2661273528264,191.5840127214445,O_left
57,4,460.6626976606457,1134.3078120182445,D_top
57,5,200.9245688198111,1167.1345276784148,D_right
57,6,330.3858255912082,745.9294578303143,D_left
58,1,489.97574930245446,1255.3268176029335,O_top
58,2,176.66069985288476,1223.3673071354758,O_right
58,3,647.4414636333215,191.115822413032,O_left
58,4,454.7339687901611,1132.1615304671857,D_top
58,5,198.12128515443268,1164.390111057501,D_right
58,6,322.9194471021024,755.9773580237552,D_left
59,1,486.1578721777066,1263.2835175359812,O_top
59,2,182.15701656133191,1218.5475855405175,O_right
59,3,647.2930420647252,192.1598449106569,O_left
59,4,451.05655530003,1133.279841056017,D_top
59,5,195.7385872879765,1155.8861163048828,D_right
59,6,318.9638835306329,759.8111940735173,D_left
60,1,451.4167277591384,1266.1431794404853,O_top
60,2,167.02463555822624,1219.9655965068855,O_right
60,3,651.4304861234972,198.97100856154736,O_left
60,4,447.62906434372735,1129.1247205947084,D_top
60,5,159.1998059393798,1142.4151397656042,D_right
60,6,315.469883472148,760.7394419191282,D_left
61,1,480.85908948814034,1289.114181794719,O_top
61,2,158.9366458498751,1222.771513189341,O_right
61,3,659.5262780795728,212.71853012350752,O_left
61,4,443.7538734671948,1127.001925108682,D_top
61,5,145.26944103864673,1137.4229491119354,D_right
61,6,310.01617691990924,757.1745030489868,D_left
62,1,494.5860810638769,1309.1833924114214,O_top
62,2,180.849636199086,1233.276802779915,O_right
62,3,668.1338404840349,232.5122090859835,O_left
62,4,437.4883611465364,1136.5051086508886,D_top
62,5,147.74736728953252,1134.8288030220046,D_right
62,6,299.7437185978543,752.3491672212915,D_left
63,1,494.74607400028646,1318.495481652175,O_top
63,2,198.6957704973925,1244.0969237300042,O_right
63,3,673.1102841512458,243.35939492540305,O_left
63,4,439.1559933703752,1131.025224941351,D_top
63,5,145.71711232388822,1129.5932369052184,D_right
63,6,296.9798985817085,750.9741127396615,D_left
64,1,520.7466852355554,1336.1854936354853,O_top
64,2,205.795129077444,1251.994707658631,O_right
64,3,689.7774333893151,271.0204995079721,O_left
64,4,428.2406963634545,1126.114503904098,D_top
64,5,145.6951564955303,1125.5989996025305,D_right
64,6,286.5769439039758,741.6137259410618,D_left
65,1,532.144555652469,1345.2864844295948,O_top
65,2,211.25845590235065,1257.71414525761,O_right
65,3,692.1516027550938,274.95124611376406,O_left
65,4,422.8027620730624,1122.5284245719215,D_top
65,5,140.4562663291123,1123.7000010620268,D_right
65,6,278.8785016502338,733.0111856005072,D_left
66,6,290.1997590863808,726.6394311813699,D_left
66,1,545.5243914710051,1356.6143879158064,O_top
66,2,206.21937987367687,1263.8447156426842,O_right
66,3,712.5002015800095,302.5884137118686,O_left
66,4,416.9082533416421,1114.2756413604343,D_top
66,5,103.96365071293906,1101.2789453630007,D_right
67,5,131.31387720989488,1121.5121446993728,D_right
67,6,283.2661419029883,722.8140816158801,D_left
67,1,552.1039794761434,1364.0003754231218,O_top
67,2,204.32846521647528,1269.821879505015,O_right
67,3,717.9013923765668,311.46743677562324,O_left
67,4,416.384606884171,1113.912015745927,D_top
68,4,421.2196951887076,1123.8253290204198,D_top
68,5,153.20976074778014,1125.8736193561444,D_right
68,6,285.7378280405713,723.8251516370755,D_left
68,1,554.468871096269,1368.611603765944,O_top
68,2,215.3772790199348,1279.424356402422,O_right
68,3,720.3219332418732,317.44259775801413,O_left
69,4,428.728416376302,1131.4850391143111,D_top
69,6,288.202438464819,724.8333272609902,D_left
69,1,554.1445621029494,1371.8026131072806,O_top
69,2,225.3572819835768,1286.5865624264263,O_right
69,3,719.916672637648,319.0647462719602,O_left
69,5,161.61905409626416,1108.5440740190695,D_right
70,4,441.4635017869453,1140.0145725243617,D_top
70,6,290.66000351584773,725.8386208985805,D_left
70,1,558.5370639483472,1379.2102057388531,O_top
70,2,228.27944923465907,1294.1982393599253,O_right
70,3,719.4970042057328,319.641003007904,O_left
70,5,155.22974328906668,1109.5048508276498,D_right
71,4,453.9294017238967,1148.3638145254952,D_top
71,6,297.571345096665,713.813112165753,D_left
71,1,562.4206910477956,1383.9065883842006,O_top
71,2,230.2663260560572,1299.0702073383793,O_right
71,3,719.2569340038896,319.24449859072587,O_left
71,5,151.40125806455842,1108.3941272754892,D_right
72,6,305.8628630997137,703.3452378000204,D_left
72,1,593.5263210462942,1399.7818096000417,O_top
72,2,229.28921606939556,1303.7848895883033,O_right
72,3,719.6727748502573,319.74481100652395,O_left
72,4,448.01468767249065,1158.5135750355662,D_top
72,5,131.9050694588143,1101.921606161305,D_right
73,6,314.1527178534474,692.8794632530256,D_left
73,1,609.921132876331,1407.702946473401,O_top
73,2,228.8810839993184,1307.2127067492268,O_right
73,3,719.0924384303672,318.85359261220617,O_left
73,4,448.77082058632647,1165.4848742561626,D_top
73,5,175.30275288286697,1120.5533294840868,D_right
74,6,322.44090985827967,682.4157878930058,D_left
74,1,618.2253614521771,1410.466403432779,O_top
74,2,224.481756664672,1312.354452070341,O_right
74,3,717.1159208676673,318.98205719103606,O_left
74,4,445.67282996654313,1176.4537691552628,D_top
74,5,184.1322789907597,1120.9352478812443,D_right
75,6,330.7274396144229,671.9542110884535,D_left
75,1,618.7425890206357,1409.7179047820298,O_top
75,2,225.1866369354133,1316.660736306725,O_right
75,3,716.6701392100231,320.2729893669798,O_left
75,4,439.47130359932135,1183.1250048592728,D_top
75,5,201.03143181845084,1125.4713622847064,D_right
76,1,622.9155884277477,1407.7989480422557,O_top
76,2,219.63454420985337,1321.647583199048,O_right
76,3,714.7999343740368,321.2916267974211,O_left
76,4,454.1755259305459,1195.7673728934392,D_top
76,5,220.6193665547028,1134.7418845843856,D_right
76,6,323.8250830360752,656.4790948566867,D_left
77,1,627.7535563438393,1406.6706325928644,O_top
77,2,217.45989358592004,1325.1652044928626,O_right
77,3,714.6661466087245,322.4575732145015,O_left
77,4,472.3092211078505,1210.6322836382803,D_top
77,5,240.15788283553252,1143.3701088073788,D_right
77,6,358.43331657149554,677.9815305280765,D_left
78,1,651.8764829416599,1409.4251872215634,O_top
78,2,215.19541595236865,1332.0079525151407,O_right
78,3,713.155568203353,319.09972823853843,O_left
78,4,479.9213890355525,1224.7912693127423,D_top
78,5,247.31394072553925,1150.2895756040418,D_right
78,6,381.7941405061693,680.6554838905903,D_left
79,1,664.9105920341384,1409.9251713697356,O_top
79,2,227.08287547536705,1340.6577765839377,O_right
79,3,712.9936380876196,317.0820677335167,O_left
79,4,493.1909090418855,1237.837095581455,D_top
79,5,249.78346868188052,1154.621413676011,D_right
79,6,391.9461746466106,677.5049905199511,D_left
80,1,674.5004240647158,1402.5608523391293,O_top
80,2,238.51188326200312,1350.7655460450674,O_right
80,3,709.6423917964667,305.66135273609086,O_left
80,4,517.6620901169713,1253.6010397798304,D_top
80,5,247.55331270371352,1161.1597210772563,D_right
80,6,402.6843559686066,663.8793235012523,D_left
81,1,680.7893167180545,1396.630460128532,O_top
81,2,244.70892866700547,1355.776969401226,O_right
81,3,700.5316456862694,288.00559314050207,O_left
81,4,526.6856479752543,1256.8021376269774,D_top
81,5,250.69311526151915,1165.4918471802705,D_right
81,6,411.4721946867318,658.7261304479674,D_left
82,1,686.865692039399,1389.8455393118682,O_top
82,2,246.2245164411342,1358.9383913283011,O_right
82,3,692.8744000610025,271.30076761982,O_left
82,4,530.3870633561822,1254.6064461958365,D_top
82,5,218.04872808723945,1153.504756054442,D_right
82,6,424.3590815305979,656.9117859034551,D_left
83,1,689.5388093851966,1384.8008562696666,O_top
83,2,247.45654105793835,1361.8274017100807,O_right
83,3,687.6332206635508,260.3247631707912,O_left
83,4,533.7711799952718,1254.6128456079005,D_top
83,5,204.72158961441312,1152.4200680681563,D_right
83,6,424.12465253311547,645.4391460829823,D_left
84,1,687.1101714878927,1367.301726188271,O_top
84,2,244.00309745482608,1367.5422945625255,O_right
84,3,682.1449650639099,249.37608198243527,O_left
84,4,530.3644341955825,1247.5464468312146,D_top
84,5,213.4445375125726,1155.6421550587172,D_right
84,6,465.0517797972765,665.5327708155784,D_left
85,1,692.2385962310468,1355.1764361651112,O_top
85,2,241.29829866282236,1373.3483749631712,O_right
85,3,681.2059416287104,245.5644140209187,O_left
85,4,529.2073684999132,1241.9431119680294,D_top
85,5,250.18992743794783,1169.6899906679544,D_right
85,6,482.07057166780777,671.6970775235155,D_left
86,1,697.6954793792694,1338.3550777800983,O_top
86,2,238.4645593439228,1378.241589444524,O_right
86,3,680.3738577281161,243.0224731001153,O_left
86,4,535.358923948831,1231.205621621599,D_top
86,5,265.1880313853734,1174.9781952514577,D_right
86,6,493.5555468380337,670.8554062803923,D_left
87,1,711.1577555734539,1330.344749304419,O_top
87,2,241.2529981005913,1391.5853177313084,O_right
87,3,678.225678464816,239.03376179301563,O_left
87,4,538.770620962863,1220.5068439249385,D_top
87,5,271.5589980231649,1177.4402236301478,D_right
87,6,509.5944324891465,677.2202421835568,D_left
88,1,723.943529029187,1319.987269151053,O_top
88,2,254.498210219245,1401.056582988885,O_right
88,3,673.9806922671452,230.4124135966447,O_left
88,4,545.8329951397968,1211.4707664251175,D_top
88,5,273.51494488107886,1178.671031135913,D_right
88,6,528.6778320568883,682.9760145818059,D_left
89,1,727.5219807527573,1316.1303183480363,O_top
89,2,258.90189271662314,1408.2536888943937,O_right
89,3,671.1382080540312,224.9511687763692,O_left
89,4,551.7786575463193,1200.3402982790844,D_top
89,5,275.6869577040048,1181.365979477319,D_right
89,6,537.3982525968817,683.6087551905746,D_left
90,1,735.1935843830422,1307.885951839286,O_top
90,2,260.3050880440733,1420.9854211978788,O_right
90,3,666.8886072714953,215.16980683115344,O_left
90,4,550.4724507111014,1189.7306756630262,D_top
90,5,274.7961916104764,1179.7524542596868,D_right
90,6,541.6102418790247,679.7643527188651,D_left
91,1,738.3095443293885,1300.944341333491,O_top
91,2,272.2278780384885,1430.574552401552,O_right
91,3,662.4826011147225,205.1713391492129,O_left
91,4,595.4191143395831,1196.9008125693945,D_top
91,5,276.6434066283931,1180.2234373782992,D_right
91,6,544.1660063381515,677.5821603870031,D_left
92,1,733.8076791017412,1288.7576168884548,O_top
92,2,274.3628989276767,1433.4196023527563,O_right
92,3,659.9305165104132,198.7695749240888,O_left
92,4,600.1425873780896,1184.0946384134854,D_top
92,5,277.55842522704904,1176.3909760692334,D_right
92,6,546.6913056140176,677.1903724812634,D_left
93,4,618.1950029614684,1183.9312036658102,D_top
93,1,719.7678002565356,1272.2451309938112,O_top
93,2,273.81814011868306,1436.2629341890488,O_right
93,3,659.9352881916808,197.3675551382003,O_left
93,5,280.20248083482727,1174.1471071705491,D_right
93,6,547.5621470666906,676.5950453802698,D_left
94,4,633.134380910604,1167.4927125766396,D_top
94,1,722.5075140477015,1254.940979275371,O_top
94,2,279.5364144270539,1436.8932494957564,O_right
94,3,659.1428302153214,196.25269281882768,O_left
94,5,279.752697153933,1170.294662225208,D_right
94,6,548.7170905847161,670.795521043843,D_left
95,4,630.3646639328576,1164.5542074331613,D_top
95,1,734.5608656540677,1249.2149580199807,O_top
95,2,282.5955894148365,1437.954811463284,O_right
95,3,660.8288205070643,197.37617558119672,O_left
95,5,281.1204120048748,1167.7720002368385,D_right
95,6,546.5820541500043,665.1393903487673,D_left
96,4,609.0883882622957,1145.656697622593,D_top
96,1,745.5038892277963,1245.5332730156017,O_top
96,2,285.5412862764801,1443.1795106103164,O_right
96,3,659.8450983916014,196.4380613613593,O_left
96,5,280.18345633114683,1165.528506353161,D_right
96,6,526.2025089394057,641.184733439809,D_left
97,4,606.0068993834919,1135.011052934697,D_top
97,1,752.6265492619118,1241.2396330317918,O_top
97,2,296.19116582257806,1447.8625180237996,O_right
97,3,657.7598695020522,194.5976299488914,O_left
97,5,282.3280434159494,1165.517462890668,D_right
97,6,521.9497228876307,622.4227569199783,D_left
98,4,612.6159735041799,1124.4228260134676,D_top
98,1,743.7380787156881,1218.0195945857806,O_top
98,2,312.65620259839415,1452.2389565815345,O_right
98,3,653.7091666280915,190.66011377697671,O_left
98,5,286.92273871714184,1160.8178969274609,D_right
98,6,525.0566826457163,615.1541490273124,D_left
99,4,613.17728021198,1115.640592006234,D_top
99,1,739.9845640860103,1207.3795788226705,O_top
99,2,320.0777662082216,1454.0124764778552,O_right
99,3,650.736863348081,187.1555543683136,O_left
99,5,287.4831813276663,1159.0719062810672,D_right
99,6,526.1567050834117,610.4852260203709,D_left
100,4,616.4376212762446,1106.448158445339,D_top
100,1,744.7440172882009,1199.6469066136617,O_top
100,2,327.83822159830146,1456.3659237999948,O_right
100,3,647.5994694892552,182.46841541298616,O_left
100,5,291.0134357147982,1159.6026575283122,D_right
100,6,530.3059945640285,608.380429476479,D_left
101,4,619.7132380156926,1097.21265557775,D_top
101,1,746.6744217149095,1191.2639744195894,O_top
101,2,333.6797493631723,1457.0390030564422,O_right
101,3,645.161028790844,178.4250506327923,O_left
101,5,294.46389621686825,1159.5548607371811,D_right
101,6,534.0395213641931,605.773251726777,D_left
102,1,749.4578978448992,1175.8973218258132,O_top
102,2,336.6601865451704,1458.087051526818,O_right
102,3,638.7734857355313,172.3533690130597,O_left
102,4,618.6225418567813,1091.3564399266063,D_top
102,5,302.2156798519518,1158.656384665814,D_right
102,6,535.1825110350296,601.3070726052011,D_left
103,1,757.0396416767354,1163.7950763918673,O_top
103,2,338.5003607009183,1459.2862443601828,O_right
103,3,632.6775851130054,164.79828254320415,O_left
103,4,613.9840989658117,1090.2578039268562,D_top
103,5,306.3652818682495,1157.9423853336602,D_right
103,6,536.9512806250293,601.2342090770948,D_left
104,1,778.8376095651711,1131.6706081168852,O_top
104,2,335.97973611391365,1459.6901682301177,O_right
104,3,625.858270576072,157.82056324384638,O_left
104,4,616.1123526669685,1083.594953627119,D_top
104,5,313.5116391054693,1154.7837617495145,D_right
104,6,539.5185158827339,601.9242129080823,D_left
105,1,789.9758757948416,1115.1758284837708,O_top
105,2,336.55190960132984,1459.3495967628703,O_right
105,3,622.6611677875248,154.30222085460895,O_left
105,4,615.0760508933442,1076.9463692549125,D_top
105,5,316.62712109434943,1150.9285488115015,D_right
105,6,539.7335327808036,599.5710731155864,D_left
106,1,790.5016042111888,1109.304534955194,O_top
106,2,343.0789524024092,1456.1263629924574,O_right
106,3,621.7182376599675,155.28010644442068,O_left
106,4,588.0032126748972,1045.4145569135212,D_top
106,5,324.1174913809491,1150.3769837589844,D_right
106,6,528.5963776401924,585.8802744309119,D_left
107,1,782.5020601333342,1084.5271710055422,O_top
107,2,355.91066946931056,1447.6294512145969,O_right
107,3,621.0180356318036,154.1790396216472,O_left
107,4,582.6432263345682,1020.5340718848652,D_top
107,5,320.7363111703137,1147.3181788114996,D_right
107,6,518.8268050021737,575.5454003652487,D_left
108,1,767.2777273987988,1049.947756142407,O_top
108,2,367.19265865003945,1438.6012575509722,O_right
108,3,621.8216024874444,154.76924868020353,O_left
108,4,589.5767237548876,1002.5962734258046,D_top
108,5,315.3277913750191,1142.5152493578482,D_right
108,6,509.5544849232431,566.4366103226552,D_left
109,1,762.7272528980259,1030.7855049447942,O_top
109,2,376.6099355530624,1438.6005834601588,O_right
109,3,622.2574600146376,155.16975957653148,O_left
109,4,591.3416090982729,992.1894950545116,D_top
109,5,314.5809662905833,1140.1403457870483,D_right
109,6,508.1685543150792,565.9929977166098,D_left
110,1,762.6009845559571,1011.0685620293892,O_top
110,2,388.2735940886935,1436.960034685289,O_right
110,3,622.7950294333533,154.89658983095333,O_left
110,4,589.5811019101658,984.5261853396308,D_top
110,5,294.8633260470851,1120.3378524837938,D_right
110,6,506.6932609394295,563.5823726855472,D_left
111,1,764.5627680099324,1001.112822693604,O_top
111,2,391.9932227862252,1434.7870578556483,O_right
111,3,624.1619388932506,155.4942746270339,O_left
111,4,588.9510381649559,976.412598884615,D_top
111,5,292.06763416218826,1104.118808661088,D_right
111,6,507.76101690763073,564.4369454591915,D_left
112,1,767.9370511455088,987.4237631027008,O_top
112,2,395.9609734155016,1431.731175199397,O_right
112,3,624.744602595339,155.80163898533482,O_left
112,4,563.5966616573533,928.478322363212,D_top
112,5,301.5759166496455,1096.4919122441556,D_right
112,6,504.9947471186002,561.8212551898719,D_left
113,1,738.4771827932111,956.1580063053478,O_top
113,2,398.568131599064,1430.9346242706583,O_right
113,3,625.6344689127075,157.3864183225487,O_left
113,4,600.0918984497074,923.3958159038004,D_top
113,5,309.8362469168465,1089.3885032240353,D_right
113,6,504.3205950767527,560.5654790141713,D_left
114,1,715.7552617210586,926.9912987450969,O_top
114,2,405.2844178897491,1423.3690706243733,O_right
114,3,623.4357176370775,155.27036728560407,O_left
114,4,615.1953876578978,905.028802623381,D_top
114,5,316.3122399175596,1081.355701421964,D_right
114,6,500.1362444530296,554.1943690369704,D_left
115,1,709.9512637874784,913.0168846847804,O_top
115,2,411.2975746169012,1419.2819838326154,O_right
115,3,622.5750624608705,154.4519654495117,O_left
115,4,625.2596156959502,894.4047685862334,D_top
115,5,320.4431181180244,1075.720757089584,D_right
115,6,497.8686503597087,551.1948142458189,D_left
116,1,707.2961262356018,904.7382149157412,O_top
116,2,415.3947661706975,1416.8467128836603,O_right
116,3,621.44374055599,153.4385197383551,O_left
116,4,637.4171933837861,885.5515680972461,D_top
116,5,326.9218369902076,1065.431729074897,D_right
116,6,493.0320449664958,548.5227308928004,D_left
117,1,707.9990487684881,899.7854245471307,O_top
117,2,426.5493010134026,1416.382881788078,O_right
117,3,620.8500800006431,153.3104928110164,O_left
117,4,636.5889717988299,885.5813237365134,D_top
117,5,333.6224997570972,1059.7439220650306,D_right
117,6,489.3649068142835,546.5412153221409,D_left
118,1,684.6866019206195,858.7291963335031,O_top
118,2,420.63858154915295,1409.2083903581647,O_right
118,3,620.2605097412635,154.17028416879148,O_left
118,4,640.7431072780875,872.8411620050548,D_top
118,5,335.3125518854649,1053.8297014201123,D_right
118,6,485.6368322978517,543.6008778983593,D_left
119,1,652.6011625296237,825.8772616831599,O_top
119,2,424.2233439133021,1403.6875475975123,O_right
119,3,620.2148918326238,154.24964587509345,O_left
119,4,623.5267003186946,852.49838045464,D_top
119,5,335.46211522100134,1050.6127349260837,D_right
119,6,485.9566198915172,544.2222380318678,D_left
120,1,635.5188291688469,807.5703795286712,O_top
120,2,433.97374775579294,1401.8613498348852,O_right
120,3,620.5374929454201,156.17473060158173,O_left
120,4,593.1723539100726,821.9743551893189,D_top
120,5,334.8859526137886,1048.8460514451083,D_right
120,6,482.61927244767446,541.8896516249193,D_left
121,1,632.0861983755515,797.6661521288523,O_top
121,2,443.8659619291389,1400.122683292353,O_right
121,3,625.7111368144939,163.1694491968592,O_left
121,4,583.6566978836727,807.9448360416143,D_top
121,5,330.93290145284504,1043.897215423233,D_right
121,6,480.64230330260176,535.8499365598973,D_left
122,1,626.0201538125508,776.8130894388693,O_top
122,2,452.47243146807983,1395.8378637539931,O_right
122,3,629.5890827068341,169.5063662649665,O_left
122,4,585.6254857564571,797.463178427705,D_top
122,5,331.46607867216,1038.5513597584766,D_right
122,6,480.2856341656511,530.9798106227562,D_left
123,1,622.0042331858075,765.3969431338394,O_top
123,2,456.6757644575402,1392.4370636562303,O_right
123,3,628.1799277727783,169.67223375066638,O_left
123,4,581.21476446727,789.6514194077324,D_top
123,5,335.0320370564778,1036.4026791756871,D_right
123,6,481.0554311921335,530.1010616858263,D_left
124,1,603.1928340607205,741.0877418145834,O_top
124,2,467.05396156254375,1383.5144066828375,O_right
124,3,629.077315224608,179.47862638823958,O_left
124,4,565.9512007747804,770.2845818536779,D_top
124,5,343.32766930436907,1034.6635353494332,D_right
124,6,481.15368047787786,528.1495024976995,D_left
125,1,599.9669627688997,733.4146193053657,O_top
125,2,470.8177140125524,1375.8472050693704,O_right
125,3,628.9856235908622,183.8368550790507,O_left
125,4,554.4809135802261,757.3523718140509,D_top
125,5,349.8195170078133,1035.511525597498,D_right
125,6,482.6281352653908,527.3958579003547,D_left
126,1,587.9204122924989,716.0124609169274,O_top
126,2,478.94871804703416,1372.955368787496,O_right
126,3,628.47815708239,183.74847594020451,O_left
126,4,510.8697073152347,714.383565055588,D_top
126,5,357.0185699096556,1034.8544541139174,D_right
126,6,475.6102618022093,511.4587627452485,D_left
127,1,580.9731428333475,704.5097891561687,O_top
127,2,483.72506410201447,1368.8990506450675,O_right
127,3,627.7774205328548,184.3175569855396,O_left
127,4,496.35797441410057,703.3529642493423,D_top
127,5,361.4154980062324,1035.203016521216,D_right
127,6,471.3158899414265,496.9344712872122,D_left
128,1,572.5428985620741,692.0155737572859,O_top
128,2,486.5784832232524,1358.9044108458054,O_right
128,3,603.0320038330124,158.4467293977737,O_left
128,4,489.4984550746196,693.5318277952922,D_top
128,5,368.24424242125946,1033.530112552045,D_right
128,6,473.44239517655706,480.6213266958886,D_left
129,1,571.1188968591689,686.0213683008803,O_top
129,2,487.82857937675664,1352.3394461403554,O_right
129,3,582.4310401835947,141.63958609718338,O_left
129,4,486.0914834817629,686.8210956597836,D_top
129,5,370.6380321299504,1039.7943946298617,D_right
129,6,477.1661605142932,479.13015520339786,D_left
130,1,566.1055927247749,672.6418617275815,O_top
130,2,496.63123538909423,1347.5497739419795,O_right
130,3,558.3832316786503,136.88071797915904,O_left
130,4,484.27720517236673,678.7674667729743,D_top
130,5,372.2658303681261,1042.692796507856,D_right
130,6,481.91515217775,479.8538896647324,D_left
131,1,562.130734222882,663.3659877671674,O_top
131,2,498.9323579748306,1344.918218102629,O_right
131,3,547.9025392004361,133.27071427315093,O_left
131,4,484.9318112051178,672.4570082201908,D_top
131,5,372.2652078602907,1044.638046077701,D_right
131,6,485.98023013110645,481.1053155638494,D_left
132,1,558.5239270769642,653.5439549314593,O_top
132,2,504.28791899456576,1341.1239678364443,O_right
132,3,538.5453703768476,133.9998405939544,O_left
132,4,485.6344640616448,664.7024638791756,D_top
132,5,371.4298080754312,1046.6054503458572,D_right
132,6,491.08651528556976,482.34721278836406,D_left
133,1,548.8204646334705,642.4161782290296,O_top
133,2,504.2395188011696,1336.1475567779928,O_right
133,3,532.5614780028917,133.608371964037,O_left
133,4,480.9229639836084,657.0600871055142,D_top
133,5,374.2607551985252,1048.5974302246834,D_right
133,6,493.57141244486047,482.005591121648,D_left
134,1,531.9716432851282,620.5267070997824,O_top
134,2,507.9150379620869,1330.4286348555372,O_right
134,3,497.746628737955,105.5805553588804,O_left
134,4,465.67423671739897,644.8513146928576,D_top
134,5,383.44383471790826,1049.09098602142,D_right
134,6,487.71422845592,468.915133250186,D_left
135,1,518.3350162311137,603.5961752144775,O_top
135,2,510.3429434721194,1326.5525168017973,O_right
135,3,481.7004893651076,96.63518809083996,O_left
135,4,458.1187274288846,638.152482362216,D_top
135,5,395.9692651777891,1055.148811838249,D_right
135,6,482.362466415417,462.4031571545449,D_left
136,1,505.04726782983806,587.6775683435244,O_top
136,2,493.2486420994081,1311.0168521467672,O_right
136,3,475.9219682284137,114.7715351228484,O_left
136,4,440.657679880188,620.9738921907979,D_top
136,5,408.6385557981829,1063.18765515148,D_right
136,6,460.4858931012631,430.8338385181111,D_left
137,1,496.5971158917857,578.7190787672271,O_top
137,2,524.6357941153432,1312.9569804412956,O_right
137,3,470.6642131170663,121.79910713400368,O_left
137,4,423.0416049139752,605.0962494097345,D_top
137,5,413.5059270042293,1064.3500917205497,D_right
137,6,447.83195484991415,420.94161445124655,D_left
138,1,491.79629910051807,568.8990799341476,O_top
138,2,537.7688636252291,1301.533045344623,O_right
138,3,455.7534623704545,122.04130148001067,O_left
138,4,419.0014982694213,600.9421930839125,D_top
138,5,424.4101903916444,1052.4710126131645,D_right
138,6,435.683026415176,403.1779909596867,D_left
139,1,489.0528811130581,563.8523555012014,O_top
139,2,539.3930596832947,1293.7117017575902,O_right
139,3,443.37071147359165,117.04708371465574,O_left
139,4,414.0889660484544,597.3103630774337,D_top
139,5,422.8747430882523,1058.7423858955808,D_right
139,6,431.829581727226,398.1991899848622,D_left
140,1,485.2715684519213,557.3389815647145,O_top
140,2,548.8633926435153,1289.6499369483092,O_right
140,3,386.0426173949752,66.41865698011334,O_left
140,4,418.2422524657444,598.4770249634756,D_top
140,5,424.3790785938877,1058.7995287614754,D_right
140,6,423.625990352479,398.5398532936412,D_left
141,1,476.5076976255037,548.8600580445687,O_top
141,2,554.5821842312959,1286.748090851919,O_right
141,3,380.5176930737378,77.96254024266385,O_left
141,4,418.2578363102533,597.6939063408729,D_top
141,5,424.036694977796,1058.4112802839854,D_right
141,6,422.52516713417054,398.4068780599581,D_left
142,1,466.0629306711033,539.053249059028,O_top
142,2,558.7336630856545,1282.2494029721754,O_right
142,3,373.0753286758322,102.08469932647824,O_left
142,4,418.7555019694695,592.895872540233,D_top
142,5,421.1562294159192,1057.8637433315262,D_right
142,6,411.52691891378447,386.63449656919823,D_left
143,3,353.68505254069163,89.33321855163815,O_left
143,1,460.86114567329184,534.3215579262036,O_top
143,2,560.1083511421149,1276.4189760135307,O_right
143,4,415.9985872766194,590.0539650640196,D_top
143,5,420.39162105959474,1056.8902153833208,D_right
143,6,402.8322865487239,377.5772109355945,D_left
144,3,330.37524242097857,75.61125477373396,O_left
144,1,453.30500154174456,529.5764080992168,O_top
144,2,565.15321697373,1269.043412833648,O_right
144,4,404.5881287180511,577.7648935032613,D_top
144,5,418.2496787124242,1053.0515782436769,D_right
144,6,383.9448104553324,358.94546730311674,D_left
145,3,306.46972035469764,61.53860869893996,O_left
145,1,449.6612346280031,527.903411310053,O_top
145,2,570.8658829781943,1262.2098729195936,O_right
145,4,389.9314159136732,563.9893389874743,D_top
145,5,419.0187001404653,1051.990832144391,D_right
145,6,378.6963995724004,354.8110791688485,D_left
146,1,449.4796112041574,528.5245258163773,O_top
146,2,574.7105666219923,1254.6303589812426,O_right
146,3,279.16414233872183,43.02428933490002,O_left
146,4,372.9668126712268,542.8577170674597,D_top
146,5,418.7078252389664,1049.2801180057606,D_right
146,6,375.76907998228216,353.1539235175945,D_left
147,1,450.20967995673857,530.3315221318488,O_top
147,2,579.8116023705448,1248.0429108261253,O_right
147,3,272.9919709682726,53.20504284804457,O_left
147,4,362.7800590663957,529.2748299564462,D_top
147,5,421.5708335830291,1046.3600415061435,D_right
147,6,377.8141200607098,355.82070590389094,D_left
148,1,448.20514435294416,528.8833918097541,O_top
148,2,588.010608304118,1239.8020587032795,O_right
148,3,273.5376859930482,74.40639462560769,O_left
148,4,348.7853358430484,515.1304738682254,D_top
148,5,423.3019154813663,1044.1338063622188,D_right
148,6,377.62628395444654,356.7077406528884,D_left
149,1,446.8446687759294,527.8493794848375,O_top
149,2,590.8518862064287,1234.844725575726,O_right
149,3,266.9107181686772,75.31923026046395,O_left
149,4,326.7906665936085,495.7067907874004,D_top
149,5,426.2784125811705,1044.1355467687983,D_right
149,6,374.1365643857221,352.7089600684642,D_left
150,1,449.66123998846825,531.4324168952306,O_top
150,2,595.3738098538641,1229.6138188442385,O_right
150,3,273.4728720962672,98.12250057738764,O_left
150,4,321.6149354907215,488.9632259990648,D_top
150,5,426.5729703829766,1043.7543081297554,D_right
150,6,356.8340598750032,338.116189043791,D_left
151,1,453.1186359240284,535.8477665481394,O_top
151,2,597.2172829343605,1225.153220087767,O_right
151,3,276.0959257849628,113.78865553837312,O_left
151,4,325.9297859330719,487.4261671520524,D_top
151,5,426.1820164502344,1042.9015875797352,D_right
151,6,320.259781679732,303.58270640078257,D_left
152,1,452.9975474509731,536.209033098325,O_top
152,2,594.7991561054488,1217.3619189686892,O_right
152,3,267.1491200413535,123.1878712346504,O_left
152,4,333.2283204599925,492.1484460372999,D_top
152,5,427.5625180446696,1042.9706223175644,D_right
152,6,304.0508247777894,291.79158590559075,D_left
153,4,321.1648164619177,486.88712146249935,D_top
153,1,453.8831979433001,537.2659199484959,O_top
153,2,594.1326189916743,1213.9972863420812,O_right
153,3,259.8323373111293,123.92163023178406,O_left
153,5,430.20080556327696,1041.1650295144475,D_right
153,6,300.0018191922081,292.0732588390757,D_left
154,4,331.19697278017645,495.908377427606,D_top
154,1,452.7100217961825,536.2486752643916,O_top
154,2,593.0061081345206,1202.9988049336848,O_right
154,3,251.68297370894345,131.10842438899192,O_left
154,5,432.76392630070006,1039.3738646093618,D_right
154,6,293.94415617982065,298.2373028377992,D_left
155,4,341.0888274714482,504.80346940072366,D_top
155,1,452.91714486723447,537.2608582528364,O_top
155,2,594.4268954043295,1193.6712612523424,O_right
155,3,244.38779956410755,138.3705309870067,O_left
155,5,429.6910283920584,1042.1168963503494,D_right
155,6,289.9461244866073,301.3030007685924,D_left
156,4,342.06576079617406,503.0841483020155,D_top
156,1,450.5307130595677,537.5735180445708,O_top
156,2,602.9868600488464,1186.4019887901702,O_right
156,3,231.69500999888623,135.23573177996153,O_left
156,5,432.9108162269185,1039.0237046503994,D_right
156,6,284.1417446902737,305.1276513510582,D_left
157,4,343.0429798460253,501.3643243509398,D_top
157,1,449.191969045541,536.5276577706627,O_top
157,2,605.7668752459001,1179.9389818866066,O_right
157,3,233.25740458496347,140.51546159655078,O_left
157,5,434.75111231906754,1036.7211626112082,D_right
157,6,275.2053741501341,304.1274434472444,D_left
158,4,344.02048474636865,499.6439973268581,D_top
158,1,449.6325532958322,539.276836155939,O_top
158,2,610.9592540468753,1170.9763600763024,O_right
158,3,228.5434056269292,138.4048023798835,O_left
158,5,433.2678679360568,1034.6900613334892,D_right
158,6,266.3743901594597,301.7474402513377,D_left
159,4,344.9982756226468,497.9231670090062,D_top
159,1,449.8223827543893,540.3203374874332,O_top
159,2,614.6003293174402,1164.9400837814594,O_right
159,3,223.0224936217135,127.05258222255642,O_left
159,5,413.6910308193293,1021.7902994405237,D_right
159,6,260.87316722372907,299.3769225056531,D_left
160,4,346.3856367814397,499.8321748790771,D_top
160,1,451.9566810642899,539.6790899530866,O_top
160,2,616.0071728722054,1160.4319039122363,O_right
160,3,228.13189808718508,135.06609124139155,O_left
160,5,397.6892605803431,1015.382526461618,D_right
160,6,253.739742654006,292.36681619380505,D_left
161,4,347.7696688333732,501.7366019007125,D_top
161,1,453.6928787077765,540.3272082033976,O_top
161,2,616.1280707432321,1157.137901691433,O_right
161,3,228.49212151121816,134.1595695873431,O_left
161,5,387.8492363893236,1009.2798172467636,D_right
161,6,248.2573041302932,285.8645640427094,D_left
162,4,349.15038374685616,503.6364645424333,D_top
162,1,454.3477324232066,540.5618574003695,O_top
162,2,617.4693423983592,1153.8594151787872,O_right
162,3,224.8163184213322,130.30009869254258,O_left
162,5,384.2441673305195,1007.0948540118196,D_right
162,6,249.68327989886603,281.3126173535597,D_left
163,4,350.5277934329982,505.5317791939151,D_top
163,5,420.65263691368114,1030.3336573164345,D_right
163,1,454.12635137684407,541.7013495650014,O_top
163,2,617.2511034211112,1151.626008897607,O_right
163,3,222.3454716644329,127.57389249414756,O_left
163,6,247.45444552829355,278.6005222977127,D_left
164,5,420.50477415094633,1025.1118224805016,D_right
164,1,453.4599335257644,538.6041562351281,O_top
164,2,615.6508734938373,1144.099221538372,O_right
164,3,218.6268066786498,121.01156130961564,O_left
164,4,379.3343623450744,528.6089270968803,D_top
164,6,244.3926696112805,272.54868183723306,D_left
165,5,420.356258526893,1019.8669315761452,D_right
165,1,453.58073713498027,537.0279288990524,O_top
165,2,616.0188571019802,1139.8201509876562,O_right
165,3,219.2956841794305,118.79189360945436,O_left
165,4,388.5124983804174,537.3250296729354,D_top
165,6,240.28301474396312,266.3451853684669,D_left
166,5,420.2070857080683,1014.5988315656522,D_right
166,1,455.8256220263139,532.5446832419219,O_top
166,2,616.2269209626048,1135.8607456378484,O_right
166,3,222.39395511201224,116.7348232380578,O_left
166,4,394.8797736144966,542.5699554321471,D_top
166,6,249.12768833520835,272.49190542356365,D_left
167,5,420.0572513225806,1009.3073680538942,D_right
167,1,457.89021317085263,535.8139906714435,O_top
167,2,617.698408448658,1132.2692081868329,O_right
167,3,221.7349911845598,108.6203015409468,O_left
167,4,398.4564442950204,547.0934297176105,D_top
167,6,258.92403230338255,279.49830890471685,D_left
168,5,419.9067509596761,1003.992385273248,D_right
168,1,463.8935682774416,534.67714446319,O_top
168,2,622.7054843072128,1126.116418107675,O_right
168,3,229.9663567096636,108.5972298875721,O_left
168,4,394.2513256213705,553.4459680374091,D_top
168,6,264.4632336426352,282.16205151433974,D_left
169,5,419.7555801693037,998.6537260683054,D_right
169,1,464.77197168763297,536.6245264130451,O_top
169,2,626.238914665933,1121.3926080327485,O_right
169,3,237.9692000539483,113.99893071983377,O_left
169,4,395.2520648604551,560.4724162380276,D_top
169,6,267.617901289904,281.59013559793,D_left
170,5,419.6037344616762,993.2912318803874,D_right
170,1,470.552628529736,541.1834467815983,O_top
170,2,629.7114649280028,1116.1479803631958,O_right
170,3,256.73169115097915,122.7646622259264,O_left
170,4,405.25570585297913,567.2437415403583,D_top
170,6,270.70508902284905,277.9206880471018,D_left
171,5,419.4512093068273,987.9047427318438,D_right
171,1,481.6908530751566,555.9235141735094,O_top
171,2,631.1676719545018,1111.8066058821817,O_right
171,3,283.5329776770389,147.09742649324008,O_left
171,4,410.04639823367614,570.0198555985182,D_top
171,6,275.42044503377434,276.6426053113925,D_left
172,5,424.2524381248167,985.5408450725276,D_right
172,1,503.0221891465626,573.6583870511982,O_top
172,2,631.7394445311082,1105.4542859811504,O_right
172,3,299.3003976639281,161.87790465621387,O_left
172,4,416.0654574121282,574.76764297535,D_top
172,6,271.93107420420586,263.6610267958607,D_left
173,5,429.0388429222949,983.1842460587704,D_right
173,1,511.5101532734401,581.5137251739976,O_top
173,2,631.4907486910621,1101.6384006986414,O_right
173,3,305.91161097992506,169.6023016830622,O_left
173,4,417.7668711516493,579.6611110413315,D_top
173,6,269.9509524877823,259.9069609201123,D_left
174,5,433.8104922482319,980.8349119403048,D_right
174,1,513.2669515339525,582.3950130449352,O_top
174,2,625.1280502039866,1096.2432185508214,O_right
174,3,304.8226306001278,165.83130023607478,O_left
174,4,421.0281026693295,578.7682714585586,D_top
174,6,278.584438837934,267.2766374463628,D_left
175,5,438.5674542296047,978.4928091746356,D_right
175,1,515.0626572570683,584.5796308589573,O_top
175,2,629.8593053562477,1096.8764519908357,O_right
175,3,315.3630552336042,176.13413390270549,O_left
175,4,421.0165579089789,578.0238808229199,D_top
175,6,284.3321047039021,271.7830904828557,D_left
176,5,449.88254412453074,979.0262516607024,D_right
176,1,493.7946866536764,566.4782276404882,O_top
176,2,636.4337608056119,1094.2721976965463,O_right
176,3,324.0087990032381,183.8711479794884,O_left
176,4,421.48898725829423,578.8885288945531,D_top
176,6,292.8764217623759,277.43782388792323,D_left
177,5,461.05994191690615,979.5532027429742,D_right
177,1,473.15834115637074,551.3748116727766,O_top
177,2,644.3171746922552,1089.452007879017,O_right
177,3,331.6736871866494,193.7655706089198,O_left
177,4,420.4016006380478,578.7808797246911,D_top
177,6,306.73188692682334,291.4881734664017,D_left
178,5,472.10214574733817,980.0737801946484,D_right
178,1,466.9703401441954,547.2001293819977,O_top
178,2,648.6017011574182,1087.795057488621,O_right
178,3,360.1139552316118,229.58547217826705,O_left
178,4,424.208449051408,584.69460860014,D_top
178,6,331.02331274096474,310.28306820076614,D_left
179,5,483.01159368819407,980.5880989570472,D_right
179,1,461.1452596831605,543.0245078755103,O_top
179,2,650.3118052818809,1086.9937628723203,O_right
179,3,372.3170109292912,245.6634318721912,O_left
179,4,425.642553943012,586.9148063214288,D_top
179,6,345.8113720158713,323.32347737948265,D_left
180,1,457.94236150152153,543.4295257750733,O_top
180,2,650.0585589705545,1081.2775684977996,O_right
180,3,381.3259913584949,257.75036194831506,O_left
180,4,430.26538057704215,593.5433977947235,D_top
180,5,473.477672532041,962.3105723553746,D_right
180,6,351.2279086015937,328.17324310252843,D_left
181,1,456.1811549526879,546.7670838226342,O_top
181,2,657.1440416698713,1081.5469883017597,O_right
181,3,390.21906252038434,269.0638997897637,O_left
181,4,433.94133697003815,599.1501861828993,D_top
181,5,476.380077588544,961.2800476928256,D_right
181,6,358.4094014773496,334.54835956969526,D_left
182,1,452.5910058072488,548.8860615968706,O_top
182,2,659.647945580265,1079.467999658984,O_right
182,3,394.97319702874114,275.5607695365407,O_left
182,4,436.359002310348,605.802934607553,D_top
182,5,481.6238408558654,957.1139099819186,D_right
182,6,365.8029647775077,341.8712167449783,D_left
183,1,430.7224491735448,537.7864580430094,O_top
183,2,660.6463420187038,1078.5640830595887,O_right
183,3,400.2914498234927,279.23319547657263,O_left
183,4,436.6635808875152,609.1116545314892,D_top
183,5,499.0418538727488,966.272742733779,D_right
183,6,370.42992344113605,346.60978415637953,D_left
184,1,418.8517366517354,537.0651693107403,O_top
184,2,656.637206708729,1075.6427720062898,O_right
184,3,432.17280108737873,314.56632918981165,O_left
184,4,431.8742006664808,609.5298473787083,D_top
184,5,521.1269769987448,964.6411741821404,D_right
184,6,377.6685142923051,351.6390100834461,D_left
185,1,411.1149852147482,538.1580417894875,O_top
185,2,656.7898533253406,1076.714056586985,O_right
185,3,449.9907666555259,336.15833055261186,O_left
185,4,421.2317104225631,607.4672953191414,D_top
185,5,520.7479230447749,967.5054790973544,D_right
185,6,388.0211341736577,363.96920001276777,D_left
186,1,407.02587725648647,543.3548285331088,O_top
186,2,649.5069205428304,1081.926875099933,O_right
186,3,463.15562353767945,349.81105880208696,O_left
186,4,401.45792585374926,600.039135089891,D_top
186,5,530.3305073362309,964.092690197384,D_right
186,6,400.2098832070068,379.70882403830046,D_left
187,1,404.23383386185856,547.7282208641547,O_top
187,2,638.160936615264,1086.017120458013,O_right
187,3,464.78091776846617,350.20425797643753,O_left
187,4,394.5722029475222,599.9251942461095,D_top
187,5,536.6643614388348,965.424718590444,D_right
187,6,414.6384409706632,393.390692089061,D_left
188,1,384.6539223413399,539.8200599823004,O_top
188,2,607.9790106392754,1085.9876460628684,O_right
188,3,474.1923613748679,370.96370493378345,O_left
188,4,375.0312412156276,590.209152010518,D_top
188,5,540.7191268907438,964.0503246584092,D_right
188,6,416.1300206054648,402.56073691913366,D_left
189,1,369.8054703339535,532.3429011847863,O_top
189,2,594.5409251365769,1086.384950205695,O_right
189,3,477.127812129748,378.93973361559273,O_left
189,4,357.12429115491074,578.2105625094129,D_top
189,5,542.3722791307378,962.8280934088596,D_right
189,6,419.1208847686568,411.0740513080033,D_left
190,1,350.5468392074668,520.9389307667601,O_top
190,2,585.3045635060452,1098.603570944852,O_right
190,3,498.1601038217119,405.5199491117939,O_left
190,4,340.5185286637786,573.2512473362049,D_top
190,5,543.4462173200949,961.263672824148,D_right
190,6,427.5912640285738,425.77579760282566,D_left
191,1,342.80025823379987,520.6608489563462,O_top
191,2,578.4162525139881,1106.2838715785458,O_right
191,3,510.7452505644701,424.49584802331583,O_left
191,4,338.89019712620126,581.0888043947642,D_top
191,5,543.4748365627214,957.9308514026178,D_right
191,6,434.137427300149,437.0561464622491,D_left
192,1,338.2374997959491,518.8461606004124,O_top
192,2,550.2941760247535,1101.773480699347,O_right
192,3,515.8299401032119,437.23549918171534,O_left
192,4,333.36875598055013,585.5956511201865,D_top
192,5,545.9351950317539,956.8786438014364,D_right
192,6,439.9664805925446,451.74587781799954,D_left
193,1,328.3416155347789,509.9345454247237,O_top
193,2,524.3943791688729,1097.343800996151,O_right
193,3,516.1145760315273,439.4895243424847,O_left
193,4,334.88460273005666,591.574787441061,D_top
193,5,542.8421831615185,954.3748133019706,D_right
193,6,445.7142980492944,462.3506040840919,D_left
194,1,313.57409253064145,502.8166616380458,O_top
194,2,502.6078773956412,1095.715126277071,O_right
194,3,498.1171809213295,425.4695048229555,O_left
194,4,332.2818440970545,594.636030970208,D_top
194,5,517.4542702208433,937.7450789075732,D_right
194,6,460.3977260951119,483.4239173480653,D_left
195,1,304.595471214876,498.518945563245,O_top
195,2,492.07622011702176,1096.584646480084,O_right
195,3,480.9483250601852,410.6092118309208,O_left
195,4,327.6627467197003,592.5841082909669,D_top
195,5,494.9178844997109,924.0333689155176,D_right
195,6,466.2590160043631,496.904472546986,D_left
196,1,283.0172872982453,483.0723300771589,O_top
196,2,483.1129583820581,1094.415490109003,O_right
196,3,486.10932014060944,431.0061090900901,O_left
196,4,330.45941309752965,579.1639054788595,D_top
196,5,461.3408387640056,910.0415194886568,D_right
196,6,465.2100249953821,504.7199795864549,D_left
197,1,271.66052082218,478.2631637181723,O_top
197,2,460.9685127397416,1083.8402024606803,O_right
197,3,490.1303652054665,441.4849730625611,O_left
197,4,316.5475888799752,580.6082021856695,D_top
197,5,456.9750670686797,911.135063436012,D_right
197,6,465.7045548127453,507.700384974436,D_left
198,1,263.329459274288,470.2370416529316,O_top
198,2,417.7855955623549,1065.685545336758,O_right
198,3,537.9397930339654,492.6442627909787,O_left
198,4,304.4801646273881,575.4534752290026,D_top
198,5,454.2798842676751,913.6809270967468,D_right
198,6,477.6732902634582,527.7346162160634,D_left
199,1,257.9099464823098,463.5266548797102,O_top
199,2,400.2756110952947,1058.4106349924507,O_right
199,3,559.790400900976,514.4688734375843,O_left
199,4,297.3933666560797,570.5920609800634,D_top
199,5,451.26912389824327,916.7525555110034,D_right
199,6,493.1053894801909,547.9627682992422,D_left
200,1,256.5843320825678,455.010598815634,O_top
200,2,391.10448056963554,1049.8517894825827,O_right
200,3,588.9354372351958,541.0517576278511,O_left
200,4,274.9173632338261,554.4890801816242,D_top
200,5,447.3843945128278,921.1679297495496,D_right
200,6,506.3606594770508,569.0809663869196,D_left
201,1,254.6576997694048,446.3238783837722,O_top
201,2,382.6377288874143,1048.073817050048,O_right
201,3,601.2218759127229,553.7650895483216,O_left
201,4,269.2204109691123,545.9354429343798,D_top
201,5,443.0962495156347,922.6714904359402,D_right
201,6,512.1522703536043,581.2504082749984,D_left
202,1,237.6511815617627,426.0471609277955,O_top
202,2,334.3670098859868,1021.80619378708,O_right
202,3,622.6072616358119,579.0458170864825,O_left
202,4,267.3071060280764,537.4544148805235,D_top
202,5,426.6935779557208,922.6503812951048,D_right
202,6,514.2810304050234,591.2733358782652,D_left
203,1,229.73403219893183,415.2742418324424,O_top
203,2,339.1913296490918,1026.036263776784,O_right
203,3,638.8766956660407,597.8554973601304,O_left
203,4,269.2556485001262,535.6462755910563,D_top
203,5,410.6809587175089,921.5065619266662,D_right
203,6,512.7499131432929,596.2109201068598,D_left
204,1,221.550591806156,403.2049213339102,O_top
204,2,319.2647978578151,1017.1632897452356,O_right
204,3,648.4774676937961,608.5636414746834,O_left
204,4,272.49857869216106,533.9196395091622,D_top
204,5,385.1878620674266,925.6296530917108,D_right
204,6,508.7162863954604,603.0781513256444,D_left
