1,1,985.1942314873148,504.1145264337008,O_top
1,2,556.1232150918987,120.05763756921212,O_left
1,3,613.1648940920758,1430.9511661597794,O_right
1,4,872.0075920649698,542.3323177718844,D_top
1,5,518.9365579017693,256.5980994564484,D_left
1,6,543.6452608574986,1123.4651834881868,D_right
2,1,985.1903259668288,504.1207958479549,O_top
2,2,541.1012359529119,103.8107858302757,O_left
2,3,614.4001810650302,1431.3187367260834,O_right
2,4,871.8423312950802,542.6008934429035,D_top
2,5,511.17753661758303,250.0030033318782,D_left
2,6,541.801187463047,1123.0813565382562,D_right
3,1,984.7841745721704,504.7727784331792,O_top
3,2,517.7788554141717,80.73572287171264,O_left
3,3,613.4739686466005,1431.0431340275902,O_right
3,4,872.7701636109983,544.3892412341058,D_top
3,5,509.9978933896784,251.72427810521435,D_left
3,6,540.1024793469419,1122.28016363809,D_right
4,1,984.3858775242838,505.41215267240153,O_top
4,2,513.312438600924,80.21760421744665,O_left
4,3,614.2767736311181,1431.2820157524454,O_right
4,4,873.0595573719222,544.9531590667808,D_top
4,5,508.8819212622742,253.85464407094145,D_left
4,6,539.5716874800077,1122.0114374552838,D_right
5,1,984.0149535423824,506.0075857543077,O_top
5,2,538.2162241749456,130.75557037520494,O_left
5,3,614.5265346741166,1431.350819093248,O_right
5,4,872.7382374119042,545.7570200351151,D_top
5,5,506.4732307164597,255.4738314127789,D_left
5,6,539.2460455240604,1122.3651264946077,D_right
6,1,983.7689930915946,506.40241864833945,O_top
6,2,544.8531510285029,148.34713877422638,O_left
6,3,614.5822688008548,1431.3784335041903,O_right
6,4,872.4767011452857,546.1818918438768,D_top
6,5,506.7697905036189,259.63855115853977,D_left
6,6,537.8827535059347,1121.7910948032234,D_right
7,1,983.4527824981956,506.9100219777172,O_top
7,2,545.7805174186738,162.23182636739622,O_left
7,3,614.6160793152279,1431.3829791602927,O_right
7,4,872.1387439064273,546.7309113172158,D_top
7,5,497.7370687825033,257.90012272125784,D_left
7,6,535.4725655727366,1122.0347655849534,D_right
8,1,982.3047528000116,506.131811822877,O_top
8,2,548.2409435563114,173.63083633445737,O_left
8,3,614.6190522019017,1431.3783489531045,O_right
8,4,872.3386883364682,549.2208017452089,D_top
8,5,495.2288038902559,261.77905759444224,D_left
8,6,533.176227902966,1121.8216265693627,D_right
9,1,981.788286361218,506.0295915673311,O_top
9,2,543.0063658345473,174.54061799359735,O_left
9,3,614.2534062087893,1431.9478347397494,O_right
9,4,870.7204453087134,549.9737430684941,D_top
9,5,491.6371754740106,265.2845105869036,D_left
9,6,528.163405097004,1120.455073660797,D_right
10,1,982.2725124791244,507.4526121142106,O_top
10,2,543.7179794630375,182.79814275103055,O_left
10,3,614.4763565083041,1431.6005944332958,O_right
10,4,869.7558284769534,550.7898026573855,D_top
10,5,484.2988964811768,260.9263441055416,D_left
10,6,524.9386114336111,1119.6713019925392,D_right
11,1,982.2652859526344,508.3939299610325,O_top
11,2,538.6995851132614,189.49862737601356,O_left
11,3,614.1749984020572,1432.0127517591236,O_right
11,4,865.5922587157721,548.7000281538951,D_top
11,5,489.0973928497632,270.7953095156258,D_left
11,6,516.473772334274,1115.0109053927572,D_right
12,1,981.3489988028686,507.581754517838,O_top
12,2,539.6301764175882,197.1478557180201,O_left
12,3,614.1047806167455,1432.179315909502,O_right
12,4,861.6735539280369,546.0600504409797,D_top
12,5,490.597050712271,274.7998052207351,D_left
12,6,511.0294564345531,1111.5572738338185,D_right
13,1,981.5643631404848,508.9276486741569,O_top
13,2,540.6015216937179,213.84867349231925,O_left
13,3,613.11495178166,1431.9462907663592,O_right
13,4,853.8344223771611,540.9908232505093,D_top
13,5,490.3505085199252,283.2300494284933,D_left
13,6,503.6758825647429,1105.4801490184543,D_right
14,1,981.5497431302928,509.6270838535554,O_top
14,2,541.5229720175068,226.49789755095657,O_left
14,3,613.6898801363302,1432.138905520284,O_right
14,4,845.8326045803237,535.7599407035917,D_top
14,5,488.1007180179772,284.9206745609463,D_left
14,6,499.9999405613289,1102.2065806267583,D_right
15,1,981.0671593549284,510.57069976165707,O_top
15,2,529.4871744566785,224.67144508656656,O_left
15,3,613.8720946281227,1432.1984711541568,O_right
15,4,842.1499222532881,537.946928829082,D_top
15,5,481.9557440145362,287.0035141309168,D_left
15,6,497.9199523854919,1096.7296675846983,D_right
16,1,980.8109539432828,511.1508696852603,O_top
16,2,516.053198677279,215.17984748807757,O_left
16,3,613.9676383808909,1432.22130186632,O_right
16,4,839.5796656793565,538.112034252412,D_top
16,5,480.7158470547755,291.09728072231223,D_left
16,6,497.5455845828008,1094.4315348268533,D_right
17,1,979.5774247951616,510.5955010802238,O_top
17,2,513.8403350698743,232.7814360763435,O_left
17,3,614.0014645423805,1432.2258247929376,O_right
17,4,839.3212284689606,540.108676853799,D_top
17,5,478.9670260723525,300.0761274993393,D_left
17,6,497.99471820353097,1092.9458296509356,D_right
18,1,979.9123149925748,511.66435930325423,O_top
18,2,516.9461140223186,242.8387695802414,O_left
18,3,613.9984919952275,1432.2304545202308,O_right
18,4,839.2166657908509,541.0659258146029,D_top
18,5,476.6725136448097,306.35427368782666,D_left
18,6,498.50388878018526,1092.1140841984777,D_right
19,1,977.4599376551332,508.5686924859035,O_top
19,2,515.9504164450304,247.5286958754052,O_left
19,3,614.0044370920747,1432.2211950616877,O_right
19,4,838.9112982832575,542.0558057891556,D_top
19,5,478.9454952603724,318.5653999252596,D_left
19,6,496.696182057744,1089.789620746045,D_right
20,1,976.5834187362192,507.4242287888443,O_top
20,2,515.6152608781107,248.80805287167465,O_left
20,3,613.4659634205257,1431.3995080882016,O_right
20,4,838.4261111865258,543.2408264566973,D_top
20,5,481.2535579092424,320.51265224132953,D_left
20,6,494.7830336351831,1088.27989313029,D_right
21,1,975.4784023233716,505.7024697338407,O_top
21,2,515.8015608301046,246.0582359362887,O_left
21,3,613.2290285447835,1431.0806746993765,O_right
21,4,836.8454012360182,543.1678454250882,D_top
21,5,486.5859832057011,333.5786586916566,D_left
21,6,491.1450531881004,1085.6677583486016,D_right
22,1,975.8506253289008,506.2996810048857,O_top
22,2,523.0246984054517,245.31723047063952,O_left
22,3,614.0826898882399,1431.240816507944,O_right
22,4,836.0449897239,543.490690003329,D_top
22,5,488.1025187566205,339.16378755648964,D_left
22,6,489.3979864129495,1084.0318602827388,D_right
23,1,975.777592117928,509.5703255997755,O_top
23,2,527.211035991988,234.53892409525727,O_left
23,3,614.4061277911138,1431.3094744853925,O_right
23,4,836.4630575170164,545.5619120472771,D_top
23,5,488.58136142285457,343.6822859790633,D_left
23,6,488.0096332965613,1082.0818006199315,D_right
24,1,976.904955997675,508.865105945547,O_top
24,2,530.9020264183258,218.72171377665703,O_left
24,3,614.858436501685,1430.7766629715452,O_right
24,4,835.5495786338012,545.185554148745,D_top
24,5,489.42186330819067,346.5526399179115,D_left
24,6,487.5802395442216,1081.438220199473,D_right
25,1,968.532133058948,492.2774564506531,O_top
25,2,541.4920334840896,201.723120201352,O_left
25,3,615.053905930431,1430.5866526057594,O_right
25,4,834.9139410140787,545.6331653520305,D_top
25,5,477.0900388062525,349.49958848890606,D_left
25,6,486.3959393441075,1081.6442637866228,D_right
26,1,965.2970916058226,483.1005275435338,O_top
26,2,520.7431652562371,142.91543988186424,O_left
26,3,615.4583183962635,1429.9567822170914,O_right
26,4,834.5903239147211,545.9648105878471,D_top
26,5,473.5987875326728,353.41224692830895,D_left
26,6,485.129346756465,1081.790105674184,D_right
27,2,577.0482007981556,194.16264712444917,O_left
27,1,966.5089571723042,478.5829995444998,O_top
27,3,615.9917330201556,1429.1832116402452,O_right
27,4,834.1572037987222,546.6721528003453,D_top
27,5,479.43320115101386,359.9839949294158,D_left
27,6,484.9229934838021,1082.996487224286,D_right
28,2,585.5067787507475,196.200193004099,O_left
28,1,969.1083933981384,478.8962454681888,O_top
28,3,616.1791098831661,1428.8913746564858,O_right
28,4,833.7168491258327,547.588141277338,D_top
28,5,482.1110245116145,361.4708582809228,D_left
28,6,484.1075353924441,1083.5605825568962,D_right
29,1,971.9863532577428,481.4668305141362,O_top
29,2,584.8503622069346,162.8877679755614,O_left
29,3,616.2077952213947,1428.7894758182376,O_right
29,4,833.848844722471,550.419403989336,D_top
29,5,487.7881081185778,356.0507447336918,D_left
29,6,482.0663989289101,1083.8133396654898,D_right
30,1,973.4367946719736,481.9319655466412,O_top
30,2,607.5998723765412,180.495113532244,O_left
30,3,615.9025094902744,1429.3221761069497,O_right
30,4,832.9428617451556,550.1306237043415,D_top
30,5,489.7842067932768,354.2275837253644,D_left
30,6,478.4500346196974,1081.3955894125188,D_right
31,1,970.0572846860468,475.2479429999042,O_top
31,2,627.7246897061932,179.88222115291467,O_left
31,3,615.4147946461295,1430.0817855206374,O_right
31,4,832.6170007471134,549.974518445167,D_top
31,5,492.77272882689,347.02618422058043,D_left
31,6,475.8399215667051,1082.7522956658358,D_right
32,1,962.6728007406788,458.65116759691216,O_top
32,2,638.743074473447,180.59132030345845,O_left
32,3,614.8766033781056,1430.9200112963408,O_right
32,4,831.1954129832002,552.0993370919651,D_top
32,5,501.6816269477435,342.91427251051886,D_left
32,6,475.13591384432726,1082.9310296854735,D_right
33,1,957.7362951479828,439.1894844160896,O_top
33,2,642.979660564013,177.73429299044332,O_left
33,3,613.0096855775096,1432.0529630626845,O_right
33,4,831.799513595923,551.1128109163885,D_top
33,5,507.0395333873888,332.9188739876472,D_left
33,6,474.782146085986,1083.4137306868035,D_right
34,1,957.4013370283008,432.4913220261053,O_top
34,2,645.3641387918879,176.9583720767896,O_left
34,3,612.9009028039218,1433.310564175773,O_right
34,4,830.4476610850974,550.366910634432,D_top
34,5,511.2607693685634,327.5457357491749,D_left
34,6,474.7139317538882,1083.6232821056046,D_right
35,1,954.0087102661196,421.68453167422894,O_top
35,2,648.1592550493764,175.14880165568678,O_left
35,3,611.9651796010367,1433.5081246263485,O_right
35,4,825.7538847750243,536.5663081645824,D_top
35,5,522.2064021809983,328.512387603675,D_left
35,6,475.8552202487574,1081.8486777085584,D_right
36,1,949.3352364567806,409.204822580167,O_top
36,2,650.1671184127299,174.85585738430663,O_left
36,3,612.5222234731137,1433.8431545939088,O_right
36,4,823.6942685816399,530.0726944597346,D_top
36,5,531.056565555741,334.53053544565,D_left
36,6,477.25640334469085,1081.2093058810874,D_right
37,1,943.0574920680814,388.9409933631573,O_top
37,2,648.5735010784533,173.63634572652097,O_left
37,3,613.0653984238414,1433.397708906694,O_right
37,4,804.0552608835396,501.493176545587,D_top
37,5,535.8181108420717,334.46123574241915,D_left
37,6,479.5569395338002,1076.5575070404263,D_right
38,1,938.513449265675,376.344512476559,O_top
38,2,647.6414323772939,171.10374694347567,O_left
38,3,613.6425000620478,1432.6704978874304,O_right
38,4,790.0743485184242,481.0669838525865,D_top
38,5,544.8431805575965,333.4977253489121,D_left
38,6,475.6487611456306,1072.6769754714458,D_right
39,1,936.0810299087124,364.1393281291379,O_top
39,2,641.6721633094899,165.5594489750518,O_left
39,3,613.8885095369468,1432.4017516477843,O_right
39,4,779.1232606346972,464.9481813935255,D_top
39,5,550.5588763037066,328.8340174914478,D_left
39,6,466.3366712437477,1059.0038734517389,D_right
40,1,936.1517077751269,358.44788060057215,O_top
40,2,637.2961664843083,161.66163529318183,O_left
40,3,613.9628216275972,1432.2860109390394,O_right
40,4,776.9833136009369,458.01771761448646,D_top
40,5,554.3850440887089,326.32511794977336,D_left
40,6,459.9877663690584,1047.7149689814523,D_right
41,1,934.0262365497248,346.6962584523127,O_top
41,2,626.8812322201558,148.78340927883875,O_left
41,3,612.709271121925,1432.5209312763184,O_right
41,4,773.836027890431,446.394552853804,D_top
41,5,552.1184656951608,317.22792426005026,D_left
41,6,443.8878295924948,1030.6294509730096,D_right
42,1,932.7968443450762,338.7995827751471,O_top
42,2,625.4428583594076,148.8023154398176,O_left
42,3,612.6041761016247,1432.0540902575324,O_right
42,4,772.0324500879995,438.4644350535871,D_top
42,5,553.9012848725105,313.8187604874846,D_left
42,6,431.14167265152935,1017.2697761105012,D_right
43,1,919.0479846615774,310.8846666276012,O_top
43,2,626.7512713425954,152.64334940320177,O_left
43,3,611.8616161784785,1432.981498087879,O_right
43,4,761.153922908461,416.38271411501,D_top
43,5,523.5800167389627,268.2542405269835,D_left
43,6,422.4744908545962,1004.2829740127434,D_right
44,1,910.662613154651,295.7467122876102,O_top
44,2,625.6791783923853,152.03058629380246,O_left
44,3,611.2446380429903,1433.8853190649484,O_right
44,4,755.894550972257,403.2279487848002,D_top
44,5,507.66740820635806,224.2602189971427,D_left
44,6,418.8384283065319,997.1531533064372,D_right
45,1,904.17703233973,289.73827915123417,O_top
45,2,625.0732666925909,154.57024201711448,O_left
45,3,611.5711046331064,1435.038420952481,O_right
45,4,746.9734607390006,386.7563396057489,D_top
45,5,534.932379001217,254.3447973552159,D_left
45,6,423.4762100529048,986.834983878608,D_right
46,1,902.1605894225296,282.5590188738823,O_top
46,2,625.4004477292173,156.96964568060574,O_left
46,3,611.7340991121254,1435.4712556758209,O_right
46,4,745.4805395631619,380.3342944084405,D_top
46,5,529.3791292366496,235.9117137143286,D_left
46,6,427.05750990242166,983.67821337727,D_right
47,1,892.2329467184807,283.98133075264377,O_top
47,2,625.808933638671,157.41250263085675,O_left
47,3,611.0485366231661,1436.7106256202178,O_right
47,4,747.0101176560165,375.1545504093505,D_top
47,5,542.1291893716963,258.2742923689444,D_left
47,6,428.529646311073,976.2664485414344,D_right
48,1,885.7314505506099,286.3354997197977,O_top
48,2,626.5040951267574,156.53366232953258,O_left
48,3,610.5028016778955,1437.7321495467345,O_right
48,4,748.7827345639326,373.80069037255686,D_top
48,5,549.8945390361134,268.84906564121025,D_left
48,6,429.63774788373337,967.965367149562,D_right
49,1,868.1254961418172,261.3782991497223,O_top
49,2,627.395137340809,152.34889241863783,O_left
49,3,610.4615034998228,1439.452957384555,O_right
49,4,748.2479421507649,372.2053991986234,D_top
49,5,558.0047380916076,273.45197831374685,D_left
49,6,431.1469397505026,961.9228402140436,D_right
50,1,840.1089258968526,223.0237952036863,O_top
50,2,627.8004466963934,150.98456482476533,O_left
50,3,609.2105341045763,1440.3734068340673,O_right
50,4,745.8005964303229,368.5582007064238,D_top
50,5,561.4123081665991,274.53480301755826,D_left
50,6,430.95367153361366,957.797440308624,D_right
51,1,827.3592887409304,210.55969808138605,O_top
51,2,632.4348821283936,149.84725369233863,O_left
51,3,606.1762740550056,1441.2652709651993,O_right
51,4,732.5083743704057,345.43146721648964,D_top
51,5,565.6198886588674,277.11472754235047,D_left
51,6,431.9180332897067,954.9296998606992,D_right
52,1,821.4422373508575,203.2839100916463,O_top
52,2,634.2775267151111,146.81044294074195,O_left
52,3,603.8021574067698,1441.863357860567,O_right
52,4,721.5373240518865,330.9599882741536,D_top
52,5,567.1652862359844,277.82266247184,D_left
52,6,433.61217316387285,953.8157472275924,D_right
53,1,808.0058737445356,198.71760790759572,O_top
53,2,635.337602959186,140.02859060112934,O_left
53,3,598.0998764013352,1442.6678225864728,O_right
53,4,702.3921364623083,307.14335935298675,D_top
53,5,568.4307918147492,279.17096135510104,D_left
53,6,435.9760170158926,954.0909321362412,D_right
54,1,799.2319910013259,200.61405982172525,O_top
54,2,637.3431015265146,137.0379707602487,O_left
54,3,594.6864927145662,1443.2261733477408,O_right
54,4,695.889169358937,299.384813553248,D_top
54,5,569.7381861607081,280.4396082861361,D_left
54,6,436.92986626046365,954.4342816727506,D_right
55,1,770.43766818811,184.528160597852,O_top
55,2,644.1733283591416,145.01519178453017,O_left
55,3,586.9226778909847,1444.862218985559,O_right
55,4,685.7185763892886,283.075344540116,D_top
55,5,570.9907188928546,279.3912540348119,D_left
55,6,437.743944679549,952.279218974608,D_right
56,1,755.6830811277805,170.7988586921483,O_top
56,2,643.7496630191653,140.85365329107032,O_left
56,3,581.4348286992631,1446.0501883906245,O_right
56,4,682.4767174450124,279.18678781511863,D_top
56,5,571.8178221532726,278.2780155915229,D_left
56,6,438.0614902113517,951.6354482800688,D_right
57,1,745.6986081612146,170.28778492845666,O_top
57,2,652.5535922227901,155.07636427152698,O_left
57,3,574.124349160267,1447.6484740625658,O_right
57,4,679.7947575393212,278.8902674601535,D_top
57,5,573.4217358386746,284.93646595802545,D_left
57,6,437.4386625466836,951.0800034543948,D_right
58,1,725.7902026730485,147.8382290735196,O_top
58,2,651.9266226159853,162.25004542830422,O_left
58,3,570.1181910752256,1448.5136169237323,O_right
58,4,675.4165873904645,279.0281691614989,D_top
58,5,573.5973291978817,288.29615554829167,D_left
58,6,438.742952828894,951.9776000272632,D_right
59,1,714.4448940262523,143.31498208128266,O_top
59,2,657.274724134304,173.81177375082297,O_left
59,3,565.7149304046166,1449.9750251314008,O_right
59,4,667.8468953297427,274.85830574226594,D_top
59,5,569.1793176838964,287.49735542851454,D_left
59,6,438.9444124850385,952.7782861260667,D_right
60,1,705.1579139620648,137.70713810902575,O_top
60,2,660.2705892386689,178.70679937049945,O_left
60,3,562.8339676364144,1450.7891956074318,O_right
60,4,662.2541756112494,269.9323214037699,D_top
60,5,563.8065847841946,283.97292767117256,D_left
60,6,439.0724629942808,953.2462667309236,D_right
61,1,697.0850667176533,137.84369529347242,O_top
61,2,659.5534576389607,178.8466387111095,O_left
61,3,562.4838246079387,1451.883985678233,O_right
61,4,643.4714990241858,257.5532445255792,D_top
61,5,557.427119370762,280.3198890792241,D_left
61,6,438.3807339696308,953.0368215900436,D_right
62,1,675.4026483483932,114.54552442988992,O_top
62,2,662.3770242859565,182.58189781761408,O_left
62,3,563.138614540854,1453.1013171678126,O_right
62,4,630.2749846655262,250.0342843239393,D_top
62,5,547.9522399044913,271.900249848245,D_left
62,6,436.8494625272117,951.7214275840342,D_right
63,1,652.3570844255015,102.82463005767208,O_top
63,2,666.4722863216712,187.95973813835968,O_left
63,3,561.5102443612449,1452.9840301969664,O_right
63,4,605.1453314546329,224.35464160503915,D_top
63,5,544.4870370306136,273.30721450197103,D_left
63,6,437.5838004856684,952.6602994581295,D_right
64,1,651.0554287378676,115.51917045446874,O_top
64,2,672.077850671698,196.47923630375217,O_left
64,3,559.6627842899536,1453.2035521540563,O_right
64,4,595.4799081286047,217.6411464232853,D_top
64,5,545.451992225948,279.7133135835186,D_left
64,6,437.7727951329751,953.0276982327204,D_right
65,1,648.3911702681869,134.5955528634413,O_top
65,2,679.8731418832969,212.2097146380601,O_left
65,3,551.6959336702025,1451.9664068640247,O_right
65,4,571.5102978371726,199.26796492515973,D_top
65,5,541.4720447860911,284.9940098416429,D_left
65,6,439.39400693707086,954.1854786175568,D_right
66,1,643.5486978700714,141.8562524086616,O_top
66,2,680.0432536715617,220.0120163037236,O_left
66,3,547.3987589779061,1451.77577711634,O_right
66,4,558.8318233673332,189.3484083656105,D_top
66,5,540.7862310391649,287.9979555729766,D_left
66,6,439.9931053401705,954.6601642796865,D_right
67,1,629.0886832808199,136.1520934990443,O_top
67,2,682.5741362300408,231.58378322969685,O_left
67,3,545.86668497867,1453.68371985115,O_right
67,4,554.6870368723681,199.52583086357876,D_top
67,5,538.5063067505394,290.48539061176905,D_left
67,6,436.0622303741582,953.3773450369508,D_right
68,1,641.2291204726052,165.84352387168505,O_top
68,2,680.7801221925838,235.98768055600496,O_left
68,3,544.3433069755177,1454.0849802232522,O_right
68,4,553.8901365381573,216.13547662715877,D_top
68,5,525.3193619501453,278.043916236321,D_left
68,6,431.3820330295178,949.863224768409,D_right
69,1,621.4300395970268,146.98382806131335,O_top
69,2,677.4484990621556,248.17816259639292,O_left
69,3,546.2249082130857,1456.161408731989,O_right
69,4,543.062881638088,215.7421509227505,D_top
69,5,532.2571834324425,293.1189773742764,D_left
69,6,418.40343360438055,943.246830840527,D_right
70,1,607.2511156663095,133.48227054750743,O_top
70,2,671.2677109074701,256.55549185888054,O_left
70,3,546.6834614446364,1457.4837200087898,O_right
70,4,537.3565174076244,212.09489986334657,D_top
70,5,536.435696399284,300.4923089482189,D_left
70,6,414.1579945025864,941.1820029606674,D_right
71,1,589.7750369974248,116.3969022441054,O_top
71,2,622.472561069724,199.63084220735223,O_left
71,3,547.2997299522997,1457.3817710648443,O_right
71,4,531.01612734182,216.26182889989224,D_top
71,5,538.1111538747303,308.029297787066,D_left
71,6,404.2604978429029,936.9746030067146,D_right
72,1,583.2236242696152,108.8734326012256,O_top
72,2,658.5337796376048,256.7627469487824,O_left
72,3,547.5845762238762,1457.305356136001,O_right
72,4,525.9992536426122,215.46747276431924,D_top
72,5,537.1741239032079,313.5582913834886,D_left
72,6,396.46299014058434,935.1431516805408,D_right
73,1,585.7082283971243,117.21275121054263,O_top
73,2,672.2992708224847,297.12614297683166,O_left
73,3,550.1277476963763,1457.1981375378043,O_right
73,4,501.5584667199906,196.50255472296936,D_top
73,5,533.3958324742691,314.4350324304832,D_left
73,6,391.816962871954,935.6759934676342,D_right
74,1,586.0767590856225,119.19986671128684,O_top
74,2,676.8681417522364,317.22105053633834,O_left
74,3,551.1443694707831,1457.140265469273,O_right
74,4,523.2589824320012,234.0269679030297,D_top
74,5,528.9084475160914,319.9559890351624,D_left
74,6,388.6586226322662,935.0175127068496,D_right
75,1,590.0939461795799,127.00506371104856,O_top
75,2,673.0010831593838,348.3916256854606,O_left
75,3,554.8286380442707,1459.2554891275004,O_right
75,4,526.669638109838,248.88928995530097,D_top
75,5,525.4623624816687,324.97010089204883,D_left
75,6,386.0685901892151,935.5863864392225,D_right
76,1,590.2682031667016,127.74279655244432,O_top
76,2,667.9429771928735,361.7930022769791,O_left
76,3,557.2014306314966,1460.2789194227714,O_right
76,4,536.3015336714194,250.7688814359629,D_top
76,5,527.0826344322536,331.41682620101176,D_left
76,6,382.7844640022928,934.3661949561322,D_right
77,1,593.4647558767113,135.99120175724593,O_top
77,2,661.7914840901236,369.3594378976731,O_left
77,3,558.4811899463916,1460.0920190864229,O_right
77,4,531.3652857525217,238.96074511635865,D_top
77,5,525.7884196928588,334.79910382251893,D_left
77,6,379.6471824845169,933.8586368035134,D_right
78,1,596.2739766320215,139.15860111223753,O_top
78,2,657.9358661273084,382.480045095707,O_left
78,3,559.9659099022157,1460.2456843745686,O_right
78,4,530.5182422405014,251.03148345050164,D_top
78,5,525.3382157583148,345.7446174990098,D_left
78,6,378.1298399955279,934.5625957344816,D_right
79,1,597.9551551442071,142.38301427630026,O_top
79,2,663.2205895629235,401.2504831693714,O_left
79,3,560.8452626183387,1459.7139221390578,O_right
79,4,518.8256490917669,231.3708879888933,D_top
79,5,514.0591561279331,347.3998045532843,D_left
79,6,376.3535745411723,935.2059500487742,D_right
80,1,599.642410735883,147.27680936150074,O_top
80,2,657.80776925924,434.1781694787975,O_left
80,3,560.214709548991,1459.2521807457435,O_right
80,4,535.440291202802,252.78102259946004,D_top
80,5,508.3528875224791,352.60583313474467,D_left
80,6,376.4367089653594,936.4278777885306,D_right
81,1,596.1015545489125,151.24774952499385,O_top
81,2,655.9476798928101,462.868610250045,O_left
81,3,560.3156792899679,1458.4897113569973,O_right
81,4,540.1129677569863,272.46902228361176,D_top
81,5,531.245066114538,387.36238697613726,D_left
81,6,377.3528233420989,939.0848040457544,D_right
82,1,592.5681066238143,161.8342581769864,O_top
82,2,649.1945050629915,474.0012226229405,O_left
82,3,559.3587169088208,1457.930563880131,O_right
82,4,532.5225536716417,271.68301731519745,D_top
82,5,537.3686969004639,403.2948429594393,D_left
82,6,380.30271969385024,941.6200580753756,D_right
83,1,552.1009830111033,139.35655392330494,O_top
83,2,646.1999471868273,485.8705092819692,O_left
83,3,560.3150447118477,1457.4018255087249,O_right
83,4,527.4622318697421,275.1436256181768,D_top
83,5,530.5148080835485,414.0452413251689,D_left
83,6,376.8054046157486,944.810378159246,D_right
84,1,533.8270928193924,131.55772300716973,O_top
84,2,638.7977272455679,500.6543461511292,O_left
84,3,560.6798996268342,1457.193597510903,O_right
84,4,524.7275666745661,277.8999374793236,D_top
84,5,526.9230232214188,428.1565617599102,D_left
84,6,376.11870529068005,945.2298474827334,D_right
85,1,520.3258888346642,140.89022960478175,O_top
85,2,627.5451089078367,518.2138326808999,O_left
85,3,559.8400065414284,1456.8738235079293,O_right
85,4,512.2132989733819,279.12545031035603,D_top
85,5,534.3168521211288,455.7380408381462,D_left
85,6,371.7465696858319,946.8085618628852,D_right
86,5,521.6784116070246,449.43328177721287,D_left
86,2,597.7773247680367,530.1605062673174,O_left
86,1,516.4521535365808,145.89187610068834,O_top
86,3,559.4994770766589,1456.7402469802955,O_right
86,4,505.1707701425673,275.8940156099735,D_top
86,6,372.5815777250912,947.1280246185948,D_right
87,5,516.6884530622137,472.9811682042537,D_left
87,2,600.0446904402821,552.2843182894242,O_left
87,1,510.643717599714,158.9184613487072,O_top
87,3,559.4120686568174,1456.6951880721497,O_right
87,4,483.8148568739995,268.8390792184103,D_top
87,6,376.13697955680345,954.7560827154524,D_right
88,5,504.39701452012986,479.18614270707087,D_left
88,2,602.7111621769506,573.263732884452,O_left
88,1,489.4931858558392,153.1706898788729,O_top
88,3,559.9473036681798,1457.493362069958,O_right
88,4,475.40643493035367,271.7871229503672,D_top
88,6,381.02197758475097,962.4363951564544,D_right
89,5,492.02237938006897,485.4331165875365,D_left
89,2,567.9870706082539,554.2008485040146,O_left
89,1,464.08920783708953,165.03975961724458,O_top
89,3,558.8607942894295,1458.1043678904075,O_right
89,4,471.04608940374897,283.35107063014016,D_top
89,6,377.90411534796624,962.845061370643,D_right
90,5,479.5637000790691,491.7225177131082,D_left
90,1,455.0621277945712,172.46032719461218,O_top
90,2,560.1959693808146,571.3854323643627,O_left
90,3,558.0510224052642,1458.8876013721535,O_right
90,4,465.7993392648028,288.8670510796362,D_top
90,6,384.3781832522159,967.9726201730482,D_right
91,5,472.17122603677694,509.5573793873416,D_left
91,1,444.4361206629475,183.2840289945584,O_top
91,2,565.4765372305873,609.079131185682,O_left
91,3,556.778809191509,1458.937934799097,O_right
91,4,436.7996870160469,286.2931181284289,D_top
91,6,385.9911777252448,974.8048371726356,D_right
92,5,464.82035715218456,527.2918657030301,D_left
92,1,434.6551455676058,186.57439606737307,O_top
92,2,557.1454921852287,626.3327835598586,O_left
92,3,555.9194476321837,1459.4940419183806,O_right
92,4,400.536966711233,267.95062375635047,D_top
92,6,385.01870062103177,983.4275380034396,D_right
93,5,457.5107431775076,544.9268216575024,D_left
93,1,426.32845184525496,190.9032020374824,O_top
93,2,554.6869264120576,646.4575184686545,O_left
93,3,554.2682728146219,1460.0117048275292,O_right
93,4,381.2020388500757,268.1130198160393,D_top
93,6,371.96875490286016,986.9040264854566,D_right
94,5,447.52010786676817,552.0893301025314,D_left
94,1,420.2641360074967,186.82361477669147,O_top
94,2,559.9703456799023,665.6388947600107,O_left
94,3,553.6767956008543,1460.2071906135589,O_right
94,4,373.4710483885586,285.2079858183812,D_top
94,6,341.0997663325104,975.1703779961032,D_right
95,5,437.4893287997281,559.280618498442,D_left
95,1,418.2637748595413,197.66515717657688,O_top
95,2,562.4140386662709,700.1233178857086,O_left
95,3,553.0856846584265,1460.8286328205372,O_right
95,4,359.2842456383915,297.5098471727634,D_top
95,6,357.4128388641552,997.4340192056897,D_right
96,5,427.4181635345464,566.500860657177,D_left
96,1,414.6888152804447,201.1062474161127,O_top
96,2,562.6222459956191,715.5143476278162,O_left
96,3,552.8704165540621,1461.0440103844087,O_right
96,4,350.7370001370727,305.94729000513416,D_top
96,6,362.0498854192303,1007.2658240823938,D_right
97,5,417.3063676731919,573.7502317931153,D_left
97,1,407.8968976337678,206.55517387681184,O_top
97,2,562.1752647832499,732.1630112776127,O_left
97,3,553.1763498286971,1460.5645742313266,O_right
97,4,341.8804160093256,313.9460870167633,D_top
97,6,360.5365046239944,1011.1168391734016,D_right
98,5,407.1536948416741,581.0289085372456,D_left
98,1,403.7761957378517,208.99195411429744,O_top
98,2,563.0417472069055,744.9198015446754,O_left
98,3,553.3066068904066,1460.3604449333534,O_right
98,4,335.7953525925174,319.52698554286354,D_top
98,6,355.5519359752826,1016.392434542244,D_right
99,5,396.9598966700314,588.3370689515115,D_left
99,1,403.2414910238088,211.5253746129336,O_top
99,2,557.5344425435276,752.1407144475169,O_left
99,3,553.361134563874,1460.2749931692888,O_right
99,4,315.874152359304,311.65899968218946,D_top
99,6,350.5466163605894,1018.113782592008,D_right
100,5,396.38695602025183,604.813191529479,D_left
100,1,401.10714369073713,213.3681397364404,O_top
100,2,550.9277885850768,758.4111088171003,O_left
100,3,553.7792904052588,1459.680685592638,O_right
100,4,305.1960796399671,309.1859258921876,D_top
100,6,349.0365034964664,1019.8138056436268,D_right
101,5,395.8201343718362,621.1133492556656,D_left
101,1,412.1165192061668,237.5614625837711,O_top
101,2,565.2927147023938,786.5579396429281,O_left
101,3,553.9277443485753,1459.4480407920423,O_right
101,4,298.59859932515707,313.9186317856117,D_top
101,6,346.4135666048638,1023.9830884041068,D_right
102,5,399.930254719329,632.1925014961416,D_left
102,1,412.63230973576697,247.0002559507552,O_top
102,2,574.8505845037496,807.0680101473105,O_left
102,3,555.3498866116925,1459.0477962946543,O_right
102,4,295.0558496508372,318.4565994840156,D_top
102,6,341.9509218269625,1027.7695387626918,D_right
103,5,403.994096556078,643.1469063758001,D_left
103,1,414.6868124117011,270.0892913237781,O_top
103,2,580.6711795129249,829.4250260760916,O_left
103,3,556.9027219482531,1459.16905108539,O_right
103,4,319.5554350229275,357.3849779146002,D_top
103,6,340.52163085446057,1032.3305567648545,D_right
104,5,408.0124371259895,653.9786590166401,D_left
104,1,416.1501165012404,282.2877779614443,O_top
104,2,585.219637083727,837.927676798165,O_left
104,3,557.461839305725,1459.2038298319485,O_right
104,4,324.6579503489575,369.9867696272799,D_top
104,6,337.1365334849805,1033.4640185191672,D_right
105,5,411.9860363648637,664.6898078853059,D_left
105,1,415.0136148890514,295.4487898931408,O_top
105,2,583.9555925949244,843.9839892861656,O_left
105,3,557.6823339006435,1459.2224694979611,O_right
105,4,330.5446222680546,382.26913761175206,D_top
105,6,342.1385306603707,1037.495093011865,D_right
106,5,415.9156373795162,675.2823560845864,D_left
106,1,414.18839695933696,306.5067821199202,O_top
106,2,584.0596759275476,846.2095383082218,O_left
106,3,557.7578317373606,1459.2255240889926,O_right
106,4,330.45026444775186,388.3207892744872,D_top
106,6,346.266477730967,1040.5292208041867,D_right
107,5,424.5792955272533,681.8322626246897,D_left
107,1,435.9311210937932,347.22111517298174,O_top
107,2,596.0359879670704,849.706471335484,O_left
107,3,557.7548080760987,1459.2302599886505,O_right
107,4,332.00886120187755,401.5727162036216,D_top
107,6,353.11157404187503,1043.1614701394633,D_right
108,5,433.13425525126,688.299990885785,D_left
108,1,426.5673654990522,348.18352830442973,O_top
108,2,596.5343650020498,857.1465762464842,O_left
108,3,557.7880185813129,1459.2388906759495,O_right
108,4,340.4737682021388,417.03746461932286,D_top
108,6,359.2117875846991,1045.2909593367513,D_right
109,5,441.58254947262026,694.6870777986793,D_left
109,1,447.6492248487409,387.6524102776468,O_top
109,2,616.6532908129063,880.8901792724938,O_left
109,3,555.3176675739813,1461.2268772220248,O_right
109,4,344.90009977740044,434.07183097867926,D_top
109,6,361.3995420571236,1045.9134387197412,D_right
110,5,449.9261607324991,700.9950222059075,D_left
110,1,465.606676757441,419.8123535546405,O_top
110,2,630.7033575521655,895.0852782228025,O_left
110,3,554.4037189953368,1461.9902451006176,O_right
110,4,360.7193975359522,462.20073456883614,D_top
110,6,360.6435479036707,1045.21171782473,D_right
111,5,458.16702274317527,707.2252860343465,D_left
111,1,458.4551391472682,437.28329058871753,O_top
111,2,636.1264662813865,899.6616031727855,O_left
111,3,553.9852436776333,1464.2247627710378,O_right
111,4,365.8594992074754,483.9372115336735,D_top
111,6,357.14841158793564,1043.1678041881885,D_right
112,5,466.30702188212894,713.3792954247785,D_left
112,1,456.0739368215708,444.8191548574941,O_top
112,2,667.8689352754177,919.449022419542,O_left
112,3,553.4482286673313,1465.6118281716929,O_right
112,4,370.29808188530575,500.2499587607899,D_top
112,6,353.6113603993094,1044.3116770025497,D_right
113,1,439.7242188970757,437.7268792670818,O_top
113,2,684.790715360276,924.6740495894924,O_left
113,3,550.0765668350062,1469.2551701376362,O_right
113,4,367.2437478319292,513.8904081089211,D_top
113,5,465.4358701484721,717.6325958894531,D_left
113,6,350.92616619071146,1043.4277568227492,D_right
114,1,436.1126424163408,439.570007618189,O_top
114,2,695.1835372372274,929.4922294838192,O_left
114,3,548.2274856660044,1469.781679634346,O_right
114,4,364.9818324324972,522.9020345867082,D_top
114,5,480.0365538280733,731.2081499329772,D_left
114,6,355.986093880677,1045.1150519746643,D_right
115,1,459.0664568613728,465.2344527831005,O_top
115,2,700.8182028963275,927.8879554775646,O_left
115,3,535.2470971703308,1470.8504478606642,O_right
115,4,376.5831498382474,533.908243161295,D_top
115,5,460.1807834118717,717.1498562475547,D_left
115,6,364.3001757928195,1046.9444745189392,D_right
116,1,474.7988560982605,484.1477950574925,O_top
116,2,704.6163308026753,926.3686559746228,O_left
116,3,523.7306003769313,1472.2513124663403,O_right
116,4,386.6292489327183,542.0685438049146,D_top
116,5,473.53876210262246,729.0272551338078,D_left
116,6,372.863385995631,1051.9535525979236,D_right
117,1,505.0652444774547,522.8101144491641,O_top
117,2,709.7173387758884,923.9849314763132,O_left
117,3,504.8236977198958,1474.6224283948304,O_right
117,4,396.0717382441262,553.6343829510674,D_top
117,5,469.46697159779154,734.3632414557527,D_left
117,6,393.56704290248297,1060.9064049168005,D_right
118,1,515.8696444516358,541.5288352967798,O_top
118,2,719.6731397025239,926.4320960662764,O_left
118,3,493.8520460914146,1475.8932008922222,O_right
118,4,402.1260896069007,559.9386864281878,D_top
118,5,470.62063889418806,737.0756713722736,D_left
118,6,401.6829679593401,1066.4125776551116,D_right
119,1,520.3231621410937,551.5587951195716,O_top
119,2,749.4836559852045,940.6701909552636,O_left
119,3,482.2224677559166,1478.5835871822655,O_right
119,4,406.5232216094614,555.9348082309324,D_top
119,5,479.9584412325714,736.0894519544971,D_left
119,6,408.6675969131098,1073.0145988624308,D_right
120,1,522.8762411674392,557.4067548515554,O_top
120,2,770.2868934990183,956.0300195513984,O_left
120,3,476.9078728776281,1481.3076814889246,O_right
120,4,410.2767585387989,561.8244778951738,D_top
120,5,484.1945165534822,736.3453051552292,D_left
120,6,419.06499253903206,1080.9930297629062,D_right
121,1,516.2953612527878,557.5933667853769,O_top
121,2,790.0416946545569,965.4542070581576,O_left
121,3,465.2358638787484,1482.0874518823052,O_right
121,4,405.409282493917,567.603630907374,D_top
121,5,481.6077810334861,732.1478385550976,D_left
121,6,443.673608959283,1096.108997211238,D_right
122,1,513.1986547525729,557.5421025628361,O_top
122,2,802.9552103172496,974.0835609464286,O_left
122,3,448.84490005268646,1480.982553257889,O_right
122,4,414.4173876832885,584.3793006915067,D_top
122,5,481.9425464311489,733.376655542962,D_left
122,6,458.56285270466327,1104.6509601143046,D_right
123,4,402.1071994906735,579.4171866430788,D_top
123,1,528.2591833756098,573.9185787538767,O_top
123,2,808.0359640572842,978.0325785869188,O_left
123,3,430.79132439021646,1480.6023383106124,O_right
123,5,469.9968538164726,725.7852532394918,D_left
123,6,461.6621049970669,1107.46835501405,D_right
124,4,402.1071994906735,579.4171866430788,D_top
124,1,528.8955021390951,574.2037600984428,O_top
124,2,809.5991804002093,979.2754481867896,O_left
124,3,412.9575616277687,1478.64035063179,O_right
124,5,468.0427171680759,725.5672547362575,D_left
124,6,461.6168564462726,1109.7771951157183,D_right
125,1,526.0092687444065,566.6205753156314,O_top
125,2,810.3529344128085,976.5068284955393,O_left
125,3,405.4921974701384,1479.749864137109,O_right
125,4,420.7778323197916,601.4935592751108,D_top
125,5,499.8716740929762,752.6204691163396,D_left
125,6,459.58354910833066,1117.663128414691,D_right
126,1,527.5081824306174,564.4809479239195,O_top
126,2,810.1268588000385,975.5574373728462,O_left
126,3,399.0015127637352,1479.9588043265885,O_right
126,4,412.1292856801151,595.6724138621056,D_top
126,5,520.2901144827381,768.4216513115401,D_left
126,6,458.0227750890123,1121.573509057697,D_right
127,1,547.4764589119259,576.9811256207189,O_top
127,2,814.569536291233,979.565989870016,O_left
127,3,395.7041474586902,1479.7381158010407,O_right
127,4,425.243009065435,618.2788501608841,D_top
127,5,548.5374784957058,792.2491390260142,D_left
127,6,454.55161221727536,1124.3647113317495,D_right
128,1,561.177419709161,585.7874382114943,O_top
128,2,815.1857252655874,980.2270077908532,O_left
128,3,394.0539605854012,1480.869136940703,O_right
128,4,431.1206993140031,630.800516863402,D_top
128,5,562.926386675565,802.4980829634376,D_left
128,6,458.1522624391709,1128.290152582144,D_right
129,1,572.9655521237847,583.0411528196132,O_top
129,2,829.8639922712375,992.740514616272,O_left
129,3,387.212684942381,1480.584643074093,O_right
129,4,387.61374865301633,601.576649517524,D_top
129,5,588.3883798033795,828.2931091252537,D_left
129,6,470.8812301106507,1138.5471297625716,D_right
130,1,582.9800695411594,577.7409650543432,O_top
130,2,837.1125113750936,999.8512447376626,O_left
130,3,383.25823186956,1480.799987852346,O_right
130,4,397.026447271443,612.6128621969283,D_top
130,5,586.3129640204311,830.7722924897962,D_left
130,6,481.4286796195219,1146.0683292879978,D_right
131,1,596.7234259637079,564.0423765927899,O_top
131,2,837.0869637356258,1004.4631901917542,O_left
131,3,371.2358043833368,1482.147658633327,O_right
131,4,406.5477482623729,627.989568056692,D_top
131,5,608.6137260827132,854.8689497957979,D_left
131,6,489.4670450710539,1152.624315420721,D_right
132,1,602.8198335472839,556.9574179757644,O_top
132,2,837.8041664298615,1010.1245831621752,O_left
132,3,361.1158545493012,1485.0047390235854,O_right
132,4,405.20890044636553,633.593413205059,D_top
132,5,614.0302712180215,865.2965761966316,D_left
132,6,492.3269979797142,1154.899414376387,D_right
133,1,614.911829969177,544.6058965204239,O_top
133,2,834.4392599176987,1019.4090445987046,O_left
133,3,349.4897912837873,1487.2777760825436,O_right
133,4,403.0200706249355,638.2641708181966,D_top
133,5,610.8051121959978,868.9028817940488,D_left
133,6,492.06767290846415,1157.2924760279082,D_right
134,1,618.5493176931369,533.505231692853,O_top
134,2,829.869741154676,1023.901071548349,O_left
134,3,341.0861006114534,1487.955260262405,O_right
134,4,401.34138967863606,641.1581536886735,D_top
134,5,598.9393696752883,863.5171098753781,D_left
134,6,490.08893200269335,1158.08969161288,D_right
135,1,626.315790443762,525.518653677727,O_top
135,2,824.6664909636362,1028.7448357845708,O_left
135,3,320.8650171531954,1486.8995899266715,O_right
135,4,412.5405961006125,654.6974754067537,D_top
135,5,613.7070997571549,884.3499660006323,D_left
135,6,491.2992947584924,1160.1517384299648,D_right
136,1,631.765422392185,513.9123740450106,O_top
136,2,811.5271748833952,1027.119402020719,O_left
136,3,313.0946207128756,1487.095273961115,O_right
136,4,421.33574920916834,662.0991219653259,D_top
136,5,633.1829276710082,904.4563095248716,D_left
136,6,490.13339165077485,1160.526210465914,D_right
137,1,639.9654292792449,506.3439179293608,O_top
137,2,803.4407551199087,1030.5363794510567,O_left
137,3,319.10064412895474,1491.0014526538018,O_right
137,4,421.82165743608897,656.933973550329,D_top
137,5,620.0371910286641,898.7432076148687,D_left
137,6,488.25122582618,1162.601041645195,D_right
138,1,646.1296127096075,503.70912522562753,O_top
138,2,801.4377218055565,1037.6200676116132,O_left
138,3,320.82493533298134,1493.6848957436423,O_right
138,4,428.2509526091414,658.5787964955341,D_top
138,5,640.1008431471317,917.9400998632156,D_left
138,6,483.65611208259753,1166.8447150244824,D_right
139,1,651.7113146141179,498.6164278815269,O_top
139,2,806.1829204760057,1052.5579999025936,O_left
139,3,318.4919527909989,1492.5676688287156,O_right
139,4,446.30352922834027,665.5149006496192,D_top
139,5,656.3812823496,938.4833803049162,D_left
139,6,466.9909334514463,1165.8401219714128,D_right
140,1,652.5174821850509,492.956850976936,O_top
140,2,811.4508084767168,1061.9342084642474,O_left
140,3,310.9881388907276,1490.7593170291036,O_right
140,4,450.5530499332799,667.8853889313878,D_top
140,5,667.9540814043605,956.8829247556502,D_left
140,6,457.292477565989,1164.7501772425128,D_right
141,1,660.6523220552695,479.13710026845314,O_top
141,2,812.9732737412321,1065.7555047084388,O_left
141,3,314.604896397415,1492.694597036524,O_right
141,4,457.43012918428377,671.7908851854262,D_top
141,5,670.0518445150362,969.0557427429006,D_left
141,6,440.6117315495324,1165.980603107491,D_right
142,1,664.8547990268321,467.99314724797694,O_top
142,2,813.8987589631909,1066.2420127801124,O_left
142,3,312.97096409089403,1493.501116754652,O_right
142,4,459.50984829550697,671.4089895123258,D_top
142,5,672.8033092266892,974.4056492418096,D_left
142,6,427.0737177495189,1165.3579787734468,D_right
143,1,677.909186323822,465.02047959190304,O_top
143,2,808.6671037876894,1055.613234790853,O_left
143,3,308.4771236727849,1492.9761055353997,O_right
143,4,461.5011237187627,670.8981976082072,D_top
143,5,672.8513263035819,976.9888564653228,D_left
143,6,416.01558907401335,1164.618367463195,D_right
144,1,684.2368977264455,461.1669058575733,O_top
144,2,796.4977832818857,1039.9424487331876,O_left
144,3,305.5529758878019,1492.4839223563104,O_right
144,4,463.17778479438425,670.7822258877216,D_top
144,5,673.9341071426554,975.4123897645889,D_left
144,6,411.5428023370196,1164.985685496523,D_right
145,1,690.0375065704313,450.0406567701449,O_top
145,2,791.9879221226664,1021.4712988605044,O_left
145,3,295.82414948233884,1491.3186672808358,O_right
145,4,466.8651776945379,671.3331860756192,D_top
145,5,674.5651027483547,971.2365624432108,D_left
145,6,411.31232715887455,1170.2844351060023,D_right
146,1,693.2357418013564,443.7869709711916,O_top
146,2,793.5154213421047,1011.7516723996058,O_left
146,3,290.564068468799,1491.253525139177,O_right
146,4,469.1649655875224,669.5972962829611,D_top
146,5,674.4095378143281,969.8199993080308,D_left
146,6,411.49235339421625,1173.6161378862676,D_right
147,1,699.1430867084268,437.2519013217171,O_top
147,2,792.1391461834406,1005.2565300405644,O_left
147,3,285.9122926449336,1490.6660977344527,O_right
147,4,474.9131104769071,664.3006137127179,D_top
147,5,674.6646140661538,968.4078781100528,D_left
147,6,407.2130807024889,1179.2745202606209,D_right
148,1,701.0530725253101,429.3912580505524,O_top
148,2,796.368325527335,997.5518293099196,O_left
148,3,280.0628007603493,1489.610889024192,O_right
148,4,481.7499902536536,660.1232734182139,D_top
148,5,674.26908347855,963.43675206845,D_left
148,6,404.14753643929714,1182.4488068634523,D_right
149,1,700.4521101795154,417.2402733773882,O_top
149,2,790.3761694913552,975.876333389634,O_left
149,3,276.17751268832507,1489.601750642427,O_right
149,4,484.0846630161788,648.0107225028895,D_top
149,5,662.2099237665399,942.6836756906456,D_left
149,6,401.3559501108495,1185.0734441098955,D_right
150,1,702.101591074468,411.1538378747482,O_top
150,2,770.333009599734,960.9148010601396,O_left
150,3,274.98931868039085,1489.5947637029662,O_right
150,4,492.109832340796,643.7211240755155,D_top
150,5,647.9660794138748,917.5293781715246,D_left
150,6,396.9516402039624,1185.8173566852297,D_right
151,1,691.8248531334983,384.9828947066025,O_top
151,2,729.7893501366568,922.3937655319852,O_left
151,3,274.30760037009765,1490.2632875417155,O_right
151,4,504.18560422199954,638.6870152107158,D_top
151,5,643.9263282426068,896.8157964205848,D_left
151,6,390.48407319576,1185.2599668743296,D_right
152,1,684.6060327248595,368.250570176476,O_top
152,2,717.6944629860943,902.3111848739889,O_left
152,3,274.2191412729373,1490.4957240979852,O_right
152,4,508.04808173785,641.4836867831802,D_top
152,5,633.561890309776,878.186942172768,D_left
152,6,378.5949733895293,1179.929367857574,D_right
153,1,681.7859839742931,356.03437690227094,O_top
153,2,706.3727505740758,891.7295762969605,O_left
153,3,273.72896336158186,1488.994487986812,O_right
153,4,509.5389076051874,642.1477285837981,D_top
153,5,628.332997702365,858.7591676454833,D_left
153,6,358.8452043089002,1170.7048861696087,D_right
154,1,684.1909234486059,353.99066034949584,O_top
154,2,704.9317189593296,887.5137973643359,O_left
154,3,274.0633320639985,1487.74121490824,O_right
154,4,512.2202617526951,640.3883487294136,D_top
154,5,639.9937467046778,855.8874026860154,D_left
154,6,349.69072587125913,1165.38775025085,D_right
155,1,689.3292197041437,348.3949664758334,O_top
155,2,701.7989763975584,880.6011348476881,O_left
155,3,274.805235569622,1486.6211522729395,O_right
155,4,515.0984617392655,628.585049285635,D_top
155,5,645.9231006685319,852.4527038906191,D_left
155,6,336.0692670047979,1156.451830073011,D_right
156,5,645.0455937670018,845.4101870401156,D_left
156,1,690.9847454831656,343.01475968361893,O_top
156,2,710.9382037029043,888.0491129565462,O_left
156,3,275.12504634622064,1486.1887418279655,O_right
156,4,516.6316169202555,619.1590421104469,D_top
156,6,331.42252145178816,1152.6884021209426,D_right
157,5,651.6530384905086,849.0342292158206,D_left
157,1,693.4551177731794,338.012463830248,O_top
157,2,687.7072537598806,869.9877296725149,O_left
157,3,274.9655814940104,1486.7142911263484,O_right
157,4,508.67249335498855,597.9413937303393,D_top
157,6,330.5027740884888,1150.5858360975924,D_right
158,5,658.1922694673884,852.6208576097868,D_left
158,1,694.3518009980955,332.2776124191843,O_top
158,2,680.0860142401492,869.6446552853428,O_left
158,3,275.00517458930045,1486.915489952682,O_right
158,4,504.4565039237045,585.346533043836,D_top
158,6,331.6162638498,1149.392558519999,D_right
159,5,639.9115434379712,834.323363793537,D_left
159,1,693.0727516759468,324.8850682940126,O_top
159,2,669.6755858627365,868.8611391623449,O_left
159,3,275.70684475048034,1488.6028602862102,O_right
159,4,500.7548068638926,571.6132685515861,D_top
159,6,331.38700090772886,1149.1127992334204,D_right
160,5,629.5768774223488,831.4698478217028,D_left
160,1,687.197387375873,312.9126967423832,O_top
160,2,664.4884062742685,874.2604458079352,O_left
160,3,275.6602278177681,1489.9147816089007,O_right
160,4,500.23311337787817,566.845598566471,D_top
160,6,329.11853047856346,1148.0303612586877,D_right
161,5,603.3106309607342,813.4228454615481,D_left
161,2,636.5523001591808,868.9083029293215,O_left
161,1,690.2818066295646,310.03126245220625,O_top
161,3,275.687723674124,1490.399295895565,O_right
161,4,497.1004680958887,563.9593573685845,D_top
161,6,321.09394668653533,1144.9296401498018,D_right
162,5,597.4809836767297,812.5495507140005,D_left
162,2,639.0036038321642,893.2936212255108,O_left
162,1,683.2164258660379,296.13240460120664,O_top
162,3,275.33335942958723,1491.2408573138412,O_right
162,4,493.3131485847366,559.1410049922106,D_top
162,6,309.0948743726386,1140.3283365773957,D_right
163,1,686.0553515043468,294.1204367082831,O_top
163,2,628.4518254520221,919.502446736514,O_left
163,3,275.66325944677374,1490.8800090736486,O_right
163,4,488.0558563618908,550.9671553323113,D_top
163,5,600.3356002064018,822.3957528755041,D_left
163,6,307.77176520344074,1145.9594121495768,D_right
164,1,689.0992380714034,292.460444044345,O_top
164,2,626.5627763945985,928.5799232987258,O_left
164,3,275.4487371560351,1491.4056062569828,O_right
164,4,490.9853181978028,546.2328715725955,D_top
164,5,593.2965018351368,814.9218784785629,D_left
164,6,304.8466614490316,1147.4347886341282,D_right
165,1,704.5982352718067,304.9095115296236,O_top
165,2,621.7478940601665,933.0030795259872,O_left
165,3,275.3877101720483,1491.5931096808592,O_right
165,4,493.1767057054012,540.5838356982586,D_top
165,5,589.2676325703221,815.753435724973,D_left
165,6,298.61990723502515,1151.9127307622805,D_right
166,1,708.4636307223487,308.8886642476824,O_top
166,2,617.2023644785259,933.55359779825,O_left
166,3,275.4020011007785,1491.657969891855,O_right
166,4,497.1741019359843,537.3613313537927,D_top
166,5,586.6874418525173,818.7427475429113,D_left
166,6,296.0488748054496,1154.154526593221,D_right
167,1,706.4521808773367,308.067153005175,O_top
167,2,589.7827737132907,922.6259149571716,O_left
167,3,275.45052293791446,1491.6670882239405,O_right
167,4,493.3583546830915,522.2618600305038,D_top
167,5,579.456240644122,828.2486784753122,D_left
167,6,295.02574583664915,1155.638045480241,D_right
168,1,704.9895829423392,308.90694361567444,O_top
168,2,564.6773804368785,920.8062388178716,O_left
168,3,275.90984265547485,1491.0073404754949,O_right
168,4,489.3922558500564,514.1250102203857,D_top
168,5,556.6250685274808,829.3234009855909,D_left
168,6,292.55762627213466,1158.1647176580018,D_right
169,1,704.0755689125974,320.2777070701163,O_top
169,2,544.0087034733756,930.637199897692,O_left
169,3,274.6176672500132,1490.4650252751858,O_right
169,4,485.4419528248544,504.31823348376827,D_top
169,5,544.1892359359881,843.4981281624633,D_left
169,6,292.5101120322749,1163.0532964933363,D_right
170,1,699.2519402710905,323.83040223888725,O_top
170,2,535.1964379460106,937.7902427573384,O_left
170,3,275.65063798977417,1490.5478736260134,O_right
170,4,487.7594874283354,503.1820687082544,D_top
170,5,535.6082579808117,847.8527009966286,D_left
170,6,292.41830465320425,1165.2622571089466,D_right
171,1,683.1688669613432,333.1843482141632,O_top
171,2,521.9447588896636,948.0089973729976,O_left
171,3,276.02110513681066,1490.5617919902809,O_right
171,4,496.2803920480699,505.3997236845412,D_top
171,5,527.3406690439588,855.3992159048901,D_left
171,6,293.4507608956755,1169.5677463952268,D_right
172,1,676.0929324520307,342.3119448429818,O_top
172,2,516.6499560127738,952.5027331934768,O_left
172,3,276.2253887519922,1490.581687853605,O_right
172,4,499.2505753791411,504.7453401359748,D_top
172,5,511.9115633234954,852.8997913633111,D_left
172,6,299.34263654897745,1173.840773477937,D_right
173,1,669.4796707847862,352.5838330249246,O_top
173,2,484.3210746416604,946.7081621682736,O_left
173,3,276.2807309039419,1490.5796931263958,O_right
173,4,501.1733145649346,505.5855331244185,D_top
173,5,498.7324118734431,863.3012429536169,D_left
173,6,306.52077177617,1177.167387900923,D_right
174,1,662.5171673942272,357.9287137597506,O_top
174,2,455.7410069389381,939.9268016102995,O_left
174,3,276.3326459380572,1490.583272655895,O_right
174,4,500.9403897134324,507.4635539005123,D_top
174,5,492.15632663063786,879.0252168828298,D_left
174,6,309.3367309396532,1178.347395243714,D_right
175,1,660.7635959629449,385.17417617360223,O_top
175,2,442.2360311432517,945.9214405411642,O_left
175,3,274.8765113696733,1490.308394357826,O_right
175,4,500.8612948197679,508.33774904877976,D_top
175,5,484.1115543938349,889.827184818614,D_left
175,6,311.29271600333976,1180.496630226879,D_right
176,1,658.3809437223514,404.081474652177,O_top
176,2,434.2443313159743,948.6399791322656,O_left
176,3,274.7600150282753,1489.5264376086122,O_right
176,4,497.3234852104826,505.9822244044375,D_top
176,5,478.3774949475067,897.3448643953257,D_left
176,6,313.125768939488,1179.5342559106934,D_right
177,1,646.7016894267271,427.62446067519807,O_top
177,2,427.651012855585,947.5689240165736,O_left
177,3,275.1243537330016,1488.5794664350217,O_right
177,4,493.1896071192552,512.2003720855101,D_top
177,5,460.5939387153622,896.5490204179501,D_left
177,6,317.07473061614974,1175.3748328754236,D_right
178,1,640.708591609493,439.113151850941,O_top
178,2,417.50921848944745,950.3611786358172,O_left
178,3,276.7450830804726,1488.5011210573075,O_right
178,4,485.85731773568426,520.2062938781256,D_top
178,5,433.0876932386482,884.2243506116727,D_left
178,6,319.27067530270546,1172.3765593084795,D_right
179,1,639.0767251022077,463.87028592975327,O_top
179,2,371.9940815675885,931.7421957255606,O_left
179,3,277.3538609302741,1488.479903732531,O_right
179,4,485.9545294142336,533.6574001014266,D_top
179,5,403.9072336715695,875.9832276484353,D_left
179,6,319.4601752556565,1170.7422431247687,D_right
180,1,632.873092849505,470.9399052880541,O_top
180,2,316.7440132635261,902.4922280489856,O_left
180,3,277.17100294802736,1489.130177725161,O_right
180,4,485.2309564587744,540.1941465508231,D_top
180,5,392.2345299847776,876.2382104558577,D_left
180,6,318.5937287607677,1169.9846974979723,D_right
181,1,623.0191711756557,495.7304566572732,O_top
181,2,300.8844587146659,899.429406020801,O_left
181,3,277.12069067934686,1489.3883207949918,O_right
181,4,481.1067321990428,542.5763380281894,D_top
181,5,378.0407196049704,876.6702344092009,D_left
181,6,317.73229990187474,1168.9947452526558,D_right
182,1,607.6799096515858,495.9872519248186,O_top
182,2,287.7543543851494,896.7936148710434,O_left
182,3,277.10752221723953,1489.497863160969,O_right
182,4,480.1959699191032,544.7297057077027,D_top
182,5,344.2006353306264,861.6197288322223,D_left
182,6,315.1646106302463,1165.7501719466509,D_right
183,1,578.6583124636202,506.9061407235475,O_top
183,2,258.01105961659795,878.2745944762695,O_left
183,3,277.09040174154416,1489.5257375444746,O_right
183,4,484.01722304779776,549.4511399452665,D_top
183,5,303.87576210076907,839.6308953529647,D_left
183,6,310.40967998548314,1157.3807218363704,D_right
184,1,566.6937797543421,518.5180697975921,O_top
184,2,224.0231151210932,857.3630274393997,O_left
184,3,276.62421085374893,1490.1966617822395,O_right
184,4,472.5948313112724,544.6541153812123,D_top
184,5,280.39611741870806,828.0757305126244,D_left
184,6,305.563337488739,1149.5388195854168,D_right
185,1,549.0610592452437,524.8582793491474,O_top
185,2,173.7694554288818,841.2895173926717,O_left
185,3,276.51178175773936,1490.4678068899716,O_right
185,4,452.8496400996837,546.7784488275319,D_top
185,5,269.418241989703,827.1150480529656,D_left
185,6,280.4136044584744,1127.0719209905128,D_right
186,1,540.9321453994633,533.9930514135398,O_top
186,2,152.60952718465597,834.4792740847656,O_left
186,3,275.0010852206362,1490.2821010271368,O_right
186,4,438.3316355915715,562.286091734455,D_top
186,5,257.15220239629866,826.3384920691764,D_left
186,6,275.6362258412956,1111.284440406481,D_right
187,2,62.5190254176273,780.2735358723329,O_left
187,1,516.1055938769597,533.1536235148563,O_top
187,3,274.44596212252566,1490.2146616081554,O_right
187,4,427.58047592364426,584.1753852820258,D_top
187,5,252.5636816180603,837.1930273289908,D_left
187,6,281.5590516549192,1101.7867073906934,D_right
188,2,20.21980339582756,757.7996893028283,O_left
188,1,502.4412486269805,542.0681320817068,O_top
188,3,275.65347540679926,1490.455063873696,O_right
188,4,417.5951615236327,593.9890146399484,D_top
188,5,247.7916712964977,840.8852264599893,D_left
188,6,283.45187263927534,1095.6757924075664,D_right
189,2,27.185646211502277,765.3761484771767,O_left
189,1,502.9137439925029,574.1249249027026,O_top
189,3,274.7307391772642,1490.2808765630934,O_right
189,4,416.1072329524313,607.2922053279685,D_top
189,5,243.6680721490367,840.5300758659029,D_left
189,6,284.0943551753051,1088.3639778193265,D_right
190,2,80.06180986670601,796.2227671085641,O_left
190,1,501.7714194065524,592.7093706921555,O_top
190,3,274.3418720414042,1490.2074691055689,O_right
190,4,401.3306787295806,608.0771845346749,D_top
190,5,241.24275228690937,840.2794580623322,D_left
190,6,285.5148232415596,1082.1661144563952,D_right
191,2,129.7814628087693,825.2279570990796,O_left
191,1,492.707011578699,614.8155778367394,O_top
191,3,275.3013403078006,1491.1166459333958,O_right
191,4,399.6247942449916,621.9895382905104,D_top
191,5,166.5714663742984,797.6264809070113,D_left
191,6,283.2048405348792,1070.3777684006254,D_right
192,1,487.512329465966,626.2907493903563,O_top
192,2,130.70666884070613,839.2172930810689,O_left
192,3,275.587454478308,1491.4441347474308,O_right
192,4,398.7088430118817,632.1910346778888,D_top
192,5,189.88088305161693,814.6924803156147,D_left
192,6,271.7725773845969,1057.80011543991,D_right
193,1,476.3959136695772,642.3466209712085,O_top
193,2,118.042247216541,837.9485154669081,O_left
193,3,274.31530101140686,1491.310643550581,O_right
193,4,385.4480397927172,645.1132874569872,D_top
193,5,188.15657922906547,818.3763863543797,D_left
193,6,271.831436337567,1047.874998083863,D_right
194,1,465.817818998232,644.8844878596822,O_top
194,2,100.99458467401786,833.6690522314198,O_left
194,3,273.81202494144566,1491.2471412123048,O_right
194,4,362.7769003255744,642.764434562016,D_top
194,5,185.86496728566004,821.7332362894721,D_left
194,6,272.4272658931607,1039.8004055152433,D_right
195,1,461.8433780895722,666.193017546858,O_top
195,2,72.00189272970702,825.1046993603177,O_left
195,3,273.6140488267699,1491.2161474352988,O_right
195,4,342.74190721273186,644.2790045719096,D_top
195,5,182.3623962638664,823.7407794716307,D_left
195,6,278.112559603198,1026.1491767781545,D_right
196,1,459.64292845509135,679.6767835824312,O_top
196,2,67.84741008508323,824.922631930697,O_left
196,3,275.0233705659864,1491.4810916329927,O_right
196,4,331.9409189878709,650.9832741526798,D_top
196,5,176.4026715079643,821.4020267850531,D_left
196,6,280.002112176268,1017.8878965934208,D_right
197,1,458.5703074630463,695.0935464950596,O_top
197,2,56.59346283229992,825.2425566484031,O_left
197,3,274.1071784908085,1491.296406236232,O_right
197,4,320.6390048370869,654.3191567111654,D_top
197,5,164.50464760383556,815.7464066321884,D_left
197,6,277.33887968255505,1007.2737427740036,D_right
198,1,458.30305188284586,706.8599579763219,O_top
198,2,52.54124098345355,826.6631744032716,O_left
198,3,273.7668188596543,1491.2324177489625,O_right
198,4,313.2021083929131,656.7886096779785,D_top
198,5,156.96386400490263,812.1609753585607,D_left
198,6,268.3628953802206,995.5324185499784,D_right
199,1,455.91082296445023,725.0632468440838,O_top
199,2,39.84958288282197,821.5041430213279,O_left
199,3,274.0355607192817,1490.5296177224634,O_right
199,4,296.2848799881796,665.9640831639553,D_top
199,5,148.88848363760283,805.5584764315472,D_left
199,6,247.94766243191185,975.6507537856562,D_right
200,1,456.0161766262647,737.8249260566835,O_top
200,2,33.4388904755819,819.1852606947892,O_left
200,3,272.7294658365051,1490.0028569649423,O_right
200,4,283.7083569457602,670.6754966539963,D_top
200,5,144.65093905546715,803.4808601789559,D_left
200,6,234.83427932914236,960.3345373981872,D_right
201,6,251.3336858795285,957.5721563315558,D_right
201,1,442.4287163698687,745.9651750766282,O_top
201,2,50.03357643325684,840.5304208821728,O_left
201,3,272.20285364801657,1489.7974431537525,O_right
201,4,285.8490081424618,687.4682366134358,D_top
201,5,142.64257836432054,801.616782088798,D_left
202,1,434.5899691533543,751.4385212908728,O_top
202,2,43.37646528018142,841.3662047679322,O_left
202,3,270.9757707055805,1488.7788834661524,O_right
202,4,273.07216696271456,696.3738119109892,D_top
202,5,146.42227711523387,804.1828057378715,D_left
202,6,206.9971748421508,925.0718679561172,D_right
203,1,438.4805398898898,771.4897269288017,O_top
203,2,27.874988831585668,836.4757058999575,O_left
203,3,266.9599915077701,1486.2255159926249,O_right
203,4,249.4387439462435,698.7215885131158,D_top
203,5,142.376640581732,805.057747564555,D_left
203,6,254.03958851618012,941.3866208324556,D_right
204,1,444.7096617757879,787.6111762531136,O_top
204,2,19.38369760225556,833.0354823519458,O_left
204,3,264.3889202346172,1484.3141758161296,O_right
204,4,254.1247397469643,715.6842218597675,D_top
204,5,137.34636044142525,804.4996372569993,D_left
204,6,269.53798390183914,944.9124833558202,D_right
205,1,437.6834836439338,802.054661413636,O_top
205,2,1.230323613603605,826.1638159530661,O_left
205,3,265.55234815625283,1480.25218877401,O_right
205,4,256.4390060871631,725.9577588241553,D_top
205,5,134.0705448059015,802.0263926050552,D_left
205,6,273.7472652814581,937.7045755248664,D_right
206,1,436.44696834519993,810.394977537299,O_top
206,2,-6.03275926966894,821.1659794401993,O_left
206,3,266.39045484637694,1478.0716795099825,O_right
206,4,251.89894465007785,730.126804909506,D_top
206,5,127.26461193453892,800.9793577763531,D_left
206,6,278.5122155943129,933.5652941290708,D_right
