0,1,557.55,401.62,86.4,114.07,1.0,-1.0,-1.0,-1.0
0,2,508.5,416.7,65.7,140.4,1.0,-1.0,-1.0,-1.0
0,3,838.8,386.77,103.5,134.32,1.0,-1.0,-1.0,-1.0
0,4,421.42,322.42,49.27,98.55,1.0,-1.0,-1.0,-1.0
0,5,309.15,310.5,30.15,89.55,1.0,-1.0,-1.0,-1.0
0,7,814.05,384.97,76.5,121.73,0.99,-1.0,-1.0,-1.0
1,1,558.34,401.83,86.4,114.66,1.0,-1.0,-1.0,-1.0
1,2,508.9,416.51,65.7,140.59,1.0,-1.0,-1.0,-1.0
1,3,838.42,387.76,103.89,132.96,0.99,-1.0,-1.0,-1.0
1,4,420.85,319.31,49.47,102.06,1.0,-1.0,-1.0,-1.0
1,5,309.17,310.7,30.15,89.55,1.0,-1.0,-1.0,-1.0
1,7,814.06,384.98,79.62,122.89,0.99,-1.0,-1.0,-1.0
2,1,559.57,402.92,87.1,113.35,1.0,-1.0,-1.0,-1.0
2,2,508.66,415.61,67.8,141.84,1.0,-1.0,-1.0,-1.0
2,3,839.43,388.46,103.6,132.19,0.99,-1.0,-1.0,-1.0
2,4,421.33,319.3,50.73,101.97,1.0,-1.0,-1.0,-1.0
2,5,309.4,310.75,29.8,89.19,1.0,-1.0,-1.0,-1.0
2,7,815.12,383.94,79.47,123.79,0.98,-1.0,-1.0,-1.0
3,1,559.9,403.41,88.0,112.42,1.0,-1.0,-1.0,-1.0
3,2,508.53,415.31,69.14,142.25,1.0,-1.0,-1.0,-1.0
3,3,843.16,390.36,99.38,130.95,1.0,-1.0,-1.0,-1.0
3,4,421.94,319.34,50.28,101.88,1.0,-1.0,-1.0,-1.0
3,5,309.41,310.73,29.69,89.09,1.0,-1.0,-1.0,-1.0
3,7,815.44,382.9,81.4,124.06,0.99,-1.0,-1.0,-1.0
4,1,560.34,403.36,90.26,112.31,1.0,-1.0,-1.0,-1.0
4,2,508.21,414.23,71.5,143.0,1.0,-1.0,-1.0,-1.0
4,3,843.68,391.43,98.04,131.08,1.0,-1.0,-1.0,-1.0
4,4,423.34,319.04,49.26,101.81,1.0,-1.0,-1.0,-1.0
4,5,309.45,310.73,29.66,89.06,1.0,-1.0,-1.0,-1.0
4,7,815.56,383.41,80.71,123.28,0.99,-1.0,-1.0,-1.0
5,1,561.99,402.37,92.27,113.29,1.0,-1.0,-1.0,-1.0
5,2,508.66,413.9,71.64,143.24,1.0,-1.0,-1.0,-1.0
5,3,843.73,391.43,96.38,132.46,1.0,-1.0,-1.0,-1.0
5,4,426.81,318.96,45.83,101.47,0.99,-1.0,-1.0,-1.0
5,5,309.22,310.72,29.98,89.38,1.0,-1.0,-1.0,-1.0
5,7,815.53,383.79,77.21,123.17,0.99,-1.0,-1.0,-1.0
6,1,566.9,401.07,89.85,113.96,1.0,-1.0,-1.0,-1.0
6,2,508.84,413.5,70.99,143.3,1.0,-1.0,-1.0,-1.0
6,3,843.06,392.02,97.17,134.22,1.0,-1.0,-1.0,-1.0
6,4,433.53,319.1,38.77,101.02,1.0,-1.0,-1.0,-1.0
6,5,309.31,310.56,29.78,89.5,1.0,-1.0,-1.0,-1.0
6,7,814.86,383.94,76.59,123.13,1.0,-1.0,-1.0,-1.0
7,1,569.27,399.98,89.5,114.82,1.0,-1.0,-1.0,-1.0
7,2,509.2,413.23,70.7,143.45,1.0,-1.0,-1.0,-1.0
7,3,843.4,392.2,96.88,134.85,1.0,-1.0,-1.0,-1.0
7,4,436.67,319.16,36.14,101.17,0.99,-1.0,-1.0,-1.0
7,5,309.32,310.66,29.71,89.24,1.0,-1.0,-1.0,-1.0
7,7,814.93,383.23,75.77,123.88,0.99,-1.0,-1.0,-1.0
8,1,571.3,398.82,88.74,115.9,1.0,-1.0,-1.0,-1.0
8,2,509.34,413.44,69.95,143.48,1.0,-1.0,-1.0,-1.0
8,3,843.19,392.06,97.75,135.22,1.0,-1.0,-1.0,-1.0
8,4,438.7,319.34,36.6,100.0,0.99,-1.0,-1.0,-1.0
8,5,309.34,310.54,29.69,89.44,1.0,-1.0,-1.0,-1.0
8,7,814.95,380.35,76.12,126.45,0.99,-1.0,-1.0,-1.0
9,1,572.25,398.12,88.45,116.59,1.0,-1.0,-1.0,-1.0
9,2,509.98,413.7,68.43,143.33,1.0,-1.0,-1.0,-1.0
9,3,841.55,391.39,100.23,135.64,1.0,-1.0,-1.0,-1.0
9,4,439.89,319.42,36.79,100.18,0.99,-1.0,-1.0,-1.0
9,5,309.17,310.5,29.99,89.52,1.0,-1.0,-1.0,-1.0
9,7,815.24,379.02,76.26,128.29,0.99,-1.0,-1.0,-1.0
10,1,571.93,397.29,88.33,117.14,1.0,-1.0,-1.0,-1.0
10,2,509.9,414.58,67.85,142.51,1.0,-1.0,-1.0,-1.0
10,3,843.03,390.98,99.06,136.24,1.0,-1.0,-1.0,-1.0
10,4,443.02,318.7,39.12,101.16,0.99,-1.0,-1.0,-1.0
10,5,309.25,310.65,29.8,89.25,1.0,-1.0,-1.0,-1.0
10,7,815.65,378.55,75.72,129.85,0.99,-1.0,-1.0,-1.0
11,1,571.14,396.85,88.28,117.48,1.0,-1.0,-1.0,-1.0
11,2,509.87,415.22,68.23,141.89,1.0,-1.0,-1.0,-1.0
11,3,841.17,389.92,101.04,137.35,1.0,-1.0,-1.0,-1.0
11,4,443.47,318.59,41.16,101.23,0.99,-1.0,-1.0,-1.0
11,5,309.14,310.7,30.03,89.45,1.0,-1.0,-1.0,-1.0
11,7,815.2,378.86,75.53,131.16,0.99,-1.0,-1.0,-1.0
12,1,569.6,396.11,87.65,117.6,1.0,-1.0,-1.0,-1.0
12,2,510.16,415.61,69.57,141.51,1.0,-1.0,-1.0,-1.0
12,3,842.28,390.57,97.0,136.11,1.0,-1.0,-1.0,-1.0
12,4,445.34,320.05,44.03,99.46,1.0,-1.0,-1.0,-1.0
12,5,309.41,310.86,29.81,89.22,1.0,-1.0,-1.0,-1.0
12,7,814.43,381.1,74.87,129.85,0.99,-1.0,-1.0,-1.0
13,1,568.39,395.55,88.02,118.22,1.0,-1.0,-1.0,-1.0
13,2,510.29,415.75,70.66,141.36,1.0,-1.0,-1.0,-1.0
13,3,841.5,390.2,90.59,136.52,1.0,-1.0,-1.0,-1.0
13,4,446.16,320.45,45.27,99.09,1.0,-1.0,-1.0,-1.0
13,5,309.53,310.93,29.73,89.14,1.0,-1.0,-1.0,-1.0
13,7,814.45,382.55,72.83,128.7,0.99,-1.0,-1.0,-1.0
14,1,567.05,395.05,88.75,117.84,1.0,-1.0,-1.0,-1.0
14,2,510.06,415.2,71.66,141.9,1.0,-1.0,-1.0,-1.0
14,3,843.07,391.09,86.4,135.31,1.0,-1.0,-1.0,-1.0
14,4,447.44,320.14,44.15,100.76,1.0,-1.0,-1.0,-1.0
14,5,309.6,310.95,29.7,89.1,1.0,-1.0,-1.0,-1.0
14,7,814.18,382.95,70.87,128.39,0.99,-1.0,-1.0,-1.0
15,1,566.51,394.6,89.02,118.58,1.0,-1.0,-1.0,-1.0
15,2,509.66,415.0,73.21,142.11,1.0,-1.0,-1.0,-1.0
15,3,845.17,392.02,84.04,134.84,1.0,-1.0,-1.0,-1.0
15,4,448.12,320.04,43.4,101.98,1.0,-1.0,-1.0,-1.0
15,5,309.61,310.96,29.69,89.09,1.0,-1.0,-1.0,-1.0
15,7,813.77,382.66,70.18,129.01,0.98,-1.0,-1.0,-1.0
16,1,566.61,394.16,89.12,119.44,1.0,-1.0,-1.0,-1.0
16,2,508.93,414.34,74.96,142.78,1.0,-1.0,-1.0,-1.0
16,3,856.38,394.77,69.72,133.77,0.99,-1.0,-1.0,-1.0
16,4,450.86,320.6,40.87,101.26,1.0,-1.0,-1.0,-1.0
16,5,309.63,310.98,29.69,89.09,1.0,-1.0,-1.0,-1.0
16,7,813.94,383.01,72.98,128.78,0.99,-1.0,-1.0,-1.0
17,1,566.94,393.88,89.16,119.9,1.0,-1.0,-1.0,-1.0
17,2,508.93,413.8,75.03,143.03,1.0,-1.0,-1.0,-1.0
17,3,868.78,397.29,56.95,133.97,0.98,-1.0,-1.0,-1.0
17,4,452.71,320.52,39.31,100.68,1.0,-1.0,-1.0,-1.0
17,5,309.62,310.99,29.69,89.09,1.0,-1.0,-1.0,-1.0
17,7,814.01,383.89,75.2,128.24,1.0,-1.0,-1.0,-1.0
18,1,568.55,393.78,87.97,120.05,1.0,-1.0,-1.0,-1.0
18,2,509.25,413.29,74.44,143.72,1.0,-1.0,-1.0,-1.0
18,3,877.67,399.84,50.1,133.89,0.99,-1.0,-1.0,-1.0
18,4,454.99,320.62,38.3,100.75,0.99,-1.0,-1.0,-1.0
18,5,309.64,310.98,29.69,89.09,1.0,-1.0,-1.0,-1.0
18,7,811.97,385.25,76.65,126.97,1.0,-1.0,-1.0,-1.0
19,1,569.74,393.6,86.92,120.25,1.0,-1.0,-1.0,-1.0
19,2,509.35,412.65,73.6,144.12,1.0,-1.0,-1.0,-1.0
19,3,880.37,401.35,48.03,132.97,0.99,-1.0,-1.0,-1.0
19,4,454.67,320.5,39.63,101.08,0.99,-1.0,-1.0,-1.0
19,5,309.62,310.97,29.69,89.09,1.0,-1.0,-1.0,-1.0
19,7,811.48,387.84,77.79,124.4,1.0,-1.0,-1.0,-1.0
20,1,570.19,393.25,86.54,120.6,1.0,-1.0,-1.0,-1.0
20,2,510.01,412.27,71.48,144.71,1.0,-1.0,-1.0,-1.0
20,3,882.71,399.78,48.56,134.42,0.99,-1.0,-1.0,-1.0
20,4,456.61,320.75,38.93,100.31,0.99,-1.0,-1.0,-1.0
20,5,309.63,310.97,29.7,89.09,1.0,-1.0,-1.0,-1.0
20,7,813.39,392.85,79.4,120.27,1.0,-1.0,-1.0,-1.0
21,1,570.61,393.29,86.39,120.58,1.0,-1.0,-1.0,-1.0
21,2,509.93,411.84,70.66,144.93,1.0,-1.0,-1.0,-1.0
21,3,887.15,397.68,61.61,137.05,0.99,-1.0,-1.0,-1.0
21,4,458.0,320.54,38.22,100.32,0.99,-1.0,-1.0,-1.0
21,5,309.61,310.96,29.7,89.09,1.0,-1.0,-1.0,-1.0
21,7,815.56,396.52,81.18,118.14,1.0,-1.0,-1.0,-1.0
22,1,569.25,393.47,88.73,120.41,1.0,-1.0,-1.0,-1.0
22,2,510.18,411.24,69.15,145.74,1.0,-1.0,-1.0,-1.0
22,3,886.5,393.93,71.36,138.62,1.0,-1.0,-1.0,-1.0
22,4,460.4,319.87,40.84,99.73,0.99,-1.0,-1.0,-1.0
22,5,309.74,310.81,29.7,89.39,1.0,-1.0,-1.0,-1.0
22,7,816.09,402.22,83.6,115.43,1.0,-1.0,-1.0,-1.0
23,1,568.14,393.69,90.2,119.89,1.0,-1.0,-1.0,-1.0
23,2,509.97,411.02,68.59,146.04,1.0,-1.0,-1.0,-1.0
23,3,886.36,392.03,76.29,137.59,1.0,-1.0,-1.0,-1.0
23,4,461.54,319.61,41.2,99.81,0.99,-1.0,-1.0,-1.0
23,5,309.78,310.75,29.7,89.51,1.0,-1.0,-1.0,-1.0
23,7,816.29,404.71,83.35,113.71,1.0,-1.0,-1.0,-1.0
24,1,566.85,394.07,91.94,119.38,1.0,-1.0,-1.0,-1.0
24,2,509.92,410.79,67.8,146.59,1.0,-1.0,-1.0,-1.0
24,3,887.59,391.42,76.34,128.41,0.99,-1.0,-1.0,-1.0
24,4,462.22,319.5,41.35,99.84,0.99,-1.0,-1.0,-1.0
24,5,309.81,310.72,29.7,89.55,1.0,-1.0,-1.0,-1.0
24,7,818.46,405.97,87.34,112.36,1.0,-1.0,-1.0,-1.0
25,1,565.16,394.22,93.18,119.18,1.0,-1.0,-1.0,-1.0
25,2,510.18,410.71,66.9,146.78,1.0,-1.0,-1.0,-1.0
25,3,889.35,391.35,74.25,124.1,0.99,-1.0,-1.0,-1.0
25,4,463.29,319.46,40.81,99.85,0.98,-1.0,-1.0,-1.0
25,5,309.67,310.7,30.0,89.56,1.0,-1.0,-1.0,-1.0
25,7,822.42,405.75,87.67,111.61,0.99,-1.0,-1.0,-1.0
26,1,563.03,394.72,93.64,118.95,1.0,-1.0,-1.0,-1.0
26,2,510.87,410.09,65.98,147.43,1.0,-1.0,-1.0,-1.0
26,3,895.49,389.35,67.19,123.95,0.99,-1.0,-1.0,-1.0
26,4,464.81,319.73,38.81,98.97,0.99,-1.0,-1.0,-1.0
26,5,309.61,310.69,30.11,89.56,1.0,-1.0,-1.0,-1.0
26,7,831.85,404.38,78.39,108.96,1.0,-1.0,-1.0,-1.0
27,1,562.23,395.08,93.2,118.71,1.0,-1.0,-1.0,-1.0
27,2,511.43,409.88,65.05,147.66,1.0,-1.0,-1.0,-1.0
27,3,895.85,387.3,66.84,124.98,0.99,-1.0,-1.0,-1.0
27,4,466.22,319.86,36.84,98.93,0.99,-1.0,-1.0,-1.0
27,5,309.59,310.7,30.15,89.56,1.0,-1.0,-1.0,-1.0
27,7,841.69,402.76,68.48,106.66,1.0,-1.0,-1.0,-1.0
28,1,561.66,395.21,92.43,118.32,1.0,-1.0,-1.0,-1.0
28,2,512.85,410.1,62.92,147.73,1.0,-1.0,-1.0,-1.0
28,3,900.44,382.05,62.24,124.8,0.99,-1.0,-1.0,-1.0
28,4,467.91,319.6,34.91,99.52,0.99,-1.0,-1.0,-1.0
28,5,309.6,310.71,30.17,89.56,1.0,-1.0,-1.0,-1.0
28,7,851.16,400.12,62.39,105.11,0.99,-1.0,-1.0,-1.0
29,1,562.05,395.58,91.52,117.28,1.0,-1.0,-1.0,-1.0
29,2,513.67,410.51,62.14,147.15,1.0,-1.0,-1.0,-1.0
29,3,902.0,378.34,59.86,119.67,0.99,-1.0,-1.0,-1.0
29,4,469.68,319.67,33.0,99.45,0.99,-1.0,-1.0,-1.0
29,5,309.6,310.72,30.17,89.56,1.0,-1.0,-1.0,-1.0
29,7,855.5,398.25,63.56,106.73,0.99,-1.0,-1.0,-1.0
30,1,562.83,396.03,91.16,116.29,1.0,-1.0,-1.0,-1.0
30,2,513.37,411.87,62.49,145.14,1.0,-1.0,-1.0,-1.0
30,3,903.68,366.97,59.64,124.77,1.0,-1.0,-1.0,-1.0
30,4,471.5,319.27,31.72,99.72,0.99,-1.0,-1.0,-1.0
30,5,309.62,310.74,30.17,89.56,1.0,-1.0,-1.0,-1.0
30,7,860.28,394.41,60.3,110.81,1.0,-1.0,-1.0,-1.0
31,1,564.9,396.18,89.23,115.93,1.0,-1.0,-1.0,-1.0
31,2,512.93,412.38,63.24,144.37,1.0,-1.0,-1.0,-1.0
31,3,899.64,360.28,64.12,129.56,1.0,-1.0,-1.0,-1.0
31,4,472.06,319.24,31.92,99.53,1.0,-1.0,-1.0,-1.0
31,5,309.62,310.72,30.16,89.55,1.0,-1.0,-1.0,-1.0
31,7,863.68,391.51,57.3,113.82,0.99,-1.0,-1.0,-1.0
32,1,567.85,396.2,87.9,115.79,1.0,-1.0,-1.0,-1.0
32,2,512.81,410.74,66.52,144.07,1.0,-1.0,-1.0,-1.0
32,3,889.1,358.66,78.91,129.33,1.0,-1.0,-1.0,-1.0
32,4,473.19,319.06,33.24,98.56,1.0,-1.0,-1.0,-1.0
32,5,309.98,310.99,29.86,89.25,1.0,-1.0,-1.0,-1.0
32,7,856.57,386.83,63.22,117.34,0.99,-1.0,-1.0,-1.0
33,1,571.31,396.21,85.6,115.76,1.0,-1.0,-1.0,-1.0
33,2,513.3,409.24,71.26,144.57,1.0,-1.0,-1.0,-1.0
33,3,885.45,359.82,83.06,127.61,0.99,-1.0,-1.0,-1.0
33,4,473.52,318.7,34.33,98.8,1.0,-1.0,-1.0,-1.0
33,5,310.07,311.09,29.75,89.14,1.0,-1.0,-1.0,-1.0
33,7,857.72,383.9,61.06,118.69,0.99,-1.0,-1.0,-1.0
34,1,572.91,394.86,83.55,117.09,1.0,-1.0,-1.0,-1.0
34,2,511.5,408.82,76.53,145.2,0.99,-1.0,-1.0,-1.0
34,3,885.54,358.59,71.19,115.91,0.99,-1.0,-1.0,-1.0
34,4,474.21,318.27,36.53,97.99,1.0,-1.0,-1.0,-1.0
34,5,310.14,311.13,29.71,89.09,1.0,-1.0,-1.0,-1.0
34,7,861.69,381.92,56.0,110.08,0.99,-1.0,-1.0,-1.0
35,1,575.24,392.91,81.61,118.79,1.0,-1.0,-1.0,-1.0
35,2,509.6,407.68,81.44,146.19,1.0,-1.0,-1.0,-1.0
35,3,884.65,357.58,61.3,110.36,0.99,-1.0,-1.0,-1.0
35,4,474.4,318.44,37.95,98.6,1.0,-1.0,-1.0,-1.0
35,5,310.1,311.17,29.69,89.08,1.0,-1.0,-1.0,-1.0
35,7,865.21,382.35,51.05,104.4,0.99,-1.0,-1.0,-1.0
36,1,578.82,389.54,78.5,122.09,1.0,-1.0,-1.0,-1.0
36,2,508.01,408.76,83.37,144.19,0.99,-1.0,-1.0,-1.0
36,3,878.68,357.0,64.63,107.23,0.99,-1.0,-1.0,-1.0
36,4,476.19,318.53,39.08,97.94,1.0,-1.0,-1.0,-1.0
36,5,310.41,311.21,29.39,89.08,1.0,-1.0,-1.0,-1.0
36,7,866.96,381.03,50.67,101.46,0.98,-1.0,-1.0,-1.0
37,1,580.36,387.84,76.78,123.49,1.0,-1.0,-1.0,-1.0
37,2,508.5,409.49,83.51,143.43,1.0,-1.0,-1.0,-1.0
37,3,880.87,356.74,60.98,106.65,0.94,-1.0,-1.0,-1.0
37,4,477.69,318.72,40.1,97.69,1.0,-1.0,-1.0,-1.0
37,5,310.33,311.22,29.58,89.08,1.0,-1.0,-1.0,-1.0
37,7,866.24,365.38,53.68,115.68,0.99,-1.0,-1.0,-1.0
38,1,582.1,386.17,76.21,125.33,0.99,-1.0,-1.0,-1.0
38,2,513.07,408.88,78.87,146.73,1.0,-1.0,-1.0,-1.0
38,3,880.58,363.55,59.52,97.54,0.93,-1.0,-1.0,-1.0
38,4,480.28,319.24,43.39,98.21,1.0,-1.0,-1.0,-1.0
38,5,310.31,311.22,29.65,89.08,1.0,-1.0,-1.0,-1.0
38,7,863.87,364.76,55.95,115.75,0.99,-1.0,-1.0,-1.0
39,1,583.57,385.25,74.22,126.31,1.0,-1.0,-1.0,-1.0
39,2,518.13,408.05,72.19,147.37,1.0,-1.0,-1.0,-1.0
39,3,870.41,358.21,69.06,101.65,0.87,-1.0,-1.0,-1.0
39,4,481.22,319.42,45.21,97.51,1.0,-1.0,-1.0,-1.0
39,5,310.58,311.2,29.38,89.09,1.0,-1.0,-1.0,-1.0
39,7,860.81,358.66,59.22,122.07,0.99,-1.0,-1.0,-1.0
40,1,586.2,384.05,68.66,127.54,1.0,-1.0,-1.0,-1.0
40,2,515.16,407.44,75.13,147.61,1.0,-1.0,-1.0,-1.0
40,4,483.0,319.04,44.77,97.25,1.0,-1.0,-1.0,-1.0
40,5,310.69,311.19,29.28,89.09,1.0,-1.0,-1.0,-1.0
40,7,852.34,351.21,65.14,127.34,0.99,-1.0,-1.0,-1.0
41,1,587.36,383.31,64.81,128.28,1.0,-1.0,-1.0,-1.0
41,2,512.91,406.91,76.15,148.29,1.0,-1.0,-1.0,-1.0
41,4,485.37,318.88,43.39,97.16,1.0,-1.0,-1.0,-1.0
41,5,311.0,311.02,28.94,89.39,1.0,-1.0,-1.0,-1.0
41,7,847.91,349.69,64.55,125.46,0.99,-1.0,-1.0,-1.0
42,1,587.71,381.28,62.3,129.42,1.0,-1.0,-1.0,-1.0
42,2,517.94,407.3,69.45,147.94,1.0,-1.0,-1.0,-1.0
42,4,489.49,319.7,41.64,94.75,1.0,-1.0,-1.0,-1.0
42,5,311.42,311.23,28.51,88.91,0.99,-1.0,-1.0,-1.0
42,7,841.73,347.04,67.79,123.9,0.99,-1.0,-1.0,-1.0
43,1,587.77,379.82,61.51,130.27,1.0,-1.0,-1.0,-1.0
43,2,520.54,407.77,66.78,147.2,1.0,-1.0,-1.0,-1.0
43,4,492.18,320.78,40.96,92.04,1.0,-1.0,-1.0,-1.0
43,5,311.71,311.04,28.36,89.03,0.99,-1.0,-1.0,-1.0
43,7,840.27,345.43,61.51,120.16,0.98,-1.0,-1.0,-1.0
44,1,588.06,376.78,61.31,128.94,1.0,-1.0,-1.0,-1.0
44,2,521.46,408.25,65.84,146.32,1.0,-1.0,-1.0,-1.0
44,4,493.43,323.29,49.66,92.27,1.0,-1.0,-1.0,-1.0
44,5,312.29,310.96,28.31,89.07,0.99,-1.0,-1.0,-1.0
44,7,834.32,346.74,61.93,115.7,0.99,-1.0,-1.0,-1.0
44,9,831.15,335.92,42.3,96.75,0.78,-1.0,-1.0,-1.0
45,1,588.73,374.05,61.31,128.54,0.99,-1.0,-1.0,-1.0
45,2,521.75,408.75,65.53,145.98,1.0,-1.0,-1.0,-1.0
45,4,494.47,326.31,54.39,90.27,1.0,-1.0,-1.0,-1.0
45,5,312.78,310.79,28.3,89.09,0.99,-1.0,-1.0,-1.0
45,7,831.93,346.47,62.07,114.31,0.98,-1.0,-1.0,-1.0
45,9,826.1,335.02,37.98,92.79,0.83,-1.0,-1.0,-1.0
46,1,590.17,370.83,59.54,128.23,1.0,-1.0,-1.0,-1.0
46,2,519.12,409.67,66.65,145.71,1.0,-1.0,-1.0,-1.0
46,4,499.04,328.47,58.59,88.64,1.0,-1.0,-1.0,-1.0
46,5,313.58,310.87,28.59,89.09,0.99,-1.0,-1.0,-1.0
46,7,829.92,346.61,55.6,107.35,0.99,-1.0,-1.0,-1.0
46,9,798.19,328.51,64.38,97.64,0.9,-1.0,-1.0,-1.0
47,1,590.95,368.93,57.13,128.23,1.0,-1.0,-1.0,-1.0
47,2,516.94,409.88,67.08,145.75,1.0,-1.0,-1.0,-1.0
47,4,500.58,329.69,61.94,87.46,1.0,-1.0,-1.0,-1.0
47,5,313.86,311.06,29.3,89.09,0.99,-1.0,-1.0,-1.0
47,7,827.71,346.8,45.61,104.73,0.98,-1.0,-1.0,-1.0
47,9,784.11,327.07,75.32,99.22,0.94,-1.0,-1.0,-1.0
48,1,592.73,366.96,52.62,129.56,1.0,-1.0,-1.0,-1.0
48,2,514.6,410.27,66.67,145.18,1.0,-1.0,-1.0,-1.0
48,4,500.58,327.71,66.07,89.48,1.0,-1.0,-1.0,-1.0
48,5,313.95,312.79,33.4,88.5,0.99,-1.0,-1.0,-1.0
48,7,820.2,347.87,44.69,102.92,0.98,-1.0,-1.0,-1.0
48,9,772.57,305.53,79.13,114.57,0.43,-1.0,-1.0,-1.0
49,1,593.95,365.8,50.47,130.49,1.0,-1.0,-1.0,-1.0
49,2,513.44,410.09,64.12,144.96,1.0,-1.0,-1.0,-1.0
49,4,502.23,326.94,66.57,89.94,1.0,-1.0,-1.0,-1.0
49,5,313.58,317.74,37.46,83.51,1.0,-1.0,-1.0,-1.0
49,7,816.04,342.83,45.05,107.17,0.99,-1.0,-1.0,-1.0
49,9,767.73,295.16,77.97,123.29,0.77,-1.0,-1.0,-1.0
50,1,596.22,364.86,47.93,131.41,1.0,-1.0,-1.0,-1.0
50,2,513.35,410.2,60.15,144.73,1.0,-1.0,-1.0,-1.0
50,4,511.14,324.42,61.55,88.35,0.99,-1.0,-1.0,-1.0
50,5,314.15,320.26,41.88,81.3,0.99,-1.0,-1.0,-1.0
50,7,808.54,338.1,48.92,110.8,0.99,-1.0,-1.0,-1.0
50,9,767.84,307.33,60.96,81.79,0.91,-1.0,-1.0,-1.0
51,1,597.28,364.39,47.14,131.59,1.0,-1.0,-1.0,-1.0
51,2,513.95,410.21,58.09,144.35,1.0,-1.0,-1.0,-1.0
51,4,515.82,326.58,59.98,84.16,0.99,-1.0,-1.0,-1.0
51,5,314.52,321.27,44.49,80.83,1.0,-1.0,-1.0,-1.0
51,7,804.13,335.17,49.71,111.6,0.99,-1.0,-1.0,-1.0
52,1,597.9,364.27,43.83,131.05,1.0,-1.0,-1.0,-1.0
52,2,514.17,410.66,57.4,144.06,1.0,-1.0,-1.0,-1.0
52,4,536.4,323.87,47.56,87.2,1.0,-1.0,-1.0,-1.0
52,5,314.24,320.38,50.01,81.9,0.99,-1.0,-1.0,-1.0
52,7,797.54,333.25,54.22,105.4,0.99,-1.0,-1.0,-1.0
52,9,770.64,305.92,39.19,91.8,0.94,-1.0,-1.0,-1.0
53,1,598.67,364.13,42.13,130.67,1.0,-1.0,-1.0,-1.0
53,2,514.24,410.82,57.19,143.96,1.0,-1.0,-1.0,-1.0
53,4,544.69,322.46,45.65,90.06,1.0,-1.0,-1.0,-1.0
53,5,314.26,319.43,52.2,82.91,1.0,-1.0,-1.0,-1.0
53,7,793.39,332.5,47.81,98.14,1.0,-1.0,-1.0,-1.0
53,9,769.91,303.49,34.77,76.73,0.7,-1.0,-1.0,-1.0
54,1,599.2,363.98,42.26,130.37,1.0,-1.0,-1.0,-1.0
54,2,514.28,410.43,57.16,144.38,1.0,-1.0,-1.0,-1.0
54,4,549.14,320.31,49.4,92.05,1.0,-1.0,-1.0,-1.0
54,5,315.65,318.02,51.1,83.31,0.98,-1.0,-1.0,-1.0
54,7,791.48,329.41,41.38,98.6,0.98,-1.0,-1.0,-1.0
54,9,760.82,299.35,36.19,92.14,0.88,-1.0,-1.0,-1.0
55,1,600.29,363.96,41.13,129.35,1.0,-1.0,-1.0,-1.0
55,2,514.0,410.13,57.18,144.69,1.0,-1.0,-1.0,-1.0
55,4,551.27,319.64,52.47,91.64,0.99,-1.0,-1.0,-1.0
55,5,321.83,316.56,46.55,80.2,0.99,-1.0,-1.0,-1.0
55,7,788.84,325.35,38.5,101.81,0.99,-1.0,-1.0,-1.0
55,9,756.84,302.24,35.37,95.64,0.96,-1.0,-1.0,-1.0
56,1,602.81,362.81,38.95,128.96,1.0,-1.0,-1.0,-1.0
56,2,513.92,409.57,57.22,145.25,1.0,-1.0,-1.0,-1.0
56,4,558.94,316.13,53.65,86.43,0.96,-1.0,-1.0,-1.0
56,5,329.06,315.08,41.96,79.64,0.99,-1.0,-1.0,-1.0
56,7,786.84,321.1,35.06,104.2,0.99,-1.0,-1.0,-1.0
56,9,750.76,306.79,33.81,94.59,0.99,-1.0,-1.0,-1.0
57,1,604.27,361.22,37.63,130.29,1.0,-1.0,-1.0,-1.0
57,2,513.88,409.81,57.26,145.02,1.0,-1.0,-1.0,-1.0
57,4,572.03,313.45,46.45,78.36,0.98,-1.0,-1.0,-1.0
57,5,338.87,314.7,36.85,79.45,0.98,-1.0,-1.0,-1.0
57,7,784.42,318.55,35.89,105.72,0.99,-1.0,-1.0,-1.0
57,9,747.03,310.86,33.92,91.62,0.99,-1.0,-1.0,-1.0
58,1,608.43,359.02,34.74,128.57,0.99,-1.0,-1.0,-1.0
58,2,512.62,409.89,58.5,144.94,1.0,-1.0,-1.0,-1.0
58,4,584.94,312.81,44.11,76.04,0.98,-1.0,-1.0,-1.0
58,5,344.35,312.45,39.98,80.6,1.0,-1.0,-1.0,-1.0
58,7,779.93,317.08,36.18,101.58,0.99,-1.0,-1.0,-1.0
58,9,737.85,313.12,39.55,88.54,0.49,-1.0,-1.0,-1.0
59,1,610.18,356.89,37.65,127.76,0.99,-1.0,-1.0,-1.0
59,2,510.71,409.78,60.76,145.35,1.0,-1.0,-1.0,-1.0
59,4,596.62,314.78,45.8,83.88,0.98,-1.0,-1.0,-1.0
59,5,347.11,311.48,42.18,80.45,0.99,-1.0,-1.0,-1.0
59,7,768.97,316.67,43.69,96.36,1.0,-1.0,-1.0,-1.0
59,9,730.01,311.35,44.95,87.59,0.98,-1.0,-1.0,-1.0
60,1,611.06,355.25,42.16,125.66,0.99,-1.0,-1.0,-1.0
60,2,508.83,409.6,62.79,145.06,1.0,-1.0,-1.0,-1.0
60,4,604.79,315.17,44.0,86.89,0.99,-1.0,-1.0,-1.0
60,5,349.53,310.69,47.98,78.92,1.0,-1.0,-1.0,-1.0
60,7,757.2,318.17,52.47,95.07,1.0,-1.0,-1.0,-1.0
60,9,725.34,310.87,43.74,83.6,0.99,-1.0,-1.0,-1.0
61,1,611.37,354.39,44.43,124.88,1.0,-1.0,-1.0,-1.0
61,2,507.83,409.83,64.74,144.95,1.0,-1.0,-1.0,-1.0
61,4,608.08,315.36,42.71,87.8,0.99,-1.0,-1.0,-1.0
61,5,353.12,311.47,49.07,75.95,0.99,-1.0,-1.0,-1.0
61,7,751.11,319.23,57.13,94.34,0.99,-1.0,-1.0,-1.0
61,9,721.79,309.84,35.48,82.63,0.98,-1.0,-1.0,-1.0
62,1,611.43,354.7,47.09,123.7,1.0,-1.0,-1.0,-1.0
62,2,505.72,409.31,69.57,145.51,1.0,-1.0,-1.0,-1.0
62,4,612.33,313.81,43.48,88.73,0.99,-1.0,-1.0,-1.0
62,5,363.67,311.46,45.44,73.96,0.99,-1.0,-1.0,-1.0
62,7,749.32,318.62,57.96,94.41,1.0,-1.0,-1.0,-1.0
62,9,715.32,306.33,33.3,85.27,0.99,-1.0,-1.0,-1.0
63,1,611.1,354.87,48.13,123.28,1.0,-1.0,-1.0,-1.0
63,2,503.47,408.96,73.12,146.17,1.0,-1.0,-1.0,-1.0
63,4,614.26,313.08,39.57,83.78,0.98,-1.0,-1.0,-1.0
63,5,371.48,311.16,40.88,73.56,0.99,-1.0,-1.0,-1.0
63,7,746.54,318.6,59.95,94.18,0.99,-1.0,-1.0,-1.0
63,9,712.05,303.72,31.97,87.42,0.93,-1.0,-1.0,-1.0
64,1,610.93,355.84,49.11,122.54,1.0,-1.0,-1.0,-1.0
64,2,499.18,408.81,79.66,146.41,1.0,-1.0,-1.0,-1.0
64,4,615.75,309.49,41.22,83.65,0.98,-1.0,-1.0,-1.0
64,5,379.16,311.49,35.13,73.75,0.99,-1.0,-1.0,-1.0
64,7,743.89,318.02,54.43,89.62,0.98,-1.0,-1.0,-1.0
64,9,700.61,299.23,38.96,91.46,0.85,-1.0,-1.0,-1.0
65,1,611.08,357.76,49.48,120.79,0.99,-1.0,-1.0,-1.0
65,2,496.64,408.63,84.45,146.65,1.0,-1.0,-1.0,-1.0
65,4,616.2,307.32,41.18,84.21,0.98,-1.0,-1.0,-1.0
65,5,383.38,311.49,35.6,73.85,0.99,-1.0,-1.0,-1.0
65,7,734.17,316.98,59.23,88.57,0.99,-1.0,-1.0,-1.0
65,9,695.39,296.84,34.56,87.45,0.97,-1.0,-1.0,-1.0
66,1,611.41,355.93,49.03,122.71,1.0,-1.0,-1.0,-1.0
66,2,495.67,408.54,88.6,146.74,1.0,-1.0,-1.0,-1.0
66,4,618.25,300.27,40.58,89.18,0.99,-1.0,-1.0,-1.0
66,5,388.42,310.42,32.39,72.42,1.0,-1.0,-1.0,-1.0
66,7,731.82,316.77,51.26,88.53,0.95,-1.0,-1.0,-1.0
66,9,681.29,296.44,44.19,84.56,0.99,-1.0,-1.0,-1.0
67,1,612.09,354.27,48.84,124.18,1.0,-1.0,-1.0,-1.0
67,2,498.15,408.99,86.25,146.91,1.0,-1.0,-1.0,-1.0
67,4,618.79,298.87,40.38,88.12,0.99,-1.0,-1.0,-1.0
67,5,391.39,309.63,33.75,71.61,0.99,-1.0,-1.0,-1.0
67,7,729.54,316.61,44.67,87.65,0.96,-1.0,-1.0,-1.0
67,9,673.53,296.55,46.81,83.47,0.91,-1.0,-1.0,-1.0
68,1,614.99,353.04,47.58,123.26,1.0,-1.0,-1.0,-1.0
68,2,505.08,414.78,81.1,139.25,1.0,-1.0,-1.0,-1.0
68,4,617.05,297.64,43.94,86.79,0.98,-1.0,-1.0,-1.0
68,5,393.9,309.16,36.62,67.11,0.99,-1.0,-1.0,-1.0
68,7,719.58,315.51,50.48,89.18,0.9,-1.0,-1.0,-1.0
68,9,664.97,291.22,46.75,88.46,0.95,-1.0,-1.0,-1.0
69,1,617.52,351.61,46.5,121.87,1.0,-1.0,-1.0,-1.0
69,2,507.5,420.86,79.62,134.94,1.0,-1.0,-1.0,-1.0
69,4,615.79,296.26,45.81,87.76,0.98,-1.0,-1.0,-1.0
69,5,394.85,305.53,39.45,71.64,1.0,-1.0,-1.0,-1.0
69,7,714.45,314.59,47.14,84.41,0.98,-1.0,-1.0,-1.0
69,9,661.52,291.97,45.51,87.65,0.98,-1.0,-1.0,-1.0
70,1,621.45,349.73,44.29,121.21,0.99,-1.0,-1.0,-1.0
70,2,505.16,426.19,82.59,130.22,1.0,-1.0,-1.0,-1.0
70,4,613.73,294.28,47.12,74.52,0.96,-1.0,-1.0,-1.0
70,5,396.72,303.5,41.98,71.72,0.99,-1.0,-1.0,-1.0
70,7,706.44,313.65,37.17,85.07,0.96,-1.0,-1.0,-1.0
70,9,660.51,286.71,43.2,92.05,0.95,-1.0,-1.0,-1.0
71,1,624.66,347.71,41.64,120.83,1.0,-1.0,-1.0,-1.0
71,2,502.52,427.62,85.43,129.3,1.0,-1.0,-1.0,-1.0
71,4,612.8,294.12,45.88,72.38,0.99,-1.0,-1.0,-1.0
71,5,400.19,302.15,41.25,70.58,0.99,-1.0,-1.0,-1.0
71,7,701.01,313.49,35.99,85.93,0.99,-1.0,-1.0,-1.0
71,9,658.95,285.35,42.85,92.51,0.99,-1.0,-1.0,-1.0
72,1,625.17,344.16,42.53,121.44,1.0,-1.0,-1.0,-1.0
72,2,486.46,425.67,99.26,129.02,1.0,-1.0,-1.0,-1.0
72,4,612.35,295.95,37.65,78.17,0.99,-1.0,-1.0,-1.0
72,5,404.52,299.59,40.92,75.28,1.0,-1.0,-1.0,-1.0
72,7,689.3,313.92,43.23,85.69,1.0,-1.0,-1.0,-1.0
72,9,655.04,286.39,44.48,88.83,0.98,-1.0,-1.0,-1.0
73,1,625.88,343.19,42.85,121.1,1.0,-1.0,-1.0,-1.0
73,2,479.79,424.92,101.17,128.98,1.0,-1.0,-1.0,-1.0
73,4,611.29,297.5,35.65,82.54,0.99,-1.0,-1.0,-1.0
73,5,406.14,297.68,41.07,77.86,0.99,-1.0,-1.0,-1.0
73,7,681.21,314.73,48.99,84.13,1.0,-1.0,-1.0,-1.0
73,9,653.36,286.78,35.18,81.36,0.89,-1.0,-1.0,-1.0
74,1,627.33,343.35,42.99,118.73,1.0,-1.0,-1.0,-1.0
74,2,470.56,421.9,92.68,129.61,0.99,-1.0,-1.0,-1.0
74,4,609.71,300.49,36.27,75.47,0.99,-1.0,-1.0,-1.0
74,5,408.17,293.79,41.41,81.78,0.99,-1.0,-1.0,-1.0
74,7,671.41,313.12,42.88,68.81,0.81,-1.0,-1.0,-1.0
74,9,647.37,290.27,30.51,78.83,0.9,-1.0,-1.0,-1.0
75,1,628.05,344.78,43.65,116.21,1.0,-1.0,-1.0,-1.0
75,2,464.19,420.71,86.63,129.3,1.0,-1.0,-1.0,-1.0
75,4,605.14,301.87,38.32,71.07,0.99,-1.0,-1.0,-1.0
75,5,408.89,291.27,41.53,83.86,0.99,-1.0,-1.0,-1.0
75,7,664.19,313.17,37.61,60.99,0.85,-1.0,-1.0,-1.0
75,9,643.02,293.79,30.33,80.09,0.96,-1.0,-1.0,-1.0
76,1,628.03,347.77,45.09,112.88,1.0,-1.0,-1.0,-1.0
76,2,455.08,415.9,81.92,132.95,0.99,-1.0,-1.0,-1.0
76,4,599.66,302.21,40.27,71.99,0.99,-1.0,-1.0,-1.0
76,5,410.3,289.18,42.15,85.52,0.99,-1.0,-1.0,-1.0
76,7,651.66,314.84,35.08,63.18,0.89,-1.0,-1.0,-1.0
76,9,635.51,294.78,29.66,75.16,0.86,-1.0,-1.0,-1.0
77,1,627.92,348.59,46.22,111.99,1.0,-1.0,-1.0,-1.0
77,2,453.04,411.87,77.12,136.56,0.99,-1.0,-1.0,-1.0
77,4,594.85,302.47,43.95,71.73,0.99,-1.0,-1.0,-1.0
77,5,410.96,286.94,45.31,87.88,0.99,-1.0,-1.0,-1.0
77,7,642.93,315.8,33.62,71.58,0.94,-1.0,-1.0,-1.0
77,9,630.54,293.0,31.95,77.0,0.87,-1.0,-1.0,-1.0
78,1,628.48,348.01,46.66,110.78,1.0,-1.0,-1.0,-1.0
78,2,438.58,408.02,75.82,132.63,0.99,-1.0,-1.0,-1.0
78,4,588.79,302.13,38.48,72.27,0.98,-1.0,-1.0,-1.0
78,5,411.68,287.02,44.49,87.6,0.99,-1.0,-1.0,-1.0
78,7,632.46,314.26,32.52,68.7,0.46,-1.0,-1.0,-1.0
78,9,623.26,291.35,35.13,77.06,0.96,-1.0,-1.0,-1.0
79,1,628.59,346.31,46.82,107.07,1.0,-1.0,-1.0,-1.0
79,2,431.19,405.38,71.27,128.71,1.0,-1.0,-1.0,-1.0
79,4,584.42,302.31,37.35,72.2,0.94,-1.0,-1.0,-1.0
79,5,412.16,287.87,42.65,86.57,0.99,-1.0,-1.0,-1.0
79,9,619.69,290.45,34.03,75.01,0.99,-1.0,-1.0,-1.0
80,1,629.53,342.03,46.88,106.04,0.99,-1.0,-1.0,-1.0
80,2,427.74,403.83,53.65,127.25,1.0,-1.0,-1.0,-1.0
80,4,576.62,302.23,41.83,73.39,0.96,-1.0,-1.0,-1.0
80,5,412.77,292.83,40.72,81.7,0.99,-1.0,-1.0,-1.0
80,9,613.62,291.5,31.17,73.05,0.88,-1.0,-1.0,-1.0
81,1,630.1,338.97,47.48,106.63,0.99,-1.0,-1.0,-1.0
81,2,424.74,403.28,45.42,126.16,1.0,-1.0,-1.0,-1.0
81,4,571.79,302.47,38.8,61.37,0.96,-1.0,-1.0,-1.0
81,5,413.13,295.53,37.87,78.59,0.99,-1.0,-1.0,-1.0
81,9,609.79,292.19,30.07,70.85,0.85,-1.0,-1.0,-1.0
82,1,632.42,336.97,47.11,106.58,1.0,-1.0,-1.0,-1.0
82,2,403.79,399.81,63.65,128.17,1.0,-1.0,-1.0,-1.0
82,4,565.24,302.73,38.11,56.6,0.98,-1.0,-1.0,-1.0
82,5,414.63,296.7,38.04,76.83,1.0,-1.0,-1.0,-1.0
82,9,606.23,291.24,28.47,71.9,0.98,-1.0,-1.0,-1.0
82,7,588.22,311.46,39.66,77.98,0.99,-1.0,-1.0,-1.0
83,1,634.1,335.08,46.96,107.21,1.0,-1.0,-1.0,-1.0
83,2,395.68,397.09,68.83,130.14,0.99,-1.0,-1.0,-1.0
83,4,560.19,302.82,37.87,53.52,0.98,-1.0,-1.0,-1.0
83,5,415.05,296.84,37.81,76.5,0.99,-1.0,-1.0,-1.0
83,9,602.06,290.46,27.91,71.41,0.9,-1.0,-1.0,-1.0
83,7,582.24,310.27,37.68,79.74,0.98,-1.0,-1.0,-1.0
84,1,635.33,334.74,51.65,103.29,1.0,-1.0,-1.0,-1.0
84,2,384.05,394.36,70.12,124.37,0.99,-1.0,-1.0,-1.0
84,4,554.88,300.96,34.78,64.6,0.98,-1.0,-1.0,-1.0
84,5,414.72,296.77,37.73,76.09,1.0,-1.0,-1.0,-1.0
84,7,576.67,310.0,32.04,80.66,0.98,-1.0,-1.0,-1.0
85,1,636.58,335.46,53.94,100.34,0.99,-1.0,-1.0,-1.0
85,2,378.8,392.8,63.58,122.48,1.0,-1.0,-1.0,-1.0
85,4,549.94,300.66,32.38,70.39,0.97,-1.0,-1.0,-1.0
85,5,414.62,296.45,37.41,75.96,1.0,-1.0,-1.0,-1.0
85,7,571.19,308.47,31.05,81.86,0.99,-1.0,-1.0,-1.0
86,1,636.81,338.83,56.56,95.65,1.0,-1.0,-1.0,-1.0
86,2,375.95,388.7,50.75,125.42,1.0,-1.0,-1.0,-1.0
86,4,543.13,301.15,32.17,78.51,0.98,-1.0,-1.0,-1.0
86,5,414.45,295.17,36.7,77.11,1.0,-1.0,-1.0,-1.0
86,7,555.78,306.92,41.1,82.28,0.99,-1.0,-1.0,-1.0
87,1,636.24,340.85,58.15,92.77,1.0,-1.0,-1.0,-1.0
87,2,372.88,385.56,45.59,126.98,0.99,-1.0,-1.0,-1.0
87,4,539.29,301.86,30.28,76.93,0.93,-1.0,-1.0,-1.0
87,5,414.12,294.5,36.44,77.85,1.0,-1.0,-1.0,-1.0
87,7,547.55,305.57,42.85,81.82,0.98,-1.0,-1.0,-1.0
88,1,632.56,340.36,61.04,93.34,0.99,-1.0,-1.0,-1.0
88,2,360.86,381.94,50.19,123.27,1.0,-1.0,-1.0,-1.0
88,4,532.26,302.04,28.38,64.77,0.93,-1.0,-1.0,-1.0
88,5,413.57,294.27,36.96,78.13,1.0,-1.0,-1.0,-1.0
88,7,541.56,304.95,40.71,82.48,0.94,-1.0,-1.0,-1.0
89,1,629.61,338.81,63.29,93.31,0.97,-1.0,-1.0,-1.0
89,2,356.53,380.49,48.91,118.12,1.0,-1.0,-1.0,-1.0
89,4,525.83,300.69,28.38,57.26,0.88,-1.0,-1.0,-1.0
89,5,413.1,295.5,37.46,76.76,0.99,-1.0,-1.0,-1.0
89,9,571.58,290.06,27.78,67.67,0.88,-1.0,-1.0,-1.0
89,7,540.23,304.13,36.2,83.59,0.98,-1.0,-1.0,-1.0
90,1,624.23,336.78,66.43,92.44,0.99,-1.0,-1.0,-1.0
90,2,349.12,379.81,48.76,114.69,0.99,-1.0,-1.0,-1.0
90,4,506.01,299.8,37.64,53.12,0.84,-1.0,-1.0,-1.0
90,5,412.58,298.89,36.76,73.83,1.0,-1.0,-1.0,-1.0
90,9,563.65,289.0,32.51,69.34,0.98,-1.0,-1.0,-1.0
90,7,537.4,303.75,33.16,81.33,0.99,-1.0,-1.0,-1.0
91,1,620.02,334.5,66.5,93.1,1.0,-1.0,-1.0,-1.0
91,2,345.52,379.0,45.08,113.21,1.0,-1.0,-1.0,-1.0
91,4,501.4,298.37,37.44,70.69,0.93,-1.0,-1.0,-1.0
91,5,412.24,300.27,35.9,72.45,0.99,-1.0,-1.0,-1.0
91,9,558.31,286.79,34.29,71.17,0.86,-1.0,-1.0,-1.0
91,7,533.88,303.16,32.67,80.72,0.98,-1.0,-1.0,-1.0
92,1,614.67,329.18,59.5,96.67,1.0,-1.0,-1.0,-1.0
92,2,338.22,375.88,45.63,113.77,1.0,-1.0,-1.0,-1.0
92,4,493.16,298.98,37.86,75.34,0.97,-1.0,-1.0,-1.0
92,5,413.11,300.01,34.37,73.47,1.0,-1.0,-1.0,-1.0
92,7,522.91,303.71,38.56,79.57,1.0,-1.0,-1.0,-1.0
93,1,610.97,325.87,57.19,98.92,0.99,-1.0,-1.0,-1.0
93,2,332.7,373.25,47.05,115.24,1.0,-1.0,-1.0,-1.0
93,4,484.57,297.82,40.33,79.02,0.98,-1.0,-1.0,-1.0
93,5,413.63,297.6,31.38,76.26,0.99,-1.0,-1.0,-1.0
93,9,550.79,287.96,28.87,65.25,0.95,-1.0,-1.0,-1.0
93,7,517.39,304.2,40.63,78.83,0.99,-1.0,-1.0,-1.0
94,1,606.1,323.23,47.32,100.38,0.99,-1.0,-1.0,-1.0
94,2,326.92,371.38,48.2,112.68,1.0,-1.0,-1.0,-1.0
94,4,483.46,298.87,34.41,62.77,0.78,-1.0,-1.0,-1.0
94,5,414.01,292.22,27.18,81.12,0.99,-1.0,-1.0,-1.0
94,7,508.69,306.42,46.61,75.85,0.99,-1.0,-1.0,-1.0
95,1,603.36,321.81,41.55,101.25,0.99,-1.0,-1.0,-1.0
95,2,324.18,370.73,47.76,109.65,1.0,-1.0,-1.0,-1.0
95,4,467.94,290.62,51.64,82.07,0.91,-1.0,-1.0,-1.0
95,5,414.38,288.67,25.75,83.56,0.99,-1.0,-1.0,-1.0
95,7,507.21,307.55,46.17,74.72,0.99,-1.0,-1.0,-1.0
96,1,599.31,322.67,37.12,98.03,0.99,-1.0,-1.0,-1.0
96,2,322.57,371.06,46.11,106.61,1.0,-1.0,-1.0,-1.0
96,4,467.03,292.21,42.48,64.53,0.68,-1.0,-1.0,-1.0
96,5,415.63,284.41,24.05,81.88,0.98,-1.0,-1.0,-1.0
96,7,506.85,304.97,44.15,77.03,0.99,-1.0,-1.0,-1.0
97,1,591.89,322.35,39.05,97.99,1.0,-1.0,-1.0,-1.0
97,2,320.8,370.5,46.41,106.3,0.99,-1.0,-1.0,-1.0
97,7,507.12,302.55,42.1,79.35,0.99,-1.0,-1.0,-1.0
98,1,578.51,325.82,49.5,94.09,1.0,-1.0,-1.0,-1.0
98,2,316.78,366.99,47.73,109.25,1.0,-1.0,-1.0,-1.0
98,4,447.94,288.72,51.92,76.14,0.82,-1.0,-1.0,-1.0
98,7,507.55,299.41,40.68,82.29,0.99,-1.0,-1.0,-1.0
99,1,573.72,331.05,53.1,89.91,1.0,-1.0,-1.0,-1.0
99,2,314.35,363.9,48.24,111.41,1.0,-1.0,-1.0,-1.0
99,4,439.1,288.52,49.18,83.01,0.98,-1.0,-1.0,-1.0
99,7,507.89,296.7,40.13,84.87,0.99,-1.0,-1.0,-1.0
100,1,571.7,336.78,54.04,84.13,0.99,-1.0,-1.0,-1.0
100,2,312.61,362.01,45.47,109.15,1.0,-1.0,-1.0,-1.0
100,4,434.39,295.86,48.22,78.41,0.99,-1.0,-1.0,-1.0
100,7,508.52,295.64,36.92,85.55,0.99,-1.0,-1.0,-1.0
101,1,571.13,338.75,54.38,82.08,0.99,-1.0,-1.0,-1.0
101,2,312.23,361.43,44.11,107.1,1.0,-1.0,-1.0,-1.0
101,4,433.56,299.61,45.91,75.88,0.99,-1.0,-1.0,-1.0
101,7,509.07,294.43,35.67,86.66,0.99,-1.0,-1.0,-1.0
102,1,571.1,339.72,55.06,81.41,1.0,-1.0,-1.0,-1.0
102,2,310.29,362.66,44.55,102.0,1.0,-1.0,-1.0,-1.0
102,4,433.02,301.2,39.01,74.84,0.99,-1.0,-1.0,-1.0
102,5,419.06,274.38,29.73,93.09,0.97,-1.0,-1.0,-1.0
102,7,509.41,299.72,35.84,81.2,0.99,-1.0,-1.0,-1.0
103,1,570.96,339.56,56.44,81.54,1.0,-1.0,-1.0,-1.0
103,2,309.13,362.85,45.91,100.14,1.0,-1.0,-1.0,-1.0
103,4,433.44,301.61,39.03,74.38,0.98,-1.0,-1.0,-1.0
103,5,420.15,278.72,29.7,91.75,0.97,-1.0,-1.0,-1.0
103,7,510.28,301.53,34.7,79.01,0.99,-1.0,-1.0,-1.0
104,1,571.34,340.32,56.94,80.73,1.0,-1.0,-1.0,-1.0
104,2,311.08,359.85,44.64,101.94,1.0,-1.0,-1.0,-1.0
104,4,432.43,300.52,35.72,75.33,0.99,-1.0,-1.0,-1.0
104,5,419.98,288.09,28.2,82.91,0.97,-1.0,-1.0,-1.0
104,7,511.4,301.39,33.05,78.8,1.0,-1.0,-1.0,-1.0
105,1,571.59,339.69,57.68,81.41,0.99,-1.0,-1.0,-1.0
105,2,314.37,356.74,43.26,104.43,0.99,-1.0,-1.0,-1.0
105,4,432.55,298.95,33.04,76.83,0.99,-1.0,-1.0,-1.0
105,5,419.83,293.19,27.63,78.79,0.99,-1.0,-1.0,-1.0
105,7,512.83,300.92,31.84,79.03,1.0,-1.0,-1.0,-1.0
106,1,575.83,333.74,60.86,85.3,1.0,-1.0,-1.0,-1.0
106,2,317.18,353.42,44.9,106.59,1.0,-1.0,-1.0,-1.0
106,4,431.39,296.9,32.27,78.53,0.99,-1.0,-1.0,-1.0
106,5,418.21,295.61,28.34,76.74,0.99,-1.0,-1.0,-1.0
106,7,514.31,300.02,29.59,79.42,0.99,-1.0,-1.0,-1.0
107,1,580.12,330.96,60.33,86.16,1.0,-1.0,-1.0,-1.0
107,2,318.85,351.34,46.97,106.83,1.0,-1.0,-1.0,-1.0
107,4,430.84,295.97,32.02,78.56,0.99,-1.0,-1.0,-1.0
107,5,416.9,296.3,29.49,76.32,0.99,-1.0,-1.0,-1.0
107,7,515.59,300.0,28.17,79.27,0.99,-1.0,-1.0,-1.0
108,1,592.17,323.99,50.12,91.85,0.99,-1.0,-1.0,-1.0
108,2,321.85,350.51,46.01,102.77,0.99,-1.0,-1.0,-1.0
108,4,430.31,295.21,34.26,78.8,0.99,-1.0,-1.0,-1.0
108,5,416.53,296.69,29.35,76.5,0.99,-1.0,-1.0,-1.0
108,7,517.95,299.43,25.22,79.81,0.99,-1.0,-1.0,-1.0
108,11,491.85,290.02,26.1,65.25,0.86,-1.0,-1.0,-1.0
109,1,603.23,318.63,45.87,96.0,0.99,-1.0,-1.0,-1.0
109,2,324.9,350.43,43.54,99.72,0.99,-1.0,-1.0,-1.0
109,4,430.35,294.48,36.69,79.74,0.99,-1.0,-1.0,-1.0
109,5,416.41,296.47,27.8,76.6,0.99,-1.0,-1.0,-1.0
109,7,519.18,299.21,23.58,80.01,0.99,-1.0,-1.0,-1.0
110,1,614.12,315.41,41.95,96.45,0.99,-1.0,-1.0,-1.0
110,2,327.32,350.9,42.9,98.63,1.0,-1.0,-1.0,-1.0
110,4,430.17,293.91,37.33,80.93,0.99,-1.0,-1.0,-1.0
110,5,416.82,296.49,26.6,76.35,0.99,-1.0,-1.0,-1.0
110,9,486.82,289.92,25.77,60.37,0.99,-1.0,-1.0,-1.0
110,7,519.29,299.58,23.74,79.79,0.99,-1.0,-1.0,-1.0
111,1,618.79,313.34,40.62,96.89,0.99,-1.0,-1.0,-1.0
111,2,328.04,350.22,46.3,98.57,1.0,-1.0,-1.0,-1.0
111,4,430.06,293.7,36.25,81.36,0.99,-1.0,-1.0,-1.0
111,5,417.12,296.46,25.56,76.59,0.98,-1.0,-1.0,-1.0
111,9,483.78,289.28,27.25,65.15,0.99,-1.0,-1.0,-1.0
111,7,519.32,299.43,24.43,80.0,0.99,-1.0,-1.0,-1.0
112,1,626.8,313.94,38.33,95.28,0.99,-1.0,-1.0,-1.0
112,2,330.55,347.49,46.95,99.18,1.0,-1.0,-1.0,-1.0
112,4,429.62,293.95,35.97,80.6,0.99,-1.0,-1.0,-1.0
112,5,416.85,296.3,25.81,76.1,0.98,-1.0,-1.0,-1.0
112,9,480.64,288.33,27.85,68.47,0.98,-1.0,-1.0,-1.0
112,7,519.89,299.25,24.71,80.08,0.99,-1.0,-1.0,-1.0
113,1,631.41,314.7,38.84,93.74,0.99,-1.0,-1.0,-1.0
113,2,331.74,345.62,49.85,100.03,1.0,-1.0,-1.0,-1.0
113,4,429.28,294.07,35.27,80.26,1.0,-1.0,-1.0,-1.0
113,5,416.5,296.36,25.91,75.63,0.98,-1.0,-1.0,-1.0
113,9,478.72,288.1,28.64,66.35,0.99,-1.0,-1.0,-1.0
113,7,520.14,298.9,24.85,80.41,0.99,-1.0,-1.0,-1.0
114,1,637.77,318.32,40.89,89.87,0.99,-1.0,-1.0,-1.0
114,2,335.29,343.34,50.94,97.7,0.99,-1.0,-1.0,-1.0
114,4,429.16,293.98,34.4,80.4,0.98,-1.0,-1.0,-1.0
114,5,416.01,296.51,25.36,76.07,0.99,-1.0,-1.0,-1.0
114,9,476.59,288.01,29.51,71.56,0.99,-1.0,-1.0,-1.0
114,7,520.48,298.92,24.32,80.53,0.98,-1.0,-1.0,-1.0
115,1,641.81,319.47,42.84,88.69,0.94,-1.0,-1.0,-1.0
115,2,339.96,342.72,49.9,95.32,1.0,-1.0,-1.0,-1.0
115,4,429.26,293.53,34.08,81.02,0.99,-1.0,-1.0,-1.0
115,5,415.59,296.72,24.86,76.54,0.99,-1.0,-1.0,-1.0
115,9,475.06,288.56,29.83,72.92,0.99,-1.0,-1.0,-1.0
115,7,520.66,298.95,24.14,80.27,0.98,-1.0,-1.0,-1.0
116,1,643.14,321.25,56.6,87.37,0.96,-1.0,-1.0,-1.0
116,2,350.84,341.92,45.03,93.57,0.99,-1.0,-1.0,-1.0
116,4,428.83,293.06,34.72,81.82,1.0,-1.0,-1.0,-1.0
116,5,414.31,296.61,25.6,77.33,0.99,-1.0,-1.0,-1.0
116,9,473.95,288.48,28.78,73.99,0.99,-1.0,-1.0,-1.0
116,7,520.37,300.14,24.7,78.69,0.97,-1.0,-1.0,-1.0
117,1,644.67,320.27,60.99,88.39,0.98,-1.0,-1.0,-1.0
117,2,358.12,340.92,42.81,93.87,0.99,-1.0,-1.0,-1.0
117,4,428.49,293.03,35.25,81.81,1.0,-1.0,-1.0,-1.0
117,5,413.33,296.4,26.46,78.22,0.99,-1.0,-1.0,-1.0
117,9,473.46,288.73,27.75,73.78,0.99,-1.0,-1.0,-1.0
117,7,520.62,300.59,24.32,78.08,0.97,-1.0,-1.0,-1.0
118,1,650.86,319.18,57.33,89.68,0.99,-1.0,-1.0,-1.0
118,2,368.34,338.35,39.28,95.52,0.99,-1.0,-1.0,-1.0
118,4,428.17,292.73,35.31,81.78,0.99,-1.0,-1.0,-1.0
118,5,409.79,296.16,29.15,78.57,0.99,-1.0,-1.0,-1.0
118,9,472.72,288.4,26.15,73.94,0.99,-1.0,-1.0,-1.0
118,12,521.55,311.62,22.5,67.05,0.98,-1.0,-1.0,-1.0
119,1,659.14,318.62,50.34,90.17,1.0,-1.0,-1.0,-1.0
119,2,373.84,335.93,39.58,97.34,0.99,-1.0,-1.0,-1.0
119,4,428.9,292.76,34.88,81.74,1.0,-1.0,-1.0,-1.0
119,5,408.67,296.49,29.59,79.29,0.99,-1.0,-1.0,-1.0
119,9,471.74,288.11,25.53,74.54,0.99,-1.0,-1.0,-1.0
119,12,521.58,309.99,22.5,68.85,0.98,-1.0,-1.0,-1.0
120,1,671.24,317.1,40.21,92.43,0.99,-1.0,-1.0,-1.0
120,2,378.51,334.8,44.26,95.68,1.0,-1.0,-1.0,-1.0
120,4,429.34,292.8,34.27,81.42,1.0,-1.0,-1.0,-1.0
120,5,407.49,297.35,30.05,76.61,1.0,-1.0,-1.0,-1.0
120,9,469.63,288.01,26.51,74.73,0.99,-1.0,-1.0,-1.0
120,7,522.34,298.49,22.35,74.12,0.99,-1.0,-1.0,-1.0
121,1,677.95,315.38,35.12,94.16,0.99,-1.0,-1.0,-1.0
121,2,382.11,334.9,45.92,93.85,1.0,-1.0,-1.0,-1.0
121,4,429.57,292.98,34.34,81.27,1.0,-1.0,-1.0,-1.0
121,5,406.67,297.99,30.8,75.27,1.0,-1.0,-1.0,-1.0
121,9,468.36,288.13,26.87,75.35,1.0,-1.0,-1.0,-1.0
121,7,522.52,298.19,22.32,78.0,0.99,-1.0,-1.0,-1.0
122,1,682.79,312.99,36.12,97.17,0.99,-1.0,-1.0,-1.0
122,2,391.64,335.92,41.34,89.88,0.99,-1.0,-1.0,-1.0
122,4,430.11,293.37,33.03,81.5,1.0,-1.0,-1.0,-1.0
122,5,405.04,298.97,30.79,75.38,0.99,-1.0,-1.0,-1.0
122,9,467.35,288.2,27.01,76.14,0.99,-1.0,-1.0,-1.0
122,7,522.85,298.23,21.71,79.01,0.99,-1.0,-1.0,-1.0
123,1,685.87,314.14,37.05,95.97,0.99,-1.0,-1.0,-1.0
123,2,397.93,336.2,37.92,88.43,0.98,-1.0,-1.0,-1.0
123,4,430.35,293.67,32.54,81.57,0.99,-1.0,-1.0,-1.0
123,5,403.72,299.62,31.94,75.14,0.99,-1.0,-1.0,-1.0
123,9,466.77,288.52,27.05,76.41,0.99,-1.0,-1.0,-1.0
123,7,523.28,298.26,21.51,79.38,0.99,-1.0,-1.0,-1.0
