0,1,319.05,367.42,51.3,101.92,1.0,-1.0,-1.0,-1.0
0,2,805.05,353.7,45.0,132.75,0.99,-1.0,-1.0,-1.0
0,3,989.1,376.65,48.6,153.0,0.99,-1.0,-1.0,-1.0
0,4,252.45,374.17,43.65,109.12,1.0,-1.0,-1.0,-1.0
0,5,387.9,322.87,41.85,79.2,1.0,-1.0,-1.0,-1.0
0,6,348.3,315.22,33.75,85.5,0.99,-1.0,-1.0,-1.0
1,1,318.66,367.81,51.69,101.53,1.0,-1.0,-1.0,-1.0
1,2,805.05,353.7,45.78,133.14,0.99,-1.0,-1.0,-1.0
1,3,989.09,376.84,47.04,152.8,0.99,-1.0,-1.0,-1.0
1,4,250.5,374.37,44.82,108.93,1.0,-1.0,-1.0,-1.0
1,5,388.29,322.29,41.85,79.98,0.99,-1.0,-1.0,-1.0
1,6,350.06,315.03,33.75,85.89,1.0,-1.0,-1.0,-1.0
2,1,318.43,367.71,52.11,101.64,1.0,-1.0,-1.0,-1.0
2,2,804.7,353.35,46.61,133.56,0.99,-1.0,-1.0,-1.0
2,3,989.1,376.87,46.77,152.77,0.99,-1.0,-1.0,-1.0
2,4,247.75,374.93,48.49,107.67,1.0,-1.0,-1.0,-1.0
2,5,389.24,322.19,41.15,80.11,1.0,-1.0,-1.0,-1.0
2,6,351.24,315.35,34.1,85.61,1.0,-1.0,-1.0,-1.0
3,1,318.02,368.02,53.26,101.34,1.0,-1.0,-1.0,-1.0
3,2,804.59,353.58,46.87,133.33,0.99,-1.0,-1.0,-1.0
3,3,989.1,376.87,46.72,152.41,0.99,-1.0,-1.0,-1.0
3,4,239.67,377.53,58.2,106.58,1.0,-1.0,-1.0,-1.0
3,5,389.19,321.67,42.66,80.82,1.0,-1.0,-1.0,-1.0
3,6,353.98,315.98,35.58,83.44,0.99,-1.0,-1.0,-1.0
4,1,318.23,368.28,53.29,100.74,1.0,-1.0,-1.0,-1.0
4,2,804.56,353.67,46.26,133.25,0.99,-1.0,-1.0,-1.0
4,3,988.43,377.05,46.72,152.47,0.99,-1.0,-1.0,-1.0
4,4,234.59,379.5,64.59,104.77,1.0,-1.0,-1.0,-1.0
4,5,389.97,321.5,43.47,81.05,1.0,-1.0,-1.0,-1.0
4,6,354.84,315.83,38.64,84.11,0.99,-1.0,-1.0,-1.0
5,1,318.65,369.03,53.28,99.9,1.0,-1.0,-1.0,-1.0
5,2,804.57,353.69,44.11,133.54,0.99,-1.0,-1.0,-1.0
5,3,988.22,377.25,46.74,152.01,1.0,-1.0,-1.0,-1.0
5,4,227.94,381.9,72.22,102.74,1.0,-1.0,-1.0,-1.0
5,5,391.99,322.27,43.42,80.14,1.0,-1.0,-1.0,-1.0
5,6,355.88,315.14,45.21,85.32,1.0,-1.0,-1.0,-1.0
6,1,319.24,370.06,52.94,99.15,0.99,-1.0,-1.0,-1.0
6,2,804.9,353.55,42.06,133.8,1.0,-1.0,-1.0,-1.0
6,3,988.16,377.33,46.75,151.87,1.0,-1.0,-1.0,-1.0
6,4,223.76,383.28,76.85,102.11,1.0,-1.0,-1.0,-1.0
6,5,393.29,322.7,44.63,79.49,1.0,-1.0,-1.0,-1.0
6,6,356.94,315.04,45.36,85.44,1.0,-1.0,-1.0,-1.0
7,1,320.59,370.57,55.28,99.06,0.99,-1.0,-1.0,-1.0
7,2,802.47,353.49,42.66,133.88,1.0,-1.0,-1.0,-1.0
7,3,988.15,377.81,46.76,151.65,1.0,-1.0,-1.0,-1.0
7,4,220.03,384.64,80.52,103.2,1.0,-1.0,-1.0,-1.0
7,5,394.23,323.17,46.57,78.63,1.0,-1.0,-1.0,-1.0
7,6,357.19,315.64,53.19,85.48,1.0,-1.0,-1.0,-1.0
8,1,321.58,370.54,57.01,99.21,0.99,-1.0,-1.0,-1.0
8,2,801.62,353.62,42.88,133.77,1.0,-1.0,-1.0,-1.0
8,3,988.15,377.99,46.76,151.61,1.0,-1.0,-1.0,-1.0
8,4,217.71,385.32,82.39,103.64,1.0,-1.0,-1.0,-1.0
8,5,394.77,323.3,47.57,78.34,1.0,-1.0,-1.0,-1.0
8,6,357.5,317.35,56.7,83.98,1.0,-1.0,-1.0,-1.0
9,1,322.5,369.75,57.64,100.03,0.99,-1.0,-1.0,-1.0
9,2,800.76,353.51,43.59,133.86,1.0,-1.0,-1.0,-1.0
9,3,988.78,378.04,45.54,151.88,1.0,-1.0,-1.0,-1.0
9,4,214.01,384.59,85.56,105.65,1.0,-1.0,-1.0,-1.0
9,5,397.42,324.41,47.92,76.7,0.99,-1.0,-1.0,-1.0
9,6,358.39,317.36,61.13,84.33,1.0,-1.0,-1.0,-1.0
10,1,323.14,368.81,58.15,100.97,0.99,-1.0,-1.0,-1.0
10,2,800.11,353.62,44.47,133.46,1.0,-1.0,-1.0,-1.0
10,3,988.38,378.07,45.09,151.71,1.0,-1.0,-1.0,-1.0
10,4,211.85,383.03,84.92,107.63,1.0,-1.0,-1.0,-1.0
10,5,398.72,324.79,47.72,77.05,0.99,-1.0,-1.0,-1.0
10,6,360.53,318.23,60.36,81.76,0.99,-1.0,-1.0,-1.0
11,1,323.8,367.1,58.31,100.85,0.99,-1.0,-1.0,-1.0
11,2,799.94,353.96,47.19,132.98,1.0,-1.0,-1.0,-1.0
11,3,989.47,378.06,43.71,151.63,1.0,-1.0,-1.0,-1.0
11,4,211.41,380.32,76.7,110.45,0.99,-1.0,-1.0,-1.0
11,5,401.08,324.77,47.01,76.87,1.0,-1.0,-1.0,-1.0
11,6,368.41,320.39,53.53,75.89,0.99,-1.0,-1.0,-1.0
12,1,323.77,365.87,58.94,100.83,0.99,-1.0,-1.0,-1.0
12,2,799.84,354.4,49.38,132.52,1.0,-1.0,-1.0,-1.0
12,3,989.25,378.07,43.22,151.62,1.0,-1.0,-1.0,-1.0
12,4,210.1,377.51,71.5,113.6,1.0,-1.0,-1.0,-1.0
12,5,402.57,324.76,46.72,72.6,0.99,-1.0,-1.0,-1.0
12,6,372.03,321.33,51.44,75.64,0.99,-1.0,-1.0,-1.0
13,1,324.77,363.3,57.68,102.32,0.99,-1.0,-1.0,-1.0
13,2,799.54,354.7,52.55,132.21,1.0,-1.0,-1.0,-1.0
13,3,989.17,378.21,43.06,151.48,1.0,-1.0,-1.0,-1.0
13,4,206.81,373.46,59.83,117.14,1.0,-1.0,-1.0,-1.0
13,5,403.97,324.87,48.69,68.55,0.99,-1.0,-1.0,-1.0
13,6,377.18,322.68,48.25,73.45,0.99,-1.0,-1.0,-1.0
14,1,324.96,361.34,57.17,102.13,0.99,-1.0,-1.0,-1.0
14,2,799.7,354.52,55.49,132.09,1.0,-1.0,-1.0,-1.0
14,3,989.12,378.57,43.02,151.43,1.0,-1.0,-1.0,-1.0
14,4,204.32,370.63,55.14,118.91,0.99,-1.0,-1.0,-1.0
14,5,405.17,325.87,50.88,69.93,0.99,-1.0,-1.0,-1.0
14,6,371.87,322.57,54.26,73.93,0.99,-1.0,-1.0,-1.0
15,1,325.3,360.35,58.16,101.45,1.0,-1.0,-1.0,-1.0
15,2,799.49,354.31,57.21,131.9,0.99,-1.0,-1.0,-1.0
15,3,989.11,378.84,43.03,150.96,1.0,-1.0,-1.0,-1.0
15,4,199.89,369.0,53.05,118.96,1.0,-1.0,-1.0,-1.0
15,5,407.91,328.19,53.89,67.71,0.98,-1.0,-1.0,-1.0
15,6,368.46,322.98,56.1,74.74,1.0,-1.0,-1.0,-1.0
16,1,325.42,359.88,58.82,101.34,1.0,-1.0,-1.0,-1.0
16,2,799.42,354.38,57.28,131.69,0.99,-1.0,-1.0,-1.0
16,3,988.5,378.95,43.05,151.09,1.0,-1.0,-1.0,-1.0
16,4,196.69,368.73,53.21,118.64,1.0,-1.0,-1.0,-1.0
16,5,408.94,329.37,55.61,66.62,0.99,-1.0,-1.0,-1.0
16,6,365.98,327.94,58.51,69.66,0.99,-1.0,-1.0,-1.0
17,1,325.56,360.51,58.18,99.81,1.0,-1.0,-1.0,-1.0
17,2,799.4,353.97,55.53,130.27,1.0,-1.0,-1.0,-1.0
17,3,987.67,378.98,44.28,151.15,1.0,-1.0,-1.0,-1.0
17,4,188.89,370.92,56.98,118.62,1.0,-1.0,-1.0,-1.0
17,5,409.55,329.95,55.98,67.18,1.0,-1.0,-1.0,-1.0
17,6,360.63,325.48,63.44,71.8,0.99,-1.0,-1.0,-1.0
18,1,325.49,361.37,57.91,98.62,1.0,-1.0,-1.0,-1.0
18,2,799.42,353.81,53.61,129.73,0.99,-1.0,-1.0,-1.0
18,3,987.36,378.84,44.73,151.31,1.0,-1.0,-1.0,-1.0
18,4,184.55,372.94,56.71,118.28,1.0,-1.0,-1.0,-1.0
18,5,409.48,329.99,56.36,67.11,0.99,-1.0,-1.0,-1.0
18,6,356.45,324.16,64.2,72.85,0.99,-1.0,-1.0,-1.0
19,1,325.7,363.66,57.79,96.39,0.99,-1.0,-1.0,-1.0
19,2,799.12,353.46,52.25,128.95,0.99,-1.0,-1.0,-1.0
19,3,986.64,378.79,44.91,151.38,1.0,-1.0,-1.0,-1.0
19,4,178.17,375.51,57.57,116.35,1.0,-1.0,-1.0,-1.0
19,5,408.05,328.61,56.33,68.94,1.0,-1.0,-1.0,-1.0
19,6,349.51,324.24,60.1,70.89,0.97,-1.0,-1.0,-1.0
20,1,326.0,366.01,57.14,94.05,0.99,-1.0,-1.0,-1.0
20,2,798.75,352.71,51.12,129.26,0.99,-1.0,-1.0,-1.0
20,3,985.2,378.91,44.97,150.95,1.0,-1.0,-1.0,-1.0
20,4,174.9,376.75,56.76,114.68,1.0,-1.0,-1.0,-1.0
20,5,404.89,326.13,56.57,71.11,0.99,-1.0,-1.0,-1.0
20,6,343.55,324.21,58.61,72.6,0.99,-1.0,-1.0,-1.0
21,1,325.0,368.83,58.08,91.55,0.99,-1.0,-1.0,-1.0
21,2,797.7,352.43,50.08,129.1,1.0,-1.0,-1.0,-1.0
21,3,984.05,379.39,44.99,150.65,1.0,-1.0,-1.0,-1.0
21,4,173.36,376.88,55.84,113.45,1.0,-1.0,-1.0,-1.0
21,5,402.28,324.43,52.24,72.54,0.99,-1.0,-1.0,-1.0
21,6,338.21,323.87,58.91,71.45,0.99,-1.0,-1.0,-1.0
22,1,324.38,370.0,58.72,90.81,0.99,-1.0,-1.0,-1.0
22,2,796.75,352.32,49.69,128.74,1.0,-1.0,-1.0,-1.0
22,3,982.46,379.56,46.18,150.53,0.99,-1.0,-1.0,-1.0
22,4,172.81,376.32,55.34,113.28,1.0,-1.0,-1.0,-1.0
22,5,400.98,323.62,47.44,73.38,0.99,-1.0,-1.0,-1.0
22,6,336.61,322.97,56.62,70.13,0.99,-1.0,-1.0,-1.0
23,1,321.59,368.56,61.02,92.09,1.0,-1.0,-1.0,-1.0
23,2,794.88,352.27,50.14,128.62,1.0,-1.0,-1.0,-1.0
23,3,981.26,379.02,46.62,151.09,0.99,-1.0,-1.0,-1.0
23,4,172.04,374.27,54.4,113.51,0.99,-1.0,-1.0,-1.0
23,5,397.82,325.65,47.52,71.93,0.99,-1.0,-1.0,-1.0
23,6,329.01,323.79,57.78,76.31,0.99,-1.0,-1.0,-1.0
24,1,319.89,367.15,63.05,93.77,1.0,-1.0,-1.0,-1.0
24,2,793.66,352.57,50.9,128.28,1.0,-1.0,-1.0,-1.0
24,3,979.09,379.26,46.79,150.55,0.99,-1.0,-1.0,-1.0
24,4,171.84,373.09,63.25,112.84,1.0,-1.0,-1.0,-1.0
24,5,396.35,327.07,50.28,71.07,0.99,-1.0,-1.0,-1.0
24,6,330.18,325.86,52.0,78.22,1.0,-1.0,-1.0,-1.0
25,1,318.07,363.93,62.35,96.2,1.0,-1.0,-1.0,-1.0
25,2,792.01,352.69,52.37,128.16,1.0,-1.0,-1.0,-1.0
25,3,974.71,379.06,50.39,150.34,0.99,-1.0,-1.0,-1.0
25,4,172.42,370.69,66.66,113.04,0.99,-1.0,-1.0,-1.0
25,5,389.5,331.03,58.93,74.03,1.0,-1.0,-1.0,-1.0
25,6,330.7,328.56,49.96,78.1,1.0,-1.0,-1.0,-1.0
26,1,317.22,361.42,60.59,98.31,1.0,-1.0,-1.0,-1.0
26,2,791.13,353.49,52.93,127.08,0.99,-1.0,-1.0,-1.0
26,3,971.39,379.13,52.88,150.12,0.99,-1.0,-1.0,-1.0
26,4,174.3,371.05,64.1,109.54,1.0,-1.0,-1.0,-1.0
26,5,386.79,332.52,61.89,75.41,1.0,-1.0,-1.0,-1.0
26,6,330.17,330.23,49.86,77.44,0.99,-1.0,-1.0,-1.0
27,1,311.87,357.74,61.36,99.41,0.99,-1.0,-1.0,-1.0
27,2,790.22,354.81,53.71,125.63,1.0,-1.0,-1.0,-1.0
27,3,966.62,378.84,56.13,150.92,1.0,-1.0,-1.0,-1.0
27,4,178.81,373.08,58.82,103.84,1.0,-1.0,-1.0,-1.0
27,5,383.46,334.17,59.93,75.94,0.99,-1.0,-1.0,-1.0
27,6,316.15,331.06,63.44,76.88,0.99,-1.0,-1.0,-1.0
28,1,310.03,355.68,60.48,99.83,0.99,-1.0,-1.0,-1.0
28,3,963.69,378.58,58.55,151.69,1.0,-1.0,-1.0,-1.0
28,4,180.23,375.16,58.98,100.22,1.0,-1.0,-1.0,-1.0
28,5,381.85,336.61,53.77,74.07,0.99,-1.0,-1.0,-1.0
28,6,314.86,331.4,64.33,77.56,0.7,-1.0,-1.0,-1.0
28,11,317.92,331.87,37.35,76.05,0.93,-1.0,-1.0,-1.0
29,1,310.59,352.25,52.08,101.15,0.99,-1.0,-1.0,-1.0
29,2,788.52,354.3,51.52,123.92,1.0,-1.0,-1.0,-1.0
29,3,960.25,378.18,60.62,152.26,1.0,-1.0,-1.0,-1.0
29,4,181.25,377.26,60.51,97.57,1.0,-1.0,-1.0,-1.0
29,5,377.54,338.09,49.46,73.33,0.99,-1.0,-1.0,-1.0
29,6,304.4,330.31,52.52,77.8,0.97,-1.0,-1.0,-1.0
30,1,310.45,351.14,49.41,99.88,0.99,-1.0,-1.0,-1.0
30,2,787.28,353.47,49.58,122.56,1.0,-1.0,-1.0,-1.0
30,3,958.43,377.59,61.4,152.63,1.0,-1.0,-1.0,-1.0
30,4,181.82,377.87,63.88,96.21,1.0,-1.0,-1.0,-1.0
30,5,374.7,338.02,46.98,73.65,0.99,-1.0,-1.0,-1.0
30,6,296.9,329.28,48.91,79.67,0.99,-1.0,-1.0,-1.0
31,1,310.64,351.08,49.48,99.38,0.99,-1.0,-1.0,-1.0
31,2,783.77,352.72,51.29,120.44,1.0,-1.0,-1.0,-1.0
31,3,956.58,377.53,61.68,152.63,1.0,-1.0,-1.0,-1.0
31,4,181.79,375.66,71.1,97.62,0.99,-1.0,-1.0,-1.0
31,5,371.66,336.64,43.65,75.25,0.99,-1.0,-1.0,-1.0
31,6,287.58,328.45,51.43,79.49,0.98,-1.0,-1.0,-1.0
32,1,308.98,351.12,51.36,99.18,0.99,-1.0,-1.0,-1.0
32,2,782.57,353.5,52.49,118.61,1.0,-1.0,-1.0,-1.0
32,3,955.39,377.22,62.9,152.91,1.0,-1.0,-1.0,-1.0
32,4,182.38,373.66,76.19,99.37,1.0,-1.0,-1.0,-1.0
32,5,369.98,335.67,41.84,75.85,1.0,-1.0,-1.0,-1.0
32,6,286.1,328.13,50.22,79.4,0.99,-1.0,-1.0,-1.0
33,1,310.56,354.64,49.68,95.53,0.99,-1.0,-1.0,-1.0
33,2,775.34,355.48,61.79,114.81,1.0,-1.0,-1.0,-1.0
33,3,953.8,376.09,62.2,152.87,1.0,-1.0,-1.0,-1.0
33,4,189.76,372.08,76.39,98.86,0.99,-1.0,-1.0,-1.0
33,5,367.38,334.73,40.63,76.37,0.99,-1.0,-1.0,-1.0
33,6,279.4,328.65,54.58,82.32,1.0,-1.0,-1.0,-1.0
34,1,312.38,356.76,49.66,93.23,0.99,-1.0,-1.0,-1.0
34,2,769.66,357.56,67.99,112.06,1.0,-1.0,-1.0,-1.0
34,3,953.88,375.94,57.18,150.76,0.99,-1.0,-1.0,-1.0
34,4,198.7,371.31,73.06,97.35,1.0,-1.0,-1.0,-1.0
34,5,366.02,334.63,39.62,76.84,1.0,-1.0,-1.0,-1.0
34,6,276.66,329.4,56.72,82.52,1.0,-1.0,-1.0,-1.0
35,1,314.34,356.48,51.19,92.7,1.0,-1.0,-1.0,-1.0
35,2,763.13,359.06,75.01,110.97,1.0,-1.0,-1.0,-1.0
35,3,953.4,375.14,51.52,149.82,1.0,-1.0,-1.0,-1.0
35,4,219.36,371.16,63.6,97.28,0.99,-1.0,-1.0,-1.0
35,5,362.31,335.15,40.54,75.25,0.99,-1.0,-1.0,-1.0
35,6,274.54,331.58,59.88,80.52,1.0,-1.0,-1.0,-1.0
36,1,316.37,356.34,51.45,91.92,1.0,-1.0,-1.0,-1.0
36,2,760.02,357.75,78.37,112.13,0.99,-1.0,-1.0,-1.0
36,3,952.11,374.83,49.4,147.96,1.0,-1.0,-1.0,-1.0
36,4,232.71,371.07,56.73,97.27,0.99,-1.0,-1.0,-1.0
36,5,358.14,335.74,43.0,72.82,0.99,-1.0,-1.0,-1.0
36,6,275.12,332.5,58.77,78.53,1.0,-1.0,-1.0,-1.0
37,1,322.17,356.12,53.06,90.15,0.99,-1.0,-1.0,-1.0
37,2,758.54,355.3,75.74,114.55,0.99,-1.0,-1.0,-1.0
37,3,950.47,373.98,47.45,148.93,0.99,-1.0,-1.0,-1.0
37,4,239.72,368.79,61.55,97.45,0.99,-1.0,-1.0,-1.0
37,5,354.71,337.74,45.39,68.9,0.98,-1.0,-1.0,-1.0
37,6,279.23,332.36,51.79,75.38,0.99,-1.0,-1.0,-1.0
38,1,326.82,355.64,52.49,88.31,1.0,-1.0,-1.0,-1.0
38,2,757.21,353.36,72.8,115.94,0.99,-1.0,-1.0,-1.0
38,3,949.34,373.54,46.78,149.45,0.99,-1.0,-1.0,-1.0
38,4,245.47,366.05,63.71,99.78,0.99,-1.0,-1.0,-1.0
38,5,355.08,339.27,43.4,64.4,0.99,-1.0,-1.0,-1.0
38,6,283.92,331.42,46.2,74.2,0.99,-1.0,-1.0,-1.0
39,1,334.69,354.41,47.5,86.45,0.99,-1.0,-1.0,-1.0
39,2,748.85,349.8,63.36,116.63,0.99,-1.0,-1.0,-1.0
39,3,943.48,373.4,47.79,148.17,1.0,-1.0,-1.0,-1.0
39,4,255.62,365.05,68.67,92.38,1.0,-1.0,-1.0,-1.0
39,5,352.69,340.42,43.2,62.17,0.98,-1.0,-1.0,-1.0
39,6,289.5,328.65,40.14,80.42,0.99,-1.0,-1.0,-1.0
40,1,339.32,354.12,47.44,84.88,0.99,-1.0,-1.0,-1.0
40,2,742.68,346.98,56.47,120.48,0.99,-1.0,-1.0,-1.0
40,3,939.61,373.05,49.37,148.28,1.0,-1.0,-1.0,-1.0
40,4,271.5,364.72,60.17,90.12,0.99,-1.0,-1.0,-1.0
40,5,352.2,340.95,42.24,61.74,0.99,-1.0,-1.0,-1.0
40,6,282.67,326.2,47.46,85.85,1.0,-1.0,-1.0,-1.0
41,1,340.24,345.53,61.04,92.84,1.0,-1.0,-1.0,-1.0
41,2,740.32,348.86,51.52,118.7,1.0,-1.0,-1.0,-1.0
41,3,928.74,372.34,58.3,148.34,1.0,-1.0,-1.0,-1.0
41,4,297.21,365.22,45.06,89.36,0.98,-1.0,-1.0,-1.0
41,5,352.67,341.41,43.69,70.16,0.25,-1.0,-1.0,-1.0
41,6,287.57,323.07,45.3,86.24,1.0,-1.0,-1.0,-1.0
42,1,340.89,344.49,68.4,92.77,1.0,-1.0,-1.0,-1.0
42,2,737.16,347.4,52.35,120.82,0.99,-1.0,-1.0,-1.0
42,3,924.19,371.93,61.55,148.51,1.0,-1.0,-1.0,-1.0
42,4,308.37,364.81,46.93,89.12,0.99,-1.0,-1.0,-1.0
42,6,292.01,320.8,43.17,88.1,0.99,-1.0,-1.0,-1.0
42,8,735.06,315.52,38.43,65.94,0.96,-1.0,-1.0,-1.0
43,1,348.12,344.31,68.53,91.57,1.0,-1.0,-1.0,-1.0
43,2,730.59,349.08,57.52,119.71,0.99,-1.0,-1.0,-1.0
43,3,919.27,371.19,66.01,148.6,0.99,-1.0,-1.0,-1.0
43,4,316.3,361.38,58.48,92.69,1.0,-1.0,-1.0,-1.0
43,6,299.73,317.62,38.11,88.22,0.99,-1.0,-1.0,-1.0
43,5,356.02,338.35,41.19,66.42,0.72,-1.0,-1.0,-1.0
44,1,355.47,345.05,65.31,89.31,0.99,-1.0,-1.0,-1.0
44,2,725.1,349.91,62.3,118.52,1.0,-1.0,-1.0,-1.0
44,3,914.05,369.59,70.01,149.37,1.0,-1.0,-1.0,-1.0
44,4,321.24,359.85,63.55,94.02,0.99,-1.0,-1.0,-1.0
44,6,304.42,314.23,35.97,89.97,1.0,-1.0,-1.0,-1.0
44,5,357.85,336.13,42.49,67.65,0.82,-1.0,-1.0,-1.0
45,1,372.91,345.54,56.01,87.27,0.96,-1.0,-1.0,-1.0
45,2,715.25,347.27,68.79,121.66,0.99,-1.0,-1.0,-1.0
45,3,908.94,370.21,74.13,148.79,1.0,-1.0,-1.0,-1.0
45,4,329.86,358.58,70.51,94.84,0.99,-1.0,-1.0,-1.0
45,6,307.0,312.98,36.56,89.16,0.99,-1.0,-1.0,-1.0
45,5,361.22,335.25,45.6,73.13,0.97,-1.0,-1.0,-1.0
46,1,384.21,345.32,48.85,87.42,0.98,-1.0,-1.0,-1.0
46,2,710.07,346.45,69.62,121.79,0.99,-1.0,-1.0,-1.0
46,3,904.74,373.0,77.98,146.63,1.0,-1.0,-1.0,-1.0
46,4,350.68,365.1,55.33,87.46,0.97,-1.0,-1.0,-1.0
46,6,308.96,312.41,36.79,88.21,0.99,-1.0,-1.0,-1.0
46,5,364.27,334.65,46.46,78.32,0.98,-1.0,-1.0,-1.0
47,1,395.03,343.49,50.76,89.59,0.98,-1.0,-1.0,-1.0
47,2,705.87,342.76,59.49,115.47,0.99,-1.0,-1.0,-1.0
47,3,895.57,378.41,87.12,141.49,1.0,-1.0,-1.0,-1.0
47,4,374.45,362.97,40.88,90.44,0.98,-1.0,-1.0,-1.0
47,6,311.26,312.11,37.83,88.71,0.99,-1.0,-1.0,-1.0
47,5,365.31,334.43,49.14,80.06,0.98,-1.0,-1.0,-1.0
48,1,402.96,341.92,48.98,90.7,0.99,-1.0,-1.0,-1.0
48,2,702.11,341.35,57.04,114.84,0.99,-1.0,-1.0,-1.0
48,3,891.96,381.33,90.13,138.66,1.0,-1.0,-1.0,-1.0
48,4,384.58,362.06,40.64,91.48,0.97,-1.0,-1.0,-1.0
48,6,312.81,312.9,38.53,87.7,0.99,-1.0,-1.0,-1.0
48,5,366.01,334.91,52.45,84.48,0.99,-1.0,-1.0,-1.0
49,1,414.95,339.31,46.93,92.61,0.99,-1.0,-1.0,-1.0
49,2,697.26,339.68,49.51,120.32,0.98,-1.0,-1.0,-1.0
49,3,889.26,381.79,92.14,137.66,1.0,-1.0,-1.0,-1.0
49,4,392.52,358.19,49.67,95.45,0.99,-1.0,-1.0,-1.0
49,6,316.61,315.95,40.61,85.5,0.99,-1.0,-1.0,-1.0
49,5,367.56,336.27,55.17,74.43,0.98,-1.0,-1.0,-1.0
50,1,419.2,338.18,50.05,92.15,0.97,-1.0,-1.0,-1.0
50,2,693.57,340.25,44.14,116.76,0.99,-1.0,-1.0,-1.0
50,3,888.01,381.92,92.56,137.33,1.0,-1.0,-1.0,-1.0
50,4,397.54,353.81,62.17,99.29,0.99,-1.0,-1.0,-1.0
50,6,319.16,318.01,45.78,83.75,1.0,-1.0,-1.0,-1.0
50,5,371.17,337.12,55.07,70.12,0.98,-1.0,-1.0,-1.0
51,1,430.1,339.73,48.19,90.49,0.81,-1.0,-1.0,-1.0
51,2,686.78,339.19,41.75,115.96,0.99,-1.0,-1.0,-1.0
51,3,881.36,380.75,92.07,137.55,0.99,-1.0,-1.0,-1.0
51,4,407.08,349.68,70.21,96.69,0.96,-1.0,-1.0,-1.0
51,6,322.37,319.55,48.87,81.6,1.0,-1.0,-1.0,-1.0
51,5,371.58,337.73,55.86,67.37,1.0,-1.0,-1.0,-1.0
52,1,439.11,340.52,44.73,90.75,0.98,-1.0,-1.0,-1.0
52,2,682.48,339.87,41.02,115.37,0.99,-1.0,-1.0,-1.0
52,3,869.91,380.28,96.71,137.37,1.0,-1.0,-1.0,-1.0
52,6,325.59,320.59,49.54,80.5,1.0,-1.0,-1.0,-1.0
52,5,372.17,337.49,56.43,67.31,1.0,-1.0,-1.0,-1.0
53,1,447.95,340.84,44.08,91.74,0.93,-1.0,-1.0,-1.0
53,2,679.95,344.04,37.69,110.38,0.99,-1.0,-1.0,-1.0
53,3,847.08,381.29,105.01,136.14,0.98,-1.0,-1.0,-1.0
53,6,329.13,321.58,47.47,79.8,1.0,-1.0,-1.0,-1.0
53,5,373.7,337.55,57.49,66.69,0.99,-1.0,-1.0,-1.0
53,4,448.15,352.36,49.02,103.79,0.93,-1.0,-1.0,-1.0
54,1,455.67,339.94,43.88,93.29,0.99,-1.0,-1.0,-1.0
54,2,675.49,345.96,39.83,107.9,1.0,-1.0,-1.0,-1.0
54,3,831.99,381.79,99.53,135.56,1.0,-1.0,-1.0,-1.0
54,6,331.4,322.99,45.13,78.06,1.0,-1.0,-1.0,-1.0
54,5,374.37,336.51,59.04,67.69,0.99,-1.0,-1.0,-1.0
54,4,459.89,352.52,41.54,106.93,0.99,-1.0,-1.0,-1.0
55,1,459.13,336.09,54.15,98.3,0.98,-1.0,-1.0,-1.0
55,2,670.71,347.57,40.52,107.63,0.98,-1.0,-1.0,-1.0
55,3,821.12,380.62,99.95,137.02,0.99,-1.0,-1.0,-1.0
55,6,334.72,324.72,42.13,76.21,1.0,-1.0,-1.0,-1.0
55,5,382.73,335.83,55.85,69.27,0.99,-1.0,-1.0,-1.0
55,4,471.13,351.88,52.08,105.62,0.98,-1.0,-1.0,-1.0
56,1,461.42,334.79,60.47,100.19,0.99,-1.0,-1.0,-1.0
56,2,661.55,347.85,46.89,107.27,1.0,-1.0,-1.0,-1.0
56,3,811.94,379.12,104.14,138.63,1.0,-1.0,-1.0,-1.0
56,6,336.29,325.48,40.69,75.26,1.0,-1.0,-1.0,-1.0
56,5,388.7,335.28,52.72,70.16,1.0,-1.0,-1.0,-1.0
56,4,475.33,351.07,61.14,104.77,0.98,-1.0,-1.0,-1.0
57,1,468.76,333.43,66.46,97.69,0.96,-1.0,-1.0,-1.0
57,2,654.8,347.19,49.73,110.18,1.0,-1.0,-1.0,-1.0
57,3,802.25,377.81,106.27,139.12,1.0,-1.0,-1.0,-1.0
57,6,336.6,326.18,40.48,74.64,1.0,-1.0,-1.0,-1.0
57,5,384.95,335.65,58.79,69.92,1.0,-1.0,-1.0,-1.0
57,4,491.19,352.99,65.97,101.17,0.98,-1.0,-1.0,-1.0
58,1,485.79,333.69,55.52,87.46,0.95,-1.0,-1.0,-1.0
58,2,652.0,347.38,50.31,110.68,0.99,-1.0,-1.0,-1.0
58,3,795.81,377.46,102.97,137.97,1.0,-1.0,-1.0,-1.0
58,6,336.65,326.42,40.41,74.44,1.0,-1.0,-1.0,-1.0
58,5,388.81,336.39,55.77,68.63,0.99,-1.0,-1.0,-1.0
58,4,504.97,355.1,61.17,97.98,0.97,-1.0,-1.0,-1.0
59,1,500.51,332.92,53.51,92.44,0.97,-1.0,-1.0,-1.0
59,2,649.09,345.05,49.93,113.57,1.0,-1.0,-1.0,-1.0
59,3,790.12,378.06,89.15,137.7,1.0,-1.0,-1.0,-1.0
59,6,336.58,325.87,40.4,74.99,1.0,-1.0,-1.0,-1.0
59,5,384.49,335.61,60.13,69.94,0.99,-1.0,-1.0,-1.0
59,4,519.63,355.45,53.07,97.39,0.98,-1.0,-1.0,-1.0
60,1,509.38,332.37,52.81,93.53,0.99,-1.0,-1.0,-1.0
60,2,646.7,344.48,49.77,114.66,1.0,-1.0,-1.0,-1.0
60,3,786.97,380.08,80.45,135.82,1.0,-1.0,-1.0,-1.0
60,6,336.5,325.05,40.4,75.82,1.0,-1.0,-1.0,-1.0
60,5,383.8,335.63,60.84,70.13,1.0,-1.0,-1.0,-1.0
60,4,525.91,355.73,56.79,97.18,0.98,-1.0,-1.0,-1.0
61,1,517.45,331.89,54.34,92.76,0.99,-1.0,-1.0,-1.0
61,2,642.12,343.22,52.06,115.08,1.0,-1.0,-1.0,-1.0
61,3,775.2,383.24,71.79,133.93,0.99,-1.0,-1.0,-1.0
61,6,336.38,323.68,40.41,77.64,1.0,-1.0,-1.0,-1.0
61,5,390.31,335.48,54.67,70.5,1.0,-1.0,-1.0,-1.0
61,4,531.13,357.48,69.73,94.72,0.99,-1.0,-1.0,-1.0
62,1,523.82,331.76,54.89,90.67,0.99,-1.0,-1.0,-1.0
62,2,641.1,342.18,51.17,116.11,0.99,-1.0,-1.0,-1.0
62,3,765.46,385.62,70.11,133.23,1.0,-1.0,-1.0,-1.0
62,6,336.19,322.74,40.42,78.92,1.0,-1.0,-1.0,-1.0
62,5,391.69,335.0,53.04,70.63,0.99,-1.0,-1.0,-1.0
62,4,543.2,358.31,66.87,91.39,0.99,-1.0,-1.0,-1.0
63,1,539.16,333.54,48.6,94.68,0.99,-1.0,-1.0,-1.0
63,2,641.48,340.74,50.2,117.1,0.99,-1.0,-1.0,-1.0
63,3,753.96,389.47,65.23,131.21,0.99,-1.0,-1.0,-1.0
63,6,335.41,320.88,41.03,80.6,1.0,-1.0,-1.0,-1.0
63,5,391.33,334.36,53.07,70.68,1.0,-1.0,-1.0,-1.0
63,4,557.75,359.81,56.05,88.36,0.99,-1.0,-1.0,-1.0
64,1,548.96,333.92,50.4,98.2,0.99,-1.0,-1.0,-1.0
64,2,635.0,340.67,54.57,117.16,1.0,-1.0,-1.0,-1.0
64,3,748.48,392.54,61.69,129.12,0.99,-1.0,-1.0,-1.0
64,6,334.55,319.46,41.85,81.82,1.0,-1.0,-1.0,-1.0
64,5,390.76,334.0,53.68,71.29,1.0,-1.0,-1.0,-1.0
64,4,566.02,361.29,62.21,94.91,0.99,-1.0,-1.0,-1.0
65,1,559.08,336.55,43.28,96.63,0.98,-1.0,-1.0,-1.0
65,2,628.01,341.09,60.76,113.92,0.99,-1.0,-1.0,-1.0
65,3,741.57,392.27,60.6,129.13,1.0,-1.0,-1.0,-1.0
65,6,334.0,318.02,41.57,83.16,1.0,-1.0,-1.0,-1.0
65,5,389.12,331.48,54.5,74.18,1.0,-1.0,-1.0,-1.0
65,4,579.73,361.79,53.25,97.24,0.99,-1.0,-1.0,-1.0
66,1,565.74,338.94,44.89,94.78,0.99,-1.0,-1.0,-1.0
66,2,623.99,341.88,65.41,114.45,0.99,-1.0,-1.0,-1.0
66,3,733.61,389.74,64.7,131.86,1.0,-1.0,-1.0,-1.0
66,6,333.69,317.5,41.16,83.66,1.0,-1.0,-1.0,-1.0
66,5,388.4,330.12,54.52,75.84,1.0,-1.0,-1.0,-1.0
66,4,587.44,361.38,46.83,98.73,0.99,-1.0,-1.0,-1.0
67,1,569.12,338.08,53.25,95.26,0.99,-1.0,-1.0,-1.0
67,2,619.36,345.92,67.28,107.82,1.0,-1.0,-1.0,-1.0
67,3,727.92,385.82,66.14,131.12,1.0,-1.0,-1.0,-1.0
67,6,333.2,315.73,38.93,85.31,1.0,-1.0,-1.0,-1.0
67,5,387.9,329.63,54.81,76.47,1.0,-1.0,-1.0,-1.0
67,4,596.16,359.46,42.71,101.07,0.99,-1.0,-1.0,-1.0
68,1,573.05,337.73,55.1,94.84,0.78,-1.0,-1.0,-1.0
68,2,617.69,348.52,67.98,104.36,1.0,-1.0,-1.0,-1.0
68,3,725.55,383.52,64.34,121.15,1.0,-1.0,-1.0,-1.0
68,6,333.2,314.89,38.07,85.92,1.0,-1.0,-1.0,-1.0
68,5,387.9,329.73,54.92,76.39,1.0,-1.0,-1.0,-1.0
68,4,583.89,358.55,57.38,102.24,0.99,-1.0,-1.0,-1.0
69,2,617.47,351.11,67.62,100.39,1.0,-1.0,-1.0,-1.0
69,3,723.54,380.0,63.1,119.36,0.99,-1.0,-1.0,-1.0
69,6,333.02,313.86,38.99,87.01,1.0,-1.0,-1.0,-1.0
69,5,388.02,330.67,54.95,75.46,1.0,-1.0,-1.0,-1.0
69,4,589.17,350.98,54.7,109.43,0.99,-1.0,-1.0,-1.0
70,2,619.31,351.88,65.68,99.0,1.0,-1.0,-1.0,-1.0
70,3,722.5,376.94,62.69,120.3,0.99,-1.0,-1.0,-1.0
70,6,332.68,313.03,40.22,88.0,1.0,-1.0,-1.0,-1.0
70,8,734.81,315.92,37.88,60.22,0.93,-1.0,-1.0,-1.0
70,5,388.08,331.48,55.26,75.08,1.0,-1.0,-1.0,-1.0
70,4,597.92,346.11,47.95,113.85,0.98,-1.0,-1.0,-1.0
71,2,617.24,350.61,68.99,100.37,1.0,-1.0,-1.0,-1.0
71,3,721.73,370.14,63.18,124.89,0.99,-1.0,-1.0,-1.0
71,6,332.54,312.59,43.93,88.35,1.0,-1.0,-1.0,-1.0
71,8,734.87,315.89,37.83,59.8,0.96,-1.0,-1.0,-1.0
71,5,387.49,332.39,55.96,74.33,1.0,-1.0,-1.0,-1.0
71,4,606.07,346.81,40.88,110.95,0.98,-1.0,-1.0,-1.0
72,2,618.25,348.62,69.64,100.91,0.99,-1.0,-1.0,-1.0
72,3,720.44,362.92,65.8,130.46,0.99,-1.0,-1.0,-1.0
72,6,332.35,312.45,46.76,88.47,1.0,-1.0,-1.0,-1.0
72,8,734.9,315.72,37.81,59.62,0.96,-1.0,-1.0,-1.0
72,5,388.31,332.45,55.34,74.34,1.0,-1.0,-1.0,-1.0
72,4,609.44,345.96,44.86,110.0,0.99,-1.0,-1.0,-1.0
73,2,619.98,347.56,74.49,98.75,0.98,-1.0,-1.0,-1.0
73,3,720.11,356.72,74.45,125.56,0.99,-1.0,-1.0,-1.0
73,6,332.59,311.99,47.88,89.07,1.0,-1.0,-1.0,-1.0
73,5,390.42,332.48,53.6,74.33,1.0,-1.0,-1.0,-1.0
73,4,611.32,345.39,50.22,109.6,0.99,-1.0,-1.0,-1.0
74,2,628.35,346.57,75.19,98.28,0.99,-1.0,-1.0,-1.0
74,3,721.96,355.78,72.01,120.47,1.0,-1.0,-1.0,-1.0
74,6,332.79,311.85,48.01,89.29,1.0,-1.0,-1.0,-1.0
74,8,734.91,315.51,37.8,59.84,0.97,-1.0,-1.0,-1.0
74,5,391.93,333.1,52.33,73.73,1.0,-1.0,-1.0,-1.0
74,4,613.04,344.04,55.7,110.0,0.99,-1.0,-1.0,-1.0
75,2,640.55,343.35,78.29,100.55,0.98,-1.0,-1.0,-1.0
75,3,732.83,355.56,65.61,117.38,0.99,-1.0,-1.0,-1.0
75,6,333.03,311.38,48.03,89.94,1.0,-1.0,-1.0,-1.0
75,5,393.39,333.94,51.27,72.9,1.0,-1.0,-1.0,-1.0
75,4,615.84,345.63,49.95,106.89,0.99,-1.0,-1.0,-1.0
76,2,651.03,338.0,76.01,105.58,0.98,-1.0,-1.0,-1.0
76,3,737.85,355.4,64.96,116.14,0.99,-1.0,-1.0,-1.0
76,6,332.81,311.21,48.31,90.17,1.0,-1.0,-1.0,-1.0
76,5,394.34,334.55,50.88,72.29,0.99,-1.0,-1.0,-1.0
76,4,619.2,346.87,46.14,105.65,0.99,-1.0,-1.0,-1.0
77,2,662.29,327.37,73.82,114.49,0.99,-1.0,-1.0,-1.0
77,3,739.64,353.76,69.54,115.88,0.99,-1.0,-1.0,-1.0
77,6,333.88,311.6,48.1,89.64,1.0,-1.0,-1.0,-1.0
77,5,396.76,332.37,48.35,73.86,1.0,-1.0,-1.0,-1.0
77,4,622.63,349.74,44.75,103.99,0.99,-1.0,-1.0,-1.0
77,1,637.11,334.72,45.45,89.75,0.86,-1.0,-1.0,-1.0
78,2,668.34,323.62,71.16,117.32,0.99,-1.0,-1.0,-1.0
78,3,741.47,352.63,70.05,116.13,0.99,-1.0,-1.0,-1.0
78,6,334.43,311.78,48.01,89.42,1.0,-1.0,-1.0,-1.0
78,5,399.01,330.39,46.19,75.62,1.0,-1.0,-1.0,-1.0
78,4,624.62,352.64,43.04,101.56,0.99,-1.0,-1.0,-1.0
78,1,640.42,333.93,54.35,85.67,0.77,-1.0,-1.0,-1.0
79,2,675.66,329.17,56.94,108.55,0.99,-1.0,-1.0,-1.0
79,3,750.51,352.14,63.75,108.02,0.99,-1.0,-1.0,-1.0
79,6,334.81,311.86,47.66,89.32,1.0,-1.0,-1.0,-1.0
79,5,401.95,328.76,43.9,77.17,0.99,-1.0,-1.0,-1.0
79,4,627.59,355.24,42.42,99.45,1.0,-1.0,-1.0,-1.0
79,1,646.41,330.01,53.67,87.77,0.99,-1.0,-1.0,-1.0
80,2,680.51,331.55,51.28,104.65,0.99,-1.0,-1.0,-1.0
80,3,758.07,350.99,57.56,105.92,1.0,-1.0,-1.0,-1.0
80,6,334.9,311.9,47.51,89.28,1.0,-1.0,-1.0,-1.0
80,5,403.54,327.4,42.8,78.93,0.99,-1.0,-1.0,-1.0
80,4,628.77,356.18,43.43,97.47,1.0,-1.0,-1.0,-1.0
80,1,648.92,325.94,54.55,90.9,0.99,-1.0,-1.0,-1.0
81,2,693.54,330.95,43.1,105.04,0.98,-1.0,-1.0,-1.0
81,3,763.59,348.34,52.86,106.14,1.0,-1.0,-1.0,-1.0
81,6,334.63,311.78,47.73,89.54,1.0,-1.0,-1.0,-1.0
81,5,404.36,327.34,43.69,78.71,1.0,-1.0,-1.0,-1.0
81,4,629.09,356.81,50.98,92.83,1.0,-1.0,-1.0,-1.0
81,1,653.48,323.84,54.88,91.79,0.99,-1.0,-1.0,-1.0
82,2,699.69,330.94,39.81,104.88,0.99,-1.0,-1.0,-1.0
82,3,764.79,347.61,53.83,105.38,1.0,-1.0,-1.0,-1.0
82,6,334.65,312.07,47.52,89.34,1.0,-1.0,-1.0,-1.0
82,5,404.3,325.6,45.53,79.79,1.0,-1.0,-1.0,-1.0
82,4,630.08,357.35,57.08,94.83,1.0,-1.0,-1.0,-1.0
82,1,658.2,325.19,50.85,90.06,0.99,-1.0,-1.0,-1.0
83,2,706.67,331.3,40.23,103.64,0.99,-1.0,-1.0,-1.0
83,3,761.22,347.44,64.55,103.65,1.0,-1.0,-1.0,-1.0
83,6,334.52,312.97,47.72,88.66,1.0,-1.0,-1.0,-1.0
83,5,403.96,326.75,47.13,79.0,0.99,-1.0,-1.0,-1.0
83,4,629.29,359.65,62.37,93.46,1.0,-1.0,-1.0,-1.0
83,1,665.14,329.83,46.21,84.59,0.99,-1.0,-1.0,-1.0
84,2,710.32,333.54,41.05,100.48,0.99,-1.0,-1.0,-1.0
84,3,761.94,347.58,66.01,101.55,0.99,-1.0,-1.0,-1.0
84,6,334.71,316.55,47.49,85.41,1.0,-1.0,-1.0,-1.0
84,5,404.04,327.34,47.74,78.38,0.99,-1.0,-1.0,-1.0
84,4,628.81,362.13,63.95,91.47,1.0,-1.0,-1.0,-1.0
84,1,666.34,332.22,47.65,81.93,0.99,-1.0,-1.0,-1.0
85,2,716.05,331.4,38.92,101.72,0.99,-1.0,-1.0,-1.0
85,3,769.46,352.39,62.53,93.56,0.99,-1.0,-1.0,-1.0
85,6,333.74,319.27,47.99,82.97,1.0,-1.0,-1.0,-1.0
85,5,404.63,328.31,47.69,78.13,0.99,-1.0,-1.0,-1.0
85,4,627.62,363.47,65.66,90.47,1.0,-1.0,-1.0,-1.0
85,1,667.91,334.61,46.94,79.17,0.99,-1.0,-1.0,-1.0
86,2,718.1,329.85,38.89,102.19,0.99,-1.0,-1.0,-1.0
86,3,772.37,355.64,60.49,88.81,1.0,-1.0,-1.0,-1.0
86,6,333.35,319.76,48.17,82.69,1.0,-1.0,-1.0,-1.0
86,5,405.1,328.8,47.38,77.73,0.99,-1.0,-1.0,-1.0
86,4,625.34,363.58,68.0,90.74,0.99,-1.0,-1.0,-1.0
86,1,668.51,335.6,46.09,77.9,0.99,-1.0,-1.0,-1.0
87,2,722.05,327.19,38.3,103.57,1.0,-1.0,-1.0,-1.0
87,3,772.78,354.59,60.34,89.13,1.0,-1.0,-1.0,-1.0
87,6,331.57,317.04,49.11,85.61,1.0,-1.0,-1.0,-1.0
87,5,393.17,331.35,59.17,76.68,1.0,-1.0,-1.0,-1.0
87,4,622.09,363.12,72.86,93.28,0.99,-1.0,-1.0,-1.0
87,1,669.42,332.27,45.79,80.84,0.99,-1.0,-1.0,-1.0
88,2,725.12,325.94,37.54,104.39,0.99,-1.0,-1.0,-1.0
88,3,772.58,353.63,60.29,89.61,1.0,-1.0,-1.0,-1.0
88,6,329.87,314.14,49.47,88.47,0.99,-1.0,-1.0,-1.0
88,5,388.86,332.5,63.6,76.57,0.99,-1.0,-1.0,-1.0
88,4,621.34,362.8,72.49,93.65,1.0,-1.0,-1.0,-1.0
88,1,669.29,330.64,44.5,82.52,0.99,-1.0,-1.0,-1.0
89,2,728.18,325.22,42.27,104.11,0.99,-1.0,-1.0,-1.0
89,3,768.57,351.63,64.45,91.39,1.0,-1.0,-1.0,-1.0
89,6,330.13,312.89,49.88,89.56,1.0,-1.0,-1.0,-1.0
89,5,396.55,333.08,55.94,76.53,0.99,-1.0,-1.0,-1.0
89,4,610.02,363.55,71.08,97.67,0.99,-1.0,-1.0,-1.0
89,1,669.36,330.49,40.99,84.07,0.99,-1.0,-1.0,-1.0
90,2,729.85,329.01,45.05,100.14,0.99,-1.0,-1.0,-1.0
90,3,766.78,350.31,64.82,92.4,1.0,-1.0,-1.0,-1.0
90,6,332.14,312.13,47.68,89.97,1.0,-1.0,-1.0,-1.0
90,5,399.96,333.44,52.48,75.92,1.0,-1.0,-1.0,-1.0
90,4,599.67,364.26,68.71,98.74,0.99,-1.0,-1.0,-1.0
90,1,667.91,331.18,40.36,83.48,0.99,-1.0,-1.0,-1.0
91,2,732.09,331.26,48.48,97.72,0.99,-1.0,-1.0,-1.0
91,3,761.33,348.8,64.95,93.73,1.0,-1.0,-1.0,-1.0
91,6,333.56,312.0,45.6,90.41,0.99,-1.0,-1.0,-1.0
91,5,400.6,333.88,51.21,75.99,0.99,-1.0,-1.0,-1.0
91,4,583.26,363.34,77.77,100.91,0.99,-1.0,-1.0,-1.0
91,1,665.2,334.89,40.17,79.09,0.99,-1.0,-1.0,-1.0
92,2,732.58,332.69,52.11,96.25,0.99,-1.0,-1.0,-1.0
92,3,758.93,348.09,64.39,94.26,1.0,-1.0,-1.0,-1.0
92,6,336.21,312.24,42.4,91.45,0.99,-1.0,-1.0,-1.0
92,5,401.13,334.3,50.44,75.72,0.99,-1.0,-1.0,-1.0
92,4,575.35,362.5,82.19,103.34,0.99,-1.0,-1.0,-1.0
92,1,662.61,336.59,41.35,77.13,0.99,-1.0,-1.0,-1.0
93,2,731.52,333.05,53.54,96.33,0.99,-1.0,-1.0,-1.0
93,3,754.16,344.25,51.12,98.36,0.98,-1.0,-1.0,-1.0
93,6,337.34,314.1,41.24,91.53,0.99,-1.0,-1.0,-1.0
93,5,402.23,334.29,48.65,76.21,1.0,-1.0,-1.0,-1.0
93,4,568.2,362.45,83.37,103.67,0.99,-1.0,-1.0,-1.0
93,1,658.63,341.58,45.39,71.28,0.99,-1.0,-1.0,-1.0
94,2,730.37,332.44,54.09,96.39,0.99,-1.0,-1.0,-1.0
94,3,753.6,341.25,43.77,101.96,0.98,-1.0,-1.0,-1.0
94,6,336.64,316.76,41.76,90.07,0.99,-1.0,-1.0,-1.0
94,5,403.22,334.29,47.67,76.1,1.0,-1.0,-1.0,-1.0
94,4,564.26,362.72,63.07,104.36,0.99,-1.0,-1.0,-1.0
94,1,653.96,341.87,49.78,72.27,0.98,-1.0,-1.0,-1.0
95,2,728.37,328.62,51.95,99.73,1.0,-1.0,-1.0,-1.0
95,3,749.2,341.0,41.51,101.59,0.99,-1.0,-1.0,-1.0
95,6,336.1,318.06,42.57,89.2,1.0,-1.0,-1.0,-1.0
95,5,403.0,333.22,49.13,76.66,1.0,-1.0,-1.0,-1.0
95,4,554.0,365.01,54.02,103.87,0.99,-1.0,-1.0,-1.0
95,1,647.0,342.25,56.62,76.87,0.99,-1.0,-1.0,-1.0
96,2,726.55,326.48,49.3,101.57,0.99,-1.0,-1.0,-1.0
96,3,743.67,341.86,44.06,101.14,0.99,-1.0,-1.0,-1.0
96,6,336.3,318.69,42.59,88.57,1.0,-1.0,-1.0,-1.0
96,5,403.62,333.12,49.37,76.57,1.0,-1.0,-1.0,-1.0
96,4,552.16,367.07,46.66,103.07,0.99,-1.0,-1.0,-1.0
96,1,642.29,343.12,60.99,78.27,1.0,-1.0,-1.0,-1.0
97,2,721.88,326.13,49.48,100.81,0.99,-1.0,-1.0,-1.0
97,3,739.75,344.9,46.13,98.89,1.0,-1.0,-1.0,-1.0
97,6,337.02,318.18,42.6,88.92,1.0,-1.0,-1.0,-1.0
97,5,405.53,332.04,50.35,77.72,1.0,-1.0,-1.0,-1.0
97,4,539.65,369.62,50.88,106.3,0.99,-1.0,-1.0,-1.0
97,1,636.19,342.69,56.02,80.01,0.99,-1.0,-1.0,-1.0
98,2,717.16,327.07,51.32,99.02,1.0,-1.0,-1.0,-1.0
98,3,738.06,346.85,46.94,98.03,1.0,-1.0,-1.0,-1.0
98,6,337.25,317.98,43.52,89.06,1.0,-1.0,-1.0,-1.0
98,5,407.09,331.49,51.02,78.45,1.0,-1.0,-1.0,-1.0
98,4,533.0,371.3,54.54,109.69,0.99,-1.0,-1.0,-1.0
98,1,631.6,344.12,50.84,78.91,0.99,-1.0,-1.0,-1.0
99,2,707.2,329.24,61.37,96.25,0.99,-1.0,-1.0,-1.0
99,3,737.26,349.08,48.48,96.52,0.99,-1.0,-1.0,-1.0
99,6,337.66,317.59,46.83,89.1,1.0,-1.0,-1.0,-1.0
99,5,408.89,330.4,52.45,79.02,1.0,-1.0,-1.0,-1.0
99,4,526.27,373.22,52.98,110.24,1.0,-1.0,-1.0,-1.0
99,1,624.81,349.1,44.59,74.9,0.97,-1.0,-1.0,-1.0
100,2,701.02,332.15,66.75,93.42,0.99,-1.0,-1.0,-1.0
100,3,736.72,346.76,48.48,99.26,0.99,-1.0,-1.0,-1.0
100,6,338.07,317.26,49.51,89.42,0.99,-1.0,-1.0,-1.0
100,5,410.55,329.36,52.25,80.41,1.0,-1.0,-1.0,-1.0
100,4,520.32,373.61,52.37,110.72,1.0,-1.0,-1.0,-1.0
100,1,615.52,346.22,54.8,77.95,0.98,-1.0,-1.0,-1.0
101,2,699.02,333.4,65.62,91.78,0.99,-1.0,-1.0,-1.0
101,3,734.55,348.86,50.87,98.79,1.0,-1.0,-1.0,-1.0
101,6,338.85,316.7,50.55,90.12,1.0,-1.0,-1.0,-1.0
101,5,416.54,327.82,47.13,81.21,1.0,-1.0,-1.0,-1.0
101,4,511.44,372.55,50.34,111.74,0.99,-1.0,-1.0,-1.0
101,1,606.62,343.43,56.91,80.5,0.98,-1.0,-1.0,-1.0
102,2,697.34,333.84,65.05,90.61,1.0,-1.0,-1.0,-1.0
102,3,732.88,351.61,58.2,97.43,0.99,-1.0,-1.0,-1.0
102,6,339.53,316.77,50.37,89.8,0.99,-1.0,-1.0,-1.0
102,5,420.46,326.79,43.42,81.81,0.99,-1.0,-1.0,-1.0
102,4,508.09,372.12,46.54,112.11,1.0,-1.0,-1.0,-1.0
102,1,597.8,341.3,60.05,90.58,0.96,-1.0,-1.0,-1.0
103,2,696.5,335.36,58.95,88.39,1.0,-1.0,-1.0,-1.0
103,3,735.4,352.06,60.95,98.1,1.0,-1.0,-1.0,-1.0
103,6,343.1,316.82,47.05,89.37,1.0,-1.0,-1.0,-1.0
103,5,426.06,327.32,39.47,81.13,0.99,-1.0,-1.0,-1.0
103,4,506.06,372.52,42.05,112.2,0.99,-1.0,-1.0,-1.0
103,1,591.64,342.64,53.83,99.15,0.98,-1.0,-1.0,-1.0
104,2,695.28,336.98,57.67,87.62,1.0,-1.0,-1.0,-1.0
104,3,737.06,352.53,60.92,98.67,1.0,-1.0,-1.0,-1.0
104,6,347.09,317.3,42.71,87.72,0.99,-1.0,-1.0,-1.0
104,5,428.81,327.85,37.49,80.86,1.0,-1.0,-1.0,-1.0
104,4,502.11,373.11,41.17,112.07,1.0,-1.0,-1.0,-1.0
104,1,589.07,345.86,41.42,101.47,0.99,-1.0,-1.0,-1.0
105,2,694.33,337.68,54.2,92.21,1.0,-1.0,-1.0,-1.0
105,3,744.24,354.15,54.47,97.69,1.0,-1.0,-1.0,-1.0
105,6,355.1,319.84,34.6,82.89,0.99,-1.0,-1.0,-1.0
105,5,432.72,328.33,37.33,79.26,1.0,-1.0,-1.0,-1.0
105,4,493.82,375.65,44.03,110.21,0.98,-1.0,-1.0,-1.0
105,1,585.68,347.72,35.95,102.04,0.98,-1.0,-1.0,-1.0
106,2,695.21,337.49,51.04,94.78,1.0,-1.0,-1.0,-1.0
106,3,748.7,353.86,50.59,98.22,0.99,-1.0,-1.0,-1.0
106,6,358.69,320.49,32.0,82.01,0.99,-1.0,-1.0,-1.0
106,5,434.72,328.52,39.94,78.94,0.99,-1.0,-1.0,-1.0
106,4,492.45,377.18,41.45,109.18,0.98,-1.0,-1.0,-1.0
106,1,579.83,348.16,36.28,102.19,0.99,-1.0,-1.0,-1.0
107,2,695.3,335.31,56.03,100.19,1.0,-1.0,-1.0,-1.0
107,3,756.45,354.76,44.3,101.99,1.0,-1.0,-1.0,-1.0
107,6,367.84,315.4,28.97,85.93,0.99,-1.0,-1.0,-1.0
107,5,436.02,328.73,44.44,77.93,1.0,-1.0,-1.0,-1.0
107,4,488.98,376.21,41.11,109.38,1.0,-1.0,-1.0,-1.0
107,1,563.38,350.03,45.75,101.02,0.99,-1.0,-1.0,-1.0
108,2,695.57,334.33,57.17,102.54,1.0,-1.0,-1.0,-1.0
108,3,761.14,353.93,40.74,106.62,1.0,-1.0,-1.0,-1.0
108,6,371.2,316.51,30.34,84.72,0.98,-1.0,-1.0,-1.0
108,5,437.27,328.83,45.85,77.55,1.0,-1.0,-1.0,-1.0
108,4,488.16,375.69,39.19,109.0,0.99,-1.0,-1.0,-1.0
108,1,560.94,352.35,43.33,100.51,0.99,-1.0,-1.0,-1.0
109,2,697.21,333.48,55.25,103.44,1.0,-1.0,-1.0,-1.0
109,3,765.56,351.25,40.21,105.48,0.99,-1.0,-1.0,-1.0
109,6,373.67,316.18,34.79,84.56,0.99,-1.0,-1.0,-1.0
109,5,440.32,328.55,45.54,76.81,0.99,-1.0,-1.0,-1.0
109,4,486.91,374.25,37.29,102.6,0.99,-1.0,-1.0,-1.0
109,1,552.81,356.43,44.55,99.97,0.99,-1.0,-1.0,-1.0
110,2,700.28,333.03,51.48,104.34,1.0,-1.0,-1.0,-1.0
110,3,768.24,349.17,40.07,117.24,0.99,-1.0,-1.0,-1.0
110,6,375.26,315.05,36.94,85.7,0.99,-1.0,-1.0,-1.0
110,5,443.31,329.82,45.26,75.64,0.98,-1.0,-1.0,-1.0
110,4,483.23,373.39,37.92,100.74,0.99,-1.0,-1.0,-1.0
110,1,548.48,360.34,45.0,97.94,0.99,-1.0,-1.0,-1.0
111,2,701.15,332.99,51.27,106.13,0.99,-1.0,-1.0,-1.0
111,3,774.34,351.94,40.67,118.88,0.99,-1.0,-1.0,-1.0
111,6,376.61,314.02,36.35,85.24,0.99,-1.0,-1.0,-1.0
111,5,452.06,332.69,40.4,71.61,0.99,-1.0,-1.0,-1.0
111,4,476.26,371.39,42.41,100.25,1.0,-1.0,-1.0,-1.0
111,1,546.76,362.81,43.38,96.23,1.0,-1.0,-1.0,-1.0
112,2,701.76,333.12,51.21,107.95,0.99,-1.0,-1.0,-1.0
112,3,777.39,354.1,42.14,118.44,1.0,-1.0,-1.0,-1.0
112,6,376.68,313.65,36.42,84.78,0.99,-1.0,-1.0,-1.0
112,5,456.69,329.18,42.37,88.46,0.98,-1.0,-1.0,-1.0
112,4,470.31,369.15,46.32,101.3,0.99,-1.0,-1.0,-1.0
112,1,544.63,363.54,43.33,95.56,0.99,-1.0,-1.0,-1.0
113,2,701.69,334.94,52.39,109.5,1.0,-1.0,-1.0,-1.0
113,3,779.32,354.37,47.47,118.19,1.0,-1.0,-1.0,-1.0
113,6,379.0,313.07,35.25,85.2,0.99,-1.0,-1.0,-1.0
113,5,461.08,331.76,40.52,80.54,0.98,-1.0,-1.0,-1.0
113,4,465.8,366.54,49.02,102.6,0.99,-1.0,-1.0,-1.0
113,1,544.01,361.53,42.11,97.37,1.0,-1.0,-1.0,-1.0
114,2,701.95,337.52,52.24,108.6,1.0,-1.0,-1.0,-1.0
114,3,781.17,354.3,52.3,119.65,1.0,-1.0,-1.0,-1.0
114,6,382.31,313.61,31.5,84.77,0.99,-1.0,-1.0,-1.0
114,5,466.53,333.83,38.59,74.09,0.98,-1.0,-1.0,-1.0
114,4,463.88,364.81,51.81,98.79,0.99,-1.0,-1.0,-1.0
114,1,542.82,359.39,42.24,98.92,1.0,-1.0,-1.0,-1.0
115,2,702.65,339.09,49.8,107.32,1.0,-1.0,-1.0,-1.0
115,3,787.22,352.79,58.18,126.89,0.99,-1.0,-1.0,-1.0
115,6,384.96,316.64,31.02,82.52,0.99,-1.0,-1.0,-1.0
115,5,470.22,333.19,39.12,70.45,0.99,-1.0,-1.0,-1.0
115,4,463.84,363.87,55.75,96.29,0.99,-1.0,-1.0,-1.0
115,1,532.09,354.4,58.41,103.91,0.99,-1.0,-1.0,-1.0
116,2,702.92,339.39,48.88,107.09,1.0,-1.0,-1.0,-1.0
116,3,792.41,352.37,60.52,130.91,0.99,-1.0,-1.0,-1.0
116,6,386.9,318.88,31.49,80.78,0.99,-1.0,-1.0,-1.0
116,5,472.37,332.05,40.52,71.01,0.96,-1.0,-1.0,-1.0
116,4,463.65,362.97,57.85,95.7,0.99,-1.0,-1.0,-1.0
116,1,534.7,351.94,57.15,106.07,0.99,-1.0,-1.0,-1.0
117,2,704.22,336.65,44.92,109.95,1.0,-1.0,-1.0,-1.0
117,3,798.11,354.77,64.27,132.71,0.99,-1.0,-1.0,-1.0
117,6,389.03,319.22,32.57,80.15,0.99,-1.0,-1.0,-1.0
117,5,483.14,329.51,42.23,73.92,0.95,-1.0,-1.0,-1.0
117,4,464.01,359.02,59.8,100.79,0.98,-1.0,-1.0,-1.0
117,1,541.96,350.64,46.6,99.59,0.99,-1.0,-1.0,-1.0
118,2,705.63,334.61,43.47,111.59,0.99,-1.0,-1.0,-1.0
118,3,804.83,356.48,62.34,132.91,1.0,-1.0,-1.0,-1.0
118,6,390.49,318.16,32.98,80.84,0.99,-1.0,-1.0,-1.0
118,5,489.75,330.38,39.96,71.76,0.95,-1.0,-1.0,-1.0
118,4,463.98,356.31,57.11,102.81,0.98,-1.0,-1.0,-1.0
118,1,546.74,350.78,44.46,95.73,1.0,-1.0,-1.0,-1.0
119,2,708.88,333.36,39.9,111.9,0.99,-1.0,-1.0,-1.0
119,3,810.89,360.76,58.54,130.71,1.0,-1.0,-1.0,-1.0
119,6,393.49,316.54,31.95,77.52,0.98,-1.0,-1.0,-1.0
119,5,495.11,325.58,39.05,75.14,0.94,-1.0,-1.0,-1.0
119,4,464.46,354.69,58.31,100.05,0.97,-1.0,-1.0,-1.0
119,1,547.45,350.81,40.71,93.39,1.0,-1.0,-1.0,-1.0
120,2,710.01,333.22,38.68,111.99,1.0,-1.0,-1.0,-1.0
120,3,813.36,360.97,58.2,134.5,1.0,-1.0,-1.0,-1.0
120,6,395.98,315.96,29.76,74.16,0.99,-1.0,-1.0,-1.0
120,5,497.18,322.42,42.35,76.08,0.94,-1.0,-1.0,-1.0
120,4,469.6,351.79,54.68,91.79,0.99,-1.0,-1.0,-1.0
120,1,546.29,350.43,40.55,92.54,1.0,-1.0,-1.0,-1.0
121,2,710.37,333.16,38.3,111.69,0.99,-1.0,-1.0,-1.0
121,3,818.9,365.68,59.24,132.68,1.0,-1.0,-1.0,-1.0
121,6,398.64,314.52,28.03,71.13,0.99,-1.0,-1.0,-1.0
121,5,500.25,321.22,41.79,77.02,0.97,-1.0,-1.0,-1.0
121,4,472.41,349.53,57.38,88.68,1.0,-1.0,-1.0,-1.0
121,1,543.52,347.43,42.92,94.94,0.99,-1.0,-1.0,-1.0
122,2,710.78,333.0,38.21,111.55,0.99,-1.0,-1.0,-1.0
122,3,822.36,368.39,60.78,131.59,1.0,-1.0,-1.0,-1.0
122,6,400.4,313.69,27.44,72.54,0.98,-1.0,-1.0,-1.0
122,5,502.69,320.94,42.74,76.49,0.89,-1.0,-1.0,-1.0
122,4,478.96,346.95,54.28,89.46,0.99,-1.0,-1.0,-1.0
122,1,548.74,344.55,39.07,97.61,0.98,-1.0,-1.0,-1.0
123,2,711.2,333.24,38.23,111.18,0.99,-1.0,-1.0,-1.0
123,3,825.32,371.74,66.01,132.9,0.99,-1.0,-1.0,-1.0
123,6,402.01,311.75,28.48,75.77,0.97,-1.0,-1.0,-1.0
123,5,506.14,322.51,48.98,76.87,0.89,-1.0,-1.0,-1.0
123,4,484.07,342.01,56.0,93.09,0.99,-1.0,-1.0,-1.0
123,1,550.1,342.6,39.35,91.85,0.99,-1.0,-1.0,-1.0
124,2,711.62,332.74,37.66,111.91,0.99,-1.0,-1.0,-1.0
124,3,827.82,373.4,65.15,136.15,0.99,-1.0,-1.0,-1.0
124,6,402.23,312.23,30.36,73.74,0.98,-1.0,-1.0,-1.0
124,5,515.57,330.97,44.56,58.65,0.34,-1.0,-1.0,-1.0
124,4,497.67,339.5,45.47,87.93,0.99,-1.0,-1.0,-1.0
124,1,549.68,341.28,41.27,88.35,1.0,-1.0,-1.0,-1.0
125,2,712.98,330.18,36.28,113.35,0.99,-1.0,-1.0,-1.0
125,3,832.73,375.14,62.96,138.81,0.99,-1.0,-1.0,-1.0
125,6,402.43,307.46,35.75,74.78,0.99,-1.0,-1.0,-1.0
125,4,512.93,336.97,37.21,87.48,0.99,-1.0,-1.0,-1.0
125,1,551.64,340.83,41.98,84.97,0.99,-1.0,-1.0,-1.0
126,2,713.11,328.93,36.42,113.88,0.99,-1.0,-1.0,-1.0
126,3,834.74,375.62,62.07,139.94,1.0,-1.0,-1.0,-1.0
126,6,402.77,306.19,38.61,73.69,0.99,-1.0,-1.0,-1.0
126,4,518.16,335.39,37.21,87.65,0.99,-1.0,-1.0,-1.0
126,1,554.47,340.56,41.66,83.46,1.0,-1.0,-1.0,-1.0
127,2,713.47,324.91,36.5,114.94,0.99,-1.0,-1.0,-1.0
127,3,838.07,376.61,59.33,139.43,1.0,-1.0,-1.0,-1.0
127,6,411.46,305.89,33.03,71.2,0.99,-1.0,-1.0,-1.0
127,4,519.75,331.57,51.66,90.74,0.99,-1.0,-1.0,-1.0
127,1,555.61,337.75,48.08,85.39,0.98,-1.0,-1.0,-1.0
128,2,713.86,322.82,37.16,115.62,0.99,-1.0,-1.0,-1.0
128,3,843.05,376.66,55.25,139.48,1.0,-1.0,-1.0,-1.0
128,6,416.68,305.07,30.22,71.2,0.99,-1.0,-1.0,-1.0
128,4,520.8,330.67,55.73,91.32,1.0,-1.0,-1.0,-1.0
128,1,557.97,335.57,50.96,86.12,0.99,-1.0,-1.0,-1.0
129,2,714.28,321.18,37.43,114.98,0.99,-1.0,-1.0,-1.0
129,3,849.02,375.6,53.1,140.48,1.0,-1.0,-1.0,-1.0
129,6,421.66,303.91,28.92,71.22,0.99,-1.0,-1.0,-1.0
129,4,523.53,330.73,58.62,89.47,0.99,-1.0,-1.0,-1.0
129,1,563.78,331.96,49.28,83.43,0.99,-1.0,-1.0,-1.0
130,2,714.4,320.46,38.14,115.59,0.99,-1.0,-1.0,-1.0
130,3,853.14,374.43,51.73,141.85,1.0,-1.0,-1.0,-1.0
130,6,424.24,303.07,29.08,72.15,0.99,-1.0,-1.0,-1.0
130,4,529.62,330.86,59.18,85.78,0.99,-1.0,-1.0,-1.0
130,1,569.67,331.73,45.58,78.5,0.99,-1.0,-1.0,-1.0
130,5,527.31,330.22,38.3,65.68,0.83,-1.0,-1.0,-1.0
131,2,715.05,321.84,36.64,114.32,0.99,-1.0,-1.0,-1.0
131,3,857.85,373.65,52.47,142.63,0.99,-1.0,-1.0,-1.0
131,6,427.83,302.77,32.3,70.73,0.99,-1.0,-1.0,-1.0
131,4,546.1,330.24,42.63,79.87,0.97,-1.0,-1.0,-1.0
131,1,579.18,325.86,38.67,81.04,0.98,-1.0,-1.0,-1.0
131,5,514.75,319.63,56.28,73.7,0.97,-1.0,-1.0,-1.0
132,2,714.92,322.55,36.68,113.83,0.99,-1.0,-1.0,-1.0
132,3,861.5,373.02,54.56,142.89,0.99,-1.0,-1.0,-1.0
132,6,429.94,303.45,33.47,69.01,0.99,-1.0,-1.0,-1.0
132,4,553.67,329.94,35.81,77.74,0.99,-1.0,-1.0,-1.0
132,1,583.56,322.18,36.68,84.63,0.97,-1.0,-1.0,-1.0
132,5,520.68,318.74,44.51,75.76,0.94,-1.0,-1.0,-1.0
133,2,716.37,322.55,35.51,114.22,0.99,-1.0,-1.0,-1.0
133,3,865.71,372.9,61.86,143.39,1.0,-1.0,-1.0,-1.0
133,6,435.88,303.13,30.73,68.39,0.99,-1.0,-1.0,-1.0
133,4,560.08,329.43,33.12,77.65,0.98,-1.0,-1.0,-1.0
133,1,589.32,315.56,35.41,92.47,1.0,-1.0,-1.0,-1.0
133,5,520.31,317.16,47.48,77.97,0.99,-1.0,-1.0,-1.0
134,2,716.57,322.57,35.7,114.07,0.99,-1.0,-1.0,-1.0
134,3,869.25,372.84,64.86,143.54,1.0,-1.0,-1.0,-1.0
134,6,440.19,301.98,29.29,68.79,0.98,-1.0,-1.0,-1.0
134,4,562.58,328.98,33.59,79.49,0.98,-1.0,-1.0,-1.0
134,1,591.25,312.37,37.47,94.87,1.0,-1.0,-1.0,-1.0
134,5,522.57,316.29,42.05,78.79,1.0,-1.0,-1.0,-1.0
135,2,716.06,321.56,36.38,114.89,0.99,-1.0,-1.0,-1.0
135,3,871.39,373.69,70.93,143.26,1.0,-1.0,-1.0,-1.0
135,6,443.63,301.58,31.05,68.06,0.99,-1.0,-1.0,-1.0
135,4,567.37,326.47,33.14,82.59,0.94,-1.0,-1.0,-1.0
135,1,592.21,310.35,41.77,93.18,0.99,-1.0,-1.0,-1.0
135,5,518.41,315.71,41.62,81.37,0.97,-1.0,-1.0,-1.0
136,2,716.12,320.48,36.64,115.78,0.99,-1.0,-1.0,-1.0
136,3,872.42,375.05,73.57,142.09,1.0,-1.0,-1.0,-1.0
136,6,446.27,301.33,33.73,67.51,1.0,-1.0,-1.0,-1.0
136,4,570.4,326.17,33.02,82.89,0.97,-1.0,-1.0,-1.0
136,1,596.54,309.41,42.23,91.59,0.99,-1.0,-1.0,-1.0
136,5,516.02,316.83,43.28,80.3,0.98,-1.0,-1.0,-1.0
137,2,717.67,319.06,35.56,115.22,0.99,-1.0,-1.0,-1.0
137,3,873.01,376.45,75.44,141.31,0.99,-1.0,-1.0,-1.0
137,6,449.13,303.53,38.05,63.42,0.99,-1.0,-1.0,-1.0
137,4,567.02,326.28,39.79,83.02,0.98,-1.0,-1.0,-1.0
137,1,599.96,309.46,48.86,89.48,0.99,-1.0,-1.0,-1.0
137,5,511.63,318.52,48.02,78.92,0.99,-1.0,-1.0,-1.0
138,2,718.17,318.24,35.76,114.99,0.99,-1.0,-1.0,-1.0
138,3,873.06,376.95,76.13,141.0,0.99,-1.0,-1.0,-1.0
138,6,450.0,304.84,40.44,62.21,0.99,-1.0,-1.0,-1.0
138,4,560.55,329.19,48.32,79.51,0.99,-1.0,-1.0,-1.0
138,1,604.54,310.48,49.09,88.97,1.0,-1.0,-1.0,-1.0
138,5,507.06,320.98,52.66,76.57,0.99,-1.0,-1.0,-1.0
139,2,718.96,317.79,35.85,114.6,0.99,-1.0,-1.0,-1.0
139,3,877.02,376.81,72.3,141.16,0.99,-1.0,-1.0,-1.0
139,6,450.81,306.97,40.83,59.99,0.99,-1.0,-1.0,-1.0
139,4,559.27,325.03,52.86,82.73,0.99,-1.0,-1.0,-1.0
139,1,609.79,312.84,48.54,87.59,1.0,-1.0,-1.0,-1.0
139,5,499.88,320.44,55.63,74.73,1.0,-1.0,-1.0,-1.0
140,2,718.61,317.5,36.48,113.86,0.99,-1.0,-1.0,-1.0
140,3,882.54,376.14,67.13,142.11,1.0,-1.0,-1.0,-1.0
140,6,449.68,308.98,42.24,58.0,0.99,-1.0,-1.0,-1.0
140,4,568.28,321.64,45.89,83.89,0.99,-1.0,-1.0,-1.0
140,1,614.92,315.16,45.94,85.57,1.0,-1.0,-1.0,-1.0
140,5,494.66,319.51,49.4,73.7,0.99,-1.0,-1.0,-1.0
141,2,719.07,317.26,36.13,113.27,0.99,-1.0,-1.0,-1.0
141,3,890.84,375.41,58.76,143.19,1.0,-1.0,-1.0,-1.0
141,6,447.47,310.76,44.19,56.72,0.99,-1.0,-1.0,-1.0
141,4,578.42,318.3,38.4,84.35,0.98,-1.0,-1.0,-1.0
141,1,619.16,316.37,46.08,83.91,1.0,-1.0,-1.0,-1.0
141,5,488.95,319.16,44.84,72.71,0.99,-1.0,-1.0,-1.0
142,2,718.91,317.2,36.0,112.75,0.99,-1.0,-1.0,-1.0
142,3,894.93,375.43,54.99,143.59,1.0,-1.0,-1.0,-1.0
142,6,445.23,311.54,46.22,55.69,0.98,-1.0,-1.0,-1.0
142,4,583.58,316.94,36.18,84.52,0.99,-1.0,-1.0,-1.0
142,1,620.32,316.57,46.12,83.31,1.0,-1.0,-1.0,-1.0
142,5,490.0,320.56,38.85,69.92,0.99,-1.0,-1.0,-1.0
143,2,719.12,317.32,35.36,112.26,0.99,-1.0,-1.0,-1.0
143,3,897.12,374.81,54.03,144.32,1.0,-1.0,-1.0,-1.0
143,6,441.14,312.08,49.84,57.21,0.98,-1.0,-1.0,-1.0
143,4,588.62,317.04,35.44,83.7,0.99,-1.0,-1.0,-1.0
143,1,616.49,314.24,51.44,84.92,0.99,-1.0,-1.0,-1.0
143,5,482.87,319.57,41.13,69.47,0.97,-1.0,-1.0,-1.0
144,2,719.18,317.42,35.12,112.08,0.99,-1.0,-1.0,-1.0
144,3,898.37,374.29,53.73,145.16,1.0,-1.0,-1.0,-1.0
144,6,436.97,313.48,54.05,57.18,0.97,-1.0,-1.0,-1.0
144,4,590.91,317.47,35.79,83.68,0.99,-1.0,-1.0,-1.0
144,1,614.8,311.34,54.53,86.71,1.0,-1.0,-1.0,-1.0
144,5,477.26,319.1,46.64,72.31,0.99,-1.0,-1.0,-1.0
145,2,718.9,317.3,35.04,112.31,0.99,-1.0,-1.0,-1.0
145,3,898.99,374.23,53.96,145.62,1.0,-1.0,-1.0,-1.0
145,6,430.94,314.41,59.77,56.31,0.99,-1.0,-1.0,-1.0
145,4,594.04,316.92,34.11,84.87,0.99,-1.0,-1.0,-1.0
145,1,616.86,307.0,51.77,88.87,1.0,-1.0,-1.0,-1.0
145,5,472.35,318.91,49.82,73.06,1.0,-1.0,-1.0,-1.0
146,2,718.48,317.3,35.02,112.4,0.99,-1.0,-1.0,-1.0
146,3,899.09,374.22,54.07,145.77,1.0,-1.0,-1.0,-1.0
146,6,426.69,314.3,62.74,56.62,0.99,-1.0,-1.0,-1.0
146,4,595.95,316.62,33.47,85.31,0.99,-1.0,-1.0,-1.0
146,1,619.06,304.39,49.37,89.98,1.0,-1.0,-1.0,-1.0
146,5,469.6,318.88,49.94,73.64,1.0,-1.0,-1.0,-1.0
147,2,718.04,317.6,35.02,112.44,0.99,-1.0,-1.0,-1.0
147,3,899.62,373.76,54.74,146.25,1.0,-1.0,-1.0,-1.0
147,6,424.64,313.17,65.03,57.96,0.96,-1.0,-1.0,-1.0
147,4,599.88,315.21,33.25,86.66,0.99,-1.0,-1.0,-1.0
147,1,621.91,302.4,46.03,88.34,0.99,-1.0,-1.0,-1.0
147,5,468.09,316.8,49.36,75.62,1.0,-1.0,-1.0,-1.0
148,2,718.16,317.74,34.42,112.46,0.99,-1.0,-1.0,-1.0
148,3,899.12,373.6,54.41,146.41,1.0,-1.0,-1.0,-1.0
148,6,425.23,313.05,65.33,58.18,0.93,-1.0,-1.0,-1.0
148,4,602.72,315.16,33.19,86.57,0.99,-1.0,-1.0,-1.0
148,1,624.7,301.57,42.93,88.29,1.0,-1.0,-1.0,-1.0
148,5,467.63,316.33,47.33,75.78,0.99,-1.0,-1.0,-1.0
149,2,717.01,317.96,35.41,113.35,0.99,-1.0,-1.0,-1.0
149,3,899.45,373.1,53.7,147.19,1.0,-1.0,-1.0,-1.0
149,6,426.78,310.01,63.79,61.55,0.97,-1.0,-1.0,-1.0
149,4,605.76,315.35,32.57,86.53,0.99,-1.0,-1.0,-1.0
149,1,626.25,302.36,41.79,87.67,0.99,-1.0,-1.0,-1.0
149,5,468.51,314.41,47.11,77.58,0.98,-1.0,-1.0,-1.0
150,2,716.58,318.49,36.37,113.1,0.99,-1.0,-1.0,-1.0
150,3,899.18,372.62,52.55,147.47,1.0,-1.0,-1.0,-1.0
150,6,426.66,306.12,63.55,65.72,0.98,-1.0,-1.0,-1.0
150,4,607.04,315.45,32.96,86.51,1.0,-1.0,-1.0,-1.0
150,1,626.1,304.96,42.01,85.34,1.0,-1.0,-1.0,-1.0
150,5,472.17,312.53,43.45,73.27,0.99,-1.0,-1.0,-1.0
151,2,715.56,320.05,37.32,112.11,0.99,-1.0,-1.0,-1.0
151,3,899.01,372.45,50.93,147.56,1.0,-1.0,-1.0,-1.0
151,6,431.01,303.77,59.62,66.17,0.99,-1.0,-1.0,-1.0
151,4,607.43,315.53,34.31,85.3,0.98,-1.0,-1.0,-1.0
151,1,625.4,309.01,43.31,80.86,0.99,-1.0,-1.0,-1.0
151,5,477.74,311.54,38.34,71.54,0.99,-1.0,-1.0,-1.0
152,2,714.27,320.91,38.85,112.04,1.0,-1.0,-1.0,-1.0
152,3,898.88,372.51,50.36,147.43,1.0,-1.0,-1.0,-1.0
152,6,433.29,300.19,57.4,68.96,1.0,-1.0,-1.0,-1.0
152,4,609.25,317.95,33.05,82.45,0.97,-1.0,-1.0,-1.0
152,1,625.36,310.54,43.21,78.89,0.99,-1.0,-1.0,-1.0
152,5,480.17,311.33,36.49,70.61,0.99,-1.0,-1.0,-1.0
153,2,712.62,321.82,40.6,112.01,1.0,-1.0,-1.0,-1.0
153,3,899.08,372.38,49.87,147.22,1.0,-1.0,-1.0,-1.0
153,6,437.56,298.97,53.39,68.57,0.98,-1.0,-1.0,-1.0
153,4,613.42,314.51,30.14,84.1,0.98,-1.0,-1.0,-1.0
153,1,625.88,310.63,41.97,78.82,0.99,-1.0,-1.0,-1.0
153,5,480.69,311.87,42.14,69.06,0.99,-1.0,-1.0,-1.0
154,2,711.41,323.35,41.85,111.11,0.99,-1.0,-1.0,-1.0
154,3,899.12,372.04,49.72,147.42,1.0,-1.0,-1.0,-1.0
154,6,440.05,295.9,51.55,71.6,0.99,-1.0,-1.0,-1.0
154,4,616.07,310.9,28.44,85.89,0.98,-1.0,-1.0,-1.0
154,1,626.31,310.52,42.12,78.82,0.99,-1.0,-1.0,-1.0
154,5,481.72,313.17,46.31,67.29,0.98,-1.0,-1.0,-1.0
155,2,709.81,324.06,42.9,110.48,1.0,-1.0,-1.0,-1.0
155,3,898.8,371.92,49.99,147.48,1.0,-1.0,-1.0,-1.0
155,6,444.9,294.04,48.44,73.31,0.98,-1.0,-1.0,-1.0
155,4,617.83,308.82,27.87,87.15,0.98,-1.0,-1.0,-1.0
155,1,624.95,308.98,43.97,83.66,0.99,-1.0,-1.0,-1.0
155,5,483.3,312.31,50.27,67.86,1.0,-1.0,-1.0,-1.0
156,2,708.62,323.88,43.87,110.55,1.0,-1.0,-1.0,-1.0
156,3,898.65,371.89,50.11,147.5,1.0,-1.0,-1.0,-1.0
156,6,450.0,293.65,46.07,73.95,1.0,-1.0,-1.0,-1.0
156,4,618.04,308.22,28.31,87.34,0.99,-1.0,-1.0,-1.0
156,1,624.12,308.14,45.25,83.97,0.99,-1.0,-1.0,-1.0
156,5,484.49,312.17,51.84,68.09,1.0,-1.0,-1.0,-1.0
157,2,707.9,323.65,44.23,110.28,1.0,-1.0,-1.0,-1.0
157,3,898.57,371.88,50.17,147.49,1.0,-1.0,-1.0,-1.0
157,6,454.7,295.74,45.72,70.96,0.99,-1.0,-1.0,-1.0
157,4,618.36,309.38,29.08,85.32,0.99,-1.0,-1.0,-1.0
157,1,623.79,308.27,45.74,82.91,0.99,-1.0,-1.0,-1.0
157,5,485.27,311.25,54.73,67.88,1.0,-1.0,-1.0,-1.0
158,2,707.33,323.55,44.35,110.19,1.0,-1.0,-1.0,-1.0
158,3,898.51,371.88,50.21,147.48,1.0,-1.0,-1.0,-1.0
158,6,459.48,297.22,43.33,69.74,0.99,-1.0,-1.0,-1.0
158,4,618.98,310.02,28.79,84.55,0.99,-1.0,-1.0,-1.0
158,1,623.61,308.49,45.92,82.51,0.99,-1.0,-1.0,-1.0
158,5,488.11,310.92,53.56,67.52,1.0,-1.0,-1.0,-1.0
159,2,706.85,323.05,43.79,110.76,0.99,-1.0,-1.0,-1.0
159,3,898.17,372.03,51.14,147.62,1.0,-1.0,-1.0,-1.0
159,6,464.36,299.42,39.22,68.08,0.99,-1.0,-1.0,-1.0
159,4,619.13,310.13,28.69,84.55,0.99,-1.0,-1.0,-1.0
159,1,624.42,309.17,44.81,81.17,0.99,-1.0,-1.0,-1.0
159,5,493.35,310.66,51.27,63.81,0.99,-1.0,-1.0,-1.0
160,2,706.69,322.69,42.37,111.28,1.0,-1.0,-1.0,-1.0
160,3,897.73,372.09,51.78,147.67,1.0,-1.0,-1.0,-1.0
160,6,465.28,300.71,40.36,67.14,0.99,-1.0,-1.0,-1.0
160,4,618.5,310.18,29.87,84.26,0.98,-1.0,-1.0,-1.0
160,1,624.7,309.42,44.96,80.97,1.0,-1.0,-1.0,-1.0
160,5,497.12,310.72,49.74,63.34,0.99,-1.0,-1.0,-1.0
161,2,706.65,322.7,39.42,111.48,1.0,-1.0,-1.0,-1.0
161,3,897.84,372.26,52.33,147.24,1.0,-1.0,-1.0,-1.0
161,6,464.33,301.05,41.97,67.09,0.99,-1.0,-1.0,-1.0
161,4,618.23,309.92,29.72,84.46,0.98,-1.0,-1.0,-1.0
161,1,624.48,309.66,45.02,80.61,1.0,-1.0,-1.0,-1.0
161,5,502.96,311.06,48.55,61.08,0.99,-1.0,-1.0,-1.0
162,2,706.67,322.55,37.07,112.15,1.0,-1.0,-1.0,-1.0
162,3,897.87,372.18,52.54,147.22,1.0,-1.0,-1.0,-1.0
162,6,463.9,301.18,42.58,66.77,0.99,-1.0,-1.0,-1.0
162,4,618.06,309.85,29.07,84.53,0.98,-1.0,-1.0,-1.0
162,1,624.08,309.76,45.63,80.48,1.0,-1.0,-1.0,-1.0
162,5,506.89,311.66,46.89,59.97,0.99,-1.0,-1.0,-1.0
163,2,707.0,322.49,36.23,112.41,1.0,-1.0,-1.0,-1.0
163,3,897.86,372.29,53.21,147.06,1.0,-1.0,-1.0,-1.0
163,6,463.04,301.08,41.64,66.35,1.0,-1.0,-1.0,-1.0
163,4,617.34,309.53,29.43,84.86,0.99,-1.0,-1.0,-1.0
163,1,623.92,309.79,45.27,80.45,1.0,-1.0,-1.0,-1.0
163,5,509.19,312.34,46.86,59.9,0.99,-1.0,-1.0,-1.0
164,2,707.14,322.46,35.94,112.5,1.0,-1.0,-1.0,-1.0
164,3,897.56,372.34,53.76,146.7,1.0,-1.0,-1.0,-1.0
164,6,462.62,300.74,39.49,67.09,1.0,-1.0,-1.0,-1.0
164,4,615.86,309.43,30.16,84.69,0.99,-1.0,-1.0,-1.0
164,1,624.14,309.66,45.12,80.44,1.0,-1.0,-1.0,-1.0
164,5,510.87,311.84,45.65,63.23,0.99,-1.0,-1.0,-1.0
165,2,707.2,322.15,35.85,112.83,1.0,-1.0,-1.0,-1.0
165,3,898.03,372.35,53.97,146.56,1.0,-1.0,-1.0,-1.0
165,6,462.69,299.72,35.03,67.67,1.0,-1.0,-1.0,-1.0
165,4,612.91,309.7,32.21,84.33,0.99,-1.0,-1.0,-1.0
165,1,624.21,309.31,45.06,80.15,1.0,-1.0,-1.0,-1.0
165,5,511.11,310.18,45.79,66.52,0.99,-1.0,-1.0,-1.0
166,2,707.24,322.03,35.83,112.95,1.0,-1.0,-1.0,-1.0
166,3,898.2,372.36,54.04,146.51,1.0,-1.0,-1.0,-1.0
166,6,462.31,299.64,32.19,67.29,0.99,-1.0,-1.0,-1.0
166,4,611.51,309.38,32.98,83.89,0.99,-1.0,-1.0,-1.0
166,1,623.64,309.03,45.63,80.05,0.99,-1.0,-1.0,-1.0
166,5,510.54,308.24,46.44,69.24,0.99,-1.0,-1.0,-1.0
167,2,707.56,322.28,35.24,112.4,1.0,-1.0,-1.0,-1.0
167,3,898.26,372.21,54.06,146.64,1.0,-1.0,-1.0,-1.0
167,6,462.13,299.6,31.29,67.44,1.0,-1.0,-1.0,-1.0
167,4,610.07,308.81,32.7,82.54,0.99,-1.0,-1.0,-1.0
167,1,624.3,308.32,45.26,81.21,1.0,-1.0,-1.0,-1.0
167,5,510.56,306.32,46.1,71.46,0.99,-1.0,-1.0,-1.0
168,2,707.7,322.52,35.64,112.18,1.0,-1.0,-1.0,-1.0
168,3,898.28,372.16,54.06,146.68,1.0,-1.0,-1.0,-1.0
168,6,461.42,300.05,31.66,66.9,0.99,-1.0,-1.0,-1.0
168,4,608.34,308.31,33.75,82.33,0.99,-1.0,-1.0,-1.0
168,1,624.56,307.62,45.1,82.24,0.99,-1.0,-1.0,-1.0
168,5,510.52,304.87,45.96,72.89,0.99,-1.0,-1.0,-1.0
169,2,707.45,322.62,36.39,112.1,1.0,-1.0,-1.0,-1.0
169,3,898.57,372.14,53.77,146.7,1.0,-1.0,-1.0,-1.0
169,6,457.77,301.72,33.67,64.91,0.99,-1.0,-1.0,-1.0
169,4,606.81,307.85,32.98,82.86,0.99,-1.0,-1.0,-1.0
169,1,625.24,307.22,44.45,83.23,0.99,-1.0,-1.0,-1.0
169,5,507.46,293.12,48.9,84.79,1.0,-1.0,-1.0,-1.0
170,2,707.66,322.66,36.68,112.07,0.99,-1.0,-1.0,-1.0
170,3,898.68,372.14,53.05,146.7,1.0,-1.0,-1.0,-1.0
170,6,454.97,304.33,35.0,63.85,0.99,-1.0,-1.0,-1.0
170,4,603.27,306.8,34.44,83.66,0.99,-1.0,-1.0,-1.0
170,1,625.79,306.64,43.01,83.89,0.99,-1.0,-1.0,-1.0
170,5,508.94,297.34,47.65,80.63,0.99,-1.0,-1.0,-1.0
171,2,708.03,322.38,36.8,112.06,1.0,-1.0,-1.0,-1.0
171,3,898.11,371.85,52.78,147.01,1.0,-1.0,-1.0,-1.0
171,6,454.49,307.09,34.35,62.57,0.99,-1.0,-1.0,-1.0
171,4,599.62,306.57,37.31,83.68,0.99,-1.0,-1.0,-1.0
171,1,625.67,305.98,41.87,84.44,1.0,-1.0,-1.0,-1.0
171,5,508.28,298.89,48.33,78.08,1.0,-1.0,-1.0,-1.0
172,2,708.19,322.12,37.44,112.35,1.0,-1.0,-1.0,-1.0
172,3,897.89,371.44,52.68,147.41,1.0,-1.0,-1.0,-1.0
172,6,454.04,307.79,34.12,62.41,0.99,-1.0,-1.0,-1.0
172,4,598.25,306.95,37.83,83.09,0.99,-1.0,-1.0,-1.0
172,1,625.32,305.89,42.06,84.63,1.0,-1.0,-1.0,-1.0
172,5,506.26,299.52,49.17,75.88,0.99,-1.0,-1.0,-1.0
173,2,708.82,322.46,37.68,111.87,1.0,-1.0,-1.0,-1.0
173,3,897.5,371.28,53.54,147.57,1.0,-1.0,-1.0,-1.0
173,6,453.57,310.13,32.84,59.97,0.99,-1.0,-1.0,-1.0
173,4,596.85,307.85,37.43,81.67,1.0,-1.0,-1.0,-1.0
173,1,623.67,305.57,44.54,84.7,1.0,-1.0,-1.0,-1.0
173,5,503.09,301.58,48.31,72.94,1.0,-1.0,-1.0,-1.0
174,2,709.38,323.05,37.77,111.68,1.0,-1.0,-1.0,-1.0
174,3,897.37,371.68,53.86,146.88,1.0,-1.0,-1.0,-1.0
174,6,452.68,310.36,33.45,59.98,0.99,-1.0,-1.0,-1.0
174,4,595.79,306.41,37.25,82.94,0.99,-1.0,-1.0,-1.0
174,1,623.08,305.31,45.45,84.42,1.0,-1.0,-1.0,-1.0
174,5,500.69,303.0,43.79,71.2,1.0,-1.0,-1.0,-1.0
175,2,710.18,322.98,38.4,112.51,0.99,-1.0,-1.0,-1.0
175,3,897.32,372.43,53.98,146.02,1.0,-1.0,-1.0,-1.0
175,6,451.48,311.33,33.08,59.4,0.99,-1.0,-1.0,-1.0
175,4,594.83,305.44,33.05,82.82,0.99,-1.0,-1.0,-1.0
175,1,621.98,305.98,45.22,83.12,1.0,-1.0,-1.0,-1.0
175,5,500.7,304.75,36.48,68.44,1.0,-1.0,-1.0,-1.0
176,2,710.49,322.65,39.81,113.41,0.99,-1.0,-1.0,-1.0
176,3,897.01,373.17,54.32,145.54,1.0,-1.0,-1.0,-1.0
176,6,451.21,311.81,31.3,58.91,0.98,-1.0,-1.0,-1.0
176,4,593.93,304.95,31.98,83.08,0.99,-1.0,-1.0,-1.0
176,1,621.86,306.84,44.52,82.02,1.0,-1.0,-1.0,-1.0
176,5,500.42,305.88,33.2,66.81,0.99,-1.0,-1.0,-1.0
177,2,712.35,323.61,42.68,114.05,0.99,-1.0,-1.0,-1.0
177,3,896.0,378.56,57.7,140.3,1.0,-1.0,-1.0,-1.0
177,6,450.67,314.26,30.2,57.55,0.99,-1.0,-1.0,-1.0
177,4,593.94,307.35,31.0,80.21,0.99,-1.0,-1.0,-1.0
177,1,618.84,310.06,47.24,77.42,1.0,-1.0,-1.0,-1.0
177,5,497.1,307.7,36.08,64.1,0.99,-1.0,-1.0,-1.0
178,2,713.63,324.09,43.19,113.98,0.99,-1.0,-1.0,-1.0
178,3,895.33,382.38,59.25,136.21,1.0,-1.0,-1.0,-1.0
178,6,449.9,315.71,31.97,55.85,0.98,-1.0,-1.0,-1.0
178,4,593.69,308.55,31.25,79.11,0.99,-1.0,-1.0,-1.0
178,1,616.57,311.7,49.39,75.38,1.0,-1.0,-1.0,-1.0
178,5,496.35,308.8,36.37,63.12,0.99,-1.0,-1.0,-1.0
179,2,713.83,325.61,45.7,113.36,1.0,-1.0,-1.0,-1.0
179,3,893.03,385.87,61.87,132.61,1.0,-1.0,-1.0,-1.0
179,6,449.92,316.81,33.48,55.87,0.99,-1.0,-1.0,-1.0
179,4,592.42,310.95,31.35,77.82,0.99,-1.0,-1.0,-1.0
179,1,615.99,312.74,49.64,74.06,0.99,-1.0,-1.0,-1.0
179,5,500.65,308.73,32.28,64.62,1.0,-1.0,-1.0,-1.0
180,2,714.47,326.44,47.8,112.52,1.0,-1.0,-1.0,-1.0
180,3,887.24,387.53,67.78,131.49,1.0,-1.0,-1.0,-1.0
180,6,451.7,317.45,35.83,57.71,0.98,-1.0,-1.0,-1.0
180,4,591.97,311.66,32.0,77.96,0.99,-1.0,-1.0,-1.0
180,1,608.76,314.74,56.74,73.61,1.0,-1.0,-1.0,-1.0
180,5,503.32,307.77,29.5,66.67,0.99,-1.0,-1.0,-1.0
181,2,714.7,328.23,50.32,111.31,1.0,-1.0,-1.0,-1.0
181,3,879.92,390.06,75.69,129.77,1.0,-1.0,-1.0,-1.0
181,6,453.99,317.06,36.0,60.77,0.99,-1.0,-1.0,-1.0
181,4,590.94,311.01,37.0,79.23,0.99,-1.0,-1.0,-1.0
181,1,605.52,314.09,60.49,74.98,1.0,-1.0,-1.0,-1.0
181,5,504.54,303.85,28.61,70.72,0.97,-1.0,-1.0,-1.0
182,2,714.8,329.18,51.29,110.55,1.0,-1.0,-1.0,-1.0
182,3,876.19,391.83,79.67,129.2,1.0,-1.0,-1.0,-1.0
182,6,455.36,317.17,33.86,61.64,0.98,-1.0,-1.0,-1.0
182,4,590.01,310.45,41.64,79.72,1.0,-1.0,-1.0,-1.0
182,1,603.11,313.38,62.57,75.52,1.0,-1.0,-1.0,-1.0
182,5,503.68,300.46,30.25,72.54,0.97,-1.0,-1.0,-1.0
183,2,715.4,329.21,51.07,110.28,1.0,-1.0,-1.0,-1.0
183,3,873.02,393.93,83.49,130.24,1.0,-1.0,-1.0,-1.0
183,6,457.41,317.76,33.92,61.39,0.96,-1.0,-1.0,-1.0
183,4,587.71,309.93,44.07,79.61,0.98,-1.0,-1.0,-1.0
183,1,603.05,313.38,61.64,76.03,0.99,-1.0,-1.0,-1.0
183,5,504.6,297.98,30.82,76.74,0.97,-1.0,-1.0,-1.0
184,2,717.08,329.35,50.36,109.88,1.0,-1.0,-1.0,-1.0
184,3,870.38,396.14,84.69,128.27,1.0,-1.0,-1.0,-1.0
184,6,460.67,317.96,34.09,62.18,0.99,-1.0,-1.0,-1.0
184,4,586.22,308.83,45.61,78.39,0.99,-1.0,-1.0,-1.0
184,1,603.69,313.52,58.88,76.54,1.0,-1.0,-1.0,-1.0
184,5,503.42,298.91,33.49,77.76,0.99,-1.0,-1.0,-1.0
185,2,719.79,329.38,48.29,110.34,0.99,-1.0,-1.0,-1.0
185,3,869.13,398.4,83.66,126.38,1.0,-1.0,-1.0,-1.0
185,6,465.48,317.86,33.56,67.48,0.98,-1.0,-1.0,-1.0
185,4,589.96,306.62,34.25,75.24,0.99,-1.0,-1.0,-1.0
185,1,603.14,313.11,48.28,77.34,0.98,-1.0,-1.0,-1.0
185,5,504.19,300.78,35.63,76.96,0.99,-1.0,-1.0,-1.0
186,2,721.1,329.68,47.46,109.93,0.99,-1.0,-1.0,-1.0
186,3,868.7,399.48,83.18,125.12,1.0,-1.0,-1.0,-1.0
186,6,469.05,318.7,33.37,68.32,0.99,-1.0,-1.0,-1.0
186,4,592.04,304.74,28.46,73.77,0.98,-1.0,-1.0,-1.0
186,1,605.89,313.7,40.19,77.05,0.99,-1.0,-1.0,-1.0
186,5,506.78,301.84,35.32,76.32,0.99,-1.0,-1.0,-1.0
187,2,723.96,331.14,45.36,109.18,0.99,-1.0,-1.0,-1.0
187,3,868.91,399.06,83.81,125.45,1.0,-1.0,-1.0,-1.0
187,6,472.44,321.36,37.48,68.33,0.99,-1.0,-1.0,-1.0
187,4,590.14,303.03,34.43,71.74,0.99,-1.0,-1.0,-1.0
187,1,607.88,315.86,36.19,76.35,1.0,-1.0,-1.0,-1.0
187,5,511.95,303.91,32.83,77.23,0.99,-1.0,-1.0,-1.0
188,2,724.99,331.65,44.54,109.21,0.99,-1.0,-1.0,-1.0
188,3,869.03,398.39,84.0,125.77,1.0,-1.0,-1.0,-1.0
188,6,474.24,321.91,38.4,68.89,0.99,-1.0,-1.0,-1.0
188,8,737.35,316.09,35.21,77.89,0.96,-1.0,-1.0,-1.0
188,1,608.19,317.1,34.98,75.79,1.0,-1.0,-1.0,-1.0
188,5,514.82,305.71,31.26,77.85,0.99,-1.0,-1.0,-1.0
189,2,726.24,331.81,43.64,109.23,0.99,-1.0,-1.0,-1.0
189,3,869.14,395.38,83.44,128.32,1.0,-1.0,-1.0,-1.0
189,6,475.47,323.4,44.55,67.32,0.95,-1.0,-1.0,-1.0
189,8,737.63,315.8,35.05,81.79,0.97,-1.0,-1.0,-1.0
189,1,607.99,319.33,34.0,74.4,0.99,-1.0,-1.0,-1.0
189,5,515.81,308.59,33.14,76.3,0.99,-1.0,-1.0,-1.0
190,2,726.35,331.1,43.3,110.43,0.99,-1.0,-1.0,-1.0
190,3,873.04,393.18,79.92,129.74,1.0,-1.0,-1.0,-1.0
190,6,475.4,323.33,50.19,67.58,0.99,-1.0,-1.0,-1.0
190,8,737.11,315.82,35.6,84.12,0.99,-1.0,-1.0,-1.0
190,1,608.56,319.37,33.73,74.48,1.0,-1.0,-1.0,-1.0
190,5,516.16,310.27,37.92,74.78,0.99,-1.0,-1.0,-1.0
191,2,727.87,329.0,42.58,112.38,0.99,-1.0,-1.0,-1.0
191,3,881.81,390.36,71.92,131.63,1.0,-1.0,-1.0,-1.0
191,6,491.58,323.97,39.83,69.73,0.91,-1.0,-1.0,-1.0
191,8,738.12,315.79,34.62,82.42,0.98,-1.0,-1.0,-1.0
191,1,610.02,317.83,32.44,75.42,0.99,-1.0,-1.0,-1.0
191,5,519.12,310.7,40.27,73.9,0.9,-1.0,-1.0,-1.0
192,2,728.07,327.93,42.92,113.41,0.99,-1.0,-1.0,-1.0
192,3,886.7,389.32,69.14,132.06,1.0,-1.0,-1.0,-1.0
192,6,503.46,323.79,32.98,71.99,0.98,-1.0,-1.0,-1.0
192,8,738.47,315.67,34.25,81.92,0.98,-1.0,-1.0,-1.0
192,1,610.84,316.52,32.04,75.78,0.99,-1.0,-1.0,-1.0
192,5,524.26,312.81,38.94,71.17,0.96,-1.0,-1.0,-1.0
193,2,729.61,327.08,41.86,112.91,0.99,-1.0,-1.0,-1.0
193,3,891.46,389.96,70.62,131.19,1.0,-1.0,-1.0,-1.0
193,6,511.86,323.54,31.89,74.3,0.98,-1.0,-1.0,-1.0
193,8,738.88,315.77,33.52,80.5,0.98,-1.0,-1.0,-1.0
193,1,612.04,313.04,31.95,76.82,0.99,-1.0,-1.0,-1.0
193,5,529.22,314.64,36.59,70.75,0.94,-1.0,-1.0,-1.0
194,2,730.44,324.11,40.85,112.71,0.99,-1.0,-1.0,-1.0
194,3,892.52,392.02,77.75,129.37,1.0,-1.0,-1.0,-1.0
194,6,516.06,323.74,34.01,74.3,0.99,-1.0,-1.0,-1.0
194,4,575.0,304.8,29.57,67.14,0.99,-1.0,-1.0,-1.0
194,1,613.07,310.41,33.18,77.21,0.99,-1.0,-1.0,-1.0
194,5,537.96,313.35,34.46,73.0,0.97,-1.0,-1.0,-1.0
195,2,731.6,321.22,39.28,112.63,0.99,-1.0,-1.0,-1.0
195,3,892.31,395.05,86.72,126.45,1.0,-1.0,-1.0,-1.0
195,6,520.45,322.92,45.41,76.02,0.91,-1.0,-1.0,-1.0
195,4,572.42,306.15,30.22,65.96,0.99,-1.0,-1.0,-1.0
195,1,614.01,308.99,36.65,76.47,0.99,-1.0,-1.0,-1.0
195,5,544.42,311.53,34.88,75.02,0.86,-1.0,-1.0,-1.0
196,2,732.29,319.71,39.33,112.29,0.99,-1.0,-1.0,-1.0
196,3,891.92,397.52,90.51,123.11,1.0,-1.0,-1.0,-1.0
196,6,523.83,320.99,51.67,77.23,0.85,-1.0,-1.0,-1.0
196,8,739.86,316.29,32.33,71.39,0.97,-1.0,-1.0,-1.0
196,4,572.42,306.36,29.87,65.84,0.99,-1.0,-1.0,-1.0
196,1,614.94,308.61,39.66,75.59,1.0,-1.0,-1.0,-1.0
197,2,732.18,319.91,39.37,109.48,0.99,-1.0,-1.0,-1.0
197,3,890.23,399.17,93.42,121.14,1.0,-1.0,-1.0,-1.0
197,6,536.81,320.68,47.32,79.13,0.94,-1.0,-1.0,-1.0
197,8,738.69,316.35,33.47,73.39,0.97,-1.0,-1.0,-1.0
197,4,573.36,304.64,30.93,67.03,0.99,-1.0,-1.0,-1.0
197,1,615.54,309.55,42.57,72.87,0.99,-1.0,-1.0,-1.0
198,2,731.5,320.33,40.0,108.41,0.99,-1.0,-1.0,-1.0
198,3,888.96,399.45,95.09,120.74,1.0,-1.0,-1.0,-1.0
198,6,549.3,319.83,45.16,84.19,0.94,-1.0,-1.0,-1.0
198,8,738.86,316.37,33.3,71.15,0.97,-1.0,-1.0,-1.0
198,4,573.47,302.53,31.91,69.57,0.99,-1.0,-1.0,-1.0
198,1,615.49,309.78,44.29,71.85,0.99,-1.0,-1.0,-1.0
199,2,730.03,323.07,42.03,105.02,0.99,-1.0,-1.0,-1.0
199,3,881.49,397.89,100.29,122.59,1.0,-1.0,-1.0,-1.0
199,6,562.41,322.52,40.75,84.39,0.93,-1.0,-1.0,-1.0
199,8,737.41,316.24,35.03,73.57,0.96,-1.0,-1.0,-1.0
199,4,573.24,301.16,34.04,74.65,0.98,-1.0,-1.0,-1.0
199,1,614.0,311.09,46.68,69.98,0.99,-1.0,-1.0,-1.0
200,2,728.59,323.95,45.14,104.08,1.0,-1.0,-1.0,-1.0
200,3,874.33,395.63,103.69,125.54,1.0,-1.0,-1.0,-1.0
200,6,569.57,324.75,40.81,78.29,0.92,-1.0,-1.0,-1.0
200,8,737.18,316.32,35.67,72.39,0.96,-1.0,-1.0,-1.0
200,4,572.32,299.62,36.01,81.77,0.98,-1.0,-1.0,-1.0
200,1,610.56,310.66,50.45,70.22,0.99,-1.0,-1.0,-1.0
201,2,726.58,324.4,46.9,103.46,0.99,-1.0,-1.0,-1.0
201,3,864.31,394.15,104.69,126.67,1.0,-1.0,-1.0,-1.0
201,6,574.38,325.59,49.14,72.48,0.93,-1.0,-1.0,-1.0
201,8,735.61,316.03,37.1,75.79,0.95,-1.0,-1.0,-1.0
201,4,573.12,299.15,36.19,75.46,0.99,-1.0,-1.0,-1.0
201,1,611.44,309.74,49.67,71.53,0.99,-1.0,-1.0,-1.0
202,2,725.79,324.58,47.01,103.25,0.99,-1.0,-1.0,-1.0
202,3,856.89,393.58,99.79,127.1,1.0,-1.0,-1.0,-1.0
202,6,577.39,323.28,60.98,80.4,0.98,-1.0,-1.0,-1.0
202,8,735.02,315.63,37.64,75.87,0.92,-1.0,-1.0,-1.0
202,4,574.08,298.71,35.66,73.91,0.99,-1.0,-1.0,-1.0
202,1,609.78,308.81,50.44,72.63,0.99,-1.0,-1.0,-1.0
203,2,725.78,322.54,44.7,105.3,0.99,-1.0,-1.0,-1.0
203,3,848.72,388.91,82.02,131.12,1.0,-1.0,-1.0,-1.0
203,6,596.74,320.62,55.73,82.25,0.94,-1.0,-1.0,-1.0
203,8,737.74,316.07,34.91,69.38,0.93,-1.0,-1.0,-1.0
203,4,575.68,299.16,33.67,71.84,0.99,-1.0,-1.0,-1.0
204,2,726.37,321.34,41.37,105.78,0.99,-1.0,-1.0,-1.0
204,3,841.56,387.45,77.41,132.92,0.99,-1.0,-1.0,-1.0
204,6,613.34,322.46,46.53,81.2,0.99,-1.0,-1.0,-1.0
204,8,738.51,316.24,34.43,65.58,0.94,-1.0,-1.0,-1.0
204,4,577.53,299.05,31.68,71.36,0.99,-1.0,-1.0,-1.0
204,1,606.04,304.87,32.07,70.7,0.96,-1.0,-1.0,-1.0
205,2,727.83,319.85,38.89,105.39,0.99,-1.0,-1.0,-1.0
205,3,832.46,385.74,79.02,135.95,1.0,-1.0,-1.0,-1.0
205,6,630.21,319.05,43.96,86.37,0.99,-1.0,-1.0,-1.0
205,8,739.4,316.46,33.05,64.54,0.9,-1.0,-1.0,-1.0
205,4,579.46,298.28,29.72,72.97,1.0,-1.0,-1.0,-1.0
205,1,605.41,302.01,30.57,73.99,0.99,-1.0,-1.0,-1.0
206,2,729.29,318.71,36.78,104.95,0.99,-1.0,-1.0,-1.0
206,3,827.55,384.82,76.57,137.68,1.0,-1.0,-1.0,-1.0
206,6,638.56,317.92,42.46,87.98,0.99,-1.0,-1.0,-1.0
206,4,580.49,297.71,29.0,74.16,0.99,-1.0,-1.0,-1.0
206,1,604.96,301.03,30.78,75.4,0.99,-1.0,-1.0,-1.0
206,12,629.1,307.57,34.2,87.3,0.96,-1.0,-1.0,-1.0
207,2,714.02,315.58,50.28,106.58,0.98,-1.0,-1.0,-1.0
207,3,818.28,384.61,70.17,138.46,1.0,-1.0,-1.0,-1.0
207,6,647.94,317.61,47.95,87.99,0.97,-1.0,-1.0,-1.0
207,4,581.14,297.19,29.37,74.9,1.0,-1.0,-1.0,-1.0
207,1,604.49,298.61,35.91,78.58,0.99,-1.0,-1.0,-1.0
207,12,633.77,293.69,49.32,100.62,0.98,-1.0,-1.0,-1.0
208,2,720.6,314.04,43.35,106.9,0.98,-1.0,-1.0,-1.0
208,3,811.67,386.08,62.82,133.72,1.0,-1.0,-1.0,-1.0
208,6,655.65,317.85,46.48,85.89,0.96,-1.0,-1.0,-1.0
208,1,603.75,298.06,34.74,79.49,0.99,-1.0,-1.0,-1.0
208,12,636.72,294.97,50.67,94.46,0.93,-1.0,-1.0,-1.0
208,13,639.0,300.38,37.8,85.5,0.88,-1.0,-1.0,-1.0
209,2,715.6,312.3,47.67,107.03,0.98,-1.0,-1.0,-1.0
209,3,800.99,388.78,64.21,130.05,1.0,-1.0,-1.0,-1.0
209,6,672.46,314.69,42.8,93.04,0.49,-1.0,-1.0,-1.0
209,4,581.15,297.76,28.75,75.61,1.0,-1.0,-1.0,-1.0
209,1,603.45,299.64,33.06,79.24,0.99,-1.0,-1.0,-1.0
209,12,650.35,297.39,38.25,82.97,0.57,-1.0,-1.0,-1.0
210,2,715.87,311.84,46.87,106.48,0.98,-1.0,-1.0,-1.0
210,3,785.89,391.02,73.28,128.67,1.0,-1.0,-1.0,-1.0
210,6,683.9,319.57,40.11,89.06,0.94,-1.0,-1.0,-1.0
210,4,580.46,298.07,29.3,75.42,0.99,-1.0,-1.0,-1.0
210,1,603.36,302.09,29.37,77.93,0.99,-1.0,-1.0,-1.0
210,12,655.18,297.16,37.28,86.68,0.88,-1.0,-1.0,-1.0
211,2,722.23,312.77,40.61,104.19,0.96,-1.0,-1.0,-1.0
211,3,769.26,395.61,81.67,129.21,1.0,-1.0,-1.0,-1.0
211,6,699.3,317.17,47.75,92.98,0.95,-1.0,-1.0,-1.0
211,8,737.75,316.57,35.29,66.99,0.87,-1.0,-1.0,-1.0
211,4,579.6,298.51,29.52,75.03,0.99,-1.0,-1.0,-1.0
211,1,601.43,305.29,28.7,76.22,0.99,-1.0,-1.0,-1.0
212,2,724.57,313.58,38.68,102.43,0.92,-1.0,-1.0,-1.0
212,3,762.87,398.33,81.58,128.38,1.0,-1.0,-1.0,-1.0
212,6,703.74,315.25,54.82,95.85,0.93,-1.0,-1.0,-1.0
212,8,738.48,316.6,34.01,67.67,0.7,-1.0,-1.0,-1.0
212,4,578.98,298.66,30.2,74.58,0.99,-1.0,-1.0,-1.0
212,1,600.8,306.5,27.87,75.27,0.99,-1.0,-1.0,-1.0
213,2,730.6,314.04,38.63,99.38,0.66,-1.0,-1.0,-1.0
213,3,760.2,403.04,81.49,124.34,0.99,-1.0,-1.0,-1.0
213,6,709.44,313.03,54.38,99.54,0.98,-1.0,-1.0,-1.0
213,4,578.45,298.55,30.45,74.41,0.99,-1.0,-1.0,-1.0
213,1,600.29,306.33,28.24,75.8,0.99,-1.0,-1.0,-1.0
213,12,682.11,304.7,37.53,96.32,0.99,-1.0,-1.0,-1.0
214,2,723.1,313.17,40.43,102.51,0.99,-1.0,-1.0,-1.0
214,3,759.21,405.98,80.84,121.01,0.99,-1.0,-1.0,-1.0
214,8,735.8,314.77,37.14,81.55,0.72,-1.0,-1.0,-1.0
214,4,578.57,298.21,30.56,74.93,1.0,-1.0,-1.0,-1.0
214,1,600.45,304.48,27.79,77.78,1.0,-1.0,-1.0,-1.0
214,12,693.16,306.11,33.53,96.44,0.97,-1.0,-1.0,-1.0
215,2,723.3,313.01,38.73,103.06,0.98,-1.0,-1.0,-1.0
215,3,759.44,408.07,85.29,119.36,1.0,-1.0,-1.0,-1.0
215,4,579.81,298.24,30.59,75.12,0.99,-1.0,-1.0,-1.0
215,1,600.23,301.72,27.66,80.87,0.99,-1.0,-1.0,-1.0
215,12,696.71,309.92,48.69,90.39,0.92,-1.0,-1.0,-1.0
215,6,738.61,314.94,55.12,91.6,0.99,-1.0,-1.0,-1.0
216,2,722.51,314.02,39.28,100.9,0.95,-1.0,-1.0,-1.0
216,3,759.36,408.03,88.67,119.24,0.99,-1.0,-1.0,-1.0
216,4,580.6,298.26,29.42,75.19,0.99,-1.0,-1.0,-1.0
216,1,600.49,299.81,27.63,82.92,0.99,-1.0,-1.0,-1.0
216,12,704.92,313.93,51.19,88.25,0.8,-1.0,-1.0,-1.0
216,6,745.15,315.56,55.56,88.97,0.99,-1.0,-1.0,-1.0
217,2,717.75,315.93,42.46,94.39,0.98,-1.0,-1.0,-1.0
217,3,759.81,404.96,93.43,122.85,1.0,-1.0,-1.0,-1.0
217,4,582.4,298.13,29.58,75.21,0.99,-1.0,-1.0,-1.0
217,1,599.37,298.07,31.28,84.28,0.99,-1.0,-1.0,-1.0
217,6,764.15,316.23,40.39,87.5,0.97,-1.0,-1.0,-1.0
217,8,737.22,315.71,35.49,83.61,0.94,-1.0,-1.0,-1.0
218,2,719.19,318.97,42.48,93.8,0.98,-1.0,-1.0,-1.0
218,3,761.87,402.9,94.11,125.97,1.0,-1.0,-1.0,-1.0
218,4,583.95,298.24,30.83,75.21,0.99,-1.0,-1.0,-1.0
218,1,598.41,297.71,33.15,84.48,0.99,-1.0,-1.0,-1.0
218,6,774.4,316.31,32.07,87.31,0.97,-1.0,-1.0,-1.0
218,8,735.62,315.9,37.04,83.68,0.94,-1.0,-1.0,-1.0
219,2,715.68,323.99,46.59,90.3,0.97,-1.0,-1.0,-1.0
219,3,768.15,400.92,89.08,128.94,1.0,-1.0,-1.0,-1.0
219,4,585.1,298.15,27.78,75.8,0.99,-1.0,-1.0,-1.0
219,1,597.75,297.03,33.9,85.99,0.99,-1.0,-1.0,-1.0
219,6,778.5,314.68,37.92,88.48,0.96,-1.0,-1.0,-1.0
219,12,732.84,316.77,44.28,84.03,0.87,-1.0,-1.0,-1.0
220,2,713.81,326.59,52.68,90.27,0.99,-1.0,-1.0,-1.0
220,3,774.76,399.41,82.83,130.23,0.99,-1.0,-1.0,-1.0
220,4,585.83,298.7,26.54,74.84,0.99,-1.0,-1.0,-1.0
220,1,596.92,297.66,34.19,86.84,0.99,-1.0,-1.0,-1.0
220,6,782.79,312.12,42.88,91.33,0.97,-1.0,-1.0,-1.0
220,8,736.75,316.54,36.24,80.93,0.98,-1.0,-1.0,-1.0
221,2,714.76,329.93,53.41,88.49,0.99,-1.0,-1.0,-1.0
221,3,789.88,398.99,67.67,129.97,1.0,-1.0,-1.0,-1.0
221,4,586.99,298.94,25.51,74.76,0.99,-1.0,-1.0,-1.0
221,1,596.62,300.59,33.71,85.08,0.99,-1.0,-1.0,-1.0
221,8,736.1,316.31,33.6,79.37,0.93,-1.0,-1.0,-1.0
221,12,747.42,325.17,35.2,77.85,0.96,-1.0,-1.0,-1.0
222,2,715.5,330.64,48.48,88.49,0.96,-1.0,-1.0,-1.0
222,3,797.78,397.91,59.98,131.04,1.0,-1.0,-1.0,-1.0
222,4,588.3,299.3,25.77,75.33,0.97,-1.0,-1.0,-1.0
222,1,596.23,302.9,32.92,84.96,1.0,-1.0,-1.0,-1.0
222,8,736.17,316.5,32.06,77.03,0.9,-1.0,-1.0,-1.0
222,12,750.45,325.4,32.89,71.32,0.96,-1.0,-1.0,-1.0
223,2,718.87,332.52,40.98,86.73,0.99,-1.0,-1.0,-1.0
223,3,802.24,396.78,56.31,132.17,1.0,-1.0,-1.0,-1.0
223,4,589.65,299.29,25.87,75.54,0.97,-1.0,-1.0,-1.0
223,1,595.5,304.23,33.21,84.01,0.99,-1.0,-1.0,-1.0
223,8,737.12,316.56,29.68,75.27,0.93,-1.0,-1.0,-1.0
223,12,755.51,324.31,36.07,79.57,0.99,-1.0,-1.0,-1.0
224,2,717.98,333.29,39.99,86.12,1.0,-1.0,-1.0,-1.0
224,3,803.33,395.16,55.85,134.05,1.0,-1.0,-1.0,-1.0
224,4,590.42,299.42,25.92,75.91,0.98,-1.0,-1.0,-1.0
224,1,595.82,304.87,32.13,83.62,1.0,-1.0,-1.0,-1.0
224,8,737.76,316.55,30.1,73.44,0.98,-1.0,-1.0,-1.0
224,12,760.21,324.72,34.7,81.95,0.98,-1.0,-1.0,-1.0
225,2,718.31,334.57,39.05,85.34,1.0,-1.0,-1.0,-1.0
225,3,804.29,392.04,56.4,137.25,1.0,-1.0,-1.0,-1.0
225,4,590.38,300.05,27.76,75.75,0.95,-1.0,-1.0,-1.0
225,1,595.68,303.45,32.31,84.66,0.98,-1.0,-1.0,-1.0
225,8,737.08,316.22,33.29,80.07,0.99,-1.0,-1.0,-1.0
225,12,765.24,324.35,33.57,82.89,0.97,-1.0,-1.0,-1.0
226,2,718.44,335.44,38.72,84.79,0.99,-1.0,-1.0,-1.0
226,3,804.88,389.54,56.67,139.77,1.0,-1.0,-1.0,-1.0
226,4,590.94,299.99,27.85,75.39,0.94,-1.0,-1.0,-1.0
226,1,596.23,302.76,31.78,85.33,0.99,-1.0,-1.0,-1.0
226,8,737.7,316.1,33.85,82.72,0.98,-1.0,-1.0,-1.0
226,12,768.9,324.16,33.19,82.66,0.99,-1.0,-1.0,-1.0
227,2,720.33,336.31,36.79,85.84,0.99,-1.0,-1.0,-1.0
227,3,804.44,386.25,57.46,141.87,1.0,-1.0,-1.0,-1.0
227,4,591.72,299.21,29.07,76.14,0.91,-1.0,-1.0,-1.0
227,1,596.17,301.31,35.17,87.35,0.99,-1.0,-1.0,-1.0
227,8,737.37,316.17,34.67,83.47,0.98,-1.0,-1.0,-1.0
227,12,773.05,323.29,37.37,83.74,0.99,-1.0,-1.0,-1.0
228,2,719.83,336.6,37.94,86.25,0.98,-1.0,-1.0,-1.0
228,3,804.56,384.01,57.79,143.38,1.0,-1.0,-1.0,-1.0
228,4,592.01,299.67,30.11,76.13,0.87,-1.0,-1.0,-1.0
228,1,595.87,301.36,38.11,87.22,0.99,-1.0,-1.0,-1.0
228,8,737.25,316.21,34.99,84.05,0.99,-1.0,-1.0,-1.0
228,12,775.14,323.99,44.03,84.14,1.0,-1.0,-1.0,-1.0
229,2,719.35,335.33,40.75,93.31,0.99,-1.0,-1.0,-1.0
229,3,807.28,380.84,55.55,145.38,1.0,-1.0,-1.0,-1.0
229,4,593.84,298.97,31.09,76.41,0.94,-1.0,-1.0,-1.0
229,1,596.32,302.59,42.12,87.14,1.0,-1.0,-1.0,-1.0
229,8,737.48,315.78,35.1,84.55,0.98,-1.0,-1.0,-1.0
229,12,778.69,328.52,44.95,80.72,0.9,-1.0,-1.0,-1.0
230,2,717.42,335.44,44.71,97.35,0.99,-1.0,-1.0,-1.0
230,3,808.25,379.4,54.76,146.4,1.0,-1.0,-1.0,-1.0
230,4,596.84,299.45,29.72,76.22,0.93,-1.0,-1.0,-1.0
230,1,596.22,303.66,45.38,87.1,1.0,-1.0,-1.0,-1.0
230,8,736.98,315.77,35.73,83.55,0.98,-1.0,-1.0,-1.0
230,12,780.43,332.2,47.01,81.5,0.86,-1.0,-1.0,-1.0
231,2,717.51,337.37,45.67,98.35,0.99,-1.0,-1.0,-1.0
231,3,807.02,379.8,56.34,145.86,1.0,-1.0,-1.0,-1.0
231,4,599.17,299.66,29.16,76.44,0.96,-1.0,-1.0,-1.0
231,1,596.17,308.24,48.93,83.21,0.98,-1.0,-1.0,-1.0
231,8,736.47,315.79,36.55,83.44,0.99,-1.0,-1.0,-1.0
231,12,788.38,336.36,43.22,81.19,0.98,-1.0,-1.0,-1.0
232,2,722.22,338.67,41.38,97.85,0.99,-1.0,-1.0,-1.0
232,3,806.57,381.77,57.53,144.14,0.99,-1.0,-1.0,-1.0
232,4,600.6,299.87,29.54,76.52,0.92,-1.0,-1.0,-1.0
232,1,596.45,309.97,51.45,82.31,0.99,-1.0,-1.0,-1.0
232,8,736.59,315.78,36.28,81.91,0.99,-1.0,-1.0,-1.0
232,12,791.9,338.91,41.6,74.51,0.98,-1.0,-1.0,-1.0
233,2,727.21,341.2,41.43,96.44,0.99,-1.0,-1.0,-1.0
233,3,803.11,387.03,60.97,138.68,1.0,-1.0,-1.0,-1.0
233,4,600.24,300.7,30.86,75.65,0.92,-1.0,-1.0,-1.0
233,1,596.86,312.99,52.99,80.18,0.99,-1.0,-1.0,-1.0
233,8,736.06,315.93,36.75,79.23,0.99,-1.0,-1.0,-1.0
233,12,793.94,339.78,40.98,87.37,0.99,-1.0,-1.0,-1.0
234,2,729.23,341.94,41.45,96.48,0.99,-1.0,-1.0,-1.0
234,3,801.49,389.63,62.27,136.27,1.0,-1.0,-1.0,-1.0
234,4,600.33,300.53,32.52,74.13,0.95,-1.0,-1.0,-1.0
234,1,596.72,312.54,54.14,80.9,1.0,-1.0,-1.0,-1.0
234,8,735.83,315.79,36.92,78.82,0.99,-1.0,-1.0,-1.0
234,12,794.21,340.95,41.34,89.08,0.99,-1.0,-1.0,-1.0
235,2,729.08,343.18,43.24,96.47,0.99,-1.0,-1.0,-1.0
235,3,798.81,388.45,64.54,137.17,1.0,-1.0,-1.0,-1.0
235,4,600.36,299.37,33.73,81.35,0.98,-1.0,-1.0,-1.0
235,1,602.4,309.92,48.84,83.56,0.99,-1.0,-1.0,-1.0
235,8,735.75,315.84,36.98,75.08,0.99,-1.0,-1.0,-1.0
235,12,797.43,341.28,42.65,90.03,0.99,-1.0,-1.0,-1.0
236,2,728.99,342.72,53.26,105.05,0.98,-1.0,-1.0,-1.0
236,3,797.48,384.0,67.15,141.23,1.0,-1.0,-1.0,-1.0
236,4,600.32,299.53,34.2,78.2,0.98,-1.0,-1.0,-1.0
236,1,607.71,308.19,44.77,85.15,0.99,-1.0,-1.0,-1.0
236,8,735.13,315.87,37.58,73.08,0.98,-1.0,-1.0,-1.0
236,12,799.4,341.65,44.31,90.36,0.99,-1.0,-1.0,-1.0
237,2,730.08,344.3,54.78,109.65,0.99,-1.0,-1.0,-1.0
237,3,799.89,363.67,62.35,161.46,0.99,-1.0,-1.0,-1.0
237,4,601.45,299.92,33.2,76.57,0.98,-1.0,-1.0,-1.0
237,1,618.18,304.44,37.15,88.41,0.99,-1.0,-1.0,-1.0
237,6,920.44,313.3,51.04,96.03,0.99,-1.0,-1.0,-1.0
237,12,801.5,344.41,45.52,100.13,0.25,-1.0,-1.0,-1.0
238,2,731.08,346.19,54.22,110.58,0.99,-1.0,-1.0,-1.0
238,3,801.79,352.6,59.78,172.21,0.99,-1.0,-1.0,-1.0
238,4,601.85,299.63,33.97,77.74,0.99,-1.0,-1.0,-1.0
238,1,624.58,302.29,32.98,90.52,0.99,-1.0,-1.0,-1.0
238,6,924.97,314.54,52.31,96.82,1.0,-1.0,-1.0,-1.0
239,2,738.1,344.58,58.56,112.92,0.98,-1.0,-1.0,-1.0
239,3,796.44,343.48,63.08,176.67,0.98,-1.0,-1.0,-1.0
239,4,603.44,299.97,33.66,78.47,0.99,-1.0,-1.0,-1.0
239,1,628.52,301.48,32.94,89.86,0.99,-1.0,-1.0,-1.0
239,6,935.64,316.79,47.03,94.74,0.99,-1.0,-1.0,-1.0
239,8,734.9,316.1,37.9,60.99,0.94,-1.0,-1.0,-1.0
240,2,742.18,343.47,57.94,115.23,0.98,-1.0,-1.0,-1.0
240,3,795.13,336.03,63.09,173.6,0.99,-1.0,-1.0,-1.0
240,4,605.21,300.67,32.35,77.85,0.99,-1.0,-1.0,-1.0
240,1,631.94,301.6,35.43,90.75,1.0,-1.0,-1.0,-1.0
240,6,942.49,317.48,43.52,93.89,1.0,-1.0,-1.0,-1.0
241,2,746.98,336.07,61.66,132.04,0.99,-1.0,-1.0,-1.0
241,3,799.67,330.22,57.76,172.35,1.0,-1.0,-1.0,-1.0
241,4,608.86,301.26,31.83,77.31,0.99,-1.0,-1.0,-1.0
241,1,636.69,303.75,39.29,89.0,0.99,-1.0,-1.0,-1.0
241,6,951.4,316.12,40.99,95.63,1.0,-1.0,-1.0,-1.0
241,8,734.74,315.94,37.46,58.42,0.93,-1.0,-1.0,-1.0
242,2,749.06,332.33,67.04,142.4,0.99,-1.0,-1.0,-1.0
242,3,809.17,328.29,48.29,172.22,0.98,-1.0,-1.0,-1.0
242,4,610.76,302.22,32.23,76.51,0.98,-1.0,-1.0,-1.0
242,1,639.57,304.59,40.18,88.01,1.0,-1.0,-1.0,-1.0
242,6,957.37,314.72,38.84,97.16,0.99,-1.0,-1.0,-1.0
242,12,804.51,332.63,50.81,120.35,0.91,-1.0,-1.0,-1.0
243,2,748.72,331.07,71.93,151.63,0.98,-1.0,-1.0,-1.0
243,3,806.17,326.98,52.63,172.82,0.98,-1.0,-1.0,-1.0
243,4,612.9,303.34,32.38,75.3,0.99,-1.0,-1.0,-1.0
243,1,642.9,306.42,38.17,86.13,0.99,-1.0,-1.0,-1.0
243,6,960.41,313.46,47.92,101.83,0.99,-1.0,-1.0,-1.0
243,12,811.38,331.38,47.1,120.45,0.39,-1.0,-1.0,-1.0
244,2,750.2,342.23,69.39,145.59,0.98,-1.0,-1.0,-1.0
244,3,806.77,329.28,54.5,171.21,1.0,-1.0,-1.0,-1.0
244,4,613.95,306.0,34.21,71.26,0.99,-1.0,-1.0,-1.0
244,1,645.51,306.36,35.55,86.02,0.99,-1.0,-1.0,-1.0
244,6,962.32,313.57,54.29,104.75,0.99,-1.0,-1.0,-1.0
244,8,734.33,315.89,37.86,68.61,0.96,-1.0,-1.0,-1.0
245,2,769.62,356.66,54.23,137.72,0.99,-1.0,-1.0,-1.0
245,3,807.87,345.83,58.22,154.1,0.99,-1.0,-1.0,-1.0
245,4,613.16,309.27,36.63,68.52,0.99,-1.0,-1.0,-1.0
245,1,651.54,308.58,30.88,83.29,0.98,-1.0,-1.0,-1.0
245,6,966.19,316.38,60.28,106.14,1.0,-1.0,-1.0,-1.0
245,8,734.62,316.08,37.27,62.16,0.96,-1.0,-1.0,-1.0
246,2,762.44,362.08,67.57,134.39,0.99,-1.0,-1.0,-1.0
246,3,810.03,357.78,60.21,143.29,0.99,-1.0,-1.0,-1.0
246,4,612.54,309.81,37.56,68.78,0.99,-1.0,-1.0,-1.0
246,1,653.53,309.71,31.11,85.58,0.97,-1.0,-1.0,-1.0
246,6,969.84,317.92,61.61,106.93,0.99,-1.0,-1.0,-1.0
246,8,734.74,316.15,37.04,64.73,0.95,-1.0,-1.0,-1.0
247,2,764.49,365.52,68.77,128.92,1.0,-1.0,-1.0,-1.0
247,3,802.69,368.87,60.4,136.99,0.99,-1.0,-1.0,-1.0
247,4,608.77,308.48,40.81,73.12,0.99,-1.0,-1.0,-1.0
247,1,656.61,314.7,32.41,80.79,0.99,-1.0,-1.0,-1.0
247,6,980.72,321.14,52.99,104.26,1.0,-1.0,-1.0,-1.0
247,12,832.62,361.59,44.45,119.98,0.98,-1.0,-1.0,-1.0
248,2,765.79,366.57,68.58,128.71,1.0,-1.0,-1.0,-1.0
248,3,799.47,373.34,64.58,134.21,0.99,-1.0,-1.0,-1.0
248,4,607.01,307.95,42.62,75.0,1.0,-1.0,-1.0,-1.0
248,1,658.52,316.74,32.89,78.93,0.99,-1.0,-1.0,-1.0
248,6,988.98,322.19,45.52,103.46,1.0,-1.0,-1.0,-1.0
248,12,834.92,366.13,46.66,113.89,0.98,-1.0,-1.0,-1.0
249,2,768.85,364.95,66.67,131.12,1.0,-1.0,-1.0,-1.0
249,3,800.87,374.4,63.85,134.99,0.99,-1.0,-1.0,-1.0
249,4,608.57,308.0,38.19,75.15,0.98,-1.0,-1.0,-1.0
249,1,660.01,320.46,32.49,74.94,0.99,-1.0,-1.0,-1.0
249,6,999.75,321.81,35.25,104.02,0.99,-1.0,-1.0,-1.0
249,12,843.73,368.53,43.22,120.92,0.98,-1.0,-1.0,-1.0
250,2,771.72,361.77,64.68,134.51,0.99,-1.0,-1.0,-1.0
250,3,804.09,373.5,57.04,135.94,0.99,-1.0,-1.0,-1.0
250,4,609.78,308.89,34.45,74.02,0.99,-1.0,-1.0,-1.0
250,1,660.72,321.93,31.75,73.5,0.99,-1.0,-1.0,-1.0
250,6,1002.95,320.75,32.9,105.39,0.99,-1.0,-1.0,-1.0
250,12,843.85,372.29,47.38,128.63,0.99,-1.0,-1.0,-1.0
251,2,775.7,359.62,62.68,137.52,0.99,-1.0,-1.0,-1.0
251,3,803.84,371.27,59.24,138.17,1.0,-1.0,-1.0,-1.0
251,4,608.05,308.45,33.68,74.77,0.98,-1.0,-1.0,-1.0
251,1,660.55,321.32,32.09,73.94,0.99,-1.0,-1.0,-1.0
251,6,1007.05,320.02,39.97,106.48,1.0,-1.0,-1.0,-1.0
251,12,850.9,376.09,52.87,130.01,1.0,-1.0,-1.0,-1.0
252,2,777.72,358.03,61.29,139.65,0.99,-1.0,-1.0,-1.0
252,3,805.82,369.95,56.44,139.49,1.0,-1.0,-1.0,-1.0
252,4,606.24,308.28,34.62,75.05,0.98,-1.0,-1.0,-1.0
252,1,660.13,320.31,32.22,75.05,1.0,-1.0,-1.0,-1.0
252,6,1009.21,320.34,45.6,105.98,1.0,-1.0,-1.0,-1.0
252,12,855.55,377.61,57.26,130.37,0.99,-1.0,-1.0,-1.0
253,2,780.19,356.52,58.95,141.3,1.0,-1.0,-1.0,-1.0
253,3,806.61,369.88,52.31,138.69,1.0,-1.0,-1.0,-1.0
253,4,607.36,308.5,33.18,78.12,0.99,-1.0,-1.0,-1.0
253,1,658.39,317.06,32.88,78.48,0.99,-1.0,-1.0,-1.0
253,6,1010.46,321.05,51.29,105.47,0.99,-1.0,-1.0,-1.0
253,12,860.15,375.87,62.41,132.98,0.99,-1.0,-1.0,-1.0
254,2,781.01,355.35,58.05,142.76,1.0,-1.0,-1.0,-1.0
254,3,806.57,370.72,48.94,137.81,0.99,-1.0,-1.0,-1.0
254,4,605.97,308.44,33.23,79.56,0.98,-1.0,-1.0,-1.0
254,1,657.1,314.37,33.72,81.25,0.99,-1.0,-1.0,-1.0
254,6,1010.25,322.5,56.94,105.54,1.0,-1.0,-1.0,-1.0
254,12,864.7,373.96,62.77,134.23,1.0,-1.0,-1.0,-1.0
255,2,780.92,354.91,58.33,143.56,1.0,-1.0,-1.0,-1.0
255,3,806.23,371.47,47.16,141.86,1.0,-1.0,-1.0,-1.0
255,4,604.56,310.47,33.85,80.1,0.98,-1.0,-1.0,-1.0
255,1,655.07,312.17,35.22,83.2,0.99,-1.0,-1.0,-1.0
255,6,1010.57,323.94,60.34,106.44,1.0,-1.0,-1.0,-1.0
255,12,871.81,372.7,57.38,139.81,0.99,-1.0,-1.0,-1.0
256,2,780.51,355.02,59.63,143.5,1.0,-1.0,-1.0,-1.0
256,3,805.78,372.17,45.95,142.04,1.0,-1.0,-1.0,-1.0
256,4,604.62,312.71,33.49,78.23,0.99,-1.0,-1.0,-1.0
256,1,649.9,310.58,40.45,84.82,0.98,-1.0,-1.0,-1.0
256,6,1010.51,324.32,62.8,107.95,1.0,-1.0,-1.0,-1.0
256,12,877.68,373.61,53.01,143.35,0.99,-1.0,-1.0,-1.0
257,2,780.28,354.45,60.12,144.02,1.0,-1.0,-1.0,-1.0
257,3,804.98,373.57,45.57,145.97,1.0,-1.0,-1.0,-1.0
257,4,604.04,313.53,32.15,78.08,1.0,-1.0,-1.0,-1.0
257,1,642.61,309.66,47.45,85.72,1.0,-1.0,-1.0,-1.0
257,6,1012.02,325.02,63.73,108.79,1.0,-1.0,-1.0,-1.0
257,12,882.67,379.4,50.76,157.16,0.99,-1.0,-1.0,-1.0
258,2,780.15,354.11,61.48,144.6,0.99,-1.0,-1.0,-1.0
258,3,803.79,374.25,47.31,147.89,1.0,-1.0,-1.0,-1.0
258,4,602.94,314.14,32.26,78.02,1.0,-1.0,-1.0,-1.0
258,1,639.96,309.79,48.64,85.47,1.0,-1.0,-1.0,-1.0
258,6,1014.21,325.43,62.88,108.8,1.0,-1.0,-1.0,-1.0
258,12,886.75,384.44,49.93,161.84,0.99,-1.0,-1.0,-1.0
259,2,780.9,354.12,60.23,144.63,1.0,-1.0,-1.0,-1.0
259,3,800.63,374.62,53.34,149.05,0.99,-1.0,-1.0,-1.0
259,4,599.22,312.55,35.3,82.73,0.99,-1.0,-1.0,-1.0
259,1,637.39,309.98,47.95,87.71,1.0,-1.0,-1.0,-1.0
259,6,1018.37,325.56,60.13,109.36,0.99,-1.0,-1.0,-1.0
259,12,890.76,392.98,54.76,160.17,0.99,-1.0,-1.0,-1.0
260,2,781.17,354.13,59.72,144.59,1.0,-1.0,-1.0,-1.0
260,3,798.64,375.03,56.13,149.48,0.99,-1.0,-1.0,-1.0
260,4,595.59,311.38,38.14,87.66,1.0,-1.0,-1.0,-1.0
260,1,635.83,309.93,45.3,88.54,0.99,-1.0,-1.0,-1.0
260,6,1028.71,325.3,54.25,109.85,0.99,-1.0,-1.0,-1.0
260,12,897.42,396.13,58.8,160.97,0.99,-1.0,-1.0,-1.0
261,2,781.23,354.43,58.94,144.24,1.0,-1.0,-1.0,-1.0
261,3,796.14,375.01,60.71,149.77,0.99,-1.0,-1.0,-1.0
261,4,592.18,311.63,36.97,88.99,0.99,-1.0,-1.0,-1.0
261,1,636.44,309.92,41.84,89.42,0.99,-1.0,-1.0,-1.0
261,6,1036.76,325.18,55.54,110.02,0.97,-1.0,-1.0,-1.0
261,12,900.78,400.16,56.09,157.11,1.0,-1.0,-1.0,-1.0
262,2,781.52,354.53,58.04,144.07,1.0,-1.0,-1.0,-1.0
262,3,794.9,375.11,62.49,150.0,0.99,-1.0,-1.0,-1.0
262,4,590.28,311.85,35.86,89.76,0.98,-1.0,-1.0,-1.0
262,1,636.72,310.21,39.88,89.44,1.0,-1.0,-1.0,-1.0
262,6,1040.74,324.96,58.35,111.24,0.99,-1.0,-1.0,-1.0
262,12,897.65,401.43,60.86,156.24,0.99,-1.0,-1.0,-1.0
263,2,782.49,354.27,56.5,144.27,1.0,-1.0,-1.0,-1.0
263,3,793.86,375.27,63.74,150.52,0.99,-1.0,-1.0,-1.0
263,4,589.0,313.67,30.65,88.27,0.99,-1.0,-1.0,-1.0
263,1,637.45,309.88,43.99,90.02,1.0,-1.0,-1.0,-1.0
263,6,1043.87,325.74,58.24,110.8,1.0,-1.0,-1.0,-1.0
263,12,892.79,400.47,70.32,157.18,1.0,-1.0,-1.0,-1.0
264,2,783.73,354.3,55.94,143.87,1.0,-1.0,-1.0,-1.0
264,3,792.63,375.58,64.78,150.69,1.0,-1.0,-1.0,-1.0
264,4,586.43,313.62,29.88,87.93,0.99,-1.0,-1.0,-1.0
264,1,637.71,310.04,46.02,89.62,1.0,-1.0,-1.0,-1.0
264,6,1044.3,326.45,58.14,110.01,1.0,-1.0,-1.0,-1.0
264,12,889.81,399.26,76.21,157.92,1.0,-1.0,-1.0,-1.0
265,2,784.74,354.03,55.14,143.4,1.0,-1.0,-1.0,-1.0
265,3,793.03,375.85,63.41,151.48,1.0,-1.0,-1.0,-1.0
265,4,582.82,312.56,32.08,89.55,0.99,-1.0,-1.0,-1.0
265,1,639.26,309.83,44.5,89.16,0.99,-1.0,-1.0,-1.0
265,6,1044.28,327.62,55.7,113.27,1.0,-1.0,-1.0,-1.0
265,12,889.25,397.84,83.35,159.92,1.0,-1.0,-1.0,-1.0
266,2,785.38,354.09,54.85,143.35,1.0,-1.0,-1.0,-1.0
266,3,793.54,376.24,61.65,152.36,1.0,-1.0,-1.0,-1.0
266,4,579.51,312.02,29.33,90.72,0.99,-1.0,-1.0,-1.0
266,1,639.62,309.77,43.24,89.25,0.99,-1.0,-1.0,-1.0
266,6,1045.27,328.35,52.31,114.76,0.99,-1.0,-1.0,-1.0
266,12,889.53,396.95,88.43,161.22,1.0,-1.0,-1.0,-1.0
267,2,787.09,354.58,50.55,142.58,1.0,-1.0,-1.0,-1.0
267,3,795.25,378.32,59.16,153.42,1.0,-1.0,-1.0,-1.0
267,4,574.61,312.55,29.46,90.56,0.98,-1.0,-1.0,-1.0
267,1,640.05,309.91,40.35,88.99,0.99,-1.0,-1.0,-1.0
267,6,1048.52,329.97,54.69,117.08,0.99,-1.0,-1.0,-1.0
267,12,894.6,398.04,91.55,161.67,1.0,-1.0,-1.0,-1.0
