0,1,333.67,365.17,50.85,99.67,1.0,-1.0,-1.0,-1.0
0,2,248.17,371.25,43.2,111.6,1.0,-1.0,-1.0,-1.0
0,3,981.0,379.8,59.4,152.55,1.0,-1.0,-1.0,-1.0
0,4,376.87,321.52,50.85,80.1,1.0,-1.0,-1.0,-1.0
0,5,780.3,354.15,44.1,129.6,1.0,-1.0,-1.0,-1.0
0,7,410.85,326.92,44.55,74.25,0.99,-1.0,-1.0,-1.0
1,1,333.9,364.01,51.24,99.28,0.99,-1.0,-1.0,-1.0
1,2,248.01,371.45,43.59,111.4,1.0,-1.0,-1.0,-1.0
1,3,981.0,379.61,59.4,153.13,1.0,-1.0,-1.0,-1.0
1,4,379.63,323.88,53.58,81.66,1.0,-1.0,-1.0,-1.0
1,5,779.14,353.37,45.66,130.77,0.99,-1.0,-1.0,-1.0
1,7,412.44,326.35,43.38,75.81,0.99,-1.0,-1.0,-1.0
2,1,334.27,363.46,51.31,99.57,0.99,-1.0,-1.0,-1.0
2,2,247.96,371.31,43.66,111.19,1.0,-1.0,-1.0,-1.0
2,3,981.0,379.57,59.4,153.23,1.0,-1.0,-1.0,-1.0
2,4,378.04,327.06,56.11,79.15,0.99,-1.0,-1.0,-1.0
2,5,778.24,354.29,46.62,129.57,1.0,-1.0,-1.0,-1.0
2,7,415.35,327.29,41.76,76.08,0.99,-1.0,-1.0,-1.0
3,1,335.07,363.14,50.98,99.49,0.99,-1.0,-1.0,-1.0
3,2,247.96,371.27,43.67,111.13,1.0,-1.0,-1.0,-1.0
3,3,981.0,379.57,59.4,152.57,1.0,-1.0,-1.0,-1.0
3,4,375.14,329.77,59.57,76.91,1.0,-1.0,-1.0,-1.0
3,5,777.3,354.59,48.93,129.17,1.0,-1.0,-1.0,-1.0
3,7,417.43,325.9,42.0,78.87,0.99,-1.0,-1.0,-1.0
4,1,335.63,363.04,50.2,99.47,0.99,-1.0,-1.0,-1.0
4,2,247.93,371.24,43.67,111.12,1.0,-1.0,-1.0,-1.0
4,3,981.0,379.73,59.4,152.52,1.0,-1.0,-1.0,-1.0
4,4,374.59,330.66,60.38,75.6,1.0,-1.0,-1.0,-1.0
4,5,775.71,354.67,50.96,129.06,0.99,-1.0,-1.0,-1.0
4,7,418.31,325.09,42.44,80.73,0.98,-1.0,-1.0,-1.0
5,1,336.45,362.69,49.3,100.1,1.0,-1.0,-1.0,-1.0
5,2,245.04,369.6,50.75,113.38,1.0,-1.0,-1.0,-1.0
5,3,980.99,379.62,59.4,152.35,1.0,-1.0,-1.0,-1.0
5,4,373.38,332.47,61.17,73.94,1.0,-1.0,-1.0,-1.0
5,5,773.62,352.73,51.0,130.66,1.0,-1.0,-1.0,-1.0
5,7,418.05,324.02,45.02,80.7,0.99,-1.0,-1.0,-1.0
6,1,337.01,362.59,49.0,100.32,1.0,-1.0,-1.0,-1.0
6,2,244.62,369.2,52.27,114.01,1.0,-1.0,-1.0,-1.0
6,3,981.62,379.58,58.14,152.3,1.0,-1.0,-1.0,-1.0
6,4,372.35,332.84,62.91,73.44,1.0,-1.0,-1.0,-1.0
6,5,772.59,351.59,50.94,130.75,1.0,-1.0,-1.0,-1.0
6,7,417.9,323.51,46.54,80.92,0.99,-1.0,-1.0,-1.0
7,1,337.81,362.72,48.6,100.55,1.0,-1.0,-1.0,-1.0
7,2,247.17,369.69,49.21,113.9,1.0,-1.0,-1.0,-1.0
7,3,981.22,379.56,58.94,152.28,1.0,-1.0,-1.0,-1.0
7,4,376.67,333.68,57.49,72.39,1.0,-1.0,-1.0,-1.0
7,5,771.95,348.4,51.48,131.4,1.0,-1.0,-1.0,-1.0
7,7,422.49,324.88,44.51,80.65,0.99,-1.0,-1.0,-1.0
8,1,338.22,362.79,48.48,100.62,0.99,-1.0,-1.0,-1.0
8,2,248.54,369.6,50.94,114.15,0.99,-1.0,-1.0,-1.0
8,3,981.07,379.57,59.23,152.28,1.0,-1.0,-1.0,-1.0
8,4,378.14,334.24,55.85,72.07,1.0,-1.0,-1.0,-1.0
8,5,771.76,346.51,51.64,130.25,1.0,-1.0,-1.0,-1.0
8,7,424.96,326.8,45.38,78.68,1.0,-1.0,-1.0,-1.0
9,1,338.96,362.23,48.15,101.25,0.99,-1.0,-1.0,-1.0
9,2,249.92,368.37,46.21,115.43,0.99,-1.0,-1.0,-1.0
9,3,980.41,379.57,59.35,152.29,1.0,-1.0,-1.0,-1.0
9,4,376.34,334.08,58.35,72.62,1.0,-1.0,-1.0,-1.0
9,5,771.73,344.64,49.86,128.29,1.0,-1.0,-1.0,-1.0
9,7,427.61,329.82,51.11,76.69,0.99,-1.0,-1.0,-1.0
10,1,339.07,361.58,47.74,101.93,0.99,-1.0,-1.0,-1.0
10,2,250.79,367.93,43.62,115.9,0.99,-1.0,-1.0,-1.0
10,3,980.17,379.57,59.39,152.59,0.99,-1.0,-1.0,-1.0
10,4,369.9,333.37,65.19,73.78,1.0,-1.0,-1.0,-1.0
10,5,771.48,344.3,49.75,126.04,1.0,-1.0,-1.0,-1.0
10,7,428.16,330.78,54.2,75.94,1.0,-1.0,-1.0,-1.0
11,1,339.53,361.38,48.21,102.17,1.0,-1.0,-1.0,-1.0
11,2,251.55,368.71,41.45,115.45,0.99,-1.0,-1.0,-1.0
11,3,980.07,379.58,59.41,152.4,1.0,-1.0,-1.0,-1.0
11,4,369.49,332.8,65.46,74.52,1.0,-1.0,-1.0,-1.0
11,5,770.5,344.25,50.91,124.01,1.0,-1.0,-1.0,-1.0
11,7,429.31,335.23,54.41,71.72,0.99,-1.0,-1.0,-1.0
12,1,340.13,361.6,48.39,101.95,1.0,-1.0,-1.0,-1.0
12,2,253.35,371.25,38.51,114.21,0.99,-1.0,-1.0,-1.0
12,3,980.05,379.74,59.41,152.49,1.0,-1.0,-1.0,-1.0
12,4,368.06,331.5,67.24,76.03,1.0,-1.0,-1.0,-1.0
12,5,769.86,345.18,50.73,122.07,1.0,-1.0,-1.0,-1.0
12,7,428.95,337.16,55.44,70.15,1.0,-1.0,-1.0,-1.0
13,1,341.52,363.34,47.57,99.91,0.99,-1.0,-1.0,-1.0
13,2,253.96,374.92,38.42,111.03,0.99,-1.0,-1.0,-1.0
13,3,980.63,379.79,58.22,152.52,0.99,-1.0,-1.0,-1.0
13,4,365.64,330.25,68.75,77.49,0.99,-1.0,-1.0,-1.0
13,5,768.15,346.62,51.24,120.63,1.0,-1.0,-1.0,-1.0
13,7,427.0,335.5,58.13,71.46,1.0,-1.0,-1.0,-1.0
14,1,342.8,364.26,46.66,98.83,1.0,-1.0,-1.0,-1.0
14,2,253.11,376.55,41.17,109.22,0.99,-1.0,-1.0,-1.0
14,3,980.87,379.8,57.76,152.54,1.0,-1.0,-1.0,-1.0
14,4,364.48,329.14,68.71,78.64,0.98,-1.0,-1.0,-1.0
14,5,766.96,348.37,51.41,118.93,1.0,-1.0,-1.0,-1.0
14,7,424.96,334.39,60.14,72.56,0.99,-1.0,-1.0,-1.0
15,1,345.24,364.09,46.33,99.49,0.99,-1.0,-1.0,-1.0
15,2,252.98,377.21,49.26,107.8,1.0,-1.0,-1.0,-1.0
15,3,980.34,380.08,57.58,152.24,0.99,-1.0,-1.0,-1.0
15,4,356.47,327.91,73.32,78.78,1.0,-1.0,-1.0,-1.0
15,5,763.28,349.61,55.01,118.04,1.0,-1.0,-1.0,-1.0
15,7,421.98,331.64,59.87,72.39,1.0,-1.0,-1.0,-1.0
16,1,347.15,363.0,45.32,101.08,0.98,-1.0,-1.0,-1.0
16,2,256.27,376.54,49.48,107.91,1.0,-1.0,-1.0,-1.0
16,3,980.75,379.9,57.52,152.43,1.0,-1.0,-1.0,-1.0
16,4,353.47,326.87,74.75,79.72,1.0,-1.0,-1.0,-1.0
16,5,760.48,348.72,57.5,119.41,0.99,-1.0,-1.0,-1.0
16,7,420.75,331.8,54.75,69.94,0.99,-1.0,-1.0,-1.0
17,1,350.11,360.61,42.53,102.42,0.99,-1.0,-1.0,-1.0
17,2,261.74,374.56,45.71,108.72,0.99,-1.0,-1.0,-1.0
17,3,979.69,379.97,57.5,152.65,0.99,-1.0,-1.0,-1.0
17,4,350.91,325.1,73.8,81.54,1.0,-1.0,-1.0,-1.0
17,5,757.68,345.97,59.03,122.05,0.99,-1.0,-1.0,-1.0
17,7,410.4,331.51,55.35,70.55,0.98,-1.0,-1.0,-1.0
18,1,352.36,358.44,40.6,103.96,0.99,-1.0,-1.0,-1.0
18,2,264.62,372.54,44.46,107.39,0.99,-1.0,-1.0,-1.0
18,3,979.32,379.86,57.51,152.59,1.0,-1.0,-1.0,-1.0
18,4,349.23,323.62,71.9,83.4,0.99,-1.0,-1.0,-1.0
18,5,756.05,344.39,59.61,123.65,0.99,-1.0,-1.0,-1.0
18,7,407.14,330.85,55.27,69.28,0.98,-1.0,-1.0,-1.0
19,1,354.78,354.94,39.94,104.98,1.0,-1.0,-1.0,-1.0
19,2,265.76,368.59,47.29,108.26,0.99,-1.0,-1.0,-1.0
19,3,978.56,379.81,57.51,152.56,1.0,-1.0,-1.0,-1.0
19,4,347.33,319.96,67.26,87.03,0.99,-1.0,-1.0,-1.0
19,5,752.25,343.49,59.21,121.91,0.99,-1.0,-1.0,-1.0
19,7,408.44,330.58,48.99,68.83,0.99,-1.0,-1.0,-1.0
20,1,356.23,352.64,40.66,104.76,0.99,-1.0,-1.0,-1.0
20,2,266.77,366.14,50.35,109.63,0.99,-1.0,-1.0,-1.0
20,3,977.72,379.96,57.53,152.11,0.99,-1.0,-1.0,-1.0
20,4,346.13,317.9,64.83,89.55,1.0,-1.0,-1.0,-1.0
20,5,749.69,341.86,56.09,119.45,0.98,-1.0,-1.0,-1.0
20,7,404.86,330.97,51.15,67.48,0.98,-1.0,-1.0,-1.0
21,1,357.75,350.0,40.95,103.77,0.99,-1.0,-1.0,-1.0
21,2,268.41,362.24,53.83,110.45,0.99,-1.0,-1.0,-1.0
21,3,977.4,379.4,57.54,152.53,1.0,-1.0,-1.0,-1.0
21,4,346.36,316.66,59.69,91.96,0.99,-1.0,-1.0,-1.0
21,5,745.48,342.15,51.83,112.23,0.99,-1.0,-1.0,-1.0
21,7,404.1,330.49,47.42,71.53,0.99,-1.0,-1.0,-1.0
22,1,358.45,347.29,42.28,103.67,0.99,-1.0,-1.0,-1.0
22,2,271.22,360.1,55.18,107.65,0.99,-1.0,-1.0,-1.0
22,3,977.31,379.35,57.55,152.53,1.0,-1.0,-1.0,-1.0
22,4,347.85,316.55,52.19,90.24,0.98,-1.0,-1.0,-1.0
22,5,741.28,342.17,52.67,108.32,0.99,-1.0,-1.0,-1.0
22,7,401.31,332.12,47.49,70.06,1.0,-1.0,-1.0,-1.0
23,1,360.28,346.04,42.79,100.65,1.0,-1.0,-1.0,-1.0
23,2,276.01,358.9,54.53,104.03,1.0,-1.0,-1.0,-1.0
23,3,977.3,379.04,57.56,152.84,1.0,-1.0,-1.0,-1.0
23,4,349.6,318.19,48.9,87.45,0.98,-1.0,-1.0,-1.0
23,5,735.06,339.76,54.76,108.81,0.99,-1.0,-1.0,-1.0
23,7,402.76,333.97,43.9,66.79,1.0,-1.0,-1.0,-1.0
24,1,362.26,347.16,42.7,97.39,1.0,-1.0,-1.0,-1.0
24,2,282.39,358.54,52.18,101.93,0.99,-1.0,-1.0,-1.0
24,3,977.3,378.63,57.57,153.24,0.99,-1.0,-1.0,-1.0
24,4,350.7,320.38,47.55,86.34,0.99,-1.0,-1.0,-1.0
24,5,728.98,336.96,57.89,109.93,0.99,-1.0,-1.0,-1.0
24,7,402.78,335.45,43.19,66.78,1.0,-1.0,-1.0,-1.0
25,1,363.38,349.01,45.36,94.07,1.0,-1.0,-1.0,-1.0
25,2,296.66,357.12,42.9,101.8,0.99,-1.0,-1.0,-1.0
25,3,978.49,378.19,55.21,153.69,1.0,-1.0,-1.0,-1.0
25,4,352.81,325.1,44.65,84.42,0.99,-1.0,-1.0,-1.0
25,5,719.75,334.32,65.47,109.79,1.0,-1.0,-1.0,-1.0
25,7,402.03,336.29,42.66,68.6,0.99,-1.0,-1.0,-1.0
26,1,362.77,349.99,48.08,92.26,0.99,-1.0,-1.0,-1.0
26,2,303.17,355.38,43.65,102.08,1.0,-1.0,-1.0,-1.0
26,3,978.96,378.02,54.29,153.86,1.0,-1.0,-1.0,-1.0
26,4,354.71,327.15,42.76,84.58,0.99,-1.0,-1.0,-1.0
26,5,715.69,334.26,67.8,109.18,0.99,-1.0,-1.0,-1.0
26,7,401.36,336.4,43.11,69.87,0.99,-1.0,-1.0,-1.0
27,1,364.79,352.5,49.42,89.21,0.99,-1.0,-1.0,-1.0
27,2,307.38,352.08,46.3,104.01,1.0,-1.0,-1.0,-1.0
27,3,980.34,377.52,52.77,154.37,1.0,-1.0,-1.0,-1.0
27,4,356.46,328.94,40.31,81.36,0.99,-1.0,-1.0,-1.0
27,5,711.05,336.08,61.84,102.69,1.0,-1.0,-1.0,-1.0
27,7,400.23,335.97,44.2,70.96,1.0,-1.0,-1.0,-1.0
28,1,366.86,351.43,49.64,90.27,0.99,-1.0,-1.0,-1.0
28,2,311.67,350.26,48.44,103.56,0.99,-1.0,-1.0,-1.0
28,3,980.25,377.47,52.21,154.41,1.0,-1.0,-1.0,-1.0
28,4,357.23,329.87,39.87,79.22,0.99,-1.0,-1.0,-1.0
28,5,708.85,336.2,55.06,100.29,1.0,-1.0,-1.0,-1.0
28,7,400.75,335.76,44.01,71.37,1.0,-1.0,-1.0,-1.0
29,1,369.64,351.03,48.83,90.09,0.99,-1.0,-1.0,-1.0
29,2,320.46,348.72,44.88,97.14,0.99,-1.0,-1.0,-1.0
29,3,980.2,377.45,52.03,154.72,1.0,-1.0,-1.0,-1.0
29,4,357.45,329.87,41.34,79.05,1.0,-1.0,-1.0,-1.0
29,5,707.63,335.34,46.32,100.41,0.99,-1.0,-1.0,-1.0
29,7,401.87,335.5,43.36,71.83,0.99,-1.0,-1.0,-1.0
30,1,374.06,350.76,46.43,88.85,1.0,-1.0,-1.0,-1.0
30,2,326.3,348.1,41.59,92.57,0.99,-1.0,-1.0,-1.0
30,3,980.79,377.76,51.98,154.53,1.0,-1.0,-1.0,-1.0
30,4,357.07,330.02,44.32,79.31,0.99,-1.0,-1.0,-1.0
30,5,706.51,333.85,42.53,102.01,1.0,-1.0,-1.0,-1.0
30,7,402.18,335.11,43.73,72.29,0.99,-1.0,-1.0,-1.0
31,1,373.26,346.86,51.51,89.94,0.99,-1.0,-1.0,-1.0
31,2,338.55,344.97,34.82,93.43,0.99,-1.0,-1.0,-1.0
31,3,980.99,377.57,51.97,154.75,1.0,-1.0,-1.0,-1.0
31,4,359.14,330.46,44.54,79.72,0.96,-1.0,-1.0,-1.0
31,5,704.02,333.9,40.05,102.05,0.99,-1.0,-1.0,-1.0
31,7,403.2,335.06,43.88,73.64,1.0,-1.0,-1.0,-1.0
32,1,375.3,344.88,53.31,89.16,0.98,-1.0,-1.0,-1.0
32,2,344.4,342.89,34.68,94.67,0.99,-1.0,-1.0,-1.0
32,3,981.07,377.37,51.99,154.97,1.0,-1.0,-1.0,-1.0
32,4,357.99,330.8,36.9,79.88,0.96,-1.0,-1.0,-1.0
32,5,702.37,334.87,39.29,101.21,1.0,-1.0,-1.0,-1.0
32,7,404.64,335.38,43.05,73.26,0.99,-1.0,-1.0,-1.0
33,1,379.68,342.21,54.01,87.7,0.99,-1.0,-1.0,-1.0
33,2,350.58,340.38,38.38,94.86,0.99,-1.0,-1.0,-1.0
33,3,981.1,377.44,52.02,154.9,1.0,-1.0,-1.0,-1.0
33,4,359.74,331.8,44.93,79.95,0.95,-1.0,-1.0,-1.0
33,5,701.3,335.56,39.08,100.63,1.0,-1.0,-1.0,-1.0
33,7,405.67,336.97,43.05,71.32,0.99,-1.0,-1.0,-1.0
34,1,381.04,340.98,56.29,87.78,0.98,-1.0,-1.0,-1.0
34,2,354.48,339.98,42.3,94.07,0.99,-1.0,-1.0,-1.0
34,3,981.1,377.18,52.04,155.16,1.0,-1.0,-1.0,-1.0
34,4,360.72,331.89,43.81,80.58,0.94,-1.0,-1.0,-1.0
34,5,700.41,335.25,39.07,101.05,1.0,-1.0,-1.0,-1.0
34,7,405.15,337.29,44.26,70.87,0.96,-1.0,-1.0,-1.0
35,1,384.42,340.43,57.73,87.23,0.99,-1.0,-1.0,-1.0
35,2,358.74,341.13,44.12,90.8,0.99,-1.0,-1.0,-1.0
35,3,981.71,376.78,52.07,154.66,1.0,-1.0,-1.0,-1.0
35,4,359.16,331.04,46.92,82.01,0.98,-1.0,-1.0,-1.0
35,5,699.59,333.21,39.73,102.43,1.0,-1.0,-1.0,-1.0
35,7,405.12,338.61,45.01,66.23,0.97,-1.0,-1.0,-1.0
36,1,385.93,340.56,57.69,87.06,0.99,-1.0,-1.0,-1.0
36,2,360.58,341.17,45.42,89.32,0.99,-1.0,-1.0,-1.0
36,3,981.91,376.64,52.09,154.48,1.0,-1.0,-1.0,-1.0
36,4,358.97,329.8,46.61,82.85,0.97,-1.0,-1.0,-1.0
36,5,699.34,332.75,40.6,102.67,1.0,-1.0,-1.0,-1.0
36,7,405.65,339.08,45.3,75.79,0.97,-1.0,-1.0,-1.0
37,1,391.31,339.9,56.76,87.02,0.98,-1.0,-1.0,-1.0
37,2,362.76,341.84,46.49,87.6,0.98,-1.0,-1.0,-1.0
37,3,981.99,376.6,52.1,154.09,1.0,-1.0,-1.0,-1.0
37,4,360.27,329.62,45.0,80.21,0.98,-1.0,-1.0,-1.0
37,5,699.35,332.16,41.55,102.78,1.0,-1.0,-1.0,-1.0
37,7,405.76,337.99,46.59,79.03,0.64,-1.0,-1.0,-1.0
38,1,396.31,340.13,55.48,86.73,0.99,-1.0,-1.0,-1.0
38,2,363.91,342.27,47.19,83.38,0.99,-1.0,-1.0,-1.0
38,3,982.59,376.59,50.92,153.67,1.0,-1.0,-1.0,-1.0
38,4,362.45,329.98,42.89,79.19,0.96,-1.0,-1.0,-1.0
38,5,698.77,331.65,43.71,102.84,0.99,-1.0,-1.0,-1.0
38,7,406.73,336.35,45.91,81.2,0.13,-1.0,-1.0,-1.0
39,1,399.35,338.4,56.14,88.14,1.0,-1.0,-1.0,-1.0
39,2,368.75,340.59,46.26,83.73,0.95,-1.0,-1.0,-1.0
39,3,983.42,376.74,49.27,153.36,1.0,-1.0,-1.0,-1.0
39,4,361.46,330.06,43.91,87.51,0.98,-1.0,-1.0,-1.0
39,5,698.32,331.16,48.03,103.18,1.0,-1.0,-1.0,-1.0
40,1,400.95,336.33,56.39,90.17,1.0,-1.0,-1.0,-1.0
40,2,370.08,339.29,47.36,84.8,0.98,-1.0,-1.0,-1.0
40,3,983.1,376.81,49.89,153.25,1.0,-1.0,-1.0,-1.0
40,4,360.75,330.26,45.77,89.08,0.98,-1.0,-1.0,-1.0
40,5,697.57,331.31,51.4,103.32,1.0,-1.0,-1.0,-1.0
41,1,401.8,334.81,58.81,91.82,0.99,-1.0,-1.0,-1.0
41,2,375.48,336.41,45.7,87.04,0.98,-1.0,-1.0,-1.0
41,3,984.17,376.83,47.72,153.21,1.0,-1.0,-1.0,-1.0
41,4,356.85,330.74,48.23,90.26,0.99,-1.0,-1.0,-1.0
41,5,697.62,332.7,54.43,102.19,1.0,-1.0,-1.0,-1.0
42,1,407.85,334.61,56.82,92.16,0.99,-1.0,-1.0,-1.0
42,2,379.15,334.38,44.74,88.79,0.98,-1.0,-1.0,-1.0
42,3,983.96,376.7,46.93,153.94,1.0,-1.0,-1.0,-1.0
42,4,354.01,332.58,52.07,89.22,0.99,-1.0,-1.0,-1.0
42,5,698.24,333.87,56.2,101.47,1.0,-1.0,-1.0,-1.0
43,1,411.66,335.34,59.56,91.39,0.99,-1.0,-1.0,-1.0
43,2,379.8,332.2,48.55,91.54,0.99,-1.0,-1.0,-1.0
43,3,983.29,376.66,47.88,154.51,1.0,-1.0,-1.0,-1.0
43,4,350.83,335.38,56.41,86.71,0.99,-1.0,-1.0,-1.0
43,5,700.57,335.68,55.73,100.31,1.0,-1.0,-1.0,-1.0
44,1,411.95,337.58,63.33,88.12,0.99,-1.0,-1.0,-1.0
44,2,378.1,330.82,53.39,92.89,0.99,-1.0,-1.0,-1.0
44,3,984.21,376.64,47.05,154.43,1.0,-1.0,-1.0,-1.0
44,4,349.09,336.13,58.68,87.52,0.99,-1.0,-1.0,-1.0
44,5,701.79,336.35,55.5,99.9,1.0,-1.0,-1.0,-1.0
45,1,420.19,337.9,56.59,76.94,0.95,-1.0,-1.0,-1.0
45,2,384.31,330.39,48.5,93.11,0.98,-1.0,-1.0,-1.0
45,3,984.56,376.65,46.76,154.4,1.0,-1.0,-1.0,-1.0
45,4,348.72,337.32,57.85,88.1,1.0,-1.0,-1.0,-1.0
45,5,702.6,336.33,55.97,100.05,1.0,-1.0,-1.0,-1.0
45,7,409.41,342.96,65.85,78.54,0.98,-1.0,-1.0,-1.0
46,1,423.49,337.7,53.85,73.98,0.97,-1.0,-1.0,-1.0
46,2,386.0,329.64,48.42,94.08,0.99,-1.0,-1.0,-1.0
46,3,984.66,376.49,46.66,154.54,1.0,-1.0,-1.0,-1.0
46,4,348.56,338.0,57.46,88.31,1.0,-1.0,-1.0,-1.0
46,5,704.06,335.69,54.96,101.03,1.0,-1.0,-1.0,-1.0
46,7,409.11,343.83,67.89,80.81,0.98,-1.0,-1.0,-1.0
47,1,418.91,337.94,58.5,76.13,0.98,-1.0,-1.0,-1.0
47,2,387.1,329.24,49.28,97.1,0.97,-1.0,-1.0,-1.0
47,3,984.09,376.43,46.64,154.6,1.0,-1.0,-1.0,-1.0
47,4,348.2,338.82,51.43,87.79,1.0,-1.0,-1.0,-1.0
47,5,709.65,334.69,51.58,101.71,0.99,-1.0,-1.0,-1.0
47,7,403.73,345.02,73.61,80.93,0.83,-1.0,-1.0,-1.0
48,1,417.91,336.95,59.83,78.72,0.99,-1.0,-1.0,-1.0
48,2,388.62,328.51,47.82,97.36,0.96,-1.0,-1.0,-1.0
48,3,983.86,376.41,46.64,154.62,1.0,-1.0,-1.0,-1.0
48,4,346.76,339.22,42.86,87.87,1.0,-1.0,-1.0,-1.0
48,5,714.55,333.71,50.25,102.86,1.0,-1.0,-1.0,-1.0
48,7,395.21,344.66,68.06,83.94,0.97,-1.0,-1.0,-1.0
49,1,425.13,336.29,52.0,74.96,0.99,-1.0,-1.0,-1.0
49,2,398.28,329.0,46.04,88.91,0.95,-1.0,-1.0,-1.0
49,3,984.37,376.4,46.65,154.63,1.0,-1.0,-1.0,-1.0
49,4,343.21,339.78,41.3,88.2,0.99,-1.0,-1.0,-1.0
49,5,718.41,331.4,47.35,105.08,1.0,-1.0,-1.0,-1.0
49,7,391.57,344.35,52.33,83.32,0.96,-1.0,-1.0,-1.0
50,1,429.51,335.76,50.33,74.15,0.99,-1.0,-1.0,-1.0
50,2,402.74,328.36,39.32,83.4,0.92,-1.0,-1.0,-1.0
50,3,984.56,376.4,46.66,154.62,1.0,-1.0,-1.0,-1.0
50,4,340.44,340.87,41.74,87.41,0.99,-1.0,-1.0,-1.0
50,5,720.76,330.55,45.04,106.79,0.99,-1.0,-1.0,-1.0
50,7,392.67,344.95,51.31,84.54,0.99,-1.0,-1.0,-1.0
51,1,433.37,334.42,52.22,75.1,1.0,-1.0,-1.0,-1.0
51,2,408.56,326.84,34.21,82.38,0.94,-1.0,-1.0,-1.0
51,3,985.23,376.57,45.5,154.47,1.0,-1.0,-1.0,-1.0
51,4,334.44,342.35,44.97,86.51,1.0,-1.0,-1.0,-1.0
51,5,723.39,330.12,43.61,109.2,0.99,-1.0,-1.0,-1.0
51,7,393.88,347.27,51.92,83.51,0.99,-1.0,-1.0,-1.0
52,1,435.62,333.92,54.09,75.48,1.0,-1.0,-1.0,-1.0
52,2,410.01,327.97,35.13,77.49,0.97,-1.0,-1.0,-1.0
52,3,985.48,376.63,45.06,154.4,1.0,-1.0,-1.0,-1.0
52,4,327.62,343.9,49.38,84.66,1.0,-1.0,-1.0,-1.0
52,5,725.22,331.72,45.58,108.94,0.99,-1.0,-1.0,-1.0
52,7,392.72,348.85,50.93,83.1,1.0,-1.0,-1.0,-1.0
53,1,438.73,332.85,53.62,76.85,1.0,-1.0,-1.0,-1.0
53,2,410.46,328.9,36.04,78.21,0.95,-1.0,-1.0,-1.0
53,3,984.96,376.51,44.91,154.23,1.0,-1.0,-1.0,-1.0
53,4,320.01,345.94,54.24,85.77,1.0,-1.0,-1.0,-1.0
53,5,727.63,334.27,46.28,107.92,0.99,-1.0,-1.0,-1.0
53,7,391.39,348.81,50.55,84.13,1.0,-1.0,-1.0,-1.0
54,1,440.12,332.6,53.43,77.38,1.0,-1.0,-1.0,-1.0
54,2,409.76,329.23,41.56,79.1,0.97,-1.0,-1.0,-1.0
54,3,984.76,376.59,44.86,154.31,1.0,-1.0,-1.0,-1.0
54,4,315.38,347.69,57.28,87.67,1.0,-1.0,-1.0,-1.0
54,5,729.68,336.12,47.15,106.03,0.99,-1.0,-1.0,-1.0
54,7,390.94,347.56,50.42,85.7,1.0,-1.0,-1.0,-1.0
55,1,443.09,331.78,51.42,77.89,0.99,-1.0,-1.0,-1.0
55,2,414.27,326.81,41.82,78.26,0.98,-1.0,-1.0,-1.0
55,3,985.3,376.34,43.66,154.34,1.0,-1.0,-1.0,-1.0
55,4,312.09,349.94,58.76,88.38,0.99,-1.0,-1.0,-1.0
55,5,731.9,340.11,51.05,104.1,0.99,-1.0,-1.0,-1.0
55,7,390.22,345.6,51.27,87.75,1.0,-1.0,-1.0,-1.0
56,1,445.72,331.5,48.99,78.39,1.0,-1.0,-1.0,-1.0
56,2,416.08,325.77,42.79,77.39,0.97,-1.0,-1.0,-1.0
56,3,985.48,376.23,43.22,154.35,1.0,-1.0,-1.0,-1.0
56,4,310.15,351.79,59.31,88.35,1.0,-1.0,-1.0,-1.0
56,5,732.97,341.58,51.93,103.38,1.0,-1.0,-1.0,-1.0
56,7,390.39,344.68,51.59,88.82,1.0,-1.0,-1.0,-1.0
57,1,449.49,332.03,47.35,77.99,1.0,-1.0,-1.0,-1.0
57,2,416.4,324.23,41.7,77.7,0.99,-1.0,-1.0,-1.0
57,3,985.55,376.2,43.08,154.35,1.0,-1.0,-1.0,-1.0
57,4,307.65,355.3,62.38,85.95,1.0,-1.0,-1.0,-1.0
57,5,733.33,342.57,52.84,103.11,0.99,-1.0,-1.0,-1.0
57,7,391.84,344.93,50.23,90.09,1.0,-1.0,-1.0,-1.0
58,1,451.48,332.7,46.32,77.55,1.0,-1.0,-1.0,-1.0
58,2,416.52,322.78,40.96,79.65,0.99,-1.0,-1.0,-1.0
58,3,984.96,376.34,44.24,154.21,1.0,-1.0,-1.0,-1.0
58,4,306.44,357.47,62.97,83.83,1.0,-1.0,-1.0,-1.0
58,5,733.97,342.61,52.6,103.31,1.0,-1.0,-1.0,-1.0
58,7,392.55,345.31,50.01,91.73,1.0,-1.0,-1.0,-1.0
59,1,453.16,334.0,45.21,76.2,1.0,-1.0,-1.0,-1.0
59,2,417.07,320.49,40.08,82.18,0.99,-1.0,-1.0,-1.0
59,3,985.33,376.39,43.5,154.15,1.0,-1.0,-1.0,-1.0
59,4,306.24,359.11,58.52,82.14,1.0,-1.0,-1.0,-1.0
59,5,733.87,340.66,53.66,105.18,0.99,-1.0,-1.0,-1.0
59,7,392.83,345.59,49.33,92.92,1.0,-1.0,-1.0,-1.0
60,1,453.67,334.45,44.82,76.0,0.99,-1.0,-1.0,-1.0
60,2,417.94,318.71,39.44,85.79,1.0,-1.0,-1.0,-1.0
60,3,985.46,376.54,43.21,153.98,1.0,-1.0,-1.0,-1.0
60,4,305.91,359.44,55.75,81.83,1.0,-1.0,-1.0,-1.0
60,5,733.2,339.87,54.63,105.89,1.0,-1.0,-1.0,-1.0
60,7,392.79,345.34,49.07,93.94,1.0,-1.0,-1.0,-1.0
61,1,453.59,334.88,44.86,75.94,1.0,-1.0,-1.0,-1.0
61,2,418.32,317.29,38.9,85.72,1.0,-1.0,-1.0,-1.0
61,3,985.51,376.6,43.1,153.92,1.0,-1.0,-1.0,-1.0
61,4,306.33,357.51,49.59,83.84,1.0,-1.0,-1.0,-1.0
61,5,734.35,339.39,53.22,106.16,1.0,-1.0,-1.0,-1.0
61,7,391.87,345.04,47.48,94.01,1.0,-1.0,-1.0,-1.0
62,1,454.4,335.09,44.6,75.62,0.99,-1.0,-1.0,-1.0
62,2,418.26,316.25,39.01,86.26,1.0,-1.0,-1.0,-1.0
62,3,985.52,376.63,43.08,153.9,1.0,-1.0,-1.0,-1.0
62,4,305.12,356.07,48.18,85.78,1.0,-1.0,-1.0,-1.0
62,5,734.75,338.63,52.66,106.84,1.0,-1.0,-1.0,-1.0
62,7,390.94,344.53,47.51,94.59,1.0,-1.0,-1.0,-1.0
63,1,455.37,334.74,43.48,75.81,0.99,-1.0,-1.0,-1.0
63,2,418.92,315.91,39.06,84.98,1.0,-1.0,-1.0,-1.0
63,3,985.52,376.64,43.09,153.89,1.0,-1.0,-1.0,-1.0
63,4,303.52,355.06,49.54,89.46,1.0,-1.0,-1.0,-1.0
63,5,734.27,338.35,53.62,107.09,1.0,-1.0,-1.0,-1.0
63,7,389.7,343.91,46.63,95.08,0.99,-1.0,-1.0,-1.0
64,1,455.79,334.19,43.24,76.19,0.99,-1.0,-1.0,-1.0
64,2,419.55,316.6,39.98,83.59,0.99,-1.0,-1.0,-1.0
64,3,984.93,376.5,44.3,154.03,1.0,-1.0,-1.0,-1.0
64,4,301.2,354.7,51.84,92.9,1.0,-1.0,-1.0,-1.0
64,5,733.76,337.96,53.98,107.47,1.0,-1.0,-1.0,-1.0
64,7,388.95,344.0,44.51,95.24,1.0,-1.0,-1.0,-1.0
65,1,458.31,333.16,41.07,76.34,1.0,-1.0,-1.0,-1.0
65,2,420.64,319.21,39.15,79.77,1.0,-1.0,-1.0,-1.0
65,3,984.71,376.47,44.77,154.38,1.0,-1.0,-1.0,-1.0
65,4,296.42,354.76,56.25,95.08,1.0,-1.0,-1.0,-1.0
65,5,734.72,338.0,52.94,107.9,1.0,-1.0,-1.0,-1.0
65,7,388.7,345.73,44.66,96.45,1.0,-1.0,-1.0,-1.0
66,1,458.87,332.7,40.28,76.1,1.0,-1.0,-1.0,-1.0
66,2,421.02,320.32,38.82,78.03,1.0,-1.0,-1.0,-1.0
66,3,985.22,376.44,43.75,154.51,1.0,-1.0,-1.0,-1.0
66,4,294.96,353.95,57.63,96.19,1.0,-1.0,-1.0,-1.0
66,5,735.07,337.97,53.11,108.05,1.0,-1.0,-1.0,-1.0
66,7,388.65,348.07,44.72,96.89,1.0,-1.0,-1.0,-1.0
67,1,459.64,331.91,40.33,75.42,0.99,-1.0,-1.0,-1.0
67,2,420.08,320.7,40.2,78.02,1.0,-1.0,-1.0,-1.0
67,3,984.82,376.42,44.54,154.56,1.0,-1.0,-1.0,-1.0
67,4,294.36,351.83,59.89,98.05,1.0,-1.0,-1.0,-1.0
67,5,734.89,337.95,53.16,108.69,0.99,-1.0,-1.0,-1.0
67,7,389.41,352.61,43.86,96.44,1.0,-1.0,-1.0,-1.0
68,1,460.76,332.54,40.07,71.89,1.0,-1.0,-1.0,-1.0
68,2,418.36,321.33,42.47,77.13,0.99,-1.0,-1.0,-1.0
68,3,984.67,376.27,43.66,154.73,1.0,-1.0,-1.0,-1.0
68,4,294.18,350.3,61.9,99.32,1.0,-1.0,-1.0,-1.0
68,5,734.78,338.39,54.36,108.93,0.99,-1.0,-1.0,-1.0
68,7,390.15,356.13,43.26,94.47,1.0,-1.0,-1.0,-1.0
69,1,462.78,333.39,39.55,70.86,1.0,-1.0,-1.0,-1.0
69,2,415.09,321.41,45.07,75.32,0.99,-1.0,-1.0,-1.0
69,3,984.61,376.36,43.32,154.64,1.0,-1.0,-1.0,-1.0
69,4,295.92,348.97,61.51,100.65,1.0,-1.0,-1.0,-1.0
69,5,735.03,339.3,55.39,108.41,0.99,-1.0,-1.0,-1.0
69,7,391.19,359.66,43.35,91.6,1.0,-1.0,-1.0,-1.0
70,1,464.98,333.84,38.78,71.42,1.0,-1.0,-1.0,-1.0
70,2,413.94,321.73,44.35,73.76,0.99,-1.0,-1.0,-1.0
70,3,984.59,376.24,43.19,154.75,1.0,-1.0,-1.0,-1.0
70,4,298.3,347.56,59.54,102.0,1.0,-1.0,-1.0,-1.0
70,5,735.1,340.07,55.78,107.91,0.99,-1.0,-1.0,-1.0
70,7,391.28,360.92,44.01,90.51,1.0,-1.0,-1.0,-1.0
71,1,465.77,333.39,39.12,72.54,1.0,-1.0,-1.0,-1.0
71,2,412.03,321.38,41.08,72.31,0.99,-1.0,-1.0,-1.0
71,3,984.59,376.34,43.15,154.64,1.0,-1.0,-1.0,-1.0
71,4,305.14,346.85,53.09,102.77,0.99,-1.0,-1.0,-1.0
71,5,735.42,340.79,55.32,106.81,1.0,-1.0,-1.0,-1.0
71,7,391.5,360.41,45.15,90.71,1.0,-1.0,-1.0,-1.0
72,1,465.96,332.65,39.27,73.27,1.0,-1.0,-1.0,-1.0
72,2,408.5,322.8,42.22,68.47,0.99,-1.0,-1.0,-1.0
72,3,984.59,376.23,43.14,154.75,1.0,-1.0,-1.0,-1.0
72,4,310.27,346.33,48.72,103.62,1.0,-1.0,-1.0,-1.0
72,5,735.5,340.92,55.13,106.7,1.0,-1.0,-1.0,-1.0
72,7,391.68,359.16,45.89,91.39,1.0,-1.0,-1.0,-1.0
73,1,465.7,330.59,39.34,75.04,0.99,-1.0,-1.0,-1.0
73,2,405.22,322.55,44.1,68.02,0.99,-1.0,-1.0,-1.0
73,3,984.59,376.49,43.14,154.49,1.0,-1.0,-1.0,-1.0
73,4,324.59,347.16,37.84,98.62,0.99,-1.0,-1.0,-1.0
73,5,735.53,340.96,55.05,106.65,1.0,-1.0,-1.0,-1.0
73,7,393.11,356.27,46.47,94.02,1.0,-1.0,-1.0,-1.0
74,1,465.52,329.68,39.39,75.72,0.99,-1.0,-1.0,-1.0
74,2,403.37,322.93,45.97,67.6,0.99,-1.0,-1.0,-1.0
74,3,984.59,376.59,43.15,154.4,1.0,-1.0,-1.0,-1.0
74,4,331.28,347.83,34.27,97.52,0.99,-1.0,-1.0,-1.0
74,5,735.21,340.97,55.61,106.64,1.0,-1.0,-1.0,-1.0
74,7,394.05,354.14,46.7,95.61,1.0,-1.0,-1.0,-1.0
75,1,465.74,328.9,39.42,76.26,1.0,-1.0,-1.0,-1.0
75,2,398.22,322.31,49.87,70.82,0.96,-1.0,-1.0,-1.0
75,3,984.59,376.63,43.15,154.35,1.0,-1.0,-1.0,-1.0
75,4,335.49,347.48,36.6,102.77,0.99,-1.0,-1.0,-1.0
75,5,734.8,342.01,55.22,105.74,1.0,-1.0,-1.0,-1.0
75,7,393.55,352.57,50.33,93.84,1.0,-1.0,-1.0,-1.0
76,1,465.75,328.93,39.44,75.59,0.99,-1.0,-1.0,-1.0
76,2,394.08,321.65,46.25,73.19,0.97,-1.0,-1.0,-1.0
76,3,983.99,376.65,44.35,154.35,1.0,-1.0,-1.0,-1.0
76,4,338.47,347.37,35.75,105.86,0.99,-1.0,-1.0,-1.0
76,5,734.01,342.55,55.66,105.41,1.0,-1.0,-1.0,-1.0
76,7,394.33,352.12,53.69,93.15,0.99,-1.0,-1.0,-1.0
77,1,465.17,328.52,40.66,74.72,0.99,-1.0,-1.0,-1.0
77,2,386.66,320.82,46.16,72.93,0.99,-1.0,-1.0,-1.0
77,3,984.36,376.65,43.62,154.33,1.0,-1.0,-1.0,-1.0
77,4,341.92,347.63,41.16,106.45,1.0,-1.0,-1.0,-1.0
77,5,732.55,342.0,57.0,106.17,1.0,-1.0,-1.0,-1.0
77,7,401.83,352.86,50.14,91.38,1.0,-1.0,-1.0,-1.0
78,1,462.54,328.83,42.29,72.9,0.99,-1.0,-1.0,-1.0
78,2,384.7,317.83,44.65,76.12,1.0,-1.0,-1.0,-1.0
78,3,984.51,376.66,43.34,154.33,1.0,-1.0,-1.0,-1.0
78,4,344.7,348.04,41.53,106.93,1.0,-1.0,-1.0,-1.0
78,5,730.22,340.89,59.26,107.36,1.0,-1.0,-1.0,-1.0
78,7,405.01,351.79,50.72,91.02,1.0,-1.0,-1.0,-1.0
79,1,458.24,328.66,44.67,71.93,1.0,-1.0,-1.0,-1.0
79,2,383.97,314.67,38.97,79.06,0.99,-1.0,-1.0,-1.0
79,3,983.95,376.67,44.43,154.35,1.0,-1.0,-1.0,-1.0
79,4,347.17,351.28,45.56,104.74,0.99,-1.0,-1.0,-1.0
79,5,728.7,341.06,60.12,106.93,1.0,-1.0,-1.0,-1.0
79,7,405.92,350.79,52.11,91.5,1.0,-1.0,-1.0,-1.0
80,1,456.36,328.62,45.58,71.87,1.0,-1.0,-1.0,-1.0
80,2,381.9,313.76,38.02,80.48,0.99,-1.0,-1.0,-1.0
80,3,984.35,376.66,43.66,154.34,1.0,-1.0,-1.0,-1.0
80,4,347.56,353.73,49.07,103.24,0.99,-1.0,-1.0,-1.0
80,5,728.75,341.86,59.85,106.16,0.99,-1.0,-1.0,-1.0
80,7,407.04,349.09,52.62,92.86,1.0,-1.0,-1.0,-1.0
81,1,453.71,328.45,46.95,70.37,0.99,-1.0,-1.0,-1.0
81,2,381.21,313.72,37.1,80.72,0.98,-1.0,-1.0,-1.0
81,3,984.5,376.8,43.35,154.49,1.0,-1.0,-1.0,-1.0
81,4,348.02,357.61,57.86,97.3,1.0,-1.0,-1.0,-1.0
81,5,729.36,339.77,59.13,107.96,0.99,-1.0,-1.0,-1.0
81,7,411.65,345.78,51.05,96.34,0.99,-1.0,-1.0,-1.0
82,1,450.16,329.89,50.06,67.7,0.99,-1.0,-1.0,-1.0
82,2,381.42,315.63,35.56,80.79,1.0,-1.0,-1.0,-1.0
82,3,984.58,376.85,44.43,154.24,1.0,-1.0,-1.0,-1.0
82,4,348.98,361.92,65.38,93.79,0.99,-1.0,-1.0,-1.0
82,5,729.36,338.53,58.83,108.62,0.99,-1.0,-1.0,-1.0
82,7,420.76,343.8,46.08,98.52,1.0,-1.0,-1.0,-1.0
83,1,445.56,327.71,54.4,70.08,0.98,-1.0,-1.0,-1.0
83,2,380.1,317.71,36.26,79.92,0.99,-1.0,-1.0,-1.0
83,3,984.57,376.72,44.83,154.31,1.0,-1.0,-1.0,-1.0
83,4,352.48,360.72,70.15,96.8,0.99,-1.0,-1.0,-1.0
83,5,728.71,336.15,55.16,109.47,0.99,-1.0,-1.0,-1.0
83,7,430.69,341.31,42.78,100.23,0.99,-1.0,-1.0,-1.0
84,1,436.39,319.38,63.0,78.65,0.99,-1.0,-1.0,-1.0
84,2,379.91,318.54,35.62,79.56,0.99,-1.0,-1.0,-1.0
84,3,984.61,376.82,44.98,154.18,1.0,-1.0,-1.0,-1.0
84,4,362.84,360.58,67.09,98.18,1.0,-1.0,-1.0,-1.0
84,5,728.23,334.37,51.9,109.77,0.99,-1.0,-1.0,-1.0
84,7,435.57,340.69,42.72,101.73,0.99,-1.0,-1.0,-1.0
85,1,430.64,316.0,64.61,84.39,0.98,-1.0,-1.0,-1.0
85,2,379.08,318.55,34.49,79.72,1.0,-1.0,-1.0,-1.0
85,3,984.6,376.71,45.04,154.29,1.0,-1.0,-1.0,-1.0
85,4,376.08,361.07,62.48,98.42,0.99,-1.0,-1.0,-1.0
85,5,727.72,329.26,48.27,112.56,0.99,-1.0,-1.0,-1.0
85,7,446.09,344.42,42.86,97.03,0.87,-1.0,-1.0,-1.0
86,1,427.78,316.56,65.49,85.25,0.97,-1.0,-1.0,-1.0
86,2,378.13,318.29,33.8,80.06,1.0,-1.0,-1.0,-1.0
86,3,984.62,376.67,45.06,154.32,1.0,-1.0,-1.0,-1.0
86,4,392.57,361.54,55.27,98.21,1.0,-1.0,-1.0,-1.0
86,5,727.9,327.38,43.25,109.47,0.99,-1.0,-1.0,-1.0
86,7,451.37,347.76,44.14,93.03,0.98,-1.0,-1.0,-1.0
87,1,438.0,323.57,54.22,81.76,0.98,-1.0,-1.0,-1.0
87,2,377.54,317.79,33.27,80.47,1.0,-1.0,-1.0,-1.0
87,3,984.03,376.67,46.25,154.33,1.0,-1.0,-1.0,-1.0
87,4,398.94,359.64,57.35,100.51,0.99,-1.0,-1.0,-1.0
87,5,726.71,325.83,40.89,110.63,0.99,-1.0,-1.0,-1.0
87,7,455.29,349.51,53.56,91.24,0.99,-1.0,-1.0,-1.0
88,1,442.17,325.9,50.55,78.26,0.97,-1.0,-1.0,-1.0
88,2,377.19,317.24,32.79,80.91,1.0,-1.0,-1.0,-1.0
88,3,983.8,376.66,46.68,154.34,1.0,-1.0,-1.0,-1.0
88,4,402.28,358.12,62.46,102.55,0.99,-1.0,-1.0,-1.0
88,5,725.67,325.25,40.15,110.18,0.99,-1.0,-1.0,-1.0
88,7,459.13,351.0,58.48,89.69,0.99,-1.0,-1.0,-1.0
89,1,443.24,326.5,46.86,82.61,0.95,-1.0,-1.0,-1.0
89,2,377.05,317.19,32.64,80.78,0.99,-1.0,-1.0,-1.0
89,3,984.28,376.37,46.84,154.65,1.0,-1.0,-1.0,-1.0
89,4,409.99,356.5,72.1,97.16,0.96,-1.0,-1.0,-1.0
89,5,724.05,326.88,41.82,108.52,1.0,-1.0,-1.0,-1.0
89,7,461.05,347.93,64.73,93.36,1.0,-1.0,-1.0,-1.0
90,1,444.97,327.15,44.28,85.04,0.96,-1.0,-1.0,-1.0
90,2,377.11,317.32,32.31,80.42,0.99,-1.0,-1.0,-1.0
90,3,984.5,376.55,46.89,154.46,1.0,-1.0,-1.0,-1.0
90,4,411.4,355.84,77.53,103.17,0.99,-1.0,-1.0,-1.0
90,5,722.94,327.82,43.04,107.27,1.0,-1.0,-1.0,-1.0
90,7,461.25,346.06,69.45,95.28,0.99,-1.0,-1.0,-1.0
91,1,446.63,328.28,47.87,78.4,0.98,-1.0,-1.0,-1.0
91,2,377.26,317.23,32.2,80.28,1.0,-1.0,-1.0,-1.0
91,3,984.55,376.47,46.91,154.25,1.0,-1.0,-1.0,-1.0
91,4,441.08,355.32,58.19,105.61,0.97,-1.0,-1.0,-1.0
91,5,721.61,329.86,44.13,105.32,1.0,-1.0,-1.0,-1.0
91,7,471.32,344.03,61.16,97.21,1.0,-1.0,-1.0,-1.0
92,1,448.14,332.38,47.92,71.72,0.99,-1.0,-1.0,-1.0
92,2,377.41,317.34,32.18,80.21,1.0,-1.0,-1.0,-1.0
92,3,984.0,376.73,46.9,153.86,1.0,-1.0,-1.0,-1.0
92,4,458.03,354.96,47.71,106.39,0.97,-1.0,-1.0,-1.0
92,5,719.99,330.94,45.15,104.29,1.0,-1.0,-1.0,-1.0
92,7,477.75,341.93,56.79,99.4,0.99,-1.0,-1.0,-1.0
93,1,441.06,333.25,57.95,69.58,0.99,-1.0,-1.0,-1.0
93,2,377.73,317.67,32.19,79.89,1.0,-1.0,-1.0,-1.0
93,3,983.18,376.68,46.89,153.87,1.0,-1.0,-1.0,-1.0
93,4,471.27,354.37,50.82,107.11,0.99,-1.0,-1.0,-1.0
93,5,717.29,331.2,47.33,103.93,0.99,-1.0,-1.0,-1.0
93,7,490.14,338.94,52.15,101.99,0.99,-1.0,-1.0,-1.0
94,1,441.64,333.69,58.21,69.15,0.99,-1.0,-1.0,-1.0
94,2,378.24,318.25,32.21,79.16,1.0,-1.0,-1.0,-1.0
94,3,982.9,376.5,46.88,153.72,1.0,-1.0,-1.0,-1.0
94,4,478.26,352.53,52.34,108.23,0.97,-1.0,-1.0,-1.0
94,5,715.47,331.14,49.33,104.1,0.99,-1.0,-1.0,-1.0
94,7,504.95,342.34,42.45,98.87,0.97,-1.0,-1.0,-1.0
95,1,447.51,334.6,52.31,68.11,1.0,-1.0,-1.0,-1.0
95,2,379.73,318.78,30.73,78.89,0.99,-1.0,-1.0,-1.0
95,3,980.98,376.16,48.06,153.97,1.0,-1.0,-1.0,-1.0
95,4,486.47,350.24,67.25,108.94,0.99,-1.0,-1.0,-1.0
95,5,712.43,329.2,51.84,105.97,1.0,-1.0,-1.0,-1.0
95,7,512.19,336.58,44.69,99.09,0.83,-1.0,-1.0,-1.0
96,1,450.13,334.92,49.37,67.76,1.0,-1.0,-1.0,-1.0
96,2,380.81,319.28,30.8,78.19,1.0,-1.0,-1.0,-1.0
96,3,979.11,375.88,49.67,153.91,1.0,-1.0,-1.0,-1.0
96,4,491.12,349.52,76.95,107.41,0.99,-1.0,-1.0,-1.0
96,5,711.03,328.63,52.81,106.68,1.0,-1.0,-1.0,-1.0
96,7,518.5,334.62,44.74,94.72,0.91,-1.0,-1.0,-1.0
97,1,451.49,335.03,48.14,67.66,1.0,-1.0,-1.0,-1.0
97,2,382.53,322.18,30.84,74.64,0.99,-1.0,-1.0,-1.0
97,3,974.87,375.93,52.61,153.74,1.0,-1.0,-1.0,-1.0
97,4,511.88,347.8,69.08,107.68,0.93,-1.0,-1.0,-1.0
97,5,710.21,328.45,53.75,107.25,1.0,-1.0,-1.0,-1.0
97,7,527.8,334.53,49.03,104.79,0.87,-1.0,-1.0,-1.0
98,1,452.13,335.05,47.85,67.65,1.0,-1.0,-1.0,-1.0
98,2,384.07,325.08,30.27,71.78,0.99,-1.0,-1.0,-1.0
98,3,970.98,376.55,56.04,153.39,1.0,-1.0,-1.0,-1.0
98,4,530.49,348.21,58.07,106.29,0.99,-1.0,-1.0,-1.0
98,5,711.11,328.83,52.94,106.88,0.99,-1.0,-1.0,-1.0
98,7,536.35,335.92,46.51,102.05,0.7,-1.0,-1.0,-1.0
99,1,454.45,335.02,47.73,67.67,1.0,-1.0,-1.0,-1.0
99,2,385.39,326.72,30.07,70.46,0.99,-1.0,-1.0,-1.0
99,3,964.32,379.32,60.78,150.72,1.0,-1.0,-1.0,-1.0
99,4,546.92,347.04,51.8,106.33,0.97,-1.0,-1.0,-1.0
99,5,711.22,329.73,53.77,106.73,0.99,-1.0,-1.0,-1.0
99,7,546.25,336.71,46.07,102.04,0.86,-1.0,-1.0,-1.0
100,1,455.62,334.69,48.29,68.0,0.99,-1.0,-1.0,-1.0
100,2,385.88,327.27,30.31,69.71,0.99,-1.0,-1.0,-1.0
100,3,958.91,380.95,64.89,149.12,0.99,-1.0,-1.0,-1.0
100,4,559.39,345.87,54.0,108.71,0.98,-1.0,-1.0,-1.0
100,5,711.32,330.65,55.24,106.38,1.0,-1.0,-1.0,-1.0
100,7,548.43,337.31,51.33,102.31,0.97,-1.0,-1.0,-1.0
101,1,456.02,334.57,49.1,68.43,1.0,-1.0,-1.0,-1.0
101,2,386.03,327.3,31.9,70.07,0.99,-1.0,-1.0,-1.0
101,3,948.3,383.66,75.54,146.44,1.0,-1.0,-1.0,-1.0
101,4,566.86,345.76,58.91,109.3,0.94,-1.0,-1.0,-1.0
101,5,713.11,331.62,54.05,106.25,1.0,-1.0,-1.0,-1.0
101,7,550.67,342.45,64.11,97.66,0.95,-1.0,-1.0,-1.0
102,1,456.73,334.5,49.4,68.32,1.0,-1.0,-1.0,-1.0
102,2,385.93,327.73,33.96,69.93,0.99,-1.0,-1.0,-1.0
102,3,941.97,385.24,81.9,144.86,1.0,-1.0,-1.0,-1.0
102,4,573.81,345.15,63.06,109.21,0.94,-1.0,-1.0,-1.0
102,5,714.75,332.27,52.96,105.9,0.99,-1.0,-1.0,-1.0
102,7,556.76,341.74,64.71,96.14,0.98,-1.0,-1.0,-1.0
103,1,462.63,334.46,44.18,66.19,1.0,-1.0,-1.0,-1.0
103,2,386.62,327.56,34.75,71.71,0.98,-1.0,-1.0,-1.0
103,3,936.09,386.09,87.83,143.71,1.0,-1.0,-1.0,-1.0
103,4,585.41,343.75,70.99,101.46,0.99,-1.0,-1.0,-1.0
103,5,719.29,333.4,49.56,104.88,1.0,-1.0,-1.0,-1.0
103,7,572.94,337.71,55.16,97.09,0.97,-1.0,-1.0,-1.0
104,1,465.49,334.28,41.49,64.2,1.0,-1.0,-1.0,-1.0
104,2,386.57,327.32,36.51,75.94,0.99,-1.0,-1.0,-1.0
104,3,933.72,386.07,90.2,144.21,1.0,-1.0,-1.0,-1.0
104,4,595.12,345.08,69.61,98.43,0.99,-1.0,-1.0,-1.0
104,5,718.58,333.66,51.29,104.5,1.0,-1.0,-1.0,-1.0
104,7,585.53,338.15,46.68,94.77,0.97,-1.0,-1.0,-1.0
105,1,465.81,332.55,42.45,67.73,1.0,-1.0,-1.0,-1.0
105,2,386.11,327.37,38.34,75.5,1.0,-1.0,-1.0,-1.0
105,3,931.75,384.39,88.82,146.97,1.0,-1.0,-1.0,-1.0
105,4,607.25,339.81,65.97,106.78,1.0,-1.0,-1.0,-1.0
105,5,720.4,330.62,48.37,107.94,1.0,-1.0,-1.0,-1.0
105,7,593.08,333.09,47.39,99.9,0.98,-1.0,-1.0,-1.0
106,1,466.54,331.33,42.18,69.88,1.0,-1.0,-1.0,-1.0
106,2,386.39,326.77,38.75,75.61,0.99,-1.0,-1.0,-1.0
106,3,931.12,383.13,85.84,148.61,1.0,-1.0,-1.0,-1.0
106,4,617.16,338.52,59.68,109.15,0.99,-1.0,-1.0,-1.0
106,5,721.45,329.19,47.22,109.52,1.0,-1.0,-1.0,-1.0
106,7,598.63,330.95,48.22,101.18,0.97,-1.0,-1.0,-1.0
107,1,467.02,331.17,40.9,70.71,1.0,-1.0,-1.0,-1.0
107,2,389.06,326.68,38.61,75.94,0.99,-1.0,-1.0,-1.0
107,3,930.39,380.42,75.23,151.17,1.0,-1.0,-1.0,-1.0
107,4,631.91,337.18,51.09,106.26,0.99,-1.0,-1.0,-1.0
107,5,723.61,328.79,46.21,110.12,0.98,-1.0,-1.0,-1.0
107,7,607.56,333.55,49.13,95.78,0.97,-1.0,-1.0,-1.0
108,1,467.45,330.82,39.83,71.62,1.0,-1.0,-1.0,-1.0
108,2,392.3,326.19,37.65,76.95,0.99,-1.0,-1.0,-1.0
108,3,929.7,378.07,67.21,153.18,1.0,-1.0,-1.0,-1.0
108,4,639.42,339.11,47.27,100.62,0.95,-1.0,-1.0,-1.0
108,5,724.09,328.65,48.28,110.33,0.99,-1.0,-1.0,-1.0
108,7,617.5,333.87,50.05,93.95,0.98,-1.0,-1.0,-1.0
109,1,466.03,331.28,42.52,70.78,0.99,-1.0,-1.0,-1.0
109,2,396.18,324.52,36.67,79.09,0.99,-1.0,-1.0,-1.0
109,3,925.83,376.29,58.09,154.52,0.99,-1.0,-1.0,-1.0
109,4,649.77,337.77,47.92,104.25,0.71,-1.0,-1.0,-1.0
109,5,727.2,331.12,47.85,109.22,0.99,-1.0,-1.0,-1.0
109,7,628.97,333.71,57.49,94.49,0.97,-1.0,-1.0,-1.0
110,1,464.63,331.47,45.83,71.04,0.99,-1.0,-1.0,-1.0
110,2,398.51,323.45,35.99,80.49,0.99,-1.0,-1.0,-1.0
110,3,923.35,375.49,53.57,155.17,0.99,-1.0,-1.0,-1.0
110,4,655.52,335.98,49.38,107.91,0.87,-1.0,-1.0,-1.0
110,5,727.48,333.13,48.88,110.26,0.99,-1.0,-1.0,-1.0
110,7,634.1,333.83,64.17,95.3,0.96,-1.0,-1.0,-1.0
111,1,471.01,333.78,41.33,70.84,0.99,-1.0,-1.0,-1.0
111,2,401.13,324.52,38.72,79.25,0.99,-1.0,-1.0,-1.0
111,3,915.29,376.98,56.92,154.22,1.0,-1.0,-1.0,-1.0
111,5,728.45,336.39,48.09,111.54,0.99,-1.0,-1.0,-1.0
111,8,735.92,316.71,39.15,77.3,0.99,-1.0,-1.0,-1.0
111,7,635.96,334.2,76.91,104.84,0.99,-1.0,-1.0,-1.0
112,1,468.71,334.22,44.36,71.05,1.0,-1.0,-1.0,-1.0
112,2,403.54,325.24,39.71,79.64,0.99,-1.0,-1.0,-1.0
112,3,905.72,379.95,64.37,151.16,1.0,-1.0,-1.0,-1.0
112,5,727.91,338.37,48.39,111.72,0.99,-1.0,-1.0,-1.0
112,7,637.81,336.2,76.63,96.02,0.99,-1.0,-1.0,-1.0
112,4,671.36,340.29,51.53,103.9,0.97,-1.0,-1.0,-1.0
113,1,472.89,333.5,44.81,72.31,0.99,-1.0,-1.0,-1.0
113,2,408.07,325.22,40.96,82.42,0.99,-1.0,-1.0,-1.0
113,3,890.98,384.51,78.94,147.45,1.0,-1.0,-1.0,-1.0
113,5,724.4,339.39,49.7,113.54,1.0,-1.0,-1.0,-1.0
113,7,645.71,332.06,69.5,95.28,0.98,-1.0,-1.0,-1.0
113,4,679.2,340.68,50.88,103.47,0.99,-1.0,-1.0,-1.0
114,1,476.56,333.65,44.98,73.08,1.0,-1.0,-1.0,-1.0
114,2,410.94,327.53,41.43,80.84,0.99,-1.0,-1.0,-1.0
114,3,885.21,387.86,83.51,144.4,1.0,-1.0,-1.0,-1.0
114,5,724.83,340.19,48.42,113.63,0.99,-1.0,-1.0,-1.0
114,7,654.68,333.26,62.24,88.44,0.95,-1.0,-1.0,-1.0
114,4,682.96,340.66,50.02,103.33,0.99,-1.0,-1.0,-1.0
115,1,481.71,337.08,43.27,69.53,1.0,-1.0,-1.0,-1.0
115,2,412.37,330.34,43.64,79.6,1.0,-1.0,-1.0,-1.0
115,3,882.75,389.67,85.1,142.7,1.0,-1.0,-1.0,-1.0
115,5,720.47,340.89,52.71,113.35,0.99,-1.0,-1.0,-1.0
115,7,667.99,328.2,50.92,93.23,0.97,-1.0,-1.0,-1.0
115,4,689.68,339.89,44.9,103.6,0.99,-1.0,-1.0,-1.0
116,1,487.29,337.79,40.19,68.74,0.99,-1.0,-1.0,-1.0
116,2,412.81,331.69,47.49,79.41,1.0,-1.0,-1.0,-1.0
116,3,882.32,389.69,82.49,143.29,1.0,-1.0,-1.0,-1.0
116,5,717.78,340.83,55.41,113.52,0.99,-1.0,-1.0,-1.0
116,7,673.97,326.89,42.77,92.23,0.98,-1.0,-1.0,-1.0
116,4,695.1,338.55,40.43,104.9,0.99,-1.0,-1.0,-1.0
117,1,493.23,338.48,40.28,68.75,0.99,-1.0,-1.0,-1.0
117,2,415.59,334.69,52.22,79.92,0.99,-1.0,-1.0,-1.0
117,3,882.09,387.57,75.77,145.03,1.0,-1.0,-1.0,-1.0
117,5,713.23,341.36,58.2,112.97,0.99,-1.0,-1.0,-1.0
117,7,679.38,324.18,45.37,94.54,0.94,-1.0,-1.0,-1.0
117,4,700.96,338.94,50.96,103.62,0.89,-1.0,-1.0,-1.0
118,1,496.5,338.44,40.92,69.36,0.99,-1.0,-1.0,-1.0
118,2,420.47,336.26,47.81,80.11,0.98,-1.0,-1.0,-1.0
118,3,882.33,385.87,68.22,146.6,1.0,-1.0,-1.0,-1.0
118,5,712.07,341.7,58.12,112.75,0.99,-1.0,-1.0,-1.0
118,7,684.55,323.96,49.18,93.04,0.87,-1.0,-1.0,-1.0
118,4,703.35,338.96,41.93,85.51,0.83,-1.0,-1.0,-1.0
119,1,501.76,335.88,41.17,70.49,0.98,-1.0,-1.0,-1.0
119,2,433.65,337.7,41.64,79.58,0.99,-1.0,-1.0,-1.0
119,3,879.87,382.98,56.42,149.13,1.0,-1.0,-1.0,-1.0
119,5,712.48,341.8,55.14,112.36,1.0,-1.0,-1.0,-1.0
119,7,689.19,325.72,48.83,83.5,0.56,-1.0,-1.0,-1.0
119,4,706.0,337.38,44.59,92.92,0.3,-1.0,-1.0,-1.0
120,1,504.27,334.77,44.84,70.32,0.97,-1.0,-1.0,-1.0
120,2,439.65,337.78,45.26,80.26,0.99,-1.0,-1.0,-1.0
120,3,877.73,381.32,51.76,150.68,1.0,-1.0,-1.0,-1.0
120,5,710.34,340.8,55.72,114.88,0.99,-1.0,-1.0,-1.0
120,8,731.62,316.5,38.53,73.04,0.95,-1.0,-1.0,-1.0
120,7,692.12,329.14,57.11,78.28,0.81,-1.0,-1.0,-1.0
121,1,508.83,334.95,47.35,69.37,0.99,-1.0,-1.0,-1.0
121,2,444.66,338.22,50.08,84.37,1.0,-1.0,-1.0,-1.0
121,3,872.62,381.75,52.88,150.54,1.0,-1.0,-1.0,-1.0
121,5,703.31,341.75,61.81,114.65,1.0,-1.0,-1.0,-1.0
121,8,730.89,316.57,39.29,67.76,0.96,-1.0,-1.0,-1.0
122,1,511.47,335.16,50.64,72.89,0.99,-1.0,-1.0,-1.0
122,2,447.77,338.37,53.35,82.7,1.0,-1.0,-1.0,-1.0
122,3,865.5,383.23,58.21,148.83,1.0,-1.0,-1.0,-1.0
122,5,697.94,342.97,65.77,114.54,0.99,-1.0,-1.0,-1.0
122,8,733.04,316.58,37.22,66.79,0.97,-1.0,-1.0,-1.0
122,4,712.33,341.23,60.2,101.0,0.92,-1.0,-1.0,-1.0
123,1,519.2,335.67,46.21,73.89,0.99,-1.0,-1.0,-1.0
123,2,460.6,341.49,50.82,77.26,0.99,-1.0,-1.0,-1.0
123,3,855.01,385.45,68.06,146.85,1.0,-1.0,-1.0,-1.0
123,5,695.76,344.01,66.2,113.6,1.0,-1.0,-1.0,-1.0
123,8,734.16,316.89,36.4,62.83,0.98,-1.0,-1.0,-1.0
123,4,716.41,338.72,59.82,105.08,0.99,-1.0,-1.0,-1.0
124,1,523.43,334.54,46.71,75.44,0.99,-1.0,-1.0,-1.0
124,2,467.52,343.08,48.5,74.85,0.99,-1.0,-1.0,-1.0
124,3,849.96,387.6,73.5,145.34,1.0,-1.0,-1.0,-1.0
124,5,695.03,344.07,65.73,113.52,1.0,-1.0,-1.0,-1.0
124,8,734.62,316.84,36.1,60.77,0.96,-1.0,-1.0,-1.0
124,4,719.61,337.5,57.8,107.14,0.99,-1.0,-1.0,-1.0
125,1,529.28,335.55,52.78,75.73,1.0,-1.0,-1.0,-1.0
125,2,474.99,346.34,51.16,72.78,0.99,-1.0,-1.0,-1.0
125,3,847.78,390.04,75.43,142.55,1.0,-1.0,-1.0,-1.0
125,5,694.5,342.43,63.16,114.68,0.99,-1.0,-1.0,-1.0
125,8,733.86,316.65,37.19,75.46,0.96,-1.0,-1.0,-1.0
125,4,729.68,333.96,49.91,111.4,0.97,-1.0,-1.0,-1.0
126,1,536.32,337.73,51.64,74.64,0.99,-1.0,-1.0,-1.0
126,2,480.36,349.02,48.08,76.59,0.99,-1.0,-1.0,-1.0
126,3,847.2,390.62,75.58,142.11,1.0,-1.0,-1.0,-1.0
126,5,694.15,342.24,62.71,114.81,1.0,-1.0,-1.0,-1.0
126,8,733.64,316.74,37.6,77.84,0.96,-1.0,-1.0,-1.0
126,4,735.82,332.19,45.46,112.7,0.99,-1.0,-1.0,-1.0
127,1,541.32,340.32,58.12,74.5,1.0,-1.0,-1.0,-1.0
127,2,486.66,351.71,44.97,76.79,1.0,-1.0,-1.0,-1.0
127,3,843.97,390.21,74.98,142.58,1.0,-1.0,-1.0,-1.0
127,5,694.64,344.07,61.34,112.78,1.0,-1.0,-1.0,-1.0
127,8,731.77,316.61,39.53,76.8,0.96,-1.0,-1.0,-1.0
127,4,742.7,331.8,43.27,113.15,0.96,-1.0,-1.0,-1.0
128,1,543.78,341.6,64.44,74.73,0.99,-1.0,-1.0,-1.0
128,2,489.38,353.0,48.06,76.57,0.99,-1.0,-1.0,-1.0
128,3,842.61,389.3,72.94,143.51,1.0,-1.0,-1.0,-1.0
128,5,694.91,343.43,59.6,113.49,1.0,-1.0,-1.0,-1.0
128,4,747.09,334.04,41.89,106.83,0.98,-1.0,-1.0,-1.0
128,12,719.1,338.4,43.2,85.05,0.9,-1.0,-1.0,-1.0
129,1,549.72,345.17,64.2,72.44,0.99,-1.0,-1.0,-1.0
129,2,492.71,352.06,51.47,78.28,0.99,-1.0,-1.0,-1.0
129,3,842.01,387.59,69.72,145.22,1.0,-1.0,-1.0,-1.0
129,5,695.1,344.51,58.93,112.26,0.99,-1.0,-1.0,-1.0
129,4,750.93,339.61,51.25,106.96,0.98,-1.0,-1.0,-1.0
129,12,726.7,336.6,36.72,85.77,0.86,-1.0,-1.0,-1.0
130,1,554.54,347.25,61.7,70.35,1.0,-1.0,-1.0,-1.0
130,2,495.58,349.9,52.21,80.99,1.0,-1.0,-1.0,-1.0
130,3,842.25,386.65,67.85,146.17,1.0,-1.0,-1.0,-1.0
130,5,695.49,345.35,58.08,111.2,1.0,-1.0,-1.0,-1.0
130,4,756.9,342.98,52.74,107.0,0.92,-1.0,-1.0,-1.0
130,12,730.78,336.08,36.86,86.25,0.85,-1.0,-1.0,-1.0
131,1,559.79,349.46,57.11,68.37,1.0,-1.0,-1.0,-1.0
131,2,498.85,344.91,47.22,85.82,1.0,-1.0,-1.0,-1.0
131,3,842.8,385.36,67.13,147.13,1.0,-1.0,-1.0,-1.0
131,5,696.0,345.62,58.35,111.11,1.0,-1.0,-1.0,-1.0
131,4,760.27,350.74,55.63,105.8,0.99,-1.0,-1.0,-1.0
131,12,731.97,331.87,39.05,89.9,0.95,-1.0,-1.0,-1.0
132,1,563.95,350.57,52.87,67.04,1.0,-1.0,-1.0,-1.0
132,2,500.68,342.14,44.55,87.37,1.0,-1.0,-1.0,-1.0
132,3,844.59,385.05,65.66,147.35,1.0,-1.0,-1.0,-1.0
132,5,695.58,345.14,59.65,111.38,1.0,-1.0,-1.0,-1.0
132,4,757.68,353.56,61.9,106.22,0.99,-1.0,-1.0,-1.0
132,12,732.21,331.07,41.05,88.74,0.96,-1.0,-1.0,-1.0
133,1,568.35,348.81,48.23,68.39,1.0,-1.0,-1.0,-1.0
133,2,503.65,339.14,40.54,85.62,0.99,-1.0,-1.0,-1.0
133,3,846.32,385.24,65.1,147.42,1.0,-1.0,-1.0,-1.0
133,5,698.14,342.86,57.77,112.98,0.99,-1.0,-1.0,-1.0
133,4,758.33,356.8,64.88,104.28,0.99,-1.0,-1.0,-1.0
133,12,736.36,331.24,49.93,89.54,0.92,-1.0,-1.0,-1.0
134,1,571.23,348.15,44.66,68.59,0.99,-1.0,-1.0,-1.0
134,2,505.38,337.68,36.57,85.18,1.0,-1.0,-1.0,-1.0
134,3,847.3,385.63,64.89,146.85,1.0,-1.0,-1.0,-1.0
134,5,699.72,342.01,57.04,113.29,1.0,-1.0,-1.0,-1.0
134,4,759.78,357.83,64.92,104.27,0.99,-1.0,-1.0,-1.0
134,12,739.51,330.74,54.8,92.93,0.92,-1.0,-1.0,-1.0
135,1,571.74,340.26,45.3,77.04,0.99,-1.0,-1.0,-1.0
135,2,507.05,334.92,37.13,86.48,1.0,-1.0,-1.0,-1.0
135,3,846.55,386.82,66.01,145.59,1.0,-1.0,-1.0,-1.0
135,5,705.13,341.24,52.56,113.11,1.0,-1.0,-1.0,-1.0
135,4,764.23,360.1,60.81,102.63,1.0,-1.0,-1.0,-1.0
135,12,744.47,332.58,51.56,88.93,0.97,-1.0,-1.0,-1.0
136,1,571.51,336.81,44.92,80.69,0.99,-1.0,-1.0,-1.0
136,2,506.93,333.88,39.78,86.94,1.0,-1.0,-1.0,-1.0
136,3,848.36,387.41,64.05,144.67,1.0,-1.0,-1.0,-1.0
136,5,707.15,340.94,50.87,113.03,1.0,-1.0,-1.0,-1.0
136,4,766.04,361.47,59.08,101.1,1.0,-1.0,-1.0,-1.0
136,12,745.46,331.63,49.26,90.41,0.96,-1.0,-1.0,-1.0
137,1,564.25,328.64,47.85,86.73,1.0,-1.0,-1.0,-1.0
137,2,509.19,331.42,41.33,87.1,1.0,-1.0,-1.0,-1.0
137,3,849.42,387.91,63.29,144.32,0.99,-1.0,-1.0,-1.0
137,5,707.84,340.82,50.3,113.29,1.0,-1.0,-1.0,-1.0
137,4,765.39,365.05,58.99,97.68,0.99,-1.0,-1.0,-1.0
137,12,745.11,329.93,43.45,90.62,0.96,-1.0,-1.0,-1.0
138,1,555.99,324.2,53.04,89.92,1.0,-1.0,-1.0,-1.0
138,2,511.12,329.21,41.36,85.36,1.0,-1.0,-1.0,-1.0
138,3,850.44,387.95,61.82,144.34,1.0,-1.0,-1.0,-1.0
138,5,707.74,340.64,50.73,113.98,1.0,-1.0,-1.0,-1.0
138,4,763.56,366.79,60.71,95.65,0.99,-1.0,-1.0,-1.0
138,12,741.67,328.73,44.82,89.17,0.97,-1.0,-1.0,-1.0
139,1,557.72,324.48,48.14,85.71,0.99,-1.0,-1.0,-1.0
139,2,518.32,327.21,37.2,83.78,0.99,-1.0,-1.0,-1.0
139,3,850.59,388.12,63.1,144.51,1.0,-1.0,-1.0,-1.0
139,5,707.11,341.48,52.12,113.65,1.0,-1.0,-1.0,-1.0
139,4,758.43,368.72,66.01,95.99,0.99,-1.0,-1.0,-1.0
139,12,742.02,328.47,44.09,89.5,0.98,-1.0,-1.0,-1.0
140,1,559.9,324.85,44.19,83.31,1.0,-1.0,-1.0,-1.0
140,2,521.19,326.36,36.21,82.57,0.99,-1.0,-1.0,-1.0
140,3,850.34,388.18,65.95,144.28,1.0,-1.0,-1.0,-1.0
140,5,706.54,341.51,52.65,113.81,1.0,-1.0,-1.0,-1.0
140,4,755.28,366.82,69.72,101.39,0.98,-1.0,-1.0,-1.0
140,12,744.48,328.86,41.35,90.52,0.97,-1.0,-1.0,-1.0
141,1,561.32,325.66,40.9,80.3,0.99,-1.0,-1.0,-1.0
141,2,526.12,326.26,34.66,81.22,0.99,-1.0,-1.0,-1.0
141,3,850.6,389.71,70.84,142.41,1.0,-1.0,-1.0,-1.0
141,5,704.26,341.25,54.66,113.58,1.0,-1.0,-1.0,-1.0
141,4,752.85,365.09,71.75,109.69,0.97,-1.0,-1.0,-1.0
141,12,743.54,329.49,49.49,96.86,0.93,-1.0,-1.0,-1.0
142,1,562.06,326.32,39.76,80.32,0.99,-1.0,-1.0,-1.0
142,2,529.56,326.57,34.74,80.72,0.99,-1.0,-1.0,-1.0
142,3,851.24,391.34,75.0,140.97,1.0,-1.0,-1.0,-1.0
142,5,704.24,341.46,54.83,113.49,1.0,-1.0,-1.0,-1.0
142,4,746.03,364.98,58.71,112.86,0.98,-1.0,-1.0,-1.0
142,12,743.51,330.91,54.51,91.66,0.98,-1.0,-1.0,-1.0
143,1,563.53,326.88,38.16,76.46,0.99,-1.0,-1.0,-1.0
143,2,533.73,326.86,43.3,81.14,0.99,-1.0,-1.0,-1.0
143,3,850.36,393.41,85.23,139.24,1.0,-1.0,-1.0,-1.0
143,5,708.97,341.23,50.75,110.18,0.99,-1.0,-1.0,-1.0
143,4,732.03,369.08,66.2,110.17,0.99,-1.0,-1.0,-1.0
143,12,742.05,334.37,58.24,86.45,0.98,-1.0,-1.0,-1.0
144,1,564.0,327.27,38.86,72.23,0.99,-1.0,-1.0,-1.0
144,2,535.28,327.41,46.79,80.7,1.0,-1.0,-1.0,-1.0
144,3,850.83,393.99,89.46,138.77,1.0,-1.0,-1.0,-1.0
144,5,711.4,341.12,47.32,107.11,0.98,-1.0,-1.0,-1.0
144,4,725.05,370.92,68.58,108.74,0.99,-1.0,-1.0,-1.0
144,12,739.71,335.63,61.4,84.81,0.98,-1.0,-1.0,-1.0
145,1,567.21,327.74,37.31,70.67,0.99,-1.0,-1.0,-1.0
145,2,535.79,317.92,40.36,89.51,0.92,-1.0,-1.0,-1.0
145,3,848.82,392.38,97.93,139.21,1.0,-1.0,-1.0,-1.0
145,5,711.67,340.46,47.97,106.9,0.99,-1.0,-1.0,-1.0
145,4,714.21,371.71,74.69,108.32,0.99,-1.0,-1.0,-1.0
145,12,734.81,326.38,65.44,93.62,0.99,-1.0,-1.0,-1.0
146,1,568.93,327.16,36.77,72.57,0.99,-1.0,-1.0,-1.0
146,2,534.98,314.46,37.47,92.71,0.97,-1.0,-1.0,-1.0
146,3,849.1,391.0,100.69,139.84,1.0,-1.0,-1.0,-1.0
146,5,710.2,340.22,47.0,104.44,0.98,-1.0,-1.0,-1.0
146,4,704.61,370.62,81.58,110.37,0.99,-1.0,-1.0,-1.0
146,12,729.98,322.49,69.82,98.2,0.99,-1.0,-1.0,-1.0
147,1,571.08,326.23,35.39,75.66,0.99,-1.0,-1.0,-1.0
147,2,536.79,312.57,33.39,93.1,0.99,-1.0,-1.0,-1.0
147,3,854.66,389.59,104.84,139.5,1.0,-1.0,-1.0,-1.0
147,5,711.48,340.14,46.66,105.36,0.99,-1.0,-1.0,-1.0
147,8,733.55,316.92,37.98,81.05,0.98,-1.0,-1.0,-1.0
147,4,690.77,370.33,88.22,115.38,0.99,-1.0,-1.0,-1.0
148,1,571.19,325.62,36.16,77.42,0.99,-1.0,-1.0,-1.0
148,2,535.72,314.7,33.8,89.99,0.99,-1.0,-1.0,-1.0
148,3,862.86,388.17,103.31,139.98,1.0,-1.0,-1.0,-1.0
148,5,709.53,338.79,50.8,114.99,1.0,-1.0,-1.0,-1.0
148,4,680.78,370.65,83.59,117.99,0.98,-1.0,-1.0,-1.0
148,12,726.63,317.51,52.49,83.53,0.82,-1.0,-1.0,-1.0
149,1,574.2,324.66,37.65,78.68,0.99,-1.0,-1.0,-1.0
149,2,531.99,319.32,38.19,85.15,1.0,-1.0,-1.0,-1.0
149,3,878.88,386.74,93.29,140.47,1.0,-1.0,-1.0,-1.0
149,5,710.84,339.3,49.38,116.21,1.0,-1.0,-1.0,-1.0
149,4,669.81,372.48,67.38,117.22,1.0,-1.0,-1.0,-1.0
150,1,575.88,323.43,39.41,80.63,0.99,-1.0,-1.0,-1.0
150,2,529.52,320.09,42.06,84.21,0.99,-1.0,-1.0,-1.0
150,3,890.66,385.32,85.52,141.26,1.0,-1.0,-1.0,-1.0
150,5,711.07,339.08,48.81,116.96,1.0,-1.0,-1.0,-1.0
150,4,658.63,373.16,67.61,117.45,0.99,-1.0,-1.0,-1.0
151,1,571.78,316.85,45.95,87.21,1.0,-1.0,-1.0,-1.0
151,2,530.21,320.4,44.74,84.75,1.0,-1.0,-1.0,-1.0
151,3,909.54,381.24,72.84,144.53,0.99,-1.0,-1.0,-1.0
151,5,709.64,339.75,51.6,116.93,0.99,-1.0,-1.0,-1.0
151,8,729.96,316.82,40.67,58.52,0.95,-1.0,-1.0,-1.0
151,4,647.79,372.82,71.29,118.38,0.99,-1.0,-1.0,-1.0
152,1,569.15,316.78,49.51,87.12,0.99,-1.0,-1.0,-1.0
152,2,527.32,322.9,50.36,83.77,1.0,-1.0,-1.0,-1.0
152,3,921.39,377.34,65.58,148.41,0.99,-1.0,-1.0,-1.0
152,5,710.29,340.89,53.21,116.3,0.99,-1.0,-1.0,-1.0
152,4,636.02,371.76,77.33,120.47,1.0,-1.0,-1.0,-1.0
152,13,680.4,335.25,56.7,54.9,0.86,-1.0,-1.0,-1.0
153,1,571.38,319.04,47.58,84.98,0.99,-1.0,-1.0,-1.0
153,2,526.72,324.2,51.99,82.8,1.0,-1.0,-1.0,-1.0
153,3,931.49,374.75,63.22,149.0,0.99,-1.0,-1.0,-1.0
153,5,707.89,341.8,60.25,116.33,1.0,-1.0,-1.0,-1.0
153,4,614.12,371.65,88.8,122.7,1.0,-1.0,-1.0,-1.0
153,13,672.85,336.16,54.54,83.34,0.97,-1.0,-1.0,-1.0
154,1,572.86,320.71,46.72,83.5,0.99,-1.0,-1.0,-1.0
154,2,527.29,324.99,50.35,81.54,1.0,-1.0,-1.0,-1.0
154,3,936.56,373.2,63.76,148.91,1.0,-1.0,-1.0,-1.0
154,5,707.56,343.03,62.9,116.04,1.0,-1.0,-1.0,-1.0
154,4,603.38,372.18,82.74,122.93,0.99,-1.0,-1.0,-1.0
154,13,671.02,337.69,43.59,87.5,0.97,-1.0,-1.0,-1.0
155,1,579.31,321.96,41.65,86.78,0.99,-1.0,-1.0,-1.0
155,2,525.19,325.43,53.1,83.18,0.99,-1.0,-1.0,-1.0
155,3,944.9,373.4,62.76,146.63,1.0,-1.0,-1.0,-1.0
155,5,707.43,343.34,66.22,115.9,0.99,-1.0,-1.0,-1.0
155,4,591.24,373.68,60.88,121.35,0.99,-1.0,-1.0,-1.0
155,13,664.61,344.89,37.88,82.66,0.98,-1.0,-1.0,-1.0
156,1,582.67,323.15,38.41,81.58,0.98,-1.0,-1.0,-1.0
156,2,531.23,324.98,47.28,84.39,1.0,-1.0,-1.0,-1.0
156,3,954.42,378.44,57.53,137.55,1.0,-1.0,-1.0,-1.0
156,5,708.51,344.62,66.94,114.36,1.0,-1.0,-1.0,-1.0
156,4,586.54,375.7,46.44,120.41,0.97,-1.0,-1.0,-1.0
156,13,654.68,345.88,43.71,82.35,0.99,-1.0,-1.0,-1.0
157,1,582.9,327.56,40.97,78.24,0.99,-1.0,-1.0,-1.0
157,2,531.93,324.35,45.95,85.44,1.0,-1.0,-1.0,-1.0
157,3,965.07,375.08,54.45,139.1,1.0,-1.0,-1.0,-1.0
157,5,711.57,344.64,69.48,114.36,1.0,-1.0,-1.0,-1.0
157,4,567.2,375.99,57.87,119.57,1.0,-1.0,-1.0,-1.0
157,13,647.28,342.77,49.41,85.44,0.99,-1.0,-1.0,-1.0
158,1,581.79,330.09,42.44,79.43,0.99,-1.0,-1.0,-1.0
158,2,534.24,323.51,43.67,84.36,1.0,-1.0,-1.0,-1.0
158,3,972.8,373.73,53.49,140.71,0.99,-1.0,-1.0,-1.0
158,5,714.73,344.03,68.15,114.95,1.0,-1.0,-1.0,-1.0
158,4,547.41,374.27,73.38,125.18,1.0,-1.0,-1.0,-1.0
158,13,636.62,345.91,59.4,82.22,1.0,-1.0,-1.0,-1.0
159,1,579.28,330.54,44.76,80.46,0.99,-1.0,-1.0,-1.0
159,2,534.48,321.39,41.59,83.63,0.99,-1.0,-1.0,-1.0
159,3,981.43,372.5,53.24,140.58,1.0,-1.0,-1.0,-1.0
159,5,720.68,342.89,64.03,116.05,0.99,-1.0,-1.0,-1.0
159,4,524.06,375.95,90.46,124.92,0.99,-1.0,-1.0,-1.0
159,13,621.05,348.12,63.24,75.38,0.91,-1.0,-1.0,-1.0
160,1,577.68,330.39,46.24,81.44,0.99,-1.0,-1.0,-1.0
160,2,531.76,320.61,40.82,86.35,0.99,-1.0,-1.0,-1.0
160,3,985.42,368.04,58.16,144.58,0.99,-1.0,-1.0,-1.0
160,5,725.65,341.12,57.59,117.06,0.99,-1.0,-1.0,-1.0
160,4,510.52,377.63,96.7,125.8,1.0,-1.0,-1.0,-1.0
160,13,608.52,349.78,75.59,76.74,0.97,-1.0,-1.0,-1.0
161,1,575.6,329.89,50.28,82.11,0.97,-1.0,-1.0,-1.0
161,2,527.43,320.19,47.83,87.36,1.0,-1.0,-1.0,-1.0
161,3,988.55,364.95,66.96,146.66,0.99,-1.0,-1.0,-1.0
161,5,730.86,341.05,55.12,116.25,0.99,-1.0,-1.0,-1.0
161,4,503.64,378.7,89.29,126.83,0.99,-1.0,-1.0,-1.0
161,13,591.89,348.18,78.8,86.71,0.99,-1.0,-1.0,-1.0
162,1,573.58,329.1,55.24,80.88,0.89,-1.0,-1.0,-1.0
162,2,523.02,319.9,52.54,88.92,1.0,-1.0,-1.0,-1.0
162,3,993.07,364.42,68.04,146.28,1.0,-1.0,-1.0,-1.0
162,5,734.13,341.04,53.04,115.34,0.99,-1.0,-1.0,-1.0
162,4,498.74,377.48,77.55,128.54,0.99,-1.0,-1.0,-1.0
162,13,585.34,344.74,77.73,93.16,0.98,-1.0,-1.0,-1.0
163,1,571.71,328.8,52.13,75.02,0.84,-1.0,-1.0,-1.0
163,2,519.58,322.91,56.15,86.85,1.0,-1.0,-1.0,-1.0
163,3,999.77,364.3,70.78,145.8,1.0,-1.0,-1.0,-1.0
163,5,736.18,342.7,59.66,113.79,1.0,-1.0,-1.0,-1.0
163,4,479.78,378.17,73.31,125.61,0.98,-1.0,-1.0,-1.0
163,13,581.74,346.21,62.13,91.96,0.99,-1.0,-1.0,-1.0
164,1,568.2,328.82,54.85,74.32,0.79,-1.0,-1.0,-1.0
164,2,517.85,323.64,57.58,86.93,1.0,-1.0,-1.0,-1.0
164,3,1006.21,365.21,69.52,144.14,1.0,-1.0,-1.0,-1.0
164,5,737.45,345.27,63.68,110.53,1.0,-1.0,-1.0,-1.0
164,4,468.48,379.16,72.38,124.9,1.0,-1.0,-1.0,-1.0
164,13,579.4,346.03,53.9,91.98,0.99,-1.0,-1.0,-1.0
165,1,560.64,331.23,58.14,73.78,0.92,-1.0,-1.0,-1.0
165,2,516.37,324.66,58.68,90.51,1.0,-1.0,-1.0,-1.0
165,3,1017.27,364.54,64.26,141.54,1.0,-1.0,-1.0,-1.0
165,5,740.21,346.22,67.01,109.9,1.0,-1.0,-1.0,-1.0
165,4,449.83,381.89,80.36,122.22,1.0,-1.0,-1.0,-1.0
165,13,564.77,344.31,62.42,101.39,0.99,-1.0,-1.0,-1.0
166,1,561.07,333.31,56.56,72.7,0.75,-1.0,-1.0,-1.0
166,2,515.8,326.18,59.06,90.97,1.0,-1.0,-1.0,-1.0
166,3,1022.98,363.56,60.99,141.02,1.0,-1.0,-1.0,-1.0
166,5,741.51,346.09,68.3,110.28,1.0,-1.0,-1.0,-1.0
166,4,438.55,383.63,86.84,120.44,1.0,-1.0,-1.0,-1.0
166,13,560.55,343.24,61.19,105.73,0.99,-1.0,-1.0,-1.0
167,1,564.0,335.42,50.56,75.64,0.99,-1.0,-1.0,-1.0
167,2,516.81,329.87,58.01,88.16,1.0,-1.0,-1.0,-1.0
167,3,1028.43,359.94,59.8,142.61,1.0,-1.0,-1.0,-1.0
167,5,743.99,344.53,67.02,111.03,1.0,-1.0,-1.0,-1.0
167,4,427.84,385.44,95.49,118.86,1.0,-1.0,-1.0,-1.0
167,13,558.96,346.51,51.0,107.1,0.99,-1.0,-1.0,-1.0
168,1,563.65,335.89,49.36,78.51,0.99,-1.0,-1.0,-1.0
168,2,516.32,330.98,55.19,87.66,1.0,-1.0,-1.0,-1.0
168,3,1033.19,358.93,58.18,142.93,1.0,-1.0,-1.0,-1.0
168,5,750.74,343.35,59.99,110.74,0.99,-1.0,-1.0,-1.0
168,4,421.27,386.24,99.46,118.44,1.0,-1.0,-1.0,-1.0
168,13,549.96,350.14,49.95,106.41,0.99,-1.0,-1.0,-1.0
169,1,563.61,335.43,48.93,79.9,0.99,-1.0,-1.0,-1.0
169,2,511.18,330.3,52.26,88.06,1.0,-1.0,-1.0,-1.0
169,3,1037.76,356.49,60.03,143.35,1.0,-1.0,-1.0,-1.0
169,5,753.92,343.02,56.56,111.23,0.99,-1.0,-1.0,-1.0
169,4,418.5,384.39,92.89,120.68,1.0,-1.0,-1.0,-1.0
169,13,535.46,353.28,61.33,104.6,1.0,-1.0,-1.0,-1.0
170,1,562.64,335.22,49.95,80.43,0.99,-1.0,-1.0,-1.0
170,2,508.61,328.1,46.89,90.29,1.0,-1.0,-1.0,-1.0
170,3,1040.39,355.52,61.89,140.99,1.0,-1.0,-1.0,-1.0
170,5,756.42,343.37,56.56,111.43,0.99,-1.0,-1.0,-1.0
170,4,418.3,382.32,82.37,122.87,1.0,-1.0,-1.0,-1.0
170,13,526.78,356.82,62.97,101.76,0.99,-1.0,-1.0,-1.0
171,1,560.18,335.12,52.11,80.34,1.0,-1.0,-1.0,-1.0
171,2,504.89,325.04,40.5,93.2,0.99,-1.0,-1.0,-1.0
171,3,1046.51,357.18,60.24,138.16,1.0,-1.0,-1.0,-1.0
171,5,761.45,344.25,57.18,110.64,0.99,-1.0,-1.0,-1.0
171,4,418.63,378.55,66.52,126.97,1.0,-1.0,-1.0,-1.0
171,13,519.01,361.25,64.14,100.78,0.99,-1.0,-1.0,-1.0
172,1,559.61,334.47,52.92,80.28,1.0,-1.0,-1.0,-1.0
172,2,502.45,322.85,37.61,93.99,1.0,-1.0,-1.0,-1.0
172,3,1051.55,357.83,58.4,133.18,1.0,-1.0,-1.0,-1.0
172,5,768.63,342.63,53.22,111.81,0.99,-1.0,-1.0,-1.0
172,4,420.12,376.24,51.45,129.37,1.0,-1.0,-1.0,-1.0
172,13,516.08,364.06,63.95,99.16,1.0,-1.0,-1.0,-1.0
173,1,561.19,334.2,51.45,80.25,1.0,-1.0,-1.0,-1.0
173,2,500.12,322.0,34.16,93.38,0.99,-1.0,-1.0,-1.0
173,3,1057.42,355.06,55.31,134.99,0.99,-1.0,-1.0,-1.0
173,5,773.36,341.87,56.04,111.66,1.0,-1.0,-1.0,-1.0
173,4,417.16,374.33,45.05,131.0,0.99,-1.0,-1.0,-1.0
173,13,515.6,364.61,62.64,98.66,1.0,-1.0,-1.0,-1.0
174,1,563.08,334.23,49.66,80.22,1.0,-1.0,-1.0,-1.0
174,2,498.18,322.87,33.06,92.53,0.99,-1.0,-1.0,-1.0
174,3,1061.15,353.62,52.96,135.21,1.0,-1.0,-1.0,-1.0
174,5,774.71,339.79,59.97,113.09,0.99,-1.0,-1.0,-1.0
174,4,413.59,373.02,44.19,132.47,0.99,-1.0,-1.0,-1.0
174,13,515.52,363.56,62.66,99.64,1.0,-1.0,-1.0,-1.0
175,1,567.45,333.04,45.96,81.09,0.99,-1.0,-1.0,-1.0
175,2,493.17,325.14,36.59,91.59,1.0,-1.0,-1.0,-1.0
175,3,1065.32,351.77,52.15,136.36,1.0,-1.0,-1.0,-1.0
175,5,781.83,338.42,62.05,108.88,1.0,-1.0,-1.0,-1.0
175,4,399.98,372.82,54.43,131.82,1.0,-1.0,-1.0,-1.0
175,13,516.05,360.74,61.46,102.36,1.0,-1.0,-1.0,-1.0
176,1,569.7,332.74,45.19,81.12,1.0,-1.0,-1.0,-1.0
176,2,488.8,326.46,40.13,90.62,1.0,-1.0,-1.0,-1.0
176,3,1067.85,350.69,53.11,136.67,0.99,-1.0,-1.0,-1.0
176,5,788.87,337.78,60.52,107.27,0.99,-1.0,-1.0,-1.0
176,4,392.91,372.77,59.04,131.24,1.0,-1.0,-1.0,-1.0
176,13,516.53,358.61,60.95,104.11,1.0,-1.0,-1.0,-1.0
177,1,566.54,332.32,51.01,80.23,0.99,-1.0,-1.0,-1.0
177,2,481.38,327.1,47.33,90.25,1.0,-1.0,-1.0,-1.0
177,3,1068.0,349.29,55.88,135.46,1.0,-1.0,-1.0,-1.0
177,5,796.5,336.5,61.07,106.69,0.99,-1.0,-1.0,-1.0
177,4,383.05,372.46,67.05,131.58,1.0,-1.0,-1.0,-1.0
177,13,516.93,355.99,60.73,106.81,1.0,-1.0,-1.0,-1.0
178,1,563.7,331.43,58.22,79.89,1.0,-1.0,-1.0,-1.0
178,2,477.14,330.03,51.2,87.13,1.0,-1.0,-1.0,-1.0
178,3,1067.37,348.98,58.11,133.08,0.99,-1.0,-1.0,-1.0
178,5,795.39,335.62,67.77,107.09,0.99,-1.0,-1.0,-1.0
178,4,377.62,372.84,70.74,130.95,1.0,-1.0,-1.0,-1.0
178,13,517.27,354.7,60.62,107.82,1.0,-1.0,-1.0,-1.0
179,1,571.53,330.67,57.15,80.05,1.0,-1.0,-1.0,-1.0
179,2,473.54,332.96,53.92,84.43,1.0,-1.0,-1.0,-1.0
179,3,1069.87,350.73,58.97,127.99,0.99,-1.0,-1.0,-1.0
179,5,812.29,334.88,58.88,101.28,0.99,-1.0,-1.0,-1.0
179,4,371.91,374.64,75.33,128.75,1.0,-1.0,-1.0,-1.0
179,13,517.57,354.65,60.56,107.72,1.0,-1.0,-1.0,-1.0
180,1,577.57,329.8,55.43,80.1,1.0,-1.0,-1.0,-1.0
180,2,472.25,335.09,53.85,82.23,1.0,-1.0,-1.0,-1.0
180,3,1070.71,352.05,60.47,124.6,1.0,-1.0,-1.0,-1.0
180,5,830.24,335.56,45.69,97.26,0.99,-1.0,-1.0,-1.0
180,4,369.19,376.24,77.67,126.69,1.0,-1.0,-1.0,-1.0
180,13,517.87,354.94,61.11,107.34,1.0,-1.0,-1.0,-1.0
181,1,581.05,329.3,56.5,80.13,1.0,-1.0,-1.0,-1.0
181,2,472.16,333.99,50.3,82.97,0.99,-1.0,-1.0,-1.0
181,3,1073.26,351.64,61.04,123.72,1.0,-1.0,-1.0,-1.0
181,5,841.6,335.51,48.8,95.85,0.99,-1.0,-1.0,-1.0
181,4,367.94,377.72,76.82,124.72,1.0,-1.0,-1.0,-1.0
181,13,518.39,354.87,61.31,107.61,1.0,-1.0,-1.0,-1.0
182,1,583.19,328.82,55.72,80.13,1.0,-1.0,-1.0,-1.0
182,2,470.5,328.6,45.85,88.36,0.99,-1.0,-1.0,-1.0
182,3,1071.17,351.8,64.78,123.15,1.0,-1.0,-1.0,-1.0
182,5,843.91,335.8,52.05,96.92,1.0,-1.0,-1.0,-1.0
182,4,367.3,378.12,75.23,124.14,1.0,-1.0,-1.0,-1.0
182,13,518.69,354.69,61.96,107.83,1.0,-1.0,-1.0,-1.0
183,1,583.36,328.19,56.56,80.43,0.99,-1.0,-1.0,-1.0
183,2,465.14,325.13,38.64,91.23,0.99,-1.0,-1.0,-1.0
183,3,1074.92,352.03,62.71,122.84,1.0,-1.0,-1.0,-1.0
183,5,846.33,334.56,59.78,97.35,0.99,-1.0,-1.0,-1.0
183,4,367.75,377.33,68.36,123.94,1.0,-1.0,-1.0,-1.0
183,13,518.88,353.72,61.6,108.78,1.0,-1.0,-1.0,-1.0
184,1,579.28,327.98,61.56,80.84,0.99,-1.0,-1.0,-1.0
184,2,462.76,323.94,35.32,91.18,0.98,-1.0,-1.0,-1.0
184,3,1076.27,352.28,61.85,122.32,1.0,-1.0,-1.0,-1.0
184,5,848.34,333.67,68.36,98.75,0.99,-1.0,-1.0,-1.0
184,4,367.43,375.86,63.46,125.07,1.0,-1.0,-1.0,-1.0
184,13,519.05,353.07,61.44,109.41,1.0,-1.0,-1.0,-1.0
185,1,587.4,327.32,53.16,80.99,1.0,-1.0,-1.0,-1.0
185,2,458.08,324.09,36.0,91.43,1.0,-1.0,-1.0,-1.0
185,3,1080.83,353.6,59.13,120.07,1.0,-1.0,-1.0,-1.0
185,5,853.44,334.25,80.71,100.2,0.99,-1.0,-1.0,-1.0
185,4,360.61,374.26,60.42,126.54,1.0,-1.0,-1.0,-1.0
185,13,519.76,352.39,59.59,109.77,1.0,-1.0,-1.0,-1.0
186,1,591.74,326.8,48.84,81.34,1.0,-1.0,-1.0,-1.0
186,2,456.12,324.78,35.78,90.92,1.0,-1.0,-1.0,-1.0
186,3,1083.02,355.01,58.09,118.67,1.0,-1.0,-1.0,-1.0
186,5,859.81,334.65,82.47,101.06,0.99,-1.0,-1.0,-1.0
186,4,358.39,373.68,55.35,127.1,1.0,-1.0,-1.0,-1.0
186,13,520.14,351.85,58.88,110.17,1.0,-1.0,-1.0,-1.0
187,1,594.41,325.88,46.1,82.05,1.0,-1.0,-1.0,-1.0
187,2,453.69,325.22,36.35,90.71,1.0,-1.0,-1.0,-1.0
187,3,1072.89,358.23,70.94,115.18,0.99,-1.0,-1.0,-1.0
187,5,874.63,333.61,75.19,102.88,0.98,-1.0,-1.0,-1.0
187,4,351.12,373.49,52.89,127.3,1.0,-1.0,-1.0,-1.0
187,13,520.0,351.82,58.62,110.15,1.0,-1.0,-1.0,-1.0
188,1,595.63,325.24,45.14,82.32,1.0,-1.0,-1.0,-1.0
188,2,452.36,324.48,36.58,91.21,0.99,-1.0,-1.0,-1.0
188,3,1068.37,358.67,77.64,114.4,0.99,-1.0,-1.0,-1.0
188,5,894.94,335.15,62.77,101.81,0.99,-1.0,-1.0,-1.0
188,4,345.1,373.41,54.25,127.38,1.0,-1.0,-1.0,-1.0
188,13,520.04,351.94,58.52,109.97,1.0,-1.0,-1.0,-1.0
189,1,595.94,325.01,44.83,82.42,1.0,-1.0,-1.0,-1.0
189,2,453.88,324.65,33.51,90.51,1.0,-1.0,-1.0,-1.0
189,3,1066.31,360.64,80.42,112.66,0.99,-1.0,-1.0,-1.0
189,5,910.97,338.75,54.71,98.42,0.99,-1.0,-1.0,-1.0
189,4,341.39,373.82,55.96,126.96,1.0,-1.0,-1.0,-1.0
189,13,520.04,352.59,58.48,109.29,1.0,-1.0,-1.0,-1.0
190,1,595.74,324.95,44.74,82.44,1.0,-1.0,-1.0,-1.0
190,2,454.26,324.74,32.52,89.93,1.0,-1.0,-1.0,-1.0
190,3,1073.44,362.71,73.53,111.32,0.99,-1.0,-1.0,-1.0
190,5,919.64,340.42,52.87,97.44,0.98,-1.0,-1.0,-1.0
190,4,340.71,374.0,56.61,126.79,1.0,-1.0,-1.0,-1.0
190,13,519.54,352.7,59.06,109.45,1.0,-1.0,-1.0,-1.0
191,1,595.24,324.94,45.34,82.74,1.0,-1.0,-1.0,-1.0
191,2,453.63,324.47,33.28,89.41,1.0,-1.0,-1.0,-1.0
191,3,1078.08,367.39,68.14,106.95,0.99,-1.0,-1.0,-1.0
191,5,928.49,342.08,55.98,99.2,0.99,-1.0,-1.0,-1.0
191,4,343.14,373.9,54.18,126.58,1.0,-1.0,-1.0,-1.0
191,13,516.64,352.74,62.25,109.8,1.0,-1.0,-1.0,-1.0
192,1,595.07,325.1,45.58,82.55,1.0,-1.0,-1.0,-1.0
192,2,452.9,324.09,34.77,90.1,1.0,-1.0,-1.0,-1.0
192,3,1076.78,370.75,68.52,103.42,0.99,-1.0,-1.0,-1.0
192,5,935.11,343.72,59.45,98.68,0.99,-1.0,-1.0,-1.0
192,4,346.23,373.59,51.14,126.79,1.0,-1.0,-1.0,-1.0
192,13,517.1,353.06,61.69,109.33,1.0,-1.0,-1.0,-1.0
193,1,594.62,324.86,45.68,82.77,1.0,-1.0,-1.0,-1.0
193,2,450.26,323.65,36.52,90.66,1.0,-1.0,-1.0,-1.0
193,3,1076.26,375.44,67.45,98.39,1.0,-1.0,-1.0,-1.0
193,5,943.19,348.19,74.84,95.8,0.99,-1.0,-1.0,-1.0
193,4,347.19,373.16,50.05,127.17,1.0,-1.0,-1.0,-1.0
193,13,514.92,352.43,62.05,110.17,1.0,-1.0,-1.0,-1.0
194,1,594.48,324.8,45.73,82.84,1.0,-1.0,-1.0,-1.0
194,2,448.49,323.8,37.79,90.27,1.0,-1.0,-1.0,-1.0
194,3,1076.66,379.06,65.83,94.34,0.99,-1.0,-1.0,-1.0
194,5,947.55,352.41,79.48,92.32,0.99,-1.0,-1.0,-1.0
194,4,346.76,372.88,50.62,126.87,1.0,-1.0,-1.0,-1.0
194,13,512.72,351.61,62.77,111.07,1.0,-1.0,-1.0,-1.0
195,1,594.36,324.76,45.77,82.87,1.0,-1.0,-1.0,-1.0
195,2,445.78,324.29,39.74,89.82,1.0,-1.0,-1.0,-1.0
195,3,1077.37,383.34,64.01,88.68,1.0,-1.0,-1.0,-1.0
195,5,952.27,361.96,76.91,82.55,0.99,-1.0,-1.0,-1.0
195,4,344.07,372.02,53.26,127.2,1.0,-1.0,-1.0,-1.0
195,13,512.18,350.99,62.44,111.41,1.0,-1.0,-1.0,-1.0
