0,1,323.1,363.82,57.6,94.95,0.99,-1.0,-1.0,-1.0
0,2,207.67,369.0,42.75,112.05,1.0,-1.0,-1.0,-1.0
0,3,733.5,357.52,54.0,132.97,0.99,-1.0,-1.0,-1.0
0,4,987.3,380.47,45.0,151.42,1.0,-1.0,-1.0,-1.0
0,6,372.6,333.0,52.65,72.9,0.99,-1.0,-1.0,-1.0
0,7,333.67,330.07,50.85,75.15,0.98,-1.0,-1.0,-1.0
1,1,323.1,363.82,57.6,94.95,0.99,-1.0,-1.0,-1.0
1,2,207.77,369.0,42.85,112.05,1.0,-1.0,-1.0,-1.0
1,3,733.5,357.53,54.0,132.97,0.99,-1.0,-1.0,-1.0
1,4,987.3,380.67,45.0,151.23,1.0,-1.0,-1.0,-1.0
1,6,372.6,333.0,52.65,72.51,0.99,-1.0,-1.0,-1.0
1,7,333.67,330.07,50.85,75.15,0.98,-1.0,-1.0,-1.0
2,1,322.73,365.24,58.3,93.55,1.0,-1.0,-1.0,-1.0
2,2,206.46,369.54,42.6,111.53,1.0,-1.0,-1.0,-1.0
2,3,733.49,357.0,54.0,132.1,0.99,-1.0,-1.0,-1.0
2,4,987.29,380.71,45.0,151.55,1.0,-1.0,-1.0,-1.0
2,6,372.06,334.07,53.35,74.9,0.99,-1.0,-1.0,-1.0
2,7,337.34,330.96,38.93,74.45,0.99,-1.0,-1.0,-1.0
3,1,322.61,365.67,59.21,93.46,0.99,-1.0,-1.0,-1.0
3,2,203.89,369.87,43.47,111.19,1.0,-1.0,-1.0,-1.0
3,3,733.14,352.35,52.63,134.93,0.99,-1.0,-1.0,-1.0
3,4,987.29,380.71,46.38,151.65,1.0,-1.0,-1.0,-1.0
3,6,370.35,339.79,55.28,68.9,0.98,-1.0,-1.0,-1.0
3,7,340.98,330.54,35.34,71.47,0.98,-1.0,-1.0,-1.0
4,1,322.77,364.92,59.15,94.46,0.99,-1.0,-1.0,-1.0
4,2,201.88,369.61,44.65,111.09,1.0,-1.0,-1.0,-1.0
4,3,732.71,351.21,50.17,128.28,1.0,-1.0,-1.0,-1.0
4,4,987.3,380.71,46.81,152.01,1.0,-1.0,-1.0,-1.0
4,6,364.46,343.37,61.74,65.77,0.99,-1.0,-1.0,-1.0
4,7,342.43,329.18,43.09,76.32,0.78,-1.0,-1.0,-1.0
5,1,323.29,362.23,58.14,97.06,0.99,-1.0,-1.0,-1.0
5,2,200.44,368.36,44.88,110.59,1.0,-1.0,-1.0,-1.0
5,3,731.56,349.3,45.42,129.89,1.0,-1.0,-1.0,-1.0
5,4,987.29,379.9,46.93,153.58,1.0,-1.0,-1.0,-1.0
5,6,363.16,346.18,63.36,65.56,0.96,-1.0,-1.0,-1.0
5,7,350.23,327.16,41.33,80.7,0.96,-1.0,-1.0,-1.0
6,1,323.2,360.37,57.77,98.89,0.99,-1.0,-1.0,-1.0
6,2,200.13,367.79,44.86,109.95,1.0,-1.0,-1.0,-1.0
6,3,730.56,348.89,43.94,129.98,0.99,-1.0,-1.0,-1.0
6,4,987.3,379.78,46.96,153.95,1.0,-1.0,-1.0,-1.0
6,6,363.9,349.42,62.33,63.62,0.95,-1.0,-1.0,-1.0
6,7,355.33,326.46,41.89,79.52,0.97,-1.0,-1.0,-1.0
7,1,322.06,358.16,56.39,100.46,0.99,-1.0,-1.0,-1.0
7,2,200.21,367.26,44.68,107.87,1.0,-1.0,-1.0,-1.0
7,3,729.93,349.59,42.89,129.26,1.0,-1.0,-1.0,-1.0
7,4,986.69,379.9,48.18,154.22,1.0,-1.0,-1.0,-1.0
7,6,365.64,349.25,59.37,64.0,0.98,-1.0,-1.0,-1.0
7,7,357.09,325.29,46.14,76.83,0.92,-1.0,-1.0,-1.0
8,1,321.21,356.64,52.79,100.39,1.0,-1.0,-1.0,-1.0
8,2,200.27,367.42,46.05,106.2,1.0,-1.0,-1.0,-1.0
8,3,729.44,350.38,43.26,128.86,0.99,-1.0,-1.0,-1.0
8,4,985.26,379.95,49.82,153.06,1.0,-1.0,-1.0,-1.0
8,6,366.89,349.74,56.93,62.62,0.93,-1.0,-1.0,-1.0
8,7,365.54,324.77,42.34,72.08,0.85,-1.0,-1.0,-1.0
9,1,319.5,354.75,48.35,100.32,0.99,-1.0,-1.0,-1.0
9,2,200.69,367.17,50.21,105.94,1.0,-1.0,-1.0,-1.0
9,3,728.98,352.99,43.44,126.14,0.99,-1.0,-1.0,-1.0
9,4,983.54,379.51,52.8,152.77,1.0,-1.0,-1.0,-1.0
9,6,367.85,333.12,56.3,79.32,0.95,-1.0,-1.0,-1.0
9,7,366.46,327.43,50.38,70.64,0.24,-1.0,-1.0,-1.0
10,1,318.27,354.09,47.16,100.26,0.99,-1.0,-1.0,-1.0
10,2,200.8,366.64,57.32,106.03,1.0,-1.0,-1.0,-1.0
10,3,728.84,354.15,43.56,125.01,0.99,-1.0,-1.0,-1.0
10,4,982.31,378.9,55.07,153.11,1.0,-1.0,-1.0,-1.0
10,6,368.22,332.23,57.28,80.42,0.97,-1.0,-1.0,-1.0
10,8,732.12,315.96,37.86,61.07,0.98,-1.0,-1.0,-1.0
11,1,316.45,355.09,48.38,99.31,0.99,-1.0,-1.0,-1.0
11,2,200.96,365.08,66.8,107.76,1.0,-1.0,-1.0,-1.0
11,3,728.8,353.2,44.87,126.0,1.0,-1.0,-1.0,-1.0
11,4,981.85,378.06,55.93,153.83,1.0,-1.0,-1.0,-1.0
11,6,373.74,329.3,56.73,79.6,0.99,-1.0,-1.0,-1.0
11,8,732.12,316.04,37.85,63.25,0.97,-1.0,-1.0,-1.0
12,1,314.46,356.75,49.75,97.13,1.0,-1.0,-1.0,-1.0
12,2,201.18,363.97,70.1,109.01,1.0,-1.0,-1.0,-1.0
12,3,728.5,351.83,45.98,127.15,1.0,-1.0,-1.0,-1.0
12,4,982.27,377.32,56.23,153.05,1.0,-1.0,-1.0,-1.0
12,6,385.04,328.09,51.99,76.55,0.97,-1.0,-1.0,-1.0
12,8,732.12,315.81,37.85,71.67,0.98,-1.0,-1.0,-1.0
13,1,314.04,360.15,48.79,93.88,1.0,-1.0,-1.0,-1.0
13,2,199.81,361.51,72.87,109.79,1.0,-1.0,-1.0,-1.0
13,3,728.1,347.57,47.02,130.15,1.0,-1.0,-1.0,-1.0
13,4,984.22,376.44,55.14,152.14,1.0,-1.0,-1.0,-1.0
13,6,400.34,325.3,46.43,77.1,0.99,-1.0,-1.0,-1.0
13,8,732.71,316.0,37.25,74.56,0.98,-1.0,-1.0,-1.0
14,1,313.97,362.03,47.54,92.06,0.99,-1.0,-1.0,-1.0
14,2,199.38,361.02,74.96,108.75,0.99,-1.0,-1.0,-1.0
14,3,727.38,346.15,48.6,130.23,1.0,-1.0,-1.0,-1.0
14,4,985.59,376.14,54.66,150.6,0.99,-1.0,-1.0,-1.0
14,6,407.92,325.03,42.56,78.76,0.98,-1.0,-1.0,-1.0
14,8,732.95,316.08,37.02,75.95,0.98,-1.0,-1.0,-1.0
15,1,313.87,361.61,47.72,92.61,1.0,-1.0,-1.0,-1.0
15,2,202.68,359.77,73.15,105.21,1.0,-1.0,-1.0,-1.0
15,3,725.97,346.07,50.96,126.24,1.0,-1.0,-1.0,-1.0
15,4,986.7,375.28,53.25,150.47,1.0,-1.0,-1.0,-1.0
15,6,414.49,321.85,40.34,79.94,0.94,-1.0,-1.0,-1.0
15,8,732.76,316.09,37.52,74.41,0.98,-1.0,-1.0,-1.0
16,1,314.14,359.95,48.1,94.34,0.99,-1.0,-1.0,-1.0
16,2,205.46,358.43,70.27,105.7,1.0,-1.0,-1.0,-1.0
16,3,724.56,346.09,53.01,124.42,1.0,-1.0,-1.0,-1.0
16,4,987.13,374.85,52.69,149.68,1.0,-1.0,-1.0,-1.0
16,6,419.04,321.26,39.34,80.66,0.97,-1.0,-1.0,-1.0
16,8,732.98,316.11,37.12,73.7,0.98,-1.0,-1.0,-1.0
17,1,318.29,356.32,45.56,95.89,0.99,-1.0,-1.0,-1.0
17,2,211.22,356.43,62.58,108.0,1.0,-1.0,-1.0,-1.0
17,3,723.71,345.66,53.8,123.93,1.0,-1.0,-1.0,-1.0
17,4,985.47,374.25,53.65,148.95,0.99,-1.0,-1.0,-1.0
17,6,427.45,320.91,38.59,81.49,0.96,-1.0,-1.0,-1.0
17,10,452.02,317.25,33.08,69.75,0.9,-1.0,-1.0,-1.0
18,1,322.81,352.78,42.8,97.67,0.99,-1.0,-1.0,-1.0
18,2,215.14,355.92,57.94,107.82,1.0,-1.0,-1.0,-1.0
18,3,724.0,345.4,52.93,121.81,1.0,-1.0,-1.0,-1.0
18,4,983.1,373.6,55.19,148.54,1.0,-1.0,-1.0,-1.0
18,6,429.88,319.7,43.39,83.54,0.99,-1.0,-1.0,-1.0
18,10,460.51,321.92,27.49,65.07,0.91,-1.0,-1.0,-1.0
19,1,326.91,347.75,42.14,99.81,1.0,-1.0,-1.0,-1.0
19,2,216.19,356.94,57.79,106.57,0.99,-1.0,-1.0,-1.0
19,3,725.3,344.11,49.62,121.95,1.0,-1.0,-1.0,-1.0
19,4,981.59,372.76,54.59,148.4,1.0,-1.0,-1.0,-1.0
19,6,432.49,317.21,52.33,85.17,0.99,-1.0,-1.0,-1.0
19,10,463.33,320.16,38.1,64.85,0.15,-1.0,-1.0,-1.0
20,1,329.72,345.17,42.26,100.91,0.99,-1.0,-1.0,-1.0
20,2,216.48,357.7,56.0,105.8,0.99,-1.0,-1.0,-1.0
20,3,726.16,343.08,47.72,122.33,1.0,-1.0,-1.0,-1.0
20,4,980.45,372.48,54.34,148.95,1.0,-1.0,-1.0,-1.0
20,6,439.76,317.21,48.66,79.63,0.98,-1.0,-1.0,-1.0
20,10,468.13,319.65,41.52,67.98,0.34,-1.0,-1.0,-1.0
21,1,334.61,343.35,40.21,102.49,1.0,-1.0,-1.0,-1.0
21,2,215.68,357.87,59.2,105.37,0.99,-1.0,-1.0,-1.0
21,3,726.77,342.43,45.22,121.6,1.0,-1.0,-1.0,-1.0
21,4,980.01,372.4,51.85,149.17,1.0,-1.0,-1.0,-1.0
21,6,450.69,315.94,41.42,80.08,0.98,-1.0,-1.0,-1.0
21,10,481.77,315.71,46.62,72.25,0.84,-1.0,-1.0,-1.0
22,1,337.75,342.57,41.03,103.08,0.99,-1.0,-1.0,-1.0
22,2,215.23,357.51,61.52,105.37,0.99,-1.0,-1.0,-1.0
22,3,727.01,342.52,43.08,121.95,0.99,-1.0,-1.0,-1.0
22,4,979.89,371.8,49.68,149.86,1.0,-1.0,-1.0,-1.0
22,6,460.32,315.52,37.5,81.72,0.96,-1.0,-1.0,-1.0
22,10,488.17,313.62,50.76,73.67,0.96,-1.0,-1.0,-1.0
23,1,341.51,342.19,47.67,103.28,0.99,-1.0,-1.0,-1.0
23,2,214.72,357.71,57.14,105.08,0.99,-1.0,-1.0,-1.0
23,3,726.16,345.13,41.72,120.16,1.0,-1.0,-1.0,-1.0
23,4,978.63,371.46,48.88,149.68,1.0,-1.0,-1.0,-1.0
23,6,473.12,313.5,30.52,82.03,0.95,-1.0,-1.0,-1.0
23,10,511.17,318.99,36.75,66.96,0.94,-1.0,-1.0,-1.0
24,1,343.88,342.52,52.31,102.74,1.0,-1.0,-1.0,-1.0
24,2,214.11,357.93,55.26,104.84,1.0,-1.0,-1.0,-1.0
24,3,725.89,347.17,40.65,118.45,0.99,-1.0,-1.0,-1.0
24,4,977.62,371.47,48.6,147.98,1.0,-1.0,-1.0,-1.0
24,6,477.08,315.85,31.49,77.7,0.97,-1.0,-1.0,-1.0
24,10,521.3,321.95,34.03,64.24,0.87,-1.0,-1.0,-1.0
25,1,345.94,341.93,53.33,103.4,1.0,-1.0,-1.0,-1.0
25,2,214.14,358.15,55.87,104.9,0.99,-1.0,-1.0,-1.0
25,3,727.34,348.07,38.45,117.69,1.0,-1.0,-1.0,-1.0
25,4,975.45,370.28,49.7,147.04,1.0,-1.0,-1.0,-1.0
25,6,483.67,311.97,41.71,80.52,0.99,-1.0,-1.0,-1.0
25,10,524.28,312.4,57.43,70.55,0.98,-1.0,-1.0,-1.0
26,1,346.96,341.45,53.72,103.63,1.0,-1.0,-1.0,-1.0
26,2,214.15,358.09,54.9,105.09,0.99,-1.0,-1.0,-1.0
26,3,727.89,347.49,37.07,118.03,0.99,-1.0,-1.0,-1.0
26,4,974.1,369.7,50.12,146.25,1.0,-1.0,-1.0,-1.0
26,6,486.52,310.73,46.72,81.83,0.99,-1.0,-1.0,-1.0
26,10,530.87,306.77,63.85,76.54,0.97,-1.0,-1.0,-1.0
27,1,351.48,340.55,49.49,104.0,1.0,-1.0,-1.0,-1.0
27,2,214.36,358.06,54.46,105.46,0.99,-1.0,-1.0,-1.0
27,3,726.83,344.72,37.25,121.02,0.99,-1.0,-1.0,-1.0
27,4,971.81,369.48,52.67,145.37,1.0,-1.0,-1.0,-1.0
27,6,487.64,308.52,55.03,83.79,0.99,-1.0,-1.0,-1.0
27,10,551.05,304.91,52.7,77.39,0.97,-1.0,-1.0,-1.0
28,1,357.52,339.54,43.54,103.83,1.0,-1.0,-1.0,-1.0
28,2,214.89,358.39,46.34,105.61,1.0,-1.0,-1.0,-1.0
28,3,725.86,342.4,38.56,122.89,0.99,-1.0,-1.0,-1.0
28,4,968.67,369.31,57.12,144.31,1.0,-1.0,-1.0,-1.0
28,6,490.77,308.34,56.76,82.77,0.99,-1.0,-1.0,-1.0
28,8,731.48,315.77,38.49,78.65,0.99,-1.0,-1.0,-1.0
29,1,361.29,337.72,42.87,103.45,1.0,-1.0,-1.0,-1.0
29,2,215.49,358.82,40.48,105.97,1.0,-1.0,-1.0,-1.0
29,3,724.88,340.66,39.06,120.22,0.99,-1.0,-1.0,-1.0
29,4,964.03,371.99,66.83,141.84,0.99,-1.0,-1.0,-1.0
29,6,503.28,311.6,50.65,77.3,0.99,-1.0,-1.0,-1.0
29,8,732.77,316.16,36.88,77.82,0.99,-1.0,-1.0,-1.0
30,1,364.07,336.93,45.09,102.4,0.99,-1.0,-1.0,-1.0
30,2,215.79,358.85,38.69,106.56,1.0,-1.0,-1.0,-1.0
30,3,723.95,340.15,40.47,116.8,0.99,-1.0,-1.0,-1.0
30,4,961.16,372.99,73.91,140.94,1.0,-1.0,-1.0,-1.0
30,6,512.32,312.77,46.13,75.48,0.99,-1.0,-1.0,-1.0
30,8,733.59,316.16,36.27,79.16,0.99,-1.0,-1.0,-1.0
31,1,369.76,336.68,45.6,100.2,0.99,-1.0,-1.0,-1.0
31,2,216.37,359.03,38.49,106.33,0.99,-1.0,-1.0,-1.0
31,3,723.03,340.14,38.65,111.61,1.0,-1.0,-1.0,-1.0
31,4,958.91,378.74,80.15,134.93,1.0,-1.0,-1.0,-1.0
31,6,530.24,311.41,34.12,76.04,0.97,-1.0,-1.0,-1.0
31,8,732.69,316.44,37.26,75.84,0.99,-1.0,-1.0,-1.0
32,1,371.67,336.92,48.77,99.07,0.99,-1.0,-1.0,-1.0
32,2,216.76,358.78,38.25,106.55,0.99,-1.0,-1.0,-1.0
32,3,722.99,339.69,36.74,109.11,1.0,-1.0,-1.0,-1.0
32,4,957.48,380.74,83.79,132.86,1.0,-1.0,-1.0,-1.0
32,6,538.05,308.81,35.38,76.86,0.95,-1.0,-1.0,-1.0
32,8,732.06,316.24,37.62,78.64,0.99,-1.0,-1.0,-1.0
33,1,369.32,337.04,54.02,99.55,1.0,-1.0,-1.0,-1.0
33,2,217.63,358.99,36.91,106.32,0.99,-1.0,-1.0,-1.0
33,3,719.03,339.23,38.51,107.03,0.99,-1.0,-1.0,-1.0
33,4,959.21,378.84,81.84,134.43,1.0,-1.0,-1.0,-1.0
33,6,546.97,306.07,38.16,79.55,0.98,-1.0,-1.0,-1.0
33,10,631.58,303.04,46.7,81.69,0.97,-1.0,-1.0,-1.0
34,1,373.29,337.26,51.23,99.74,1.0,-1.0,-1.0,-1.0
34,2,218.04,359.07,36.19,106.24,0.99,-1.0,-1.0,-1.0
34,3,714.39,336.21,42.09,109.36,1.0,-1.0,-1.0,-1.0
34,4,961.16,377.39,79.76,135.5,1.0,-1.0,-1.0,-1.0
34,6,555.37,305.07,38.59,81.45,0.98,-1.0,-1.0,-1.0
34,10,642.2,305.74,42.57,79.45,0.81,-1.0,-1.0,-1.0
35,1,376.24,337.66,51.17,100.4,1.0,-1.0,-1.0,-1.0
35,2,214.14,358.95,39.71,106.36,1.0,-1.0,-1.0,-1.0
35,3,708.33,333.93,48.62,109.35,1.0,-1.0,-1.0,-1.0
35,4,964.86,373.98,76.54,136.38,1.0,-1.0,-1.0,-1.0
35,6,566.29,305.74,33.37,82.17,0.99,-1.0,-1.0,-1.0
35,10,656.14,306.82,36.95,80.18,0.98,-1.0,-1.0,-1.0
36,1,377.85,337.83,50.84,100.96,1.0,-1.0,-1.0,-1.0
36,2,212.78,358.9,40.92,106.71,1.0,-1.0,-1.0,-1.0
36,3,704.32,333.11,52.82,108.78,1.0,-1.0,-1.0,-1.0
36,4,967.54,371.67,75.22,136.6,1.0,-1.0,-1.0,-1.0
36,6,573.64,305.75,35.09,82.73,0.98,-1.0,-1.0,-1.0
36,10,662.04,306.48,38.39,81.04,0.98,-1.0,-1.0,-1.0
37,1,378.82,337.77,53.05,101.17,0.99,-1.0,-1.0,-1.0
37,2,214.86,358.88,38.98,106.54,1.0,-1.0,-1.0,-1.0
37,3,701.87,333.0,55.1,101.1,1.0,-1.0,-1.0,-1.0
37,4,974.46,368.42,71.13,138.49,1.0,-1.0,-1.0,-1.0
37,6,581.19,304.61,32.65,83.51,0.99,-1.0,-1.0,-1.0
37,10,674.42,306.67,36.98,66.88,0.96,-1.0,-1.0,-1.0
38,1,378.83,337.01,55.04,101.84,0.99,-1.0,-1.0,-1.0
38,2,217.65,358.87,35.96,106.47,0.99,-1.0,-1.0,-1.0
38,3,702.37,333.33,57.12,98.24,1.0,-1.0,-1.0,-1.0
38,4,978.96,366.77,70.71,138.48,0.99,-1.0,-1.0,-1.0
38,6,583.5,303.9,37.92,83.51,0.98,-1.0,-1.0,-1.0
38,10,685.46,307.08,37.16,64.04,0.97,-1.0,-1.0,-1.0
39,1,385.14,335.7,52.03,103.28,0.99,-1.0,-1.0,-1.0
39,2,218.62,359.01,35.12,106.3,0.99,-1.0,-1.0,-1.0
39,3,704.06,332.4,56.18,96.06,1.0,-1.0,-1.0,-1.0
39,4,984.77,364.38,70.54,137.0,1.0,-1.0,-1.0,-1.0
39,6,589.95,303.66,46.54,79.94,0.95,-1.0,-1.0,-1.0
40,1,388.57,335.07,49.57,103.52,0.99,-1.0,-1.0,-1.0
40,2,218.93,358.91,35.46,106.39,1.0,-1.0,-1.0,-1.0
40,3,704.24,330.72,61.55,96.57,0.99,-1.0,-1.0,-1.0
40,4,991.7,363.52,66.88,133.17,0.99,-1.0,-1.0,-1.0
40,6,596.3,303.76,47.75,79.75,0.99,-1.0,-1.0,-1.0
40,10,704.1,306.43,24.83,65.06,0.79,-1.0,-1.0,-1.0
41,1,392.47,334.4,50.76,104.2,0.99,-1.0,-1.0,-1.0
41,2,218.6,359.02,36.82,106.27,0.99,-1.0,-1.0,-1.0
41,3,703.21,325.9,66.94,100.13,0.99,-1.0,-1.0,-1.0
41,4,999.15,364.29,64.24,132.5,1.0,-1.0,-1.0,-1.0
41,6,609.41,304.11,37.96,77.59,0.98,-1.0,-1.0,-1.0
41,8,738.44,316.89,31.51,63.83,0.97,-1.0,-1.0,-1.0
42,1,395.14,334.47,51.48,104.15,1.0,-1.0,-1.0,-1.0
42,2,218.07,358.77,39.48,106.53,1.0,-1.0,-1.0,-1.0
42,3,702.79,323.28,72.43,101.77,0.99,-1.0,-1.0,-1.0
42,4,1001.76,364.47,65.72,133.92,1.0,-1.0,-1.0,-1.0
42,6,619.47,308.35,30.4,72.26,0.96,-1.0,-1.0,-1.0
42,8,740.18,316.99,30.1,68.93,0.96,-1.0,-1.0,-1.0
43,1,399.04,333.92,51.74,105.3,1.0,-1.0,-1.0,-1.0
43,2,217.84,358.82,42.74,107.06,0.99,-1.0,-1.0,-1.0
43,3,707.43,321.01,70.14,100.94,0.99,-1.0,-1.0,-1.0
43,4,1008.61,365.46,67.45,132.09,1.0,-1.0,-1.0,-1.0
43,6,629.28,307.05,29.11,73.05,0.95,-1.0,-1.0,-1.0
43,8,739.87,317.89,30.86,68.17,0.39,-1.0,-1.0,-1.0
44,1,401.13,333.59,52.73,105.73,1.0,-1.0,-1.0,-1.0
44,2,217.7,358.85,44.58,106.97,0.99,-1.0,-1.0,-1.0
44,3,711.46,320.36,67.9,100.35,0.99,-1.0,-1.0,-1.0
44,4,1012.87,365.56,69.3,131.72,1.0,-1.0,-1.0,-1.0
44,6,635.05,305.84,29.98,77.25,0.19,-1.0,-1.0,-1.0
45,1,404.5,333.93,53.68,105.28,1.0,-1.0,-1.0,-1.0
45,2,217.53,359.32,44.73,106.78,0.99,-1.0,-1.0,-1.0
45,3,721.28,319.73,59.35,95.97,1.0,-1.0,-1.0,-1.0
45,4,1016.75,365.3,73.53,131.01,1.0,-1.0,-1.0,-1.0
45,6,644.5,305.4,33.95,84.09,1.0,-1.0,-1.0,-1.0
45,8,732.94,296.36,36.95,80.66,0.62,-1.0,-1.0,-1.0
46,1,406.54,334.22,53.45,105.1,1.0,-1.0,-1.0,-1.0
46,2,217.35,359.48,44.84,106.71,0.99,-1.0,-1.0,-1.0
46,3,726.38,317.14,54.03,97.38,1.0,-1.0,-1.0,-1.0
46,4,1018.7,365.23,76.28,131.07,1.0,-1.0,-1.0,-1.0
46,6,650.47,304.23,33.07,87.85,0.97,-1.0,-1.0,-1.0
46,8,732.5,291.74,38.35,88.05,0.14,-1.0,-1.0,-1.0
47,1,407.96,334.77,52.16,104.72,1.0,-1.0,-1.0,-1.0
47,2,217.07,359.53,44.5,106.68,0.99,-1.0,-1.0,-1.0
47,3,732.81,315.02,48.42,98.21,0.99,-1.0,-1.0,-1.0
47,4,1022.24,365.04,76.18,129.46,1.0,-1.0,-1.0,-1.0
47,6,659.8,305.48,29.69,87.01,0.96,-1.0,-1.0,-1.0
48,1,408.35,335.46,51.65,104.27,1.0,-1.0,-1.0,-1.0
48,2,216.79,359.56,44.36,106.67,0.99,-1.0,-1.0,-1.0
48,3,736.61,312.67,44.53,100.34,1.0,-1.0,-1.0,-1.0
48,4,1024.64,365.01,74.92,128.89,1.0,-1.0,-1.0,-1.0
48,6,664.32,306.32,28.99,84.57,0.92,-1.0,-1.0,-1.0
49,1,410.5,335.41,49.96,103.8,1.0,-1.0,-1.0,-1.0
49,2,216.48,359.41,43.77,106.51,1.0,-1.0,-1.0,-1.0
49,3,738.47,308.86,41.97,102.63,1.0,-1.0,-1.0,-1.0
49,4,1031.36,363.64,69.67,129.14,1.0,-1.0,-1.0,-1.0
49,6,670.3,307.52,37.96,84.49,0.97,-1.0,-1.0,-1.0
50,1,411.19,335.27,49.92,103.91,0.99,-1.0,-1.0,-1.0
50,2,216.5,359.36,43.24,106.45,1.0,-1.0,-1.0,-1.0
50,3,738.05,306.92,41.78,103.8,0.99,-1.0,-1.0,-1.0
50,4,1035.55,362.88,66.39,129.26,1.0,-1.0,-1.0,-1.0
50,6,675.45,309.48,39.86,84.73,0.96,-1.0,-1.0,-1.0
51,1,417.38,335.07,45.12,103.66,1.0,-1.0,-1.0,-1.0
51,2,216.23,359.5,42.89,106.58,1.0,-1.0,-1.0,-1.0
51,3,737.87,305.94,41.76,103.66,0.99,-1.0,-1.0,-1.0
51,4,1042.44,359.91,61.55,131.41,1.0,-1.0,-1.0,-1.0
51,6,680.91,311.84,37.81,80.96,0.97,-1.0,-1.0,-1.0
52,1,422.37,334.71,41.1,103.56,1.0,-1.0,-1.0,-1.0
52,2,216.18,359.7,41.62,106.48,0.99,-1.0,-1.0,-1.0
52,3,737.72,306.26,41.8,103.0,0.99,-1.0,-1.0,-1.0
52,4,1047.21,358.26,57.31,131.34,1.0,-1.0,-1.0,-1.0
52,6,685.29,312.91,35.11,78.88,0.97,-1.0,-1.0,-1.0
52,11,684.45,313.2,47.7,85.5,0.73,-1.0,-1.0,-1.0
53,1,426.84,333.55,38.46,104.41,1.0,-1.0,-1.0,-1.0
53,2,216.41,359.79,40.02,106.14,0.99,-1.0,-1.0,-1.0
53,3,735.19,307.95,44.3,100.97,0.99,-1.0,-1.0,-1.0
53,4,1051.23,356.47,54.61,133.11,1.0,-1.0,-1.0,-1.0
53,6,690.55,313.59,39.47,83.55,0.99,-1.0,-1.0,-1.0
53,10,796.77,312.6,36.58,84.95,0.98,-1.0,-1.0,-1.0
54,1,429.49,333.26,36.98,104.44,1.0,-1.0,-1.0,-1.0
54,2,216.41,360.11,39.65,106.02,0.99,-1.0,-1.0,-1.0
54,3,734.26,308.95,44.62,99.6,1.0,-1.0,-1.0,-1.0
54,4,1053.07,355.68,53.72,133.63,1.0,-1.0,-1.0,-1.0
54,6,693.37,312.95,40.43,86.11,1.0,-1.0,-1.0,-1.0
54,10,802.9,316.0,34.91,84.65,0.98,-1.0,-1.0,-1.0
55,1,432.79,332.71,36.21,104.45,1.0,-1.0,-1.0,-1.0
55,2,215.96,360.22,38.62,105.38,1.0,-1.0,-1.0,-1.0
55,3,733.27,309.36,45.36,98.5,1.0,-1.0,-1.0,-1.0
55,4,1054.81,354.38,52.23,134.57,1.0,-1.0,-1.0,-1.0
55,6,695.05,310.19,40.21,89.43,0.99,-1.0,-1.0,-1.0
55,10,809.4,317.32,44.18,89.07,0.99,-1.0,-1.0,-1.0
56,1,434.74,332.35,35.37,104.44,0.99,-1.0,-1.0,-1.0
56,2,215.57,360.25,38.33,105.14,1.0,-1.0,-1.0,-1.0
56,3,733.18,309.55,45.06,97.8,1.0,-1.0,-1.0,-1.0
56,4,1055.25,353.91,51.76,134.92,1.0,-1.0,-1.0,-1.0
56,6,695.72,308.09,39.49,91.86,0.99,-1.0,-1.0,-1.0
56,10,813.13,318.1,48.57,90.74,1.0,-1.0,-1.0,-1.0
57,1,437.78,332.37,36.68,104.14,0.99,-1.0,-1.0,-1.0
57,2,215.27,360.24,38.39,105.35,1.0,-1.0,-1.0,-1.0
57,3,733.14,309.33,43.75,96.96,1.0,-1.0,-1.0,-1.0
57,4,1055.28,352.86,51.65,136.23,1.0,-1.0,-1.0,-1.0
57,6,697.22,305.94,38.0,93.93,1.0,-1.0,-1.0,-1.0
57,10,818.8,318.23,48.79,91.89,0.98,-1.0,-1.0,-1.0
58,1,440.14,332.99,40.33,103.43,0.99,-1.0,-1.0,-1.0
58,2,214.72,360.25,38.87,105.44,1.0,-1.0,-1.0,-1.0
58,3,734.02,308.84,42.07,96.96,1.0,-1.0,-1.0,-1.0
58,4,1055.79,352.81,50.44,136.13,1.0,-1.0,-1.0,-1.0
58,6,697.84,305.28,36.81,94.7,1.0,-1.0,-1.0,-1.0
58,10,823.95,318.41,45.94,92.27,1.0,-1.0,-1.0,-1.0
59,1,443.76,333.68,40.94,102.86,1.0,-1.0,-1.0,-1.0
59,2,214.4,360.1,39.36,105.62,1.0,-1.0,-1.0,-1.0
59,3,734.97,307.94,39.63,97.28,1.0,-1.0,-1.0,-1.0
59,4,1056.48,352.38,50.04,136.22,0.99,-1.0,-1.0,-1.0
59,6,699.1,305.47,35.14,95.25,1.0,-1.0,-1.0,-1.0
59,10,832.12,315.7,38.26,94.67,1.0,-1.0,-1.0,-1.0
60,1,445.92,333.8,41.79,102.65,1.0,-1.0,-1.0,-1.0
60,2,214.27,360.19,39.55,105.54,1.0,-1.0,-1.0,-1.0
60,3,736.53,307.48,38.15,97.71,1.0,-1.0,-1.0,-1.0
60,4,1057.24,351.8,49.95,137.28,1.0,-1.0,-1.0,-1.0
60,6,699.65,306.0,33.91,95.42,0.99,-1.0,-1.0,-1.0
60,10,836.64,314.06,34.45,96.12,0.99,-1.0,-1.0,-1.0
61,1,448.29,333.4,40.79,102.58,1.0,-1.0,-1.0,-1.0
61,2,214.27,360.23,39.48,105.51,1.0,-1.0,-1.0,-1.0
61,3,737.72,306.73,37.03,98.48,1.0,-1.0,-1.0,-1.0
61,4,1059.29,351.62,47.52,137.38,1.0,-1.0,-1.0,-1.0
61,6,701.84,306.8,32.84,94.57,0.99,-1.0,-1.0,-1.0
61,10,841.73,313.85,31.88,96.33,0.99,-1.0,-1.0,-1.0
