0,1,562.5,409.72,99.0,117.67,1.0,-1.0,-1.0,-1.0
0,2,510.75,414.9,63.9,142.2,1.0,-1.0,-1.0,-1.0
0,3,862.2,377.32,63.0,130.27,1.0,-1.0,-1.0,-1.0
0,4,445.72,317.7,44.33,101.25,1.0,-1.0,-1.0,-1.0
0,5,312.3,310.95,29.7,87.3,1.0,-1.0,-1.0,-1.0
0,6,938.7,376.65,45.0,149.85,0.99,-1.0,-1.0,-1.0
1,1,560.93,409.14,99.78,117.87,1.0,-1.0,-1.0,-1.0
1,2,510.74,414.51,63.9,142.98,1.0,-1.0,-1.0,-1.0
1,3,862.19,377.91,63.78,129.69,1.0,-1.0,-1.0,-1.0
1,4,446.11,318.09,44.32,100.86,1.0,-1.0,-1.0,-1.0
1,5,312.29,310.95,29.7,87.3,1.0,-1.0,-1.0,-1.0
1,6,937.13,377.04,46.56,149.46,0.99,-1.0,-1.0,-1.0
2,1,559.25,408.33,99.91,118.61,1.0,-1.0,-1.0,-1.0
2,2,510.73,413.74,63.9,143.11,1.0,-1.0,-1.0,-1.0
2,3,862.53,378.36,64.26,129.24,1.0,-1.0,-1.0,-1.0
2,4,446.34,318.33,44.15,100.44,1.0,-1.0,-1.0,-1.0
2,5,312.11,311.12,30.05,87.3,1.0,-1.0,-1.0,-1.0
2,6,935.46,376.93,48.21,149.57,0.99,-1.0,-1.0,-1.0
3,1,558.77,407.41,99.26,119.52,1.0,-1.0,-1.0,-1.0
3,2,511.09,413.33,63.21,143.31,1.0,-1.0,-1.0,-1.0
3,3,862.99,378.32,64.06,129.28,1.0,-1.0,-1.0,-1.0
3,4,446.77,318.57,44.09,100.32,1.0,-1.0,-1.0,-1.0
3,5,312.07,311.18,30.16,87.3,1.0,-1.0,-1.0,-1.0
3,6,932.28,377.06,51.41,149.09,0.99,-1.0,-1.0,-1.0
4,1,555.67,406.81,102.36,120.45,1.0,-1.0,-1.0,-1.0
4,2,510.86,412.73,63.66,143.86,1.0,-1.0,-1.0,-1.0
4,3,863.13,379.46,63.97,128.14,1.0,-1.0,-1.0,-1.0
4,4,446.56,318.98,44.08,99.96,1.0,-1.0,-1.0,-1.0
4,5,311.89,311.03,30.19,87.3,1.0,-1.0,-1.0,-1.0
4,6,929.32,377.94,53.72,148.44,0.99,-1.0,-1.0,-1.0
5,1,555.63,406.47,102.12,120.9,1.0,-1.0,-1.0,-1.0
5,2,510.8,412.39,63.82,144.2,1.0,-1.0,-1.0,-1.0
5,3,862.53,379.5,67.8,128.42,1.0,-1.0,-1.0,-1.0
5,4,446.81,319.1,44.08,99.52,1.0,-1.0,-1.0,-1.0
5,5,311.84,310.98,30.19,87.3,1.0,-1.0,-1.0,-1.0
5,6,925.87,378.06,56.95,148.4,0.99,-1.0,-1.0,-1.0
6,1,555.38,406.23,101.36,121.5,1.0,-1.0,-1.0,-1.0
6,2,510.77,411.82,63.87,144.77,1.0,-1.0,-1.0,-1.0
6,3,862.62,379.82,68.2,128.22,1.0,-1.0,-1.0,-1.0
6,4,446.73,319.29,43.92,99.39,1.0,-1.0,-1.0,-1.0
6,5,311.83,310.96,30.19,87.3,1.0,-1.0,-1.0,-1.0
6,6,921.36,378.25,60.78,147.6,0.99,-1.0,-1.0,-1.0
7,1,555.97,405.85,100.45,121.69,1.0,-1.0,-1.0,-1.0
7,2,510.76,411.63,63.89,144.97,1.0,-1.0,-1.0,-1.0
7,3,862.66,380.38,65.85,127.38,1.0,-1.0,-1.0,-1.0
7,4,447.01,319.04,43.56,99.66,1.0,-1.0,-1.0,-1.0
7,5,311.83,310.95,30.18,87.3,1.0,-1.0,-1.0,-1.0
7,6,916.51,379.09,65.4,146.87,0.99,-1.0,-1.0,-1.0
8,1,558.07,405.74,97.64,121.73,0.99,-1.0,-1.0,-1.0
8,2,510.76,411.58,63.9,145.02,1.0,-1.0,-1.0,-1.0
8,3,862.35,381.34,62.76,126.63,1.0,-1.0,-1.0,-1.0
8,4,447.26,318.94,43.28,99.77,1.0,-1.0,-1.0,-1.0
8,5,311.83,310.8,30.18,87.6,1.0,-1.0,-1.0,-1.0
8,6,907.77,379.07,74.03,147.23,0.99,-1.0,-1.0,-1.0
9,1,558.56,405.72,96.61,121.72,0.99,-1.0,-1.0,-1.0
9,2,510.76,411.59,63.9,145.03,1.0,-1.0,-1.0,-1.0
9,3,861.63,381.36,61.0,126.98,1.0,-1.0,-1.0,-1.0
9,4,447.64,318.74,43.18,100.12,1.0,-1.0,-1.0,-1.0
9,5,311.68,310.89,30.48,87.72,1.0,-1.0,-1.0,-1.0
9,6,901.31,379.81,79.91,146.93,0.99,-1.0,-1.0,-1.0
10,1,558.13,405.42,97.47,121.7,0.99,-1.0,-1.0,-1.0
10,2,510.74,411.44,63.9,145.47,1.0,-1.0,-1.0,-1.0
10,3,861.34,382.86,57.92,125.61,0.99,-1.0,-1.0,-1.0
10,4,447.92,318.51,43.3,100.56,1.0,-1.0,-1.0,-1.0
10,5,311.62,310.78,30.58,87.75,1.0,-1.0,-1.0,-1.0
10,6,891.16,381.28,88.66,145.31,1.0,-1.0,-1.0,-1.0
11,1,557.37,405.17,98.41,122.12,0.99,-1.0,-1.0,-1.0
11,2,511.04,411.4,63.9,145.63,1.0,-1.0,-1.0,-1.0
11,3,859.71,384.01,59.31,123.9,0.99,-1.0,-1.0,-1.0
11,4,448.92,318.42,42.45,100.42,1.0,-1.0,-1.0,-1.0
11,5,311.6,310.73,30.62,87.77,1.0,-1.0,-1.0,-1.0
11,6,884.1,382.57,95.19,143.66,0.99,-1.0,-1.0,-1.0
12,1,557.99,404.64,97.56,122.42,0.99,-1.0,-1.0,-1.0
12,2,510.85,411.09,63.9,145.67,1.0,-1.0,-1.0,-1.0
12,3,856.69,385.62,62.84,122.68,0.99,-1.0,-1.0,-1.0
12,4,451.86,318.24,40.46,100.67,1.0,-1.0,-1.0,-1.0
12,5,311.59,310.87,30.63,87.77,1.0,-1.0,-1.0,-1.0
12,6,877.93,384.38,101.11,141.4,1.0,-1.0,-1.0,-1.0
13,1,557.94,404.46,98.46,122.52,1.0,-1.0,-1.0,-1.0
13,2,511.08,411.0,63.9,145.68,1.0,-1.0,-1.0,-1.0
13,3,855.32,386.65,64.15,121.2,0.99,-1.0,-1.0,-1.0
13,4,453.71,318.33,38.97,100.46,1.0,-1.0,-1.0,-1.0
13,5,311.59,310.93,30.63,87.77,1.0,-1.0,-1.0,-1.0
13,6,873.61,385.49,104.81,140.15,1.0,-1.0,-1.0,-1.0
14,1,559.43,404.57,96.41,122.99,1.0,-1.0,-1.0,-1.0
14,2,510.58,411.88,64.5,144.78,1.0,-1.0,-1.0,-1.0
14,3,855.13,386.55,62.88,120.84,0.99,-1.0,-1.0,-1.0
14,4,454.36,318.97,37.22,100.09,1.0,-1.0,-1.0,-1.0
14,5,311.61,310.81,30.63,87.77,1.0,-1.0,-1.0,-1.0
14,6,864.71,387.83,111.79,137.75,1.0,-1.0,-1.0,-1.0
15,1,559.4,404.62,96.23,123.16,1.0,-1.0,-1.0,-1.0
15,2,510.38,412.37,65.32,144.28,1.0,-1.0,-1.0,-1.0
15,3,854.2,386.79,62.97,120.43,0.99,-1.0,-1.0,-1.0
15,4,454.39,319.06,36.77,100.25,1.0,-1.0,-1.0,-1.0
15,5,311.46,310.76,30.93,87.77,1.0,-1.0,-1.0,-1.0
15,6,860.96,389.58,114.78,135.39,1.0,-1.0,-1.0,-1.0
16,1,560.3,404.67,95.58,123.2,1.0,-1.0,-1.0,-1.0
16,2,510.33,413.17,68.0,144.09,1.0,-1.0,-1.0,-1.0
16,3,848.52,387.46,68.97,120.61,0.98,-1.0,-1.0,-1.0
16,4,454.24,319.41,35.57,99.71,1.0,-1.0,-1.0,-1.0
16,5,311.58,310.76,30.74,87.76,1.0,-1.0,-1.0,-1.0
16,6,857.65,392.77,114.99,131.69,1.0,-1.0,-1.0,-1.0
17,1,560.64,404.68,95.35,123.21,1.0,-1.0,-1.0,-1.0
17,2,510.9,413.75,69.58,144.02,1.0,-1.0,-1.0,-1.0
17,3,845.31,387.37,72.89,121.3,0.98,-1.0,-1.0,-1.0
17,4,454.46,319.81,35.16,99.21,1.0,-1.0,-1.0,-1.0
17,5,311.62,310.75,30.67,87.76,1.0,-1.0,-1.0,-1.0
17,6,855.67,395.4,115.18,128.56,0.99,-1.0,-1.0,-1.0
18,1,561.67,405.14,94.67,122.16,1.0,-1.0,-1.0,-1.0
18,2,510.85,413.97,70.76,143.99,1.0,-1.0,-1.0,-1.0
18,3,842.06,387.62,75.57,120.38,0.99,-1.0,-1.0,-1.0
18,4,455.3,320.12,34.28,99.02,1.0,-1.0,-1.0,-1.0
18,5,311.52,310.74,30.93,87.76,1.0,-1.0,-1.0,-1.0
18,6,857.06,398.44,111.94,125.65,1.0,-1.0,-1.0,-1.0
19,1,563.24,405.6,93.24,121.16,1.0,-1.0,-1.0,-1.0
19,2,511.11,413.58,71.2,144.44,1.0,-1.0,-1.0,-1.0
19,3,840.84,388.27,77.18,119.76,0.99,-1.0,-1.0,-1.0
19,4,455.72,319.9,33.84,99.26,0.99,-1.0,-1.0,-1.0
19,5,311.45,310.72,31.03,87.76,1.0,-1.0,-1.0,-1.0
19,6,856.66,400.23,111.08,123.9,0.99,-1.0,-1.0,-1.0
20,1,565.34,406.23,91.51,120.03,1.0,-1.0,-1.0,-1.0
20,2,511.23,414.48,73.69,143.55,1.0,-1.0,-1.0,-1.0
20,3,837.53,390.15,81.81,115.5,0.96,-1.0,-1.0,-1.0
20,4,455.73,319.23,35.08,99.65,1.0,-1.0,-1.0,-1.0
20,5,311.62,310.72,30.77,87.75,1.0,-1.0,-1.0,-1.0
20,6,849.62,400.97,115.91,122.88,0.99,-1.0,-1.0,-1.0
21,1,566.7,406.62,90.29,119.76,1.0,-1.0,-1.0,-1.0
21,2,510.69,415.42,76.37,142.63,1.0,-1.0,-1.0,-1.0
21,3,836.31,392.5,83.01,112.87,0.98,-1.0,-1.0,-1.0
21,4,456.9,318.98,36.14,100.4,0.99,-1.0,-1.0,-1.0
21,5,311.66,310.73,30.67,87.76,1.0,-1.0,-1.0,-1.0
21,6,850.78,401.93,110.5,122.44,0.99,-1.0,-1.0,-1.0
22,1,567.8,407.09,90.47,119.06,1.0,-1.0,-1.0,-1.0
22,2,510.51,416.83,90.71,141.54,1.0,-1.0,-1.0,-1.0
22,3,835.91,394.25,82.27,110.73,0.99,-1.0,-1.0,-1.0
22,4,462.68,318.77,34.19,100.08,1.0,-1.0,-1.0,-1.0
22,5,311.7,310.77,30.63,87.75,1.0,-1.0,-1.0,-1.0
22,6,854.5,402.54,102.18,123.24,0.99,-1.0,-1.0,-1.0
23,1,568.15,407.09,90.56,118.97,1.0,-1.0,-1.0,-1.0
23,2,510.69,416.87,98.3,141.29,1.0,-1.0,-1.0,-1.0
23,3,836.1,395.29,81.33,109.54,0.99,-1.0,-1.0,-1.0
23,4,465.77,318.79,33.44,99.37,0.99,-1.0,-1.0,-1.0
23,5,311.67,310.74,30.62,87.76,1.0,-1.0,-1.0,-1.0
23,6,855.79,402.84,99.19,124.65,0.99,-1.0,-1.0,-1.0
24,1,567.42,406.0,91.22,119.97,1.0,-1.0,-1.0,-1.0
24,2,513.63,414.75,101.43,142.99,1.0,-1.0,-1.0,-1.0
24,3,838.05,396.65,82.09,108.09,0.98,-1.0,-1.0,-1.0
24,4,467.82,319.67,36.23,96.71,1.0,-1.0,-1.0,-1.0
24,5,311.6,310.85,30.91,87.46,1.0,-1.0,-1.0,-1.0
24,6,856.4,402.57,99.28,125.21,0.99,-1.0,-1.0,-1.0
25,1,567.96,404.12,92.08,121.55,1.0,-1.0,-1.0,-1.0
25,2,515.9,412.19,94.69,145.42,0.99,-1.0,-1.0,-1.0
25,3,839.37,397.29,81.76,107.46,0.98,-1.0,-1.0,-1.0
25,4,469.65,320.77,40.71,95.12,1.0,-1.0,-1.0,-1.0
25,5,311.49,310.75,31.02,87.64,1.0,-1.0,-1.0,-1.0
25,6,856.65,402.88,98.7,125.32,0.99,-1.0,-1.0,-1.0
26,1,575.95,401.95,91.82,123.92,1.0,-1.0,-1.0,-1.0
26,2,516.61,409.31,88.2,148.25,1.0,-1.0,-1.0,-1.0
26,3,840.88,397.79,81.3,106.37,0.97,-1.0,-1.0,-1.0
26,4,472.41,322.54,48.66,92.43,1.0,-1.0,-1.0,-1.0
26,5,311.54,310.89,31.06,87.41,1.0,-1.0,-1.0,-1.0
26,6,858.69,404.75,96.06,123.59,1.0,-1.0,-1.0,-1.0
27,1,583.05,399.52,88.75,126.14,1.0,-1.0,-1.0,-1.0
27,2,520.68,408.08,80.26,149.18,1.0,-1.0,-1.0,-1.0
27,3,841.72,398.24,81.38,106.32,0.98,-1.0,-1.0,-1.0
27,4,473.42,323.65,55.08,91.46,1.0,-1.0,-1.0,-1.0
27,5,311.48,310.79,31.07,87.63,1.0,-1.0,-1.0,-1.0
27,6,858.57,405.87,97.16,122.53,0.99,-1.0,-1.0,-1.0
28,1,589.35,397.15,88.82,129.04,1.0,-1.0,-1.0,-1.0
28,2,524.69,408.97,76.63,146.12,1.0,-1.0,-1.0,-1.0
28,3,842.13,398.38,87.3,107.54,0.94,-1.0,-1.0,-1.0
28,4,473.88,324.35,58.86,90.53,1.0,-1.0,-1.0,-1.0
28,5,311.67,310.92,30.78,87.41,1.0,-1.0,-1.0,-1.0
28,6,854.16,409.25,105.61,116.76,0.99,-1.0,-1.0,-1.0
29,1,594.52,395.99,85.86,129.84,1.0,-1.0,-1.0,-1.0
29,2,526.02,411.6,80.2,143.59,1.0,-1.0,-1.0,-1.0
29,3,841.66,398.58,86.62,107.29,0.96,-1.0,-1.0,-1.0
29,4,473.93,324.76,61.51,89.91,1.0,-1.0,-1.0,-1.0
29,5,311.67,310.98,30.67,87.33,1.0,-1.0,-1.0,-1.0
29,6,855.96,411.09,107.0,115.87,0.99,-1.0,-1.0,-1.0
30,1,599.97,396.6,79.93,127.32,1.0,-1.0,-1.0,-1.0
30,2,525.29,419.18,94.46,136.05,1.0,-1.0,-1.0,-1.0
30,3,842.65,398.46,91.56,109.47,0.99,-1.0,-1.0,-1.0
30,4,474.72,325.04,63.66,89.12,1.0,-1.0,-1.0,-1.0
30,5,311.65,311.15,30.63,87.31,1.0,-1.0,-1.0,-1.0
30,6,861.13,413.22,105.45,118.61,0.99,-1.0,-1.0,-1.0
31,1,603.7,397.63,77.77,126.46,1.0,-1.0,-1.0,-1.0
31,2,524.79,423.42,101.43,131.84,1.0,-1.0,-1.0,-1.0
31,3,843.07,397.66,93.41,108.37,0.99,-1.0,-1.0,-1.0
31,4,477.57,322.88,61.66,91.26,0.99,-1.0,-1.0,-1.0
31,5,311.67,310.93,30.62,87.6,1.0,-1.0,-1.0,-1.0
31,6,861.75,414.26,107.46,120.83,0.99,-1.0,-1.0,-1.0
32,1,607.29,400.37,84.41,122.26,1.0,-1.0,-1.0,-1.0
32,2,524.44,426.08,105.94,128.53,1.0,-1.0,-1.0,-1.0
32,3,843.72,396.25,95.23,109.32,0.99,-1.0,-1.0,-1.0
32,4,488.73,320.24,52.63,92.66,1.0,-1.0,-1.0,-1.0
32,5,311.77,310.78,30.6,87.7,1.0,-1.0,-1.0,-1.0
32,6,861.9,415.02,109.93,123.04,1.0,-1.0,-1.0,-1.0
33,1,611.56,402.34,88.5,118.84,0.99,-1.0,-1.0,-1.0
33,2,523.22,425.64,109.4,128.75,0.99,-1.0,-1.0,-1.0
33,3,848.14,395.26,91.83,110.72,1.0,-1.0,-1.0,-1.0
33,4,496.85,317.16,45.19,94.69,1.0,-1.0,-1.0,-1.0
33,5,311.88,310.74,30.6,87.74,1.0,-1.0,-1.0,-1.0
33,6,862.94,414.2,110.57,125.51,1.0,-1.0,-1.0,-1.0
34,1,613.58,402.0,93.61,118.65,0.99,-1.0,-1.0,-1.0
34,2,535.75,423.01,101.53,130.09,1.0,-1.0,-1.0,-1.0
34,3,863.73,394.73,78.82,110.23,0.99,-1.0,-1.0,-1.0
34,4,504.89,315.1,39.98,95.46,1.0,-1.0,-1.0,-1.0
34,5,311.83,310.54,30.89,88.06,1.0,-1.0,-1.0,-1.0
34,6,876.47,410.61,97.53,129.41,1.0,-1.0,-1.0,-1.0
35,1,610.86,400.7,99.64,120.09,0.99,-1.0,-1.0,-1.0
35,2,548.04,420.97,95.16,131.08,0.99,-1.0,-1.0,-1.0
35,3,872.99,394.97,72.41,112.28,1.0,-1.0,-1.0,-1.0
35,4,508.8,313.76,37.59,95.76,1.0,-1.0,-1.0,-1.0
35,5,311.87,310.5,31.01,88.17,1.0,-1.0,-1.0,-1.0
35,6,885.05,408.34,89.78,132.06,0.99,-1.0,-1.0,-1.0
36,1,617.41,398.89,94.51,122.28,1.0,-1.0,-1.0,-1.0
36,2,569.09,415.42,83.65,135.67,1.0,-1.0,-1.0,-1.0
36,3,880.09,396.86,69.93,113.93,1.0,-1.0,-1.0,-1.0
36,4,512.79,313.73,37.45,96.76,1.0,-1.0,-1.0,-1.0
36,5,311.84,310.49,31.05,88.22,1.0,-1.0,-1.0,-1.0
36,6,914.72,404.25,63.41,135.4,0.99,-1.0,-1.0,-1.0
37,1,625.27,397.16,88.76,124.15,1.0,-1.0,-1.0,-1.0
37,2,586.2,410.97,73.01,139.75,1.0,-1.0,-1.0,-1.0
37,3,882.15,398.29,79.33,111.46,0.98,-1.0,-1.0,-1.0
37,4,514.68,314.62,40.53,96.54,1.0,-1.0,-1.0,-1.0
37,5,311.99,310.48,30.77,88.23,1.0,-1.0,-1.0,-1.0
37,6,927.67,401.91,60.71,140.02,0.98,-1.0,-1.0,-1.0
38,1,642.89,393.58,78.69,127.51,1.0,-1.0,-1.0,-1.0
38,2,608.53,404.61,64.81,144.84,0.99,-1.0,-1.0,-1.0
38,3,882.57,400.05,92.07,109.6,0.99,-1.0,-1.0,-1.0
38,4,516.76,317.52,46.96,93.78,1.0,-1.0,-1.0,-1.0
38,5,312.02,310.49,30.66,88.23,1.0,-1.0,-1.0,-1.0
38,6,937.58,400.61,57.31,144.81,0.99,-1.0,-1.0,-1.0
39,1,653.31,390.75,71.82,130.55,1.0,-1.0,-1.0,-1.0
39,2,619.91,401.44,65.41,142.85,1.0,-1.0,-1.0,-1.0
39,3,883.88,401.27,95.95,108.91,0.99,-1.0,-1.0,-1.0
39,4,518.7,319.38,50.51,92.12,1.0,-1.0,-1.0,-1.0
39,5,311.93,310.48,30.91,88.23,1.0,-1.0,-1.0,-1.0
39,6,942.45,400.81,57.74,146.2,0.98,-1.0,-1.0,-1.0
40,1,673.7,388.26,53.73,131.4,1.0,-1.0,-1.0,-1.0
40,2,638.99,400.15,56.29,138.62,1.0,-1.0,-1.0,-1.0
40,3,886.54,402.63,95.2,109.57,1.0,-1.0,-1.0,-1.0
40,4,522.47,320.84,58.21,91.51,1.0,-1.0,-1.0,-1.0
40,5,311.86,310.49,31.01,88.23,1.0,-1.0,-1.0,-1.0
40,6,948.24,401.52,59.25,145.51,0.99,-1.0,-1.0,-1.0
41,1,683.79,387.6,46.75,131.4,1.0,-1.0,-1.0,-1.0
41,2,653.07,400.76,47.17,139.22,1.0,-1.0,-1.0,-1.0
41,3,890.11,403.97,89.83,109.81,0.99,-1.0,-1.0,-1.0
41,4,525.34,322.72,60.68,90.69,1.0,-1.0,-1.0,-1.0
41,5,311.88,310.49,31.05,88.22,1.0,-1.0,-1.0,-1.0
41,6,950.65,402.51,64.83,144.44,1.0,-1.0,-1.0,-1.0
42,1,691.74,389.15,55.95,127.83,1.0,-1.0,-1.0,-1.0
42,2,662.87,404.12,57.49,135.75,1.0,-1.0,-1.0,-1.0
42,3,899.72,405.33,83.45,109.91,0.99,-1.0,-1.0,-1.0
42,4,527.22,323.24,62.21,89.8,1.0,-1.0,-1.0,-1.0
42,5,311.85,310.48,31.06,88.22,1.0,-1.0,-1.0,-1.0
42,6,955.55,402.29,70.39,145.16,1.0,-1.0,-1.0,-1.0
43,1,696.24,391.02,60.64,122.24,0.99,-1.0,-1.0,-1.0
43,2,666.1,405.64,68.25,133.97,0.99,-1.0,-1.0,-1.0
43,3,903.18,406.43,84.66,104.89,0.99,-1.0,-1.0,-1.0
43,4,527.88,324.5,63.34,88.58,1.0,-1.0,-1.0,-1.0
43,5,311.71,310.5,31.07,88.22,1.0,-1.0,-1.0,-1.0
43,6,957.84,402.09,73.71,145.83,1.0,-1.0,-1.0,-1.0
44,1,699.34,395.38,79.75,117.72,0.98,-1.0,-1.0,-1.0
44,2,667.97,405.91,88.88,130.92,1.0,-1.0,-1.0,-1.0
44,3,904.34,407.4,95.18,103.59,0.99,-1.0,-1.0,-1.0
44,4,532.03,322.82,60.86,89.96,1.0,-1.0,-1.0,-1.0
44,5,311.93,310.63,30.77,87.92,1.0,-1.0,-1.0,-1.0
44,6,960.81,402.16,77.36,145.61,1.0,-1.0,-1.0,-1.0
45,1,702.62,397.15,88.37,117.13,0.99,-1.0,-1.0,-1.0
45,2,671.73,405.44,97.11,130.4,1.0,-1.0,-1.0,-1.0
45,3,905.04,408.49,103.86,101.48,0.98,-1.0,-1.0,-1.0
45,4,536.77,322.05,56.26,90.47,1.0,-1.0,-1.0,-1.0
45,5,312.02,310.69,30.65,87.81,1.0,-1.0,-1.0,-1.0
45,6,961.78,402.49,79.91,145.48,1.0,-1.0,-1.0,-1.0
46,1,705.02,399.29,94.86,113.33,0.98,-1.0,-1.0,-1.0
46,2,680.28,402.57,95.16,133.23,0.99,-1.0,-1.0,-1.0
46,3,905.22,409.14,105.07,102.55,0.99,-1.0,-1.0,-1.0
46,4,546.24,319.2,46.59,94.55,1.0,-1.0,-1.0,-1.0
46,5,312.02,310.7,30.61,87.77,1.0,-1.0,-1.0,-1.0
46,6,963.7,402.9,79.74,144.21,1.0,-1.0,-1.0,-1.0
47,1,715.25,398.71,87.44,112.4,0.97,-1.0,-1.0,-1.0
47,2,690.27,399.45,90.09,135.49,0.99,-1.0,-1.0,-1.0
47,3,905.12,409.8,107.76,103.41,0.99,-1.0,-1.0,-1.0
47,4,550.53,317.7,42.19,95.78,1.0,-1.0,-1.0,-1.0
47,5,312.03,310.71,30.6,87.75,1.0,-1.0,-1.0,-1.0
47,6,965.41,403.66,79.64,143.1,1.0,-1.0,-1.0,-1.0
48,1,724.45,397.58,78.14,113.61,0.83,-1.0,-1.0,-1.0
48,2,706.76,396.52,80.9,136.35,0.99,-1.0,-1.0,-1.0
48,3,906.2,410.17,108.74,100.93,1.0,-1.0,-1.0,-1.0
48,4,553.74,315.95,41.41,96.55,1.0,-1.0,-1.0,-1.0
48,5,312.04,310.72,30.6,87.75,1.0,-1.0,-1.0,-1.0
48,6,967.71,404.69,80.75,141.62,1.0,-1.0,-1.0,-1.0
49,1,733.35,396.12,68.37,115.14,0.21,-1.0,-1.0,-1.0
49,2,723.52,395.16,69.92,136.68,0.98,-1.0,-1.0,-1.0
49,3,909.41,410.58,107.87,99.7,1.0,-1.0,-1.0,-1.0
49,4,555.65,315.9,43.02,96.24,1.0,-1.0,-1.0,-1.0
49,5,312.05,310.72,30.59,87.74,1.0,-1.0,-1.0,-1.0
49,6,970.76,405.39,83.49,140.44,1.0,-1.0,-1.0,-1.0
50,1,749.64,392.33,54.11,134.23,0.82,-1.0,-1.0,-1.0
50,2,735.38,391.16,65.78,130.58,0.99,-1.0,-1.0,-1.0
50,3,916.73,411.2,103.06,100.04,0.99,-1.0,-1.0,-1.0
50,4,558.35,318.58,47.83,93.74,1.0,-1.0,-1.0,-1.0
50,5,312.05,310.74,30.59,87.75,1.0,-1.0,-1.0,-1.0
50,6,973.59,407.04,88.01,138.06,1.0,-1.0,-1.0,-1.0
51,2,749.02,388.63,58.78,135.64,1.0,-1.0,-1.0,-1.0
51,3,920.0,411.09,103.47,100.79,0.99,-1.0,-1.0,-1.0
51,4,560.16,319.76,50.17,92.76,1.0,-1.0,-1.0,-1.0
51,5,312.05,310.73,30.59,87.75,1.0,-1.0,-1.0,-1.0
51,6,974.53,408.83,93.17,135.96,1.0,-1.0,-1.0,-1.0
52,2,768.21,389.81,53.74,140.11,0.99,-1.0,-1.0,-1.0
52,3,920.82,411.32,103.3,99.59,1.0,-1.0,-1.0,-1.0
52,4,562.75,323.34,52.84,89.71,1.0,-1.0,-1.0,-1.0
52,5,311.89,310.73,30.59,88.04,1.0,-1.0,-1.0,-1.0
52,6,975.91,414.3,97.44,129.17,1.0,-1.0,-1.0,-1.0
52,1,763.85,386.93,50.76,124.35,0.93,-1.0,-1.0,-1.0
53,2,778.01,391.78,56.6,140.64,0.99,-1.0,-1.0,-1.0
53,3,921.33,411.53,104.07,99.61,1.0,-1.0,-1.0,-1.0
53,4,564.54,324.24,54.44,89.17,1.0,-1.0,-1.0,-1.0
53,5,311.84,310.73,30.59,88.15,1.0,-1.0,-1.0,-1.0
53,6,975.78,418.45,99.09,124.81,1.0,-1.0,-1.0,-1.0
53,1,769.59,386.18,48.51,118.48,0.94,-1.0,-1.0,-1.0
54,2,784.8,394.51,64.83,139.49,0.99,-1.0,-1.0,-1.0
54,3,924.64,410.08,103.44,100.53,0.99,-1.0,-1.0,-1.0
54,4,567.44,321.85,55.04,92.28,1.0,-1.0,-1.0,-1.0
54,5,311.99,311.17,30.29,87.59,1.0,-1.0,-1.0,-1.0
54,6,975.55,421.27,99.67,122.82,1.0,-1.0,-1.0,-1.0
54,1,775.03,386.38,54.05,120.33,0.99,-1.0,-1.0,-1.0
55,2,788.14,395.57,72.42,139.03,0.99,-1.0,-1.0,-1.0
55,3,931.19,408.9,99.61,101.19,0.99,-1.0,-1.0,-1.0
55,4,569.64,321.83,54.08,92.55,1.0,-1.0,-1.0,-1.0
55,5,312.19,311.34,30.18,87.38,1.0,-1.0,-1.0,-1.0
55,6,973.66,420.23,102.16,125.05,0.99,-1.0,-1.0,-1.0
55,1,777.25,387.78,60.63,119.07,0.96,-1.0,-1.0,-1.0
56,2,793.9,395.23,73.18,136.3,0.99,-1.0,-1.0,-1.0
56,3,938.32,406.79,93.28,99.8,0.99,-1.0,-1.0,-1.0
56,4,572.11,321.5,52.49,92.65,0.99,-1.0,-1.0,-1.0
56,5,312.42,311.38,30.14,87.3,1.0,-1.0,-1.0,-1.0
56,6,972.78,423.38,100.75,122.29,0.99,-1.0,-1.0,-1.0
56,1,784.47,391.0,67.74,118.34,0.97,-1.0,-1.0,-1.0
57,2,807.1,395.13,63.54,127.49,0.99,-1.0,-1.0,-1.0
57,3,943.35,405.54,87.23,97.65,0.97,-1.0,-1.0,-1.0
57,4,574.16,320.19,50.66,93.88,1.0,-1.0,-1.0,-1.0
57,5,312.96,311.41,30.43,87.28,1.0,-1.0,-1.0,-1.0
57,6,969.48,418.76,101.3,127.99,1.0,-1.0,-1.0,-1.0
57,1,789.25,392.5,69.45,116.62,0.98,-1.0,-1.0,-1.0
58,2,823.87,393.43,52.68,123.69,0.99,-1.0,-1.0,-1.0
58,3,949.87,405.23,77.63,95.2,0.99,-1.0,-1.0,-1.0
58,4,578.96,320.43,45.74,93.15,0.99,-1.0,-1.0,-1.0
58,5,313.29,311.1,32.61,87.26,1.0,-1.0,-1.0,-1.0
58,6,967.47,414.7,96.76,131.23,1.0,-1.0,-1.0,-1.0
58,1,791.4,392.28,72.92,117.07,0.99,-1.0,-1.0,-1.0
59,2,832.43,391.77,49.44,126.19,0.98,-1.0,-1.0,-1.0
59,3,952.7,405.42,74.26,94.33,0.97,-1.0,-1.0,-1.0
59,4,581.89,319.92,42.64,93.77,1.0,-1.0,-1.0,-1.0
59,5,313.73,311.13,33.71,86.97,1.0,-1.0,-1.0,-1.0
59,6,963.12,412.52,96.13,133.1,1.0,-1.0,-1.0,-1.0
59,1,791.89,391.28,79.37,117.89,0.99,-1.0,-1.0,-1.0
60,2,838.01,389.56,52.23,127.86,0.99,-1.0,-1.0,-1.0
60,3,952.79,404.32,71.95,94.93,0.94,-1.0,-1.0,-1.0
60,4,585.84,318.12,40.31,95.47,1.0,-1.0,-1.0,-1.0
60,5,314.58,311.14,33.84,87.16,0.99,-1.0,-1.0,-1.0
60,6,959.0,408.16,93.48,137.93,0.99,-1.0,-1.0,-1.0
60,1,793.56,388.08,88.02,119.86,0.99,-1.0,-1.0,-1.0
61,2,840.21,387.24,58.61,131.51,0.99,-1.0,-1.0,-1.0
61,3,948.38,403.3,71.26,96.08,0.98,-1.0,-1.0,-1.0
61,4,587.78,317.43,39.54,96.41,1.0,-1.0,-1.0,-1.0
61,5,314.94,311.3,35.65,87.23,1.0,-1.0,-1.0,-1.0
61,6,958.11,406.49,88.87,139.77,1.0,-1.0,-1.0,-1.0
61,1,798.11,385.37,83.18,119.74,0.99,-1.0,-1.0,-1.0
62,2,845.46,385.55,67.88,131.11,0.99,-1.0,-1.0,-1.0
62,3,945.39,399.69,71.09,98.91,0.99,-1.0,-1.0,-1.0
62,4,590.15,316.32,41.76,97.04,1.0,-1.0,-1.0,-1.0
62,5,315.48,311.23,37.47,87.26,1.0,-1.0,-1.0,-1.0
62,6,963.77,410.01,79.8,135.75,1.0,-1.0,-1.0,-1.0
62,1,809.51,380.37,75.01,119.85,0.99,-1.0,-1.0,-1.0
63,2,848.35,384.8,74.89,131.72,1.0,-1.0,-1.0,-1.0
63,3,941.3,396.73,72.35,101.61,0.99,-1.0,-1.0,-1.0
63,4,591.6,316.2,43.16,96.7,1.0,-1.0,-1.0,-1.0
63,5,316.0,311.2,37.89,87.28,1.0,-1.0,-1.0,-1.0
63,6,964.73,410.95,77.73,134.61,1.0,-1.0,-1.0,-1.0
63,1,818.29,377.75,68.68,118.59,0.99,-1.0,-1.0,-1.0
64,2,857.34,386.36,71.3,131.65,1.0,-1.0,-1.0,-1.0
64,3,937.94,392.86,69.23,104.84,0.99,-1.0,-1.0,-1.0
64,4,593.81,317.23,46.67,95.95,1.0,-1.0,-1.0,-1.0
64,5,317.22,311.5,37.74,86.99,1.0,-1.0,-1.0,-1.0
64,6,964.39,412.38,78.29,132.54,1.0,-1.0,-1.0,-1.0
64,1,831.32,374.89,60.79,118.57,0.99,-1.0,-1.0,-1.0
65,2,866.74,386.83,63.47,132.38,1.0,-1.0,-1.0,-1.0
65,3,937.27,390.67,65.69,107.68,0.98,-1.0,-1.0,-1.0
65,4,595.45,317.18,46.84,96.26,0.99,-1.0,-1.0,-1.0
65,5,318.1,311.31,37.37,87.18,1.0,-1.0,-1.0,-1.0
65,6,961.84,413.21,80.96,130.57,1.0,-1.0,-1.0,-1.0
65,1,837.91,374.45,58.5,118.29,1.0,-1.0,-1.0,-1.0
66,2,875.33,386.28,55.42,132.19,0.99,-1.0,-1.0,-1.0
66,3,936.35,390.0,64.49,110.94,0.99,-1.0,-1.0,-1.0
66,4,597.71,317.9,45.12,95.76,1.0,-1.0,-1.0,-1.0
66,5,319.16,311.67,36.91,86.65,1.0,-1.0,-1.0,-1.0
66,6,956.65,416.19,85.55,126.82,0.99,-1.0,-1.0,-1.0
66,1,843.34,375.21,62.67,118.19,0.99,-1.0,-1.0,-1.0
67,2,879.22,385.34,51.84,132.27,0.99,-1.0,-1.0,-1.0
67,3,933.58,390.2,69.06,112.31,0.99,-1.0,-1.0,-1.0
67,4,599.04,317.87,43.85,95.86,1.0,-1.0,-1.0,-1.0
67,5,319.98,311.35,36.13,86.75,1.0,-1.0,-1.0,-1.0
67,6,948.26,417.13,94.32,125.89,1.0,-1.0,-1.0,-1.0
67,1,846.08,376.57,62.94,116.83,0.99,-1.0,-1.0,-1.0
68,2,882.54,385.31,54.7,127.86,0.99,-1.0,-1.0,-1.0
68,3,926.17,389.75,76.6,115.74,0.97,-1.0,-1.0,-1.0
68,4,600.09,318.01,42.78,95.61,1.0,-1.0,-1.0,-1.0
68,5,321.18,310.78,34.93,87.4,1.0,-1.0,-1.0,-1.0
68,6,933.16,416.12,107.95,125.74,0.99,-1.0,-1.0,-1.0
68,1,847.16,378.47,65.44,114.69,1.0,-1.0,-1.0,-1.0
69,2,884.14,386.4,61.63,126.31,0.99,-1.0,-1.0,-1.0
69,3,925.0,388.91,77.14,117.16,0.98,-1.0,-1.0,-1.0
69,4,600.31,318.08,42.38,95.5,1.0,-1.0,-1.0,-1.0
69,5,321.72,310.57,34.46,87.63,1.0,-1.0,-1.0,-1.0
69,6,926.0,418.28,112.18,124.35,0.97,-1.0,-1.0,-1.0
69,1,847.6,379.53,66.94,113.0,0.99,-1.0,-1.0,-1.0
70,2,887.62,386.95,54.5,126.82,0.99,-1.0,-1.0,-1.0
70,3,921.75,387.28,84.41,120.44,0.98,-1.0,-1.0,-1.0
70,4,600.36,318.39,42.25,95.16,1.0,-1.0,-1.0,-1.0
70,5,322.68,309.45,33.99,88.92,0.99,-1.0,-1.0,-1.0
70,6,925.49,426.42,86.58,117.4,0.87,-1.0,-1.0,-1.0
70,1,849.39,378.26,65.16,112.26,1.0,-1.0,-1.0,-1.0
71,2,888.0,385.69,52.26,128.51,0.97,-1.0,-1.0,-1.0
71,3,915.89,386.26,85.98,120.63,0.99,-1.0,-1.0,-1.0
71,4,600.26,318.67,42.21,95.03,1.0,-1.0,-1.0,-1.0
71,5,322.68,309.18,33.81,88.8,0.99,-1.0,-1.0,-1.0
71,6,897.24,410.91,103.43,133.98,0.33,-1.0,-1.0,-1.0
71,1,851.55,376.46,63.24,112.16,1.0,-1.0,-1.0,-1.0
72,2,889.55,381.62,48.13,112.83,0.86,-1.0,-1.0,-1.0
72,3,905.26,386.31,80.51,122.55,0.93,-1.0,-1.0,-1.0
72,4,600.19,318.89,42.2,94.68,1.0,-1.0,-1.0,-1.0
72,5,323.28,309.08,33.45,88.45,1.0,-1.0,-1.0,-1.0
72,6,877.21,399.16,119.37,144.62,0.93,-1.0,-1.0,-1.0
72,1,854.33,374.27,61.31,110.65,0.99,-1.0,-1.0,-1.0
73,2,887.9,379.16,49.13,112.33,0.87,-1.0,-1.0,-1.0
73,3,902.01,386.12,76.16,123.54,0.94,-1.0,-1.0,-1.0
73,4,599.18,319.01,43.4,94.55,1.0,-1.0,-1.0,-1.0
73,5,324.36,308.92,32.42,88.32,1.0,-1.0,-1.0,-1.0
73,6,874.07,401.63,120.31,142.03,0.94,-1.0,-1.0,-1.0
73,1,855.75,373.06,59.37,109.67,0.99,-1.0,-1.0,-1.0
74,2,890.92,375.93,46.47,111.57,0.96,-1.0,-1.0,-1.0
74,3,898.83,390.04,73.03,123.43,0.99,-1.0,-1.0,-1.0
74,4,596.71,319.07,45.62,94.5,1.0,-1.0,-1.0,-1.0
74,5,325.65,308.58,31.13,88.86,1.0,-1.0,-1.0,-1.0
74,6,865.49,411.0,123.07,133.22,0.99,-1.0,-1.0,-1.0
74,1,857.95,371.01,52.59,111.59,0.99,-1.0,-1.0,-1.0
75,2,888.69,374.63,47.97,111.82,0.96,-1.0,-1.0,-1.0
75,3,887.73,391.59,80.69,123.63,0.99,-1.0,-1.0,-1.0
75,4,594.86,319.08,47.63,94.49,1.0,-1.0,-1.0,-1.0
75,5,326.09,308.29,30.66,89.35,0.99,-1.0,-1.0,-1.0
75,6,854.26,415.46,126.91,128.97,0.99,-1.0,-1.0,-1.0
75,1,856.24,370.12,51.34,109.49,0.99,-1.0,-1.0,-1.0
76,2,890.28,368.9,50.31,111.82,0.49,-1.0,-1.0,-1.0
76,3,879.22,375.24,87.99,141.17,0.97,-1.0,-1.0,-1.0
76,4,591.53,318.47,51.3,95.08,1.0,-1.0,-1.0,-1.0
76,5,326.54,308.04,30.2,89.54,1.0,-1.0,-1.0,-1.0
76,6,841.49,414.51,115.18,128.77,0.98,-1.0,-1.0,-1.0
76,1,862.74,367.55,55.59,113.38,0.98,-1.0,-1.0,-1.0
77,2,889.29,364.73,49.72,111.57,0.96,-1.0,-1.0,-1.0
77,3,873.66,389.26,93.14,127.04,0.97,-1.0,-1.0,-1.0
77,4,590.21,318.54,52.71,95.0,1.0,-1.0,-1.0,-1.0
77,5,326.82,307.95,30.05,89.6,0.99,-1.0,-1.0,-1.0
77,6,833.79,414.31,105.3,128.54,0.99,-1.0,-1.0,-1.0
77,1,860.53,366.48,61.49,117.02,0.97,-1.0,-1.0,-1.0
78,2,890.87,359.96,46.8,112.13,0.99,-1.0,-1.0,-1.0
78,3,868.46,393.48,92.59,121.49,0.98,-1.0,-1.0,-1.0
78,4,589.4,318.28,53.24,95.27,1.0,-1.0,-1.0,-1.0
78,5,326.9,307.78,30.0,89.92,0.99,-1.0,-1.0,-1.0
78,6,823.08,412.91,80.49,129.81,0.99,-1.0,-1.0,-1.0
78,1,855.33,363.19,58.58,109.63,0.98,-1.0,-1.0,-1.0
79,2,890.41,357.96,47.85,111.48,0.99,-1.0,-1.0,-1.0
79,3,866.86,396.22,90.83,114.62,0.99,-1.0,-1.0,-1.0
79,4,588.8,318.47,54.0,95.07,1.0,-1.0,-1.0,-1.0
79,5,326.91,307.87,30.0,89.73,0.99,-1.0,-1.0,-1.0
79,6,812.28,411.49,75.65,117.22,0.97,-1.0,-1.0,-1.0
79,1,852.66,359.39,56.14,107.14,0.99,-1.0,-1.0,-1.0
80,2,890.53,358.52,49.73,116.67,0.99,-1.0,-1.0,-1.0
80,3,850.86,387.63,71.84,123.18,0.88,-1.0,-1.0,-1.0
80,4,587.13,319.0,55.44,94.41,1.0,-1.0,-1.0,-1.0
80,5,327.06,308.06,30.01,89.96,1.0,-1.0,-1.0,-1.0
80,6,789.96,407.07,92.83,128.9,0.99,-1.0,-1.0,-1.0
80,1,859.19,356.85,47.96,107.77,0.93,-1.0,-1.0,-1.0
81,2,890.24,359.21,51.91,118.74,1.0,-1.0,-1.0,-1.0
81,3,841.34,385.5,66.58,124.72,0.99,-1.0,-1.0,-1.0
81,4,585.92,319.49,56.55,93.56,1.0,-1.0,-1.0,-1.0
81,5,327.4,308.44,29.73,89.74,1.0,-1.0,-1.0,-1.0
81,6,778.16,404.86,100.46,131.77,0.99,-1.0,-1.0,-1.0
81,1,862.51,356.28,47.45,103.84,0.98,-1.0,-1.0,-1.0
82,2,891.23,359.89,54.49,119.25,0.99,-1.0,-1.0,-1.0
82,3,830.87,382.81,69.34,126.91,0.98,-1.0,-1.0,-1.0
82,4,584.88,318.21,57.53,95.03,1.0,-1.0,-1.0,-1.0
82,5,327.36,308.9,29.63,89.35,1.0,-1.0,-1.0,-1.0
82,6,758.6,403.61,109.94,129.22,0.99,-1.0,-1.0,-1.0
82,1,861.4,356.17,46.67,107.54,0.99,-1.0,-1.0,-1.0
83,2,890.98,360.94,56.64,118.11,0.99,-1.0,-1.0,-1.0
83,3,823.45,381.06,78.11,127.86,0.98,-1.0,-1.0,-1.0
83,4,583.61,318.31,59.04,94.69,1.0,-1.0,-1.0,-1.0
83,5,327.47,309.07,29.3,89.2,1.0,-1.0,-1.0,-1.0
83,6,741.18,402.56,90.39,128.8,0.99,-1.0,-1.0,-1.0
83,1,857.83,355.41,50.12,106.66,0.99,-1.0,-1.0,-1.0
84,2,891.14,359.3,58.34,115.89,1.0,-1.0,-1.0,-1.0
84,3,815.04,379.38,61.76,121.55,0.99,-1.0,-1.0,-1.0
84,4,584.3,319.68,59.02,92.48,1.0,-1.0,-1.0,-1.0
84,5,327.36,309.28,29.49,89.14,1.0,-1.0,-1.0,-1.0
84,6,719.48,400.55,92.15,129.37,1.0,-1.0,-1.0,-1.0
84,1,846.82,355.02,60.8,107.39,1.0,-1.0,-1.0,-1.0
85,2,891.44,357.98,59.85,111.91,1.0,-1.0,-1.0,-1.0
85,3,806.88,380.15,53.8,117.69,0.97,-1.0,-1.0,-1.0
85,4,584.88,320.79,58.98,91.04,1.0,-1.0,-1.0,-1.0
85,5,327.01,309.35,29.87,89.12,1.0,-1.0,-1.0,-1.0
85,6,710.48,398.94,90.33,130.77,0.99,-1.0,-1.0,-1.0
85,1,846.9,354.32,61.43,105.89,0.99,-1.0,-1.0,-1.0
86,2,891.54,357.08,63.32,110.88,1.0,-1.0,-1.0,-1.0
86,3,797.42,379.71,53.97,116.71,0.99,-1.0,-1.0,-1.0
86,4,586.89,323.45,60.11,88.11,1.0,-1.0,-1.0,-1.0
86,5,326.58,309.53,30.31,89.11,1.0,-1.0,-1.0,-1.0
86,6,696.9,395.55,84.21,115.17,1.0,-1.0,-1.0,-1.0
86,1,842.96,352.44,63.94,104.74,0.99,-1.0,-1.0,-1.0
87,2,891.56,356.65,65.78,108.27,0.99,-1.0,-1.0,-1.0
87,3,790.14,377.64,55.28,118.31,0.99,-1.0,-1.0,-1.0
87,4,587.09,324.88,61.68,86.44,1.0,-1.0,-1.0,-1.0
87,5,325.97,310.18,31.08,88.51,1.0,-1.0,-1.0,-1.0
87,6,689.51,393.23,80.02,112.89,1.0,-1.0,-1.0,-1.0
87,1,840.01,350.45,66.04,103.13,0.99,-1.0,-1.0,-1.0
88,2,896.69,357.46,62.13,105.22,1.0,-1.0,-1.0,-1.0
88,3,779.25,374.84,59.48,110.29,0.99,-1.0,-1.0,-1.0
88,4,586.88,324.34,62.84,87.36,1.0,-1.0,-1.0,-1.0
88,5,325.29,312.07,32.84,86.8,1.0,-1.0,-1.0,-1.0
88,6,681.56,389.12,70.51,114.89,0.68,-1.0,-1.0,-1.0
88,11,706.95,388.8,44.1,114.75,0.98,-1.0,-1.0,-1.0
89,2,900.48,359.49,58.2,101.86,1.0,-1.0,-1.0,-1.0
89,3,775.74,373.22,60.42,106.58,0.99,-1.0,-1.0,-1.0
89,4,588.24,323.67,62.09,88.02,1.0,-1.0,-1.0,-1.0
89,5,324.73,314.12,34.95,85.25,1.0,-1.0,-1.0,-1.0
89,6,692.1,386.94,51.09,115.49,0.99,-1.0,-1.0,-1.0
89,1,839.04,348.19,67.27,100.42,0.96,-1.0,-1.0,-1.0
90,2,902.17,362.59,52.15,97.02,0.99,-1.0,-1.0,-1.0
90,3,769.13,369.04,50.08,103.76,0.99,-1.0,-1.0,-1.0
90,4,588.21,320.15,63.53,92.17,1.0,-1.0,-1.0,-1.0
90,5,323.95,316.85,38.63,84.09,1.0,-1.0,-1.0,-1.0
90,6,667.28,381.73,65.86,120.27,0.98,-1.0,-1.0,-1.0
90,1,837.73,349.68,52.51,98.0,0.98,-1.0,-1.0,-1.0
91,2,903.0,363.72,49.58,94.71,0.99,-1.0,-1.0,-1.0
91,3,764.11,368.18,46.64,102.49,0.99,-1.0,-1.0,-1.0
91,4,589.05,321.01,63.47,91.38,1.0,-1.0,-1.0,-1.0
91,5,323.22,319.78,41.75,82.77,1.0,-1.0,-1.0,-1.0
91,6,655.95,378.2,71.78,122.79,0.99,-1.0,-1.0,-1.0
91,1,835.66,348.6,52.91,98.35,0.99,-1.0,-1.0,-1.0
92,2,902.92,364.27,49.02,92.42,0.99,-1.0,-1.0,-1.0
92,3,753.79,365.64,53.22,103.15,0.99,-1.0,-1.0,-1.0
92,4,591.43,322.69,61.06,90.76,1.0,-1.0,-1.0,-1.0
92,5,321.23,320.99,42.72,82.3,0.99,-1.0,-1.0,-1.0
92,6,648.47,375.02,73.14,111.52,0.99,-1.0,-1.0,-1.0
92,1,833.18,347.32,62.69,99.4,0.99,-1.0,-1.0,-1.0
93,2,901.92,364.47,49.75,91.68,1.0,-1.0,-1.0,-1.0
93,3,747.61,367.33,57.04,99.98,0.99,-1.0,-1.0,-1.0
93,4,592.63,324.21,59.5,89.94,1.0,-1.0,-1.0,-1.0
93,5,319.69,320.79,41.93,83.05,0.99,-1.0,-1.0,-1.0
93,6,642.88,373.03,70.13,106.45,0.99,-1.0,-1.0,-1.0
93,1,831.7,345.84,51.02,101.02,0.99,-1.0,-1.0,-1.0
94,2,899.99,363.75,50.34,92.39,1.0,-1.0,-1.0,-1.0
94,3,734.11,364.22,66.73,95.19,0.99,-1.0,-1.0,-1.0
94,4,591.54,326.26,60.7,88.14,1.0,-1.0,-1.0,-1.0
94,5,317.33,319.94,44.49,85.43,0.98,-1.0,-1.0,-1.0
94,6,640.16,370.41,66.52,106.09,1.0,-1.0,-1.0,-1.0
94,1,831.85,343.08,55.62,102.83,0.98,-1.0,-1.0,-1.0
95,2,897.14,362.73,52.67,93.62,1.0,-1.0,-1.0,-1.0
95,3,723.39,364.07,66.52,83.34,0.99,-1.0,-1.0,-1.0
95,4,591.13,327.0,61.13,87.77,1.0,-1.0,-1.0,-1.0
95,5,316.02,320.45,44.58,84.86,0.99,-1.0,-1.0,-1.0
95,6,641.8,366.81,61.52,108.43,1.0,-1.0,-1.0,-1.0
95,1,831.84,341.62,54.14,102.34,0.99,-1.0,-1.0,-1.0
96,2,885.19,360.54,63.85,97.42,0.99,-1.0,-1.0,-1.0
96,3,714.76,354.34,57.65,92.96,0.99,-1.0,-1.0,-1.0
96,4,590.98,326.66,61.88,87.94,1.0,-1.0,-1.0,-1.0
96,5,314.53,321.37,41.69,84.64,0.99,-1.0,-1.0,-1.0
96,6,643.26,361.23,55.37,110.06,1.0,-1.0,-1.0,-1.0
96,1,828.63,336.65,51.13,103.05,0.99,-1.0,-1.0,-1.0
97,2,883.01,359.16,64.1,99.75,1.0,-1.0,-1.0,-1.0
97,3,710.8,351.99,48.4,94.7,0.99,-1.0,-1.0,-1.0
97,4,590.05,325.77,59.79,88.32,1.0,-1.0,-1.0,-1.0
97,5,313.83,322.13,43.77,84.56,0.99,-1.0,-1.0,-1.0
97,6,646.2,358.2,49.44,109.68,1.0,-1.0,-1.0,-1.0
97,1,828.1,333.35,43.25,102.73,0.99,-1.0,-1.0,-1.0
98,2,874.93,360.26,66.71,98.89,0.99,-1.0,-1.0,-1.0
98,3,701.61,349.27,45.09,97.54,0.99,-1.0,-1.0,-1.0
98,4,588.16,323.78,61.36,89.96,1.0,-1.0,-1.0,-1.0
98,5,313.0,321.19,42.78,85.73,0.99,-1.0,-1.0,-1.0
98,6,645.64,353.29,46.23,104.77,0.99,-1.0,-1.0,-1.0
98,1,827.35,328.61,40.32,102.02,0.99,-1.0,-1.0,-1.0
99,2,858.08,360.58,79.15,98.27,0.99,-1.0,-1.0,-1.0
99,3,696.32,347.01,43.41,99.53,0.99,-1.0,-1.0,-1.0
99,4,586.3,322.59,62.52,90.58,1.0,-1.0,-1.0,-1.0
99,5,312.26,320.68,42.64,86.17,0.99,-1.0,-1.0,-1.0
99,6,644.71,350.39,44.0,101.73,0.99,-1.0,-1.0,-1.0
99,1,825.56,326.46,39.4,100.86,0.99,-1.0,-1.0,-1.0
100,2,862.3,359.98,73.26,98.94,0.99,-1.0,-1.0,-1.0
100,3,688.55,342.43,41.63,99.12,0.99,-1.0,-1.0,-1.0
100,4,584.43,322.76,62.96,90.52,0.99,-1.0,-1.0,-1.0
100,5,310.98,321.25,42.87,89.3,1.0,-1.0,-1.0,-1.0
100,6,642.05,347.97,44.01,97.93,0.99,-1.0,-1.0,-1.0
100,1,824.06,326.05,39.15,98.34,0.99,-1.0,-1.0,-1.0
101,2,860.69,360.05,72.43,99.2,1.0,-1.0,-1.0,-1.0
101,3,683.68,339.29,39.18,98.08,0.99,-1.0,-1.0,-1.0
101,4,582.24,323.41,63.7,89.9,1.0,-1.0,-1.0,-1.0
101,5,309.64,322.02,37.05,91.06,0.98,-1.0,-1.0,-1.0
101,6,638.45,344.76,45.33,90.18,1.0,-1.0,-1.0,-1.0
101,1,823.57,328.25,38.48,94.09,0.99,-1.0,-1.0,-1.0
102,2,849.68,361.01,79.09,99.46,0.98,-1.0,-1.0,-1.0
102,3,675.44,336.61,40.93,97.1,0.99,-1.0,-1.0,-1.0
102,4,581.45,324.59,62.21,88.77,1.0,-1.0,-1.0,-1.0
102,5,307.16,324.25,41.58,91.73,0.99,-1.0,-1.0,-1.0
102,6,635.8,343.5,44.63,87.76,0.98,-1.0,-1.0,-1.0
102,1,821.63,331.63,42.63,89.19,0.99,-1.0,-1.0,-1.0
103,2,838.51,362.13,85.8,99.12,0.99,-1.0,-1.0,-1.0
103,3,667.59,335.11,44.56,96.45,0.99,-1.0,-1.0,-1.0
103,4,582.07,325.47,60.42,88.05,1.0,-1.0,-1.0,-1.0
103,5,304.02,325.96,43.9,91.67,0.98,-1.0,-1.0,-1.0
103,6,634.09,343.31,43.21,83.91,0.99,-1.0,-1.0,-1.0
103,1,820.07,335.54,44.06,78.84,0.92,-1.0,-1.0,-1.0
104,2,833.86,362.82,79.77,98.69,0.98,-1.0,-1.0,-1.0
104,3,660.18,333.74,45.32,97.41,0.99,-1.0,-1.0,-1.0
104,4,583.56,324.73,56.13,88.68,1.0,-1.0,-1.0,-1.0
104,5,306.01,328.2,43.37,91.62,0.99,-1.0,-1.0,-1.0
104,6,625.63,343.06,53.9,83.9,1.0,-1.0,-1.0,-1.0
104,1,814.24,340.84,39.34,65.59,0.94,-1.0,-1.0,-1.0
105,2,827.45,364.27,58.68,97.35,0.98,-1.0,-1.0,-1.0
105,3,658.23,333.01,42.08,97.78,0.99,-1.0,-1.0,-1.0
105,4,583.83,324.59,55.14,88.92,0.99,-1.0,-1.0,-1.0
105,5,307.9,328.42,41.94,93.36,0.99,-1.0,-1.0,-1.0
105,6,622.36,344.87,57.96,82.13,0.99,-1.0,-1.0,-1.0
105,1,810.76,342.17,38.71,61.28,0.89,-1.0,-1.0,-1.0
106,2,814.87,367.2,57.8,94.75,0.97,-1.0,-1.0,-1.0
106,3,657.71,332.08,37.14,96.74,0.98,-1.0,-1.0,-1.0
106,4,584.55,322.45,54.8,90.8,1.0,-1.0,-1.0,-1.0
106,5,308.52,330.09,41.67,93.71,0.99,-1.0,-1.0,-1.0
106,6,615.81,345.17,62.52,80.36,1.0,-1.0,-1.0,-1.0
106,1,800.47,344.99,45.21,57.48,0.85,-1.0,-1.0,-1.0
107,2,810.49,368.41,57.54,93.04,0.99,-1.0,-1.0,-1.0
107,3,658.61,329.56,32.84,98.15,0.99,-1.0,-1.0,-1.0
107,4,585.41,319.55,58.93,92.68,0.99,-1.0,-1.0,-1.0
107,5,308.47,330.52,40.97,94.12,0.99,-1.0,-1.0,-1.0
107,6,612.16,345.16,62.62,79.2,1.0,-1.0,-1.0,-1.0
107,1,792.88,346.02,50.28,67.84,0.67,-1.0,-1.0,-1.0
108,2,796.95,358.42,66.0,108.57,0.99,-1.0,-1.0,-1.0
108,3,654.11,322.15,35.33,100.16,0.98,-1.0,-1.0,-1.0
108,4,589.56,315.34,57.5,94.87,0.99,-1.0,-1.0,-1.0
108,5,308.21,330.33,41.29,94.55,0.99,-1.0,-1.0,-1.0
108,6,607.73,344.89,62.61,77.65,0.99,-1.0,-1.0,-1.0
108,1,788.52,347.39,51.21,69.76,0.2,-1.0,-1.0,-1.0
109,2,785.78,354.37,73.01,114.3,0.99,-1.0,-1.0,-1.0
109,3,653.5,318.12,34.88,100.92,0.98,-1.0,-1.0,-1.0
109,4,592.99,311.73,52.73,97.45,1.0,-1.0,-1.0,-1.0
109,5,308.1,329.66,41.7,95.29,0.99,-1.0,-1.0,-1.0
109,6,605.84,343.64,62.58,78.7,0.99,-1.0,-1.0,-1.0
110,2,775.29,355.56,73.54,116.05,0.99,-1.0,-1.0,-1.0
110,3,644.13,312.83,44.55,99.44,0.98,-1.0,-1.0,-1.0
110,4,598.62,307.71,45.98,97.55,0.99,-1.0,-1.0,-1.0
110,5,308.85,328.61,41.85,96.14,0.99,-1.0,-1.0,-1.0
110,6,605.59,341.54,63.12,81.55,1.0,-1.0,-1.0,-1.0
111,2,770.44,353.8,69.01,118.71,0.99,-1.0,-1.0,-1.0
111,3,644.82,309.63,47.81,95.58,0.99,-1.0,-1.0,-1.0
111,4,604.4,303.6,49.36,100.5,0.99,-1.0,-1.0,-1.0
111,5,309.13,327.95,41.9,96.74,1.0,-1.0,-1.0,-1.0
111,6,606.46,339.36,63.89,84.12,0.99,-1.0,-1.0,-1.0
111,1,778.93,340.64,49.18,84.16,0.68,-1.0,-1.0,-1.0
112,2,763.01,353.86,50.93,119.54,0.99,-1.0,-1.0,-1.0
112,3,644.35,304.5,52.59,95.33,0.94,-1.0,-1.0,-1.0
112,4,609.57,301.64,36.67,95.47,0.98,-1.0,-1.0,-1.0
112,5,310.15,328.12,41.62,95.76,1.0,-1.0,-1.0,-1.0
112,6,609.86,335.91,67.66,88.08,0.99,-1.0,-1.0,-1.0
112,1,772.72,339.37,51.19,86.47,0.9,-1.0,-1.0,-1.0
113,2,756.98,353.94,48.93,119.8,0.99,-1.0,-1.0,-1.0
113,3,644.21,302.59,43.86,91.06,0.92,-1.0,-1.0,-1.0
113,4,611.66,300.99,30.13,93.43,0.98,-1.0,-1.0,-1.0
113,5,310.8,328.64,40.92,95.66,1.0,-1.0,-1.0,-1.0
113,6,613.46,336.41,67.93,88.42,0.99,-1.0,-1.0,-1.0
113,1,765.9,339.61,55.95,87.91,0.92,-1.0,-1.0,-1.0
114,2,745.11,350.95,46.45,122.03,0.99,-1.0,-1.0,-1.0
114,4,613.88,300.83,29.8,98.66,0.96,-1.0,-1.0,-1.0
114,5,312.14,329.0,40.94,96.5,1.0,-1.0,-1.0,-1.0
114,6,634.0,336.71,61.01,88.85,0.95,-1.0,-1.0,-1.0
114,1,754.3,341.77,67.44,86.11,0.86,-1.0,-1.0,-1.0
114,13,644.4,303.75,34.2,92.25,0.9,-1.0,-1.0,-1.0
115,2,735.6,350.4,48.19,122.55,0.98,-1.0,-1.0,-1.0
115,3,642.63,302.93,42.57,92.65,0.97,-1.0,-1.0,-1.0
115,4,615.11,301.22,29.05,100.56,0.98,-1.0,-1.0,-1.0
115,5,312.6,328.96,41.25,97.1,1.0,-1.0,-1.0,-1.0
115,6,641.4,340.25,62.43,85.18,0.95,-1.0,-1.0,-1.0
115,9,734.14,316.19,55.64,76.92,0.99,-1.0,-1.0,-1.0
116,2,723.41,350.37,50.02,121.37,0.98,-1.0,-1.0,-1.0
116,3,637.56,305.04,39.95,97.28,0.99,-1.0,-1.0,-1.0
116,4,614.81,304.66,32.15,98.94,0.99,-1.0,-1.0,-1.0
116,5,312.97,329.1,41.07,97.31,1.0,-1.0,-1.0,-1.0
116,6,645.8,340.93,61.16,84.67,0.99,-1.0,-1.0,-1.0
116,9,733.54,316.05,47.9,77.81,0.99,-1.0,-1.0,-1.0
117,2,712.55,352.45,52.52,123.51,0.99,-1.0,-1.0,-1.0
117,3,636.21,309.7,38.49,94.08,0.98,-1.0,-1.0,-1.0
117,4,615.88,306.64,34.36,98.86,0.99,-1.0,-1.0,-1.0
117,5,313.04,329.11,41.0,97.08,1.0,-1.0,-1.0,-1.0
117,6,647.7,341.48,60.05,83.9,0.98,-1.0,-1.0,-1.0
117,9,732.9,316.1,41.13,79.97,0.99,-1.0,-1.0,-1.0
118,2,702.86,358.37,48.75,120.62,0.99,-1.0,-1.0,-1.0
118,3,634.96,313.44,39.81,90.7,0.97,-1.0,-1.0,-1.0
118,4,615.05,307.84,38.21,98.23,0.99,-1.0,-1.0,-1.0
118,5,312.63,329.1,41.27,96.98,0.99,-1.0,-1.0,-1.0
118,6,648.67,338.1,61.43,86.92,0.89,-1.0,-1.0,-1.0
118,14,716.4,346.72,45.9,79.65,0.77,-1.0,-1.0,-1.0
119,2,697.88,363.21,44.18,117.2,0.99,-1.0,-1.0,-1.0
119,3,633.96,315.48,42.07,88.55,0.9,-1.0,-1.0,-1.0
119,4,614.7,308.6,40.82,97.67,0.99,-1.0,-1.0,-1.0
119,5,312.46,329.07,41.37,96.93,1.0,-1.0,-1.0,-1.0
119,6,661.1,336.86,50.7,76.86,0.9,-1.0,-1.0,-1.0
119,1,717.66,348.51,46.82,79.17,0.94,-1.0,-1.0,-1.0
120,2,683.72,368.17,53.26,112.43,0.98,-1.0,-1.0,-1.0
120,3,633.08,322.76,43.51,82.03,0.95,-1.0,-1.0,-1.0
120,4,615.1,308.15,41.29,98.04,0.99,-1.0,-1.0,-1.0
120,5,312.24,328.75,41.41,96.9,1.0,-1.0,-1.0,-1.0
120,6,666.95,333.31,53.4,81.57,0.97,-1.0,-1.0,-1.0
120,1,710.31,344.29,45.06,83.17,0.84,-1.0,-1.0,-1.0
121,2,667.97,365.32,66.31,115.62,0.99,-1.0,-1.0,-1.0
121,3,632.52,328.75,54.0,76.24,0.93,-1.0,-1.0,-1.0
121,4,614.87,307.85,44.38,97.58,0.99,-1.0,-1.0,-1.0
121,5,312.27,328.63,41.12,97.18,1.0,-1.0,-1.0,-1.0
121,6,681.09,329.18,44.02,84.9,0.84,-1.0,-1.0,-1.0
121,1,703.21,343.67,47.09,84.64,0.88,-1.0,-1.0,-1.0
122,2,654.96,367.81,72.61,112.33,0.99,-1.0,-1.0,-1.0
122,3,633.11,327.39,50.27,77.08,0.91,-1.0,-1.0,-1.0
122,4,615.39,305.95,44.97,98.29,0.99,-1.0,-1.0,-1.0
122,5,312.18,328.57,40.12,97.27,1.0,-1.0,-1.0,-1.0
122,1,690.29,332.03,56.3,105.29,0.98,-1.0,-1.0,-1.0
123,2,648.64,367.39,73.07,108.79,0.99,-1.0,-1.0,-1.0
123,3,633.58,317.78,48.38,85.92,0.87,-1.0,-1.0,-1.0
123,4,616.39,304.66,45.19,98.54,0.98,-1.0,-1.0,-1.0
123,5,312.09,328.56,39.74,97.3,1.0,-1.0,-1.0,-1.0
123,1,691.21,325.95,47.69,95.27,0.21,-1.0,-1.0,-1.0
123,6,687.88,323.8,56.44,113.62,0.99,-1.0,-1.0,-1.0
124,2,643.45,366.43,54.33,107.03,1.0,-1.0,-1.0,-1.0
124,3,636.25,325.07,45.85,80.38,0.96,-1.0,-1.0,-1.0
124,4,622.32,301.8,40.59,99.23,0.97,-1.0,-1.0,-1.0
124,5,311.95,328.53,38.7,97.6,1.0,-1.0,-1.0,-1.0
124,1,699.93,319.67,38.06,79.03,0.97,-1.0,-1.0,-1.0
124,6,687.93,340.6,56.83,103.01,0.99,-1.0,-1.0,-1.0
125,2,639.75,365.58,44.58,106.85,0.99,-1.0,-1.0,-1.0
125,3,636.09,326.28,46.06,80.24,0.95,-1.0,-1.0,-1.0
125,4,625.48,300.58,38.11,98.88,0.98,-1.0,-1.0,-1.0
125,5,311.85,328.07,38.02,98.3,1.0,-1.0,-1.0,-1.0
125,1,705.14,315.33,33.41,80.93,0.89,-1.0,-1.0,-1.0
125,6,687.04,348.21,55.68,98.08,0.99,-1.0,-1.0,-1.0
126,2,635.08,363.16,39.52,108.62,0.99,-1.0,-1.0,-1.0
126,3,639.63,323.85,42.57,80.81,0.98,-1.0,-1.0,-1.0
126,4,631.78,300.16,32.94,98.44,0.99,-1.0,-1.0,-1.0
126,5,311.99,327.9,37.47,98.26,1.0,-1.0,-1.0,-1.0
126,1,712.5,309.13,27.43,73.44,0.84,-1.0,-1.0,-1.0
126,6,684.49,349.86,54.53,97.07,1.0,-1.0,-1.0,-1.0
127,2,628.75,361.64,40.55,109.29,0.99,-1.0,-1.0,-1.0
127,3,644.78,321.13,41.79,82.84,0.98,-1.0,-1.0,-1.0
127,4,634.95,300.61,29.77,91.72,0.98,-1.0,-1.0,-1.0
127,5,312.35,327.53,36.68,98.53,1.0,-1.0,-1.0,-1.0
127,1,716.43,304.4,35.48,79.61,0.94,-1.0,-1.0,-1.0
127,6,680.76,348.53,55.81,98.44,1.0,-1.0,-1.0,-1.0
128,2,609.78,357.82,53.26,111.64,1.0,-1.0,-1.0,-1.0
128,3,646.04,317.92,46.35,81.54,0.96,-1.0,-1.0,-1.0
128,4,635.92,301.32,31.97,94.64,0.98,-1.0,-1.0,-1.0
128,5,312.65,327.56,36.4,98.62,1.0,-1.0,-1.0,-1.0
128,1,720.02,301.78,41.95,89.62,0.94,-1.0,-1.0,-1.0
128,6,676.11,342.91,56.84,103.91,1.0,-1.0,-1.0,-1.0
129,2,600.67,355.51,59.22,112.82,1.0,-1.0,-1.0,-1.0
129,3,649.05,316.55,43.95,79.26,0.94,-1.0,-1.0,-1.0
129,4,638.34,302.46,30.86,94.78,0.98,-1.0,-1.0,-1.0
129,5,312.73,327.57,36.31,98.95,1.0,-1.0,-1.0,-1.0
129,1,723.15,300.96,44.07,91.15,0.85,-1.0,-1.0,-1.0
129,6,664.59,340.2,65.94,106.82,0.99,-1.0,-1.0,-1.0
130,2,591.72,355.24,58.97,105.88,0.99,-1.0,-1.0,-1.0
130,3,650.63,313.8,50.14,84.46,0.98,-1.0,-1.0,-1.0
130,4,640.39,303.52,30.47,93.95,0.98,-1.0,-1.0,-1.0
130,5,312.94,327.29,36.3,99.36,1.0,-1.0,-1.0,-1.0
130,1,730.5,300.65,38.02,84.43,0.85,-1.0,-1.0,-1.0
130,6,673.63,336.82,53.84,109.36,0.99,-1.0,-1.0,-1.0
131,2,589.41,356.11,54.69,102.87,1.0,-1.0,-1.0,-1.0
131,3,653.99,313.12,50.63,85.75,0.97,-1.0,-1.0,-1.0
131,4,641.02,303.49,30.97,95.74,0.99,-1.0,-1.0,-1.0
131,5,312.98,326.89,36.3,99.8,1.0,-1.0,-1.0,-1.0
131,1,735.29,300.73,36.02,88.32,0.95,-1.0,-1.0,-1.0
131,6,676.57,333.79,48.59,112.32,0.99,-1.0,-1.0,-1.0
132,2,588.84,355.52,52.85,101.81,1.0,-1.0,-1.0,-1.0
132,3,669.31,314.35,40.33,83.6,0.16,-1.0,-1.0,-1.0
132,4,639.69,302.14,34.79,97.29,1.0,-1.0,-1.0,-1.0
132,5,313.16,326.58,36.31,100.26,1.0,-1.0,-1.0,-1.0
132,1,739.98,304.7,32.88,76.84,0.85,-1.0,-1.0,-1.0
132,6,677.56,329.59,45.54,117.18,0.99,-1.0,-1.0,-1.0
133,2,588.94,353.83,53.33,102.96,0.99,-1.0,-1.0,-1.0
133,3,677.55,317.12,36.54,84.25,0.64,-1.0,-1.0,-1.0
133,4,641.25,301.35,35.59,99.07,0.99,-1.0,-1.0,-1.0
133,5,313.25,326.48,36.33,100.42,1.0,-1.0,-1.0,-1.0
133,1,745.32,306.86,36.14,89.87,0.97,-1.0,-1.0,-1.0
133,6,677.91,330.44,41.99,116.42,0.99,-1.0,-1.0,-1.0
134,2,588.87,350.55,52.89,103.7,1.0,-1.0,-1.0,-1.0
134,3,688.98,318.92,32.17,71.45,0.83,-1.0,-1.0,-1.0
134,4,641.78,301.66,40.01,96.2,0.99,-1.0,-1.0,-1.0
134,5,313.71,326.31,36.64,100.47,1.0,-1.0,-1.0,-1.0
134,1,749.47,312.18,37.21,88.67,0.99,-1.0,-1.0,-1.0
134,6,677.34,334.94,40.11,112.22,1.0,-1.0,-1.0,-1.0
135,2,587.98,348.73,53.87,97.74,1.0,-1.0,-1.0,-1.0
135,3,694.34,319.0,29.42,68.59,0.88,-1.0,-1.0,-1.0
135,4,642.54,301.78,41.1,94.17,1.0,-1.0,-1.0,-1.0
135,5,314.03,326.23,36.76,100.48,1.0,-1.0,-1.0,-1.0
135,1,753.03,315.22,34.69,87.2,0.99,-1.0,-1.0,-1.0
135,6,676.81,337.47,39.49,109.6,0.99,-1.0,-1.0,-1.0
136,2,586.66,347.79,53.63,93.04,1.0,-1.0,-1.0,-1.0
136,3,695.9,318.41,28.57,71.08,0.88,-1.0,-1.0,-1.0
136,4,641.92,302.28,43.82,92.82,1.0,-1.0,-1.0,-1.0
136,5,314.45,326.21,36.52,100.47,1.0,-1.0,-1.0,-1.0
136,1,758.19,316.25,33.07,84.81,0.97,-1.0,-1.0,-1.0
136,6,676.29,338.74,39.3,108.57,0.99,-1.0,-1.0,-1.0
137,2,585.52,347.18,52.91,91.09,1.0,-1.0,-1.0,-1.0
137,3,697.53,318.5,28.98,71.67,0.7,-1.0,-1.0,-1.0
137,4,646.2,303.06,42.03,94.73,1.0,-1.0,-1.0,-1.0
137,5,314.44,326.2,36.73,100.46,1.0,-1.0,-1.0,-1.0
137,1,766.05,316.04,28.2,70.7,0.97,-1.0,-1.0,-1.0
137,6,675.48,337.88,40.5,108.45,0.99,-1.0,-1.0,-1.0
138,2,585.03,346.06,52.61,91.06,0.99,-1.0,-1.0,-1.0
138,3,699.85,317.46,31.02,81.55,0.89,-1.0,-1.0,-1.0
138,4,649.07,303.63,41.83,90.4,0.99,-1.0,-1.0,-1.0
138,5,314.59,326.17,36.81,100.45,1.0,-1.0,-1.0,-1.0
138,1,764.8,314.64,47.12,82.16,0.99,-1.0,-1.0,-1.0
138,6,666.77,326.4,57.19,120.25,0.98,-1.0,-1.0,-1.0
139,2,585.9,343.74,51.88,92.92,1.0,-1.0,-1.0,-1.0
139,3,702.98,318.38,31.16,83.12,0.93,-1.0,-1.0,-1.0
139,4,654.78,303.26,36.46,87.82,0.98,-1.0,-1.0,-1.0
139,5,314.63,326.33,36.85,100.14,1.0,-1.0,-1.0,-1.0
139,1,764.78,313.65,53.36,85.59,0.99,-1.0,-1.0,-1.0
139,6,665.86,324.62,57.66,122.87,0.98,-1.0,-1.0,-1.0
140,2,587.92,341.59,51.59,93.94,1.0,-1.0,-1.0,-1.0
140,3,699.79,313.4,40.9,87.23,0.99,-1.0,-1.0,-1.0
140,4,661.26,302.69,29.32,84.18,0.98,-1.0,-1.0,-1.0
140,5,314.64,326.27,35.97,100.31,1.0,-1.0,-1.0,-1.0
140,1,767.97,313.86,57.36,86.39,0.99,-1.0,-1.0,-1.0
140,6,663.57,332.1,52.02,117.18,0.99,-1.0,-1.0,-1.0
141,2,590.61,339.04,51.47,93.47,1.0,-1.0,-1.0,-1.0
141,3,702.92,312.5,45.87,91.39,0.99,-1.0,-1.0,-1.0
141,4,663.75,302.17,30.03,84.1,0.99,-1.0,-1.0,-1.0
141,5,314.95,325.65,35.04,100.67,0.99,-1.0,-1.0,-1.0
141,1,773.08,312.78,55.7,87.55,0.99,-1.0,-1.0,-1.0
141,6,662.11,335.17,50.72,115.09,0.99,-1.0,-1.0,-1.0
142,2,598.62,337.69,47.84,87.63,1.0,-1.0,-1.0,-1.0
142,3,706.68,313.6,47.46,92.98,1.0,-1.0,-1.0,-1.0
142,4,662.42,300.93,36.37,93.77,0.99,-1.0,-1.0,-1.0
142,5,315.23,325.57,34.4,100.8,1.0,-1.0,-1.0,-1.0
142,1,781.11,312.08,45.14,87.08,0.99,-1.0,-1.0,-1.0
142,6,660.15,343.33,50.23,108.02,1.0,-1.0,-1.0,-1.0
143,2,604.28,338.65,45.21,83.92,1.0,-1.0,-1.0,-1.0
143,3,708.96,314.79,48.08,92.7,1.0,-1.0,-1.0,-1.0
143,4,665.1,300.63,36.31,91.19,0.99,-1.0,-1.0,-1.0
143,5,315.75,325.4,33.87,100.85,0.99,-1.0,-1.0,-1.0
143,1,787.81,310.64,39.88,87.75,0.98,-1.0,-1.0,-1.0
143,6,659.42,347.51,48.24,104.07,1.0,-1.0,-1.0,-1.0
144,2,608.54,335.64,43.66,85.11,0.99,-1.0,-1.0,-1.0
144,3,710.94,314.65,46.57,92.82,1.0,-1.0,-1.0,-1.0
144,4,668.17,300.65,38.59,90.7,0.99,-1.0,-1.0,-1.0
144,5,316.41,325.16,33.39,100.86,1.0,-1.0,-1.0,-1.0
144,1,796.53,309.34,38.04,87.98,0.99,-1.0,-1.0,-1.0
144,6,658.93,347.15,49.84,104.16,1.0,-1.0,-1.0,-1.0
145,2,609.74,334.45,45.59,86.17,0.99,-1.0,-1.0,-1.0
145,3,711.88,314.47,46.49,93.12,1.0,-1.0,-1.0,-1.0
145,4,670.43,301.41,38.3,89.92,0.99,-1.0,-1.0,-1.0
145,5,316.62,325.07,33.22,100.86,1.0,-1.0,-1.0,-1.0
145,1,801.26,309.01,35.56,88.05,0.99,-1.0,-1.0,-1.0
145,6,659.04,347.44,49.83,103.6,0.99,-1.0,-1.0,-1.0
146,2,612.27,330.31,53.44,90.5,0.99,-1.0,-1.0,-1.0
146,3,715.11,313.96,42.94,93.79,0.99,-1.0,-1.0,-1.0
146,4,672.71,301.7,39.91,87.55,0.98,-1.0,-1.0,-1.0
146,5,316.85,325.04,32.87,100.86,0.99,-1.0,-1.0,-1.0
146,1,803.71,309.64,37.73,87.16,0.95,-1.0,-1.0,-1.0
146,6,662.71,343.9,47.43,105.51,1.0,-1.0,-1.0,-1.0
147,2,615.15,328.52,56.87,90.66,0.99,-1.0,-1.0,-1.0
147,3,719.51,313.34,38.47,94.01,0.99,-1.0,-1.0,-1.0
147,4,674.66,301.82,40.51,86.96,0.98,-1.0,-1.0,-1.0
147,5,316.9,324.74,32.45,101.15,0.99,-1.0,-1.0,-1.0
147,1,803.92,310.2,45.0,86.8,1.0,-1.0,-1.0,-1.0
147,6,664.76,339.9,45.27,106.83,0.99,-1.0,-1.0,-1.0
148,2,621.18,328.2,58.26,84.2,0.97,-1.0,-1.0,-1.0
148,3,723.5,311.64,34.3,94.65,0.99,-1.0,-1.0,-1.0
148,4,677.99,302.31,38.97,84.96,0.98,-1.0,-1.0,-1.0
148,5,316.78,324.47,32.61,101.26,0.99,-1.0,-1.0,-1.0
148,1,802.67,310.57,52.72,86.36,1.0,-1.0,-1.0,-1.0
148,6,667.08,333.47,43.85,109.7,0.99,-1.0,-1.0,-1.0
149,2,625.58,328.06,56.48,82.64,0.88,-1.0,-1.0,-1.0
149,3,724.42,310.88,33.45,95.15,0.99,-1.0,-1.0,-1.0
149,4,680.34,302.52,36.55,83.62,0.98,-1.0,-1.0,-1.0
149,5,316.71,324.25,32.68,101.59,1.0,-1.0,-1.0,-1.0
149,1,802.31,311.19,55.9,84.98,1.0,-1.0,-1.0,-1.0
149,6,669.43,329.45,40.3,108.72,0.99,-1.0,-1.0,-1.0
150,2,644.95,326.21,39.2,81.21,0.95,-1.0,-1.0,-1.0
150,3,724.98,310.72,33.79,95.61,0.99,-1.0,-1.0,-1.0
150,4,682.95,302.27,33.79,78.03,0.98,-1.0,-1.0,-1.0
150,5,316.83,324.14,33.01,101.71,0.99,-1.0,-1.0,-1.0
150,1,803.12,310.96,56.61,85.05,0.99,-1.0,-1.0,-1.0
150,6,669.99,325.09,37.74,110.41,0.99,-1.0,-1.0,-1.0
151,2,653.8,324.1,32.5,81.33,0.93,-1.0,-1.0,-1.0
151,3,725.08,311.46,34.54,94.57,0.99,-1.0,-1.0,-1.0
151,4,684.38,301.75,33.39,80.6,0.96,-1.0,-1.0,-1.0
151,5,316.99,324.3,32.55,101.45,0.99,-1.0,-1.0,-1.0
151,1,805.29,310.91,54.53,85.08,1.0,-1.0,-1.0,-1.0
151,6,670.15,322.65,36.88,111.92,0.99,-1.0,-1.0,-1.0
152,2,662.92,322.63,29.98,82.92,0.79,-1.0,-1.0,-1.0
152,3,725.64,311.9,34.83,92.66,0.99,-1.0,-1.0,-1.0
152,4,686.34,301.11,33.26,77.62,0.97,-1.0,-1.0,-1.0
152,5,316.9,324.36,32.38,101.06,0.99,-1.0,-1.0,-1.0
152,1,818.0,309.55,41.93,86.27,0.99,-1.0,-1.0,-1.0
152,6,670.5,322.36,36.0,108.65,0.99,-1.0,-1.0,-1.0
153,2,665.82,320.65,28.63,83.23,0.86,-1.0,-1.0,-1.0
153,3,726.36,312.09,34.35,91.31,0.99,-1.0,-1.0,-1.0
153,4,687.28,301.04,33.21,78.96,0.98,-1.0,-1.0,-1.0
153,5,317.16,324.55,31.73,100.6,0.99,-1.0,-1.0,-1.0
153,1,827.73,309.21,32.02,86.72,0.98,-1.0,-1.0,-1.0
153,6,670.6,322.8,36.34,106.46,1.0,-1.0,-1.0,-1.0
154,2,668.18,322.82,25.67,68.45,0.33,-1.0,-1.0,-1.0
154,3,727.77,312.04,34.78,91.09,0.98,-1.0,-1.0,-1.0
154,4,688.76,300.58,33.81,86.96,0.99,-1.0,-1.0,-1.0
154,5,317.26,324.79,31.49,100.13,0.99,-1.0,-1.0,-1.0
154,1,835.39,308.22,27.38,87.77,0.99,-1.0,-1.0,-1.0
154,6,669.42,324.99,38.31,103.84,0.99,-1.0,-1.0,-1.0
155,3,728.53,312.01,36.14,91.6,0.99,-1.0,-1.0,-1.0
155,4,689.23,300.26,34.04,94.21,0.99,-1.0,-1.0,-1.0
155,5,317.59,324.87,30.82,99.96,0.99,-1.0,-1.0,-1.0
155,1,838.12,307.39,28.09,88.75,0.99,-1.0,-1.0,-1.0
155,6,668.69,326.75,39.63,101.97,1.0,-1.0,-1.0,-1.0
155,9,742.95,317.71,25.09,60.88,0.39,-1.0,-1.0,-1.0
156,3,729.38,312.01,38.42,90.9,0.99,-1.0,-1.0,-1.0
156,4,690.55,300.56,32.34,95.64,0.96,-1.0,-1.0,-1.0
156,5,318.79,324.45,29.36,101.09,0.99,-1.0,-1.0,-1.0
156,1,840.85,306.65,34.62,89.7,0.99,-1.0,-1.0,-1.0
156,6,669.02,328.03,39.56,99.18,1.0,-1.0,-1.0,-1.0
156,9,744.3,317.45,24.45,57.31,0.4,-1.0,-1.0,-1.0
157,3,731.1,311.86,38.12,90.32,1.0,-1.0,-1.0,-1.0
157,4,691.54,300.25,31.08,98.19,0.98,-1.0,-1.0,-1.0
157,5,319.2,324.28,29.15,101.21,0.99,-1.0,-1.0,-1.0
157,1,842.45,306.67,39.66,89.76,0.99,-1.0,-1.0,-1.0
157,6,669.42,327.92,39.54,99.09,0.99,-1.0,-1.0,-1.0
158,3,733.19,312.1,36.81,89.81,1.0,-1.0,-1.0,-1.0
158,4,693.68,299.99,32.47,96.83,0.98,-1.0,-1.0,-1.0
158,5,319.66,324.37,29.69,100.96,0.99,-1.0,-1.0,-1.0
158,1,843.53,306.4,40.61,90.06,1.0,-1.0,-1.0,-1.0
158,6,671.07,326.24,37.75,98.48,0.99,-1.0,-1.0,-1.0
159,3,733.61,312.2,36.89,89.91,1.0,-1.0,-1.0,-1.0
159,4,694.69,300.48,32.97,95.94,0.99,-1.0,-1.0,-1.0
159,5,320.11,324.1,30.2,101.46,0.99,-1.0,-1.0,-1.0
159,1,843.72,306.45,40.94,89.86,1.0,-1.0,-1.0,-1.0
159,6,672.59,325.17,36.47,97.98,0.99,-1.0,-1.0,-1.0
160,3,734.93,311.93,36.92,90.85,0.99,-1.0,-1.0,-1.0
160,4,694.44,301.25,32.57,96.75,0.96,-1.0,-1.0,-1.0
160,5,320.73,323.85,31.59,100.76,0.99,-1.0,-1.0,-1.0
160,1,843.68,306.77,42.77,89.47,0.99,-1.0,-1.0,-1.0
160,6,674.07,322.38,36.02,99.93,0.98,-1.0,-1.0,-1.0
161,3,735.05,312.13,37.53,90.61,1.0,-1.0,-1.0,-1.0
161,4,693.94,300.96,33.02,97.62,0.98,-1.0,-1.0,-1.0
161,5,321.22,323.77,32.41,100.19,0.99,-1.0,-1.0,-1.0
161,1,845.01,306.61,42.3,89.61,1.0,-1.0,-1.0,-1.0
161,6,675.17,319.89,36.47,102.15,0.99,-1.0,-1.0,-1.0
