0,1,570.38,1337.85,180.90,378.00,1.00,-1,-1,-1
0,2,1958.85,1351.35,129.60,391.50,1.00,-1,-1,-1
0,3,1212.98,1113.08,99.90,278.78,1.00,-1,-1,-1
0,4,1798.20,1244.03,216.00,347.62,0.99,-1,-1,-1
0,5,786.38,1136.03,91.80,293.62,1.00,-1,-1,-1
0,6,2208.60,1113.08,118.80,244.35,1.00,-1,-1,-1
0,7,2251.80,960.53,81.00,214.65,0.99,-1,-1,-1
0,8,3607.20,1015.20,97.20,253.80,1.00,-1,-1,-1
0,9,2320.65,1096.20,86.40,284.85,1.00,-1,-1,-1
0,10,2489.40,938.93,75.60,206.55,0.99,-1,-1,-1
0,11,2579.85,950.40,64.80,191.70,1.00,-1,-1,-1
0,12,2539.35,942.98,62.10,195.75,0.99,-1,-1,-1
0,13,3245.40,994.95,102.60,152.55,0.87,-1,-1,-1
1,1,571.55,1337.25,180.31,377.41,1.00,-1,-1,-1
1,2,1960.02,1349.58,129.60,392.08,1.00,-1,-1,-1
1,3,1213.57,1113.65,99.90,277.02,1.00,-1,-1,-1
1,4,1800.55,1241.08,216.00,350.55,0.99,-1,-1,-1
1,5,786.38,1136.01,91.80,294.80,1.00,-1,-1,-1
1,6,2207.43,1113.65,121.14,244.35,1.00,-1,-1,-1
1,7,2252.97,959.93,81.00,216.99,0.99,-1,-1,-1
1,8,3609.54,1015.78,92.51,251.46,1.00,-1,-1,-1
1,9,2318.31,1095.61,88.74,284.85,1.00,-1,-1,-1
1,10,2489.40,938.92,77.94,206.55,0.99,-1,-1,-1
1,11,2579.85,950.39,64.80,191.70,1.00,-1,-1,-1
1,12,2539.35,942.97,62.10,195.75,0.99,-1,-1,-1
1,13,3243.05,994.94,102.60,152.55,0.83,-1,-1,-1
2,1,571.50,1336.63,181.53,377.84,1.00,-1,-1,-1
2,2,1960.23,1349.28,127.49,392.18,1.00,-1,-1,-1
2,3,1213.67,1113.23,99.90,278.30,1.00,-1,-1,-1
2,4,1804.11,1243.21,211.79,348.43,0.99,-1,-1,-1
2,5,786.92,1136.02,90.75,293.94,1.00,-1,-1,-1
2,6,2207.23,1114.81,117.37,243.30,0.99,-1,-1,-1
2,7,2252.13,959.83,83.10,214.25,0.99,-1,-1,-1
2,8,3612.09,1015.36,91.72,253.17,0.99,-1,-1,-1
2,9,2309.59,1096.56,97.47,283.80,0.99,-1,-1,-1
2,10,2490.44,938.92,72.11,206.55,0.99,-1,-1,-1
2,11,2579.85,950.40,64.80,190.65,0.99,-1,-1,-1
2,12,2539.35,942.97,62.10,195.75,0.99,-1,-1,-1
2,13,3242.66,994.95,98.39,151.50,0.84,-1,-1,-1
3,1,572.48,1336.95,176.78,377.47,1.00,-1,-1,-1
3,2,1960.25,1349.22,126.83,392.20,1.00,-1,-1,-1
3,3,1214.71,1112.57,97.84,279.24,1.00,-1,-1,-1
3,4,1808.28,1243.93,208.39,346.67,0.99,-1,-1,-1
3,5,787.07,1136.01,90.42,294.69,1.00,-1,-1,-1
3,6,2208.22,1117.22,111.94,240.90,1.00,-1,-1,-1
3,7,2251.82,959.81,83.77,212.30,0.99,-1,-1,-1
3,8,3614.87,1016.24,87.38,251.68,0.99,-1,-1,-1
3,9,2307.71,1096.35,98.35,284.50,0.99,-1,-1,-1
3,10,2489.70,938.41,72.31,207.58,0.99,-1,-1,-1
3,11,2579.84,950.40,64.80,190.32,0.99,-1,-1,-1
3,12,2538.31,942.97,62.10,195.75,0.99,-1,-1,-1
3,13,3244.67,994.43,97.08,151.17,0.86,-1,-1,-1
4,1,573.79,1336.11,171.19,378.34,1.00,-1,-1,-1
4,2,1960.26,1348.74,126.68,393.70,1.00,-1,-1,-1
4,3,1216.05,1111.88,97.18,279.03,1.00,-1,-1,-1
4,4,1814.53,1244.15,203.41,346.14,0.99,-1,-1,-1
4,5,786.11,1135.04,91.34,294.93,1.00,-1,-1,-1
4,6,2206.51,1120.97,110.35,236.16,1.00,-1,-1,-1
4,7,2252.73,959.82,83.93,211.73,0.99,-1,-1,-1
4,8,3615.65,1017.03,86.11,247.19,1.00,-1,-1,-1
4,9,2302.52,1096.28,102.23,285.74,0.99,-1,-1,-1
4,10,2489.48,938.25,70.42,207.91,0.99,-1,-1,-1
4,11,2579.85,950.40,64.80,190.24,0.99,-1,-1,-1
4,12,2537.99,943.47,62.10,195.75,0.99,-1,-1,-1
4,13,3245.32,994.77,96.77,150.09,0.87,-1,-1,-1
5,1,575.19,1336.30,164.52,378.15,1.00,-1,-1,-1
5,2,1959.28,1350.03,126.67,392.74,1.00,-1,-1,-1
5,3,1217.44,1112.14,98.95,277.49,0.99,-1,-1,-1
5,4,1827.24,1244.68,192.07,345.52,0.99,-1,-1,-1
5,5,784.82,1135.19,92.62,295.49,1.00,-1,-1,-1
5,6,2205.96,1123.61,111.94,234.66,1.00,-1,-1,-1
5,7,2253.05,960.31,83.95,212.57,0.99,-1,-1,-1
5,8,3617.78,1016.30,85.81,248.64,0.99,-1,-1,-1
5,9,2303.62,1095.28,101.60,287.12,1.00,-1,-1,-1
5,10,2489.40,938.20,69.88,208.00,0.99,-1,-1,-1
5,11,2579.84,950.40,64.80,190.23,0.99,-1,-1,-1
5,12,2537.89,943.64,62.10,195.75,0.99,-1,-1,-1
5,13,3243.55,994.89,100.65,149.75,0.86,-1,-1,-1
6,1,576.83,1336.41,158.31,378.08,1.00,-1,-1,-1
6,2,1958.95,1350.05,126.69,393.81,1.00,-1,-1,-1
6,3,1219.77,1111.80,100.52,278.36,1.00,-1,-1,-1
6,4,1833.25,1246.75,186.49,343.46,1.00,-1,-1,-1
6,5,783.91,1135.27,93.07,295.68,0.99,-1,-1,-1
6,6,2206.76,1126.34,110.65,232.34,1.00,-1,-1,-1
6,7,2253.17,960.50,83.92,212.91,0.99,-1,-1,-1
6,8,3616.52,1016.53,85.79,245.40,1.00,-1,-1,-1
6,9,2304.27,1095.42,99.33,286.65,1.00,-1,-1,-1
6,10,2488.43,937.74,69.76,208.96,0.99,-1,-1,-1
6,11,2579.86,950.42,64.80,190.24,0.99,-1,-1,-1
6,12,2537.89,943.71,62.10,195.75,0.99,-1,-1,-1
6,13,3242.96,994.95,102.00,149.66,0.84,-1,-1,-1
7,1,578.79,1335.49,156.87,378.05,1.00,-1,-1,-1
7,2,1958.84,1350.02,126.72,394.18,1.00,-1,-1,-1
7,3,1221.50,1111.19,103.86,278.21,1.00,-1,-1,-1
7,4,1845.57,1249.77,179.10,341.35,1.00,-1,-1,-1
7,5,783.61,1135.28,93.22,295.73,0.99,-1,-1,-1
7,6,2206.12,1128.11,108.38,229.74,0.99,-1,-1,-1
7,7,2254.14,961.00,82.04,212.12,0.99,-1,-1,-1
7,8,3617.89,1014.23,85.85,246.16,1.00,-1,-1,-1
7,9,2309.29,1094.98,90.96,287.38,1.00,-1,-1,-1
7,10,2487.16,938.02,69.77,208.36,0.99,-1,-1,-1
7,11,2579.87,950.40,64.80,190.26,0.99,-1,-1,-1
7,12,2537.91,942.77,62.10,195.75,0.99,-1,-1,-1
7,13,3242.74,994.94,102.49,149.66,0.81,-1,-1,-1
8,1,580.59,1335.20,155.84,378.03,1.00,-1,-1,-1
8,2,1958.81,1350.03,126.75,394.30,1.00,-1,-1,-1
8,3,1223.45,1111.01,107.79,278.15,1.00,-1,-1,-1
8,4,1873.42,1251.31,151.95,340.18,1.00,-1,-1,-1
8,5,783.06,1135.32,94.18,295.75,0.99,-1,-1,-1
8,6,2205.91,1130.05,109.52,227.04,0.99,-1,-1,-1
8,7,2254.49,961.20,81.33,211.86,0.99,-1,-1,-1
8,8,3618.35,1012.04,85.93,247.41,1.00,-1,-1,-1
8,9,2302.77,1095.77,93.44,287.63,0.99,-1,-1,-1
8,10,2486.73,938.14,71.67,208.13,0.99,-1,-1,-1
8,11,2579.88,950.41,64.80,190.27,0.99,-1,-1,-1
8,12,2537.93,943.36,62.10,195.75,0.99,-1,-1,-1
8,13,3240.85,994.95,106.32,150.59,0.87,-1,-1,-1
9,1,582.34,1335.10,153.99,378.02,1.00,-1,-1,-1
9,2,1957.89,1348.21,126.77,396.16,1.00,-1,-1,-1
9,3,1224.14,1110.05,111.91,278.12,0.99,-1,-1,-1
9,4,1889.57,1253.65,132.85,337.97,1.00,-1,-1,-1
9,5,783.33,1135.34,93.62,295.74,0.99,-1,-1,-1
9,6,2205.84,1131.59,113.65,226.17,0.99,-1,-1,-1
9,7,2253.68,960.81,82.91,211.78,0.99,-1,-1,-1
9,8,3618.45,1013.08,86.00,248.81,0.99,-1,-1,-1
9,9,2296.93,1096.07,94.27,289.53,0.99,-1,-1,-1
9,10,2486.58,938.20,70.56,208.03,0.99,-1,-1,-1
9,11,2579.87,950.42,64.80,190.28,0.99,-1,-1,-1
9,12,2537.02,942.67,63.93,195.75,0.99,-1,-1,-1
9,13,3243.73,994.97,104.14,151.86,0.90,-1,-1,-1
10,1,583.61,1335.51,152.31,377.56,1.00,-1,-1,-1
10,2,1956.65,1348.43,128.61,395.02,1.00,-1,-1,-1
10,3,1225.24,1110.60,116.09,277.20,1.00,-1,-1,-1
10,4,1899.96,1255.36,123.53,335.39,1.00,-1,-1,-1
10,5,783.91,1135.33,93.39,295.73,1.00,-1,-1,-1
10,6,2205.82,1132.04,111.58,225.94,1.00,-1,-1,-1
10,7,2254.28,960.65,83.49,211.77,0.99,-1,-1,-1
10,8,3618.44,1013.48,86.05,248.44,0.99,-1,-1,-1
10,9,2294.83,1096.17,92.76,292.93,0.99,-1,-1,-1
10,10,2487.46,938.22,68.34,207.98,0.99,-1,-1,-1
10,11,2579.87,950.41,64.80,190.29,0.99,-1,-1,-1
10,12,2536.70,943.31,64.60,194.84,0.99,-1,-1,-1
10,13,3244.87,994.96,103.24,152.34,0.91,-1,-1,-1
11,1,584.96,1336.14,151.38,376.03,1.00,-1,-1,-1
11,2,1950.83,1351.67,140.09,390.50,1.00,-1,-1,-1
11,3,1226.08,1109.91,119.40,277.77,0.99,-1,-1,-1
11,4,1905.62,1255.91,121.19,336.31,1.00,-1,-1,-1
11,5,784.17,1135.34,93.29,295.72,0.99,-1,-1,-1
11,6,2205.84,1132.11,116.27,225.94,1.00,-1,-1,-1
11,7,2254.52,960.57,83.70,211.78,0.99,-1,-1,-1
11,8,3618.41,1013.61,86.10,249.22,0.99,-1,-1,-1
11,9,2298.73,1096.19,86.71,294.17,0.99,-1,-1,-1
11,10,2488.74,938.21,67.54,207.96,0.99,-1,-1,-1
11,11,2579.88,950.39,64.80,190.30,0.99,-1,-1,-1
11,12,2536.60,943.53,64.84,194.50,0.99,-1,-1,-1
11,13,3247.11,994.93,102.90,152.51,0.92,-1,-1,-1
12,1,586.05,1335.94,150.46,376.82,1.00,-1,-1,-1
12,2,1942.60,1356.08,158.21,385.64,1.00,-1,-1,-1
12,3,1227.65,1109.24,120.62,277.53,0.99,-1,-1,-1
12,4,1911.88,1257.44,118.84,336.26,1.00,-1,-1,-1
12,5,784.69,1135.36,92.35,295.71,0.99,-1,-1,-1
12,6,2206.74,1131.18,110.88,226.01,1.00,-1,-1,-1
12,7,2254.59,961.01,83.77,211.80,0.99,-1,-1,-1
12,8,3620.19,1014.14,86.15,252.23,0.99,-1,-1,-1
12,9,2302.20,1096.22,82.57,294.60,0.99,-1,-1,-1
12,10,2489.20,938.22,67.28,207.95,0.99,-1,-1,-1
12,11,2579.88,949.94,64.80,191.21,0.99,-1,-1,-1
12,12,2536.57,943.18,64.92,195.29,0.99,-1,-1,-1
12,13,3246.14,994.93,102.76,151.67,0.91,-1,-1,-1
13,1,586.37,1334.50,149.77,377.57,0.99,-1,-1,-1
13,2,1927.57,1364.94,185.48,378.42,1.00,-1,-1,-1
13,3,1229.51,1108.98,119.25,277.44,0.99,-1,-1,-1
13,4,1912.52,1257.95,118.46,357.03,1.00,-1,-1,-1
13,5,785.78,1135.35,91.09,295.70,0.99,-1,-1,-1
13,6,2206.16,1131.22,108.76,226.10,1.00,-1,-1,-1
13,7,2254.59,961.17,81.99,211.81,0.99,-1,-1,-1
13,8,3620.79,1013.02,86.18,256.93,0.99,-1,-1,-1
13,9,2296.96,1096.67,86.72,290.69,0.99,-1,-1,-1
13,10,2489.35,938.23,67.21,207.94,0.99,-1,-1,-1
13,11,2579.86,949.78,64.80,191.55,0.99,-1,-1,-1
13,12,2536.54,943.05,64.94,195.58,0.99,-1,-1,-1
13,13,3245.73,994.49,102.70,151.36,0.90,-1,-1,-1
14,1,586.43,1333.94,149.61,377.86,0.99,-1,-1,-1
14,2,1918.26,1375.43,209.54,370.33,1.00,-1,-1,-1
14,3,1232.38,1108.43,115.97,278.76,1.00,-1,-1,-1
14,4,1912.39,1258.53,120.50,351.94,1.00,-1,-1,-1
14,5,786.18,1135.33,90.62,295.70,0.99,-1,-1,-1
14,6,2206.85,1130.27,111.65,227.09,1.00,-1,-1,-1
14,7,2254.57,960.31,81.31,217.22,1.00,-1,-1,-1
14,8,3620.98,1011.69,86.21,258.69,1.00,-1,-1,-1
14,9,2295.14,1097.27,88.16,287.82,0.99,-1,-1,-1
14,10,2489.39,938.66,67.21,207.04,0.99,-1,-1,-1
14,11,2579.84,950.15,64.80,190.78,0.99,-1,-1,-1
14,12,2536.53,942.98,64.93,195.70,0.99,-1,-1,-1
14,13,3245.56,994.31,102.67,151.24,0.89,-1,-1,-1
15,1,586.90,1333.77,149.17,377.96,0.99,-1,-1,-1
15,2,1913.64,1389.25,227.74,358.32,1.00,-1,-1,-1
15,3,1234.80,1107.81,113.75,279.70,1.00,-1,-1,-1
15,4,1908.41,1260.94,126.97,344.02,1.00,-1,-1,-1
15,5,787.27,1135.34,89.55,295.69,0.99,-1,-1,-1
15,6,2207.13,1129.44,110.93,227.49,0.99,-1,-1,-1
15,7,2255.48,960.44,81.06,217.46,1.00,-1,-1,-1
15,8,3622.83,1013.87,86.23,253.99,1.00,-1,-1,-1
15,9,2292.76,1100.20,90.52,280.44,0.99,-1,-1,-1
15,10,2489.43,938.39,67.24,207.59,0.99,-1,-1,-1
15,11,2579.86,950.31,64.80,190.49,0.99,-1,-1,-1
15,12,2536.56,942.97,64.92,195.74,0.99,-1,-1,-1
15,13,3245.51,993.81,102.66,152.09,0.90,-1,-1,-1
16,1,587.24,1333.28,149.31,378.45,0.99,-1,-1,-1
16,2,1912.64,1399.71,240.13,348.52,1.00,-1,-1,-1
16,3,1238.33,1108.50,110.19,279.16,1.00,-1,-1,-1
16,4,1902.35,1264.51,136.59,346.40,1.00,-1,-1,-1
16,5,787.65,1135.81,89.16,295.24,0.99,-1,-1,-1
16,6,2208.14,1128.66,110.67,228.58,1.00,-1,-1,-1
16,7,2254.92,960.50,80.98,217.53,0.99,-1,-1,-1
16,8,3623.52,1014.28,86.25,256.65,1.00,-1,-1,-1
16,9,2293.69,1102.21,89.64,277.68,0.99,-1,-1,-1
16,10,2489.45,938.75,67.27,206.91,0.99,-1,-1,-1
16,11,2579.87,950.37,64.80,190.38,0.99,-1,-1,-1
16,12,2536.59,942.52,64.91,195.75,0.99,-1,-1,-1
16,13,3243.71,994.08,102.65,151.52,0.86,-1,-1,-1
17,1,587.78,1334.45,148.98,378.19,0.99,-1,-1,-1
17,2,1911.52,1408.84,248.35,339.61,1.00,-1,-1,-1
17,3,1240.94,1107.88,107.91,279.84,1.00,-1,-1,-1
17,4,1897.35,1269.81,142.00,347.72,0.99,-1,-1,-1
17,5,787.79,1135.54,89.02,295.51,0.99,-1,-1,-1
17,6,2208.52,1127.45,112.38,229.91,0.99,-1,-1,-1
17,7,2254.71,960.53,80.95,217.54,0.99,-1,-1,-1
17,8,3625.54,1015.32,86.27,256.73,1.00,-1,-1,-1
17,9,2293.23,1102.03,89.30,283.91,0.99,-1,-1,-1
17,10,2489.46,938.88,67.29,206.65,0.99,-1,-1,-1
17,11,2579.88,949.95,64.80,190.34,0.99,-1,-1,-1
17,12,2536.61,942.81,64.90,195.76,0.99,-1,-1,-1
17,13,3244.82,994.18,102.64,151.30,0.87,-1,-1,-1
18,1,587.92,1334.88,148.90,378.08,0.99,-1,-1,-1
18,2,1911.99,1413.75,251.43,334.73,1.00,-1,-1,-1
18,3,1243.17,1108.53,106.15,279.20,1.00,-1,-1,-1
18,4,1896.11,1277.08,149.44,351.78,0.99,-1,-1,-1
18,5,787.81,1136.31,88.98,294.72,0.99,-1,-1,-1
18,6,2208.62,1126.97,114.80,230.43,0.99,-1,-1,-1
18,7,2254.60,960.97,80.94,217.53,0.99,-1,-1,-1
18,8,3626.23,1014.82,86.29,259.42,1.00,-1,-1,-1
18,9,2291.30,1101.93,90.96,288.91,0.99,-1,-1,-1
18,10,2489.43,938.92,67.32,206.56,0.99,-1,-1,-1
18,11,2579.86,950.23,64.80,190.33,0.99,-1,-1,-1
18,12,2536.59,943.35,64.89,194.87,0.99,-1,-1,-1
18,13,3245.21,994.67,102.64,151.22,0.88,-1,-1,-1
19,1,588.18,1336.83,149.15,376.25,1.00,-1,-1,-1
19,2,1911.45,1414.41,254.09,333.16,1.00,-1,-1,-1
19,3,1245.28,1108.79,104.60,278.95,1.00,-1,-1,-1
19,4,1901.67,1286.41,148.82,353.74,1.00,-1,-1,-1
19,5,787.81,1136.15,88.98,293.98,1.00,-1,-1,-1
19,6,2207.77,1125.88,115.72,231.53,0.99,-1,-1,-1
19,7,2254.55,961.14,80.95,216.63,0.99,-1,-1,-1
19,8,3624.66,1013.30,89.88,261.30,1.00,-1,-1,-1
19,9,2290.61,1101.88,91.57,290.81,0.99,-1,-1,-1
19,10,2488.52,938.94,67.34,206.52,0.99,-1,-1,-1
19,11,2579.85,950.34,64.80,190.33,0.99,-1,-1,-1
19,12,2536.59,943.56,64.87,194.53,0.99,-1,-1,-1
19,13,3245.35,994.85,102.63,151.19,0.87,-1,-1,-1
20,1,588.02,1335.74,148.60,377.35,0.99,-1,-1,-1
20,2,1910.47,1413.51,258.32,334.59,1.00,-1,-1,-1
20,3,1249.15,1109.32,102.22,278.40,1.00,-1,-1,-1
20,4,1901.08,1299.17,155.65,343.35,1.00,-1,-1,-1
20,5,787.36,1134.72,89.88,295.04,1.00,-1,-1,-1
20,6,2206.54,1125.45,117.84,231.95,0.99,-1,-1,-1
20,7,2254.52,961.19,80.95,216.27,0.99,-1,-1,-1
20,8,3625.79,1013.61,91.21,261.10,1.00,-1,-1,-1
20,9,2291.28,1102.71,90.02,292.41,0.99,-1,-1,-1
20,10,2488.16,938.93,67.36,206.51,0.99,-1,-1,-1
20,11,2579.83,950.37,64.80,190.32,0.99,-1,-1,-1
20,12,2536.58,943.63,64.86,194.40,0.99,-1,-1,-1
20,13,3245.38,994.92,102.63,152.08,0.86,-1,-1,-1
21,1,587.94,1336.68,149.79,377.32,1.00,-1,-1,-1
21,2,1908.46,1409.41,261.49,340.69,1.00,-1,-1,-1
21,3,1252.32,1109.98,99.54,277.75,1.00,-1,-1,-1
21,4,1902.57,1312.46,159.95,330.77,0.98,-1,-1,-1
21,5,787.19,1134.19,90.22,295.44,1.00,-1,-1,-1
21,6,2205.21,1124.85,116.86,233.00,0.99,-1,-1,-1
21,7,2254.52,961.21,80.95,217.91,0.99,-1,-1,-1
21,8,3624.46,1013.74,95.25,260.99,1.00,-1,-1,-1
21,9,2288.91,1103.02,91.21,293.88,0.99,-1,-1,-1
21,10,2488.05,938.93,67.37,206.51,0.99,-1,-1,-1
21,11,2579.84,950.39,64.80,190.33,0.99,-1,-1,-1
21,12,2536.59,943.66,64.86,194.36,0.99,-1,-1,-1
21,13,3245.41,994.50,102.62,152.41,0.89,-1,-1,-1
22,1,587.89,1337.04,150.27,377.31,1.00,-1,-1,-1
22,2,1908.64,1402.37,264.22,346.65,1.00,-1,-1,-1
22,3,1254.31,1109.78,98.59,277.06,1.00,-1,-1,-1
22,4,1903.08,1325.37,170.33,319.74,0.99,-1,-1,-1
22,5,786.24,1135.34,91.25,294.26,1.00,-1,-1,-1
22,6,2202.92,1124.60,127.15,233.40,0.99,-1,-1,-1
22,7,2254.52,960.75,80.96,218.53,0.99,-1,-1,-1
22,8,3625.69,1012.41,96.78,260.92,1.00,-1,-1,-1
22,9,2288.07,1103.10,91.66,296.19,0.99,-1,-1,-1
22,10,2488.02,938.91,69.18,206.52,0.99,-1,-1,-1
22,11,2579.85,950.37,64.80,190.33,0.99,-1,-1,-1
22,12,2536.61,943.64,64.85,194.35,0.99,-1,-1,-1
22,13,3245.43,994.31,102.62,152.53,0.88,-1,-1,-1
23,1,587.58,1337.19,150.24,377.32,1.00,-1,-1,-1
23,2,1913.97,1396.11,275.46,352.56,1.00,-1,-1,-1
23,3,1255.37,1110.18,99.17,276.36,1.00,-1,-1,-1
23,4,1902.35,1336.31,176.00,307.58,0.99,-1,-1,-1
23,5,786.72,1135.80,90.75,293.81,1.00,-1,-1,-1
23,6,2199.49,1124.12,137.81,234.44,0.99,-1,-1,-1
23,7,2254.51,960.63,80.96,218.76,0.99,-1,-1,-1
23,8,3627.92,1014.23,97.34,259.99,0.99,-1,-1,-1
23,9,2286.90,1104.50,91.81,296.60,0.99,-1,-1,-1
23,10,2488.00,938.51,69.85,207.42,0.99,-1,-1,-1
23,11,2578.95,950.87,66.58,189.44,0.99,-1,-1,-1
23,12,2536.61,943.70,64.84,194.36,0.99,-1,-1,-1
23,13,3243.65,994.32,102.62,152.58,0.87,-1,-1,-1
24,1,587.43,1337.27,150.26,377.33,1.00,-1,-1,-1
24,2,1927.25,1393.70,286.53,351.30,1.00,-1,-1,-1
24,3,1256.12,1109.46,100.32,276.11,1.00,-1,-1,-1
24,4,1900.25,1345.09,183.37,299.13,1.00,-1,-1,-1
24,5,786.89,1134.65,90.55,294.99,1.00,-1,-1,-1
24,6,2195.59,1124.41,138.59,234.83,0.99,-1,-1,-1
24,7,2254.51,961.04,80.97,217.05,0.99,-1,-1,-1
24,8,3628.78,1016.27,97.53,257.83,1.00,-1,-1,-1
24,9,2282.94,1105.48,95.43,296.28,0.98,-1,-1,-1
24,10,2486.23,938.37,71.89,207.76,0.99,-1,-1,-1
24,11,2578.62,951.07,67.25,189.11,0.99,-1,-1,-1
24,12,2537.51,943.72,64.84,194.36,0.99,-1,-1,-1
24,13,3241.21,994.33,102.62,152.60,0.86,-1,-1,-1
25,1,587.41,1338.18,150.29,377.33,1.00,-1,-1,-1
25,2,1957.47,1396.28,282.12,345.48,1.00,-1,-1,-1
25,3,1257.26,1110.52,100.78,274.68,1.00,-1,-1,-1
25,4,1900.28,1348.88,186.19,294.41,1.00,-1,-1,-1
25,5,787.00,1135.55,90.48,294.10,1.00,-1,-1,-1
25,6,2190.58,1124.49,131.83,234.97,0.99,-1,-1,-1
25,7,2255.42,961.18,79.19,214.60,0.99,-1,-1,-1
25,8,3629.09,1017.00,101.10,257.00,1.00,-1,-1,-1
25,9,2278.88,1105.81,98.53,293.45,0.99,-1,-1,-1
25,10,2485.59,938.30,72.65,207.89,0.99,-1,-1,-1
25,11,2578.52,951.12,67.50,188.99,0.99,-1,-1,-1
25,12,2537.87,943.71,64.84,194.37,0.99,-1,-1,-1
25,13,3242.10,994.30,102.62,152.60,0.87,-1,-1,-1
26,1,587.65,1338.06,150.54,377.76,1.00,-1,-1,-1
26,2,1993.30,1399.90,272.98,341.52,1.00,-1,-1,-1
26,3,1258.08,1110.90,101.86,274.14,1.00,-1,-1,-1
26,4,1901.11,1348.13,192.41,294.69,1.00,-1,-1,-1
26,5,787.07,1135.00,90.46,294.65,1.00,-1,-1,-1
26,6,2185.99,1124.95,125.47,236.78,1.00,-1,-1,-1
26,7,2255.77,961.20,78.52,210.98,0.99,-1,-1,-1
26,8,3630.92,1017.22,102.44,255.78,1.00,-1,-1,-1
26,9,2277.37,1106.33,97.97,291.90,0.99,-1,-1,-1
26,10,2485.35,938.24,72.94,207.92,0.99,-1,-1,-1
26,11,2579.37,950.66,65.82,189.84,0.99,-1,-1,-1
26,12,2538.00,943.23,64.83,194.37,0.99,-1,-1,-1
26,13,3244.21,994.25,102.62,152.59,0.89,-1,-1,-1
27,1,587.92,1338.00,150.42,377.93,1.00,-1,-1,-1
27,2,2027.46,1399.42,263.82,341.89,1.00,-1,-1,-1
27,3,1259.19,1110.60,104.95,275.29,1.00,-1,-1,-1
27,4,1900.50,1344.00,198.20,298.58,1.00,-1,-1,-1
27,5,787.07,1136.12,90.45,294.41,0.99,-1,-1,-1
27,6,2182.49,1126.02,124.82,235.68,0.99,-1,-1,-1
27,7,2255.86,961.22,78.28,215.03,0.99,-1,-1,-1
27,8,3633.30,1017.77,102.91,254.43,1.00,-1,-1,-1
27,9,2270.62,1106.06,103.01,291.75,1.00,-1,-1,-1
27,10,2485.23,938.24,73.03,207.93,0.99,-1,-1,-1
27,11,2579.66,950.94,65.16,190.16,0.99,-1,-1,-1
27,12,2538.01,943.51,64.83,194.37,0.99,-1,-1,-1
27,13,3244.98,994.26,102.61,152.58,0.88,-1,-1,-1
28,1,588.24,1337.50,150.16,378.43,1.00,-1,-1,-1
28,2,2037.50,1393.82,254.78,349.25,0.99,-1,-1,-1
28,3,1261.76,1112.25,104.35,273.06,0.99,-1,-1,-1
28,4,1899.35,1338.24,200.37,304.18,1.00,-1,-1,-1
28,5,787.07,1136.52,90.44,294.32,0.99,-1,-1,-1
28,6,2182.15,1126.87,124.57,237.92,1.00,-1,-1,-1
28,7,2255.88,961.22,78.19,213.87,0.99,-1,-1,-1
28,8,3632.43,1017.07,106.57,254.82,1.00,-1,-1,-1
28,9,2259.45,1106.83,113.56,292.58,1.00,-1,-1,-1
28,10,2484.31,938.24,74.82,207.94,0.99,-1,-1,-1
28,11,2578.88,951.05,66.70,190.29,0.99,-1,-1,-1
28,12,2538.01,943.61,64.82,194.37,0.99,-1,-1,-1
28,13,3245.26,994.27,102.61,152.58,0.89,-1,-1,-1
29,1,588.80,1337.28,149.63,378.62,1.00,-1,-1,-1
29,2,2054.41,1387.25,274.64,353.80,0.99,-1,-1,-1
29,3,1264.01,1112.41,104.11,272.67,1.00,-1,-1,-1
29,4,1899.71,1330.11,202.84,313.07,1.00,-1,-1,-1
29,5,787.51,1136.66,89.55,294.29,0.99,-1,-1,-1
29,6,2182.07,1128.06,122.67,238.75,1.00,-1,-1,-1
29,7,2255.87,961.21,78.17,208.96,0.99,-1,-1,-1
29,8,3630.30,1016.79,114.90,254.97,1.00,-1,-1,-1
29,9,2248.37,1107.54,124.39,293.33,1.00,-1,-1,-1
29,10,2483.95,938.67,75.49,207.04,0.99,-1,-1,-1
29,11,2578.56,950.63,67.27,191.22,0.99,-1,-1,-1
29,12,2537.99,943.63,64.82,194.37,0.99,-1,-1,-1
29,13,3243.55,994.26,102.60,152.57,0.86,-1,-1,-1
30,1,588.79,1335.84,148.76,380.02,0.99,-1,-1,-1
30,2,2058.77,1376.75,292.20,364.42,0.99,-1,-1,-1
30,3,1267.48,1111.99,104.01,272.99,1.00,-1,-1,-1
30,4,1900.70,1317.65,233.33,325.77,0.99,-1,-1,-1
30,5,787.69,1136.68,89.21,294.27,0.99,-1,-1,-1
30,6,2183.02,1129.38,121.94,239.94,0.99,-1,-1,-1
30,7,2254.98,960.29,78.17,208.02,0.99,-1,-1,-1
30,8,3631.18,1015.78,118.08,255.93,1.00,-1,-1,-1
30,9,2238.96,1109.11,133.74,293.16,1.00,-1,-1,-1
30,10,2483.83,938.82,75.73,206.70,0.99,-1,-1,-1
30,11,2578.46,950.46,67.48,191.57,0.99,-1,-1,-1
30,12,2537.99,943.63,64.81,194.37,0.99,-1,-1,-1
30,13,3242.91,993.80,102.60,152.57,0.86,-1,-1,-1
31,1,588.76,1335.31,148.45,380.55,0.99,-1,-1,-1
31,2,2078.27,1367.54,286.95,371.95,1.00,-1,-1,-1
31,3,1270.05,1111.85,105.76,273.13,0.99,-1,-1,-1
31,4,1901.92,1307.18,221.44,335.43,1.00,-1,-1,-1
31,5,787.75,1136.70,89.08,294.27,0.99,-1,-1,-1
31,6,2182.55,1129.44,121.66,239.48,1.00,-1,-1,-1
31,7,2253.76,960.41,79.97,208.59,0.99,-1,-1,-1
31,8,3633.27,1018.53,119.27,252.73,1.00,-1,-1,-1
31,9,2235.26,1110.59,137.46,293.09,1.00,-1,-1,-1
31,10,2484.70,938.45,75.80,207.47,0.99,-1,-1,-1
31,11,2579.33,950.41,65.78,191.70,0.99,-1,-1,-1
31,12,2539.79,943.65,63.03,194.38,0.99,-1,-1,-1
31,13,3251.62,995.88,95.46,149.89,0.73,-1,-1,-1
31,14,3240.00,994.95,91.80,149.85,0.82,-1,-1,-1
32,1,588.73,1335.12,148.35,380.74,0.99,-1,-1,-1
32,2,2101.54,1358.79,275.66,376.56,1.00,-1,-1,-1
32,3,1272.72,1112.24,107.30,272.75,1.00,-1,-1,-1
32,4,1906.76,1295.68,228.13,344.83,1.00,-1,-1,-1
32,5,787.76,1136.71,89.04,294.28,0.99,-1,-1,-1
32,6,2182.41,1129.45,121.55,236.62,0.99,-1,-1,-1
32,7,2253.29,960.47,80.65,209.73,0.99,-1,-1,-1
32,8,3635.81,1019.13,119.67,252.42,1.00,-1,-1,-1
32,9,2228.78,1112.92,143.96,289.49,0.99,-1,-1,-1
32,10,2485.92,938.31,75.81,207.76,0.99,-1,-1,-1
32,11,2578.75,950.40,66.92,191.75,0.99,-1,-1,-1
32,12,2540.46,944.10,62.35,194.38,0.99,-1,-1,-1
32,13,3254.97,996.22,92.72,149.78,0.71,-1,-1,-1
32,14,3242.14,994.95,87.48,149.85,0.82,-1,-1,-1
33,1,588.47,1334.60,148.10,382.14,0.99,-1,-1,-1
33,2,2124.33,1351.11,260.35,364.17,0.99,-1,-1,-1
33,3,1274.97,1111.48,113.62,273.51,1.00,-1,-1,-1
33,4,1915.47,1287.34,246.14,347.97,1.00,-1,-1,-1
33,5,787.74,1136.70,89.03,294.28,0.99,-1,-1,-1
33,6,2182.38,1128.55,123.30,237.30,0.99,-1,-1,-1
33,7,2253.11,960.49,82.68,213.74,0.99,-1,-1,-1
33,8,3635.01,1019.35,123.24,252.31,1.00,-1,-1,-1
33,9,2222.06,1114.66,158.35,286.33,1.00,-1,-1,-1
33,10,2486.38,938.26,75.80,207.87,0.99,-1,-1,-1
33,11,2578.53,950.40,67.34,191.76,0.99,-1,-1,-1
33,12,2540.68,944.28,62.10,194.38,0.99,-1,-1,-1
33,13,3276.22,997.70,73.50,143.48,0.46,-1,-1,-1
33,14,3242.55,994.96,90.86,150.89,0.83,-1,-1,-1
34,1,588.39,1334.42,148.02,382.65,0.99,-1,-1,-1
34,2,2147.82,1343.79,243.54,343.11,1.00,-1,-1,-1
34,3,1276.22,1111.19,122.51,273.80,1.00,-1,-1,-1
34,4,1935.79,1281.97,249.62,345.12,1.00,-1,-1,-1
34,5,787.75,1136.70,89.03,294.28,0.99,-1,-1,-1
34,6,2181.53,1128.19,125.73,242.90,0.96,-1,-1,-1
34,7,2253.05,960.05,85.21,217.03,0.99,-1,-1,-1
34,8,3631.20,1019.40,131.51,252.29,1.00,-1,-1,-1
34,9,2213.64,1115.72,173.98,284.71,0.99,-1,-1,-1
34,10,2486.56,938.24,77.56,207.91,0.99,-1,-1,-1
34,11,2578.45,950.38,67.49,191.76,0.99,-1,-1,-1
34,12,2540.76,944.33,62.02,194.38,0.99,-1,-1,-1
34,13,3252.39,995.50,94.12,149.29,0.85,-1,-1,-1
34,14,3242.69,997.04,79.51,144.96,0.34,-1,-1,-1
35,1,588.10,1334.80,148.23,381.50,0.99,-1,-1,-1
35,2,2178.84,1338.05,222.58,333.79,0.99,-1,-1,-1
35,3,1276.64,1110.64,131.07,274.37,1.00,-1,-1,-1
35,4,1959.50,1278.69,245.59,339.05,0.99,-1,-1,-1
35,5,787.73,1136.25,89.04,294.73,0.99,-1,-1,-1
35,6,2181.21,1127.62,124.88,252.06,0.99,-1,-1,-1
35,7,2253.01,959.89,86.17,221.82,0.99,-1,-1,-1
35,8,3631.42,1019.42,134.66,252.29,1.00,-1,-1,-1
35,9,2211.94,1116.54,183.56,284.57,0.99,-1,-1,-1
35,10,2486.61,938.24,76.45,207.92,0.99,-1,-1,-1
35,11,2578.41,950.39,67.54,190.86,0.99,-1,-1,-1
35,12,2540.76,943.91,62.00,194.39,0.99,-1,-1,-1
35,13,3247.76,994.72,99.55,151.38,0.87,-1,-1,-1
35,14,3242.71,996.67,75.68,146.16,0.63,-1,-1,-1
36,1,587.99,1334.93,148.76,381.05,0.99,-1,-1,-1
36,2,2216.53,1333.36,196.27,331.40,0.99,-1,-1,-1
36,3,1276.75,1109.07,140.39,275.92,1.00,-1,-1,-1
36,4,1986.28,1277.98,234.99,336.22,0.99,-1,-1,-1
36,5,788.62,1136.06,88.15,294.90,0.99,-1,-1,-1
36,6,2182.93,1127.37,117.40,249.40,0.98,-1,-1,-1
36,7,2253.02,960.25,86.51,223.63,0.99,-1,-1,-1
36,8,3638.42,1020.74,128.91,250.52,1.00,-1,-1,-1
36,9,2211.43,1117.68,187.35,283.65,0.99,-1,-1,-1
36,10,2487.53,938.67,74.21,207.03,0.99,-1,-1,-1
36,11,2578.41,950.38,67.56,190.52,0.99,-1,-1,-1
36,12,2540.76,944.62,62.00,193.50,0.99,-1,-1,-1
36,13,3245.83,994.40,101.85,152.19,0.88,-1,-1,-1
36,14,3242.72,997.01,74.75,145.62,0.57,-1,-1,-1
37,1,587.76,1335.47,148.75,380.43,0.99,-1,-1,-1
37,2,2235.53,1326.85,189.18,332.87,0.99,-1,-1,-1
37,3,1276.78,1109.40,144.89,276.51,1.00,-1,-1,-1
37,4,1998.23,1277.84,250.28,332.44,1.00,-1,-1,-1
37,5,788.98,1136.46,87.82,294.52,0.99,-1,-1,-1
37,6,2181.85,1126.85,116.34,247.38,0.98,-1,-1,-1
37,7,2253.07,960.41,86.63,223.40,0.99,-1,-1,-1
37,8,3646.59,1020.79,122.91,249.86,1.00,-1,-1,-1
37,9,2200.39,1119.43,197.19,281.09,0.99,-1,-1,-1
37,10,2487.92,938.40,75.15,207.59,0.99,-1,-1,-1
37,11,2578.45,950.83,67.56,189.50,0.99,-1,-1,-1
37,12,2540.80,945.35,62.01,193.16,0.99,-1,-1,-1
37,13,3243.41,994.30,102.73,152.49,0.86,-1,-1,-1
37,14,3242.76,997.59,74.60,142.61,0.35,-1,-1,-1
38,1,587.88,1335.66,148.98,379.29,0.99,-1,-1,-1
38,2,2248.76,1316.47,190.83,340.68,0.99,-1,-1,-1
38,3,1277.98,1109.07,146.17,278.06,1.00,-1,-1,-1
38,4,2003.38,1272.94,254.12,335.89,0.99,-1,-1,-1
38,5,789.10,1136.60,87.71,294.37,0.99,-1,-1,-1
38,6,2176.93,1126.63,121.40,247.46,0.98,-1,-1,-1
38,7,2253.05,960.01,86.65,223.28,1.00,-1,-1,-1
38,8,3651.38,1020.31,120.55,251.42,1.00,-1,-1,-1
38,9,2195.24,1119.13,199.27,276.56,0.99,-1,-1,-1
38,10,2487.13,938.27,75.50,207.80,0.99,-1,-1,-1
38,11,2578.43,950.98,67.56,189.12,0.99,-1,-1,-1
38,12,2540.76,945.60,62.02,193.04,0.99,-1,-1,-1
38,13,3242.46,994.67,103.02,152.60,0.86,-1,-1,-1
38,14,3240.79,997.74,78.51,142.55,0.41,-1,-1,-1
39,1,588.10,1337.09,149.29,378.42,1.00,-1,-1,-1
39,2,2262.91,1307.90,186.03,347.65,0.99,-1,-1,-1
39,3,1279.23,1107.64,147.42,279.98,0.99,-1,-1,-1
39,4,2008.56,1269.01,258.93,336.74,1.00,-1,-1,-1
39,5,789.54,1136.22,86.77,294.76,0.99,-1,-1,-1
39,6,2170.71,1127.03,128.55,250.13,0.98,-1,-1,-1
39,7,2253.03,960.34,86.64,222.31,1.00,-1,-1,-1
39,8,3654.89,1019.73,119.65,252.02,1.00,-1,-1,-1
39,9,2198.47,1117.66,189.59,280.77,0.99,-1,-1,-1
39,10,2487.70,938.27,75.62,207.88,0.99,-1,-1,-1
39,11,2578.41,951.52,67.55,188.98,0.99,-1,-1,-1
39,12,2539.83,946.17,63.81,192.11,0.98,-1,-1,-1
39,13,3266.82,997.54,81.94,143.73,0.44,-1,-1,-1
39,14,3241.95,995.50,90.93,150.03,0.84,-1,-1,-1
40,1,587.98,1337.61,148.74,378.09,0.99,-1,-1,-1
40,2,2273.66,1299.06,182.71,355.20,1.00,-1,-1,-1
40,3,1283.16,1106.65,149.55,280.25,0.99,-1,-1,-1
40,4,2016.45,1267.16,253.68,328.58,1.00,-1,-1,-1
40,5,789.72,1136.07,86.43,294.91,0.99,-1,-1,-1
40,6,2176.24,1126.73,120.82,255.10,0.98,-1,-1,-1
40,7,2253.05,960.45,86.62,221.02,1.00,-1,-1,-1
40,8,3657.95,1019.04,119.28,253.15,1.00,-1,-1,-1
40,9,2197.42,1117.08,181.88,285.03,0.99,-1,-1,-1
40,10,2487.06,937.80,77.44,207.91,0.99,-1,-1,-1
40,11,2578.43,951.71,67.54,188.94,0.99,-1,-1,-1
40,12,2539.51,946.37,64.48,191.76,0.98,-1,-1,-1
40,13,3261.49,997.26,88.68,147.61,0.74,-1,-1,-1
40,14,3240.68,995.13,95.41,152.72,0.83,-1,-1,-1
41,1,587.94,1337.37,148.54,378.43,0.99,-1,-1,-1
41,2,2279.56,1290.16,181.75,354.98,1.00,-1,-1,-1
41,3,1289.44,1104.07,149.85,279.89,1.00,-1,-1,-1
41,4,2032.51,1267.49,263.80,316.45,1.00,-1,-1,-1
41,5,790.25,1136.01,86.31,294.97,0.99,-1,-1,-1
41,6,2168.65,1127.06,128.52,237.12,0.96,-1,-1,-1
41,7,2253.10,960.05,86.60,218.74,0.99,-1,-1,-1
41,8,3660.85,1017.45,119.13,254.47,1.00,-1,-1,-1
41,9,2189.21,1115.95,182.34,282.22,0.99,-1,-1,-1
41,10,2486.84,937.63,76.35,207.92,0.99,-1,-1,-1
41,11,2577.58,951.33,69.32,188.93,0.99,-1,-1,-1
41,12,2539.42,946.43,64.74,191.64,0.98,-1,-1,-1
41,13,3259.97,996.72,90.66,149.89,0.74,-1,-1,-1
41,14,3240.19,994.54,97.18,154.64,0.85,-1,-1,-1
42,1,588.15,1337.29,147.80,378.56,0.99,-1,-1,-1
42,2,2287.49,1283.44,174.25,334.42,1.00,-1,-1,-1
42,3,1301.86,1102.68,145.94,279.73,1.00,-1,-1,-1
42,4,2054.90,1268.20,260.57,313.29,1.00,-1,-1,-1
42,5,790.43,1136.01,86.28,294.99,0.99,-1,-1,-1
42,6,2163.34,1126.74,127.76,249.12,0.97,-1,-1,-1
42,7,2253.11,960.36,86.58,216.07,0.99,-1,-1,-1
42,8,3661.86,1016.38,119.05,254.97,1.00,-1,-1,-1
42,9,2185.37,1114.61,178.91,279.36,0.99,-1,-1,-1
42,10,2486.75,938.02,77.71,207.92,0.99,-1,-1,-1
42,11,2577.26,951.64,69.99,188.93,0.99,-1,-1,-1
42,12,2539.38,947.35,64.83,190.71,0.98,-1,-1,-1
42,13,3261.14,996.50,87.88,150.77,0.69,-1,-1,-1
42,14,3240.00,994.32,90.79,155.33,0.86,-1,-1,-1
43,1,588.47,1337.71,148.20,378.16,1.00,-1,-1,-1
43,2,2297.03,1278.02,162.46,314.16,1.00,-1,-1,-1
43,3,1316.37,1100.83,138.09,276.99,1.00,-1,-1,-1
43,4,2082.81,1270.78,248.49,309.03,1.00,-1,-1,-1
43,5,790.96,1136.46,86.28,294.55,0.99,-1,-1,-1
43,6,2160.46,1124.41,120.33,249.81,0.97,-1,-1,-1
43,7,2253.13,960.90,86.56,214.16,1.00,-1,-1,-1
43,8,3663.95,1015.96,119.01,255.15,1.00,-1,-1,-1
43,9,2184.10,1114.98,173.90,273.81,0.99,-1,-1,-1
43,10,2486.73,938.15,78.21,207.92,0.99,-1,-1,-1
43,11,2577.15,951.73,70.23,188.93,0.99,-1,-1,-1
43,12,2539.37,947.22,64.87,191.27,0.98,-1,-1,-1
43,13,3261.59,995.94,86.80,151.99,0.67,-1,-1,-1
43,14,3239.95,994.66,88.13,154.66,0.87,-1,-1,-1
44,1,588.64,1337.85,148.36,378.01,1.00,-1,-1,-1
44,2,2299.66,1273.56,158.51,310.51,0.99,-1,-1,-1
44,3,1329.46,1099.72,130.94,275.93,1.00,-1,-1,-1
44,4,2112.89,1266.38,227.44,312.93,0.99,-1,-1,-1
44,5,791.19,1136.63,86.29,294.37,0.99,-1,-1,-1
44,6,2158.57,1124.39,121.06,242.94,0.96,-1,-1,-1
44,7,2254.04,960.65,84.76,212.56,1.00,-1,-1,-1
44,8,3664.63,1014.44,118.98,256.99,1.00,-1,-1,-1
44,9,2175.74,1115.09,175.49,270.86,1.00,-1,-1,-1
44,10,2486.72,938.19,78.39,207.91,0.99,-1,-1,-1
44,11,2577.12,950.86,70.32,189.83,0.99,-1,-1,-1
44,12,2539.37,947.15,64.87,191.48,0.98,-1,-1,-1
44,13,3263.53,996.15,86.41,151.55,0.69,-1,-1,-1
44,14,3239.93,994.78,87.13,154.37,0.86,-1,-1,-1
45,1,588.48,1338.35,148.65,377.50,1.00,-1,-1,-1
45,2,2300.14,1264.41,155.48,315.23,0.99,-1,-1,-1
45,3,1337.76,1097.53,130.07,277.32,1.00,-1,-1,-1
45,4,2126.28,1257.64,223.12,319.80,0.99,-1,-1,-1
45,5,791.27,1136.25,86.31,294.75,0.99,-1,-1,-1
45,6,2158.83,1123.93,115.96,233.96,0.96,-1,-1,-1
45,7,2254.39,960.55,84.07,211.97,1.00,-1,-1,-1
45,8,3668.38,1013.87,115.39,258.56,1.00,-1,-1,-1
45,9,2177.20,1115.12,168.92,267.11,0.99,-1,-1,-1
45,10,2486.72,938.20,76.67,207.91,0.99,-1,-1,-1
45,11,2577.11,951.41,70.34,189.28,0.99,-1,-1,-1
45,12,2539.38,947.55,64.87,190.67,0.98,-1,-1,-1
45,13,3262.44,996.21,86.28,151.38,0.72,-1,-1,-1
45,14,3239.93,994.37,90.35,154.24,0.84,-1,-1,-1
46,1,588.19,1338.97,148.98,375.98,1.00,-1,-1,-1
46,2,2287.78,1255.87,169.47,320.66,0.98,-1,-1,-1
46,3,1344.21,1096.30,129.76,276.95,1.00,-1,-1,-1
46,4,2127.92,1245.09,232.54,330.86,0.99,-1,-1,-1
46,5,790.84,1135.65,87.21,295.34,0.99,-1,-1,-1
46,6,2163.60,1122.87,110.38,231.53,0.92,-1,-1,-1
46,7,2254.52,960.51,83.81,211.77,0.99,-1,-1,-1
46,8,3669.71,1013.67,114.01,259.14,1.00,-1,-1,-1
46,9,2176.20,1115.13,166.31,264.87,0.99,-1,-1,-1
46,10,2486.73,938.20,76.00,207.91,0.99,-1,-1,-1
46,11,2577.12,951.17,70.33,189.07,0.99,-1,-1,-1
46,12,2539.38,947.69,64.86,190.38,0.98,-1,-1,-1
46,13,3262.01,996.24,86.25,150.41,0.72,-1,-1,-1
46,14,3238.17,994.67,95.06,153.27,0.82,-1,-1,-1
47,1,588.28,1339.22,148.89,375.43,1.00,-1,-1,-1
47,2,2287.04,1245.79,174.34,327.25,0.99,-1,-1,-1
47,3,1348.19,1096.34,133.24,276.82,1.00,-1,-1,-1
47,4,2130.06,1252.35,214.66,316.14,0.98,-1,-1,-1
47,5,790.66,1135.45,87.56,295.58,0.99,-1,-1,-1
47,6,2158.10,1121.61,102.86,233.39,0.92,-1,-1,-1
47,7,2255.48,960.52,81.93,211.73,0.99,-1,-1,-1
47,8,3672.00,1014.53,113.51,258.47,1.00,-1,-1,-1
47,9,2169.69,1114.70,170.74,268.17,1.00,-1,-1,-1
47,10,2485.87,938.67,75.74,207.02,0.99,-1,-1,-1
47,11,2578.94,951.55,68.55,189.00,0.99,-1,-1,-1
47,12,2540.31,947.76,63.08,190.28,0.99,-1,-1,-1
47,13,3261.90,996.72,86.25,149.15,0.72,-1,-1,-1
47,14,3239.30,994.82,93.35,152.00,0.81,-1,-1,-1
48,1,588.08,1339.32,149.07,375.23,1.00,-1,-1,-1
48,2,2289.94,1236.48,178.12,333.78,0.99,-1,-1,-1
48,3,1352.16,1097.30,134.52,273.20,1.00,-1,-1,-1
48,4,2137.33,1239.63,231.62,319.79,0.99,-1,-1,-1
48,5,790.57,1134.94,87.68,294.32,1.00,-1,-1,-1
48,6,2156.14,1122.09,96.46,239.49,0.98,-1,-1,-1
48,7,2255.82,961.00,81.22,210.83,0.99,-1,-1,-1
48,8,3672.73,1014.47,113.33,259.08,1.00,-1,-1,-1
48,9,2177.11,1115.01,159.94,267.20,0.99,-1,-1,-1
48,10,2486.42,938.88,73.86,206.68,0.99,-1,-1,-1
48,11,2579.61,951.73,67.85,188.98,0.99,-1,-1,-1
48,12,2540.63,947.82,62.39,190.25,0.99,-1,-1,-1
48,13,3260.02,996.50,89.85,148.68,0.72,-1,-1,-1
48,14,3239.74,994.92,92.61,150.61,0.80,-1,-1,-1
49,1,587.93,1339.34,149.14,375.17,1.00,-1,-1,-1
49,2,2293.41,1227.43,183.17,328.76,0.98,-1,-1,-1
49,3,1356.05,1099.05,138.56,270.94,1.00,-1,-1,-1
49,4,2155.63,1226.60,225.14,317.13,0.97,-1,-1,-1
49,5,789.57,1135.19,87.73,295.18,0.99,-1,-1,-1
49,6,2155.47,1122.71,90.55,237.36,0.98,-1,-1,-1
49,7,2255.87,960.72,80.96,210.51,0.99,-1,-1,-1
49,8,3672.86,1013.55,113.27,260.19,1.00,-1,-1,-1
49,9,2185.71,1116.47,146.50,268.23,0.99,-1,-1,-1
49,10,2485.66,938.50,74.95,206.56,0.99,-1,-1,-1
49,11,2579.79,951.78,67.60,188.97,0.99,-1,-1,-1
49,12,2539.78,947.82,63.94,190.25,0.99,-1,-1,-1
49,13,3262.77,996.40,87.66,148.51,0.67,-1,-1,-1
49,14,3238.06,995.39,88.74,149.19,0.79,-1,-1,-1
50,1,587.92,1340.22,149.17,375.16,1.00,-1,-1,-1
50,2,2300.76,1221.61,185.10,312.49,0.99,-1,-1,-1
50,3,1360.49,1099.72,143.15,269.21,1.00,-1,-1,-1
50,4,2179.41,1218.23,208.10,305.38,0.99,-1,-1,-1
50,5,789.23,1134.83,87.75,295.06,0.99,-1,-1,-1
50,6,2149.68,1122.97,90.50,238.33,0.99,-1,-1,-1
50,7,2255.03,960.62,80.88,210.41,0.99,-1,-1,-1
50,8,3676.46,1012.79,109.68,260.59,1.00,-1,-1,-1
50,9,2197.46,1117.45,126.66,267.32,0.99,-1,-1,-1
50,10,2486.31,938.81,75.35,206.52,0.99,-1,-1,-1
50,11,2579.89,951.36,67.50,188.97,0.99,-1,-1,-1
50,12,2540.40,947.82,62.74,190.26,0.99,-1,-1,-1
50,13,3265.69,996.37,86.79,148.45,0.66,-1,-1,-1
50,14,3239.28,995.58,83.60,148.66,0.80,-1,-1,-1
51,1,587.46,1340.55,149.62,375.17,1.00,-1,-1,-1
51,2,2317.51,1217.08,178.78,289.96,0.99,-1,-1,-1
51,3,1365.08,1101.78,145.32,266.80,1.00,-1,-1,-1
51,4,2205.27,1209.41,183.17,300.52,0.99,-1,-1,-1
51,5,788.65,1134.70,88.65,295.91,0.99,-1,-1,-1
51,6,2138.51,1122.63,97.96,238.70,0.99,-1,-1,-1
51,7,2254.70,961.03,80.86,209.50,0.99,-1,-1,-1
51,8,3677.74,1013.40,108.33,258.95,1.00,-1,-1,-1
51,9,2185.23,1119.61,135.28,264.32,1.00,-1,-1,-1
51,10,2487.46,938.92,73.73,206.51,0.99,-1,-1,-1
51,11,2579.93,951.20,67.47,188.97,0.99,-1,-1,-1
51,12,2539.73,947.81,64.07,190.27,0.99,-1,-1,-1
51,13,3279.33,996.36,72.12,143.97,0.60,-1,-1,-1
51,14,3239.74,996.10,81.69,147.58,0.80,-1,-1,-1
52,1,587.27,1340.65,149.79,375.18,1.00,-1,-1,-1
52,2,2329.96,1212.55,176.36,272.06,1.00,-1,-1,-1
52,3,1370.17,1102.55,144.35,265.92,1.00,-1,-1,-1
52,4,2220.40,1203.19,166.68,297.45,0.98,-1,-1,-1
52,5,788.42,1134.65,88.98,296.23,0.99,-1,-1,-1
52,6,2125.71,1124.73,107.70,232.60,0.99,-1,-1,-1
52,7,2253.66,961.17,82.66,209.17,0.99,-1,-1,-1
52,8,3678.12,1013.63,107.87,258.31,1.00,-1,-1,-1
52,9,2178.69,1121.74,143.32,262.79,0.99,-1,-1,-1
52,10,2486.97,938.95,74.91,205.61,0.99,-1,-1,-1
52,11,2579.91,951.12,67.46,188.98,0.99,-1,-1,-1
52,12,2539.47,948.24,64.57,190.28,0.99,-1,-1,-1
52,13,3269.16,996.34,81.82,146.80,0.63,-1,-1,-1
52,14,3239.90,996.28,81.02,147.18,0.81,-1,-1,-1
53,1,587.28,1340.67,149.86,375.18,1.00,-1,-1,-1
53,2,2337.03,1206.10,177.28,271.06,0.99,-1,-1,-1
53,3,1374.63,1102.83,142.15,265.62,1.00,-1,-1,-1
53,4,2224.81,1196.11,169.10,301.36,0.99,-1,-1,-1
53,5,788.41,1134.63,89.11,295.44,0.99,-1,-1,-1
53,6,2114.02,1126.86,121.82,229.38,0.99,-1,-1,-1
53,7,2253.31,960.75,83.34,209.96,0.99,-1,-1,-1
53,8,3679.99,1014.12,107.72,255.37,1.00,-1,-1,-1
53,9,2178.11,1123.38,146.40,262.25,0.99,-1,-1,-1
53,10,2486.81,938.94,73.57,205.27,0.99,-1,-1,-1
53,11,2579.92,951.07,67.46,188.97,0.99,-1,-1,-1
53,12,2539.39,948.36,64.76,190.28,0.99,-1,-1,-1
53,13,3264.41,996.29,84.69,147.84,0.71,-1,-1,-1
53,14,3239.95,996.30,84.43,147.04,0.79,-1,-1,-1
54,1,587.00,1338.86,149.65,376.98,0.99,-1,-1,-1
54,2,2344.74,1198.54,175.86,276.38,0.99,-1,-1,-1
54,3,1379.64,1102.46,137.70,265.55,1.00,-1,-1,-1
54,4,2229.75,1190.55,171.83,306.90,1.00,-1,-1,-1
54,5,788.35,1135.04,89.15,295.59,0.99,-1,-1,-1
54,6,2109.49,1129.00,125.64,227.32,0.99,-1,-1,-1
54,7,2254.03,960.59,81.81,210.27,0.99,-1,-1,-1
54,8,3682.40,1014.34,107.69,255.16,1.00,-1,-1,-1
54,9,2177.94,1124.42,145.85,258.96,1.00,-1,-1,-1
54,10,2487.62,938.48,73.06,205.16,0.99,-1,-1,-1
54,11,2579.89,951.50,67.46,188.98,0.99,-1,-1,-1
54,12,2540.22,947.52,63.04,191.18,0.99,-1,-1,-1
54,13,3262.47,996.74,85.85,148.24,0.71,-1,-1,-1
54,14,3241.73,996.32,82.13,147.00,0.83,-1,-1,-1
55,1,587.09,1339.99,149.80,375.89,1.00,-1,-1,-1
55,2,2350.05,1189.28,177.15,283.44,0.99,-1,-1,-1
55,3,1389.41,1101.92,128.78,265.56,1.00,-1,-1,-1
55,4,2237.46,1186.04,169.34,308.15,0.99,-1,-1,-1
55,5,787.42,1135.25,90.05,295.65,0.99,-1,-1,-1
55,6,2107.90,1131.17,123.69,223.90,0.98,-1,-1,-1
55,7,2253.42,961.01,83.03,209.51,0.99,-1,-1,-1
55,8,3683.28,1014.03,107.71,255.99,1.00,-1,-1,-1
55,9,2177.98,1125.71,145.66,256.88,1.00,-1,-1,-1
55,10,2487.04,938.35,74.67,205.13,0.99,-1,-1,-1
55,11,2579.00,950.81,67.47,189.88,0.99,-1,-1,-1
55,12,2539.65,947.24,64.18,191.53,0.99,-1,-1,-1
55,13,3277.71,997.39,72.12,143.06,0.54,-1,-1,-1
55,14,3244.26,996.37,84.87,147.90,0.83,-1,-1,-1
56,1,587.17,1340.40,149.85,375.47,1.00,-1,-1,-1
56,2,2355.36,1179.77,168.74,289.77,0.99,-1,-1,-1
56,3,1400.17,1100.35,119.91,265.59,1.00,-1,-1,-1
56,4,2243.42,1180.06,163.12,305.97,0.99,-1,-1,-1
56,5,787.11,1135.75,90.39,295.22,0.99,-1,-1,-1
56,6,2109.31,1134.64,124.58,221.77,0.99,-1,-1,-1
56,7,2254.10,961.14,81.71,209.23,0.99,-1,-1,-1
56,8,3687.13,1012.96,104.15,256.30,1.00,-1,-1,-1
56,9,2178.97,1126.58,149.19,256.60,1.00,-1,-1,-1
56,10,2487.72,938.26,71.73,205.12,0.99,-1,-1,-1
56,11,2579.57,950.51,67.47,190.21,0.99,-1,-1,-1
56,12,2539.46,947.09,64.61,191.66,0.99,-1,-1,-1
56,13,3264.79,997.14,85.67,146.51,0.77,-1,-1,-1
56,14,3243.41,996.34,85.87,148.24,0.82,-1,-1,-1
57,1,586.97,1338.79,149.65,377.11,0.99,-1,-1,-1
57,2,2356.99,1173.34,163.73,292.69,0.99,-1,-1,-1
57,3,1411.22,1097.99,111.17,268.31,1.00,-1,-1,-1
57,4,2246.89,1176.71,161.05,295.77,0.99,-1,-1,-1
57,5,786.99,1136.40,90.51,294.62,0.99,-1,-1,-1
57,6,2110.00,1138.16,124.87,219.23,1.00,-1,-1,-1
57,7,2253.48,961.20,82.99,209.14,0.99,-1,-1,-1
57,8,3693.96,1012.58,99.20,257.31,1.00,-1,-1,-1
57,9,2178.51,1126.88,152.29,257.45,0.99,-1,-1,-1
57,10,2487.99,938.69,72.41,204.23,0.99,-1,-1,-1
57,11,2578.90,950.41,67.48,190.34,0.99,-1,-1,-1
57,12,2539.39,947.05,64.77,191.70,0.99,-1,-1,-1
57,13,3260.92,997.50,89.76,146.88,0.72,-1,-1,-1
57,14,3244.86,996.34,82.71,148.38,0.85,-1,-1,-1
58,1,587.14,1339.96,149.80,375.94,1.00,-1,-1,-1
58,2,2358.23,1168.06,152.86,286.29,0.99,-1,-1,-1
58,3,1427.06,1095.77,94.99,271.13,1.00,-1,-1,-1
58,4,2257.87,1176.16,145.76,281.53,0.99,-1,-1,-1
58,5,786.97,1136.65,91.44,294.39,0.99,-1,-1,-1
58,6,2111.30,1139.42,131.96,218.34,1.00,-1,-1,-1
58,7,2253.25,961.20,83.47,209.12,0.99,-1,-1,-1
58,8,3696.38,1011.97,97.42,257.70,1.00,-1,-1,-1
58,9,2178.38,1126.05,153.47,258.70,1.00,-1,-1,-1
58,10,2488.09,938.39,72.66,204.79,0.99,-1,-1,-1
58,11,2578.64,950.36,67.48,190.38,0.99,-1,-1,-1
58,12,2539.37,946.57,64.83,191.72,0.99,-1,-1,-1
58,13,3257.60,997.17,91.43,147.92,0.73,-1,-1,-1
58,14,3243.59,996.31,85.10,148.43,0.85,-1,-1,-1
59,1,586.57,1339.94,150.52,376.83,1.00,-1,-1,-1
59,2,2357.39,1164.13,143.38,271.73,0.99,-1,-1,-1
59,3,1440.98,1094.04,81.60,272.19,1.00,-1,-1,-1
59,4,2266.92,1174.36,132.78,270.85,0.99,-1,-1,-1
59,5,786.99,1136.73,91.78,294.29,0.99,-1,-1,-1
59,6,2109.27,1138.01,136.33,217.17,0.99,-1,-1,-1
59,7,2253.16,961.19,83.66,209.11,0.99,-1,-1,-1
59,8,3698.95,1010.83,96.82,258.72,1.00,-1,-1,-1
59,9,2179.26,1125.25,155.68,261.44,1.00,-1,-1,-1
59,10,2488.11,938.71,72.77,205.01,0.99,-1,-1,-1
59,11,2577.64,950.33,69.27,190.39,0.99,-1,-1,-1
59,12,2538.46,945.92,64.84,192.61,0.99,-1,-1,-1
59,13,3256.29,997.46,92.04,147.42,0.74,-1,-1,-1
59,14,3243.09,996.27,85.97,147.56,0.84,-1,-1,-1
60,1,586.10,1339.46,151.01,375.83,1.00,-1,-1,-1
60,2,2355.88,1161.20,130.80,249.89,0.99,-1,-1,-1
60,3,1447.91,1092.96,79.62,273.49,0.99,-1,-1,-1
60,4,2274.29,1170.70,122.88,269.43,1.00,-1,-1,-1
60,5,786.54,1136.73,92.78,294.27,0.99,-1,-1,-1
60,6,2103.39,1136.09,143.18,218.59,1.00,-1,-1,-1
60,7,2253.12,961.18,83.72,209.13,1.00,-1,-1,-1
60,8,3701.61,1010.88,96.66,259.11,1.00,-1,-1,-1
60,9,2176.96,1124.48,156.50,261.16,1.00,-1,-1,-1
60,10,2488.10,938.38,74.60,205.10,0.99,-1,-1,-1
60,11,2577.26,950.77,69.94,190.39,0.99,-1,-1,-1
60,12,2538.11,945.69,64.85,192.95,0.99,-1,-1,-1
60,13,3257.58,997.58,88.73,147.23,0.68,-1,-1,-1
60,14,3244.66,995.82,82.75,148.13,0.85,-1,-1,-1
61,1,585.95,1339.27,151.19,375.45,1.00,-1,-1,-1
61,2,2356.01,1160.04,122.77,236.02,1.00,-1,-1,-1
61,3,1452.76,1093.01,79.12,273.97,0.99,-1,-1,-1
61,4,2276.29,1166.34,116.04,271.32,1.00,-1,-1,-1
61,5,785.95,1136.72,93.15,294.26,0.99,-1,-1,-1
61,6,2088.31,1132.20,145.79,222.75,1.00,-1,-1,-1
61,7,2253.12,961.17,83.74,209.14,1.00,-1,-1,-1
61,8,3702.50,1010.90,100.26,259.25,1.00,-1,-1,-1
61,9,2175.24,1125.05,158.56,257.05,1.00,-1,-1,-1
61,10,2487.22,938.25,75.28,205.13,0.99,-1,-1,-1
61,11,2578.02,950.48,68.42,191.28,0.99,-1,-1,-1
61,12,2537.99,945.59,64.84,193.07,0.99,-1,-1,-1
61,13,3256.36,997.61,90.96,147.16,0.70,-1,-1,-1
61,14,3245.26,995.64,81.50,148.35,0.85,-1,-1,-1
62,1,585.45,1339.20,151.70,375.31,1.00,-1,-1,-1
62,2,2355.88,1159.43,120.28,231.87,1.00,-1,-1,-1
62,3,1456.90,1094.85,84.84,271.47,0.98,-1,-1,-1
62,4,2277.51,1159.04,112.15,273.49,1.00,-1,-1,-1
62,5,785.28,1136.72,94.17,294.26,0.99,-1,-1,-1
62,6,2073.77,1127.18,145.00,228.79,0.99,-1,-1,-1
62,7,2253.11,961.17,83.74,210.04,1.00,-1,-1,-1
62,8,3702.75,1011.82,101.61,257.50,0.99,-1,-1,-1
62,9,2175.50,1124.81,159.32,256.42,1.00,-1,-1,-1
62,10,2486.87,938.21,75.54,205.15,0.99,-1,-1,-1
62,11,2578.30,950.38,67.82,190.72,0.99,-1,-1,-1
62,12,2537.94,945.57,64.84,193.11,0.99,-1,-1,-1
62,13,3255.91,997.63,91.77,148.03,0.74,-1,-1,-1
62,14,3243.66,995.59,84.66,148.43,0.84,-1,-1,-1
63,1,585.46,1339.22,151.66,375.27,1.00,-1,-1,-1
63,2,2353.85,1156.65,123.37,230.64,1.00,-1,-1,-1
63,3,1456.39,1096.94,101.35,267.84,1.00,-1,-1,-1
63,4,2280.46,1152.03,109.23,273.52,0.99,-1,-1,-1
63,5,784.13,1135.41,95.42,294.71,1.00,-1,-1,-1
63,6,2065.62,1121.78,142.83,234.62,1.00,-1,-1,-1
63,7,2253.11,961.20,83.74,210.39,1.00,-1,-1,-1
63,8,3701.00,1011.76,105.71,257.74,0.99,-1,-1,-1
63,9,2180.94,1124.30,157.81,259.35,1.00,-1,-1,-1
63,10,2486.74,938.23,73.86,205.16,0.99,-1,-1,-1
63,11,2578.42,950.82,67.60,190.50,0.99,-1,-1,-1
63,12,2537.94,945.16,64.84,193.12,0.99,-1,-1,-1
63,13,3248.74,995.89,95.58,151.03,0.85,-1,-1,-1
63,14,3241.32,998.27,82.29,145.79,0.15,-1,-1,-1
64,1,585.74,1339.21,151.42,375.25,1.00,-1,-1,-1
64,2,2343.95,1149.41,133.72,236.85,0.99,-1,-1,-1
64,3,1457.17,1098.19,115.78,266.46,1.00,-1,-1,-1
64,4,2284.04,1146.43,106.61,272.27,0.99,-1,-1,-1
64,5,783.75,1135.35,96.77,294.43,1.00,-1,-1,-1
64,6,2063.60,1115.76,131.30,241.24,0.99,-1,-1,-1
64,7,2253.14,961.20,83.74,211.41,1.00,-1,-1,-1
64,8,3702.05,1011.29,107.25,257.82,0.99,-1,-1,-1
64,9,2186.65,1125.86,155.42,256.45,1.00,-1,-1,-1
64,10,2486.72,938.67,71.42,204.27,0.99,-1,-1,-1
64,11,2578.49,950.98,67.52,190.42,0.99,-1,-1,-1
64,12,2537.96,944.99,64.83,194.01,0.99,-1,-1,-1
64,13,3240.83,996.98,83.07,147.73,0.14,-1,-1,-1
64,14,3242.21,996.58,92.17,149.29,0.85,-1,-1,-1
65,1,586.28,1339.19,150.87,375.25,1.00,-1,-1,-1
65,2,2329.73,1141.08,146.33,245.09,0.99,-1,-1,-1
65,3,1457.29,1099.10,128.39,265.96,1.00,-1,-1,-1
65,4,2286.88,1141.85,105.95,269.19,0.99,-1,-1,-1
65,5,784.92,1135.77,96.38,293.88,1.00,-1,-1,-1
65,6,2067.73,1107.79,121.23,249.89,0.98,-1,-1,-1
65,7,2253.14,960.76,83.73,210.02,1.00,-1,-1,-1
65,8,3702.37,1012.03,104.31,256.96,1.00,-1,-1,-1
65,9,2189.70,1125.56,150.92,256.27,0.99,-1,-1,-1
65,10,2485.80,938.40,72.31,204.84,0.99,-1,-1,-1
65,11,2578.50,950.61,67.49,190.38,0.99,-1,-1,-1
65,12,2537.96,944.50,66.61,194.34,0.99,-1,-1,-1
65,13,3237.73,997.43,77.83,146.44,0.20,-1,-1,-1
65,14,3242.52,995.53,95.70,150.58,0.84,-1,-1,-1
66,1,586.70,1339.21,150.44,375.25,1.00,-1,-1,-1
66,2,2313.02,1133.22,161.59,254.07,0.99,-1,-1,-1
66,3,1457.14,1097.21,138.55,268.48,1.00,-1,-1,-1
66,4,2288.57,1137.64,107.77,262.71,0.96,-1,-1,-1
66,5,786.26,1136.39,95.32,293.23,1.00,-1,-1,-1
66,6,2075.93,1101.28,115.69,252.30,0.99,-1,-1,-1
66,7,2253.13,961.03,83.73,208.59,1.00,-1,-1,-1
66,8,3700.61,1012.28,106.75,256.63,1.00,-1,-1,-1
66,9,2191.72,1125.87,145.61,256.22,1.00,-1,-1,-1
66,10,2486.34,938.29,70.86,205.05,0.99,-1,-1,-1
66,11,2578.49,950.45,67.48,190.37,0.99,-1,-1,-1
66,12,2537.06,943.86,67.28,194.45,0.99,-1,-1,-1
66,13,3236.71,997.57,76.03,145.07,0.20,-1,-1,-1
66,14,3242.62,995.54,97.09,150.18,0.83,-1,-1,-1
67,1,587.10,1339.26,150.50,375.25,1.00,-1,-1,-1
67,2,2306.54,1125.16,164.17,259.30,0.99,-1,-1,-1
67,3,1458.62,1095.20,144.32,270.32,1.00,-1,-1,-1
67,4,2288.12,1132.69,110.39,262.21,0.93,-1,-1,-1
67,5,787.69,1137.11,94.90,292.54,1.00,-1,-1,-1
67,6,2081.79,1095.34,126.67,253.15,1.00,-1,-1,-1
67,7,2254.05,961.16,83.73,209.85,0.99,-1,-1,-1
67,8,3699.97,1013.29,107.65,256.51,1.00,-1,-1,-1
67,9,2191.56,1125.11,145.47,259.80,1.00,-1,-1,-1
67,10,2486.58,939.16,70.32,204.24,0.99,-1,-1,-1
67,11,2578.52,950.41,67.48,190.36,0.99,-1,-1,-1
67,12,2537.64,943.21,67.52,195.38,0.99,-1,-1,-1
67,13,3238.30,998.09,75.43,141.87,0.53,-1,-1,-1
67,14,3240.97,995.57,101.08,149.13,0.82,-1,-1,-1
68,1,587.48,1339.21,149.86,375.26,1.00,-1,-1,-1
68,2,2299.68,1120.91,158.18,243.22,0.98,-1,-1,-1
68,3,1462.44,1092.17,144.86,271.02,1.00,-1,-1,-1
68,4,2287.78,1126.48,116.89,267.52,0.97,-1,-1,-1
68,5,789.12,1137.77,93.84,291.84,1.00,-1,-1,-1
68,6,2082.92,1090.02,132.22,252.52,1.00,-1,-1,-1
68,7,2253.49,961.16,83.73,209.43,0.99,-1,-1,-1
68,8,3699.66,1010.95,107.99,258.25,1.00,-1,-1,-1
68,9,2191.47,1123.88,143.64,260.26,0.99,-1,-1,-1
68,10,2487.56,938.99,68.33,204.83,0.99,-1,-1,-1
68,11,2578.52,950.80,67.48,189.47,0.99,-1,-1,-1
68,12,2537.86,942.92,67.61,195.72,0.99,-1,-1,-1
68,13,3238.93,996.43,89.84,146.10,0.78,-1,-1,-1
68,14,3252.41,997.77,95.66,146.04,0.74,-1,-1,-1
69,1,587.63,1337.86,150.06,376.60,1.00,-1,-1,-1
69,2,2296.27,1116.46,148.61,230.58,0.89,-1,-1,-1
69,3,1470.70,1088.36,138.04,273.96,1.00,-1,-1,-1
69,4,2287.58,1120.33,119.33,268.21,0.99,-1,-1,-1
69,5,789.22,1138.01,94.32,292.48,1.00,-1,-1,-1
69,6,2084.33,1085.44,144.90,248.66,0.99,-1,-1,-1
69,7,2253.29,960.72,85.51,212.85,1.00,-1,-1,-1
69,8,3699.52,1011.86,108.10,256.24,1.00,-1,-1,-1
69,9,2192.32,1124.30,144.79,260.44,0.99,-1,-1,-1
69,10,2486.13,939.38,69.42,204.17,0.99,-1,-1,-1
69,11,2578.53,950.95,67.48,188.23,0.99,-1,-1,-1
69,12,2537.95,942.83,67.63,195.84,0.99,-1,-1,-1
69,13,3242.50,996.27,98.23,147.65,0.84,-1,-1,-1
69,14,3267.78,999.96,82.65,140.38,0.51,-1,-1,-1
70,1,587.66,1337.80,150.14,375.77,1.00,-1,-1,-1
70,3,1478.16,1086.95,129.87,268.85,1.00,-1,-1,-1
70,4,2286.46,1115.09,122.12,268.09,0.99,-1,-1,-1
70,5,788.78,1138.54,100.73,292.29,1.00,-1,-1,-1
70,6,2085.73,1082.94,125.81,243.55,0.96,-1,-1,-1
70,7,2253.21,961.00,84.41,215.02,0.99,-1,-1,-1
70,8,3701.21,1013.56,108.13,255.47,1.00,-1,-1,-1
70,9,2193.50,1124.02,145.25,260.96,0.99,-1,-1,-1
70,10,2484.70,939.53,71.61,203.92,0.99,-1,-1,-1
70,11,2579.42,950.57,65.70,187.78,0.99,-1,-1,-1
70,12,2538.87,942.36,67.63,195.87,0.99,-1,-1,-1
70,13,3244.04,995.78,101.67,149.14,0.83,-1,-1,-1
70,14,3273.60,1000.78,77.59,138.28,0.51,-1,-1,-1
70,15,2087.10,1081.35,162.00,240.30,0.97,-1,-1,-1
71,1,587.65,1337.35,150.17,376.80,1.00,-1,-1,-1
71,3,1495.13,1085.14,110.49,263.29,0.99,-1,-1,-1
71,4,2283.28,1116.92,126.75,263.62,0.99,-1,-1,-1
71,5,788.17,1138.31,112.66,292.68,0.99,-1,-1,-1
71,6,2085.52,1079.92,117.38,239.79,0.98,-1,-1,-1
71,7,2253.18,960.69,85.76,219.38,0.99,-1,-1,-1
71,8,3700.08,1014.24,111.69,254.30,1.00,-1,-1,-1
71,9,2191.24,1124.38,145.45,256.26,1.00,-1,-1,-1
71,10,2483.30,939.61,72.44,203.83,0.99,-1,-1,-1
71,11,2580.67,950.90,65.02,186.72,0.99,-1,-1,-1
71,12,2539.23,941.34,67.62,196.77,0.99,-1,-1,-1
71,13,3246.45,996.07,103.00,148.81,0.82,-1,-1,-1
71,14,3275.52,1000.64,75.89,137.55,0.53,-1,-1,-1
71,2,2276.82,1106.83,101.98,229.06,0.73,-1,-1,-1
72,1,587.36,1337.60,149.94,375.85,1.00,-1,-1,-1
72,3,1512.51,1083.59,93.48,260.32,0.99,-1,-1,-1
72,4,2286.32,1118.75,123.25,258.39,0.99,-1,-1,-1
72,5,787.87,1138.63,120.62,291.49,0.99,-1,-1,-1
72,6,2086.34,1076.68,131.05,236.57,0.99,-1,-1,-1
72,7,2254.00,960.59,84.48,227.19,0.99,-1,-1,-1
72,8,3701.31,1016.78,113.01,252.08,1.00,-1,-1,-1
72,9,2189.40,1124.98,147.32,256.27,1.00,-1,-1,-1
72,10,2483.59,939.66,70.98,203.81,0.99,-1,-1,-1
72,11,2581.07,951.05,64.78,186.33,0.99,-1,-1,-1
72,12,2539.31,940.98,67.60,197.10,0.99,-1,-1,-1
72,13,3247.36,995.79,103.44,149.57,0.86,-1,-1,-1
72,14,3283.41,1001.52,67.96,137.32,0.17,-1,-1,-1
72,2,2260.35,1098.82,97.20,234.92,0.87,-1,-1,-1
73,1,587.28,1337.71,149.86,375.49,1.00,-1,-1,-1
73,3,1523.95,1081.26,83.79,257.44,0.99,-1,-1,-1
73,4,2284.75,1123.22,125.48,251.08,0.99,-1,-1,-1
73,5,789.05,1138.75,124.65,291.04,0.99,-1,-1,-1
73,6,2084.90,1074.23,137.42,230.87,0.99,-1,-1,-1
73,7,2254.35,960.10,83.98,224.02,0.99,-1,-1,-1
73,8,3701.81,1016.80,117.02,253.95,1.00,-1,-1,-1
73,9,2186.07,1125.64,149.82,258.08,1.00,-1,-1,-1
73,10,2483.76,939.66,70.43,203.80,0.99,-1,-1,-1
73,11,2581.24,951.09,64.70,186.20,0.99,-1,-1,-1
73,12,2539.37,940.85,67.59,197.21,0.99,-1,-1,-1
73,13,3247.76,995.66,103.54,150.74,0.87,-1,-1,-1
73,14,3284.25,1001.36,65.12,138.17,0.16,-1,-1,-1
73,2,2248.49,1089.39,105.55,250.32,0.92,-1,-1,-1
74,1,587.02,1337.71,150.50,375.35,1.00,-1,-1,-1
74,3,1532.16,1078.61,78.83,259.11,0.99,-1,-1,-1
74,4,2279.67,1122.74,131.62,247.55,0.99,-1,-1,-1
74,5,789.52,1139.19,126.18,290.44,0.99,-1,-1,-1
74,6,2084.33,1072.53,132.97,225.14,0.99,-1,-1,-1
74,7,2254.46,959.89,83.79,222.69,0.99,-1,-1,-1
74,8,3701.94,1015.90,118.53,255.55,1.00,-1,-1,-1
74,9,2185.67,1126.74,147.22,256.99,1.00,-1,-1,-1
74,10,2483.81,939.19,70.22,203.80,0.99,-1,-1,-1
74,11,2581.27,951.08,64.68,186.16,0.99,-1,-1,-1
74,12,2540.25,939.90,67.57,198.13,0.99,-1,-1,-1
74,13,3247.89,995.61,103.52,151.17,0.88,-1,-1,-1
74,14,3282.50,1001.27,68.01,138.52,0.17,-1,-1,-1
74,2,2234.62,1081.19,115.48,265.63,0.97,-1,-1,-1
75,1,586.95,1337.74,150.30,375.30,1.00,-1,-1,-1
75,3,1535.49,1074.99,87.04,259.77,1.00,-1,-1,-1
75,4,2275.14,1120.40,137.42,249.07,0.99,-1,-1,-1
75,5,790.16,1139.37,124.96,291.11,0.99,-1,-1,-1
75,6,2088.63,1071.58,131.08,223.05,0.99,-1,-1,-1
75,7,2254.52,960.26,83.72,223.04,0.99,-1,-1,-1
75,8,3702.00,1015.52,119.08,254.38,1.00,-1,-1,-1
75,9,2183.77,1128.50,148.01,256.13,1.00,-1,-1,-1
75,10,2483.87,939.45,71.94,202.91,0.99,-1,-1,-1
75,11,2581.30,951.07,64.68,187.05,0.99,-1,-1,-1
75,12,2540.61,939.55,69.35,198.47,0.99,-1,-1,-1
75,13,3247.99,995.57,103.45,151.32,0.89,-1,-1,-1
75,14,3283.72,1000.76,69.02,139.57,0.13,-1,-1,-1
75,2,2227.92,1076.90,119.25,267.23,0.98,-1,-1,-1
76,1,587.11,1337.77,150.00,375.28,1.00,-1,-1,-1
76,3,1542.02,1075.05,96.85,256.48,1.00,-1,-1,-1
76,4,2262.03,1114.70,150.08,256.00,1.00,-1,-1,-1
76,5,790.81,1139.45,106.90,291.37,0.99,-1,-1,-1
76,6,2094.71,1069.10,151.78,224.15,0.99,-1,-1,-1
76,7,2251.84,960.42,85.48,219.58,0.99,-1,-1,-1
76,8,3700.22,1016.29,122.77,252.16,1.00,-1,-1,-1
76,9,2175.03,1127.38,155.44,255.82,1.00,-1,-1,-1
76,10,2483.87,939.13,72.58,203.48,0.99,-1,-1,-1
76,11,2581.28,951.09,64.69,187.40,0.99,-1,-1,-1
76,12,2540.72,939.46,70.01,198.58,0.99,-1,-1,-1
76,13,3246.24,995.59,103.37,151.36,0.89,-1,-1,-1
76,14,3285.86,1001.03,65.84,139.10,0.13,-1,-1,-1
76,2,2222.14,1066.37,117.21,258.93,0.98,-1,-1,-1
77,1,587.16,1337.33,149.89,376.62,1.00,-1,-1,-1
77,3,1546.92,1074.69,100.60,254.37,1.00,-1,-1,-1
77,4,2256.99,1108.66,153.24,260.42,1.00,-1,-1,-1
77,5,791.05,1139.02,116.17,291.04,0.99,-1,-1,-1
77,6,2100.25,1064.23,149.14,227.31,0.99,-1,-1,-1
77,7,2250.84,960.48,86.14,221.82,0.99,-1,-1,-1
77,8,3699.55,1014.78,124.15,254.02,1.00,-1,-1,-1
77,9,2166.54,1126.05,165.20,256.17,0.99,-1,-1,-1
77,10,2483.89,939.00,72.83,203.70,0.99,-1,-1,-1
77,11,2581.27,951.09,64.70,187.54,0.99,-1,-1,-1
77,12,2541.64,939.43,70.25,198.61,0.99,-1,-1,-1
77,13,3245.59,995.60,103.29,151.37,0.90,-1,-1,-1
77,14,3286.56,1001.12,64.70,138.93,0.12,-1,-1,-1
77,2,2215.85,1056.82,109.21,245.71,0.98,-1,-1,-1
78,1,587.44,1336.79,149.63,377.57,1.00,-1,-1,-1
78,3,1551.19,1075.10,100.34,254.52,1.00,-1,-1,-1
78,4,2258.46,1103.39,149.24,261.24,1.00,-1,-1,-1
78,5,792.03,1138.90,122.71,290.02,0.99,-1,-1,-1
78,6,2109.61,1067.44,121.51,214.24,0.97,-1,-1,-1
78,7,2252.27,960.53,84.62,225.30,0.99,-1,-1,-1
78,8,3701.06,1013.76,124.64,255.61,1.00,-1,-1,-1
78,9,2162.47,1124.22,167.22,258.09,1.00,-1,-1,-1
78,10,2484.81,938.97,71.14,203.78,0.99,-1,-1,-1
78,11,2581.29,950.67,64.72,188.48,0.99,-1,-1,-1
78,12,2542.02,939.45,70.33,198.61,0.99,-1,-1,-1
78,13,3245.39,995.61,103.21,151.35,0.90,-1,-1,-1
78,14,3286.75,1001.15,64.35,138.89,0.11,-1,-1,-1
78,2,2207.53,1044.55,104.35,248.72,0.99,-1,-1,-1
79,1,587.77,1336.56,149.31,377.92,1.00,-1,-1,-1
79,3,1555.19,1076.18,98.44,254.61,0.99,-1,-1,-1
79,4,2257.33,1098.82,145.78,260.69,1.00,-1,-1,-1
79,5,792.41,1137.49,122.64,290.98,0.99,-1,-1,-1
79,6,2119.99,1067.48,98.51,216.59,0.98,-1,-1,-1
79,7,2252.82,960.53,84.02,225.71,0.99,-1,-1,-1
79,8,3699.86,1016.03,128.30,254.44,1.00,-1,-1,-1
79,9,2157.44,1121.74,169.70,261.49,0.99,-1,-1,-1
79,10,2484.27,938.95,72.29,203.81,0.99,-1,-1,-1
79,11,2580.39,950.49,66.51,188.84,0.99,-1,-1,-1
79,12,2543.03,939.46,70.35,198.60,0.99,-1,-1,-1
79,13,3245.31,995.61,103.14,151.34,0.91,-1,-1,-1
79,14,3286.75,1001.14,64.27,138.88,0.10,-1,-1,-1
79,2,2198.41,1035.80,100.82,240.01,0.98,-1,-1,-1
79,16,2164.05,1003.73,81.00,222.75,0.73,-1,-1,-1
80,1,587.89,1336.45,149.19,378.05,1.00,-1,-1,-1
80,3,1559.09,1075.27,94.10,254.68,1.00,-1,-1,-1
80,4,2250.71,1095.44,142.63,259.59,0.99,-1,-1,-1
80,5,792.54,1135.60,122.50,292.69,0.99,-1,-1,-1
80,6,2124.33,1063.93,88.81,216.57,0.96,-1,-1,-1
80,7,2253.92,960.53,83.80,221.39,0.99,-1,-1,-1
80,8,3701.12,1016.90,129.65,253.10,0.99,-1,-1,-1
80,9,2143.31,1118.58,172.34,262.77,1.00,-1,-1,-1
80,10,2484.95,938.93,70.94,203.83,0.99,-1,-1,-1
80,11,2580.04,950.87,67.19,188.97,0.99,-1,-1,-1
80,12,2543.39,940.36,72.12,197.69,0.99,-1,-1,-1
80,13,3245.27,995.61,103.08,151.32,0.91,-1,-1,-1
80,14,3284.85,1000.69,67.91,139.79,0.12,-1,-1,-1
80,2,2180.70,1027.89,107.00,240.22,0.94,-1,-1,-1
80,16,2153.25,986.43,104.76,251.91,0.63,-1,-1,-1
81,1,588.39,1336.38,148.69,378.08,1.00,-1,-1,-1
81,3,1562.98,1073.14,90.64,256.53,1.00,-1,-1,-1
81,4,2248.24,1092.49,134.25,260.09,1.00,-1,-1,-1
81,5,792.60,1133.52,119.73,293.78,0.99,-1,-1,-1
81,6,2124.59,1059.06,83.99,215.72,0.87,-1,-1,-1
81,7,2254.32,960.50,83.71,215.22,0.99,-1,-1,-1
81,8,3701.56,1014.53,130.12,255.27,1.00,-1,-1,-1
81,9,2131.82,1112.93,169.79,266.80,1.00,-1,-1,-1
81,10,2485.20,938.91,70.41,203.83,0.99,-1,-1,-1
81,11,2580.78,950.55,65.67,189.02,0.99,-1,-1,-1
81,12,2543.50,940.69,72.78,197.34,0.99,-1,-1,-1
81,13,3245.24,995.60,103.02,151.31,0.90,-1,-1,-1
81,14,3282.33,1000.50,69.25,140.13,0.15,-1,-1,-1
81,2,2160.34,1021.19,110.95,232.23,0.94,-1,-1,-1
81,16,2140.85,962.73,126.13,286.27,0.98,-1,-1,-1
82,1,588.32,1334.61,148.74,379.88,0.99,-1,-1,-1
82,3,1565.06,1070.18,89.38,259.03,0.99,-1,-1,-1
82,4,2242.84,1090.20,123.76,259.40,1.00,-1,-1,-1
82,5,792.13,1132.32,119.49,293.75,0.99,-1,-1,-1
82,6,2123.60,1052.41,80.65,220.86,0.91,-1,-1,-1
82,7,2254.48,960.07,83.68,213.81,0.99,-1,-1,-1
82,8,3701.78,1014.56,133.77,255.21,1.00,-1,-1,-1
82,9,2127.53,1114.38,151.00,263.89,1.00,-1,-1,-1
82,10,2485.31,938.93,70.22,203.84,0.99,-1,-1,-1
82,11,2581.98,950.45,65.08,189.04,0.99,-1,-1,-1
82,12,2545.32,940.85,71.25,197.21,0.99,-1,-1,-1
82,13,3247.06,995.63,102.97,151.30,0.91,-1,-1,-1
82,14,3281.37,1000.46,69.78,140.27,0.18,-1,-1,-1
82,16,2137.64,976.94,129.35,275.12,0.99,-1,-1,-1
83,1,588.28,1333.06,148.76,380.55,0.99,-1,-1,-1
83,3,1564.70,1068.21,90.77,259.10,1.00,-1,-1,-1
83,4,2238.15,1087.67,110.64,260.94,0.99,-1,-1,-1
83,5,791.93,1130.56,119.37,294.18,0.99,-1,-1,-1
83,7,2254.53,959.90,83.68,214.20,0.99,-1,-1,-1
83,8,3703.59,1018.10,135.12,251.62,0.99,-1,-1,-1
83,9,2123.41,1114.54,126.86,263.62,1.00,-1,-1,-1
83,10,2486.24,938.92,70.16,203.84,0.99,-1,-1,-1
83,11,2582.42,950.40,64.86,189.04,0.98,-1,-1,-1
83,12,2545.99,940.89,70.64,197.15,0.99,-1,-1,-1
83,13,3247.74,995.17,102.93,151.29,0.90,-1,-1,-1
83,14,3280.96,1000.41,70.00,140.33,0.18,-1,-1,-1
83,2,2133.27,1010.87,114.92,228.83,0.98,-1,-1,-1
84,1,588.27,1332.51,148.77,380.79,0.99,-1,-1,-1
84,3,1566.20,1067.54,89.50,257.35,1.00,-1,-1,-1
84,4,2229.93,1087.33,106.03,260.64,0.98,-1,-1,-1
84,5,791.86,1129.49,120.17,293.88,0.99,-1,-1,-1
84,7,2252.74,959.88,85.46,213.46,0.99,-1,-1,-1
84,8,3702.50,1020.40,139.09,249.36,0.99,-1,-1,-1
84,9,2116.44,1113.33,120.16,265.29,1.00,-1,-1,-1
84,10,2485.67,938.52,70.14,204.73,0.99,-1,-1,-1
84,11,2583.45,949.54,62.99,189.04,0.97,-1,-1,-1
84,12,2546.21,940.96,70.40,197.13,0.99,-1,-1,-1
84,13,3247.98,995.50,102.89,150.39,0.90,-1,-1,-1
84,14,3280.76,1000.44,70.09,140.36,0.18,-1,-1,-1
84,2,2122.99,981.00,99.66,230.12,0.56,-1,-1,-1
84,16,2127.34,973.15,115.27,262.46,0.98,-1,-1,-1
85,1,588.03,1332.28,149.00,380.86,0.99,-1,-1,-1
85,3,1566.54,1066.41,87.24,256.69,0.99,-1,-1,-1
85,4,2221.61,1087.28,104.57,256.07,0.99,-1,-1,-1
85,5,791.37,1128.18,123.10,293.76,0.99,-1,-1,-1
85,7,2251.18,959.83,86.13,213.20,0.99,-1,-1,-1
85,8,3703.80,1021.65,140.57,247.63,0.99,-1,-1,-1
85,9,2099.15,1111.09,133.24,266.79,1.00,-1,-1,-1
85,10,2485.45,938.77,70.13,204.18,0.99,-1,-1,-1
85,11,2582.92,950.07,64.10,189.03,0.98,-1,-1,-1
85,12,2546.27,940.50,70.30,198.01,0.99,-1,-1,-1
85,13,3246.28,995.58,102.85,150.04,0.87,-1,-1,-1
85,14,3280.67,1000.41,70.12,139.47,0.19,-1,-1,-1
85,2,2117.14,1012.85,93.81,215.31,0.19,-1,-1,-1
85,16,2119.94,970.41,108.85,263.97,0.99,-1,-1,-1
86,1,587.96,1332.22,149.09,380.87,0.99,-1,-1,-1
86,3,1567.40,1065.15,84.60,251.09,0.99,-1,-1,-1
86,4,2215.13,1089.65,109.74,250.75,1.00,-1,-1,-1
86,5,791.20,1125.95,123.31,294.60,0.99,-1,-1,-1
86,7,2249.70,959.39,88.15,213.12,0.99,-1,-1,-1
86,8,3702.54,1021.66,144.58,247.91,0.99,-1,-1,-1
86,9,2081.85,1108.06,146.39,270.00,1.00,-1,-1,-1
86,10,2485.37,938.88,71.92,203.97,0.99,-1,-1,-1
86,11,2582.72,950.28,64.51,189.03,0.98,-1,-1,-1
86,12,2545.39,940.34,72.05,198.34,0.99,-1,-1,-1
86,13,3245.63,995.63,102.82,149.02,0.86,-1,-1,-1
86,14,3282.40,1000.41,66.58,139.14,0.24,-1,-1,-1
86,16,2115.91,978.04,107.04,257.87,0.98,-1,-1,-1
87,1,587.93,1332.23,149.13,380.87,0.99,-1,-1,-1
87,3,1568.47,1062.94,85.49,254.40,0.99,-1,-1,-1
87,4,2204.83,1092.91,118.81,245.18,1.00,-1,-1,-1
87,5,790.69,1125.15,126.88,294.03,1.00,-1,-1,-1
87,7,2251.81,959.68,85.38,212.21,1.00,-1,-1,-1
87,8,3702.07,1022.99,149.55,246.25,0.99,-1,-1,-1
87,9,2054.56,1106.96,168.85,268.54,1.00,-1,-1,-1
87,10,2485.35,938.49,72.60,204.78,0.99,-1,-1,-1
87,11,2582.66,950.38,64.67,189.92,0.97,-1,-1,-1
87,12,2545.94,940.74,72.70,197.57,0.99,-1,-1,-1
87,13,3245.41,995.66,102.80,148.63,0.86,-1,-1,-1
87,14,3277.61,1000.42,72.51,139.03,0.55,-1,-1,-1
87,16,2107.10,976.57,110.36,259.59,0.97,-1,-1,-1
88,1,588.13,1333.14,148.93,380.85,0.99,-1,-1,-1
88,3,1568.76,1059.92,84.05,252.08,1.00,-1,-1,-1
88,4,2191.46,1091.92,132.74,244.98,1.00,-1,-1,-1
88,5,790.49,1124.43,129.97,292.46,1.00,-1,-1,-1
88,7,2252.65,959.76,84.29,211.89,0.99,-1,-1,-1
88,8,3703.63,1023.41,147.95,245.65,0.99,-1,-1,-1
88,9,2029.76,1104.79,184.30,268.83,1.00,-1,-1,-1
88,10,2484.46,938.31,72.85,205.08,0.99,-1,-1,-1
88,11,2582.62,949.94,64.74,189.36,0.97,-1,-1,-1
88,12,2547.03,940.86,71.17,197.28,0.99,-1,-1,-1
88,13,3240.00,996.97,84.96,144.91,0.60,-1,-1,-1
88,14,3256.84,996.81,91.95,146.13,0.85,-1,-1,-1
88,6,2097.87,1002.63,114.23,250.23,0.99,-1,-1,-1
89,1,588.23,1333.94,148.85,380.39,1.00,-1,-1,-1
89,3,1568.73,1054.81,83.54,253.01,1.00,-1,-1,-1
89,4,2180.43,1090.71,143.21,244.06,1.00,-1,-1,-1
89,5,790.87,1123.75,128.48,290.53,0.99,-1,-1,-1
89,7,2249.38,959.81,87.47,211.78,1.00,-1,-1,-1
89,8,3704.23,1024.02,147.21,245.45,0.99,-1,-1,-1
89,9,2013.13,1103.13,185.53,267.14,1.00,-1,-1,-1
89,10,2485.01,938.70,71.17,204.31,0.99,-1,-1,-1
89,11,2583.50,949.78,62.98,188.25,0.97,-1,-1,-1
89,12,2548.33,941.37,70.56,197.16,0.99,-1,-1,-1
89,13,3243.63,996.13,97.06,148.03,0.85,-1,-1,-1
89,14,3245.81,997.24,83.07,145.27,0.62,-1,-1,-1
89,6,2094.25,986.70,110.51,267.66,0.98,-1,-1,-1
90,1,588.24,1333.79,149.26,380.65,1.00,-1,-1,-1
90,3,1569.49,1051.16,79.76,253.37,1.00,-1,-1,-1
90,4,2161.68,1088.06,159.32,244.68,1.00,-1,-1,-1
90,5,790.99,1123.96,126.06,289.36,0.99,-1,-1,-1
90,7,2246.39,959.83,88.63,211.76,0.99,-1,-1,-1
90,8,3704.42,1024.23,146.85,244.50,0.99,-1,-1,-1
90,9,2005.11,1103.00,175.45,265.59,1.00,-1,-1,-1
90,10,2486.10,938.41,70.51,204.01,0.99,-1,-1,-1
90,11,2584.71,949.73,62.31,187.83,0.97,-1,-1,-1
90,12,2548.78,941.56,70.33,197.12,0.99,-1,-1,-1
90,13,3244.68,995.82,100.67,149.18,0.84,-1,-1,-1
90,14,3240.92,996.99,78.62,144.90,0.60,-1,-1,-1
90,6,2096.31,993.33,106.69,231.98,0.85,-1,-1,-1
90,2,2087.59,1017.55,96.81,238.16,0.99,-1,-1,-1
91,1,588.23,1333.77,149.42,380.75,1.00,-1,-1,-1
91,3,1569.66,1047.21,78.40,254.43,1.00,-1,-1,-1
91,4,2154.37,1085.36,162.32,246.75,1.00,-1,-1,-1
91,5,791.49,1123.21,122.42,289.83,0.99,-1,-1,-1
91,7,2244.39,959.86,90.84,211.77,0.99,-1,-1,-1
91,8,3706.28,1022.96,146.66,245.97,0.99,-1,-1,-1
91,9,2003.49,1103.47,153.42,264.99,1.00,-1,-1,-1
91,10,2486.52,938.32,70.27,203.90,0.99,-1,-1,-1
91,11,2584.26,950.18,62.08,186.78,0.97,-1,-1,-1
91,12,2548.05,941.65,72.04,197.10,0.98,-1,-1,-1
91,13,3264.45,997.95,84.56,143.40,0.63,-1,-1,-1
91,14,3242.82,996.03,94.85,148.30,0.85,-1,-1,-1
91,6,2083.25,994.06,115.56,253.50,0.99,-1,-1,-1
92,1,588.44,1333.78,149.27,380.78,1.00,-1,-1,-1
92,3,1569.63,1044.47,77.95,253.05,0.99,-1,-1,-1
92,4,2150.01,1082.17,154.82,248.47,0.99,-1,-1,-1
92,5,792.11,1122.08,117.41,290.91,0.99,-1,-1,-1
92,7,2243.65,959.87,91.67,211.79,1.00,-1,-1,-1
92,8,3706.99,1022.90,146.54,245.65,0.99,-1,-1,-1
92,9,1989.82,1103.25,139.15,265.66,1.00,-1,-1,-1
92,10,2485.78,938.29,70.19,203.86,0.99,-1,-1,-1
92,11,2584.09,949.90,62.00,187.29,0.97,-1,-1,-1
92,12,2547.77,941.68,72.67,197.10,0.99,-1,-1,-1
92,13,3270.71,998.76,81.66,141.18,0.66,-1,-1,-1
92,14,3245.00,995.68,100.51,149.56,0.86,-1,-1,-1
92,6,2081.79,995.03,105.31,260.69,1.00,-1,-1,-1
93,1,588.77,1335.12,148.98,380.33,1.00,-1,-1,-1
93,3,1571.38,1043.07,77.83,251.64,0.99,-1,-1,-1
93,4,2139.86,1081.46,149.83,248.24,1.00,-1,-1,-1
93,5,792.82,1122.12,110.08,289.99,1.00,-1,-1,-1
93,7,2243.39,959.86,91.97,211.80,1.00,-1,-1,-1
93,8,3710.77,1022.39,142.90,247.33,0.99,-1,-1,-1
93,9,1973.35,1102.30,126.65,265.90,0.99,-1,-1,-1
93,10,2485.50,938.26,70.16,203.84,0.99,-1,-1,-1
93,11,2584.01,950.23,61.98,186.59,0.97,-1,-1,-1
93,12,2547.65,941.67,72.91,197.10,0.99,-1,-1,-1
93,13,3256.00,996.77,95.58,146.71,0.87,-1,-1,-1
93,14,3239.32,996.85,85.94,146.48,0.47,-1,-1,-1
93,6,2078.79,1000.40,104.27,256.47,0.99,-1,-1,-1
94,1,588.93,1334.28,148.43,380.60,1.00,-1,-1,-1
94,3,1572.88,1043.52,77.83,251.12,0.99,-1,-1,-1
94,4,2127.42,1079.91,140.76,249.96,1.00,-1,-1,-1
94,5,794.03,1122.61,98.16,289.19,1.00,-1,-1,-1
94,7,2242.45,959.84,93.83,211.81,1.00,-1,-1,-1
94,8,3713.98,1021.71,141.45,247.97,0.99,-1,-1,-1
94,9,1955.86,1098.84,126.11,269.55,1.00,-1,-1,-1
94,10,2485.40,938.23,70.16,203.83,0.99,-1,-1,-1
94,11,2583.98,950.78,61.99,186.33,0.97,-1,-1,-1
94,12,2547.59,942.10,72.99,196.20,0.99,-1,-1,-1
94,13,3251.10,996.01,100.25,148.74,0.86,-1,-1,-1
94,14,3237.12,997.30,79.35,145.26,0.52,-1,-1,-1
94,6,2074.24,999.18,103.85,255.53,1.00,-1,-1,-1
95,1,588.74,1333.53,148.45,381.15,0.99,-1,-1,-1
95,3,1574.26,1044.67,79.67,250.06,0.99,-1,-1,-1
95,4,2116.74,1080.28,124.55,249.74,0.99,-1,-1,-1
95,5,795.39,1121.48,88.20,291.14,0.99,-1,-1,-1
95,7,2240.36,959.39,96.28,212.72,1.00,-1,-1,-1
95,8,3716.96,1021.89,140.89,247.33,0.99,-1,-1,-1
95,9,1941.91,1094.02,129.67,273.57,1.00,-1,-1,-1
95,10,2485.36,937.77,70.16,204.73,0.99,-1,-1,-1
95,11,2583.08,950.09,63.79,187.14,0.97,-1,-1,-1
95,12,2548.46,942.25,71.23,195.87,0.99,-1,-1,-1
95,13,3268.17,997.93,84.79,143.32,0.63,-1,-1,-1
95,14,3243.76,995.68,95.30,149.26,0.84,-1,-1,-1
95,6,2074.40,999.73,101.85,251.56,0.99,-1,-1,-1
95,2,2041.51,1016.40,109.55,232.97,0.95,-1,-1,-1
96,1,589.14,1334.09,148.01,380.45,1.00,-1,-1,-1
96,3,1574.73,1046.05,82.15,248.77,0.99,-1,-1,-1
96,4,2098.30,1079.58,118.40,248.77,0.99,-1,-1,-1
96,5,796.34,1120.60,84.94,290.54,0.99,-1,-1,-1
96,7,2237.83,959.65,98.94,212.18,1.00,-1,-1,-1
96,8,3721.57,1021.51,137.09,247.98,0.99,-1,-1,-1
96,9,1932.74,1089.12,131.00,277.73,0.99,-1,-1,-1
96,10,2485.34,938.04,70.16,204.17,0.99,-1,-1,-1
96,11,2583.61,949.82,62.69,187.44,0.96,-1,-1,-1
96,12,2547.87,942.75,72.35,195.74,0.99,-1,-1,-1
96,13,3252.69,995.97,97.04,149.35,0.84,-1,-1,-1
96,14,3240.84,996.41,84.01,148.09,0.59,-1,-1,-1
96,6,2079.96,1000.05,93.88,245.50,0.96,-1,-1,-1
96,2,2026.76,1014.78,112.45,233.17,0.99,-1,-1,-1
97,1,589.30,1334.37,147.86,380.19,1.00,-1,-1,-1
97,3,1574.88,1047.56,83.11,246.52,0.99,-1,-1,-1
97,4,2094.13,1073.14,112.63,252.88,0.99,-1,-1,-1
97,5,797.11,1119.90,83.04,291.65,0.99,-1,-1,-1
97,7,2235.17,959.33,101.69,212.87,0.99,-1,-1,-1
97,8,3725.13,1021.80,132.03,247.34,0.99,-1,-1,-1
97,9,1928.99,1085.13,129.76,281.06,1.00,-1,-1,-1
97,10,2485.37,938.16,70.17,203.96,0.99,-1,-1,-1
97,11,2582.96,950.18,64.06,187.56,0.97,-1,-1,-1
97,12,2547.69,942.94,72.76,195.70,0.98,-1,-1,-1
97,13,3270.23,997.89,80.30,144.49,0.51,-1,-1,-1
97,14,3239.78,995.36,93.25,151.18,0.81,-1,-1,-1
97,6,2080.49,997.62,90.73,241.35,0.79,-1,-1,-1
97,2,2011.02,1012.93,118.74,218.88,0.97,-1,-1,-1
98,1,589.11,1333.57,147.57,380.98,0.99,-1,-1,-1
98,3,1575.74,1048.62,81.71,244.81,1.00,-1,-1,-1
98,4,2080.02,1068.12,121.82,257.09,1.00,-1,-1,-1
98,5,796.40,1119.19,84.40,292.52,0.99,-1,-1,-1
98,7,2235.03,959.21,102.71,213.14,0.99,-1,-1,-1
98,8,3728.17,1021.92,130.15,246.21,0.99,-1,-1,-1
98,9,1923.60,1081.03,125.71,283.17,1.00,-1,-1,-1
98,10,2485.37,938.21,70.17,203.88,0.99,-1,-1,-1
98,11,2581.82,950.32,64.57,187.61,0.96,-1,-1,-1
98,12,2547.59,943.01,72.91,195.69,0.98,-1,-1,-1
98,13,3262.67,997.77,88.13,147.07,0.74,-1,-1,-1
98,14,3239.36,995.87,86.17,148.79,0.80,-1,-1,-1
98,6,2088.95,991.42,78.64,228.10,0.90,-1,-1,-1
98,2,2003.45,1010.45,119.40,202.52,0.97,-1,-1,-1
99,1,589.00,1333.28,147.92,381.28,0.99,-1,-1,-1
99,3,1577.78,1049.06,79.38,243.31,0.99,-1,-1,-1
99,4,2064.54,1061.43,135.61,260.45,1.00,-1,-1,-1
99,5,795.65,1118.96,84.97,292.85,0.99,-1,-1,-1
99,7,2233.27,959.18,104.82,213.24,0.99,-1,-1,-1
99,8,3731.05,1022.43,125.87,244.90,0.99,-1,-1,-1
99,9,1914.83,1079.11,126.08,283.04,1.00,-1,-1,-1
99,10,2485.37,938.24,70.18,203.85,0.99,-1,-1,-1
99,11,2581.38,950.39,64.76,187.63,0.97,-1,-1,-1
99,12,2547.55,943.05,72.96,195.70,0.98,-1,-1,-1
99,13,3256.84,998.18,94.07,148.03,0.75,-1,-1,-1
99,14,3239.34,995.65,86.65,148.73,0.78,-1,-1,-1
99,6,2093.24,989.23,70.26,196.55,0.84,-1,-1,-1
99,2,1993.89,1008.69,123.08,203.22,0.99,-1,-1,-1
100,1,588.98,1333.17,147.61,381.39,0.99,-1,-1,-1
100,3,1579.41,1050.15,80.32,240.09,0.99,-1,-1,-1
100,4,2044.21,1059.40,142.58,258.17,1.00,-1,-1,-1
100,5,795.38,1119.79,85.28,292.08,0.99,-1,-1,-1
100,7,2232.63,959.17,105.59,213.28,0.99,-1,-1,-1
100,8,3733.84,1021.27,124.33,246.21,1.00,-1,-1,-1
100,9,1911.09,1079.80,117.22,279.38,1.00,-1,-1,-1
100,10,2483.59,938.25,71.96,203.84,0.99,-1,-1,-1
100,11,2581.23,950.41,64.83,187.64,0.96,-1,-1,-1
100,12,2547.54,943.05,72.98,195.70,0.98,-1,-1,-1
100,13,3271.95,999.22,78.98,143.94,0.47,-1,-1,-1
100,14,3241.13,995.57,93.91,150.47,0.81,-1,-1,-1
100,6,2082.12,991.54,79.17,228.13,0.97,-1,-1,-1
100,2,1987.01,1004.01,122.71,206.26,0.99,-1,-1,-1
101,1,589.22,1332.23,147.27,382.31,0.99,-1,-1,-1
101,3,1581.76,1050.57,80.68,233.51,0.99,-1,-1,-1
101,4,2023.49,1061.40,145.34,250.14,0.99,-1,-1,-1
101,5,795.30,1118.78,86.38,294.01,0.99,-1,-1,-1
101,7,2232.44,959.16,105.84,213.29,0.99,-1,-1,-1
101,8,3734.76,1019.93,123.81,248.49,1.00,-1,-1,-1
101,9,1908.51,1080.15,108.36,277.03,1.00,-1,-1,-1
101,10,2482.04,938.25,72.63,203.84,0.99,-1,-1,-1
101,11,2581.18,950.41,64.85,187.64,0.96,-1,-1,-1
101,12,2547.53,943.49,74.76,195.70,0.97,-1,-1,-1
101,13,3272.66,998.69,80.13,145.08,0.50,-1,-1,-1
101,14,3241.81,995.54,96.59,151.12,0.82,-1,-1,-1
101,6,2077.76,992.98,81.89,242.02,0.98,-1,-1,-1
101,2,1978.60,993.77,122.49,223.70,1.00,-1,-1,-1
102,1,589.06,1331.86,147.37,382.66,0.99,-1,-1,-1
102,3,1584.36,1049.38,80.82,230.21,0.99,-1,-1,-1
102,4,2008.75,1061.37,142.87,247.06,1.00,-1,-1,-1
102,5,795.24,1118.40,86.84,294.73,0.99,-1,-1,-1
102,7,2241.19,959.15,97.08,213.30,0.99,-1,-1,-1
102,8,3734.99,1019.42,123.67,249.35,0.99,-1,-1,-1
102,9,1904.31,1082.13,97.79,272.55,1.00,-1,-1,-1
102,10,2481.44,938.24,72.88,203.84,0.99,-1,-1,-1
102,11,2581.14,949.96,64.85,188.54,0.96,-1,-1,-1
102,12,2547.51,943.64,75.42,195.71,0.97,-1,-1,-1
102,13,3278.31,999.83,73.25,141.93,0.46,-1,-1,-1
102,14,3242.10,995.53,97.60,150.46,0.81,-1,-1,-1
102,6,2077.89,996.70,79.43,243.28,0.98,-1,-1,-1
102,2,1973.04,985.67,111.79,232.73,1.00,-1,-1,-1
103,1,589.01,1331.28,147.41,383.22,0.99,-1,-1,-1
103,3,1586.18,1047.59,80.88,229.07,0.99,-1,-1,-1
103,4,1999.14,1064.58,134.72,243.24,0.99,-1,-1,-1
103,5,795.22,1117.83,87.07,294.55,0.99,-1,-1,-1
103,7,2243.79,959.59,95.39,213.30,0.99,-1,-1,-1
103,8,3735.00,1020.13,123.66,247.90,1.00,-1,-1,-1
103,9,1895.68,1082.05,98.13,270.84,1.00,-1,-1,-1
103,10,2482.11,938.68,71.19,203.84,0.99,-1,-1,-1
103,11,2581.14,949.79,64.85,187.98,0.95,-1,-1,-1
103,12,2547.50,943.69,75.66,195.71,0.97,-1,-1,-1
103,13,3280.37,1000.26,70.68,140.75,0.47,-1,-1,-1
103,14,3242.25,995.53,94.43,150.18,0.79,-1,-1,-1
103,6,2078.98,997.82,76.68,243.68,0.99,-1,-1,-1
103,2,1969.69,981.29,100.17,231.04,0.98,-1,-1,-1
104,1,589.02,1331.50,147.43,382.98,0.99,-1,-1,-1
104,3,1592.17,1045.12,77.34,230.52,0.99,-1,-1,-1
104,4,1992.52,1066.74,118.84,241.84,0.99,-1,-1,-1
104,5,796.59,1118.51,85.40,293.57,0.99,-1,-1,-1
104,7,2242.01,958.84,96.59,214.19,0.99,-1,-1,-1
104,8,3734.92,1020.36,123.70,247.33,1.00,-1,-1,-1
104,9,1886.48,1081.15,92.73,270.20,0.99,-1,-1,-1
104,10,2482.39,938.82,70.54,203.83,0.99,-1,-1,-1
104,11,2582.03,949.69,64.85,187.76,0.96,-1,-1,-1
104,12,2547.49,943.23,75.74,194.82,0.97,-1,-1,-1
104,13,3281.01,1000.37,69.85,140.32,0.48,-1,-1,-1
104,14,3240.55,995.51,96.66,150.07,0.80,-1,-1,-1
104,6,2083.13,995.17,73.86,245.54,0.99,-1,-1,-1
104,2,1968.05,982.82,90.31,224.10,0.99,-1,-1,-1
105,1,588.99,1331.59,147.89,382.88,0.99,-1,-1,-1
105,3,1597.98,1040.65,77.82,234.72,0.98,-1,-1,-1
105,4,1992.77,1067.59,95.94,240.46,0.99,-1,-1,-1
105,5,798.43,1118.79,83.91,293.20,0.99,-1,-1,-1
105,7,2240.45,958.57,98.81,214.52,0.99,-1,-1,-1
105,8,3733.03,1020.92,123.75,247.12,1.00,-1,-1,-1
105,9,1876.08,1079.08,90.98,269.97,0.99,-1,-1,-1
105,10,2482.49,938.89,70.29,203.84,0.99,-1,-1,-1
105,11,2582.36,949.67,64.84,187.68,0.95,-1,-1,-1
105,12,2547.47,943.06,75.75,194.49,0.97,-1,-1,-1
105,13,3264.59,998.62,84.35,145.57,0.74,-1,-1,-1
105,14,3239.93,995.52,90.44,149.12,0.77,-1,-1,-1
105,6,2086.53,989.78,72.87,250.61,0.99,-1,-1,-1
105,2,1966.95,990.76,86.93,214.23,0.99,-1,-1,-1
106,1,588.99,1331.62,148.06,382.83,0.99,-1,-1,-1
106,3,1605.40,1037.65,72.62,237.22,0.98,-1,-1,-1
106,4,1983.00,1066.13,89.89,241.78,0.99,-1,-1,-1
106,5,800.01,1118.89,82.50,293.05,0.99,-1,-1,-1
106,7,2240.74,958.45,97.88,214.65,0.99,-1,-1,-1
106,8,3734.05,1020.66,120.21,247.04,1.00,-1,-1,-1
106,9,1859.73,1076.54,96.10,269.90,0.99,-1,-1,-1
106,10,2482.53,938.89,70.21,202.94,0.99,-1,-1,-1
106,11,2582.48,949.65,64.84,187.65,0.96,-1,-1,-1
106,12,2547.46,943.43,75.75,193.47,0.97,-1,-1,-1
106,13,3258.99,997.95,89.28,147.52,0.73,-1,-1,-1
106,14,3241.53,995.95,84.27,147.86,0.79,-1,-1,-1
106,6,2087.77,985.11,74.38,251.61,0.99,-1,-1,-1
106,2,1965.87,992.94,83.98,209.63,1.00,-1,-1,-1
107,1,589.00,1331.66,148.13,382.81,0.99,-1,-1,-1
107,3,1610.85,1036.15,70.66,236.42,0.99,-1,-1,-1
107,4,1975.41,1064.30,86.20,244.10,0.99,-1,-1,-1
107,5,801.04,1119.41,82.02,291.66,0.99,-1,-1,-1
107,7,2241.77,958.44,97.50,214.69,0.99,-1,-1,-1
107,8,3734.40,1017.93,118.92,250.59,1.00,-1,-1,-1
107,9,1840.68,1073.87,106.93,270.77,1.00,-1,-1,-1
107,10,2482.56,938.92,70.17,203.50,0.99,-1,-1,-1
107,11,2582.54,949.68,64.83,187.64,0.96,-1,-1,-1
107,12,2547.47,943.15,75.74,194.00,0.97,-1,-1,-1
107,13,3258.41,997.73,91.32,148.27,0.70,-1,-1,-1
107,14,3240.34,996.16,81.97,147.38,0.79,-1,-1,-1
107,6,2089.13,982.08,73.15,252.80,0.99,-1,-1,-1
107,2,1969.54,991.57,77.43,208.90,1.00,-1,-1,-1
108,1,588.96,1331.67,148.15,382.79,0.99,-1,-1,-1
108,3,1613.56,1035.18,71.83,237.03,0.99,-1,-1,-1
108,4,1959.87,1063.19,92.81,241.43,0.99,-1,-1,-1
108,5,800.91,1120.05,83.70,290.68,0.99,-1,-1,-1
108,7,2242.14,958.43,97.35,214.70,0.99,-1,-1,-1
108,8,3734.48,1017.79,118.48,251.03,1.00,-1,-1,-1
108,9,1825.07,1071.58,117.88,272.00,1.00,-1,-1,-1
108,10,2482.56,938.92,70.16,203.72,0.99,-1,-1,-1
108,11,2582.54,949.68,64.83,187.64,0.96,-1,-1,-1
108,12,2548.34,943.03,75.72,194.20,0.97,-1,-1,-1
108,13,3254.75,997.64,95.56,148.54,0.72,-1,-1,-1
108,14,3239.90,995.78,84.82,148.09,0.79,-1,-1,-1
108,6,2089.62,979.21,74.54,254.07,0.99,-1,-1,-1
108,2,1970.24,988.40,75.25,205.08,1.00,-1,-1,-1
109,1,588.73,1331.25,148.38,383.23,0.99,-1,-1,-1
109,3,1617.16,1034.88,75.88,236.39,0.99,-1,-1,-1
109,4,1940.26,1061.47,107.72,241.34,1.00,-1,-1,-1
109,5,801.29,1119.86,86.13,289.88,0.99,-1,-1,-1
109,7,2244.07,958.89,95.50,213.81,0.99,-1,-1,-1
109,8,3732.70,1016.86,118.36,252.08,0.99,-1,-1,-1
109,9,1814.10,1071.67,123.91,270.69,1.00,-1,-1,-1
109,10,2483.47,938.48,70.17,203.80,0.99,-1,-1,-1
109,11,2582.55,949.24,64.82,188.53,0.96,-1,-1,-1
109,12,2547.79,943.44,75.71,193.39,0.97,-1,-1,-1
109,13,3270.63,999.39,79.93,142.42,0.45,-1,-1,-1
109,14,3239.79,995.65,89.41,149.26,0.79,-1,-1,-1
109,6,2089.81,979.97,75.07,251.84,0.99,-1,-1,-1
109,2,1968.75,985.47,76.50,209.15,1.00,-1,-1,-1
