0,1,611.5546292907952,1420.4634412982073
0,2,604.4367084081622,1122.4378643159139
0,3,871.2548669198686,577.0185594951718
0,5,1003.2983565517949,562.9605759466397
0,6,550.6029883280659,265.6337964893432
0,7,550.5196543145321,92.89818048828944
1,1,613.2361686049026,1420.1073042677633
1,2,604.2005180008223,1122.896329447248
1,3,871.0959564546343,577.2760775257736
1,5,1003.2908126388041,562.972595658239
1,6,551.4953450321643,267.38240054065756
1,7,546.7040781940166,88.90582304602569
2,1,611.0884165934576,1417.6935262596487
2,2,603.1355474845756,1124.5252475860948
2,3,869.3877514622167,576.7415951056062
2,5,1003.4873635957412,562.5029646159101
2,6,548.9237414392794,266.40803025065856
2,7,537.5959202453136,79.97145281229064
3,1,609.7108749397233,1415.9812348729517
3,2,602.8138301946932,1125.0413615243897
3,3,868.7731026405904,576.8189343289507
3,5,1003.6378486787308,562.4196633644001
3,6,547.8730296110535,266.7480864615692
3,7,530.5459582686514,71.82835292143812
4,1,612.5981895477095,1414.2859447558608
4,2,602.9904101517005,1124.8376272495752
4,3,867.0357063290235,576.3218450432624
4,5,1003.2514009171971,562.9571623977224
4,6,547.9840034264637,268.8715032453928
4,7,534.2504887844425,81.94081375904398
5,1,614.3675491946967,1412.577298368952
5,2,603.0638439824346,1124.719822101609
5,3,867.3829537903376,577.6929293040588
5,5,1003.5822324058562,565.0087069914415
5,6,547.3560125030048,268.1452310537354
5,7,531.2456031070956,84.05667582699262
6,1,617.485414878428,1409.9894097429687
6,2,601.9301261129681,1123.9906126279777
6,3,866.1625519368137,577.4611991059832
6,5,1001.7776075559351,563.8182669354162
6,6,547.0255816809872,268.2240389457981
6,7,533.4039754250788,94.3442895272801
7,1,618.9319902945952,1408.5489511106093
7,2,602.9328123826974,1124.054728321512
7,3,865.8102243661258,577.3870866705453
7,5,1001.0384253144657,563.5071667517033
7,6,545.027291053458,266.23198934548
7,7,532.6260643379585,97.78093606988342
8,1,622.1565420129043,1405.557241926249
8,2,603.8474942390181,1122.9852530922838
8,3,864.6798217563422,575.9881512371196
8,5,998.8879389628773,561.511380543221
8,6,546.537673969935,269.2393603240912
8,7,539.1687707747543,115.7069258017792
9,1,623.7087940554504,1403.9505800092184
9,2,603.7663669862885,1120.9644329226683
9,3,865.3130186574466,576.8091897340596
9,5,998.2794005827827,560.5891884578185
9,6,548.574855637071,272.9604303361521
9,7,534.7183640341613,114.72001363998505
10,1,626.5664314424013,1401.4692526218587
10,2,599.6670880044431,1116.969640390849
10,3,865.2682507507142,577.4356773030213
10,5,997.5640204804072,560.9405859726037
10,6,549.1133909793315,276.79554755642414
10,7,546.988524626261,139.02304093898442
11,1,628.5627752426218,1400.90679209629
11,2,593.9076875603341,1112.6224474591304
11,3,865.324683090348,577.7132642579237
11,5,996.3965531785925,560.2728683187905
11,6,546.3398917727785,276.1913483123295
11,7,552.4224234451433,151.4476741210818
12,1,629.9065270459165,1399.622274060077
12,2,580.0596481268101,1102.4616207231802
12,3,864.9695334865306,578.3814862906509
12,5,994.2356883932837,558.0083049862902
12,6,545.4493417097407,283.1705240591559
12,7,538.7970119433307,143.3499820551333
13,1,630.7469925198601,1398.659287528523
13,2,572.7314157180996,1096.9904471387692
13,3,864.8198261336155,578.9009880488766
13,5,991.1682238721678,553.8029392970576
13,6,545.308154357523,285.5495313455389
13,7,541.5223759499448,153.13293383291818
14,1,631.3138948077785,1397.7757313316133
14,2,566.9262843366245,1089.850375442993
14,3,864.930890539969,581.4844530346487
14,5,985.1061424713381,545.4764940095205
14,6,545.062915780775,284.00706068287644
14,7,552.4380107126508,181.1447799509838
15,1,631.2909048060967,1396.133140186815
15,2,564.8389351057137,1084.8339147913703
15,3,864.9323126220997,582.6776659939967
15,5,983.4913881474303,544.063607626537
15,6,546.7491506953654,285.50119736373586
15,7,553.0061594644777,189.87645310274385
16,1,633.5617643167403,1393.63578666394
16,2,564.5365381021986,1079.9255132395556
16,3,864.1822203894471,584.2612518596101
16,5,984.4969208308736,548.4032233538566
16,6,547.2771269271815,283.76386108208425
16,7,552.4008009890631,196.6403571771657
17,1,633.4477651715088,1392.4812194138894
17,2,564.7535746862417,1077.9144538242394
17,3,860.8277568900152,581.6820794837297
17,5,985.4947990778046,551.5924005575775
17,6,542.8465335853139,278.9735855213364
17,7,552.686109719271,200.62018400976442
18,1,635.1352404443459,1389.270706755006
18,2,564.1679888654417,1075.887421000096
18,3,858.6931230214177,581.9977007550316
18,5,986.6015624042186,556.5206654115033
18,6,534.6427261833512,270.8311939937558
18,7,548.6196095131909,193.40057005395863
19,1,636.8609963663025,1386.4642957292622
19,2,562.9404454420842,1074.6297896659737
19,3,855.7095353074543,580.1490067410248
19,5,986.6185609247414,559.0648846551383
19,6,534.2199665883984,273.2410815584801
19,7,539.2382685833819,180.09919008272712
20,1,641.018919212905,1378.1220384986277
20,2,562.1635013750619,1072.1044133485236
20,3,849.0411691470315,577.3041618511672
20,5,986.2071848650427,560.7648865241774
20,6,544.8426629577688,287.8343723745544
20,7,557.444560078814,208.39158768158245
21,1,643.5960273179993,1373.4631886045845
21,2,561.0511701903513,1070.287869855241
21,3,845.7417127746444,577.572601731348
21,5,985.9677201676658,561.5482048199416
21,6,548.1410513915107,291.8994935385436
21,7,564.3750534639324,224.66980382643217
22,1,648.8302152723592,1368.5022707337293
22,2,556.0329771559959,1064.0181325777155
22,3,843.3812590721171,579.6138974505607
22,5,984.1876554066342,559.8145219620777
22,6,550.8570414741775,293.0326343389164
22,7,578.9424127974543,248.96414245675933
23,1,651.7485201291676,1365.230781977319
23,2,553.4684963720614,1060.3707181924362
23,3,842.4294125266503,580.5939739182422
23,5,983.6528019869643,558.9782284615409
23,6,551.7692263613262,293.71859573337287
23,7,586.3143615687407,260.8402938608243
24,1,657.7165031906375,1359.7543625605765
24,2,553.4614551332061,1057.6757377012125
24,3,841.8833713746777,581.3874303199427
24,5,982.8973292112569,559.5407805955382
24,6,555.1115694718152,298.0939407931491
24,7,592.1709105527121,273.57282862835075
25,1,660.6686959552479,1356.6578080346453
25,2,552.3202127207046,1056.0939245964214
25,3,841.4420968006615,582.2945524959088
25,5,983.5732749482522,555.9581440356703
25,6,566.7445592138698,312.51243340233
25,7,596.0184970844705,281.98864608565054
26,1,661.0004053077203,1353.247690640702
26,2,553.4261200992944,1056.015753343237
26,3,841.5541542572097,585.0437000644113
26,5,979.3788275026352,556.9137837830563
26,6,580.1084479529329,329.4385162457298
26,7,602.946841774771,291.13371396021597
27,1,662.6957176667395,1351.1274583253635
27,2,553.9251409328547,1056.1087661518345
27,3,840.5976035741077,584.9927225245962
27,5,979.3203711235567,557.3319796925394
27,6,588.3486264355973,338.8966009309465
27,7,610.0237901905407,299.767904543044
28,1,661.5284103259244,1347.8925136295006
28,2,554.091466477447,1056.1999087708525
28,3,839.9020741127184,585.1779918821749
28,5,970.9177497430256,548.7440285812753
28,6,591.4790799725614,341.66943939984696
28,7,615.5923770379359,292.61670980795185
29,1,662.153680222485,1344.9932307835413
29,2,554.1949774271109,1056.3027164557477
29,3,837.8286900383579,582.7655298607899
29,5,967.1276655939203,543.9357770952641
29,6,592.3108636968608,340.54027736426815
29,7,608.9582735555398,281.07661642145774
30,1,657.9820005816892,1338.452882739753
30,2,554.4236874325319,1056.0212874399058
30,3,835.1443584285182,581.8000237434263
30,5,963.0423961138852,541.273454614902
30,6,593.3319321982389,342.69741402140784
30,7,610.7350989744535,268.4163863712161
31,1,654.8523545642422,1333.2271615303027
31,2,554.8923263465177,1055.7111586466588
31,3,828.080939195974,577.6521350326958
31,5,960.2686245131257,540.4159525461174
31,6,592.5052608219497,341.5615421465915
31,7,612.8384574269752,263.8544435004731
32,1,660.1963339513867,1324.5776115532392
32,2,551.9176533685118,1052.7560477224756
32,3,813.6969410475582,571.8134922149507
32,5,959.6307534328032,542.200211489307
32,6,597.6845948633622,340.31870661544986
32,7,614.3719740062938,253.72697380118888
33,1,666.5958668874383,1321.7410162613141
33,2,549.8473182462984,1050.6582441792766
33,3,807.1374569031398,570.2275280756764
33,5,961.4868098727875,544.9469396769337
33,6,598.4592231237853,337.4877812358534
33,7,614.81979663563,247.9450912838881
34,1,672.5978232632941,1316.9397985839369
34,2,542.4633435906899,1044.3771487957847
34,3,800.3448547810543,569.5233622444337
34,5,962.589058631343,550.296788239651
34,6,565.6346489692387,289.80064007575277
34,7,614.7819474236614,240.93871513061686
35,1,676.5264682867285,1310.8074964241596
35,2,537.3918069012525,1040.2584639184204
35,3,797.7004126778463,570.0253703563135
35,5,963.133094682264,557.576489811629
35,6,562.5261110644462,282.6459993309896
35,7,614.3348301489727,239.34705506342831
36,1,677.9408419109685,1305.1559601484068
36,2,542.6841966910066,1041.047130159341
36,3,797.4808831979963,570.2840883047263
36,5,960.8453209388712,561.4090326525877
36,6,598.7112443175639,314.0670901119675
36,7,617.7652391065643,238.7730140356609
37,1,679.6750434762154,1302.9835176488455
37,2,544.9868451872566,1041.0979676250063
37,3,797.1179029713788,572.6938321657377
37,5,959.1431390697763,561.8157149160032
37,6,606.6953282244777,316.254285335074
37,7,619.2356685976483,235.75986152977998
38,1,681.0687893179063,1300.9263639285641
38,2,547.9784355079323,1037.6115398139812
38,3,794.5404708415375,574.5966212395995
38,5,953.7471445847717,564.3116859468671
38,6,622.652325112567,329.9853253831613
38,7,624.095691948404,229.0917322000541
39,1,682.0415475505788,1299.5265304773534
39,2,550.2926799846141,1034.673222164153
39,3,794.6044381786716,578.6225438865868
39,5,943.9279860451679,558.109753038
39,6,628.7315107377037,334.65081314869053
39,7,625.2449163044342,216.528754783337
40,1,682.4905142160146,1297.0991540044456
40,2,551.6361443421534,1032.8541289137197
40,3,793.8557455857963,581.8583613941871
40,5,923.370037060925,536.3116089800463
40,6,626.613292055619,330.9759342380683
40,7,629.0814010600646,208.62489049751068
41,1,683.8421415097627,1294.3327120363836
41,2,550.9513514039467,1031.376350159638
41,3,794.3536108319753,584.5523186730279
41,5,913.0567884814208,525.841450481924
41,6,623.2599476278257,326.4410758062059
41,7,627.7650622094405,202.63103413143125
42,1,688.7622866444136,1286.5298437790645
42,2,552.4960953201435,1028.1162565980064
42,3,792.2258685785756,586.7334595834935
42,5,906.7795070316131,523.770103427691
42,6,623.645040258482,326.07563958552817
42,7,636.1601304723325,203.9843860015854
43,1,692.7919848409622,1281.7883654624234
43,2,550.6106660541845,1022.4337247171873
43,3,790.8500791257393,589.58669005219
43,5,903.4285709773656,521.6543790425326
43,6,621.0621802869041,322.9723879509922
43,7,593.2910575172973,131.46303247005508
44,1,695.4472165652818,1274.655245749021
44,2,543.033159818188,1006.0452571882805
44,3,789.7409525478039,588.1945902518644
44,5,893.5452474536789,512.8972872290443
44,6,618.8828887463138,323.0057439715383
44,7,597.8603599961264,135.87111518504142
45,1,699.0248210778287,1269.7856817227141
45,2,523.245850648312,986.8713173173453
45,3,784.593441714336,581.3822845138969
45,5,876.9028003944926,494.5555136843342
45,6,614.7602956123361,320.5576722294411
45,7,602.5458354533152,148.65850981983323
46,1,703.3930831296582,1263.2627627993766
46,2,519.0048419779678,966.4023108322284
46,3,773.9476662716238,568.7535512543914
46,5,855.7391076120225,478.9075596158583
46,6,607.5954756525373,315.6117956759573
46,7,598.4327146248384,148.1982715190202
47,1,703.5342377761888,1259.6850923833854
47,2,513.9637008555135,951.2286910047517
47,3,756.0928331852443,546.3328595515353
47,5,846.1353895989022,471.94403221898426
47,6,606.1201370995628,316.4885834668974
47,7,602.0592216498771,152.72271640872162
48,1,701.7104156457304,1255.8454935939772
48,2,505.5169941205105,937.7567561861756
48,3,741.1608865291734,523.947682866858
48,5,840.8813607133494,469.5889830739613
48,6,604.9783245097477,317.5461204134367
48,7,600.9043381084316,153.55384475579734
49,1,691.5510206830099,1245.4544156089135
49,2,509.88177092944744,931.9166316067423
49,3,734.2625214027497,514.6328321946751
49,5,836.1399838097988,464.8399471250702
49,6,604.3203419287162,318.52677637604666
49,7,601.6493627119901,154.6204652685467
50,1,688.3143527408556,1238.5321338340539
50,2,515.4980200321396,926.5513778512154
50,3,730.2153560985307,505.1163210250767
50,5,828.6756828156048,463.1890907985024
50,6,596.6443529366346,312.89506568532767
50,7,602.5255519524208,151.06372652368358
51,1,697.8428888089245,1240.122478477331
51,2,520.5054771019744,923.6645527238151
51,3,728.6882837749091,500.8500612583666
51,5,820.6626210756024,459.6330498497409
51,6,597.09207776599,317.1601460787894
51,7,617.7346515672313,171.93765125363603
52,1,691.7338250453809,1233.6714218350867
52,2,521.5384912377098,916.6686781296132
52,3,712.0455812780388,479.8732570253368
52,5,789.835025747543,426.00409901230626
52,7,634.8416239769016,197.5496400581469
53,1,689.9620732751985,1230.5245718341791
53,2,522.7254899809208,913.3268361792609
53,3,699.7334640853214,464.07812919114554
53,5,772.1406592799991,406.72031568043934
53,7,639.316158159927,206.41204056169974
54,1,696.7058110518365,1230.9545475348484
54,2,523.2633813047606,909.0358781247394
54,3,697.3597065945538,458.68627398064905
54,5,759.0130849192013,393.53554984450034
54,7,643.1468660249911,214.6674170064218
54,6,565.7506751443343,285.58834540130795
55,1,701.513095254802,1231.3364368960754
55,2,525.0795404888986,906.563617845833
55,3,698.151720584202,458.34734154199606
55,5,763.6272775120889,405.696982775065
55,7,639.6549884523262,212.2604379356951
55,6,565.7274207051149,286.75286657030057
56,1,702.8877238420548,1230.2380358468654
56,2,522.8033182204026,899.3217390549403
56,3,696.9142919631449,457.45239979545585
56,5,749.9646302703188,406.8461559325006
56,7,643.0361358834722,216.10416131935287
56,6,551.6967093255013,271.807708404674
57,1,703.7646400767642,1229.4225516510485
57,2,518.8755772993009,894.0752348944217
57,3,695.107512583639,456.2652365311625
57,5,741.9240663083308,409.83057760806554
57,7,639.9869971754326,213.4087141406904
57,6,543.3819558348564,264.607968462734
58,1,704.9127118870989,1227.748192572654
58,2,487.67583882622176,870.0989664216518
58,3,693.413276358239,454.25467225830306
58,5,732.9482221644573,408.65559821437125
58,7,639.0167653360321,216.02166540292149
58,6,557.1733096822401,285.3058641470521
59,1,705.5604683051702,1226.9195568613814
59,2,494.58641731140233,869.8713728299448
59,3,690.028231031312,451.5619619510915
59,5,721.5801865804164,404.33241302370527
59,7,638.4554342635557,217.45937756441882
59,6,541.9292717044007,265.14035378884364
60,1,706.683565286014,1225.284359240935
60,2,497.03821400875495,869.8711858048104
60,3,679.8520235856631,443.5060545042724
60,5,694.2448223538627,380.89513406090435
60,7,638.2686713218177,215.43653779961846
60,6,567.83643262804,303.66969191291315
61,1,707.3250528918624,1224.4655569515594
61,2,497.9216460737524,868.8523916786851
61,3,673.9924954873334,440.56380007081117
61,5,684.1281145691429,374.4125492053172
61,7,640.2183910465692,215.82209104199308
62,1,708.4112387529431,1222.764209523089
62,2,500.8603036246445,869.3854029828655
62,3,656.7864615350408,429.57424701804655
62,5,666.7314343333464,364.8099597179803
62,7,641.1922990292928,214.45347774601439
63,1,708.9607742303444,1221.903444524361
63,2,502.2986371597902,869.4711679019498
63,3,647.8961169258937,424.39594572247
63,5,655.2895077084008,358.5622255990294
63,7,642.1172718236353,213.3254296389992
64,1,709.9644565203533,1222.1282008597818
64,2,501.6124435297057,868.245579294237
64,3,636.7471605827205,417.77145307937985
64,5,644.6056350105356,355.44031809066587
64,7,642.3865606006207,207.8575010517728
65,1,709.5269551345635,1221.8844359513405
65,2,503.25584984620156,868.665856685996
65,3,629.6538141521646,415.4510576765692
65,5,638.7793838324367,355.1777355567224
65,7,643.2108467420625,207.68688431990878
66,1,709.1093218972937,1222.166737258269
66,2,507.22019859769915,870.2643768054339
66,3,616.6697997425829,412.59796313295607
66,5,625.4820317223723,347.47556936263214
66,7,644.0094537303054,204.74224057279633
67,1,708.962865211552,1222.3341486206402
67,2,511.138931014076,872.1174459784182
67,3,613.5384571001424,419.7462190993841
67,5,620.399685165933,346.1449285559462
67,7,647.8493611128919,206.70988595707985
68,1,708.6786770592678,1222.779269291211
68,2,513.9707508425041,873.9596408664131
68,3,594.9544742401707,417.0462368295496
68,5,618.7646793203079,353.31035761866997
68,7,655.141470103663,213.66012254126676
69,1,708.552378568611,1222.9770891806102
69,2,515.5300077743357,873.9135229007861
69,3,591.8881782551816,421.00134149017487
69,5,619.6113331660448,367.47243391454765
69,7,674.3752223333469,236.59014150818925
70,1,708.287166469055,1223.3924878756263
70,2,514.4519986771061,873.38142853724
70,3,587.5981625562133,422.04689635779744
70,5,612.9716225387726,367.8637672393079
70,7,687.225701664228,248.12547403675566
71,1,708.1501836390763,1223.5450648166873
71,2,514.1920034851975,874.4775750905837
71,3,585.6200746113021,423.2801776945542
71,5,612.3774463098194,373.35948835830067
71,7,692.6869590459659,254.8657348708816
72,1,707.7568021357828,1224.2231914984752
72,2,511.85386590965317,872.1522787399872
72,3,563.5904823687918,399.2089161834452
72,5,599.6016663094064,373.88221108774064
72,7,717.0735912908326,293.8765907963752
73,1,707.5768752270062,1224.505008969207
73,2,512.0256308440628,872.6447168379636
73,3,567.1548007038197,397.5523542923396
73,7,730.4771167994165,313.0682701199763
74,1,707.3647429532659,1224.9611987552278
74,2,512.677994602616,873.8915516754279
74,3,552.7381646166041,383.5129560369531
74,7,745.9244361215376,333.03088299311355
74,5,613.5465289593012,427.2432519108501
75,1,706.9992772372365,1225.4096941309926
75,2,518.7082264376347,880.8482252797223
75,3,508.8810259316018,339.9183839597017
75,7,753.1509991068286,341.070976761909
75,5,620.4409544900064,435.08836050924987
76,1,707.5372845627111,1226.3624514644675
76,2,523.1328590713479,887.8853384650912
76,3,472.0664125300146,328.7302556947227
76,7,755.4655985508074,341.9976679872677
76,5,629.0138066446835,437.4179106477056
77,1,707.7369796927923,1226.7298758419518
77,2,530.1511139797901,896.0421611970938
77,3,452.2938987307633,324.5936393091606
77,7,754.1199378812034,341.85259334655143
77,5,633.7245493117898,439.68723065703745
78,1,707.6454619645842,1227.1821817816788
78,2,529.6140165301468,899.594887831954
78,3,475.6746933263452,365.0433425145834
78,7,755.4779452030962,343.6209254083499
78,5,643.4832337602883,446.65355669283485
79,1,707.3617983062371,1227.6263688716122
79,2,530.5468568376689,903.469346099753
79,3,484.3186174310436,390.0183721666053
79,7,753.7202591928989,342.0172025394554
79,5,652.3226854160068,453.7987769903881
80,1,706.412039452231,1227.3822182158435
80,2,529.5395268422386,905.664593815761
80,3,487.36142889264516,412.945366319372
80,7,755.7744702702835,347.9171371370158
80,5,671.3330119416169,473.6850863947986
81,1,706.7251032526748,1228.0053552969787
81,2,529.4275215359158,907.226052370331
81,3,486.2990080688208,425.61158872423766
81,7,760.5608157948237,357.1608856406972
81,5,681.9074017093862,485.22276941974206
82,1,705.7982109299442,1228.0959826126555
82,2,530.4796333917678,910.7665825460356
82,3,475.8224169308592,432.81375834991405
82,7,767.6836286452616,373.1965909238081
82,5,689.7565422510504,490.2165729803437
83,1,705.4066440734988,1228.0900537317407
83,2,531.6130781362506,912.0511941042927
83,3,469.6453790643768,439.22635062388775
83,7,772.8711809698507,384.7486650830448
83,5,691.8632334719379,494.2246313583537
84,1,705.2499576639414,1228.0876812759323
84,2,530.0070886647458,914.3887667137362
84,3,462.1348209583983,453.70318337094835
84,7,778.7733434298012,397.91170046835435
84,5,693.8959048024606,495.3009608921673
85,1,704.991789046922,1228.3681380608225
85,2,530.1974892346382,915.2299765921249
85,3,446.565018038099,457.64259122405093
85,7,782.784570676199,407.8013289204611
85,5,692.4736367469247,494.8989672037706
85,10,405.329406017892,466.7247195243305
86,1,704.9489570356778,1228.497184163356
86,2,533.0237029902055,921.85558704069
86,3,426.78557193382414,476.5000520302421
86,7,783.7981676688399,413.57005379998026
86,5,686.495255778872,496.2871542839994
87,1,704.9300307756796,1228.5268284819701
87,2,539.2270823189644,926.2202946162341
87,3,427.84923197532663,475.786796690274
87,7,784.1351998990882,414.8668268394109
87,5,683.8863503797897,498.46360603975984
87,11,358.4979187889367,448.108472639806
88,1,704.9174133255053,1228.5465912725635
88,2,540.1761828506524,931.6359977225379
88,3,422.5905742574395,491.2731077424809
88,7,781.2375928848334,414.69013780108287
88,5,684.097846851936,502.4908159871337
88,11,277.14735473870917,390.1786181777717
89,1,704.887691198159,1228.531188083491
89,2,539.6182857029581,937.8646534410849
89,3,416.2280648781984,497.6502124885475
89,7,779.8302275526434,414.46885174623077
89,5,686.4779234179148,506.98682207511234
89,11,291.5074363102627,417.4062352841786
90,1,704.900308955386,1228.5114247009976
90,2,539.041299747347,942.1717296613091
90,3,406.61863288142575,505.4458679212438
90,7,777.7215066918557,416.4617598557656
90,5,684.9570905790905,512.0644809236029
90,11,354.12650869864314,499.55267027062513
91,1,704.8737399608042,1228.4910790356405
91,2,538.985529125179,943.177484739612
91,3,398.39032204460244,506.7047148762316
91,7,775.5997739506346,415.668993857047
91,5,685.1942603581649,512.2701911710673
91,11,370.8348763922803,528.8802146356298
92,1,705.7053551585428,1228.9220813893598
92,2,536.4522623686026,942.8728275947982
92,3,388.4937059535739,509.4708982681794
92,7,766.764957146792,416.03653579833923
92,5,682.9686486430651,515.7520084529943
92,11,359.45851613021404,553.7471638205865
93,1,706.0676579650426,1229.0967157436864
93,2,535.3344501642773,943.0824399582882
93,3,384.833795798492,520.8203422951866
93,7,762.5934045492721,412.314920297387
93,5,683.7201435859581,517.9835841391455
93,11,349.4377456635575,561.3096643867959
94,1,706.3299414513071,1228.8714100398786
94,2,533.8074960758006,944.5765056504392
94,3,375.48111646313276,521.7548388885945
94,7,750.623893281232,401.00399467960193
94,5,679.3143692362391,524.2698908456109
94,11,348.4636906881502,568.328509031309
95,1,706.752303671735,1228.518989519677
95,2,534.9360587683971,947.2004407440428
95,3,367.5927376714716,528.2161377498375
95,7,747.9463996326087,399.38413552031443
95,5,677.5340927168114,527.4873687887754
95,11,343.9193482332325,573.786834160526
96,1,706.1495689205645,1227.6075980353667
96,2,534.385145348431,949.6312992364452
96,3,366.83106220278563,532.0514397422996
96,7,740.9171342723142,397.7693178508072
96,5,670.3302688363666,530.3837883534309
96,11,337.88296175039534,576.3635426036914
97,1,705.999137081375,1227.285935347328
97,2,533.7836782683688,951.2301872722602
97,3,364.5111808029184,535.1088773271682
97,7,737.1118852248065,397.47052591621116
97,5,666.6445730536723,531.3493217621254
97,11,332.79058488092113,573.9063878743702
98,1,706.071531120325,1226.8628123217422
98,2,534.7071617878447,954.1678618940546
98,3,366.26362664248666,544.1717250925169
98,7,735.2465601061003,397.8696052651682
98,5,661.1005613064094,524.0531406133733
98,11,334.0468573962906,580.4090165188034
99,1,706.1036512133271,1226.6885794993968
99,2,534.8498336291384,955.5499539669808
99,3,370.2093299060881,554.3986694004409
99,7,738.9456254288694,394.64395119146553
99,5,652.0691841242499,516.7098054265329
99,11,335.7260933164075,587.618262078608
100,1,706.9469874084523,1227.1013161111641
100,2,533.1099157897729,955.8851440906498
100,3,370.81278662216494,554.8183989180769
100,7,739.3704696107123,393.06382036180486
100,5,641.6817380091171,504.7254428064659
100,11,342.0284716204183,603.4081165083729
101,1,707.1557017260702,1227.5783139165653
101,2,531.022979724061,955.4689492617374
101,3,367.5242861800805,556.6272679517425
101,7,738.313452297648,391.3596084381373
101,5,639.4298826842635,501.251607160776
101,11,344.64285253530824,611.1900712253848
102,1,706.5657057292752,1228.6258151266247
102,2,513.9092893013504,945.4817854976104
102,3,365.9096305805084,565.006223243828
102,7,738.1569808513347,403.0108786046639
102,5,638.1633559698099,498.6490795688291
102,11,348.3294831153165,620.2197139476021
103,1,705.8732147091691,1229.8955569536406
103,2,507.10124946159533,941.9166201107834
103,3,370.88134052006575,565.6170070581462
103,7,739.8018053186969,410.20459019441773
103,5,637.620209083553,498.1534041332516
103,11,347.71179119442667,621.9354109148078
104,1,704.1139017405952,1232.7122291200003
104,2,496.22990525950576,935.5995552835698
104,3,364.1587124143439,574.5748454849049
104,7,738.0743538966823,411.75011544909614
104,5,637.9821530181067,499.4674482052579
104,11,343.8754641126128,626.6920864907905
105,1,701.3633810040936,1235.2891202913104
105,2,491.01460219173293,933.4411497897261
105,3,366.1826387053147,581.4134196863513
105,7,740.9136837966503,415.42335321618276
105,5,636.7823207122558,498.41045062837605
105,11,338.21147149112954,628.0453813548663
106,1,698.182031134333,1241.5688666695476
106,2,487.5577020177388,933.8504852124561
106,3,372.069389027342,588.9858961379683
106,7,741.8408632876334,417.03413477601833
106,5,635.5539606384567,497.52434327352563
106,11,338.276039510838,638.0401132828304
107,1,694.9398781775387,1245.1638298993294
107,2,486.57739382905606,933.5158401526845
107,3,371.6862600948775,594.274318768845
107,7,739.9352083602436,413.7696796587254
107,5,634.7778516987261,497.80331424444876
107,11,331.3410191452925,643.5489075420313
108,1,691.9422992462233,1249.4260003995287
108,2,484.73723787316555,934.6059012566348
108,3,381.46728820755715,609.5826887384567
108,7,736.6446807745656,411.3246117734362
108,5,634.6079639845129,499.76330981650943
108,11,342.5561890131603,666.7787758250719
109,1,688.9401772067484,1253.8190625429254
109,2,483.6956491610525,934.1494031672507
109,3,385.05597621588174,619.1857784342691
109,7,737.8523304536898,415.5465924022459
109,5,634.257927537682,500.9967173455728
109,11,347.1648545842454,680.180094029688
110,1,687.401425629678,1256.105586198268
110,2,481.93454581629123,934.665400043125
110,3,388.04895536803,628.9018939425755
110,7,706.8193010064618,376.15226305598844
110,5,633.5593470060907,504.35871234849844
110,11,347.8661683627324,686.1827664176242
111,1,686.009984694903,1256.2440039980827
111,2,481.1121983846658,935.2639516839379
111,3,387.96359701417896,631.9498464565415
111,7,694.3387362081742,360.20366300482465
111,5,632.7878135398381,506.6860139595403
111,11,346.5144960871316,688.2161993563798
112,1,680.9203487591018,1256.2021726360015
112,2,485.4298861344878,939.5564309063342
112,3,385.42385783136785,634.9678332813761
112,7,683.0495886084674,345.72574384450473
112,5,629.8690212109117,513.7847013435651
112,11,347.6274955943607,692.5574332126351
113,1,677.1623386812614,1259.0329254090939
113,2,487.36359623045854,942.420314510567
113,3,385.7785443367124,640.4454670096169
113,7,672.6469810988714,332.78953874558886
113,5,628.9637311940746,518.2508688718622
113,11,348.11350865208084,695.9818341519697
114,1,665.4837585450928,1266.8579306303932
114,2,495.69009864796305,950.0835226919351
114,3,396.00889175951255,656.3107357820343
114,7,668.6930228089282,330.578396734058
114,5,624.24742566697,521.3414920536687
114,11,354.66435797361544,705.9618452178659
115,1,655.6334595056438,1274.657664547
115,2,500.403600871558,953.4127436011116
115,3,406.4928895875268,670.1996501578413
115,7,639.2576855986371,294.87616531150536
115,5,621.5033071472681,520.4521728108967
115,11,362.8029546749823,717.0734465926786
116,1,642.7828396897108,1286.4291299600275
116,2,503.3904290412511,955.9463906035418
116,3,407.9154885794792,677.1903864207386
116,7,618.3891573982248,272.05674435584655
116,5,613.3241602895679,515.2430424908035
116,11,366.185035959555,722.5717171482855
117,1,630.2370020603443,1291.4679841184989
117,2,504.42255314191016,956.7567820442465
117,3,409.08800336235635,680.0884999417412
117,7,609.9403573069073,265.5897397364887
117,5,607.2492556691631,512.1730118730526
117,11,369.621312061972,726.5892984695494
118,1,618.7805107362221,1299.9956537751787
118,2,504.41206468603724,958.8665616989375
118,3,407.5019869645632,679.3462653653563
118,7,600.4754082580009,269.907333407744
118,5,585.8325338367683,499.60923500453026
118,11,367.85446415632435,726.2768611921421
119,1,610.8859671214008,1307.256075721087
119,2,499.65418942631464,959.705498636846
119,3,410.4840651285483,674.9495692543946
119,7,593.7207306331195,269.15638888500007
119,5,570.1437017772748,491.29798905101484
119,11,365.4797688612757,726.5655010290806
120,1,590.7939173618805,1315.3154169521322
120,2,488.53787073391516,956.1665470578398
120,3,408.36324503287875,675.9874938651923
120,7,568.2142080302348,246.68991905213588
120,5,545.3313903413085,474.23594990560036
120,11,367.6358876882165,731.4571388150732
121,1,578.7312797705599,1327.8472608837587
121,2,481.3389335464006,956.9402749496693
121,3,408.71408873976026,677.1208633588435
121,7,549.4603298033944,230.66207593117355
121,5,530.293902811025,464.714850529747
121,11,373.38255456696277,738.0638738093862
122,1,565.6515196715875,1338.2992555083501
122,2,472.27229718991555,961.6018777935694
122,3,420.398854575076,683.5996024339362
122,7,526.1032151236026,213.35990967575876
122,5,512.8005628125367,457.94066076918983
122,11,377.6620554281395,745.3152272531566
123,1,556.1454565771265,1343.5727742202466
123,2,468.37091450235687,964.1665331541992
123,3,425.11152658801313,684.8819437018341
123,7,517.9806372857212,212.14618898759645
123,5,509.26825044571194,462.2139253056078
123,11,379.4206915378458,747.2755548648938
124,1,525.8294021007259,1344.630828764363
124,2,464.2700091423994,964.6541448033622
124,3,430.06062764919227,685.8512357603116
124,7,445.12837109921827,131.10291523011475
124,5,500.2553041200514,461.8143243030045
124,11,377.4121091909552,747.8776862688522
125,1,521.3653502195016,1351.0136261509444
125,2,461.87063097868923,966.3434940864169
125,3,431.30920316979115,688.9026340691795
125,7,474.987001349399,175.69411057033884
125,5,491.4771868669695,469.16908342757137
125,11,379.9496051941382,750.3371571088667
126,1,506.6731660178149,1361.3556716141734
126,2,455.7897894663604,970.5274570736041
126,3,429.9337820788946,696.5592084538572
126,7,471.2418818355701,182.71296468971966
126,5,487.18267157478897,478.7242399708788
126,11,380.42214584122814,751.5075406754708
127,1,493.55720706482936,1366.8712208320205
127,2,451.89369857205145,974.9147091797219
127,3,432.37831563466415,700.444777676923
127,7,460.48138839342636,176.04226939782305
127,5,481.6961299404141,482.9932652445579
127,11,383.11503474353947,753.6646730564856
128,1,479.82466083709784,1370.214625668138
128,2,443.4362686332874,985.3425442712246
128,3,429.0437692739939,705.029196992304
128,7,429.2260599351085,148.18088412086524
128,5,475.4933408545549,483.41007484456924
128,11,378.860977845629,753.0508914670029
129,1,460.53397235592587,1372.056047751082
129,2,440.52612960661753,995.4525787484167
129,3,428.0646364369237,712.2347864126168
129,7,402.6081586164809,124.63220414178559
129,5,442.452972079392,457.6724295210355
129,11,375.3582303032574,753.244680696836
130,1,438.68190724878207,1384.7707677708947
130,2,437.3515746043829,999.4126654681389
130,3,425.1138958426847,720.7165641513583
130,7,389.748805669448,131.32091602073066
130,5,426.8127409999648,457.281896420656
130,11,367.6396079864883,755.0869981769895
131,1,431.2214367057637,1393.9368883935033
131,2,437.1844176093591,1002.7570989252097
131,3,420.9551281192423,727.1239609267034
131,7,379.2040683799483,133.94458679292975
131,5,421.0980896128702,455.34244795372047
131,11,366.59902106901677,759.5846588657342
132,1,417.969440490815,1405.18901017332
132,2,432.57105581447667,1011.5148018588874
132,3,449.17689845478,754.6646803839609
132,7,369.6587932927451,136.35604271413078
132,5,399.7334730144936,441.6496129630901
132,11,366.6199812199753,766.6615581929525
133,1,410.889824750837,1410.9698041338027
133,2,429.4949065601422,1014.002548828793
133,3,452.9330271427649,771.775184439079
133,7,364.36490836659357,136.122949456737
133,5,393.3423230763361,439.29013110840185
133,11,365.9701698150072,770.6102009872412
134,1,399.6124609338758,1413.284921595238
134,2,419.96531725852225,1028.9637890176805
134,3,452.25405767893255,792.4510724661491
134,7,358.1011096459154,132.44407988317826
134,5,380.5612212800125,436.91100973971004
134,11,358.9111155562131,781.5756542646832
135,1,394.5810211931649,1415.7693669333007
135,2,415.2770061185576,1034.5681894190295
135,3,453.1598369737995,803.1560745084881
135,7,348.18764932124054,129.84722564950516
135,5,375.7719894238976,439.73291257962825
135,11,371.5983361968315,801.8779536948234
136,1,377.72312049431275,1416.8475585772298
136,2,398.47458829243874,1032.3274195191088
136,3,448.14540262280104,812.1169909634503
136,7,336.60438665488374,130.97767017361033
136,5,367.4281912086586,439.8060044952292
136,11,377.5873460593514,816.8935784504389
137,1,380.4371805289988,1420.4976025161855
137,2,389.00253658703014,1031.5830131899672
137,3,447.3770819586717,820.2918016335013
137,7,323.7577260547929,125.12518433365314
137,5,361.3016812311924,438.182056862885
137,11,377.5678913345374,822.8623907869928
138,1,344.0185888224305,1416.019461416075
138,2,355.7435178694485,1018.689824536547
138,3,440.6556733466705,826.3788756137657
138,7,313.6846896858351,119.93017235434536
138,5,354.6699657983702,438.09138155544315
138,11,376.4298822827659,830.8433115755599
139,1,339.83062119447004,1419.5391183526363
139,2,340.62948656364506,1018.0581980314638
139,3,435.96277021246834,830.2871497960745
139,7,302.8646553573428,115.16702127324214
139,5,343.1007420101739,430.3443069949057
139,11,372.5775001613658,835.5244633352362
140,1,342.99741583446934,1429.4139500898875
140,2,316.89312041161986,1019.1803662564316
140,3,459.5142762881056,857.8819909565022
140,7,286.23270728972443,102.19683296651895
140,5,330.8744745601647,422.9791650432512
140,11,365.0120968444102,841.5553206776168
141,1,339.50280270586035,1433.8859795086687
141,2,304.6834028562924,1020.546634741925
141,3,473.83370426323336,875.1162944881773
141,7,270.39097062085904,88.81816444526608
141,5,325.8859961498038,419.37796526568326
141,11,321.48849897599257,823.1505613459686
142,1,344.2334479674591,1438.9391659954404
142,2,299.09563419460636,1029.2454403059025
142,3,499.9176942409531,897.5321908011942
142,7,257.71652216609147,78.49842756124809
142,5,314.75204407020004,409.82759057740657
142,11,337.2383484337556,849.5583302236752
143,1,342.56358217314266,1439.0268392594535
143,2,295.90362174081525,1033.1351403029846
143,3,508.9391430705973,906.8624631576474
143,7,253.49455529319118,75.83594227864448
143,5,314.43408577808157,408.87519643198044
143,11,342.38187789610737,861.0532968576109
144,1,349.309258671346,1440.4637292513924
144,2,305.0826889552864,1042.2283034906238
144,3,512.1695634747839,910.0506422508994
144,7,250.01469208785412,75.91759162586905
144,5,312.75334488738844,409.3988669302863
144,11,340.5598778074459,865.7934329626494
145,1,361.19377145308675,1440.9068415310933
145,2,305.6237948002532,1046.5056612546452
145,3,513.340421799598,912.0929376511585
145,7,247.53393835053308,75.3618305624614
145,5,312.75761169403233,411.67174052119697
145,11,344.2881012524096,869.5903476008298
146,1,385.6964336673493,1440.3116059752294
146,2,299.70255935683076,1053.538391415705
146,3,516.4909399681038,914.0564893558715
146,7,247.1734484518187,75.29284282006313
146,5,296.75831472036356,398.91793282394997
146,11,339.5143411478138,867.4412957433457
147,1,393.69533856737826,1443.5623318814683
147,2,293.45276536396716,1057.656555065751
147,3,517.5174902323122,914.3865801125197
147,7,246.2696301134642,73.5272920065139
147,5,284.0716054893292,388.4797138877776
147,11,343.38101900885704,868.7059436636423
148,1,375.7908059117025,1435.8790588447573
148,2,287.379753192529,1072.7385288772516
148,3,516.9092854621182,916.8860627830479
148,7,247.58207429288785,74.04598593377797
148,5,286.77414413297424,395.6712716864044
148,11,356.48778923366046,874.6367527117812
149,1,403.2995769408956,1442.016484571314
149,2,283.128565439133,1084.2272330737223
149,3,517.4835028417881,919.3418288919444
149,7,248.2262751099782,75.0618732820694
149,5,282.43305723106374,393.9878521295054
149,11,375.848043997168,881.1617024495267
150,1,414.2885298619637,1439.8668269510406
150,2,285.174905175143,1097.2714017971743
150,3,517.5963599874138,923.2933765002664
150,7,232.06623731108158,58.63944616988696
150,5,277.51320289463763,400.2364624972337
150,11,395.57063140023297,886.6676820837298
151,1,419.0432043052427,1437.894431240227
151,2,290.8938224819676,1106.3333822588181
151,3,518.1555441705341,923.4276254072996
151,7,224.93860184774448,51.465720561166194
151,5,277.24783062608225,406.24002329977975
151,11,410.21852526658574,891.0990434682784
152,1,424.9130743389522,1428.188685011119
152,2,298.1420753535985,1122.4760038453742
152,3,516.7315066067866,927.5798665934572
152,7,220.38920175773552,53.07904796953334
152,5,276.52956832172515,404.765708777622
152,11,415.2730430043496,893.1515414862388
153,1,431.62512154724766,1423.748649806862
153,2,300.60721423987206,1133.843514410505
153,3,514.1715368956787,930.3322713356531
153,7,220.02471375501295,51.46887731394356
153,5,278.0651939688843,404.1840317509015
153,11,416.45038482589644,894.4706777977943
154,1,446.2691241049249,1420.3157386452278
154,2,305.53407984800066,1141.6002885781375
154,3,510.5488043125952,933.8885469140029
154,7,217.3898507031088,59.93095202094744
154,5,280.5122098938577,403.93646276564687
154,11,419.0556352713846,898.1234387253809
155,1,469.2256741465919,1418.7464681686533
155,2,307.4787327013172,1132.1471852362208
155,3,511.03571209987314,939.5273327349666
155,7,214.73712415434787,66.89639280165714
155,5,281.8894779935064,403.23967161170003
155,11,416.82036792621597,900.7892970594722
156,1,484.0891955310001,1414.2782635485553
156,2,302.8175470145293,1137.4196414141045
156,3,512.6795184251375,940.7034510118657
156,7,210.0288089738683,69.56802599677506
156,5,281.8490931671501,401.54176660814744
156,11,417.8710882830278,899.9937986506532
157,1,491.9100895649243,1410.8980289632764
157,2,301.6334769604804,1141.7047863479959
157,3,514.9267434139472,944.2196179232096
157,7,205.52890955287057,68.52488357603745
157,5,282.8781288776197,399.3047961659019
157,11,413.24500688811366,900.4741417786955
158,1,508.60262385516967,1408.0247795043038
158,2,304.18646236588876,1145.3425055876537
158,3,515.7278675221503,948.733052190413
158,7,206.02213640581573,72.9587978082799
158,5,287.35362714956204,394.8301246068561
158,11,413.87339138262814,902.2196154561266
159,1,527.2036414457609,1402.6359441365519
159,2,307.91498886275355,1146.5160471218123
159,3,525.0494460129902,955.220810139472
159,7,205.50698076527553,75.19021105924234
159,5,288.12132947605,391.29123634742865
159,11,413.316901009959,905.2232363265531
160,1,535.5708233460942,1398.3399558897565
160,2,313.2049426945098,1150.5750717445528
160,3,523.4141800783024,959.446520939742
160,7,201.58770449908056,72.29265386085851
160,5,286.97015843825295,381.1037262063183
160,11,413.0783442818766,913.3783865335944
161,1,541.0478464561423,1396.4889645917212
161,2,316.16513425077216,1153.3802891957766
161,3,528.450818546015,967.7886218314393
161,7,199.9246125002584,71.29907117825452
161,5,288.83369809400153,375.7776189493261
162,1,545.968886637331,1394.7518599550547
162,2,348.1596899250093,1177.2566060951408
162,3,471.9798932320071,929.344343301286
162,7,205.0100790676075,79.67237676287476
162,5,293.2906279380016,373.1424628786353
162,11,509.00262209643927,972.0261893027343
163,1,547.1964395637829,1392.6821449269473
163,2,367.4840138260439,1190.228162535462
163,3,509.9802661830882,969.3857126821204
163,7,209.35665386367464,86.00231352501054
163,5,296.575869740989,369.4325025377254
163,11,471.44741968348643,935.7842934827152
164,1,543.5273513521107,1390.1099377374856
164,2,387.3943016434715,1201.6304740447447
164,3,519.950703561091,989.3894950208348
164,7,216.79831479050327,96.47742370595346
164,5,295.22180633548174,364.1233197777799
164,11,449.8917202365901,918.8233388498692
165,1,540.916919489524,1388.887548079056
165,2,393.5737435097875,1204.9985572203839
165,3,514.087791117511,992.9157426950756
165,7,222.68484691140296,105.6289467285331
165,5,295.7018614139062,363.4612703220372
165,11,441.0472230645875,914.4665901362647
166,1,540.1254924073239,1387.8576578467653
166,2,401.6810748489063,1206.519027501489
166,3,505.7860551537084,999.8282156329664
166,7,230.61509113463754,113.25666557059904
166,5,290.86808805226167,357.56236479636516
166,11,426.3222852659989,916.0516796649158
167,1,539.6954111684286,1387.5296812059973
167,2,409.13115530216925,1209.0582170996408
167,3,508.03120300686237,1006.2803197177136
167,7,235.40203231662514,116.31857319449043
167,5,286.9268816929234,353.3826627851274
167,11,396.00241480827447,907.5221572320504
168,1,542.6468455499817,1388.496651368027
168,2,430.71889330476233,1217.7362909001436
168,3,519.7504751327218,1019.7245438596452
168,7,236.2132757266376,116.03137962209065
168,5,281.9291237163801,349.41573561466726
168,11,399.18929386537945,923.0272778669497
169,1,542.3428995487134,1388.5087639347685
169,2,435.7522128615709,1222.1458756773516
169,3,523.4386636903963,1035.223349140786
169,7,234.15576936304615,112.55345777034844
169,5,278.2480316581541,347.89838905963944
169,11,397.77936921997474,928.8057336288969
170,1,541.2690802089422,1387.5936348776572
170,2,449.7286802979973,1232.1498096816376
170,3,519.6259684058357,1043.6587279630885
170,7,233.66181366604764,110.30355978015959
170,5,277.1312697865116,346.8466350670229
170,11,399.83864665454513,935.2680755472851
171,1,540.4743261723836,1385.7603857864306
171,2,457.6375045688604,1238.6228790827065
171,3,518.2312781301767,1046.2261957243468
171,7,233.39106152683138,109.34252194798715
171,5,276.8203174960799,346.5890693805809
171,11,396.18399036760735,935.9754608600722
172,1,535.8636167183456,1380.1249780183834
172,2,476.34322005666024,1254.4438019210368
172,3,513.3757759438154,1046.9921754347579
172,7,234.06197536044172,111.02433015668173
172,5,279.16633040200037,348.0803841749993
172,11,395.77542900424197,940.046751012468
173,1,524.2891513779442,1373.4442779769058
173,2,484.42675919680073,1263.2031058263185
173,3,511.8326306596489,1047.981489954675
173,7,234.6967116635481,110.82417921377002
173,5,280.1534394682564,348.7477332330587
173,11,396.9075174980014,942.8435610527926
174,1,495.7683948988353,1368.9828234279676
174,2,505.62422876806056,1282.8381275786728
174,3,507.4190376260053,1047.4025823417646
174,7,236.62803271144844,114.7807908913339
174,5,280.92254103660235,348.5844862203575
174,11,397.706725253616,946.7831713936552
175,1,470.53509223716424,1361.6182439410586
175,2,512.8692911909507,1293.625112204181
175,3,502.57630804198453,1045.148337898854
175,7,239.36837814188667,120.11127317723584
175,5,283.2239784307656,351.3469301903591
175,11,402.0855913481154,953.9725198446896
176,1,452.3823753981034,1362.6284119103734
176,2,515.3366723183917,1303.9264820317283
176,3,500.4736227382059,1045.9625626962275
176,7,237.20757680670872,127.94964430735969
176,5,283.6812267255556,350.3219279514896
176,11,402.7901696112863,963.2982914300165
177,1,445.8821347625233,1362.7092755525398
177,2,515.9339821789063,1309.9117724617224
177,3,500.4100162073614,1048.0177587892106
177,7,236.75105959705226,134.31211417868585
177,5,285.127590517898,351.1632591225823
177,11,404.26284456875976,968.334838180395
178,1,450.1432097937128,1357.3617626455414
178,2,510.7608808253925,1315.769532814154
178,3,498.3778064347625,1049.4968881965247
178,7,234.08117728981622,138.03770354203374
178,5,286.619884546231,353.3292439596274
178,11,411.3928178860336,978.4383243848171
179,1,463.8985067732037,1358.9066734505784
179,2,506.24170870480077,1318.8437598455603
179,3,496.96804973862186,1050.5395117660025
179,7,236.0245823255458,143.54174220883942
179,5,286.3409093039511,355.0406325969221
179,11,416.23223493218404,982.7192266352965
180,1,477.98916687778427,1360.917695447841
180,2,503.41947991176454,1320.8599210572131
180,3,496.73672198987134,1051.504766536037
180,7,235.16595795990094,147.74607939429424
180,5,285.0432226778856,357.1710818081611
180,11,420.81127832298216,984.1650031997669
181,1,497.32773007937726,1368.6861312961528
181,2,500.7580712409227,1321.5522482372837
181,3,496.71137013208346,1051.741569035545
181,7,235.35938436238155,151.6719569150384
181,5,283.8963143519877,359.0306191849704
181,11,423.11228594621207,985.3000664494612
182,1,506.24035304499813,1368.3255543629634
182,2,503.69081620901017,1323.7520146991205
182,3,493.75024349065393,1049.0607771417388
182,7,235.1164604270464,156.62832188393338
182,5,281.7219926218053,362.33351244838474
182,11,421.5431146118833,982.6043432059323
183,1,507.6045558961999,1366.8022671911858
183,2,505.98322462978706,1324.6824971641524
183,3,493.64696788349903,1048.0513450783621
183,7,234.25410540033178,160.34767448310222
183,5,279.1425264931134,364.3478067904916
183,11,421.92836537652465,981.5084376866182
184,1,503.42075214139425,1364.795539524233
184,2,502.9253676104834,1324.3716938115258
184,3,494.23644648955604,1049.4407553121316
184,7,232.34122674423946,164.8153708694525
184,5,274.0645359376605,363.7677969359857
184,11,417.909667841509,981.285835148913
185,1,498.4362440850943,1362.976699572368
185,2,500.6250917990591,1323.6616990445539
185,3,492.58042410350913,1047.5391608874313
185,7,237.38479378058645,177.17445173295008
185,5,270.61272315018323,363.6808761550549
185,11,420.0772636388249,983.350022166912
186,1,494.96529263106146,1362.5685068558569
186,2,499.9834227746662,1322.5634387855393
186,3,494.81127520319694,1046.5337221324003
186,7,241.6439388092745,187.96834664437563
186,5,267.2315673766003,367.5280142515792
186,11,416.62934793749605,977.8318636907517
187,1,491.3059666183987,1361.692175778581
187,2,499.6504378598296,1322.032250817461
187,3,494.36628758530827,1045.1985206898275
187,7,245.59674562321635,197.0885968404657
187,5,265.55877579973304,372.5747332564354
187,11,417.4913117005191,975.133393284175
188,1,489.19487595089566,1362.6908425033669
188,2,498.2698939314251,1321.3482337815924
188,3,495.7404973108598,1043.631945976446
188,7,250.52433405631808,207.70433661590135
188,5,260.30377775409295,380.0005520372676
188,11,412.70456911452555,968.8617923408456
189,1,487.2365104785927,1362.698284312945
189,2,497.6747292582545,1321.0040559944148
189,3,494.7821728566015,1041.0651494822562
189,7,251.4269988658504,216.02038832176126
189,5,257.05529061840247,384.8318398238842
189,11,411.7831379120355,964.8372293988293
190,1,486.1463810423842,1365.6276703263866
190,2,498.56821222099745,1321.2519629863393
190,3,498.4124826326296,1033.621801937648
190,7,249.85261784315318,222.73268902062404
190,5,257.9813162050024,392.0954871180388
190,11,361.5037873656751,932.6418708147705
191,1,484.2293829603059,1366.9790199450495
191,2,498.8417844529467,1321.2713471532074
191,3,500.98684162624204,1022.8454419254136
191,7,252.06332580629868,229.70366651617456
191,5,259.1255187983443,396.30140901241833
191,11,369.17362555995254,934.1305518158085
192,1,479.53791683435867,1369.2543829666347
192,2,497.6582510199392,1320.801466320856
192,3,512.1829306114079,1006.3417112605124
192,7,248.7822709613159,228.96366896643875
192,5,255.13272776351968,399.4448353445591
192,11,401.6216088065821,951.6653108862832
193,1,476.32535871556655,1370.3465777282674
193,2,497.22055697507096,1320.5856181908518
193,3,516.4421039785645,997.0525065958394
193,7,248.0433233694051,230.76268580450323
193,5,249.56177474755765,405.01823550063654
193,11,414.8327238257376,958.9200974313786
194,1,474.3021525876235,1372.004886216529
194,2,497.33054959348715,1319.798265532039
194,3,518.7363570130609,986.3768329339368
194,7,248.6666485310684,235.9040014750765
194,5,240.94049516575342,415.4700061926187
194,11,417.606837221471,958.6924936033332
195,1,474.12194684594914,1374.2422866014642
195,2,495.5627592251794,1318.032393953558
195,3,522.8931627090315,978.7387330475187
195,7,250.49314470745128,241.9497350364987
195,5,240.40874117256976,423.913308487529
195,11,417.4426154460426,957.3425233562408
196,1,474.0919837527431,1375.113785306379
196,2,493.6673750051404,1316.9151932783975
196,3,510.3364613807909,958.7729024686729
196,7,245.35955837033077,244.84724081038783
196,5,237.1752947087018,429.9324641074071
196,11,420.33878336961567,955.3980447646886
197,1,473.75734264004603,1376.0226269252296
197,2,493.0116255039555,1316.5008379762016
197,3,508.30579414724406,949.3987634584156
197,7,247.2242792242972,252.13666560874657
197,5,237.50049825050436,435.5898651568343
197,11,420.4117251897504,954.5803961819483
198,1,476.43246074566616,1376.5270511750684
198,2,492.4002202417551,1314.622261211902
198,3,511.849779146382,935.8614186885595
198,7,243.17403512979544,257.3008678435608
198,5,236.85226038616895,445.1745948124491
198,11,416.8872225347112,951.6359186741118
199,1,477.75588807010087,1376.0512563003188
199,2,489.756657251651,1313.043080070721
199,3,513.9680318972866,926.4312530951136
199,7,242.3462218910424,264.13500475857177
199,5,238.1525113735178,454.5948377468847
199,11,414.69786884209327,950.0393148694556
200,1,490.1831943058012,1383.1225852027026
200,2,487.2251405341092,1310.3176967358347
200,3,517.1050226346839,917.6274885554113
200,7,242.10120376957624,269.447849414471
200,5,238.52341566905025,464.22177758315837
200,11,407.8943657734235,945.2963230156927
201,1,493.2668514937956,1385.949383890269
201,2,486.6302690127305,1308.6089882091858
201,3,516.4263129083049,909.6665062481485
201,7,245.1103057331785,275.19819361892144
201,5,240.49810514509682,469.9303791836983
201,11,407.57869475509034,944.8771388168991
