0,1,967.7627820672831,539.6568894639213
0,2,618.0488253285387,1428.4370786792215
0,3,591.2796522178083,1121.8849316714045
0,4,837.7988369328101,567.9867422467483
0,5,599.1541349432031,181.1006382112525
0,6,572.5592749712047,310.94710146841356
1,1,966.4595087363264,538.5623550362793
1,2,616.8744047613953,1428.094544116076
1,3,593.0479681676974,1122.2801668500927
1,4,837.3543590032846,568.8071958369379
1,5,602.6359177090377,191.4360996629605
1,6,577.1759174713625,312.1981670128743
2,1,966.6355587493409,537.6920849262235
2,2,615.5801101010102,1427.7048747960423
2,3,592.0520702210468,1121.6155292452415
2,4,837.1074486880257,569.1132445477659
2,5,601.3238795004717,190.58454709896736
2,6,573.0702297938223,304.2473504018033
3,1,967.8072673166577,535.8117835762507
3,2,614.1192680238429,1427.281687974833
3,3,592.7426195969744,1122.5283643858618
3,4,837.2414532869632,569.087396764145
3,5,603.2943544255594,194.56916043449635
3,6,575.3420771837589,306.76318845965886
4,1,968.6278317968771,534.3269452410739
4,2,613.7199984080576,1427.1559435686454
4,3,592.929856824644,1122.7931752113893
4,4,836.9416970320158,569.3833093388599
4,5,603.7032999427805,195.99296121556486
4,6,577.5377769793112,310.0119487003483
5,1,970.6542100675025,533.9290479078497
5,2,613.2055970579397,1427.7273048320244
5,3,593.00655795042,1122.912277085681
5,4,836.642873641024,569.9664335119447
5,5,601.8697875331798,197.20951683878567
5,6,577.4598081650812,310.146672707686
6,1,971.6648625281155,533.1457139583446
6,2,612.7077526530743,1428.5031058145896
6,3,593.0100741765106,1122.906627132431
6,4,836.505119553828,570.0946398213487
6,5,603.3230858563202,201.40453133407823
6,6,577.471788165672,309.8135714210519
7,1,974.0242333531108,534.8784692228136
7,2,612.5479648162873,1428.8096623989645
7,3,593.0100741765106,1122.906627132431
7,4,837.718138848368,571.0025068274427
7,5,606.667056139754,212.84391405972173
7,6,575.8481894821873,307.6129189101498
8,1,972.6258584033425,528.7514012235183
8,2,612.2075803456243,1429.4551829041807
8,3,594.1345692215017,1123.520639974808
8,4,836.9003119928785,570.4128344379451
8,5,606.7015651407786,218.75890442718665
8,6,571.0407372195323,302.07885071315496
9,1,973.0610886396277,522.2411338034581
9,2,612.6463007817957,1430.5537471179452
9,3,594.5367381897287,1123.760901777809
9,4,835.8389311655823,571.372535980551
9,5,606.5440930844975,223.37702678056294
9,6,571.5719042142542,300.68527933351237
10,1,972.9259646312566,517.8038873629727
10,2,610.6342320543899,1430.9283685727833
10,3,593.583138498005,1123.1968410516158
10,4,835.6964260015922,571.3160354442589
10,5,606.8693341002488,226.82564665690737
10,6,571.9538793548023,300.0241710985002
11,1,972.701209697866,511.10490925228726
11,2,610.6623167386866,1433.3002981426362
11,3,592.9517663575762,1123.323362547002
11,4,836.1739856583511,567.261035119998
11,5,607.482633879005,233.7565269509823
11,6,574.665374393927,302.11798244160326
12,1,971.7623670443925,504.99502886119524
12,2,609.4583579196751,1434.429275210517
12,3,591.4083555828277,1123.0548967821426
12,4,833.6776937214594,561.5451389307325
12,5,609.0522137840238,241.2112918260101
12,6,575.6153326736202,303.30699240472876
13,1,967.5096879139616,493.74973398121904
13,2,604.1638455389057,1435.413434565689
13,3,589.4610218608792,1122.6995599241643
13,4,829.9507258374663,558.1564929038195
13,5,612.6372814281527,245.90524443378015
13,6,577.7047177263062,305.5003910670338
14,1,965.3310380172317,487.9788254273287
14,2,597.1624412169177,1434.9227285596248
14,3,588.7963017934848,1122.5499513553457
14,4,827.6311605718413,555.7555667083818
14,5,614.3319108751953,247.0624984843237
14,6,577.3531775560851,304.07052018313027
15,1,965.3992292875326,487.7810067721961
15,2,589.6030453806007,1435.3010733324895
15,3,591.3218391918738,1125.45780096476
15,4,820.4560845450951,549.4370723976532
15,5,611.4608432195998,254.2180024137676
15,6,561.1481350586415,282.12854640666677
16,1,966.8362881447563,490.6405858177756
16,2,580.7251079775867,1434.3217475363847
16,3,592.5279469390504,1126.1822198580874
16,4,815.0069926504543,543.7962005659025
16,5,610.0928201186301,254.23006991980375
16,6,553.6946681096999,272.6016771389137
17,1,964.2968146144196,491.490003028984
17,2,570.3262544568122,1435.8870838311807
17,3,593.1498731179463,1128.4017554957097
17,4,811.8514797781527,540.6594215617116
17,5,609.7515241466649,253.56434554594895
17,6,554.0123868781884,271.72098617980186
18,1,963.2374824752403,491.792602247905
18,2,566.9261252273863,1437.9162355227072
18,3,592.1757366774871,1131.1705403708165
18,4,809.5277519163146,539.6837853857168
18,5,608.9446221165321,249.1392430680565
18,6,553.3537287507869,269.91105777199505
19,1,959.9925156129821,488.4741165511637
19,2,564.62547683315,1440.3591310327542
19,3,590.9035886821122,1133.4540442476223
19,4,809.0351104008421,540.1855846122078
19,5,612.5966686521338,247.07641736640204
19,6,564.190425065383,281.8558257718966
20,1,959.3296606412429,489.3663545294195
20,2,561.2929972862214,1441.84114587359
20,3,589.2097235186608,1134.0870416681971
20,4,809.3374444696942,541.7284783896455
20,5,614.3239435209845,248.4881480876223
20,6,572.8893602883304,290.4766293474297
21,1,957.8148143312033,489.59647268384157
21,2,557.9985910696713,1443.8069141404603
21,3,576.2536240352104,1127.6043469074173
21,4,808.5465716801549,544.3482643836724
21,5,615.9983061498724,254.82044686592158
21,6,576.9811387281284,302.04519599828757
22,1,956.2311171319843,480.6652420542771
22,2,555.2546103443577,1445.395655660362
22,3,565.0000731842058,1120.2944444513453
22,4,809.3637160794125,543.5172960292913
22,5,628.6964456381636,273.7155190882989
22,6,579.5143740361596,306.90897111395674
23,1,953.9373541769181,477.6405650396188
23,2,553.9511633223945,1446.513344906996
23,3,552.1199745028892,1110.9591955383114
23,4,810.2928996664288,544.0266207154441
23,5,645.6206343564459,297.09963753585777
23,6,581.5125230635653,313.88796021473865
24,1,952.6319123058169,474.15876802147267
24,2,551.3247506596828,1446.9174316571434
24,3,550.2058704156394,1108.0031118913728
24,4,811.2716713515856,544.2490467996942
24,5,647.1168426903072,299.23142622910524
24,6,564.1688890249674,295.7023479064627
25,1,949.9576069487409,468.13457406393076
25,2,545.3298784458609,1445.6615547780843
25,3,534.6996241500314,1096.8768080411653
25,4,810.5684346132294,544.3871062227403
25,5,648.502832979685,299.7853016167224
25,6,600.4128771655397,349.80471829803446
26,1,948.4298515598781,464.2083320620874
26,2,541.856854985992,1445.4586283151596
26,3,529.1505858027397,1092.322403798833
26,4,808.2008554067322,540.5331352062778
26,5,648.7313591860619,295.73424434148683
26,6,614.2408001929591,371.61518061649303
27,1,936.0341772724952,445.48718952085767
27,2,534.7334975060398,1445.118613086885
27,3,524.2121780227121,1089.9173595039624
27,4,802.5881020339564,535.7854522320548
27,5,642.1445196476725,284.43292994485637
27,6,619.72950067888,382.5711397748025
28,1,927.967419741292,432.90488967421976
28,2,523.5287552422212,1443.3225950077722
28,3,523.9972422426266,1089.90249958242
28,4,794.3613716953372,527.4582468131347
28,5,642.0768824321036,280.8258595408571
28,6,623.2095589754559,388.8163690114117
29,1,920.0645655201142,424.3687685698749
29,2,514.3292357765215,1442.6475145802615
29,3,520.0660626683889,1088.252595649994
29,4,783.0098317834459,515.4879837689851
29,5,644.6182802636298,276.9119270169709
29,6,624.0235360233971,388.97962561336067
30,1,913.1767683392428,417.1251221837169
30,2,509.3333658471512,1443.3250023261046
30,3,515.3383169589965,1085.3558801289623
30,4,778.8011698478939,511.7628793049452
30,5,642.6582819183453,272.65242053525293
30,6,625.2258608007991,388.0569563111564
31,1,904.5202477860485,413.02978220531776
31,2,503.1998816339048,1444.486483955493
31,3,498.96750284358274,1073.1550978107907
31,4,776.2233402793937,509.4030724195149
31,5,647.5781469294083,274.51548584367947
31,6,626.460246816336,388.20488685457445
32,1,899.8601538589814,412.65763818477836
32,2,501.1554238785088,1446.9824812687548
32,3,489.6326283221306,1065.2008617976999
32,4,775.5510814645684,509.9697000763864
32,5,654.8864940321205,282.99211563126147
32,6,624.3913054439162,381.85360996179173
33,1,897.9060108805486,414.63758354131176
33,2,497.94775978147186,1449.9773060721952
33,3,478.9404957398894,1055.1944706742431
33,4,770.4714060470413,505.02963281091337
33,5,662.710393059342,285.53772037320607
33,6,575.5782231329651,306.82547728688854
34,1,895.0258702937422,413.44750104958064
34,2,495.21644615387396,1452.0146600427936
34,3,479.8002232527617,1053.283681761964
34,4,767.3640191009578,505.65837210748987
34,5,663.8561834402374,283.43244267127824
34,6,565.6022867577905,286.0063581120495
35,1,889.3908731558939,411.51093630946133
35,2,490.6531506028897,1454.5881766091734
35,3,470.0689993415112,1050.0338984462846
35,4,754.0460511240472,496.28939008126525
35,5,664.4548369999864,273.0640607232996
35,6,591.1966676224939,306.46233308313737
36,1,880.7414234460646,401.8223448527813
36,2,486.5430761814893,1455.5469815841736
36,3,467.5246245548598,1049.3645882140972
36,4,750.0203754041324,494.7154075911216
36,5,666.0666408316986,266.7844712884089
36,6,598.5294369491198,307.1989337554895
37,1,862.0551592367333,383.2771560132217
37,2,481.0378289286923,1456.2342895741265
37,3,465.9544942418208,1047.3788949808772
37,4,724.2026478250172,462.1972395977713
37,5,670.9805293077479,265.26190689355275
37,6,610.3594977391878,323.4829919963048
38,1,847.2589943509493,368.0206125663568
38,2,475.05402548809195,1456.8005862891334
38,3,466.0931109901041,1046.030148159171
38,4,716.6533333844234,452.6134084248477
38,5,678.0240837966545,259.9282583575294
38,6,610.6803203656121,320.6854106628163
39,1,835.3632061039362,358.5569346819743
39,2,464.5677688255556,1457.6901889202038
39,3,469.0597511331074,1041.2428257311326
39,4,711.6129805934804,448.4694294570724
39,5,690.9414901943609,238.71119394787476
39,6,635.2083484054675,358.0003349183527
40,1,827.4817812603161,354.28062244985836
40,2,459.3845816962741,1458.3498396446282
40,3,467.17183555408985,1035.7635710983673
40,4,709.190509699423,448.59683627684257
40,5,698.3802621313014,232.4027199971174
40,6,641.099496376031,364.2377189182694
41,1,811.1401288197271,344.08369836683477
41,2,456.0297507420224,1458.8864256421307
41,3,451.4647113570838,1013.7230343580306
41,4,703.535124994617,449.56556347135785
41,5,699.0341449871786,222.67814250258402
41,6,620.8586204207847,342.29407053547726
42,1,799.2420471472576,336.72234601873845
42,2,453.8746379127138,1458.7734932057106
42,3,437.72808473425977,997.0309966533728
42,4,700.2432019506215,451.12363710523687
42,5,698.1317201805518,201.96189947852312
42,8,146.27584744698416,803.3973206891051
43,1,788.2493448404603,338.7940600757441
43,2,451.7384810773676,1459.0467408211182
43,3,415.8698965451125,973.3697739517759
43,4,697.3929451209405,451.5592737381359
43,5,721.3086269034358,220.38567097977406
43,6,603.7782115088798,312.49321107207976
44,1,782.0159069402192,343.58743435365415
44,2,448.40140648021713,1459.153238453588
44,3,408.3678056617178,963.7977490793388
44,4,690.4715943306347,446.6719958949204
44,5,729.3963554925369,223.26794030193943
44,6,584.0974939199239,289.8967713023246
45,1,774.0353473386346,350.3069285110994
45,2,448.6118276570109,1459.4611783678242
45,3,405.25756592741953,951.1399598103388
45,4,677.367846869156,449.85514363202697
45,5,744.4606892877792,226.29105435076505
45,6,576.8094316878098,273.1513358970216
46,1,770.6199691517145,356.0260941756801
46,2,447.6711412966515,1459.2433141664526
46,3,395.91110834688124,937.6440338876756
46,4,665.1353233082895,450.47127152511365
46,5,752.9674292241532,226.67002388907815
46,6,596.1081269192464,300.15140799227055
47,1,745.837276473325,334.72127697069516
47,2,445.0821286465492,1458.5629366281385
47,3,389.0926367460738,922.2572314500121
47,4,651.6112567463599,442.81054187882853
47,5,764.69949996546,233.848592054813
47,6,610.4370250037096,315.84838796132374
48,1,731.0964701199294,324.5812679320351
48,2,435.2236230080357,1455.4360055643883
48,3,388.55959913592255,914.3710332024054
48,4,645.3856412436668,442.90453875933605
48,5,768.5347121844121,234.1172671563244
48,6,613.5801720998529,324.224810574084
49,1,719.7634018919077,332.23605516614253
49,2,429.19770023588023,1453.6655868416935
49,3,395.300709045168,906.6000407799428
49,4,638.302000641866,449.8501628464318
49,5,773.7793902482866,239.88242316759255
49,6,618.0202923001424,339.83357887304936
50,1,713.8978456631277,340.294005884667
50,2,422.23773890343074,1451.8603720407677
50,3,399.44308941714934,903.5776282652719
50,4,630.7294065495311,453.07808050517235
50,5,784.1965966904097,256.6380699732528
50,6,618.8006311078198,346.40260350498534
51,1,702.8585235960069,348.8572102623069
51,2,420.99717643345286,1451.4502222505698
51,3,399.12618236543057,894.9316766219987
51,4,622.4384346603074,459.6274872511789
51,5,790.5219901918698,269.1682226130254
51,6,616.5818802714786,348.5955951188622
52,1,695.3399842008864,350.7460995218608
52,2,415.0232211379128,1449.2641261204894
52,3,398.1485369906626,890.3423557464375
52,4,619.6354423399301,464.5135593118491
52,5,793.1124596398557,274.92603804527107
52,6,614.111208069267,349.756217474207
53,1,687.7609930335958,352.27019059616333
53,2,411.20931180225597,1448.7674960429001
53,3,398.31920880029185,888.1769064202642
53,4,616.6472972123904,468.10318020835
53,5,797.8281438558218,277.8081335366323
53,6,603.3176133473634,343.3325510618896
54,1,683.7168623619202,355.2008887211915
54,2,408.8139602321244,1448.3337091134968
54,3,398.82689038701125,887.3198997495693
54,4,615.2652736884565,470.31213714514394
54,5,798.6765775994065,279.79898476360876
54,6,608.2709460883597,355.36669815331567
55,1,674.0739923282855,360.1380704633601
55,2,407.5694014373474,1448.798772976486
55,3,398.35158201656577,886.2421741406523
55,4,611.9790028596539,473.6009858535577
55,5,798.0424218131569,286.78799863599085
55,6,612.9650544169326,373.65249617971864
56,1,664.6865003564373,356.5906797658581
56,2,407.0021021497578,1449.6314573660534
56,3,400.0313566748089,887.1645317548052
56,4,609.0428164238959,474.5438696648118
56,5,796.0831960982521,290.4523670198152
56,6,614.9209377058056,386.794127275862
57,1,653.9046768366603,357.57200134239594
57,2,403.9523632679877,1449.9966532607746
57,3,397.7071027566029,887.0794288696757
57,4,602.9448452836965,473.39791879273577
57,5,796.7178732944454,305.3847297457881
57,6,616.320188977798,398.44880466267136
58,1,651.7909463000382,363.8195914863481
58,2,402.6917687943908,1450.7881754279274
58,3,396.6383249952695,888.1312093682571
58,4,599.6602145547156,475.30721439638745
58,5,796.487493089293,317.39855975518054
58,6,614.5588125455407,401.02953160148496
59,1,651.3329387701558,380.666675124553
59,2,401.52425596622527,1452.3527454713203
59,3,394.28337282880534,890.3501099394163
59,4,602.7935247040909,489.3122365698889
59,5,795.0155243394241,331.2658830665162
59,6,615.1452088602431,407.91334387003354
60,1,651.7653636811073,392.8193402568838
60,2,400.56671752576256,1454.1958004712835
60,3,392.928545139978,892.5125026404249
60,4,605.5400007518369,498.1497308778479
60,5,794.841695792334,340.92477577539887
60,6,613.0893442437424,410.1538348366298
61,1,651.1958963339362,403.0348449663481
61,2,397.4618700997861,1457.0977814705734
61,3,394.17416048982267,898.0498734561518
61,4,600.5519988606848,498.0689431761487
61,5,790.6289639673139,344.3241323979518
61,6,611.0284550087856,413.1051455035436
62,1,650.1392812866785,408.21167647984373
62,2,396.88281590275756,1459.7188763760544
62,3,394.91208416659856,901.4181163752615
62,4,596.6207257507791,495.2132982682931
62,5,790.0070145981069,348.3974435049626
62,6,606.5348716423442,413.4458664072809
63,1,651.6238986619899,417.41014601344887
63,2,391.202468321179,1460.1904180805175
63,3,392.05099158914976,902.6315311999871
63,4,594.2564593106408,495.85772414162346
63,5,785.9197589033037,347.32984756400634
63,6,601.4047972650076,423.7472824725553
64,1,651.5245371040853,422.264082868068
64,2,387.573494033116,1460.6598951264361
64,3,393.49835235942874,904.6738721060658
64,4,564.4741575263209,466.2706819182099
64,5,785.6074136275677,347.9739901302512
64,6,600.5855975324987,427.5370091133791
65,1,648.6676861016045,427.36955717526786
65,2,380.76040942751473,1462.465493688818
65,3,388.75516201194324,903.3208244798449
65,4,589.9245752261334,502.8044661404991
65,5,787.0561236546164,353.0861872666312
65,6,608.171413966078,426.23715776611624
66,1,647.2758232849926,433.7271612864939
66,2,378.1414345910184,1463.770067067056
66,3,385.83238227379593,903.115506488186
66,4,593.1598894712132,513.0010953883364
66,5,788.0182835085188,357.28321835988805
66,6,609.6879337335943,427.55830298841124
67,2,372.9338466530386,1466.233767627953
67,3,384.4859771451179,908.7757943665615
67,4,585.2336323996175,503.0665008182271
67,5,791.4459047371017,369.6639481461175
67,8,78.203073919312,764.987512106753
67,6,628.9147910516133,448.24501118752505
68,2,366.14083329669154,1468.204276641767
68,3,383.5703086285606,911.823874578663
68,4,582.3499229362889,504.4389835896699
68,5,791.869411260311,373.2381240141303
68,8,68.31674903452999,760.4315417008949
68,6,634.2278912264578,451.02401472885555
69,2,358.1359829427067,1468.373029643741
69,3,381.48444751002086,915.9704868785699
69,4,573.6883940013955,501.8283321439779
69,5,794.111819779603,386.72331966506687
69,6,638.2093565404747,448.544407758949
69,1,613.0269805820262,431.59099594436236
70,2,356.69678759724826,1468.5986808858129
70,3,380.4746226756512,920.1723970452396
70,4,571.6821319720511,503.31888744845094
70,5,795.3934301508949,398.00094517660096
70,6,635.3306444840683,439.3844036851187
70,1,612.9480945931393,435.59408661834266
71,2,355.9485203142162,1469.3211050619323
71,3,380.4791241658565,928.3717714485778
71,4,564.3209923722839,506.7544748379189
71,5,786.4131855522285,415.5960326276104
71,6,619.3734278875648,414.68487050355617
71,1,623.1444769193984,452.10601733196506
72,2,354.5029339347428,1469.2299836839393
72,3,387.8225535602483,935.6918937437252
72,4,560.6944722984765,509.88828461878416
72,5,779.7505007412246,432.66618077989943
72,6,609.4569691303113,403.36935319278314
72,1,604.6492772214443,437.5301045327339
73,2,353.71515865794385,1469.8535777420902
73,3,385.30706170535063,941.880588505146
73,4,569.7464240899956,526.3895478035589
73,5,775.1602896899558,440.2933788180856
73,6,609.5582931516524,405.74473052229536
73,1,604.3631412521074,440.93361806959786
74,2,352.56793179583974,1469.1136100816577
74,3,383.2878087393879,945.6455596492849
74,4,568.1194728908855,528.3404082372145
74,5,771.0345781172693,443.0073176916659
74,6,607.3724070482626,405.93484136637915
74,1,601.6167692778257,442.4159594295075
75,2,350.9223247299728,1468.522257125067
75,3,382.4869220835262,950.8891199215396
75,4,570.5574002954429,538.0879623693025
75,5,768.3406299133756,456.3238335404741
75,6,598.3088407595434,394.68083697943615
75,1,602.1343372066968,453.02424282396237
76,2,350.3354831001638,1468.2495063867016
76,3,382.91608160889797,953.2023131396924
76,4,570.1175234372405,543.7892008883202
76,5,768.473301249132,469.07921912129405
76,6,594.4989569022225,390.7798042395534
76,1,603.3110242514283,459.2712948109868
77,2,349.2975326319768,1467.236762700785
77,3,383.8546249271189,954.4100528791162
77,4,567.5908656430722,551.944006823945
77,5,761.3538062544052,490.5844070442117
77,6,577.7830987956953,384.64711563414517
77,1,604.6627388005037,464.2209182739175
78,2,349.03582782379254,1466.8434225411006
78,3,384.2757545416201,953.0964564807551
78,4,557.1790272358012,551.5158693696102
78,5,752.296861812122,515.8740793622385
78,6,577.487306039052,397.5673580565435
78,1,605.9532357560764,467.2026100065452
79,2,350.4528927008565,1467.002003063284
79,3,383.97288068237043,951.6670451320769
79,4,563.9458563588676,577.1686178391083
79,5,743.2712362184249,536.2555359891169
79,8,202.17736081197106,846.797572904531
79,1,608.7238142836957,466.7060714172905
80,2,349.29963117048203,1467.396447357038
80,3,384.0905647722308,950.6199034201686
80,4,565.4428024317749,595.751377711163
80,5,735.5142198985529,546.5536315062956
80,8,203.17594649296302,846.4917225975449
80,1,607.2031442937605,463.0394662746919
81,2,347.7331638478082,1469.4353390986844
81,3,385.3912083816594,949.7661620004791
81,4,562.4191359594369,606.5365597782575
81,5,710.3770483533232,539.7132752497212
81,8,211.65700507068382,847.4253856812646
81,1,601.5797429632586,459.74556870637946
82,2,348.441940361058,1470.49115761226
82,3,385.69724151739877,947.6741063422556
82,4,559.1091140607791,611.9976726834906
82,5,711.7360313603626,562.4274147664898
82,8,212.5371527005036,846.3659571182438
82,1,572.4699367045713,449.61729644920484
83,2,348.8159624093005,1470.8638797850108
83,3,390.8557870585876,947.5928211966377
83,4,569.2374673846176,628.8710557495227
83,5,702.4611761856521,610.8382772384982
83,1,557.0330781552827,457.6648964052548
83,6,613.8420471705458,463.70304653105694
84,2,348.5394465143162,1471.6352299577513
84,3,393.69475310601246,947.6407258853121
84,4,571.7033138813586,640.4638067932136
84,5,690.9539126600705,634.5642849603848
84,1,546.4208640454303,449.5360833210369
84,6,617.1922139572488,477.4797921025493
85,2,348.5671467137043,1471.9156410398266
85,3,391.14142751064503,943.1235700661039
85,4,570.3363124660341,654.1396110705823
85,5,686.6395479711906,656.1837974008397
85,1,495.74273684623637,411.93243092956703
85,6,613.528099066271,479.0167551841535
86,2,348.5136751655536,1472.0019102335984
86,3,391.7969964064999,941.9000041676923
86,4,566.1526600359338,661.1678393071811
86,5,683.7325435319137,667.5210245054959
86,1,482.95971013982523,407.9193999660234
86,6,608.0052271820941,481.5482860655287
87,2,349.98138567160345,1472.31280380426
87,3,396.90941949271286,942.599762552111
87,4,526.8158743737947,658.8260972556526
87,5,647.2919709591048,670.9145533583041
87,1,499.405634783606,444.400358195027
87,6,592.977286072474,492.7612734682541
88,2,350.4665993207955,1472.421673931278
88,3,402.19697024874984,942.2354423077626
88,4,524.8045994539003,681.0243829466044
88,5,631.6356479267993,682.1507969007745
88,1,469.15159158852805,431.10770456137504
88,6,587.8400205668476,501.34767324975866
89,2,352.03882468629513,1472.7181930309412
89,3,403.9342733161225,940.7532698184245
89,4,522.7065896350779,706.2232418177099
89,5,616.4058951317612,708.7935295611541
89,1,491.77525073476363,477.5105378982051
89,6,585.0990284425599,511.8013624343223
90,2,352.17345183500794,1473.470445588769
90,3,406.80166073891866,941.6653928740393
90,4,516.7420874269629,722.244117130629
90,5,607.6792483368376,723.7351351472042
90,1,470.493365377492,472.66490298554
90,6,581.6337652605073,519.6981668212483
91,2,352.3533128844852,1473.745505435831
91,3,409.4582217389832,942.9105077211707
91,4,515.377539601782,734.1936468183098
91,5,586.217299651244,729.9611518349158
91,1,468.54583441277396,502.63946797981043
91,6,571.9096810029171,528.7978621694684
92,2,351.99856109935604,1474.47880591735
92,3,411.46365826932583,945.2263101689197
92,4,488.49321486457455,724.2275664788725
92,5,561.6631556862212,740.6044923717384
92,1,461.5894626807359,513.7361507365905
92,6,560.2068633348562,525.8578078773593
93,2,349.71565710091033,1475.736776133655
93,3,408.1304164098252,950.9319604151445
93,5,538.1055755389915,763.2427359961627
93,8,128.06710477827227,789.7497987533023
93,1,457.9933818114448,526.3655424413265
93,6,538.2563603242265,520.663289106582
94,2,349.2196662377213,1475.5661072964085
94,3,408.8089185638312,954.8584545552284
94,5,538.4923619789504,791.6374128143615
94,8,137.76194209125327,796.7265528857633
94,1,439.03567720042446,520.1146957928501
94,6,526.6287798626837,519.8602682833323
95,2,350.17861929398447,1473.6149570705738
95,3,406.57232632878083,962.1259325580701
95,5,520.8307647032486,824.5240450184168
95,8,166.09650355444225,814.978180578247
95,1,436.56496813115206,531.2463096834183
95,6,512.6740346919788,514.5584711031919
96,2,348.3323071394403,1471.7255472645975
96,3,404.99911565619385,967.6862906324635
96,5,518.6508652843171,842.9195654104915
96,8,188.8648670028988,829.1447914135514
96,1,419.36653114736305,529.3794050025598
96,6,506.16796932902514,510.549889542566
97,2,342.2829218194831,1469.805592709433
97,3,423.591965484442,985.1769432718298
97,5,514.9421049788697,856.5193350014713
97,8,155.6131825020119,813.1714114626438
97,1,394.74516585090174,517.1621086546123
97,6,505.1117048773847,509.1354199444454
98,2,335.9751955445679,1468.1944847193279
98,3,435.93594565314925,999.9000994302631
98,5,507.8603135563129,861.4499230120375
98,8,115.76612695968865,790.8988167954243
98,1,405.5104149764529,538.3448965951899
98,6,505.7256318252595,509.4026559154564
99,2,326.0641630921262,1467.3519620544894
99,3,446.17786583095454,1008.7745069065548
99,5,449.1346271966751,832.5871211721154
99,1,403.63599552357215,564.8773787085438
99,6,508.60398299569323,509.4439091937718
99,4,422.9314368854083,823.9345600404174
100,2,322.01954004291474,1467.7439555430121
100,3,449.79099349127245,1012.4404105586851
100,5,414.6361633857349,836.0482728449869
100,1,389.27065812322365,567.2086588453632
100,6,516.0853039572448,512.0465871871637
100,4,412.2171092156688,816.7948125278392
101,2,322.75342701722803,1466.8931425510802
101,3,449.0571952469618,1024.720881960028
101,5,417.2637771832556,864.0861499715627
101,1,391.23774199015065,590.6119660433674
101,6,512.6306086916001,504.72767934155445
101,4,315.1934223630408,771.1148330636223
102,2,325.8715420970656,1467.2429957748286
102,3,446.7079526000148,1032.5206042800403
102,5,417.44014697924024,875.596425567199
102,1,387.5121658032049,597.6972504553005
102,6,522.4098292926993,513.4811882844123
102,4,298.1922256273849,771.7128687978051
103,2,332.99599022907853,1467.857305161609
103,3,440.69862628235575,1037.393159069847
103,5,404.5193743264473,900.2074111906426
103,1,383.97512601949364,604.1425507435296
103,6,518.5252378555912,505.9791240755783
103,4,359.2107243691509,830.427789889724
104,2,338.42657403625935,1468.703442328919
104,3,437.0074607261335,1044.3502458711323
104,5,397.42293864227025,917.2004219498316
104,1,380.9078963778638,607.2751193288842
104,6,517.5450962123595,499.9472687900453
104,4,375.2914310567259,853.2560769539225
105,2,340.0334689146415,1467.4281974536589
105,3,448.61066755496427,1073.8258293132446
105,5,354.9399036004889,918.7831523193247
105,1,386.92897709623645,619.4886442140012
105,6,524.4325586828558,503.2419836669006
105,4,367.10976101184235,859.7567026992947
106,2,340.6834839624739,1467.0381440232156
106,3,459.7557131208334,1096.8051674825674
106,5,337.1975269137541,927.9146253434157
106,1,395.5664271401272,633.3890353413565
106,6,529.0772604558514,505.3719338220635
106,4,362.58117342516863,866.2637012485367
107,2,339.2395083749545,1467.1414753188985
107,3,466.2928634436927,1113.8994673396369
107,5,327.63112905360515,949.8640625626472
107,1,404.09383433065784,653.5007914432596
107,6,530.1586920515372,502.9463103930106
107,4,344.44224677066,867.437269980369
108,2,337.4269333203702,1469.1615329937192
108,3,464.4268413457853,1125.3841309154554
108,5,313.4201028328596,961.3831657457789
108,1,404.1158508901862,664.3514539847208
108,6,535.2322595361677,496.1294714638809
108,4,328.4750501916985,870.7246965134559
109,2,335.9409636342009,1471.2326505990084
109,3,462.1403920976976,1135.9744570296396
109,5,309.9472365841275,973.0063476384447
109,1,401.42607995683005,670.5882041699163
109,6,541.5445612903868,488.1975626610577
109,4,272.9343671201232,851.6388418042512
110,2,335.290598622851,1472.0357540001835
110,3,458.56238174559763,1140.6895413523087
110,5,304.8804820489054,983.8117851142587
110,1,400.61335984395583,674.1791393912946
110,6,546.384180267809,484.93137467592584
110,4,240.44520758471404,842.2794194080817
111,2,333.73319201081813,1471.9856059021206
111,3,456.7828872081365,1145.5907871939494
111,5,299.1415159455266,994.7172247561092
111,1,400.2715756519166,677.6858783074427
111,6,561.3639437749563,494.97899361612065
111,4,269.9148613763826,877.0777112934863
112,2,331.7664102486286,1471.677961845452
112,3,457.3540193518388,1150.6065364758556
112,5,283.6196538419484,998.8219325301924
112,1,400.1613446276751,678.6041774514871
112,6,568.1189934007339,496.411557807178
112,4,277.05347815917327,889.9046017390715
113,2,326.61712420151446,1471.3275546630655
113,3,449.72030196902074,1160.8257799581304
113,5,249.42770947905933,995.2888391984314
113,1,398.66992244279464,681.458861606233
113,6,597.8924101717577,522.7419531172359
113,4,274.41611569888425,904.698474493923
114,2,320.56208303859484,1470.3593710027196
114,3,440.3455165614983,1170.7758163615492
114,5,220.6723553427159,986.8097787330239
114,1,398.23241921613067,684.3939609409371
114,6,611.9199318922866,532.3746742744048
114,4,269.9120560452675,918.661996758416
115,2,309.0169193955627,1467.2360923491615
115,3,425.059982724076,1197.4795985839942
115,5,206.6271055584506,991.9911642323067
115,1,403.361927844573,691.3557010365748
115,6,618.3685623282299,532.0207219607493
115,4,262.05206980780855,928.3372004610168
116,2,301.828759603733,1465.4864460867238
116,3,415.36187586968276,1209.4778855826673
116,5,197.80730113497356,996.383686531389
116,1,408.53364132464327,696.3839382541097
116,6,622.1359817353356,530.6502948548749
116,4,259.8897268788238,934.7341314210947
117,2,297.59939417983,1465.1990161554238
117,3,416.84836322455993,1226.6153940561753
117,5,191.7893374506806,1006.0326373242993
117,1,415.8050555074621,701.5145852769533
117,6,636.2929137254625,541.5959178486914
117,4,251.3845932961768,935.8748592436896
118,2,292.678057926211,1465.2061443571085
118,3,413.72866479244226,1235.7864540880657
118,5,178.10815438742438,1010.3129751821758
118,1,417.22330657847755,707.5233588853838
118,6,650.218840345813,555.5821321622169
118,4,239.79635244271537,937.6235781702708
119,2,292.1820071180832,1463.1872093559687
119,3,401.484055917552,1248.7431027196278
119,5,163.32429008107852,1018.231792694074
119,1,419.8710090876724,708.1743532719507
119,6,667.3068245893805,572.0055260999626
119,4,224.58458517621747,946.1712116605133
120,2,296.3205508453355,1463.329128729186
120,3,392.8609395326261,1255.4807508013598
120,5,154.46469685804814,1024.9740147065247
120,1,422.8230217736049,704.5253905329711
120,6,681.9180323968734,585.892653049541
120,4,216.23839077251486,953.5682548569566
121,2,294.8274180879593,1463.5587114289974
121,3,373.30812921200794,1280.819532976456
121,5,147.13230890180748,1028.8932232076206
121,1,423.7397085694671,703.7962954111446
121,6,694.8942254373161,596.8600705655086
121,4,205.8286128055952,959.0784034761225
122,2,289.0438005860172,1461.7362582084722
122,3,360.266926185838,1296.4389324322135
122,5,133.74896422777954,1026.6989093666975
122,1,425.8449070346499,706.0496583316241
122,6,699.968090830422,599.783936816179
122,4,204.86825266240513,964.2618556805274
123,2,278.87552869542805,1458.6845037589328
123,3,341.07971609256964,1311.7154688178316
123,5,115.86346878039407,1030.5949292273087
123,1,424.7082211185094,709.9358479666546
123,6,699.2482296199175,597.7636483490902
123,4,204.89855225836976,974.2948946015212
124,2,251.83165677305138,1451.1441951588145
124,3,324.0088062617972,1319.2395313822594
124,5,110.32749863371109,1032.8230331029988
124,1,423.8905695635808,711.6098087481586
124,6,701.1098584377058,599.1092237368049
124,4,200.23761577866193,986.4031473089664
125,2,200.99958441826132,1437.9937519615735
125,3,297.7067621170612,1327.3142591783885
125,5,101.39284703138219,1037.2158630658519
125,1,419.8086785833417,708.2808962944295
125,6,715.1692653909978,617.0166593169181
125,4,196.01049285726197,995.4306066321585
126,2,158.9571638527466,1428.0614382781744
126,3,291.62981338038014,1334.254230744361
126,5,99.87200450970246,1041.4215241664394
126,1,420.5879369077779,709.4616207237464
126,6,725.7860294441211,629.9316508216396
126,4,190.4391399902154,999.8157263584163
127,2,150.33958951013076,1425.0131417792188
127,3,297.56142727463646,1351.3757102111226
127,5,96.47829773286766,1048.887798194955
127,1,421.82587707100186,710.550736587919
127,6,743.5699347639467,652.275342588737
127,4,187.6006719262465,1007.4672238363969
128,2,150.6186193303432,1422.1326699498707
128,3,303.2322810052373,1360.7393127632831
128,5,92.95114941739631,1051.6167426266495
128,1,421.2437311592298,710.7100971568694
128,6,749.8321338187235,660.8089913497795
128,4,184.6528525175004,1009.50515082669
129,2,209.68834369803534,1431.4375719785512
129,3,299.7711151480292,1369.3757208971538
129,5,88.68144882204645,1053.7656668422535
129,1,419.90502601764047,710.4892199818896
129,6,754.6088939530653,666.6148790392139
129,4,181.23038760692484,1009.7383714436012
130,2,235.21103691163137,1434.9767684310477
130,3,295.9921889823459,1377.8578219845472
130,5,83.72294533128462,1053.188194809477
130,1,418.8809762918855,710.5648997961652
130,6,758.7441421316133,670.9024823307585
130,4,175.47992638990058,1008.556041055511
131,2,248.8623502083226,1434.8952730418644
131,3,288.3474853087597,1380.2950267179017
131,5,77.8671968547684,1052.080853203484
131,1,417.8628182230643,710.7687533250298
131,6,766.0755514445931,676.3356806123736
131,4,168.9323196056488,1005.725006238327
132,2,255.80898594992544,1434.4800264825733
132,3,280.1031903971657,1387.5990608723655
132,5,73.10571479307882,1050.1040669769936
132,1,417.66223403840786,710.8321212860533
132,6,780.4394886087097,689.5615845122386
132,4,160.84523262189592,1001.5556709124403
133,2,266.7572608362971,1431.472822577505
133,3,275.01058400382476,1391.730521962117
133,5,69.68164208443072,1049.5630495336723
133,1,418.09345377195336,711.9109495292925
133,6,793.9650458353103,704.7134878667299
133,4,148.1903106367168,996.3099554306092
134,2,272.8442794317242,1431.8069232973671
134,3,274.6690480401047,1389.975514635127
134,5,70.28366252575208,1049.9454325663085
134,1,419.0274567861331,713.5220848427881
134,6,801.8387053432343,713.487700341802
134,4,142.90256780496412,993.8727498851462
135,2,285.13420110125054,1431.878417528787
135,3,269.7894667226764,1391.3158012993517
135,5,68.75036593021113,1048.6372050420393
135,1,416.70504038631475,710.6504388005438
135,6,805.1018253699023,721.118610633642
135,4,136.33169280623403,996.835231936968
136,2,288.3187330277921,1434.0896540211843
136,3,267.44517677219085,1392.8396177224417
136,5,69.90257789739161,1048.059047661074
136,1,416.855921243457,711.6513619736044
136,6,803.3613089674251,725.0721461359725
136,4,132.44491152637147,998.3450942293401
137,2,289.81900222737255,1436.8300268727135
137,3,266.51333325522523,1394.8587952469097
137,5,69.3422899345894,1047.2816991442583
137,1,412.41821303294256,709.1414242285848
137,6,802.0007754347056,732.0000848757738
137,4,128.21090129366561,997.0278730513504
138,2,289.8611625521021,1438.577008947417
138,3,264.5574055160538,1395.7416456988906
138,5,70.79490004869035,1046.976916067941
138,1,404.07246507916705,704.8850468997085
138,6,802.0015279213746,738.3623677135963
138,4,126.67032070469772,996.908668438915
139,2,288.80058050051946,1438.129598108818
139,3,263.3212741207858,1398.2623142471805
139,5,71.42324099738269,1046.8354121821262
139,1,401.8160536565217,708.1824287913057
139,6,805.8955348982959,751.7359303713556
139,4,128.44205658376455,997.8694005261293
140,2,288.2521948203803,1437.9341002770072
140,3,262.7053233064537,1399.6649523639267
140,5,73.04848038793051,1047.1811527505172
140,1,393.1334600154389,703.7246860720479
140,6,810.0605837907397,761.9153049456586
140,4,129.28744292566276,998.1062757660764
141,2,289.4217219326195,1438.2054065945479
141,3,263.3953218671768,1400.1824469812684
141,5,73.86226222321503,1047.349963702797
141,1,381.72475832960123,699.0564097880716
141,6,812.7719851660947,768.5373928090879
141,4,129.13558411727098,997.283321513965
142,2,290.28981040698955,1437.6049618480718
142,3,262.56522064558277,1400.770628436348
142,5,73.14234091779392,1046.8577179577885
142,1,377.19120553979303,697.6032962381946
142,6,814.7530271472715,773.6676678395248
142,4,129.7514269123318,998.2298239357818
143,2,290.0109784932562,1438.0602164789764
143,3,262.34778143312235,1400.9339321321886
143,5,73.2482406397653,1046.1945479280284
143,1,374.8939845530888,698.6096143671035
143,6,814.9742875915052,780.9062685761896
143,4,131.15398423463466,999.0438881223658
144,2,289.8611005191365,1438.2141822148908
144,3,263.1024016092608,1401.0528283449255
144,5,74.36020290071525,1046.3201014958227
144,1,372.32529389584636,699.487956972167
144,6,813.496789148998,782.9483075933216
144,4,131.76537110207596,999.2182826357954
145,2,290.1434088204952,1437.5717314970127
145,3,252.7068492715439,1398.3982753018215
145,5,80.51627441273962,1048.243119690352
145,1,370.6415637871215,701.205079001688
145,6,817.5629951590284,790.2460182332106
145,4,134.21785613338207,995.568998557561
146,2,288.70904331731515,1437.0060348864076
146,3,242.8478251754683,1395.0775877500746
146,5,86.08244944133567,1050.325269493198
146,1,370.3738377684331,701.5183460781383
146,6,830.1419054170102,805.5681287613054
146,4,135.58717784982517,993.4954310775418
147,2,282.17705499870254,1436.9882719055015
147,3,234.5892777211194,1389.3423959701531
147,5,89.37699254557744,1051.616827189934
147,1,369.1967970730233,703.9901682288894
147,6,828.1185915438006,805.8824966293917
147,4,135.9294765801545,990.8864749875021
