0,1,614.494139056419,328.01291277869956
0,2,980.4563471221364,523.0609916812259
0,3,888.9883291339163,556.4280307953029
0,4,614.6416787546324,1423.4143495420512
0,5,608.7613365866746,1157.7162267746792
0,7,603.0007439437532,140.39255721375545
1,1,614.6761820157262,327.7004994221415
1,2,980.4563471221364,523.0609916812259
1,3,887.8440835981455,554.8100678090184
1,4,614.6416787546324,1423.4143495420512
1,5,608.7613365866746,1157.7162267746792
1,7,603.0007439437532,140.39255721375545
2,1,615.4262630117315,329.0848799057185
2,2,981.12778876537,521.9841868003095
2,3,885.0928868884541,552.2042197084264
2,4,613.1693268057671,1423.745430625443
2,5,607.9837164672207,1156.2788577926772
2,7,598.299657315276,133.72987006723366
3,1,616.5184546016498,330.61808798928405
3,2,982.0425916674297,520.6006964621773
3,3,885.181331445761,553.1643382930391
3,4,612.6903184137683,1423.8559575127556
3,5,607.7109862434478,1155.7943776987283
3,7,596.4763519682239,132.27445307800818
4,1,616.9685184401205,330.73367059800466
4,2,982.1487712834742,520.346815973069
4,3,884.8660886840597,554.134705354505
4,4,612.9587893347355,1423.263820206632
4,5,607.6769711833907,1155.6952699260212
4,7,595.9442027540026,131.8268863862529
5,1,616.9622788663902,331.04010729497674
5,2,982.2924304555866,520.1164267809809
5,3,883.8079201727633,553.090580383632
5,4,612.7417662132085,1423.660029304095
5,5,606.7500661223085,1154.7185848987592
5,7,597.1516795878367,135.22147484296238
6,1,617.0866108091888,330.8268645961741
6,2,982.3234926393508,520.0666117130189
6,3,884.4742750258506,554.1264432923881
6,4,613.9905921706485,1423.5054463572144
6,5,606.639816603398,1154.0484347899005
6,7,594.7532940661355,133.39276479927358
7,1,616.3231326341942,329.7689616257728
7,2,982.9988858899459,521.5724469942098
7,3,884.2143229049652,555.2828417754973
7,4,614.4729854585835,1423.4464255513683
7,5,607.7433670635314,1154.4372370057677
7,7,591.2433509650456,131.9327576195921
8,1,616.7432746991677,330.2324590242251
8,2,983.194432331083,522.0928138498107
8,3,884.1378240372477,555.6823530449891
8,4,613.6717792759366,1423.1356130949573
8,5,607.0516929156416,1154.0054689709957
8,7,592.9440127167759,137.07429377492292
9,1,616.2972033782977,329.22100287699124
9,2,983.3647408226973,522.0698206446399
9,3,883.0512345781447,554.6853918839319
9,4,614.7052294669585,1422.7380374599873
9,5,607.6757310677303,1154.775855051558
9,7,588.547718761247,137.16974358969554
10,1,616.1563820646867,328.8699177396456
10,2,983.3527920088575,522.3389753315521
10,3,882.8493854597822,554.1839707421058
10,4,614.1267275214053,1422.3107639140915
10,5,607.9165233808154,1155.0820137314859
10,7,581.7479157527059,133.26276165873648
11,1,618.4910448644379,331.37279539893785
11,2,983.0697763556492,522.7927018001322
11,3,882.3069429412018,554.7870009001274
11,4,614.319110900235,1421.6059870984918
11,5,608.0292274516742,1155.208863922453
11,7,602.1401844676116,177.73208333042325
12,1,622.9343532898758,337.27700456104793
12,2,982.217521666186,521.74040557418
12,3,882.0010257628411,555.1908143525984
12,4,615.2744061610997,1421.6198347125144
12,5,608.0838492348972,1155.275025042225
12,7,613.2548715037844,201.25430961869185
13,1,626.72142671346,338.3827228264087
13,2,980.9340377558173,520.5381731571855
13,3,884.4172804911987,557.0647795885824
13,4,615.0922002098667,1420.8056956568776
13,5,607.9390533079504,1155.65996652901
13,7,623.4226573148605,216.509351126151
14,1,627.565504591212,337.22919409852415
14,2,980.3319022865869,520.2475774613697
14,3,884.4857262545677,556.2200907560282
14,4,615.3715730314601,1419.9652503709008
14,5,606.7782665998867,1155.2117924422241
14,7,639.9668186527188,241.79516018574472
15,1,630.9666884401781,337.8032058280715
15,2,979.8693618910929,520.4866315894461
15,3,882.2236354727681,556.8548558949263
15,4,615.8259066706258,1419.0833571646147
15,5,606.1089116735932,1155.3591991437675
15,7,655.2010040541836,231.9233065753319
16,1,639.8854596910055,346.16604738971085
16,2,978.942952454443,521.5535575926777
16,3,882.371540467832,560.7461695969293
16,4,615.6423738060245,1419.311604808515
16,5,606.919035241277,1155.9856941931455
16,7,662.3019906004746,222.44837405331663
17,1,648.481189758658,347.98516604756117
17,2,978.1380977811638,522.3415355270848
17,3,881.9253565623848,560.0020652137968
17,4,614.9371173529639,1418.5573053106295
17,5,607.0053073081449,1156.5388161176802
17,7,670.6245465817533,208.13765271478894
18,1,656.0223820123649,349.771061635565
18,2,976.7106497209902,522.1967007902982
18,3,881.6936733188809,559.9186873067084
18,4,616.0094097461464,1418.0445692141936
18,5,607.2334476805079,1156.4043363292124
18,7,676.7064949746168,199.65807727567542
19,1,653.3387126712553,331.9009434747489
19,2,979.6065714922939,521.3273023840537
19,3,875.3420738414185,556.1892727210771
19,4,615.2111657213501,1416.1561201498241
19,5,605.9996537232066,1156.0723554647445
19,7,688.9934747771614,178.22922293824158
20,1,657.5412064370016,329.13683211882926
20,2,981.3447018470141,522.8895147269162
20,3,872.9569368293168,552.2397271945702
20,4,613.4492922906195,1414.3604299256187
20,5,606.6933367237857,1156.5769440377521
20,7,692.3044088496032,170.40095948543998
21,1,659.2647181934341,315.3696943368371
21,2,977.96878572949,525.210631824879
21,3,864.2408136846158,546.7307726228327
21,4,610.3282949396514,1412.2574186976883
21,5,605.8741941794406,1156.196069197511
21,7,697.1380573060536,167.88332119132377
22,1,664.3881444898259,315.18543863403136
22,2,972.4932146534844,520.4474437808307
22,3,863.111753211521,549.9887379132991
22,4,608.6348494545172,1410.6577151772317
22,5,606.5314463563577,1156.989339742439
22,7,698.9389033980149,166.91765715156546
23,1,667.15829503205,311.7405244501787
23,2,971.1494314812762,520.0635724615987
23,3,861.3682145988664,550.8334440294657
23,4,607.2024118944036,1407.8014529169511
23,5,605.9065244765321,1156.375060131914
23,7,717.0854058133526,165.30514397304378
24,1,669.6661343980029,309.59525383350325
24,2,966.301640457218,514.0338658456392
24,3,860.7199811746052,551.1286302474854
24,4,607.6871347428066,1405.081935095269
24,5,604.5162179972523,1155.5187649047623
24,7,726.0064052888301,158.3637898320579
25,1,685.6964379586999,320.18563224401
25,2,961.1265313729547,511.6729721988843
25,3,858.6277954082153,548.2522375985789
25,4,609.0148822074259,1400.4434211858786
25,5,601.7975728365477,1153.99347347624
25,7,742.2118322212817,161.1360797314058
26,1,710.4604073690878,332.2552413618198
26,2,956.6678369279027,512.2558943920928
26,3,858.7213931825995,548.6721515072359
26,4,611.6466599949829,1397.4038260902441
26,5,595.0964916104635,1148.6450301629059
26,7,759.2190062280325,157.88977510277581
27,1,726.9861669924868,339.9133509241293
27,2,948.878311899343,505.7823734399979
27,3,856.2372669830224,543.5287249354361
27,4,614.3657292737277,1393.452164030465
27,5,581.7312558731826,1139.8193669262089
27,7,765.3239961353476,142.4358134511646
28,1,728.9074133952457,337.58699746954596
28,2,931.1487465206895,482.2667754363285
28,3,853.0233336637688,535.0502830422313
28,4,616.4601681760773,1392.324345063255
28,5,571.55308529888,1132.868087675921
28,7,768.5974632123856,135.69584788008805
29,1,729.1752995624207,322.68392611374895
29,2,923.1086608709833,475.0392391955033
29,3,839.7749871877916,516.3310740510585
29,4,616.1524235203321,1388.2098033064951
29,5,559.1004424335888,1124.1716386893995
29,7,775.9145749214595,135.02998500096186
30,1,727.753289211261,319.9267152200848
30,2,919.3561505096943,471.9145797279369
30,3,830.424563402846,504.3951983610304
30,4,615.1909948760966,1386.4167686038234
30,5,555.2433825867992,1120.053758489653
30,7,779.6005300710794,137.9091206824851
31,1,727.1030776008027,322.21759653969633
31,2,911.577519892286,464.1961469141501
31,3,815.091757669869,483.2173313427768
31,4,614.2035393631947,1384.8945044816528
31,5,555.3852216878589,1116.2402632350643
31,7,776.5278871190449,132.69227626378196
32,1,724.3200025714893,317.3576368652959
32,2,907.0461704950092,464.45376009766017
32,3,806.7989256660142,473.3427968434104
32,4,614.1919816507724,1383.8278749517128
32,5,556.6987713353809,1113.2615456803444
32,7,771.38223488576,130.9450188217687
33,1,713.6612805647698,303.3451980199199
33,2,902.2431896233675,461.52761881391734
33,3,792.2279474341816,449.8471768691618
33,4,608.2817045133949,1380.091001041877
33,5,558.7676477204787,1109.8312413796657
33,7,769.794159192095,133.65428085010993
34,1,699.312656307572,273.7971055585531
34,2,890.4176696200832,453.99752718649444
34,3,787.7187873772937,443.15279715348885
34,4,606.1547268211647,1376.7414199314196
34,5,560.5816722650297,1107.3265221588317
34,7,767.5747496855771,137.7296333531429
35,1,701.8253755947717,289.0125168339163
35,2,870.3255119330125,434.52779459597514
35,3,783.3237144669564,438.98144687015287
35,4,595.8591551115171,1368.0437013109124
35,5,557.1209981090158,1097.848851671295
35,7,764.4100026808777,140.52635876590548
36,1,697.5222913022542,287.39205036115504
36,2,846.2381456007596,406.65288008507207
36,3,782.6779137208705,438.6851874558456
36,4,590.2945075194517,1359.872616300332
36,5,544.554598451017,1083.9984682627544
36,7,759.916448015212,141.23610952177157
37,1,693.0864218828413,278.60702316675076
37,2,832.209069910886,394.3792686715343
37,3,780.5202907362581,438.72680425428155
37,4,593.4745003837671,1346.684150622983
37,5,526.863222454452,1064.0576647587243
37,7,749.9876862682577,135.66920688028404
38,1,697.0783120301098,278.73111246306024
38,2,824.6081603843209,388.326030759966
38,3,779.5329592402013,437.9629358502812
38,4,596.2970776974969,1339.6464408017719
38,5,522.516387218147,1053.3607400549915
38,7,739.2683732292019,130.1219955883226
39,1,695.869266127992,271.8802768362061
39,2,815.7114500937598,386.0221216630072
39,3,771.2324992529363,430.05735606816506
39,4,600.9150984253279,1333.4778299428406
39,5,516.682920145318,1045.0311613818615
39,7,726.6411458960541,130.1079243820433
40,1,694.5287153378761,269.7610937612712
40,2,810.8934841032261,384.26348169282045
40,3,768.2059087216948,429.8493376880349
40,4,605.5914443942246,1328.9026896669022
40,5,510.7833593401048,1037.3380100995025
40,7,714.9623774123478,127.29769084533953
41,1,690.0973415107676,270.47477428426873
41,2,804.0627100069728,381.84174314263265
41,3,754.8889891687323,411.17598363868797
41,4,607.7706809997667,1324.75922270103
41,5,511.80361891107464,1029.7281457722188
41,7,701.2709482049936,120.4970826246562
42,2,796.1298767013749,375.9573442936571
42,3,747.3382161601583,400.5243419861981
42,4,607.5512708664852,1321.2725713297375
42,5,515.1606433410475,1025.8831439750054
42,7,698.1327455303461,122.77818812833146
42,1,204.83135114980098,835.6018305981227
43,2,774.6202465355441,353.2646968618987
43,3,726.2939399993744,373.63304345166125
43,4,600.6740709782341,1313.062211326711
43,5,517.7179305538157,1019.8364739912256
43,7,694.7118793363105,130.08781070944755
43,1,219.14085285899208,844.005724501404
44,2,765.3269751822141,346.0529462498129
44,3,718.8184023751944,365.26651975114277
44,4,594.8441937822274,1307.237020740057
44,5,520.5192436894159,1018.269568241838
44,7,695.4642811491681,139.39379519845016
44,1,220.78186576409323,844.2899640180939
45,2,754.3053275433094,336.20742872987756
45,3,710.42027531178,362.8973183503582
45,4,596.0322869933009,1303.9458039722708
45,5,520.7352425029999,1016.3547457680089
45,7,690.6097064773345,145.73926571061662
45,1,148.79056363788516,801.7383965505976
46,2,748.0650655763017,331.61389996055215
46,3,703.2916990438429,359.8082651805143
46,4,603.1651800201695,1304.6108931226192
46,5,522.3413905037173,1013.7218212005329
46,7,690.2574699701269,159.34993355019378
46,1,101.70523751116478,771.5620706551608
47,2,726.9939452448797,313.10266279081196
47,3,700.2303504903475,364.45323575240104
47,4,608.0210569949368,1303.3943399849388
47,5,516.787246835412,1001.0657781139296
47,7,693.2138444776047,164.09610536005448
47,1,76.00827976512463,756.0810714527755
48,2,717.5375983137841,305.60028798085614
48,3,698.6194815486829,367.44005349189774
48,4,610.5380978598483,1300.1527487288474
48,5,500.2601428106854,982.5302022852081
48,7,692.202323418987,171.49223871486376
48,1,186.3979191114348,820.1379082242839
49,2,713.2787688390888,325.4763500224411
49,3,690.9419108684431,366.48489532547876
49,4,612.523900514071,1297.2193047738137
49,5,471.6902202461441,956.0446937927646
49,7,690.5616179766303,175.53315858026644
50,2,712.2077091628597,332.9080433419588
50,3,690.4675569926873,371.2817493138023
50,4,613.5053881587387,1296.0023938272275
50,5,478.10472671127445,954.5279406191603
50,7,687.123934343724,175.33731176459088
51,2,705.1147268106282,325.43120777944495
51,3,685.9465684222693,370.5329536422259
51,4,617.2106199680414,1296.3003578111816
51,5,498.3688195220595,961.3043686525751
51,7,641.1580350129113,142.40767117416846
52,2,700.853585400549,318.3852762555967
52,3,683.0028906992637,371.36727153080017
52,4,619.7929791296804,1296.566579065634
52,5,507.24247904447896,961.8019093313727
52,7,616.3084122336611,128.37344391739495
53,2,694.0877464756956,310.7701550658885
53,3,674.9077967514075,369.8648593840073
53,4,620.5782221679788,1296.9016749134537
53,5,510.4539034954814,956.7094496768755
53,7,601.6271167212519,134.25772505762671
54,2,689.4162359269566,308.44355092942317
54,3,669.5701431617852,371.86453729173945
54,4,619.9859988030671,1296.5902054764942
54,5,512.8368089458193,954.7507188485703
54,7,598.3838681779641,144.36549407103678
55,2,675.3638960416109,297.74524400267995
55,3,660.5241879581953,376.855593692386
55,4,621.0757065111808,1296.37974227352
55,5,515.6288214839865,951.181599238775
55,7,591.3304742709034,148.65587435155646
56,2,672.2395746407319,299.36956298498177
56,3,654.1508160722448,382.33829749295484
56,4,621.5068823739655,1296.2239479263742
56,5,518.6882506460241,949.7616123855926
57,2,665.2829876460709,297.20251152869514
57,3,651.5969948498458,388.731322839578
57,4,621.3050359581167,1296.6727515986015
57,5,518.8938016113857,947.7653099590818
58,2,662.7530404706368,297.2012585758324
58,3,651.2299927934822,390.8596044956093
58,4,620.186332874121,1296.6677338277939
58,5,512.0530113765827,944.7809012992752
59,2,660.0591173897344,296.3124428630038
59,3,648.3350223115038,394.40815693756076
59,4,619.4668160445781,1299.0452915253632
59,5,525.71997914844,952.5816853458537
60,2,658.8270776292445,295.37510557972473
60,3,645.7256841991307,396.7866669375929
60,4,618.3742377755592,1301.2897323181792
60,5,531.0135401163325,956.8028019462173
61,2,655.9371680993625,293.33874300327517
61,3,642.869187549427,403.4175590824477
61,4,616.7239281274547,1304.0855929706145
61,5,532.1525331833316,955.3340071622429
62,2,651.9646377570944,289.31754514901536
62,3,640.6338526766816,412.1264103916848
62,4,615.0227312785977,1306.8961575825324
62,5,532.9343187559223,957.2863375934796
63,2,647.1766062420871,285.44272656680533
63,3,635.3984471564942,421.2866390986553
63,4,611.9350685567216,1309.9300338492505
63,5,531.3524860762786,959.6862789731002
63,1,0.22612912457697473,711.4533748540427
63,7,463.2683144721538,226.46645992198108
64,2,645.7587609084045,285.65406389479483
64,3,632.9712151549548,427.58213732220264
64,4,608.9743814744307,1311.8442782129318
64,5,529.497001094757,960.9184488985132
65,2,640.8296587132077,287.13475714791167
65,3,630.8893255463101,431.9302662080009
65,4,608.2374111591034,1313.9232966367974
65,5,527.8083900006977,961.3675038524951
65,7,485.5156119596526,299.6610108806444
66,2,638.6379717066366,288.51487616853274
66,3,625.9338833773951,428.3554932524573
66,4,607.6458516212014,1315.1174707483274
66,5,526.67107742851,962.3265694579725
66,7,476.84009551483234,305.5407408156227
67,2,636.5242296415731,287.2226628299847
67,3,621.5023173807728,427.52101637866934
67,4,607.1423238753224,1315.9763979080492
67,5,505.67675870083264,951.3288874188477
67,1,9.365042615676959,717.0088457832229
67,7,428.1134078521157,310.54176749557166
68,2,636.7691221125981,289.78565998987136
68,3,621.1612890389105,429.06304074860816
68,4,607.4120510992618,1317.5791590781325
68,5,494.48279202388903,945.039398284321
68,7,392.4180457440779,306.06076371065006
69,2,631.8884607164904,287.8503424941969
69,3,608.5363954448753,436.32544279977486
69,4,602.8644489508941,1321.4076660317924
69,5,468.0420759169165,928.6422030716963
69,7,356.02158673216985,322.1289532425238
69,7,309.09495228772084,191.65499876522827
70,2,628.0412333540315,286.79431595181546
70,3,600.4025898599903,437.09915439581505
70,4,600.5423616831223,1323.9529325535957
70,5,456.6417857594565,921.4271921416236
70,7,339.20063813407745,332.79754273170727
71,2,625.4706960307263,292.71775905258863
71,3,591.8929837001425,433.90846449265763
71,4,598.3294943709793,1328.816446985341
71,5,449.4885717561321,916.8437449171739
71,7,332.0586109920368,353.4980537825048
71,1,450.164315156904,369.3212883973411
72,2,618.6161674997169,292.725804872859
72,3,584.7487280251219,433.76750374380714
72,4,597.4131340377725,1332.9406067365405
72,5,443.4916747765518,912.9444345345462
72,7,325.85216146284637,371.89750305869154
72,1,417.36959055247723,348.20552446138396
73,2,613.7239910442216,297.19920363587073
73,3,575.8357843856624,436.2817484029587
73,4,594.3657578034192,1338.78523433794
73,5,420.0955750478604,898.1946651240598
73,7,321.4731166985848,407.32599005507626
73,1,387.67672180382175,366.3970727109899
74,2,611.0228115007948,298.5046743265679
74,3,570.253677827232,441.66449248641135
74,4,591.9311398720056,1343.2720002604901
74,5,400.021574519274,884.049777482779
74,7,293.29003567515866,412.095882283678
74,1,367.3229705702824,374.9692231748379
75,2,608.072214596192,297.9468917407676
75,3,569.4761460436829,462.55342123738984
75,4,589.752280210561,1348.7849324833292
75,5,378.84511653372635,867.3971774367753
75,7,275.016804408089,424.75249552502646
75,1,356.57395793608725,395.8604861025264
76,2,605.385222566346,296.3053435572274
76,3,566.6122055479705,475.21822608705907
76,4,589.3553148661532,1352.1339602982134
76,5,364.58869598085033,858.7338329345929
76,7,291.9682169684868,467.33908762713924
76,1,361.5420398002949,415.32470806087764
77,2,608.9590445442185,301.29641386048525
77,3,556.638375057115,482.63757018613006
77,4,587.70649755293,1353.6288726671576
77,5,359.5195811090835,852.1214353631128
77,7,264.9151747451158,476.78763464008995
77,1,348.57450496125705,425.207016290729
78,2,607.9929303331019,300.3710710971333
78,3,552.9581205512717,489.348748809277
78,4,585.50910482152,1354.7536073924534
78,5,359.0101168342464,848.1427793358456
78,7,225.03814871950863,459.8035636977268
78,1,331.6386222500373,421.62289747143296
79,2,607.8814920088208,301.9338003479674
79,3,545.5115124911725,489.566608532063
79,4,586.1350299560543,1354.6118679227454
79,5,358.85938124794,835.1188784333797
79,7,277.33873783382654,545.1525191011351
79,1,314.10591117650114,428.9034328184833
80,2,606.9777508373793,302.2713030794697
80,3,543.0925376344354,491.5615456146769
80,4,586.5045054230475,1354.5490908273453
80,5,357.4916168868429,829.669450926294
80,7,288.8575162689766,578.1273289258518
80,1,319.7190359657227,458.7926036876748
81,2,605.7285509267779,301.83024625538883
81,3,537.0039350422373,492.8099971852717
81,4,589.3497252779091,1356.0850354217503
81,5,325.14507418119933,801.614443144583
81,7,289.4537665385022,600.6795218739137
81,1,316.774263098342,484.5632172239442
82,2,605.1332748993152,301.9395911122643
82,3,529.0577883060446,494.59507663561465
82,4,590.3184181991508,1356.750899812318
82,5,304.5319672489857,776.0323865138645
82,7,284.51030852232,610.7520064382747
82,1,313.6770110745803,503.35120464572594
83,2,604.0463681046476,301.51991751287966
83,3,521.3352678327217,499.127900047624
83,4,590.7392883167544,1356.9248851662703
83,5,277.27375219978745,753.0723273739825
83,7,275.51591739608347,621.9295885755727
83,1,300.41679664372924,513.6860992993536
84,2,602.6524764854876,301.01377602470717
84,3,515.259592295195,508.8181627544698
84,4,590.187969007686,1358.113871563125
84,5,258.1274812833055,753.5060101218946
84,7,275.11003956505573,638.2357546560324
84,1,301.0990156460026,528.6168673882624
85,2,601.2075375867938,299.9771842702885
85,3,495.7201282029109,505.47132290934564
85,4,587.4715355795337,1360.458792992711
85,5,254.01192485912995,737.7192958626345
85,7,274.2257471082664,662.4586435566816
85,1,292.5158067998479,539.3225233460718
86,2,601.4581955615316,300.9260420561219
86,3,498.857363368472,518.9941060534375
86,4,585.5018562729721,1360.980708497075
86,5,248.19659273495134,738.5720240885507
86,7,261.7361612013634,673.4307428169633
86,1,275.81182474358997,540.9772151844995
87,2,600.3359141603473,301.325921920531
87,3,484.3251996066026,527.5923702846865
87,4,583.3260396986697,1363.4376174903816
87,5,257.3539331098957,742.7639447012012
87,7,258.09694296407207,694.9281682821313
87,1,288.7706165691066,578.6302188042431
88,2,598.9853101718246,300.7350247691376
88,3,479.4130677294082,538.7027330368192
88,4,581.102026669575,1364.547192359297
88,5,258.1258186676687,742.7107190599079
88,7,262.2806403233212,717.0525026460068
88,1,294.5038434564673,598.3311115346828
89,2,596.9391643122871,298.4094761465617
89,3,468.10533772515447,543.6077266034222
89,4,581.1399911895868,1361.5704280305831
89,5,261.0094129020154,746.0672044267598
89,7,269.84301128478285,733.5525031337157
89,1,296.25807721964105,613.3355472364099
90,2,596.5142316127608,297.13485992740794
90,3,462.0269775357311,546.6044540879362
90,4,582.1780021742604,1360.8440531478764
90,5,264.1457393091737,749.4230489085106
90,1,294.407024048061,623.5222804509657
91,2,598.5836626070374,297.27016471033596
91,3,459.39013297513026,546.4994912703658
91,4,583.978315639678,1360.2769331272973
91,5,222.61573871921377,724.0439278569633
91,1,277.06634280670136,625.7336490329758
91,7,28.819936787930004,568.9884790761221
92,2,598.7537293491924,298.6720357507762
92,3,463.1164934790697,564.5068811624894
92,4,584.4057572324199,1360.445069339194
92,5,189.91903073660225,692.088356644444
92,1,268.02543126994493,625.2726561712459
92,7,227.8476035603909,751.2841443472307
93,2,595.3913907529474,298.60823149089447
93,3,474.00273402564744,588.2001321808178
93,4,582.7227940734754,1363.5474629372668
93,5,188.59192903370348,689.954452080417
93,1,257.8699916699848,624.3720352482258
93,7,253.24330449845615,781.7891159374924
94,2,595.7027041396939,303.1628907961926
94,3,472.4460855895855,601.308761961873
94,4,580.9937800131361,1366.528145500265
94,5,189.6146690871687,690.2964757108957
94,1,255.11434060799357,627.6577240612788
94,7,259.31048898783473,795.2687795265218
95,2,599.8815092155842,311.7468862258723
95,3,458.02321944255755,613.2846252172554
95,4,580.4456388772411,1367.584910607335
95,5,184.90988409230812,695.9426521896487
95,1,268.95875181517306,644.781751978587
95,7,265.95817163886414,820.3813995098242
96,2,603.2502334068198,320.6694964644862
96,3,456.6024838833116,627.1499749003069
96,4,580.1893442553999,1367.9238362315718
96,5,190.4479633346974,699.1946501722339
96,1,281.7940333606548,661.4065319110441
96,7,265.716934459453,840.2871356427536
97,2,602.4746931588974,324.7192071424861
97,3,443.9019078527712,631.6009010580774
97,4,578.3317726944667,1368.8447458215371
97,5,178.36968393632733,696.5507865051344
97,1,303.7617625373603,685.0184448682872
97,7,265.1383127075507,852.4956174039685
98,2,606.9477655330136,331.1374699567316
98,3,438.9532167066505,637.3529850771969
98,4,577.1662184283167,1369.7092779320608
98,5,170.44104155990715,693.5576440418896
98,1,322.58383436401533,705.0118059234062
98,7,268.3357689384288,861.3443585059152
99,2,625.604316126944,354.49264209918135
99,3,427.23681987494666,652.4070165968675
99,4,575.7032693834178,1371.8189208435208
99,5,160.69737332145618,689.2193522524593
99,1,340.7463843375808,726.2409405198263
99,7,258.1077758061897,875.7492156233185
100,2,629.9586591976896,363.39941288746
100,3,432.53336345652025,671.0481195873244
100,4,574.78250442105,1373.139488478462
100,5,157.11094479816282,688.3856025956269
100,1,351.1076252529128,738.6916686513271
100,7,254.6354661524949,884.3934762614703
101,2,629.1929748671533,372.8115724248618
101,3,465.9357447314806,710.9632336365719
101,4,573.1066504650773,1373.8345726599366
101,5,129.06845866108026,683.2650312648082
101,1,357.2821645873596,758.225405331291
101,7,247.3660679636234,902.2188369588309
102,2,625.9498961017182,374.9392073851813
102,3,474.50629287909027,735.1519299389577
102,4,571.5275658342,1373.7240865075664
102,5,118.73596962299906,684.2851446844668
102,1,353.6083641741659,768.8531479946938
102,7,237.93963712586313,911.4382342751445
103,2,626.9403752206211,383.724221922175
103,3,472.72675577734026,750.614152051196
103,4,568.4490995870199,1373.4905646859634
103,5,112.73796665183161,694.8449228040117
103,1,352.5375397861399,781.7095069348436
103,7,237.77707452527807,929.8273106453356
104,2,624.9162959048191,386.3292245791737
104,3,468.1076233887942,762.3721524858279
104,4,565.7160666068639,1372.0985902836662
104,1,348.7280899223567,789.3838183475707
104,7,232.8878040800427,940.7138949643967
104,7,131.3977871299849,789.7366779182896
105,2,624.0502408409826,393.43737676748697
105,3,467.7224570075172,775.3140917914892
105,4,564.741804274932,1371.5303363079584
105,5,104.05564764219152,708.2892614369237
105,1,353.36854887440535,808.6439270342903
105,7,236.23540624865728,956.7859539922542
106,2,623.7439180848294,404.318269836461
106,3,483.78968651727354,797.4628823202277
106,4,566.4921037045634,1371.9912762562537
106,1,345.13087349239,813.6442530884729
106,7,233.04845979952427,963.9738398891551
106,1,144.391722718206,797.2989551283019
107,2,623.4006369538553,418.91875622619335
107,3,494.728389473808,818.2525462424707
107,4,567.777848719684,1371.6037153251968
107,1,325.50385572004217,820.2576124568009
107,7,231.47224947384558,980.1334680854991
107,1,7.136373548295193,714.9602881985545
108,2,624.2912262248193,430.8727254965189
108,3,500.44311895949284,831.6917865656991
108,4,569.6070271323758,1371.2077356549062
108,1,345.4869681680402,846.4672082272223
108,7,229.77725313877244,991.7491238839814
109,2,616.6323951648351,448.3862402425469
109,3,509.8074452468911,850.7484107389864
109,4,568.951071323151,1369.098141494414
109,5,98.09217685422634,735.8546398346463
109,1,355.2421233831279,878.2129423183926
109,7,231.1257073870052,1006.6859688050475
110,2,611.8431380971978,459.7823241111356
110,3,514.1237288150021,857.6567833211633
110,4,567.5398475587493,1367.9726723485976
110,5,132.05120693740048,763.7728803543905
110,1,356.53833286303063,893.9060738008009
110,7,237.69748072186457,1019.4319747538817
111,2,605.4033883472694,471.5297178960741
111,3,509.8342152908257,867.92935851343
111,4,566.0505851961805,1367.1580889287789
111,5,132.79725438316834,772.3825032617839
111,1,352.0830895505608,911.2319789318506
111,7,248.78422451019344,1032.7760192085216
112,2,610.763627894453,497.92347875866363
112,3,506.8949975917435,876.3903874145872
112,4,564.6283816064947,1364.3727390080712
112,5,109.9253361300666,763.2101961357522
112,1,352.3132568554246,923.1053677483826
112,7,246.08852330146215,1045.1892040405046
113,2,604.5506033582459,508.17558015408054
113,3,500.875914974383,882.4969261673978
113,4,562.3238261781863,1354.6541040428122
113,5,111.69971525428942,770.0222089166346
113,1,355.6106121648956,940.5857096287966
113,7,243.179287056138,1054.8905079169485
114,2,594.4348555225577,511.107000483496
114,3,496.2394945387038,887.8637842356859
114,4,523.0463185078844,1336.8812165484221
114,5,116.19399121912028,775.9583569176336
114,1,348.60689897184096,943.8190234838411
114,7,241.30023675519857,1062.9486737354825
115,2,576.3875140945266,525.9115676362493
115,3,496.12283661370964,898.0824427797554
115,4,501.0401575146095,1329.7978791822354
115,5,120.3455346915293,781.4929935358381
115,1,378.2451450685709,974.8019404249842
115,7,236.9119059681789,1077.4718095332491
116,2,569.1486595235419,539.9414627259216
116,3,495.69679985645587,905.8701123586519
116,4,491.65005290995606,1326.8258176302415
116,5,121.27887275114976,785.0818175925235
116,1,387.0525353632982,991.4300662786634
116,7,235.7670355015706,1086.1761971898802
117,2,560.5270254219726,553.36341330587
117,3,496.3709971692761,911.8996277292028
117,4,483.70767709367857,1324.216239271549
117,5,121.73652554308428,788.9587940070951
117,1,391.949954117698,1008.2954205053734
117,7,241.3236386619019,1097.96449734218
118,2,554.9707652418251,564.1316107415832
118,3,497.53772152556775,914.0145509841373
118,4,483.5880412223011,1323.476719743419
118,5,121.2701136626515,791.2270915648314
118,1,392.98722077189893,1015.4950663701784
118,7,247.0312149537895,1105.416936874397
119,2,533.2102875646475,565.6292702025945
119,3,495.07255037214725,925.8422233095566
119,4,487.83270694348516,1321.554789404808
119,5,113.20341736881375,797.9831063257177
119,1,387.51859551086926,1027.5918917830343
119,7,258.2345030883514,1122.072842857667
120,2,522.4514065063148,572.2678389423401
120,3,492.8869475946175,930.4442759417665
120,4,489.2217372243892,1321.6466192130133
120,5,109.82775221044578,803.6193956140709
120,1,374.74412791644835,1029.4721158218163
120,7,263.5879597484988,1129.531200794175
121,2,513.8447665361243,584.0347936264673
121,3,489.51158780778536,937.2347032492725
121,4,519.6636883911976,1330.095068024634
121,5,107.08977804392012,818.1980016108074
121,1,399.9712905304683,1054.6468086675418
121,7,258.8616666212419,1139.075982331644
122,2,506.9841647708701,595.1736753064421
122,3,486.11633947985257,940.1551748785387
122,4,535.2845871061865,1332.5316126201085
122,5,109.86896088295168,819.7093769431436
122,1,411.6696991935941,1068.9989861589975
122,7,254.13663316894846,1147.5254304364762
123,2,493.9552957406353,616.8251646073271
123,3,495.3884308079288,953.2400529365949
123,4,541.890359119163,1330.0874973759692
123,5,105.90385206941335,828.706902258097
123,1,417.7522655835843,1081.696092837673
123,7,246.89131995246157,1159.133816911804
124,2,486.0895760879702,624.0257078586404
124,3,499.6884658567664,958.0718181655741
124,4,544.5425088205138,1330.9060306215238
124,5,101.4732893382406,834.2479545957617
124,1,418.3880610106376,1090.1595171798665
124,7,242.99412358312534,1166.6704004346664
125,2,478.2148936788872,637.1765367115819
125,3,487.56121162695814,962.1541699938834
125,4,540.5270269037147,1334.6647499653166
125,5,104.91759427733217,848.0057034148524
125,1,409.0121241568402,1102.3267803751362
125,7,249.30956494848385,1175.5857323805633
126,2,461.2761943247455,641.469881031124
126,3,499.5011259277202,976.4458092123507
126,4,540.1973540352396,1334.2671003305825
126,5,100.7881368238997,852.4987899267541
126,1,375.60939561141487,1097.3433868340928
126,7,263.14598095053617,1185.632823282484
127,2,448.5185548441448,651.8917335403288
127,3,506.7638115688029,985.9516730853725
127,4,537.414079659157,1336.2756370025959
127,5,120.27196336153757,871.2009100117255
127,1,406.749181152659,1122.6357251882366
127,7,262.94199601285703,1189.572693531743
128,2,440.67666047172287,661.2132403355102
128,3,509.25716077712246,989.7705141676512
128,4,537.4417044611773,1337.4387410471777
128,5,128.6867996350772,880.6351110962057
128,1,406.23803689669893,1129.3260878584713
128,7,258.5589574783824,1190.8865735441268
129,2,431.4277089802686,669.5403016551651
129,3,513.0583957066422,995.2105423877149
129,4,537.4611527588686,1340.1713427314805
129,5,136.28778279560765,891.1727507883076
129,1,427.59482016067835,1145.8913961663204
129,7,255.40072285561877,1197.2323524032913
130,2,424.7438088999321,678.0048172785439
130,3,513.1426654786683,997.1772271767064
130,4,536.9217643536273,1341.7353089758456
130,5,135.29819302690439,893.5736611274118
130,1,434.6358350309599,1154.2137973132324
130,7,257.692304950736,1204.9596053711457
131,2,415.99451454928413,683.3108418894071
131,3,510.8042566498159,998.2144600923766
131,4,536.6000352634725,1342.2462497723568
131,1,435.9511433996429,1164.3665289025823
131,7,259.17648353408833,1216.449212097733
131,1,169.67822920621282,811.5531935003738
132,2,411.1660398942787,692.4427560053438
132,3,508.54593283731236,1000.6228117708498
132,4,536.5656815513958,1342.4422003964123
132,1,434.35321225464486,1172.422150742943
132,7,262.52688518245213,1224.2183846041037
132,1,198.32727647595377,831.0009489586722
133,2,379.7735573200739,685.1751290857407
133,3,505.0592818267588,1004.3470856212192
133,4,537.2656792887739,1343.5197997711641
133,1,433.4808498869719,1178.2198810813386
133,7,251.33127448205724,1227.9874508799362
133,1,197.22086936540447,830.5029457226915
134,2,366.0214219705546,686.9570803936724
134,3,503.37926496264066,1008.9186151635206
134,4,536.4642990819586,1343.5217586686672
134,1,434.85381192568036,1182.6861628724992
134,7,222.57681570955432,1223.055405767259
134,1,205.0909493255558,836.592135688332
135,2,349.1014306161477,688.02246236095
135,3,499.90477295309984,1013.9299683701873
135,4,536.5167625804695,1345.132033600724
135,1,447.99118771661057,1193.6978953604403
135,7,246.49021697923118,1239.9571505793665
135,1,191.7164988850091,827.7528523870889
136,2,342.0378820716554,692.5938218826864
136,3,502.5951022919365,1017.7121810897406
136,4,536.1395459024731,1346.2948018877066
136,1,457.90469872343164,1199.652483127471
136,7,260.1462206114849,1248.433158958385
136,1,179.40830263938344,819.9587474155213
137,2,336.8334545586496,699.3040478035056
137,3,502.94015339483883,1020.2330678786963
137,4,536.4187802064769,1346.20374577623
137,1,467.29310753693,1205.5641484883902
137,7,273.1875570079517,1262.3594514180243
137,1,188.74292899304967,824.9276538388864
138,2,333.9344753928555,703.7107116071621
138,3,502.6083297162881,1021.6731944510708
138,4,535.7275104384657,1345.0447726094367
138,1,472.7901230307461,1208.9758172051684
138,7,282.6449629483792,1268.8932724897388
138,1,198.51056169204142,829.2211740977918
139,2,313.117347793056,708.1963158414495
139,3,519.3872672783617,1032.244971131261
139,4,540.327178445148,1343.3761904768426
139,1,473.68049626527056,1211.731346000825
139,7,287.34146308342514,1278.4824405608908
139,1,189.77614845568365,823.4462096684908
140,2,308.41287437409704,713.7066814791638
140,3,528.7649705961618,1038.802148720921
140,4,541.2625638482065,1341.6808791990568
140,1,473.3320873287057,1213.0821611632032
140,7,290.021047765517,1283.0069399234435
140,1,178.13282408640578,816.694485113853
141,2,298.63855788082316,716.2269126043948
141,3,536.7285666624832,1047.782398409856
141,4,544.1589050853125,1341.222870068865
141,1,471.41034610187774,1216.0243555373288
141,7,292.4460163790313,1286.5514441936184
141,1,191.01328579232714,824.7265352217518
