0,1,877.5920803501333,1000.0027647118784
0,2,995.9912830383604,1021.2696212756649
0,3,540.5358145446835,1287.000289128421
0,5,592.5067915800848,112.13407614921336
0,6,570.7305388185861,1370.7438517161618
0,7,609.1661881625619,452.6061530811171
1,1,877.6169283686921,1000.0247437877023
1,2,995.9912830383604,1021.2696212756649
1,3,540.5358145446835,1287.000289128421
1,5,592.5067915800848,112.13407614921336
1,6,570.7305388185857,1370.7438517161615
1,7,609.1661881625619,452.6061530811171
2,1,876.488080967803,999.5970269293393
2,2,990.2351167312546,1016.1005589691922
2,3,537.2986652116051,1286.880875645554
2,5,594.1590914884955,115.18195772217379
2,6,569.4667314422481,1370.316621573173
2,7,608.5303847542477,453.5498635018467
3,1,875.263049819288,1000.9001218696656
3,2,989.4083676906973,1016.5185104866121
3,3,533.5832212079218,1286.0026394492136
3,5,591.7118104958281,121.56105948807271
3,6,567.1915336003085,1368.7194689449636
3,7,607.5042132059607,457.8916131664759
4,1,874.4653087833144,1001.9625645712215
4,2,984.9091475392854,1013.4095430858215
4,3,528.368633609678,1284.760163094773
4,5,590.305536763362,124.72074914642104
4,6,563.9432799006876,1365.7194646706062
4,7,606.4757904317885,460.4582976481338
5,1,873.3546093329201,1003.6353495052443
5,2,979.7675694841391,1009.8015235037724
5,3,524.208874408968,1283.3577220135014
5,5,590.4027653331068,130.28488643856866
5,6,556.8218429544389,1361.129653099181
5,7,604.827112625579,467.6194434596857
6,1,872.8232054979132,1004.4648241045098
6,2,977.9488092817886,1008.901414809361
6,3,522.9899178071838,1282.9414020887623
6,5,589.2004405075068,131.1752969750548
6,6,544.3932991871625,1356.1338308495115
6,7,603.7721931695351,470.9065092629022
7,1,871.7123129779534,1005.9552069155475
7,2,975.361034193438,1010.0996713327439
7,3,520.2004666425428,1281.659687769369
7,5,586.770068163385,131.78277199111096
7,6,533.9202873538002,1348.549434866
7,7,603.0566408755334,474.1579900177169
8,1,866.6053296901375,1006.594228762631
8,2,975.3155117644526,1011.2524085019495
8,3,515.4003472500591,1278.3869953070634
8,5,576.1084860165489,119.77181276389037
8,6,535.2545819641036,1343.1097776197118
8,7,601.9285533709389,474.9879191829441
9,1,860.4166238036116,1005.9080312756273
9,2,974.2398169984785,1013.3704948118469
9,3,500.2991004319191,1272.2751549815955
9,5,557.4944023471038,104.77710967908429
9,6,537.1302273101414,1337.3657678684694
9,7,599.256414200075,474.6321229560349
10,1,855.7495240294318,1005.8701010184974
10,2,972.8830845276194,1014.4785246169448
10,3,491.55027577180323,1268.115907781737
10,5,545.7074832685778,97.3358861368541
10,6,539.9874013553017,1334.8132669751033
10,7,594.55694203184,472.92067594955284
11,1,850.0969988889165,1002.4778643749702
11,2,972.5693423082803,1017.7910778064338
11,3,472.5371405518314,1256.9041342126357
11,5,521.8422669946798,78.11521044687252
11,6,542.1794774976137,1332.252697127976
11,7,582.7943931932969,476.54535811589375
12,1,846.0735265317803,1000.8579628675923
12,2,970.8677801540421,1018.7627106895023
12,3,457.94795743791616,1252.5642344953874
12,5,521.3664400388232,85.83223558300844
12,6,544.7618236814503,1331.3351247532896
12,7,575.7442717986013,479.1149414343764
13,1,839.4773055870585,998.783709453576
13,2,971.1455765066756,1028.5669252458238
13,3,438.9938221630506,1249.5017385860813
13,5,510.75676602738696,91.29338087750565
13,6,559.3048135144497,1325.6467031070656
13,7,576.2638399706864,485.3113487030959
14,1,833.3551223886304,996.1532174252869
14,2,969.9398944270441,1032.8570328862709
14,3,452.83577917110165,1253.434960789291
14,5,507.7817235364206,97.92026838425707
14,6,569.6965924494451,1304.2839747694363
14,7,578.1545079642534,494.91740673840144
15,1,829.9673082032454,995.2685682378947
15,2,975.2878757803171,1040.679983391108
15,3,459.9111459738237,1251.359652246293
15,5,503.2092802134676,105.08595862222958
15,6,579.1969890786083,1291.5272519530793
15,7,573.2448292284976,502.7201407772586
16,1,829.4523825717245,995.815645924963
16,2,977.2696100149711,1043.4008118872587
16,3,462.9835564480665,1247.8424979637998
16,5,501.82888284567036,109.45191692089199
16,6,584.7357829558348,1285.8198919221015
16,7,571.8196771601887,506.2417238341382
17,1,828.0836755717281,997.9666514860153
17,2,977.795283721024,1045.9543470981812
17,3,460.75051814374075,1231.7435093308054
17,5,497.519541385248,109.06014013213553
17,6,592.9204800859916,1275.7058223728548
17,7,559.7308962837039,514.7082537223517
18,1,828.2258927604765,1000.0341098939099
18,2,977.3481686500892,1046.4917784478264
18,3,462.025382513846,1219.9464884081756
18,5,487.7369513267784,100.74141296659765
18,6,598.470542828909,1270.3901012316476
18,7,551.2103690323346,518.4198342216325
19,1,827.5559713854451,1002.0668289657026
19,2,977.3100657117004,1046.35290640082
19,5,460.787797367494,73.92823746081278
19,6,586.2779263185097,1247.2730833684586
19,7,545.1367860872739,520.5559486556944
20,1,827.8495357319639,1000.1677174273739
20,2,977.3625194564707,1046.1738428473413
20,5,455.09657222361653,77.21913743238113
20,6,580.5246806334088,1228.9438925108789
20,7,540.1497156338921,519.6804961920757
21,1,826.3781370099266,1001.9564469910428
21,2,976.5552523087049,1045.732592326747
21,5,437.669534789554,66.30978371860334
21,6,590.2456034052337,1202.6783780905841
21,7,523.2363248238272,513.2160512754442
21,3,479.02067228057894,1184.1163716054477
22,1,828.0113210281846,1001.3514273349655
22,2,975.9812269657325,1046.019428893434
22,5,432.11860059193486,70.67146054404162
22,6,598.8237788086792,1185.2940692053546
22,7,501.01016725622424,498.7516493235775
22,3,497.24431828936804,1176.4883123981726
23,1,828.673583133,1001.2249732676983
23,2,975.3479432456347,1045.3075086734261
23,5,420.6423034716309,77.31157978145868
23,6,602.6709043350104,1168.9007282166122
23,7,497.14921982155016,501.37618517960834
23,3,514.9765695993456,1165.555697153725
24,1,829.4373801205963,998.6535570124762
24,2,975.3632247362518,1044.738906051143
24,5,409.75010198391743,74.34654419267021
24,6,609.1574695232217,1150.561156971337
24,7,494.47809040115004,502.9910758238521
24,3,521.120035556762,1157.5071864068125
25,1,830.7790589650143,996.2186601747808
25,2,974.1574587254455,1046.3896866496254
25,5,375.0266232274515,48.294837797385604
25,6,595.3939092118338,1120.85239387135
25,7,484.8712033085849,516.8379115609176
25,3,528.8986890845149,1145.8649345424096
26,1,832.4908113191669,995.2934874432925
26,2,974.8921355862923,1048.0847209466476
26,5,361.4784600367791,42.45552378027965
26,6,592.4304891195557,1105.427544837527
26,7,474.3520638541397,518.6094720781103
26,3,529.5886353724229,1134.7916653008176
27,1,837.7362890296363,995.4451866166182
27,2,975.6829211360676,1047.8603013397578
27,5,354.3821965129056,48.60703213438087
27,6,602.5362309887721,1082.0630880575775
27,7,466.51069417680554,526.3929269139164
27,3,503.7052743262304,1099.785510034665
28,1,835.3687886239036,992.7949182865788
28,2,976.1753561094097,1047.4015767448454
28,5,358.6979347123967,66.63220230908122
28,6,610.6528199176574,1069.2400435071163
28,7,461.5040178623147,535.1770195719995
28,3,494.2276529754617,1073.7266977010352
29,1,829.9531968777685,987.0650353018384
29,2,975.7234547962211,1046.6618700786353
29,5,348.64379851106025,74.19005099266965
29,6,617.0396026918211,1049.4536251858474
29,7,461.14970599720925,542.8666116590756
29,3,508.5040052477084,1051.6038274857697
30,1,828.9399996161441,985.2829981730849
30,2,976.1640476638828,1046.8758103623684
30,5,345.3268867994494,80.68339088437484
30,6,554.3593185762481,995.7411339891366
30,7,457.42846855241714,545.6709174493552
30,3,516.4492095078438,1044.0725991573568
31,1,824.110165180013,979.8761940745406
31,2,975.7336998568447,1046.3989434365442
31,5,332.7505889889651,87.84926590161552
31,6,567.4720022234619,983.1515448974412
31,7,450.19096142852766,550.3061430569969
31,3,521.8262191187162,1029.2162362044073
32,1,821.7098676468876,976.855330782975
32,2,975.2654683885029,1046.7706434196248
32,5,325.04020422741263,90.13828496311145
32,6,583.3513373475552,976.7022807793098
32,7,446.4005234011315,554.4246926324555
32,3,524.4787887218201,1017.3261382456766
33,1,813.8228373205603,970.8234899192797
33,2,975.4640078207568,1046.3672849244783
33,5,319.30856790319666,93.78041976003979
33,6,578.2354495605485,951.740867503559
33,7,442.43200475940495,558.3945657997024
33,3,499.57329166670706,971.5497276495947
34,1,806.632738870062,968.9676490239797
34,2,976.3446312499588,1046.500178153319
34,5,308.38816496807044,87.82834425139978
34,6,584.0250825507123,941.6022600298026
34,7,437.2905330749045,557.5415859812751
34,3,485.79662241608384,944.1531571471459
35,1,804.4141280827411,969.7568508892438
35,2,977.4991851666745,1045.1746659431496
35,5,283.79954965316574,67.23032762530403
35,6,581.7507008383872,919.6770557747171
35,7,433.2687648890521,565.4018198944858
35,3,501.85843568591145,933.3607632816014
36,1,804.1206084144935,969.3834000836755
36,2,978.2844008701564,1044.0696736278908
36,5,268.1712405960522,53.34765736373466
36,6,581.5834026150098,906.3211165644758
36,7,425.8597630627504,574.0842221288788
36,3,507.41220850041856,923.1992486806274
37,1,816.1690587141891,978.6084268960562
37,2,977.9491904662489,1043.0515641717377
37,5,263.6949094688403,56.248994154637835
37,6,563.778424424573,875.8030804465269
37,7,421.6423536388748,579.5396940730599
37,3,513.9386472860331,909.4891210477003
38,1,813.8620556899701,979.1147625383838
38,2,977.0968362983763,1042.3282686057742
38,5,277.0507935744795,77.03076320737209
38,6,560.0119671401284,855.7103272288076
38,7,417.0301505662809,580.6283006127617
38,3,493.79280186399734,886.3327407512076
39,1,804.79883122953,973.9509391287025
39,2,974.3097125515167,1039.7863971648105
39,5,251.6854416814535,56.356351088789296
39,6,556.915258709741,835.4801146099569
39,7,387.21200614415267,559.2852534255906
39,3,463.4608843684246,853.8905757140633
40,1,800.7328593323148,970.8936030857203
40,2,973.079684475283,1037.7697012356616
40,5,250.7646974957849,65.69999093928949
40,6,539.7861242839717,812.4749023966132
40,7,391.3322874940919,565.8528815110706
40,3,438.62496565092584,824.791318692007
41,1,795.0001962004476,970.3246614453227
41,2,973.7929423729387,1033.760111093866
41,5,249.9822290885653,78.1783304697837
41,6,507.8626614615831,765.2990071734527
41,7,388.47158633210324,561.8979000448569
41,3,445.5789024680977,809.6594763576603
42,1,792.1230410371646,971.4824524456027
42,2,972.8992060067126,1029.7299305829952
42,5,250.89850192876384,85.74799749181977
42,6,473.42825602055757,727.0071177734491
42,7,387.40273282769965,561.1968825104416
42,3,442.7268384303515,796.8491784419059
43,1,790.4799529830751,972.8786075592229
43,2,973.3864211822153,1025.4287819582062
43,5,248.18554121849985,87.35430809627742
43,6,544.9321533456043,775.021105233265
43,7,387.36362931089593,560.3038433356037
43,3,443.52784014278745,782.410471107958
44,1,789.1590788063412,972.6269261504286
44,2,973.3222817199057,1022.6747185260947
44,5,251.1945481645978,95.38563744057558
44,6,511.47192232072234,739.0354137682667
44,7,382.41578823167663,559.2731274171559
44,3,434.77630677038036,763.8515703567258
45,1,786.6885339339292,971.3388557538642
45,2,973.2277794187839,1021.6967556205303
45,5,256.1820961711145,105.19527847206372
45,6,441.3024358272642,667.0490684780564
45,7,373.63405441744453,553.9811758125957
45,3,432.8638166220154,747.4282221150044
46,1,785.018425370188,970.1934090742388
46,2,972.4422580194878,1021.1656757487219
46,5,258.5052215687485,108.8008125558423
46,6,406.1431586590659,627.337042178842
46,7,368.25718409389657,546.3054566322708
46,3,435.5150287467621,741.4465738385518
47,1,781.8050433258511,967.5921075284714
47,2,970.5666133780255,1021.8461106635423
47,5,259.5079235335136,110.05202288070396
47,6,441.20984771795196,635.6415265646193
47,7,337.4207936802246,511.08485513030166
47,3,440.51103261869497,735.2299264030102
48,1,776.6107049783795,962.2532435404803
48,2,969.7268808279686,1022.4189308077904
48,5,255.3546676514102,104.80394762000172
48,6,449.81445724808384,636.3522750333756
48,7,210.37329410020018,390.9039657374438
48,3,442.10852267619254,727.6824431102768
49,1,770.932589307545,955.1515729026191
49,2,966.7329794296514,1020.584917704432
49,5,254.51206867801582,104.67891133305997
49,6,443.59196819879423,627.8121090293155
49,7,137.2592345881354,316.3747972437775
49,3,439.86412248609764,718.4002332855657
50,1,768.000448241257,949.681554008502
50,2,964.2809065557286,1019.0710560005124
50,5,254.6549588012292,104.65532629503494
50,6,446.3580380010407,628.5400240675947
50,7,108.49757015330381,284.6564301586263
50,3,440.27237838564326,713.6279263785245
51,1,761.7512362270821,940.1485897081429
51,2,958.5004746020066,1013.4091077386156
51,5,247.07034226589914,96.46247352953517
51,6,453.76923741941494,629.0101759190542
51,7,241.84444087249204,405.0979945601098
51,3,426.07118742669763,692.2523224077838
52,1,758.1062576642444,934.3955212998721
52,2,955.7812995147609,1010.7645018957143
52,5,244.71180810246562,93.53067630624506
52,6,460.2404085163924,630.1462860281853
52,7,345.2748245324147,501.091224602798
52,3,421.10895662793547,679.5379978636098
53,1,755.5043931035752,934.5376135279796
53,2,949.1447128817053,1005.7774635113003
53,5,243.1614737232858,90.05725820211883
53,6,423.7491429552476,589.4262282817517
53,7,283.7760496759561,439.10545237057084
53,3,359.67046832245865,615.4822048100456
54,1,749.8134690290291,933.3046935188315
54,2,943.2643006751815,1001.1432039592274
54,5,246.41973040518238,93.29372082964822
54,6,451.58688290855684,603.6644338787042
54,7,324.7547335088602,471.34694133741914
54,3,322.56830149149397,576.3182950945856
55,1,744.625667155389,933.3831376039528
55,2,936.8117842717328,996.2593189271547
55,5,257.67385305074515,104.60002338127819
55,6,468.16140481991124,610.6357940404366
55,7,328.8789183690727,475.94504978860255
55,3,349.37023100089704,588.8010179640327
56,1,743.6264115313649,934.6670937970905
56,2,935.1641525457139,995.1834440138374
56,5,263.0903611531058,110.58808216141061
56,6,474.35933192108126,614.190903214914
56,7,335.755977483154,480.94947874825175
56,3,402.59498408659067,625.6345319584789
57,1,742.6777227304935,936.1842674673417
57,2,932.3009897537846,991.7035544066591
57,5,265.642236774067,111.10653245842008
57,6,472.8536589850942,609.7026600387067
57,7,322.4291667356912,460.5709632495658
57,3,421.5057967023842,638.2598150496095
58,1,741.0735391361883,936.7069423616707
58,2,931.2630992439595,989.0183316675603
58,5,265.0685977651087,110.97803135551811
58,6,470.7128671795458,606.8378620019387
58,7,313.4404002976285,441.8631216515077
58,3,432.5721649335219,644.2632018932927
59,1,737.8736602671821,934.1728596029826
59,2,927.99413854332,982.3516425779318
59,5,266.18042840042216,111.06308372934267
59,6,469.1934316662097,604.7385094267051
59,7,313.9037107546614,426.6341080872513
59,3,441.0658300445643,651.9018863105948
60,1,736.6062176473328,933.6654455723532
60,2,926.1019605090679,977.8072077392236
60,5,267.04051389135134,110.90015196985858
60,6,469.30115655661524,605.5523194224222
60,7,290.0927032639372,395.4224012350787
60,3,443.14511151935653,652.7431895058139
61,1,735.6893349952044,931.9551850909886
61,2,917.0199474244456,966.5235570716534
61,5,263.1112774851596,103.65473817858101
61,6,465.4659570429302,610.2647183813878
61,7,253.6383201076999,357.7039309901788
61,3,383.96253997305195,611.0158543136304
62,1,736.8979391380643,931.6102402967238
62,2,910.3191870978602,958.647367257406
62,5,259.5993570117349,98.17789121430252
62,6,465.41583997758056,612.4888497579609
62,7,244.97077500178528,340.71113084279705
62,3,363.53964800209684,596.6291685617116
63,1,737.7548930842038,933.3332308261382
63,2,905.6099731035462,952.1243598341962
63,5,255.72383772812324,93.30485774134382
63,6,464.0812375712106,615.343173664197
63,7,238.42729925031196,331.31717203552915
63,3,370.68222848602585,603.9539961901088
64,1,735.814360694364,933.1068572816238
64,2,904.3580584498837,951.2571015190772
64,5,253.45336862470066,89.76385421061931
64,6,462.5199825968878,626.9540391624674
64,7,252.6250057679277,327.48747378918273
64,3,364.2745068392926,603.3402233022374
65,1,733.0355228047957,933.895831608603
65,2,901.766387621099,948.9578703251605
65,5,259.0046449487002,94.23437841272288
65,6,458.50874346480737,630.8441118480339
65,7,256.7257781124353,309.2377615628408
65,3,374.4530075111314,617.0639718410429
66,1,732.3308236663805,933.9879075236911
66,2,900.2599216592447,947.5960451294492
66,5,271.049760145662,106.59899891490721
66,6,454.58621163816304,632.7341738114363
66,7,262.5614752119802,298.8762143974435
66,3,393.13462379969314,635.3197214336794
67,1,731.3334250038321,932.8699900293402
67,2,896.8958280268076,944.3822749915471
67,5,265.51263699117555,104.70525713042808
67,6,453.30224881107375,635.0739378451028
67,7,247.7299507495951,268.23158763754543
67,3,388.1164295504694,638.5319698305882
68,1,721.6033566565679,923.6594215455705
68,2,893.883696242623,942.5672525888111
68,5,261.16927241530647,104.37086527443428
68,6,451.78906232808635,637.9479378936222
68,7,247.2630353329575,257.38761269761784
68,3,376.94461110014765,637.8461948102007
69,1,713.7036868256209,911.8281699561239
69,2,889.2254808237738,939.9908640912586
69,5,249.72294964748423,103.6540687227885
69,6,380.296428220925,585.982051215139
69,7,252.0983332073046,247.6886418832502
69,3,361.8313381503807,635.2081216674085
70,1,711.1034772351255,902.1567355198665
70,2,882.9550583608462,935.157781918521
70,5,226.37000838673342,83.44798792079519
70,6,343.98506148174783,562.0095640013895
70,7,253.47430737199247,239.40647090934795
70,3,404.27041965051166,674.7462431456855
71,1,695.8431728436783,880.7774248641786
71,2,871.7895512551229,925.8458628818415
71,5,217.7705829895635,87.18771977343077
71,6,359.15911763320537,585.7251433909129
71,7,251.31793821544315,224.55725776653452
71,3,394.66330342154345,673.4174892435601
72,1,687.2206969149003,869.3412288061305
72,2,866.7753252145824,922.0901929819186
72,5,169.54255843343856,53.5654825841164
72,6,343.93129220547513,575.7561678507744
72,7,253.31769808643014,218.6547549548755
72,3,390.02627463680733,674.0273913522351
73,1,682.2053728960933,860.2103358688705
73,2,864.0835910500136,918.4037962436
73,5,229.53923828089506,151.19897460123312
73,6,341.0183134035494,580.3525745318517
73,7,242.40507296332345,210.26224176733166
73,3,383.86634827296376,674.7080581049182
74,1,681.8341776468521,857.712785927209
74,2,860.6867229323736,913.1870004537524
74,5,232.93870202912424,175.73772650952313
74,6,401.3939362220506,642.411700809261
74,7,244.29470789025748,211.13887104661018
74,3,384.7047521482266,682.895575693227
75,1,681.9974953595084,854.247162404197
75,2,861.220920083022,908.934444736429
75,6,436.8945362368758,679.0756309818385
75,7,237.66213628260638,208.41360437785002
75,5,11.448411819265903,720.34981844108
75,3,384.5491133379062,686.8510527873757
76,1,683.8274336632386,853.4700889372539
76,2,866.0643638979542,906.7528067149364
76,6,453.8299899150204,697.064859895796
76,7,233.20345959873092,208.30280467904234
76,5,6.943249073509381,717.6285082632176
76,3,382.57388008025345,689.3675011722867
77,1,685.3817191460873,852.3160069372265
77,2,869.9195569456795,905.2255043716243
77,6,457.64395405964666,700.3154955391167
77,7,177.95518247624514,165.58024383463726
77,3,382.95421439363,697.0877843989755
78,1,685.9413262360114,851.9549554657541
78,2,871.1672220499883,902.9212866384893
78,6,456.9577524706916,697.7021385399969
78,7,138.51585346660505,137.19546815290212
78,3,379.24558921593047,701.5632355024777
79,1,686.1093976201906,849.0314610344741
79,2,869.575125975312,892.8852612937035
79,6,461.11031925408724,689.9597727135147
79,7,173.3049411553567,196.1258897570834
79,3,368.9056719338281,709.0701273384667
80,1,680.6154331701076,843.7889949243895
80,2,865.7385330935355,882.2746871059122
80,6,479.31545306400824,682.6621937882974
80,7,191.22598864806864,227.05149128884597
80,3,365.00883200241265,712.2399501421438
81,1,666.5182148296145,830.4038336113051
81,2,857.2900763655708,863.8667056514114
81,6,488.65292579802536,660.9156024471964
81,7,172.61001012672057,223.41025679648305
81,3,362.44750943211585,723.4293626692993
81,5,103.27114104229065,196.67527515949118
82,1,661.036068762226,826.3239945118469
82,2,845.6328883641136,851.2467981023303
82,6,495.31113497198254,649.3345257802646
82,7,153.05996065039454,216.96452592197434
82,3,357.2217274375161,727.1296806708115
82,5,106.84866607607721,212.72245044591037
83,1,654.7866116329299,824.6377988832778
83,2,839.7393147506978,840.1023847950485
83,6,498.58253835072264,644.9850236978172
83,7,164.6180383861314,248.5141624075322
83,3,348.4232829467734,724.6573645651966
83,5,151.85115872105848,290.6449770140719
84,1,649.9629540373793,827.6591978595721
84,2,834.7460319256159,832.0497599962183
84,6,505.72925941805374,643.4198842780472
84,7,183.72320491684013,279.48284084533833
84,3,344.7508890135526,722.4761838778547
84,5,146.6269269985502,303.58585711412235
85,1,648.6184433078304,831.5153495147831
85,2,828.7655981470301,827.1303406183252
85,6,507.54804146568705,630.5599676494198
85,7,178.4632011811201,289.8385478485349
85,3,327.9148565911433,713.3693941279806
85,5,165.10085911016554,352.03537761000496
86,1,647.8914601692849,832.3149655439465
86,2,825.984522056255,826.605316870746
86,6,509.9963985473945,622.0931988234657
86,7,174.8757850079852,293.42201789606787
86,3,318.60445919575324,709.585827503778
86,5,148.9679750811596,357.3106418131932
87,1,647.7187149186749,831.6231692811879
87,2,827.6773783974924,836.7280915768663
87,6,484.0656203558205,573.9756545407062
87,7,172.94323865481167,309.8806588164739
87,3,303.2178806370967,705.88926680647
87,5,51.56379417156004,300.1989709551175
88,1,645.7455211933484,830.2621274776388
88,2,830.6009826405171,844.0605831170755
88,6,468.5795066789494,542.7914992545635
88,7,170.97237312456133,324.71132164089465
88,3,297.14211407428843,704.8675046742901
89,1,633.4702639508222,823.4866927448204
89,2,828.953225674323,846.9123851541098
89,6,476.39676322464055,518.999313386378
89,7,171.34692399847725,344.8868104720389
89,3,294.43505363890614,700.7910738294098
89,5,59.41203338053223,350.200272110283
90,1,630.6752129869127,824.171215204537
90,2,826.023853287639,847.2424352485726
90,6,484.6076621443212,507.8598219883978
90,7,172.21759798062104,353.6323610017587
90,3,295.5727730791573,698.0064238862935
90,5,89.25849291951606,384.62715927283716
91,1,618.2758206447224,817.7210404198654
91,2,815.622022478107,844.0738598272832
91,6,458.93599713574747,460.3721675225258
91,7,161.78945306603825,363.5053450622725
91,3,297.3441179442265,687.8418707645028
91,5,104.62071861212863,418.832041002697
92,1,612.8885809527483,816.5269514162852
92,2,808.8590264078068,842.8716573576625
92,6,473.609566232872,461.4796933282706
92,7,149.66798733122363,361.2712065531666
92,3,301.94029901490677,679.8264087499655
92,5,97.01549779665415,422.6977610630908
93,1,610.5949036933936,815.7625790182213
93,2,804.6580310031193,845.5829326631003
93,6,516.7035679999943,491.8767142406597
93,7,166.82768444887245,387.9448610974258
93,3,313.99565714676953,656.8616656292237
93,5,30.65725445220096,377.34006253550587
94,1,608.2326058704159,816.652292430127
94,2,794.6301149086436,843.966653123262
94,6,538.6776310344859,502.8189179265661
94,7,80.21009402388893,341.1252900238412
94,3,322.3516451453295,646.4943047636684
95,1,602.8611815716736,821.8722247711912
95,2,786.734558677725,850.2910342036436
95,6,548.7429684714316,494.9911302247095
95,7,144.1138929202418,417.4773216631239
95,3,321.685487855457,635.8135370247368
95,5,86.78630106172515,457.318520960984
96,1,594.3884568819133,833.1349856219632
96,2,781.8523969395707,856.0251059015594
96,6,556.6101495858801,486.7893044047017
96,7,155.2011978016393,435.83713509147213
96,5,98.0440001827254,475.48720468652493
97,1,586.1150946399433,840.0050149141044
97,2,767.2870153104573,871.7202926191288
97,6,568.5036849044753,468.31950365656303
97,7,151.5336913206946,454.1829187339266
97,3,315.61537078734415,583.6021297966804
98,1,580.7011302619686,844.7543365004316
98,2,759.7172816383302,878.765792575035
98,6,574.2263720149201,458.6908102200335
98,7,135.84756960198644,451.4996185606796
98,3,321.02715897053986,564.5670859246545
98,5,37.6146808079067,453.9695830816812
99,1,572.3351166230785,851.4271540844323
99,2,751.1277664632162,886.2964607736261
99,6,558.8125329454273,419.2914738798335
99,7,188.4075844855939,515.265852307729
99,3,327.14108863878795,550.9194407858707
99,5,15.019309497608232,452.4525913072826
100,1,563.5553223521638,852.5098881419389
100,2,746.1505637862838,892.1672029870462
100,6,555.1502655939829,399.19515166281434
100,7,173.8517705987193,514.2207224210478
100,3,333.41792963337616,542.1209833024661
100,5,3.022031283150839,452.7098740589054
101,1,546.8280907128983,859.5406283782812
101,2,735.376072069834,896.9487768757074
101,6,555.1726752674621,382.6678053910044
101,7,155.79613534810798,519.3739589706639
101,3,322.1344408564741,514.187718279518
101,5,55.253889995055864,513.1982919537896
102,1,540.7328275663016,868.6643552698546
102,2,717.3358190185647,894.1431169958822
102,6,558.7222808553861,375.0290068071737
102,7,126.89242356928808,507.35293804047205
102,3,327.86291386185235,515.516156700187
102,5,84.77421053877556,542.4812916894489
103,1,530.5670915421787,873.9362251220161
103,2,705.632084615207,898.4041733943692
103,6,562.3731353073484,354.3375673747992
103,7,175.50249171528807,557.7875548967828
103,3,365.355120985571,522.7524757514927
103,5,146.30457262938484,605.1143327435706
104,1,528.0146383447827,879.2521208897961
104,2,695.8913728241519,904.0924294087511
104,6,570.6360611824991,344.54458585277786
104,7,184.37850638972614,574.9724096900521
104,3,376.1363194578059,525.9251412905555
104,5,158.12063913536318,627.9915273295628
105,1,527.2783413125352,884.4775747562234
105,2,691.0092443581892,911.113946722932
105,6,573.5084717800623,333.8917443681817
105,7,203.7183084647877,598.9888588769204
105,3,385.8909522471714,507.71512693042365
105,5,160.39084730616327,642.5014010701253
106,1,524.6150273516226,887.1608295689714
106,2,686.0777784330402,916.6652889232802
106,6,574.7301918995557,327.6103599799769
106,7,211.54268576322755,612.2312959289036
106,3,391.77755492016587,492.2613422646011
106,5,168.23962513074437,659.6139634853415
107,1,520.1950217474804,891.1295980989923
107,2,677.1959292322251,927.9915386853748
107,6,577.693347644994,323.8887385973698
107,7,219.46102744462405,629.4462196907481
107,3,396.0470999323973,473.22788302938983
107,5,175.29844040179836,682.5495988343619
108,1,513.101274041992,893.8675435780237
108,2,684.5629905700644,948.6172523088787
108,6,580.6757151039276,317.1929936330151
108,7,221.1461419616343,637.8345693961364
108,3,416.67716973200754,470.0172103400789
108,5,187.0895946909372,695.3098251463713
109,1,501.02372907182,896.1363015684176
109,2,693.7294609896948,965.321319774431
109,6,590.2282555844072,300.23882529546364
109,7,180.72906788578945,618.5091101350292
109,3,433.63280151684,467.3415417749975
109,5,184.7704903397882,705.8598976818896
110,1,494.1096190639201,897.6528949593464
110,2,696.1614416022804,970.9267895401593
110,6,584.6979945443352,272.5711579328878
110,7,182.68884835887937,625.589331598691
110,3,428.4939543662613,447.90239830918694
110,5,182.7167424495438,711.102947037618
111,1,481.98545966575534,899.4704050050789
111,2,694.9312902576625,971.6864389495956
111,6,599.4367054201873,263.8451056536048
111,7,219.00744924743452,663.236850715738
111,3,426.5563532770068,435.1361523213302
111,5,182.5996574710725,721.6155905220232
112,1,478.1708069993494,900.7462591670969
112,2,695.4927344976132,972.6472444533375
112,6,605.6397349635002,256.8992513147827
112,7,239.5458089812343,685.2246074325751
112,3,429.7153197693216,430.45132614046724
112,5,198.26165504160667,737.9951319179881
113,1,474.922562645144,900.8358813038062
113,2,694.834949574309,974.026299897439
113,6,613.8716532306352,248.48537368693272
113,7,223.61211614444161,683.7576685819416
113,3,439.5709837709779,423.24777262850387
113,5,192.18062182411282,744.0547076686452
114,1,473.8191873126941,901.08565945578
114,2,694.587068060197,974.585769852793
114,6,618.8353199195107,239.75244819220316
114,7,223.45329138146528,691.857638555588
114,3,410.96578288962945,377.5972286057811
114,5,204.35140879841234,760.0480738811692
115,1,474.5361035850178,899.4355632445979
115,2,694.5276385892614,974.6002966962726
115,6,621.7094539786527,229.90960301176645
115,7,202.28248329056004,684.6551373785019
115,3,418.3953505642137,359.20937839524436
115,5,211.52287859562313,775.2561736946903
116,1,475.4408792718922,898.3815185121657
116,2,696.1689932306939,974.5508678037207
116,6,629.8334921784119,207.64129898618154
116,7,213.49971069204383,699.8569483450167
116,3,425.69679145109995,351.1321161680248
116,5,216.79794478313,786.1386738179715
117,1,474.1128984784352,891.0142083347037
117,2,697.1482681606806,974.0280924070014
117,6,642.3883878694505,190.36886784280756
117,7,196.99417194321796,693.1253487460061
117,3,434.00340333633847,347.0970551385104
117,5,221.96616499140234,798.4263286343867
118,1,467.7675045226513,880.959813404377
118,2,697.8397014634409,973.3218642662779
118,6,647.1533465892539,174.34090585341852
118,7,226.61882919783116,717.0053721936786
118,3,440.5199460445832,344.5878549049038
118,5,222.43784995480888,805.0215317060486
119,1,467.07632982814147,872.897490173698
119,2,697.9546069030006,973.2986878083706
119,6,657.3657453116684,161.2938041976933
119,7,244.11281204356456,735.5269197273649
119,3,450.85607187234467,340.90440039630585
119,5,218.76503513708568,813.6836058589853
120,1,467.3096437813012,869.2238275484667
120,2,697.979789324262,973.0971432007019
120,6,644.8428903332637,123.50866540401687
120,7,251.0150865678995,745.7242974090601
120,3,459.7531684665054,332.57269119216187
120,5,217.66188430325658,826.9621601476613
121,1,468.4433464982959,867.9132996201724
121,2,697.1479560030424,971.7693959801047
121,6,664.3917842370014,133.93462307095513
121,7,246.74765797566243,748.6240185354228
121,3,477.0530832696732,317.7617894817583
121,5,229.6468844293884,846.8155888803465
122,1,470.3069464503328,865.4985025328974
122,2,695.9395081241291,970.3922775008988
122,6,673.5261444509703,133.9828245635159
122,7,245.69972380191922,753.0613651997882
122,3,484.6166325951318,307.77349865807247
122,5,237.28531047254202,859.4066224978479
123,1,475.5932807967487,860.5209489352177
123,2,696.2244650178336,970.9065836445953
123,6,681.9347190089296,120.87711544577523
123,7,243.53662534356343,757.3296890813864
123,3,481.10577686152664,277.1182359054696
123,5,250.51061180839716,874.3450827201859
124,1,476.52142069865226,846.8501559850575
124,2,696.4928224392528,971.0423286071041
124,6,690.3876180070272,113.90471622513691
124,7,241.181870165398,758.84214872244
124,3,477.79678921236336,257.7987866673122
124,5,246.7407746822001,885.9095122811863
125,1,495.12418555906044,835.6885194841266
125,2,697.6387179145639,971.870126034563
125,6,694.19962063589,103.33864280663771
125,7,233.84563413764425,758.2695538916479
125,3,524.5473237464115,291.2796694962561
125,5,234.8995685085838,889.9881534121741
126,1,510.44765959601875,832.6757492146859
126,2,697.0813414203783,971.3107463039289
126,6,695.296342655636,99.68861252204145
126,7,230.55642610972984,760.7416643859912
126,3,510.00495922565113,265.5371238238844
126,5,245.72573569756418,904.1689758745508
127,1,516.6496810797328,827.7212618411278
127,2,698.2964779697943,971.1376377489502
127,6,696.079175147749,97.69671673608033
127,7,224.5544976535978,762.3527770162325
127,3,545.5349516045629,280.55620125439475
127,5,250.40457578678243,916.0436962599098
128,1,515.6474947862475,818.1214336586349
128,2,697.3295107672229,970.9125331799086
128,6,695.0915501747104,96.52830551525066
128,7,222.3300388208754,764.762572205847
128,3,556.7389733651551,282.4904054417665
128,5,265.5874795073183,930.5938644372949
129,1,539.7344789601336,823.4558807401901
129,2,695.9337822682505,972.5055398777678
129,6,694.518970995775,98.95708537190534
129,7,219.46119838593538,764.1595954237259
129,3,563.1538053576442,281.3950273474213
129,5,285.4304426580543,947.6642460305854
130,1,563.065560871236,831.8979473219939
130,2,699.7058441596505,975.7952203533129
130,6,692.6984961935708,97.9465285920625
130,7,219.4187187664171,764.3999423581943
130,3,568.8108058464685,284.4540289887255
130,5,287.7822590524462,956.1028365228743
131,1,580.9983995775556,832.27186407714
131,2,704.2263314044135,976.7806614530618
131,6,691.8840662035473,97.9133409907933
131,7,226.84216699323912,768.5575608511045
131,3,577.2677876639045,283.6888285813796
131,5,288.36776942426275,966.7786480474958
132,1,592.5844631023392,835.3808794260102
132,2,704.9852088030325,976.3608833634191
132,6,690.6360245845163,97.34545276962018
132,7,231.44320137681393,771.7956449888078
132,3,586.7216709940582,286.4598820655794
132,5,287.01984682849593,972.9442151770918
133,1,592.3318486748703,832.6741332289902
133,2,704.692068906351,976.8305185303894
133,6,692.0455414483039,103.07439738155801
133,7,235.43964647597258,775.6964013984152
133,3,603.1090700705436,296.8534690658398
133,5,282.3774197415436,979.5214855722664
134,1,587.9075526993746,829.0866733539384
134,2,700.6943695056273,976.0533435712242
134,6,688.5660875033049,105.25474990416697
134,7,240.34953753338758,780.5079096056915
134,3,609.0717437469065,300.493702912289
134,5,277.05388169363073,985.3929314994334
135,1,586.300835780402,830.476777070242
135,2,672.6486674155608,962.3494953236611
135,6,688.9655895040389,114.61408809389278
135,7,247.81734766886956,789.1798266767025
135,3,611.9019194405537,302.4580303433009
135,5,277.34736186209574,996.8504287441224
136,1,586.9462023679739,831.9337608901463
136,2,658.6347585061613,959.0063854602706
136,6,692.8300802625167,125.80589534887942
136,7,253.9286840983328,795.7165390872822
136,3,611.8293755547572,302.5828397362061
136,5,283.0204179853299,1008.7287125793557
137,1,597.0187540793303,844.0916239314915
137,2,649.3935835511833,962.1021659909977
137,6,699.0019949307517,140.4318558168867
137,7,264.481568316437,804.7274158209483
137,3,613.3849937142744,306.4107377373354
137,5,301.2305135077324,1030.7879507014222
138,1,601.9923251730007,850.7119756523578
138,2,643.4126534675577,962.2776484228218
138,6,698.8091254050687,143.39192818213388
138,7,267.532694354952,806.65771699407
138,3,612.5627132124938,311.89358361115865
138,5,308.49446799683164,1044.7419393487169
139,1,602.8608888967779,854.3487045587833
139,2,631.5099943416993,957.2616023186323
139,6,706.6114324953104,159.80698912745018
139,7,271.42990900965884,811.0556873319362
139,3,611.6783106989196,316.570327621542
139,5,321.2334169783928,1064.5172083753878
140,1,602.7071528160474,856.0155607295803
140,2,619.9096230255408,951.0311031903941
140,6,712.9908926152647,173.07043304354266
140,7,271.03104017955616,813.2678612299253
140,3,609.9833456579375,317.9812320681751
140,5,324.8393334860082,1073.1896553720544
141,1,600.7877597888195,854.8213256021356
141,2,578.2805905146844,926.0507408864975
141,6,715.9329309582869,183.32210514196538
141,7,278.71273483364195,822.3176478278322
141,3,610.1646436247787,321.1217448026054
141,5,325.68949055235026,1078.0091721783554
142,1,599.5273601782859,855.0685924021009
142,2,562.5559049523381,918.6678731397823
142,6,717.1164575958942,188.95848502105872
142,7,280.0785458313889,825.7907221365873
142,3,609.0285682214085,321.57409270842754
142,5,323.9111149436201,1084.5146990991661
143,1,582.8553400024798,849.7558967562636
143,2,551.129188873006,916.8726719085028
143,6,717.394399548562,195.52077970250107
143,7,280.0750861134608,829.8215977767773
143,3,610.2525533746916,327.8506134813627
143,5,314.94475704527946,1095.2168023574982
144,1,572.7640751209944,848.719175127868
144,2,538.7088498221624,910.1805815216304
144,6,715.8639677392257,198.1376702376702
144,7,282.1639095986606,833.7880922438877
144,3,611.8289058962531,334.2192610549531
144,5,312.4628729792447,1103.7187325904129
145,1,554.1821449810171,844.2322209665803
145,2,520.6924488512267,900.3462688551982
145,6,717.7246108241144,209.51034227463057
145,7,293.59060048380064,842.7068800572404
145,3,607.5004538614858,338.23335139653346
145,5,298.44624848287907,1107.6970845003646
146,1,539.4623643122274,837.588461700844
146,2,508.3333770594532,894.2327614946081
146,6,717.5763969838677,215.40006647574313
146,7,304.3865876436522,851.8061157710597
146,3,608.2988794865488,344.56914802790214
146,5,309.8960516721442,1120.9418187310594
147,1,525.5346573916954,832.2483648066418
147,2,505.4486455154689,902.087477530811
147,6,716.2673532899572,224.10999322808874
147,7,320.992872721736,868.4887426563672
147,3,605.0898960619779,348.595406322705
147,5,324.90282161239423,1139.1327312899684
148,1,518.2893098700034,832.1827778661934
148,2,490.4171080470654,899.3384654855984
148,6,713.2376044928424,227.26855450277554
148,7,326.12856680504973,876.3780098139397
148,3,605.5325292214665,353.73984769234636
148,5,335.3913232694169,1153.9767968989963
149,1,515.1796242267967,834.7445437929896
149,2,473.54456365092904,897.332399663243
149,6,715.7637017176953,238.97008936651736
149,7,329.22567539470776,884.8585581549955
149,3,602.8389002038814,356.00079910493884
149,5,340.19207481083686,1171.6475980152707
150,1,513.970954366916,835.960821244161
150,2,466.7157036891293,898.7758860652993
150,6,718.1370925598249,246.5401799510077
150,7,330.72769815930536,888.5234201730232
150,3,603.7314929143921,361.8260707581026
150,5,354.36320874297655,1187.098817721116
151,1,511.6389837685239,838.0218577915444
151,2,455.0602891910817,904.8717475486902
151,6,728.028378669269,262.7929484492091
151,7,336.63265576553056,904.0327333452752
151,3,596.16080652484,360.2162510157437
151,5,360.86012341356343,1200.3475390174194
152,1,507.98553323414075,837.0136387434694
152,2,448.7012780708694,907.9578514373795
152,6,731.8501737899193,270.0461440602402
152,7,343.8981148402683,914.1912618533313
152,3,602.3836656999134,373.7872757033154
152,5,365.38570104326965,1208.4850962756516
153,1,495.25229341625925,829.8604378381423
153,2,445.7305935405424,916.2962015912282
153,6,733.4394440878102,282.4522730969114
153,7,347.16114974701804,926.1737623201286
153,3,601.8805056466118,385.9711610605011
153,5,368.97717930846557,1212.0959304230787
154,1,485.294332509679,823.7263527422501
154,2,447.6089577751079,922.0611125908692
154,6,731.4465583978715,284.88041501393775
154,7,358.0687761161124,938.070878743159
154,3,607.3164891849574,401.6291457439925
154,5,371.132092675089,1215.9201517301165
155,1,459.2720375478498,806.4716029388348
155,2,451.076990813306,928.5452934495025
155,6,731.8908422632746,298.9408729053652
155,7,385.925279563329,965.0147521159722
155,3,604.3981416912296,413.41774064653265
155,5,381.280297581353,1220.3125641560855
156,1,448.4654276643277,799.7352813439317
156,2,451.4281386822689,932.8604169181007
156,6,731.3376368893353,305.6243426715979
156,7,394.76678230557343,976.8614736154874
156,3,601.3644099627758,417.0381939768227
156,5,395.54860369872233,1225.8749909239093
157,1,435.80841167258995,793.284202160911
157,2,449.5838810300916,938.550235437021
157,6,728.7346790877149,315.7476351146993
157,7,400.032990529901,984.499452309764
157,3,597.4672093707024,423.12307296591433
157,5,416.80659461642284,1233.0710524764443
158,1,428.08269438308895,792.7660527830075
158,2,443.6670512841244,943.1920366913075
158,6,717.5677166000659,309.4697948816208
158,7,405.08024052743104,988.2997910855989
158,3,596.9083802308783,429.8669295496557
158,5,436.6005257327046,1237.1961212758856
159,1,420.51409494885974,797.50883876203
159,2,439.7245199284893,948.0627187915834
159,6,716.35621854546,321.4745196710634
159,7,409.7369109076805,991.1704817733726
159,3,596.9512980397667,440.60425844726007
159,5,451.72567491287873,1233.4108357921036
160,1,417.6523187839495,802.2315294864728
160,2,440.3815695424516,951.7436263281606
160,6,717.1341795714158,333.36423298348836
160,7,415.4960431012205,993.2584871532215
160,3,597.7583119441159,449.1252576965194
160,5,460.2959525337974,1229.2481457547538
161,1,414.3601355008733,806.6383701826725
161,2,442.1865753424229,960.8252659852747
161,6,720.2651780712002,358.0276304985954
161,7,438.76484398381865,1007.3313099199818
161,3,601.7387955851458,474.63130350525086
161,5,487.15073037280473,1234.387748922858
162,1,411.6651603474061,809.1159962066589
162,2,440.3388112460116,963.3421360870988
162,6,721.3596079693853,372.4632335511718
162,7,454.43636385071795,1015.4984443262322
162,3,606.2522921715101,491.88084976878133
162,5,506.24330962404326,1237.387944043933
163,1,413.23095333189474,812.470951006494
163,2,441.3744227189883,970.0261036702964
163,6,718.8549906219795,388.3153647369741
163,7,467.9202646644299,1023.9093109178439
163,3,600.4181746851862,495.3514783424125
163,5,525.9956919265782,1236.4899191052073
164,1,412.76361479220384,813.5240836480216
164,2,439.44534169464407,973.1268617952411
164,6,717.4112565006814,396.20613532358476
164,7,469.2893099134006,1027.8481800527738
164,3,598.6599249883674,499.13604468388206
164,5,552.9582349577764,1240.2008674010565
165,1,408.68953357671427,815.2106655297083
165,2,441.29162270592997,981.510840418506
165,6,730.9049567455893,422.2852727735346
165,7,472.95108806767183,1034.115516577705
165,3,596.1997302787802,505.17922567177135
165,5,578.2637867584979,1232.1030735584052
166,1,398.018964000344,817.8142908828677
166,2,437.67162692787394,980.5407637495073
166,6,738.087823724412,436.23955263406623
166,7,478.16824333366804,1039.6286849053045
166,3,594.0310366540231,511.2580237733777
166,5,587.7340923845518,1228.394418011508
167,1,397.5853960012434,828.8137234359066
167,2,447.03332915026226,986.831300909168
167,6,736.0446060822368,457.67908952541
167,7,503.7792836334655,1053.2676438322646
167,3,591.399648153383,520.1098419066882
167,5,599.0610799539033,1215.9369751631828
168,1,396.9722058056637,836.0003005498112
168,2,448.540351411742,983.1220651390338
168,6,731.1194767363186,477.57280917767133
168,7,518.6667381999195,1053.1247710066693
168,3,585.7365719124914,525.5817799549372
168,5,612.3287583448649,1209.1041113364413
169,1,405.02039181118994,851.5488892772529
169,2,445.7159594308095,987.3766466884271
169,6,723.993719938745,494.95094984581266
169,7,523.7216218695645,1058.8221172833073
169,3,592.8557012976846,549.3054612477968
169,5,631.2749917286038,1198.6072302979837
170,1,405.339979733753,863.7273446961877
170,2,442.1363544245316,987.8339183018743
170,6,738.5810042014937,525.310995232946
170,7,531.330873193018,1061.505047212985
170,3,595.8789101218961,564.187116675188
170,5,644.5747616504037,1194.2648590662611
171,1,403.75923296921115,878.7429917862788
171,2,416.1815454912761,976.8632920882795
171,6,726.3699768251914,530.2362257254757
171,7,550.0054088547585,1065.9986184384911
171,3,594.5082694416337,573.7747894525975
171,5,677.4461866472801,1196.891146049399
172,1,400.60264390971315,885.199033206372
172,2,416.18699880497945,978.7993823015294
172,6,711.7813600211618,530.1361240846452
172,7,554.4484663313136,1050.0934353856708
172,3,591.5253641555211,577.4025121181076
172,5,690.2173101972064,1195.8109983150864
173,1,400.3278142481505,884.0342901881318
173,2,431.5925196046585,992.9934362628801
173,6,696.3919125684095,558.1546072546113
173,7,578.5140186602836,1051.4117758858856
173,3,587.0245651673538,589.691958354398
173,5,696.4364020456403,1194.1202986394653
174,1,400.2661094140459,885.3914284120526
174,2,414.4298072127019,984.5886380820056
174,6,690.6884661356028,569.705385352407
174,7,584.6652051071932,1053.2598348161912
174,3,582.0957695317426,599.2648902117678
174,5,698.4636418425756,1192.9462277648456
175,1,403.90448080638697,896.3052906876273
175,2,415.52064847683175,983.6793569419972
175,6,683.5718224395474,585.425928339542
175,7,594.5722234639342,1043.5688261955413
175,3,571.8470201304564,599.7373404137536
175,5,699.6795930630901,1191.0337797035372
176,1,394.14401339499557,892.593739983631
176,2,421.4512986971953,987.618582193931
176,6,678.2721147372988,597.1975367590925
176,7,555.1687480053168,1008.4298850738397
176,3,569.4492570495402,606.7242294565712
176,5,698.9559110124703,1191.5873919322737
177,1,392.02158757148845,907.662186703704
177,2,410.8158165908906,982.3893697099612
177,6,669.3744781082221,617.7665457194919
177,7,589.5398708176704,1018.6523680255675
177,3,568.5138458700665,629.9638770305927
177,5,698.3811284603468,1193.6601989061812
178,1,394.99355562934016,918.1004984994981
178,2,391.03310919053195,982.6488347916671
178,6,669.805691601173,635.6825329023928
178,7,622.4903364173524,1025.3997593026888
178,3,563.1365580074387,643.4057937823186
178,5,691.4233587648265,1189.5766921710504
179,1,402.6192923178133,926.1232075494576
179,2,363.74355740920305,975.1359078096845
179,6,654.7384880601401,646.5875870509141
179,7,638.8332454549521,1026.018461255878
179,3,557.1558165013952,660.8294610129648
179,5,679.4929319300251,1186.6322125601173
180,1,402.5933441201461,929.5520121079867
180,2,353.62322506706437,973.1724304855196
180,6,652.296581968392,659.2674420537066
180,7,645.8513177899692,1026.380517615954
180,3,553.1929752483412,671.3424858122858
180,5,660.9848504610628,1178.4737514137303
181,1,400.59313732272597,930.3768087553622
181,2,365.66478561874436,985.1235184706576
181,6,663.8005405259777,686.7124801948725
181,7,647.8506057902889,1026.6974949378648
181,3,549.2629032068213,686.4688587811495
181,5,634.1904506863327,1165.2262753918305
182,1,400.8808378511511,932.1890748931856
182,2,356.3212533745169,983.8535605151179
182,6,663.5804280217312,696.2000779406909
182,7,648.1091406921669,1026.7738291530588
182,3,548.144986638582,696.5643180157571
182,5,622.3999674509992,1159.6342165407507
183,1,400.17183308721025,932.0522432062818
183,2,314.88896027296147,966.304276285074
183,6,658.8190061941722,711.7347620417786
183,7,649.3035071089719,1026.7378528238962
183,3,544.2354055176928,711.4118361370874
183,5,616.3151725127287,1158.0504772651084
184,1,399.1779438823959,931.4253291685088
184,2,229.739049767084,920.442456236453
184,6,651.1831817148033,725.6098655780618
184,7,648.8368501345287,1025.357713260249
184,3,539.6202595453527,722.0648044076852
184,5,610.0877328574524,1157.2780679800392
185,1,400.91945090274146,929.3443104153481
185,2,252.94812084977139,932.6183239630551
185,6,641.9649704831231,739.3397536897189
185,7,650.3035642846751,1024.147193407285
185,3,545.6467129487401,741.0723197388382
185,5,596.7675674199255,1152.0047157905665
186,1,403.1041895997837,929.5383189515774
186,2,270.5279299561225,940.71912857302
186,6,637.3027147666761,747.6700126897778
186,7,650.8342426892584,1023.3759294441242
186,3,547.1329189468645,751.0872210042571
186,5,587.3346330255573,1147.6492034159169
187,1,368.77851827217336,898.1650248200186
187,2,254.12074876519765,928.1790032600595
187,6,628.6814296056908,760.4176535721768
187,7,651.1033628668149,1022.6973655029178
187,3,544.7291195801034,756.0434957404785
187,5,570.6310199124213,1141.1683560249762
188,1,356.21335339315203,874.4402376558118
188,2,236.83214919477314,914.81827177161
188,6,621.9643898835419,767.692251210672
188,7,648.4413172061961,1024.1879233009977
188,3,543.3637699620673,760.1996806790686
188,5,540.7388132586063,1126.7019610390907
189,1,336.69924819402644,852.5478798390175
189,2,213.41319421016615,894.3962896166607
189,6,608.0521624366557,773.0716346546837
189,7,646.078560696991,1026.672971753397
189,3,534.0671239083126,770.8164224112819
189,5,525.4082735087667,1119.5297210211088
190,1,310.2996579537974,822.6592088858398
190,2,198.11480116178615,880.2970791674886
190,6,603.9763569579653,780.9917055185927
190,7,642.8623561543358,1028.8008247518917
190,3,526.7319356483903,776.145090839396
190,5,517.7131490148439,1115.4252496836496
191,1,316.69932413516517,815.2702656756376
191,2,203.7949886908582,877.7614117337093
191,6,616.5015487415278,810.9912262425944
191,7,611.2280809004396,1016.7950793972115
191,3,524.8639237685777,788.42705861373
191,5,484.41092587532745,1103.8171999767733
192,1,311.00123255702243,807.9143369229229
192,2,212.46831688333347,873.4134115980471
192,6,624.1939427046019,829.8926887630324
192,7,591.7617995413482,1019.5900099031979
192,3,531.4714376372574,802.4280866953555
192,5,462.55382776183956,1095.6499174363198
193,1,275.28987362654425,771.2461760152883
193,2,205.45513116146674,860.5980289237584
193,6,626.4163181230529,846.6768845166764
193,7,583.8858930462696,1029.6977028044419
193,3,535.5870953025814,820.0272220330102
193,5,446.9809685670523,1087.746839675376
194,1,266.5968061677316,759.1703141181084
194,2,200.16513978136305,854.453611103396
194,6,627.6185201688758,855.1375805859436
194,7,579.8683296258788,1035.5929163466708
194,3,538.483946749864,832.559818810823
194,5,436.7848877511512,1080.9667788601937
195,1,271.8875865214347,749.6402764746601
195,2,177.2057274009765,816.8183924971416
195,6,626.6510132750223,861.5118747882744
195,7,569.7338455343923,1041.3196723078747
195,3,534.9550372737783,843.1936071375462
195,5,431.4710257898285,1077.5756251612438
