0,1,853.1336379361496,990.7480992581255
0,2,983.9479470549561,1019.5788409695066
0,3,595.7924487125064,450.52745910680585
0,4,579.0812331587769,1271.503762841826
0,5,617.6646585013829,1389.7272884796967
0,6,608.7906483346792,114.87386558146689
1,1,853.364802586796,990.322209650106
1,2,983.6929021803693,1019.9200503250768
1,3,595.4507422368745,453.7487469359074
1,4,577.6976061353485,1270.9149913638773
1,5,619.3671083470422,1389.3884474852578
1,6,609.8003909800742,116.37486812909121
2,1,852.5195561383978,989.481018094049
2,2,984.5807484312082,1020.367207701278
2,3,593.9832078780908,454.3036984496255
2,4,574.9237886885644,1269.727994772011
2,5,619.6621207762947,1389.3436228229348
2,6,610.0149034279518,116.6867391417346
3,1,852.648486423413,988.4495452010842
3,2,983.5411863162516,1020.7566792215481
3,3,592.0691598799865,456.86865173385485
3,4,573.7539009623725,1267.4083253856168
3,5,619.0400947220511,1388.292745253628
3,6,609.1026655839518,115.36047326301849
4,1,852.5496664205181,988.5406196157734
4,2,982.9985931621675,1021.1872062888646
4,3,591.4853304234236,457.72401133114107
4,4,572.5438664590184,1265.861315180193
4,5,618.2222877958815,1387.0064886278508
4,6,609.6931043679177,116.21888844256222
5,1,853.5608720045519,988.9962158195254
5,2,982.7075096212862,1023.1420514361581
5,3,591.0473401089993,458.46996840585166
5,4,572.6217001957931,1264.722725460322
5,5,617.7371247332575,1385.0139715054383
5,6,609.2137141385036,114.99438140044803
6,1,852.9355473518139,988.8289930112192
6,2,982.8931713728377,1025.0140172241704
6,3,590.9949018137479,458.69823778951564
6,4,573.8508284982258,1264.868380797126
6,5,617.3379280834051,1382.819115292816
6,6,609.1143757178293,114.65202015444876
7,1,851.7030636712162,988.398669079848
7,2,988.3050941121827,1031.324469732751
7,3,592.7471545637826,460.2930778789223
7,4,573.4608595546157,1264.1850797576508
7,5,618.771127223777,1379.6761365371833
7,6,609.0290624672417,114.97318518820117
8,1,851.4385915269012,987.9180451289327
8,2,990.5424096931229,1036.0909640319958
8,3,593.3669898465598,460.76103268103685
8,4,573.3186052956132,1263.9764851387843
8,5,621.5478281759033,1378.6965419236653
8,6,608.9238522008858,114.98508989312948
9,1,850.337999543166,987.4022249507624
9,2,996.8603043511629,1041.0035057820244
9,3,593.7121419614014,460.8653521870466
9,4,573.2501654346122,1263.940362054573
9,5,623.2760695459414,1377.2527743687804
9,6,608.9363814176851,115.1352062151057
10,1,850.7512186338992,987.9076551815007
10,2,999.8281809650516,1045.9771835528284
10,3,593.8318036081224,460.6616717856029
10,4,573.2435308824342,1263.9509177351554
10,5,624.2861815987003,1376.2124895439563
10,6,609.0319858879748,114.79605255286312
11,1,849.1456383109029,987.0900954705724
11,2,1004.5094056412577,1052.1316445040038
11,3,594.6030730850815,461.83701997177667
11,4,572.655835422223,1264.9584524380648
11,5,627.0144259477951,1373.9214237399028
11,6,609.224011600407,114.97638032989644
12,1,847.1399200490334,985.0194829966275
12,2,1009.1449188165849,1057.9803161233683
12,3,594.7491306248937,462.0027341703662
12,4,572.2102969438162,1265.812285136129
12,5,629.721717134222,1372.3162935639227
12,6,609.003317483281,115.01819146250332
13,1,843.0367990147544,981.8594859150447
13,2,1009.2461109132373,1068.0051555777848
13,3,594.7231072824733,462.59918798545493
13,4,570.4581201891684,1266.4962851206246
13,5,634.9152927367978,1370.5019119926908
13,6,609.0438104227331,115.29139136301119
14,1,839.8368276652611,981.1354630332726
14,2,1010.9522774132754,1072.757734700943
14,3,594.7978082359662,462.0579628926797
14,4,570.591012626465,1267.6636121973052
14,5,636.791661107467,1369.8797301704276
14,6,608.9731150925447,114.72692990633182
15,1,838.8798709347311,980.6059207951545
15,2,1009.2032282019895,1075.1492485965025
15,3,593.8804347594004,461.4086841911917
15,4,570.5050596915191,1268.23538572115
15,5,640.3162368825826,1368.624720247258
15,6,608.8546786289719,114.93398130462273
16,1,839.9495699920208,982.0716894624794
16,2,1008.28665157614,1077.4024996845005
16,3,593.4719220516714,460.99754980442316
16,4,569.8188387652973,1267.368337234898
16,5,641.9303348557767,1367.635097270559
16,6,608.7736292995268,114.38734479564833
17,1,839.8819954764755,983.2245868898451
17,2,1005.6951175786803,1078.5907955908697
17,3,593.0824974090158,460.8300697394569
17,4,565.1611716576032,1264.9354290115934
17,5,645.1048887009825,1364.7957582069942
17,6,609.5343946081092,114.94967394149232
18,1,839.865862495145,982.0722897124047
18,2,1003.8384563250797,1078.9703918320627
18,3,592.8017090896026,461.30805448887327
18,4,562.7994578513286,1263.1881616108578
18,5,645.7455150110635,1362.9156726800836
18,6,610.0026845681796,115.33421896372066
19,1,840.4261718187976,982.696566511004
19,2,997.7103804895621,1077.8060550570392
19,3,592.3672713296017,462.18600746302036
19,4,558.6678190094099,1256.585443381043
19,5,647.2646317696982,1360.134022721446
19,6,610.1687343378493,115.55934399468178
20,1,839.7763986733794,986.589096395565
20,2,995.6316275018586,1078.3074027076755
20,3,591.9414228188953,463.464394157063
20,4,558.496050184176,1254.4708137176312
20,5,650.567071923307,1356.743205466424
20,6,610.4676770277299,115.89544369157105
21,1,839.8814119937929,995.5705181911933
21,2,994.7771617686146,1080.0706750922463
21,3,592.552352730964,465.3268892350162
21,4,557.1110423871797,1253.9127039087514
21,5,659.4404420823766,1354.112726830577
21,6,610.8551652893893,116.59108120602124
22,1,842.3165348764543,1002.667255919387
22,2,995.9880641191068,1083.6395382717367
22,3,591.4299972770568,465.85575843941183
22,4,556.143272721167,1252.3064503109042
22,5,670.8581023499755,1354.2222273329198
22,6,610.7891865725697,116.36328396627772
23,1,841.7517310679465,1007.3767849096623
23,2,994.9833331168959,1091.0495156469185
23,3,589.4071016851476,466.25627899799576
23,4,556.4764971781279,1250.420955767932
23,5,677.1407862752728,1352.399378890754
23,6,610.5542868400687,116.0873862499552
24,1,840.5804781718869,1010.674084863513
24,2,994.8448920421198,1094.7495591749841
24,3,589.3404137937667,467.338553607559
24,4,556.8071196325524,1247.4069303376332
24,5,680.2072563413517,1352.2029778966316
24,6,611.3143468934277,117.16039893114471
25,1,836.7116186761629,1015.1488126505454
25,2,993.5482422978075,1097.8082209659701
25,3,590.1591037438884,470.0895935851471
25,4,560.7479151849298,1242.2440883949741
25,5,682.1624570607479,1350.4021866110045
25,6,611.4923953021878,117.53472748415288
26,1,833.738593596939,1017.2631969080317
26,2,993.1112488901223,1100.1423273577002
26,3,590.4097615112933,471.317553965274
26,4,562.0546850072586,1238.572483447252
26,5,682.603986922831,1348.3090054475767
26,6,611.5664583193287,117.57663838872772
27,1,831.4874693062183,1019.7725044927807
27,2,990.9161555520939,1105.4184140640436
27,3,587.3391429213774,472.9563891935936
27,4,555.7473276329468,1229.995279362074
27,5,683.5477955035308,1346.165861997541
27,6,610.8581860306975,116.41426391158164
28,1,831.3142900983098,1021.6366661142109
28,2,989.8773090439627,1107.6732240121858
28,3,587.7172888285086,479.4752862454561
28,4,555.3585506235709,1228.2333754159679
28,5,686.1449171795674,1347.0222131724727
28,6,610.6284545647677,116.12939695455071
29,1,829.1827663350587,1025.6776704363804
29,2,987.1555397199274,1110.737739068955
29,3,583.8366010503256,480.84845549498937
29,4,572.5104731052328,1229.8577171414406
29,5,684.7583132114338,1345.8054288359417
29,6,611.4213760454933,117.31613785008501
30,1,827.272960073272,1028.925458473574
30,2,980.6408325493393,1121.5060624777934
30,3,591.3894939004134,494.3742202438283
30,4,587.0113849453787,1230.5747754174718
30,5,685.3223410040702,1345.3228409566736
30,6,610.9271792826377,116.46523927147082
31,1,823.4868752594592,1036.8270007488325
31,2,975.4358658031205,1128.3513613258071
31,3,597.6941297568449,509.17996706968233
31,4,593.0982312120185,1229.959213166783
31,5,689.017821032705,1341.3796387876848
31,6,610.7077604380954,116.162413231255
32,1,824.1100232661361,1042.1694318774043
32,2,972.2489864537466,1131.315890504255
32,3,597.9554032301263,516.1671340590416
32,4,596.8449626795274,1229.3068125725888
32,5,693.3252343178232,1338.5017175540124
32,6,611.3987162605034,117.18436565538634
33,1,826.1213176911592,1044.9856986135853
33,2,970.8714472939162,1133.9522240809517
33,3,583.9688934013869,506.7029416240132
33,4,598.2283843700963,1226.6708650689231
33,5,699.8373188329899,1334.7521263654767
33,6,610.7767703275022,116.21340721265385
34,1,829.7209085936067,1046.9005875979951
34,2,969.5603170001319,1137.2944434288117
34,3,572.3465045907604,498.61098881247614
34,4,601.6276957011385,1225.1058921424824
34,5,697.7071308035131,1330.0134071982923
34,6,611.2484388316934,116.9327437482412
35,1,831.9704745316072,1049.9486685285626
35,2,966.75703472434,1140.843785713467
35,3,565.7681295337401,495.4183270910436
35,4,602.7398914960601,1220.511082014611
35,5,718.1745561893991,1333.6972950019906
35,6,610.5431334588053,116.45010937267244
36,1,826.4590443253061,1051.63057293679
36,2,963.894888398879,1142.0553010454767
36,3,563.7419507145185,495.2516584338053
36,4,604.8388101210164,1217.9709231050613
36,5,740.1424902693351,1338.218631229953
36,6,610.1370368072836,115.95821977519327
37,1,819.0777243733902,1058.635392297061
37,2,940.6986445942963,1133.7443144088468
37,3,561.1371629799618,496.3436845284942
37,4,608.6155751497915,1216.598540582639
37,5,772.8405965630608,1344.054678557837
37,6,609.9401230082019,115.78714660664815
38,1,812.4283301411521,1061.911182183757
38,2,928.3283024060498,1134.0332245689585
38,3,560.9100928616376,497.9872214843079
38,4,609.2570830639468,1213.2640563861685
38,5,790.7632221523037,1347.221961608661
38,6,609.9812944887077,115.71518665026395
39,1,808.2688421507014,1061.813815139203
39,2,924.7505827362531,1138.6423422222028
39,3,568.1760958772329,510.79402204253614
39,4,606.9702341891012,1209.2705741158923
39,5,805.2542308497144,1338.9729944001751
39,6,609.8166114932367,116.0030213607405
40,1,806.3935093123268,1058.6057304537062
40,2,918.0180930065615,1141.5848824783857
40,3,563.7938017070048,511.652691641129
40,4,594.1433206517049,1198.2610552581016
40,5,815.4748477895799,1326.9267260602242
40,6,609.702625342531,116.54573912994765
41,1,799.2527123597562,1054.244556814842
41,2,905.0917126169734,1153.0912879750726
41,3,564.3046560290508,518.750564753833
41,4,626.5883518399145,1201.1241061793642
41,5,824.9636824734257,1320.1451349826934
41,6,608.8828488299698,116.26050255435659
42,1,801.2458866352549,1056.8436642451195
42,2,903.3525572919584,1152.9082678155144
42,3,564.100108321298,522.2453216463324
42,4,645.4535361403885,1202.369493103982
42,5,831.7594454974837,1317.6503437853792
42,6,608.6444992500653,116.16138593755207
43,1,800.804403877318,1061.5068796645344
43,2,899.1430701330372,1153.9863409567608
43,3,558.6627088768324,522.3123834325135
43,4,650.3782387426053,1196.1007339493917
43,5,840.6435304978281,1310.642581655699
43,6,608.880125349683,117.63982191336824
44,1,794.8184202003185,1066.480862703624
44,2,894.580983399648,1156.1254870798505
44,3,557.1605585873857,524.8688582449296
44,4,655.4203389871553,1192.279210537142
44,5,870.6246249964545,1314.251256307426
44,6,609.6458173880654,119.04733535458186
45,1,789.8648603331578,1072.5863156320984
45,2,887.2958515346858,1158.2667887493787
45,3,555.8455762628604,527.1067962295903
45,4,657.6144709306164,1192.193167600744
45,5,897.0607708747984,1299.3507041158186
45,6,612.6270869828469,124.94796689523787
46,1,786.1349241433505,1074.130940059215
46,2,885.589070330384,1157.6191520212485
46,3,554.3841865585734,527.5317528459524
46,4,654.043761659049,1182.765353793658
46,5,915.2877028161109,1283.4555728716216
46,6,615.3237767106524,129.41366466129696
47,1,760.2694868162337,1068.3731770923007
47,2,881.1564521798337,1151.4390699700232
47,3,542.2965182083675,520.7859642055486
47,4,672.6808570838142,1171.6700047452507
47,5,925.7541047177866,1272.7032528149832
47,6,617.4432723594886,134.16483451741033
48,1,744.3419107080615,1060.832727724776
48,2,879.5220942358712,1149.3406017923353
48,3,536.2473281662982,518.7391227213552
48,4,692.3522333659491,1167.3502906359563
48,5,929.8187992170763,1266.9639026556556
48,6,620.2098539311498,137.74803928217398
49,1,735.3915035882352,1065.0889017791685
49,2,879.8375017170781,1150.34432482618
49,3,536.3679649894315,522.6208757687618
49,4,709.5852125580249,1156.0111577220364
49,5,934.2656217352156,1252.838116432629
49,6,627.6451070307377,147.9512752361673
50,1,730.7990677714772,1066.742016226918
50,2,878.9822616299637,1150.9421525903217
50,3,527.9364460175858,519.4755762399211
50,4,729.4255803339327,1151.6556252315465
50,5,936.4995465876901,1238.891754467515
50,6,634.8066243101656,157.8453815278703
51,1,709.2161487653166,1052.6317428999662
51,2,874.7890870732607,1149.6132550455493
51,3,521.2258415055795,524.3936022401497
51,4,749.4604390776416,1143.063046893161
51,5,932.7235970732462,1218.7487520562945
51,6,639.7094012227135,162.66289750308883
52,1,704.8989835843344,1051.895511958411
52,2,842.5270312215766,1124.5868097145983
52,3,521.7624968141827,532.0220134524511
52,4,758.9064917900563,1138.5989953212313
52,5,933.0432928309376,1205.0543715415824
52,6,638.9432258385806,159.1296555729426
53,1,668.6919554049314,1027.5159797634337
53,2,830.3768493863863,1113.271932206555
53,3,515.206144726922,533.8357728285698
53,4,763.0411538736196,1131.9312337632696
53,5,935.6471820987325,1193.231007988444
53,6,645.6430689448613,164.79509520513128
54,1,659.510384852452,1031.9990190894573
54,2,831.6883475886374,1114.8127634574766
54,3,508.80705570611275,534.7608099690948
54,4,773.5963759173832,1125.9037296963247
54,5,927.5270483006709,1175.5956545285153
54,6,647.5015234971673,164.78652285451088
55,2,819.1466454761354,1103.123335039644
55,3,508.6423777313964,540.3497607310517
55,4,775.1168445213336,1116.4629413433613
55,5,926.5437633119708,1163.8362419557764
55,6,649.1513217879343,163.5328948413814
56,2,811.9680714122103,1097.2171179200525
56,3,508.503286939287,542.1617237800244
56,5,925.03995383829,1156.924752497494
56,6,648.749474507125,161.5028825788869
56,1,673.6475553905655,1048.0556792263344
57,2,800.2390862745004,1087.6212172027595
57,3,504.88889216361935,540.6084713647253
57,5,927.0963314417871,1140.5405676566515
57,6,651.7349757214834,164.49913820993012
57,1,676.1351830992368,1047.7218735602573
58,2,801.8217160991534,1088.2520961677533
58,3,503.4262406343981,540.3808678257019
58,5,926.4617886777766,1130.8367776582068
58,6,651.9198900186797,164.6581498626569
58,1,677.6052073350616,1046.8418703975865
59,3,503.9714543776372,541.3172550914369
59,5,916.2397340536066,1110.6115545026614
59,6,656.2002568997524,172.50889720992444
59,1,678.2890707094386,1042.3415718021986
59,4,787.0532733085455,1078.410248448928
60,3,504.9695272718582,542.9113449567747
60,5,911.1790098737217,1096.8315709660965
60,6,659.7109940465195,179.04539515820815
60,1,675.5779155551464,1038.8941687074557
60,2,783.7092980447019,1078.6480909020754
61,3,505.8045281668211,543.2023615032477
61,5,910.7936786403218,1084.9994019124586
61,6,662.6778966835386,183.62303528846965
61,1,672.2054766754945,1039.2030284052973
61,2,785.5097956527492,1081.9212066685789
62,3,505.8049980897391,543.4881405475961
62,5,911.6575193667776,1076.0629626819562
62,6,663.9926309047382,186.49326079567655
62,1,671.9063669200447,1040.3091300709461
62,2,786.1262396566648,1083.1279096667672
62,4,782.9072822379011,1017.9103881800683
63,3,504.35261285547875,541.3831847463384
63,5,918.4378760374559,1066.2929057609433
63,6,663.2101467229116,186.7541413682509
63,1,672.1318681979744,1039.9482099800314
63,2,784.4798014145132,1082.705100413924
63,4,788.3835619818641,1005.483190830798
64,3,504.4830077362847,539.7220006813645
64,5,922.9258998470549,1058.5200754568932
64,6,662.7317269998392,187.1124948810053
64,1,674.8912506743723,1040.6173606533318
64,2,774.9166664274668,1077.4806335613637
64,4,781.8084212126181,995.0752224601733
65,3,505.0849643431218,538.1153599319254
65,5,928.8846051800941,1049.3807371392902
65,6,662.1591050809117,187.6332196147189
65,1,661.1862378294217,1023.9925099943204
65,2,759.1604664628981,1081.0376319878228
65,4,771.6304019497194,981.6370766194913
66,3,506.35399098808165,537.6680998611439
66,5,931.352144909107,1044.243376182639
66,6,662.3265742037651,188.7442126250508
66,1,656.504095112326,1016.7995756041112
66,2,741.652528792276,1082.9722174585
66,4,765.4834253075975,976.6337490535687
67,3,507.7272090202732,534.0213832949083
67,5,929.9208237561328,1039.7159273331517
67,6,663.3762652188387,194.5335070760201
67,1,660.117572043791,1020.9328728989286
67,2,724.9006296286703,1096.0656706931697
67,4,753.5459593164622,960.8909059611211
68,3,509.2670891753722,532.8228588089715
68,5,930.8874993979788,1037.525610859547
68,6,669.1583340076241,205.32492177927827
68,1,664.4677630163038,1027.4164815172262
68,2,731.2076829894467,1111.8431490227324
68,4,746.9653880687482,954.4805198700349
69,3,510.3453272648173,529.8249702236474
69,5,927.5244476151279,1021.7522711899635
69,6,676.0209870645401,217.01879451688222
69,1,673.0120401066104,1042.4525954498467
69,2,721.5835133721481,1123.387883111017
69,4,743.7756413390676,951.9511719500945
70,3,511.01027980665214,523.7821988449159
70,5,915.1104697085874,990.4833184715228
70,6,675.0773841524111,215.92942516713882
70,1,671.6023024008135,1048.3725874652528
70,2,715.4776791328593,1131.9419182855295
70,4,743.2644919191199,952.9218105699022
71,3,511.7558150351954,518.7428777056723
71,5,912.5952275592126,975.1875382745558
71,6,683.2323645522221,227.6426701635407
71,1,664.0399966654304,1052.9777442173568
71,2,706.385354272787,1144.3322371136057
71,4,743.6532586166863,950.523344784112
72,3,512.7403865809531,515.4605007931565
72,5,910.3161146530385,970.5382966754933
72,6,685.8812334510318,231.97279172085206
72,1,656.1870049400159,1055.6456025031875
72,2,690.6133265903211,1146.5495006006497
72,4,744.3426546104861,949.267648293302
73,3,507.2311794798826,507.55150522295713
73,5,910.4956084225274,962.411247254948
73,6,685.572394609016,231.61717153008408
73,1,634.7096978605342,1058.0944950750463
73,2,678.8071207366397,1148.6496530990514
73,4,744.1848343102129,947.6610917773846
74,3,506.00294126565865,504.81128606526215
74,5,907.5504088060611,955.2639728592834
74,6,685.1749029558786,231.11781594615536
74,1,623.8408489192835,1062.7677211487694
74,2,708.804252914891,1186.3232053773445
74,4,744.2484199799883,946.9392653486229
75,3,506.9090145956081,497.6504342034356
75,5,881.7839831380867,906.1511189201623
75,6,685.3997208890058,230.5851951756703
75,1,616.7481162746842,1069.8284224625659
75,2,710.7947128259808,1203.7111210420594
75,4,744.6003361190592,932.9524853501216
76,3,507.4854724465249,492.07105907958083
76,5,868.6265331317684,886.9458334768606
76,6,682.3850992028531,226.2760850424005
76,1,610.672971528367,1070.5331993012244
76,2,712.1791413460255,1213.0080691262972
76,4,734.9451220535975,922.5126486510429
77,3,503.8464195699945,487.76703502006205
77,5,865.0613198410236,866.051901176107
77,6,681.7824778722559,227.7543566166864
77,1,609.0850081167663,1072.427805595437
77,2,713.4834832985964,1215.1915313254585
77,4,737.5674295119292,891.4528029084794
78,3,502.09137656256803,484.35537095088415
78,5,860.6598460203105,855.2188265714577
78,6,681.4958360844576,230.02562537247059
78,1,607.5174993824711,1074.620772210336
78,2,714.0664904433892,1217.3748830467136
78,4,737.0065914183175,882.1727760803867
79,3,508.10752288344804,485.3562273113959
79,5,857.9481922386836,847.3368218015474
79,6,680.061509273338,230.8524536947811
79,1,601.8889101138494,1078.7906352478203
79,2,716.9426071752079,1221.062255487015
79,4,736.2458579686937,872.5331297923044
80,3,518.2572878721564,492.43734721359294
80,5,830.6259439979593,815.2250720085999
80,6,680.4149614638228,236.31771750119302
80,1,596.1107448634447,1081.6842303935466
80,2,717.3226356392355,1225.421690362049
80,4,727.4339389700269,863.1520619379195
81,3,539.9826703086877,511.65300437440266
81,5,807.5052132370977,788.941083800286
81,6,683.4085599888297,244.72660702707776
81,1,584.7779296901634,1085.4233113753353
81,2,719.7283998264359,1241.283730419351
81,4,719.3883792947328,844.5371829865376
82,3,539.2885990292741,509.01841263930504
82,5,796.9513705207406,778.7058533020949
82,6,684.8213500719327,249.61514583287558
82,1,581.7944301904192,1089.9855465145918
82,2,719.7557627349004,1250.2792701788921
82,4,719.360353203755,833.0809139832099
83,3,517.2710885162016,485.6054006152012
83,5,789.6574612171687,774.3066711807214
83,6,682.8871766157654,248.98322059914335
83,1,576.9374358503735,1093.0848744473292
83,2,717.8744597787739,1254.7507938238507
83,4,722.8763693465547,823.645192511158
84,3,520.6798259906252,487.39970452051125
84,5,786.6812868821335,771.2939864408162
84,6,675.9147634466931,240.92257745119258
84,1,574.9803213556066,1094.2078868520045
84,2,718.8256518288861,1256.8632739659222
84,4,725.2887243051879,815.7126974344274
85,3,519.8467913532367,488.97619069657884
85,5,735.3934823292757,723.3972233203746
85,6,660.9717547815652,227.0131420994248
85,1,573.0196618859837,1094.056632074066
85,2,732.013129016945,1261.8789322292946
85,4,708.6638660442459,798.2603554589338
86,3,520.6369743151982,492.30623205600074
86,5,711.8524920604134,704.1634283883159
86,6,649.1129893822966,218.80365677324386
86,1,572.3110338341577,1094.2639444977326
86,2,739.2548090817676,1262.9253293958864
86,4,702.6223633730409,791.5353483460841
87,3,518.0227162650651,489.905833821661
87,5,699.2092277587967,697.9725600370864
87,6,621.9934940086085,203.18940154338412
87,1,525.2524881998506,1066.8703967233932
87,2,745.2508777245957,1257.9607321193118
87,4,669.6663771462904,756.9589583607687
88,3,519.774828636738,491.1515809069479
88,5,692.1465488485997,695.2846451323244
88,6,606.7269740479876,193.85413342871152
88,1,510.6866746142059,1057.707205919852
88,2,748.7287380488528,1253.9117752533957
88,4,653.5413675996599,742.7414394192008
89,3,515.8657357377217,490.0809520420335
89,5,678.6649396294712,690.1132238635413
89,6,570.1985188066583,155.069843659265
89,1,511.7995961876735,1053.0206001409122
89,2,760.600022914736,1238.9106055253587
89,4,641.2297120297172,732.6870590966057
90,3,516.4377299403594,495.7066929345191
90,5,666.0433438370128,688.16775636138
90,6,558.6803639726439,147.72058361226615
90,1,507.3656689930564,1047.1033037949828
90,2,766.256115820067,1229.622694551177
90,4,634.8120156976572,728.7112891975485
91,3,503.42775392062816,487.8901984519174
91,5,625.0477541237,656.4426747151933
91,6,546.0633173288173,142.09002333255097
91,1,518.4439949098473,1051.7808212041377
91,2,772.5835034723798,1221.1497029182165
91,4,614.0615893937047,711.0076337861691
92,3,467.8056787513412,460.36655556905583
92,5,591.9086651065771,626.8858357160228
92,6,539.1734551475474,140.15320558849118
92,1,527.1447173403434,1057.6342456415261
92,2,783.5027539345913,1207.9091006370459
92,4,602.252809694375,700.0554750661129
93,3,403.2887309060356,399.899752078629
93,5,581.1988878860797,623.2518029391956
93,6,534.1818628520838,142.23934132656728
93,1,527.4578863533721,1057.1232357980466
93,2,782.4000061125087,1191.0296959920818
93,4,573.1385024780782,679.8729425927938
94,3,423.8016682504549,426.67704335048063
94,5,573.147921436963,619.0135083540769
94,6,524.5116354430174,135.15309090140371
94,1,528.6679641507966,1055.6158935364117
94,2,786.0713969564879,1179.4022825676172
94,4,557.1266090324315,670.788899219797
95,3,420.91815940423004,432.3976371857814
95,5,557.4903380526181,609.9625546269253
95,6,528.2799477169057,146.45991979349307
95,1,528.3229916614544,1053.5601988752492
95,2,797.514455211793,1160.910815308686
95,4,519.8731970914288,652.0282737920437
96,3,339.23876467366694,354.9367101415067
96,5,521.4070596509947,581.3350238099042
96,6,539.4889081634548,163.86252398596707
96,1,530.7366904121851,1051.7730859454464
96,2,805.4423330708695,1151.6409462014374
96,4,492.32279628789445,626.2002672724027
97,3,263.8230079168946,287.40009421785203
97,5,505.9917430027191,575.3242455619448
97,6,546.5439819938437,175.9060023857841
97,1,535.723591384598,1041.669480848481
97,2,807.7278446897494,1140.5565529342912
97,4,467.3280997151538,609.357646618214
98,3,246.295839682734,271.7220006856818
98,5,496.67242410443674,570.2392899215677
98,6,550.3127981631907,181.38262367169065
98,1,538.0602462219897,1034.7582533027555
98,2,810.3051805402714,1131.937973633067
98,4,441.55824643668825,598.0400563974006
99,3,396.8779078148949,432.7364171803999
99,5,464.9098532248919,558.4653074332927
99,6,564.3612584301144,204.97713479295444
99,1,521.0285545505625,1003.1143683452239
99,2,810.8565719108923,1113.4274405946835
99,4,450.55363305291087,617.0260387604299
100,3,416.65755403679896,458.7765037672724
100,5,444.35646033395597,547.7777153741276
100,6,568.7338183119366,212.37135244659115
100,1,508.86340694536824,979.6357280406661
100,2,807.7449051243369,1098.897021317821
100,4,425.12952249985636,602.9944359585644
101,3,419.65118591512316,464.3305534130594
101,5,417.9700164558677,538.4372805436886
101,6,570.4672004728195,219.73535833044156
101,1,511.9656595214028,968.0668587575007
101,2,815.4258161411442,1079.6271254003957
101,4,387.84392477545697,579.9963990321905
102,3,422.5951748776973,469.41159708895304
102,5,385.16139335970973,516.4498292679307
102,6,570.6203787744724,221.13729219496844
102,1,517.7414633300878,965.827560201536
102,2,824.43863594507,1059.2541051171745
102,4,362.34026280985825,563.2160792472308
103,3,426.0478714132856,469.1319573451383
103,5,376.91958939147304,522.7308813190149
103,6,575.1001515197554,226.1295040039508
103,1,524.5961183250344,956.171949080458
103,2,832.0944466254765,1041.445134402474
103,4,347.7544879849564,563.2556062986359
104,3,427.6770929485458,465.30910795672924
104,5,370.1288127087975,525.7828765395524
104,6,573.3424871838738,224.38262546961528
104,1,530.5241847848982,945.9984256068439
104,2,828.2724084499047,1024.940448147505
104,4,345.4153580537708,570.0080997236914
105,3,429.2424322660501,461.76053203862335
105,5,367.439214330884,534.9839246072178
105,6,572.8876206011232,233.12140281309718
105,1,543.6736876786229,933.6329127388614
105,2,819.9966513105757,1000.3448963067415
105,4,336.80892973518274,570.2219954899377
106,3,429.7500999285806,460.05515863476387
106,5,360.5469429843817,533.3516940686579
106,6,567.5836322572528,230.75758755186467
106,1,552.5987157787205,913.9417485850831
106,2,815.608212462729,984.9169750777784
106,4,335.15399741564295,572.1147981502496
107,3,419.6545255833601,459.68868774952136
107,5,355.84128003200993,540.5837835992521
107,6,589.4134105503464,264.88344049132627
107,1,560.5253962953876,893.0813192123146
107,2,808.7328484388524,952.1233221857158
107,4,301.88451083709674,555.3395686439455
108,3,418.5098046086081,461.3558936740883
108,5,319.2503039758555,515.9210199402173
108,6,594.9846647681901,283.1496372751978
108,1,566.4481645434109,882.083782706842
108,2,811.3546644221722,938.7586074569582
108,4,288.1652096177389,549.3320447562954
109,3,414.82095752726946,454.81382032166795
109,5,302.001114619891,511.2433589019503
109,6,595.9343515870485,296.7438791253337
109,1,568.2537970879448,864.9773180416418
109,2,815.9570951703656,924.1758459515858
109,4,273.7823917450771,546.2044881470499
110,3,415.6448046935871,452.8719968656783
110,5,287.6282488439927,503.2300736617408
110,6,593.3043551914855,302.20861414578377
110,1,565.0764347850422,841.4693878529911
110,2,820.1599148613391,911.1771299082585
110,4,239.53738518849266,523.0237787114751
111,3,437.5218846764487,468.1999198706358
111,5,272.7926621692011,493.4016181512244
111,6,594.3905932318833,318.152460003193
111,1,592.6603643619643,843.9584959132076
111,2,827.5957590468364,901.9889319078361
111,4,241.78910372159268,536.9679921866283
112,3,456.2928225453601,478.59172969730764
112,5,256.7665700153929,478.6936046482893
112,6,588.1404476379026,319.43067959549484
112,1,601.4064926399643,837.8959986822688
112,2,827.291547042725,895.303550756931
112,4,226.92907814677932,523.5540750482278
113,3,472.8005518926576,486.05912241937455
113,5,213.15774159148813,421.9029402433538
113,6,606.7436724308636,362.3776888463089
113,1,612.9024763521064,826.8658606485532
113,2,829.7951350860673,891.33271755052
113,4,240.9374064204398,536.9807427352263
114,3,480.00200243353083,487.29699506988675
114,5,208.86579850552192,414.8823783465928
114,6,611.8796553562481,382.26634189304326
114,1,620.5952208943918,815.8479703324207
114,2,829.5450493644947,890.1292842578547
114,4,250.9472486324132,551.2327564485176
115,3,490.2973699441132,487.1957057597855
115,5,200.63372847350533,400.0777653528158
115,6,613.2817165307221,400.0993032920959
115,1,624.3957805657138,806.938003015006
115,2,826.7857637562481,891.8836212975013
115,4,255.92187854676524,560.4020944584116
116,3,495.0786614188574,487.2643995969574
116,5,202.8593414889447,400.07506320563255
116,6,619.3537791785482,417.6362777668764
116,1,624.8320650604452,802.1167806645412
116,2,823.6532586203223,893.9331861754752
116,4,257.41440500545224,562.4985913483707
117,3,507.3340099139685,503.55526446703306
117,5,256.2424944785264,453.4755218299908
117,6,614.5885559546942,426.9948973909784
117,1,623.6502437536902,799.2228118581074
117,2,832.8753286902247,910.9470193214663
117,4,247.65196777861763,557.8264488874411
118,3,510.75781462687877,509.1097290474561
118,5,209.8590053635674,407.4312430321113
118,6,613.7228913836494,438.54754025166454
118,1,618.6446898113261,796.382837706356
118,2,842.0894761676897,924.2703826988518
118,4,240.70464711005195,554.0540438247795
119,3,509.0955105780368,511.3777262122538
119,5,199.42697096356304,394.3872937266596
119,6,617.7935678358398,478.9912081312472
119,1,611.8654217572905,798.6879633086302
119,2,846.3225160885887,932.0836492387162
119,4,229.4993992315162,551.715908355112
120,3,495.91323047340853,504.9904626829842
120,5,187.7343887183529,372.6686112782751
120,6,614.2425856235856,497.9752869758536
120,1,611.424190760356,805.8884545260534
120,2,846.2206339488707,935.7848325740218
120,4,221.43238440312993,549.8221940299941
121,3,486.4311453336073,505.16958803628324
121,5,150.39315876584743,324.7473905790169
121,6,609.7883637344994,516.0015602146982
121,1,609.5107919230287,814.7538707771539
121,2,844.937763765314,937.2631653781544
121,4,219.35905268247626,554.0937372286907
122,3,503.931862447018,526.0625975693638
122,5,131.07447057967926,298.03640666021806
122,6,609.036457092602,527.9411923529161
122,1,607.7966612992304,816.645044037241
122,2,843.441558623645,935.193331699486
122,4,215.14979163981366,553.8002447404772
123,3,515.0567307849869,548.1603718428352
123,5,134.25131969672242,290.24077505434263
123,6,588.5447569133321,529.3228341885008
123,1,594.3739051731711,825.9658886765669
123,2,834.8076355324249,926.6054657257986
123,4,180.40266138994667,525.0571923031505
124,3,546.6423943006266,593.4248724945479
124,5,131.94604986881,280.51435170040384
124,6,541.9706938734716,521.2018196575616
124,1,587.3127895579235,837.4030528656324
124,2,831.130498353945,923.6674629696116
124,4,169.3188654017452,517.1021320772521
125,3,508.5487999417129,581.8441745430007
125,5,44.98129860074605,166.81468759440526
125,6,579.0951094941864,596.8315233657448
125,1,577.4945315894868,844.3819274797422
125,2,832.4520606740562,926.7666259458658
125,4,156.42915279508532,518.6420945658815
126,3,495.49426802239543,582.8597196813515
126,5,23.426388505178178,130.91128552902705
126,6,582.993458612738,631.3954017416083
126,1,569.7570141824515,846.0796412500163
126,2,834.6245578438449,929.5405019831035
126,4,165.61586934639146,531.7147375012572
127,5,134.20047184444635,204.68965035490524
127,6,579.9833487340919,653.7445241519937
127,1,553.2660900728588,848.6646823068613
127,2,831.9650126540038,930.0510019641829
127,4,177.48040769693787,545.3066140429694
128,5,157.45053867034028,215.70569319459412
128,6,554.5424048725542,652.2353482973764
128,1,553.2041358338683,860.4663366849877
128,2,831.7214391327186,931.0635412303733
128,4,181.43482112801834,550.689585528084
129,5,164.2363893620537,199.18765216463893
129,6,548.5848320431585,687.9773167931777
129,1,559.806053251552,881.8346200440852
129,2,829.627443103927,938.8230303552749
129,4,196.52610327159164,566.7619484892734
130,5,176.8955071647493,196.31763870112854
130,6,499.5295341918915,661.9141105232719
130,1,560.5494130587185,888.394226614499
130,2,825.731635951357,944.49075694637
130,4,196.74129043919666,573.6858954210904
131,5,185.8242079914535,186.8559610109975
131,6,517.480789260331,706.8859261702605
131,1,561.1071291387656,893.1532441337878
131,2,820.6406257122198,945.923609924523
131,4,226.17543920917015,600.9440002439774
132,5,104.87500500549471,92.98626899240512
132,6,489.1012433591411,712.270889089201
132,1,561.37485838209,894.7704726828745
132,2,817.7206761309891,944.1699876200553
132,4,187.55122226431806,577.4218857961671
133,5,41.19775251294403,15.698695467315549
133,6,451.6743857405899,725.8763228256611
133,1,560.1106146948794,894.1769730858955
133,2,808.115379144243,935.8841271022594
133,4,190.1480753793151,588.3492289944921
134,5,155.26990725089448,131.5098778145867
134,6,438.70467580230905,741.6444873335299
134,1,558.6121185624345,893.0349983809633
134,2,800.8709050909891,930.0171164081569
134,4,195.59798337920165,602.1802943591517
135,5,183.92984492101755,140.54267211364282
135,6,436.05263719194346,763.2683271260518
135,1,556.7820224371994,891.497649535456
135,2,785.7772104668164,916.7989513845897
135,4,212.37649857499406,628.3761509132627
136,5,101.61167005816567,28.48932302912755
136,6,429.76011612627013,773.2886400515398
136,1,556.9084823408061,891.3928248020209
136,2,777.1197028960593,911.8199143953543
137,5,185.86590801137555,96.2289536183526
137,6,411.7343767047417,782.8196364336563
137,1,561.2289080801288,889.3421478485125
137,2,768.7340650255779,909.6153240510013
137,4,382.74032620981916,777.3275547445328
138,5,208.7768646626103,115.33597504704292
138,6,367.6481575238463,761.915637932438
138,1,561.8175521164997,890.0240017892887
138,2,765.679765446901,906.2294644270758
138,4,404.8645640817891,810.5426541761283
139,5,232.29381700015293,120.36400182827555
139,6,352.19397811375444,782.0138373200971
139,1,558.8495185607943,892.1269772370076
139,2,762.7637216125366,903.3532507599474
139,4,389.81131230841805,827.7921680262365
140,5,244.26347307221454,112.0413469352031
140,6,312.5761051216839,773.3917280259891
140,1,558.9913150745907,892.2033466736021
140,2,751.7098823411058,896.686771354925
140,4,379.622386892325,844.8407849304813
140,3,213.6058595569134,652.0928870331724
141,5,261.61019870897184,115.91994543923511
141,6,252.0517500784697,753.3159780172493
141,1,557.8603106046359,891.170722879997
141,2,741.0567477030014,897.8163496721726
141,4,371.2959246665049,859.6490340371306
141,3,203.82361645408213,656.2757884235037
142,5,272.1419446001614,120.1129413213784
142,6,286.19266444122917,791.5739198822583
142,1,557.6396798351745,890.3945906403496
142,2,737.0392334220525,903.9385159769668
142,4,369.8196285872413,870.5715586721516
142,3,203.14499091707714,664.3368280848517
143,5,280.41699264365974,113.33683439175026
143,6,198.19360663425292,753.5581189270172
143,1,557.1332691587384,892.4728894092668
143,2,730.4054102398992,910.0978538786125
143,4,360.85786520956543,882.6425740571271
143,3,194.16110017872566,676.4813405121362
144,5,294.3591275001597,117.89311874026112
144,6,266.3795030220113,819.0429861907224
144,1,551.9228710335476,892.443170413556
144,2,724.6630972404683,918.0919453097179
144,4,336.12811039222845,877.6919058771822
144,3,200.97270947933293,690.170723336585
145,5,304.6795227501581,119.83084188761326
145,6,243.00463187850644,820.6465481653483
145,1,548.4720428144758,891.7655392299741
145,2,713.2051893754248,934.0390450750759
145,4,322.90407031800015,882.7070457651477
145,3,201.48688880732837,697.7562784350322
146,5,307.31203557676685,118.2041588530771
146,6,243.4458513125943,833.5261162244627
146,1,549.8143988902444,896.2343351248687
146,2,701.1572542512822,955.0236948612076
146,4,304.6079334835423,886.2523083593761
146,3,206.48562525128136,705.0834213813646
147,5,309.248078970579,108.97517873418937
147,6,243.91349989677886,853.7068991926056
147,1,543.0544899633095,905.5122778190396
147,2,694.0934770725686,976.9932668842594
147,4,283.69586579990414,896.2787592232326
147,3,216.05314064197802,709.9164180578362
148,5,311.4351536998224,104.97749147316439
148,6,250.93229836496397,868.2462014156022
148,1,549.3665285045191,920.0814386665379
148,2,685.9529008980305,987.067639950345
148,4,267.71110416299393,900.0907688716723
148,3,208.03498789482887,706.8866591086933
149,5,318.1841059746779,98.7958993730018
149,6,251.64382428539813,887.0522889182585
149,1,545.9695862933382,926.0827420675198
149,2,670.5092599674816,993.9595866369914
149,4,264.9621278605548,914.110462638129
149,3,231.36840991594227,717.3026798475761
150,5,325.12494051296085,101.53722108826808
150,6,251.51431971962143,895.5042366664591
150,1,529.6745263322938,921.4374494758564
150,2,667.3965671569971,1007.0483004441564
150,4,273.06110685260484,936.9361577825022
150,3,236.489324603088,721.2796197824806
151,5,338.8143867594176,108.17545555330177
151,6,242.58117806754763,894.2791262508721
151,1,502.4193746929025,912.677243608274
151,2,664.536832475038,1029.1476861251338
151,4,283.26311804303884,965.0238973307924
151,3,253.12373870893057,716.113509853363
152,5,347.20317034847733,111.49865940727459
152,6,235.70701010706765,891.2842226095074
152,1,497.12716037940993,915.4610902001995
152,2,665.2992703739403,1041.7596212473138
152,4,284.1820169069453,980.0404046820364
152,3,252.80541502623984,708.7050269806238
153,5,355.03739209393046,113.27714903221222
153,6,234.04767662405527,894.9006798407406
153,1,526.9031421480076,951.349109668322
153,2,670.6622499727181,1052.2858756139942
153,4,283.9269467999672,991.9889316406412
153,3,260.39877011621445,701.3825890486627
154,5,361.303613104505,116.92135258585644
154,6,231.09030517514725,896.1282850921759
154,1,524.7518108711118,965.6879429720727
154,2,669.6183355027496,1054.2656846735383
154,4,288.16988718358317,1006.0915915056033
154,3,247.7585842668629,693.4136370338753
155,5,366.58909037843824,122.4542349086682
155,6,233.64408855810655,907.9389929587626
155,1,519.6098464739159,975.466316276522
155,2,654.0064522835877,1046.755154663977
155,4,287.63705190556396,1024.2709698263989
155,3,244.31678025512355,687.2499806568701
156,5,370.4478141559459,126.6166486577886
156,6,233.90774749108442,913.6875110695366
156,1,517.8649602036148,981.5705186138556
156,2,649.3825231345473,1048.7309246272116
156,4,291.4263341781852,1035.0325824947788
156,3,248.3980895980486,685.3464101109616
157,5,373.7094791246446,124.77481433452591
157,6,241.36459295855445,926.9812763342591
157,1,514.7259770426617,981.984975216885
157,2,643.9420242403642,1053.2044479177848
157,4,287.90947505676746,1050.8106174277038
157,3,254.62274268227824,678.819441594174
158,5,376.64544222687465,123.0901966218682
158,6,247.12720371235568,935.2015470233318
158,1,518.6849601636695,985.1557135230851
158,2,641.3534294499144,1055.669114536939
158,4,284.6401658088897,1061.0979923906705
158,3,255.5819483556517,673.4020267619653
159,5,385.3553326868467,120.3036105549573
159,6,254.09561432990387,942.2797135394316
159,1,520.1643620561399,987.6378804824768
159,2,640.7860650894166,1058.350447054282
159,4,285.5310859050942,1075.4896962139994
159,3,259.1424170619579,662.5498314758324
160,5,391.06418546880377,117.6029608266724
160,6,256.2600959626022,945.4712260490878
160,1,521.6187051766269,991.4384634308061
160,2,638.8627180320658,1057.4105123991533
160,4,277.4321533597239,1083.604872906276
160,3,266.8060701938639,659.9620710277336
161,5,393.4950978619416,106.45442233993626
161,6,254.43869670511918,948.8774120634231
161,1,536.4768419132458,1001.1660181950184
161,2,638.0665213493207,1057.1548522000437
161,4,272.20349884311736,1097.131243245207
161,3,269.66745431969485,656.1230663008308
162,5,401.7594838780508,107.15047584660327
162,6,252.63784821940538,949.8578606317182
162,1,554.55746874754,1012.4346719051164
162,2,637.5680609124175,1055.2048482114744
162,4,275.0942100369702,1108.1843751144672
162,3,276.9387624061499,656.6921585315237
163,5,388.1528961429066,65.86277654779909
163,6,251.6810269679933,952.62497330813
163,1,563.1805062320863,1010.4215439654242
163,2,647.3927391792375,1047.9876842649246
163,4,285.43181090049416,1128.2640771409674
163,3,281.66895873261996,655.7784319261473
164,5,423.2971416133225,97.36059609710873
164,6,251.46760360808787,953.4128701982158
164,1,562.543937440156,1009.8775196035161
164,2,645.4915643967049,1028.3567705465634
164,4,287.1912869152579,1138.9799170454585
164,3,286.02677880938774,650.6499583831761
165,5,454.5240381621257,127.40419326166851
165,6,250.4765396145091,955.253841726378
165,1,563.943999521189,1009.5489203906282
165,2,652.0083952209465,1006.3846244386763
165,4,288.3627190227731,1152.049282659561
165,3,289.2634152829212,635.9161969259744
166,5,475.12190244021946,144.65571582993618
166,6,250.84669099968585,956.1635512609918
166,1,566.1659822127411,1008.8990220602619
166,2,655.0545622240331,997.1484057584271
166,4,285.41792894855195,1160.3395339153672
166,3,289.111078955641,622.1491645514872
167,5,498.3515985234082,165.87953961567243
167,6,262.36217233588667,964.2450586482784
167,1,562.2378222727276,1002.6232032286275
167,2,661.5528153719818,987.935223479756
167,4,273.54721838868306,1171.0906347397763
167,3,294.7630931598839,607.4562061889712
168,5,505.78396209874677,170.81025458688669
168,6,266.9958638119305,967.8479302508507
168,1,545.747645767001,971.4270853554926
168,2,661.901093988374,980.1730770836639
168,4,267.38775298756525,1178.6331671009411
168,3,311.89257316807584,609.5103620380728
169,5,507.3601100202601,171.1423934413007
169,6,270.5815674078309,970.0364211666952
169,1,537.8373344162603,954.7710655610514
169,2,635.2983658470487,945.837581627599
169,4,274.90847340138,1195.2432401487395
169,3,328.2344452754466,607.6608526678978
170,5,507.42766657140277,171.02309469703567
170,6,270.97387051028045,970.1817602814987
170,1,537.3166505512047,944.7052458980255
170,2,625.0422432504083,926.0704757964728
170,4,283.28930341361746,1208.2524258794078
170,3,338.91711925411585,604.10403209934
171,5,508.43897156777797,173.99221440373566
171,6,270.45898511659755,969.1577971579526
171,1,536.0004437610967,935.3382592305139
171,2,622.0238657253631,912.2505340699222
171,4,285.2939087621143,1219.6393355883918
171,3,346.43092283501005,589.0226363441112
172,5,508.40829560354996,174.776646060246
172,6,269.7380835611557,969.4368006535448
172,1,534.6379944096534,928.7322956944572
172,2,621.4116967445024,904.0046352257716
172,4,282.0831069890857,1225.431398533767
172,3,348.3725032133453,582.186597202216
173,5,507.73375298754985,175.96728691895947
173,6,270.99566355354415,970.823758009212
173,1,534.2072764368633,918.7568875958087
173,2,589.674465999505,875.9160363812967
173,4,283.82602512921443,1236.8576241989315
173,3,356.82587200829045,583.1328959805405
174,5,505.6266529822728,173.65418460580298
174,6,274.4187015066708,972.1595436297024
174,1,528.4661795691352,907.3332311337081
174,2,578.1571042156485,860.6146018940352
174,4,290.93706047791215,1247.5641796213035
174,3,359.1107048030332,575.0713876739625
175,5,502.85538797692243,170.47284054171752
175,6,276.7114288533129,973.10465567355
175,1,495.93248409407516,873.75192227832
175,2,561.7894839079778,841.0127108040134
175,4,304.6121836347954,1264.0356450757217
175,3,351.0540692483583,548.1269995582661
176,5,499.7403031430274,166.7557954555604
176,6,275.639305260555,972.3722088017555
176,1,480.3724125761728,845.240752444802
176,2,557.5882455584634,831.3222926157144
176,4,311.6579089832316,1273.9614741183332
176,3,348.19711298996924,534.4192495712153
177,5,504.0619354033547,174.40207246229477
177,6,274.4487996666191,969.2667577585684
177,1,482.16098535754224,837.5234477045472
177,2,557.5033383038304,823.0568682151556
177,4,315.9716912480784,1280.4155084916497
177,3,362.61972505793557,519.7977747311625
178,5,504.9370660927891,175.6043212997985
178,6,274.7570171734516,968.4695632885913
178,1,484.13492153314706,833.0337413300165
178,2,555.5636562883474,819.1353619883092
178,4,318.4392375673103,1285.2811584327608
178,3,366.464456560802,512.0481178575855
179,5,506.0812853084067,176.6929696954302
179,6,278.87879434898605,969.1369861718874
179,1,485.290142197691,825.8760724191583
179,2,554.0902970737643,812.9617885201093
179,4,319.4632238103193,1292.0663544136683
179,3,385.7888563663558,517.6673547340512
180,5,506.4251777118926,177.18183338366651
180,6,273.7140304373251,960.5985510582481
180,1,485.62795117212875,820.5433812363267
180,2,530.1370508298052,786.5017068903151
180,4,316.727232690281,1299.3503482701697
180,3,393.24821437491187,519.2818459406395
181,5,508.2738920859317,179.57051492274127
181,6,266.36392200150823,950.0705206972292
181,1,484.0185472378315,813.1762491575143
181,2,491.9688852268891,751.753474765108
181,4,315.0050706603488,1308.4084686405242
181,3,396.0990039742849,507.08625836392355
182,5,509.7520382346223,181.68857873001198
182,6,264.3813605364797,944.8476941559214
182,1,477.1579767293026,807.2666635524806
182,2,478.86376726761983,737.4271035604511
182,4,308.70484664144743,1312.3653798135063
182,3,400.10514459271496,505.02647283057706
183,5,510.3422358977836,182.09913512729585
183,6,263.1308836982718,935.5114026704381
183,1,454.49484293391635,793.4742799182736
183,2,472.94363458448123,725.6169726883533
183,4,312.19611764581094,1321.2726781103959
183,3,399.25376847340584,500.9218379130727
184,5,509.53189603662867,181.5322592122557
184,6,269.6658227229253,934.814375976173
184,1,435.24109152838076,784.926730731019
184,2,453.8124637903075,705.6193067424279
184,4,334.91466665771657,1334.2791239896353
184,3,392.6508211445311,490.23353273462567
185,5,505.9017419734976,178.47097029390898
185,6,274.189202804044,935.4208350042228
185,1,396.1238953954607,758.4768835880336
185,2,435.0162739764332,686.0616215039307
185,4,352.77700544489375,1344.9761107019297
185,3,372.3388974097783,466.683523810254
186,5,505.20330531900635,179.15618729353864
186,6,275.14420598962386,934.7573295279175
186,1,377.73740310051113,746.0400400863826
186,2,428.77190251474616,679.0413645619287
186,4,363.9046181675542,1351.6562359617647
186,3,365.3312289261789,456.3608600264658
187,5,500.1564006388854,177.08056864408437
187,6,277.29310724035645,935.6521358240342
187,1,362.7935869779721,732.7933390264845
187,2,424.20539188557484,671.2378619224646
187,4,369.907780216402,1356.0428212266856
187,3,355.43391246936324,439.4302838437424
188,5,498.084055210713,176.14423841657364
188,6,277.39846179866237,935.0565316496018
188,1,360.9588852960018,724.9633405014314
188,2,419.3090966480112,664.423061494499
188,4,373.1304397151918,1357.9061037169906
188,3,345.3265930076191,422.38678513480727
189,5,496.51897791718613,174.11583922266712
189,6,287.5195129736531,940.010254363619
189,1,360.8099023590593,717.848470461811
189,2,410.74370362841887,652.952777265126
189,4,370.1618569909336,1364.8228915082743
189,3,344.8179650917798,410.4403231884322
190,5,498.25732826214505,172.15000037262465
190,6,293.22530056267345,942.4942957775039
190,1,361.6169157226686,712.6093007464096
190,2,406.81966049222694,644.8132396566909
190,4,367.17248217144675,1369.8523167344533
190,3,347.47900933373666,404.0621262952188
191,5,504.7845520812084,171.84175065774892
191,6,299.6694464632377,944.1679235741673
191,1,360.7882432247179,711.5157398526591
191,2,402.74126344799953,634.1044465234032
191,4,365.72361144226153,1377.073039076194
191,3,350.8765131550995,400.80450206044344
192,5,510.46646061019015,174.244676735426
192,6,300.81915864143036,944.7553023053598
192,1,359.966705579565,706.3850325566058
192,2,398.9086406904545,626.2568209440986
192,4,363.4343878315496,1382.0890231545218
192,3,353.64787589330786,397.36565851869
193,5,515.3724919078542,175.40447256049632
193,6,301.74594187745856,945.8523274367271
193,1,329.3356913121326,671.0626730218407
193,2,388.4087265725711,619.3894739977214
193,4,356.5044091762518,1390.6526988584585
193,3,356.90276745678267,381.6117263544499
194,5,515.276469986981,168.8537503614495
194,6,302.2677761792288,945.898776588279
194,1,321.8207207681107,658.0462507133014
194,2,388.59028876882604,615.5346126983588
194,4,354.5876105201996,1397.7454420801978
194,3,365.9888110014235,362.1451576759644
195,5,521.8749219906487,162.66882227284526
195,6,304.51684878214036,948.3341981085362
195,1,315.7595395726091,645.1798811778887
195,2,388.3082870063816,611.0824768884875
195,4,352.39513777423855,1402.339513732614
195,3,384.5367425491162,355.8798903321642
196,5,525.4308552924545,158.39519764976274
196,6,304.1767701561018,949.1793404934033
196,1,304.3782902682876,628.0161595735782
196,2,386.98356398215975,607.9550019354784
196,4,352.0323941106353,1405.599047258141
196,3,403.9384302687445,359.5367343487044
197,5,536.5831207858583,158.23865331092125
197,6,304.93463211022447,951.7409219544186
197,1,308.08278301493897,629.1788711741602
197,2,385.88094662054,610.9511231159917
197,4,376.23754459101434,1417.2710242703258
197,3,428.60811376090044,355.53277134721026
198,5,557.2990556289359,173.49534537585367
198,6,303.9051920324634,953.0953539085788
198,1,312.4551263477018,630.1339318846433
198,2,384.0133791841537,611.0830994665469
198,4,384.57184174152036,1422.1277306798534
198,3,439.6082733010054,351.6070836172305
199,5,580.7563029919346,191.56941373985507
199,6,301.82307679670134,954.3833405959214
199,1,319.37802750458627,620.0093487909094
199,2,377.34086427199105,606.1033129364462
199,4,393.80327857995144,1430.2885333066904
199,3,443.2852370270236,345.495894048727
200,5,591.8800623132429,198.41394012257214
200,6,298.0572665024611,953.7401190772608
200,1,318.2425570123247,620.5091785464657
200,2,374.04456886391586,603.6436826300362
200,4,395.52247558743665,1435.5940010500306
200,3,443.86687709207433,343.95042824150164
201,5,599.8135033105212,198.48296653880288
201,6,302.1661516235611,959.3672317855123
201,1,316.3511926617672,618.8558889808743
201,2,365.1924573760992,592.4701673437559
201,4,393.13450193638965,1439.5114902074024
201,3,443.1265442416601,344.55284923459413
202,5,603.5398221152728,197.09724667205825
202,6,309.4851019291103,965.326748614646
202,1,319.8489291439627,616.5437222902556
202,2,361.2574126929325,587.8942449528249
202,4,390.1764509789236,1443.9514888375352
202,3,437.8373540014169,340.7048712498391
203,5,623.5701268765176,216.09550441102397
203,6,318.5693111190268,977.7237714695623
203,1,318.7029549016787,613.0841669477595
203,2,355.37413917930576,577.3414808300564
203,4,388.2931494534311,1448.8674422896072
203,3,432.80603881267655,341.4458679142278
204,5,644.864789387798,235.5080331597554
204,6,326.42811199868424,986.2809581372152
204,1,319.42102771320964,617.9529903614414
204,2,355.04913079123395,573.6477749822926
204,4,387.6981382731224,1452.5714117018474
204,3,428.3254252151392,341.7192582044209
205,5,669.8450300539797,269.9811753589966
205,6,331.86442124617554,994.6406887805991
205,1,322.7953386175187,610.5641366460272
205,2,355.3595823219253,572.6132861329208
205,4,385.93930053113405,1456.337742747181
205,3,428.3665857684317,352.4362687471631
206,5,677.3313830386841,281.08495663149563
206,6,334.3423798566107,1000.1387187077657
206,1,325.418301721072,615.2175225090593
206,2,355.1452036715233,575.6120561160601
206,4,389.3852051976332,1459.8500142485027
206,3,429.2048153385197,365.001105859923
207,5,683.5971070793269,293.78649995021806
207,6,334.92365786486,1002.6166171362127
207,1,336.47235606315786,617.1698363742039
207,2,354.0127931301145,572.336219921226
207,4,394.4713664493382,1464.046801938111
207,3,428.8772975596863,378.9709252619412
208,5,683.6992345061133,298.55724213065173
208,6,334.5785746560212,1003.6920983831831
208,1,342.47094805042315,619.0127386320889
208,2,352.79490104131776,569.6879330350837
208,4,395.8762855682746,1466.0102433862037
208,3,419.60415319443433,373.6543659396415
209,5,694.5663858414881,315.8915086819186
209,6,333.0193648414706,1004.3483054179003
209,1,345.6207236942756,620.6060892900142
209,2,355.8881791629717,570.3762374697069
209,4,398.4909507324132,1467.7713974410367
209,3,433.7049956771863,387.2168614065939
210,5,704.0803866311709,330.02098957204026
210,6,330.6916544339185,1007.287804282527
210,1,345.46275938414635,618.7924078741961
210,2,354.84828437335767,567.2547672161099
210,4,400.5502820595483,1468.4983484313375
210,3,430.36563298924295,384.1340935055944
211,5,722.5547422703398,355.9858950207046
211,6,329.30700305245233,1012.4614572192138
211,1,347.46306155502964,617.0765830627977
211,2,352.98461380587673,561.9162387545858
211,4,402.4245717398214,1468.9037057872354
211,3,432.6432678195836,389.2497204930249
212,5,741.8291611180542,388.0726353359608
212,6,328.5712513190404,1014.6879237785164
212,1,348.3272997189957,616.5352273329702
212,2,347.4896005149257,553.5299952521063
212,4,404.71182000501653,1468.5633591989908
212,3,436.25091898541785,394.0325612062107
213,5,751.5768354343397,402.69338706279024
213,6,327.2904774268588,1015.3703123907918
213,1,344.41808065097746,614.3289435585747
213,2,334.146758787957,537.5832154205473
213,4,403.0529150525649,1467.7465832045093
213,3,436.65092161141047,392.3099001262937
214,5,757.0585148586614,404.05917209510454
214,6,325.9462577943573,1015.047999026897
214,1,344.79966693844233,612.3717848781118
214,2,326.1217679544127,523.8296960541329
214,4,403.2355406156534,1468.2099614414963
214,3,455.51482919198594,411.3412625538427
215,5,756.7683425538526,403.69963173684727
215,6,331.477887203451,1019.1125019062487
215,1,344.98460153579833,611.7262410119299
215,2,315.06079833802806,503.94740592973346
215,4,402.5793650061843,1469.56250657693
215,3,473.0343090024964,423.0735029463994
216,5,759.0922914136582,409.55748804483625
216,6,336.25928314314416,1023.1127524994774
216,1,344.4375327577531,610.4153271538801
216,2,312.19277712857826,495.1954390956752
216,4,401.796412426628,1470.5892992292702
216,3,483.20826845727106,430.4956023724984
217,5,764.0085226140254,418.50290030836175
217,6,344.4076360638637,1029.985473661796
217,1,344.0016816549619,610.5275563417855
217,2,304.8013294196519,482.49048661375616
217,4,396.97237516151006,1471.3446517164125
217,3,488.04609220638076,429.5447158878747
218,5,771.9169868576646,431.4758787196872
218,6,350.82692049684493,1035.3565490588603
218,1,342.83215118708864,609.973821949595
218,2,300.51259883158156,477.9741533227913
218,4,395.1068799557429,1471.5182774251737
218,3,489.2836632762531,427.08409038587666
219,5,786.5779147015155,444.81866064164836
219,6,353.617412586671,1040.0879230548023
219,1,340.55313554488026,608.2626059478483
219,2,312.2384915568346,482.26283839017924
219,4,393.95347270251233,1472.1470261067398
219,3,492.5171894400987,423.3749559901635
220,5,800.1733694936544,458.66862663028843
220,6,354.55137000981233,1043.3203912535046
220,1,340.25841816903227,606.6596829734245
220,2,317.966626784554,481.36878940757947
220,4,391.47635857159855,1473.292272765658
220,3,517.6028310768304,451.78136632584983
221,5,812.3018426042127,473.73636860677567
221,6,355.73730654196964,1046.4630727431154
221,1,336.56935578876886,600.1736183441647
221,2,319.0380851292771,477.66303860690937
221,4,388.0474730539087,1473.1193824934696
221,3,541.3380561866297,480.06352611657513
222,5,818.6655169220138,483.6845232930492
222,6,356.8283804770832,1047.8897471627547
222,1,335.53057828430167,597.381660929836
222,2,303.98544368617115,453.2593698974171
222,4,385.4750237473671,1472.704252958327
222,3,557.2296194456017,495.8692163517016
223,5,822.3892851019278,490.06435376018027
223,6,355.87346360135166,1048.6762350508568
223,1,323.4915228742589,584.4872643248588
223,2,304.45650188657095,416.18457524006567
223,4,386.2139222783842,1474.2920011014064
223,3,574.5398958816539,507.6364383656425
224,5,829.9726794205255,501.23991092985494
224,6,355.0662796073096,1049.2149883938866
224,1,318.9786393797816,579.0575640863176
224,2,308.3382952442543,396.60837955332613
224,4,387.7768743124369,1475.0885284661217
224,3,582.8873551339386,511.9163599132852
225,5,831.3820016687362,518.9980978395253
225,6,353.7549667966373,1049.318451487713
225,1,311.4550905247522,569.903663356512
225,2,329.1911306596716,395.47943895774023
225,4,389.7388068201661,1475.6187588097234
225,3,601.4808803542223,521.7985815462628
226,5,829.0308977891029,535.5097588952631
226,6,353.2058900855989,1049.3070746080716
226,1,308.52204935731703,564.3693285955981
226,2,341.22188782801214,396.05334228582956
226,4,389.22760348343644,1475.520449298692
226,3,608.0867663298902,527.3403266221903
227,5,817.3343203829496,566.1655629771434
227,6,353.6110497288247,1050.0249260605774
227,1,304.8862269328389,554.2494540790236
227,2,365.857540908842,407.3335670401553
227,4,391.65081151430866,1475.9893889225223
227,3,616.3870863495196,534.0821662898264
228,5,809.8824477196567,578.8374122413392
228,6,352.8443944086506,1049.7962748664918
228,1,305.66586031539885,549.3752432486924
228,2,378.2476211077054,408.6373308628937
228,4,392.4664519730011,1476.1296352397735
228,3,631.187525471692,551.0442440330869
229,5,800.9433397433897,592.8538379909811
229,6,351.5482036614806,1049.6372324905317
229,1,307.14659721361903,546.2394412382521
229,2,391.5471662154118,399.42093022596265
229,4,390.30850089798395,1475.6226380467706
229,3,635.8720842092994,562.0695194604971
230,5,797.2714521146479,600.8247285220535
230,6,350.94348411406173,1049.4837416767123
230,1,309.15659659104085,534.6082153140327
230,2,398.4615807506482,392.37433824934567
230,4,389.8413986904878,1474.7660179445422
230,3,640.8620805823472,572.3424699634347
231,5,781.7359814537532,599.7976977173399
231,6,351.88005534091417,1051.0625843459968
231,1,311.6470731224245,522.2588136154731
231,2,406.72234777768847,385.244289041393
231,4,390.88090130857165,1474.7051888974324
231,3,641.2563826394266,576.6337230032675
232,5,768.0593535800896,596.2704330174191
232,6,349.61137585496533,1052.2996973343738
232,1,315.8899678727916,517.6052135445836
232,2,411.9343882141317,381.17671741377575
232,4,390.4599932201377,1473.7743808489001
232,3,641.9808150040233,578.1908980241823
233,5,757.3920460316958,637.5628106294075
233,6,348.85305380508265,1056.3669878908445
233,1,313.91286058398106,506.869120217071
233,2,399.6532910479186,344.49034065242046
233,4,390.38124802781505,1473.441458812575
233,3,641.4031673607168,588.3874481767594
234,5,749.7470170355348,661.24587872403
234,6,348.8589111352322,1060.5402948159842
234,1,312.0720992297932,502.0646109915818
234,2,390.3834716955309,315.11292809061024
234,4,390.61959703041475,1472.6765584041048
234,3,641.1110659045579,598.5149350986172
235,5,739.5735164556503,681.7504675256008
235,6,346.20166785551896,1064.7586890925106
235,1,309.00231992714913,502.1001492923629
235,2,420.75054049705756,332.3825417968958
235,4,390.7025207967841,1472.390455715806
235,3,658.7837730595338,628.34308351838
236,5,731.9781827198506,686.8552105588883
236,6,342.2927856480027,1065.9620965842623
236,1,309.7714179233073,504.69605122897053
236,2,428.0077985555941,334.09339100967475
236,4,391.1545163296748,1471.6658180851268
236,3,639.1156026353218,617.8695829366067
237,5,683.1355885697826,671.1748136374612
237,6,340.7936558364045,1066.3775173804654
237,1,316.82507526036073,515.423742203695
237,2,440.2204745834204,331.3999883276058
237,4,388.4372346207269,1471.418216294739
237,3,645.6223624089148,634.8340303216976
238,5,680.4495403575947,720.4998005043304
238,6,340.51357767382444,1067.662621719393
238,1,319.6614006656839,521.367030144092
238,2,447.33485657284405,328.0461957596336
238,4,387.0454569531271,1471.9575251699946
238,3,645.0677362948715,645.2394392118994
239,5,666.4890908444892,757.115550384912
239,6,337.7387192527406,1071.2643529189052
239,1,317.83831679963515,526.3395059010857
239,2,451.59541133788383,316.5043637703359
239,4,384.15074963567344,1471.662363704073
239,3,636.7743048834664,663.9124100767159
240,5,663.1132395087285,767.6147214264698
240,6,334.24160068785113,1076.0766886938916
240,1,312.77842625724145,535.6103565092167
240,2,451.2120241748402,304.61074727552267
240,4,383.23125831039437,1470.8926946815689
240,3,635.4250143580821,670.563893565477
241,5,652.8628440162108,780.4026379086433
241,6,330.4012302199478,1082.2806224793023
241,1,303.57309060290135,549.3810678020125
241,2,458.42673248114386,294.9283029509433
241,4,383.2734851241794,1469.9719510975074
241,3,625.2083040782898,675.5433746314768
242,5,626.1814536147436,778.6408266142352
242,6,325.43264025258105,1085.357913910784
242,1,297.27369787329366,557.5028262656342
242,2,462.2852715129188,292.2168529033998
242,4,384.27252266828026,1470.5382806130197
242,3,636.7905659408744,696.4197262866988
243,5,595.3535506742704,782.7651412325661
243,6,316.83067385739565,1090.9941091312357
243,1,286.0054817818232,565.9282702872882
243,2,468.54809594536306,280.3083318118013
243,4,387.91975007189797,1467.9328608852459
243,3,620.1089143797172,701.0740406222418
244,5,574.4247067294598,794.8818870531679
244,6,315.6467351748673,1098.3779128884423
244,1,268.41440045071374,558.6081390564403
244,2,470.9597623771617,280.8501732133956
244,4,394.6580912891249,1465.2822988045862
244,3,609.809539426426,699.7984737952593
245,5,558.4595181634071,820.1556146748643
245,6,320.25411107623273,1108.7939103669926
245,1,284.1616114364071,585.1811454925796
245,2,479.4762038271405,267.8159186069766
245,4,405.09895348373817,1463.3359887628333
245,3,597.6864752710597,699.3893182186077
246,5,549.6230746874103,824.5847580992423
246,6,322.6268044042887,1112.9953637955612
246,1,300.9714416260798,605.0614651610772
246,2,481.13074647324186,257.096409167733
246,4,412.4532846213119,1461.2162900309843
246,3,590.5663850280833,701.3163774143594
247,5,526.7429258690808,841.0332026010013
247,6,320.90490397125,1113.6950724056164
247,1,289.25826299115647,605.1511086123049
247,2,490.92427804510567,258.98557064486664
247,4,417.0404498968844,1450.7933352739074
247,3,564.2540144306687,720.2315999113024
248,5,514.816479162758,849.3040582529391
248,6,321.4546947318849,1113.3494144678023
248,1,279.24662312939034,603.4278178215692
248,2,494.8837366807115,258.18003658567477
248,4,420.3275597034056,1443.9490148398882
248,3,550.3087315633963,737.4145252395123
249,5,475.4205364401618,846.0910927634405
249,6,321.36419697849,1111.8913484013738
249,1,270.67395322490927,608.2603272252193
249,2,494.24267641724407,253.50633646312087
249,4,423.8738138765528,1437.7446859594581
249,3,536.6076021102322,747.1728972493105
250,5,453.5518257592083,851.78077260953
250,6,323.08605261294997,1111.5379642538255
250,1,267.0446866644574,608.0126835557063
250,2,491.3392203233656,250.49158918694573
250,4,423.3347879796559,1433.5307989555733
250,3,530.2710813923642,754.6851967303347
251,5,438.16606429795473,857.8089946976371
251,6,324.6481758304811,1111.6773029617639
251,1,251.18668176444461,596.8513369636908
251,2,484.44872421042294,246.08568261474645
251,4,427.51650907126844,1431.687799035193
251,3,529.5406818571181,776.1538561302452
252,5,431.51727247487923,866.4240177159867
252,6,322.9865969867619,1110.5555207644038
252,1,244.04836382305254,592.192330854309
252,2,481.90639905776925,244.8391107616638
252,4,441.35544942475315,1433.5114114856508
252,3,523.2316405445985,784.1189534272412
253,5,393.85455869557103,869.9291635243844
253,6,321.9970771050456,1107.3755929980196
253,1,266.3041271921192,615.0916372436569
253,2,475.42910290821135,240.9610791829195
253,4,454.9471574281638,1433.6760183774045
253,3,508.2835956335467,811.8158157628727
254,5,348.4687828441515,856.2396174585175
254,6,314.8784110865833,1098.847073488671
254,1,272.51593696283004,624.6240583137762
254,2,475.8013039129974,245.53768761667294
254,4,464.2716478108975,1431.385806215833
254,3,499.022157201217,830.2221381488589
255,5,320.85860626957725,853.1142112918733
255,6,297.39199387618254,1081.0533579458272
255,1,265.8435540560362,623.9137602717485
255,2,470.58575569622406,253.83324400320828
255,4,471.7114636860062,1423.7739232554247
255,3,488.8862652641506,849.7266161829853
256,5,305.5348144610426,850.833383671312
256,6,287.03884799157714,1067.0034000162937
256,1,263.7774483177055,624.7735986274768
256,2,465.759002556316,256.3933471014849
256,4,483.6843719762077,1420.7240437309551
256,3,480.79482611590583,858.8296443991125
257,5,290.1882971643016,852.6271884123998
257,6,288.8462588044209,1046.5879943652155
257,1,259.5105884943812,623.5772681984744
257,2,460.0423552792785,264.49158317497967
257,4,494.89352580421337,1410.7269188420173
257,3,470.670247298822,870.6277279273017
258,5,277.5898397773717,850.8295385844601
258,6,290.22464240984795,1036.1816973639447
258,1,259.1006725277453,626.0472901627596
258,2,457.4924603955774,268.44867248572183
258,4,482.8195901490381,1399.6253851779838
258,3,464.30964406951176,877.878036320463
259,5,59.233411981713424,725.5427406631729
259,6,292.2398166366259,1030.362137602748
259,1,259.93029561733374,625.4572224401693
259,2,445.4527588577311,270.8179432987902
259,4,503.2612712337096,1397.230156425342
259,3,465.15056715920537,910.764961156766
260,6,291.41078142600145,1023.753363962892
260,1,260.98512536595524,623.9463414316565
260,2,431.0414569372227,267.2386356055697
260,4,497.29152740619486,1388.8711586267732
260,3,473.07799264918003,940.1475289037807
261,6,283.0635634403163,1010.7380353672758
261,1,263.24832325178727,625.5321689610269
261,2,416.3103600822993,276.96173449846935
261,4,516.4455643345925,1384.7022942822096
261,3,467.3670623458841,965.3975907722044
262,6,283.31777345287855,1003.9174881555527
262,1,262.5434512466163,626.2525536235436
262,2,408.29310831890604,282.56849707039464
262,4,524.3096613188745,1379.8775489106017
262,3,463.96998939699296,976.7823541117001
263,6,283.50600700861565,993.7589272185478
263,1,261.6226841426522,627.3533952739757
263,2,402.95848474259486,288.84573913010547
263,4,533.0181776043053,1370.639323369521
263,3,454.284355615093,986.8927618743534
263,5,2.54459521118062,738.2015714373558
264,6,279.31262181098157,983.4109594808543
264,1,260.9720451317472,628.1521251021335
264,2,399.7365864380571,293.4391026800781
264,4,541.2466693939951,1363.0463718801884
264,3,449.2225458503107,994.0998270276483
265,6,277.79839680842014,970.0367339219009
265,1,261.1976873934239,635.3934762941949
265,2,400.19614242197684,309.09024681267243
265,4,545.0350194027778,1354.910317429828
265,3,435.6443047942059,998.5168633392951
266,6,278.6935575157229,958.7623962102377
266,1,261.09167712435544,638.5214353758847
266,2,398.75318785058363,315.3676774636038
266,4,548.8434141412322,1347.9102247086605
266,3,415.289863237259,994.5070233665435
266,5,75.00483066111566,759.2266948105896
267,6,258.5493993974328,938.7271811086732
267,1,261.63530811979876,641.5347555190947
267,2,391.3281019390408,319.6034481334444
267,4,550.6638698492005,1338.371951400489
267,3,453.83195830862724,1031.6689847320024
268,6,175.18203801997055,888.1684337418379
268,1,263.88333525810236,644.1172346250628
268,2,385.7936331493278,323.2608544199971
268,4,551.3731924097548,1332.5065538576846
268,3,474.5312173232259,1049.8446116530242
269,6,228.96264446051075,912.7673673139401
269,1,265.14319984014736,646.7025100739193
269,2,379.9984233084347,339.89183312378015
269,4,549.3023253193177,1325.4678205888354
269,3,477.66436469072687,1071.8269013959414
270,6,235.93857845945635,910.623687958218
270,1,266.3181444274914,648.7407690784194
270,2,378.44914123374895,353.0314867930917
270,4,550.1334466231934,1313.7157622938328
270,3,482.48979514511035,1086.789512882704
271,6,236.4644078839164,904.1035836160328
271,1,264.50562144179537,651.2441276991823
271,2,376.480760594879,366.10644016537566
271,4,553.8894027533808,1303.8851428609323
271,3,481.0598595226664,1094.8059925226896
271,5,64.42868249990661,851.851731465272
272,6,242.00704373691744,903.9778176049883
272,1,263.7740811735354,654.2373792266216
272,2,376.0272646630439,375.88907295600245
272,4,558.8058900034991,1300.9336507255264
272,3,476.8369827217129,1103.1574030287304
272,5,74.67384598551261,859.7797692643616
273,6,243.62522442249497,898.3864107827021
273,1,262.22023099269876,665.1343829906153
273,2,370.04724187651794,379.15369227306104
273,4,562.9394310555302,1296.0777076395336
273,3,474.3671572447315,1115.5936877101256
273,5,70.69492894129293,862.3419573401908
274,6,244.35817686259216,894.3165085286003
274,1,257.05910377281964,672.1650441542457
274,2,364.6771150045717,380.2115495834698
274,4,563.3686016166365,1291.896814770823
274,3,483.28308076220833,1123.154377444299
274,5,63.21654438631783,861.4980272214924
275,6,250.63075065187687,891.597473355793
275,1,268.4924708150622,688.3677332054888
275,2,351.8730156464952,385.89523663665403
275,4,565.3707581465808,1283.0461647790726
275,3,497.5354697086682,1137.4191112746996
275,5,58.17417445401956,866.1018470601997
276,6,250.5411814303459,888.8078884324116
276,1,272.3529416159484,695.3293910773565
276,2,344.801508943342,389.5086642413468
276,4,567.3334171098064,1280.0693568401275
276,3,504.65094804873445,1144.970831887419
276,5,52.982776223861585,871.6971490592748
277,6,249.84418313810662,882.7723720301311
277,1,274.1651601259177,702.1677401570436
277,2,336.0919532896162,396.56495770177
277,4,567.7066023391366,1275.365189198218
277,3,506.7428926469909,1158.8084381174872
277,5,43.93179354963736,875.1766598507605
