0,1,530.55,412.87,90.9,116.77,1.0,-1.0,-1.0,-1.0
0,2,493.2,415.57,49.5,151.43,1.0,-1.0,-1.0,-1.0
0,3,886.05,383.4,64.35,109.8,0.99,-1.0,-1.0,-1.0
0,5,312.52,314.1,44.55,83.7,1.0,-1.0,-1.0,-1.0
0,6,950.4,369.22,50.4,142.88,1.0,-1.0,-1.0,-1.0
0,7,419.17,324.0,47.92,97.65,1.0,-1.0,-1.0,-1.0
1,1,530.55,412.87,90.9,116.78,1.0,-1.0,-1.0,-1.0
1,2,493.2,415.77,49.5,151.23,1.0,-1.0,-1.0,-1.0
1,3,886.05,383.4,64.35,109.8,0.99,-1.0,-1.0,-1.0
1,5,312.52,314.1,44.55,83.7,1.0,-1.0,-1.0,-1.0
1,6,950.4,369.03,50.4,143.07,1.0,-1.0,-1.0,-1.0
1,7,419.17,324.0,47.92,97.65,1.0,-1.0,-1.0,-1.0
2,1,530.56,412.87,91.6,116.42,1.0,-1.0,-1.0,-1.0
2,2,493.57,415.97,49.5,148.21,1.0,-1.0,-1.0,-1.0
2,3,887.81,383.22,62.59,109.27,0.99,-1.0,-1.0,-1.0
2,5,312.9,314.09,44.2,84.05,1.0,-1.0,-1.0,-1.0
2,6,950.4,369.16,50.4,142.57,1.0,-1.0,-1.0,-1.0
2,7,420.07,323.99,47.4,97.65,1.0,-1.0,-1.0,-1.0
3,1,532.98,413.57,89.77,115.62,1.0,-1.0,-1.0,-1.0
3,2,494.04,415.18,50.19,148.83,1.0,-1.0,-1.0,-1.0
3,3,888.01,383.0,63.09,108.58,0.99,-1.0,-1.0,-1.0
3,5,315.1,315.48,45.81,82.78,1.0,-1.0,-1.0,-1.0
3,6,950.4,368.7,49.03,142.24,1.0,-1.0,-1.0,-1.0
3,7,420.02,323.84,51.72,97.99,1.0,-1.0,-1.0,-1.0
4,1,534.4,413.79,89.16,115.37,1.0,-1.0,-1.0,-1.0
4,2,494.82,414.93,50.41,147.09,1.0,-1.0,-1.0,-1.0
4,3,888.37,383.43,63.61,106.88,0.99,-1.0,-1.0,-1.0
4,5,316.74,315.93,45.68,82.37,1.0,-1.0,-1.0,-1.0
4,6,947.71,368.39,51.28,141.32,1.0,-1.0,-1.0,-1.0
4,7,420.29,324.12,54.05,97.77,1.0,-1.0,-1.0,-1.0
5,1,536.17,414.17,88.97,114.98,1.0,-1.0,-1.0,-1.0
5,2,496.08,414.52,49.83,145.24,1.0,-1.0,-1.0,-1.0
5,3,887.82,383.57,65.08,105.68,1.0,-1.0,-1.0,-1.0
5,5,318.12,314.44,46.24,84.19,1.0,-1.0,-1.0,-1.0
5,6,944.94,367.79,53.28,139.55,0.99,-1.0,-1.0,-1.0
5,7,421.67,325.18,58.24,97.03,1.0,-1.0,-1.0,-1.0
6,1,536.69,414.28,89.57,114.87,1.0,-1.0,-1.0,-1.0
6,2,497.09,414.38,48.98,144.66,0.99,-1.0,-1.0,-1.0
6,3,887.61,383.46,65.6,105.48,0.99,-1.0,-1.0,-1.0
6,5,318.82,312.79,46.43,85.77,1.0,-1.0,-1.0,-1.0
6,6,943.37,367.92,55.22,135.8,1.0,-1.0,-1.0,-1.0
6,7,422.58,325.53,59.88,96.79,1.0,-1.0,-1.0,-1.0
7,1,538.14,413.5,89.79,115.61,1.0,-1.0,-1.0,-1.0
7,2,497.81,414.01,52.42,144.49,1.0,-1.0,-1.0,-1.0
7,3,887.86,382.29,64.84,105.9,0.99,-1.0,-1.0,-1.0
7,5,320.04,312.34,46.47,86.01,1.0,-1.0,-1.0,-1.0
7,6,938.03,369.21,59.52,131.04,1.0,-1.0,-1.0,-1.0
7,7,424.78,325.78,58.62,96.69,1.0,-1.0,-1.0,-1.0
8,1,539.78,412.46,92.95,115.45,1.0,-1.0,-1.0,-1.0
8,2,498.28,414.21,53.04,144.5,1.0,-1.0,-1.0,-1.0
8,3,888.53,381.29,61.48,105.48,0.99,-1.0,-1.0,-1.0
8,5,321.57,311.72,45.26,84.88,0.99,-1.0,-1.0,-1.0
8,6,930.2,374.73,65.79,125.05,1.0,-1.0,-1.0,-1.0
8,7,425.37,325.09,59.07,97.3,1.0,-1.0,-1.0,-1.0
9,1,541.26,410.99,95.89,115.24,1.0,-1.0,-1.0,-1.0
9,2,499.65,414.27,54.44,144.53,1.0,-1.0,-1.0,-1.0
9,3,887.53,380.16,63.33,102.75,0.99,-1.0,-1.0,-1.0
9,5,328.56,309.81,38.04,84.13,1.0,-1.0,-1.0,-1.0
9,6,917.24,379.35,81.57,120.04,1.0,-1.0,-1.0,-1.0
9,7,426.2,324.51,59.47,97.52,1.0,-1.0,-1.0,-1.0
10,1,543.51,410.03,96.41,115.02,1.0,-1.0,-1.0,-1.0
10,2,501.28,414.03,54.36,144.58,1.0,-1.0,-1.0,-1.0
10,3,886.86,379.94,63.69,100.7,0.99,-1.0,-1.0,-1.0
10,5,334.11,307.64,32.37,84.76,0.99,-1.0,-1.0,-1.0
10,6,911.05,382.5,88.31,117.17,1.0,-1.0,-1.0,-1.0
10,7,428.35,324.01,57.94,97.31,1.0,-1.0,-1.0,-1.0
11,1,544.34,408.01,96.57,115.09,1.0,-1.0,-1.0,-1.0
11,2,503.98,413.93,53.7,145.23,1.0,-1.0,-1.0,-1.0
11,3,881.2,379.09,69.84,96.47,0.98,-1.0,-1.0,-1.0
11,5,340.64,304.44,27.6,84.69,0.99,-1.0,-1.0,-1.0
11,6,906.6,385.54,91.93,114.26,1.0,-1.0,-1.0,-1.0
11,7,441.16,322.3,45.29,97.83,1.0,-1.0,-1.0,-1.0
12,1,545.46,407.17,96.61,114.68,1.0,-1.0,-1.0,-1.0
12,2,505.53,414.1,54.04,144.74,1.0,-1.0,-1.0,-1.0
12,3,877.96,378.68,78.45,93.59,0.98,-1.0,-1.0,-1.0
12,5,343.47,303.33,26.93,86.16,0.99,-1.0,-1.0,-1.0
12,6,904.6,398.06,93.01,102.19,0.98,-1.0,-1.0,-1.0
12,7,448.75,321.12,38.14,98.33,1.0,-1.0,-1.0,-1.0
13,1,549.17,407.95,93.62,111.96,1.0,-1.0,-1.0,-1.0
13,2,506.43,414.93,64.84,145.91,1.0,-1.0,-1.0,-1.0
13,3,884.35,377.17,71.95,91.22,0.79,-1.0,-1.0,-1.0
13,5,346.26,303.28,33.29,85.51,0.99,-1.0,-1.0,-1.0
13,6,896.04,389.58,92.73,113.15,0.72,-1.0,-1.0,-1.0
13,7,449.69,319.36,40.63,100.6,0.99,-1.0,-1.0,-1.0
14,1,551.95,408.87,91.25,109.15,1.0,-1.0,-1.0,-1.0
14,2,506.71,415.55,71.52,145.77,1.0,-1.0,-1.0,-1.0
14,3,884.14,376.04,70.18,95.37,0.98,-1.0,-1.0,-1.0
14,5,348.07,306.29,36.07,82.57,0.99,-1.0,-1.0,-1.0
14,6,883.52,389.67,78.14,112.36,0.97,-1.0,-1.0,-1.0
14,7,453.05,319.45,39.8,101.44,0.99,-1.0,-1.0,-1.0
15,1,554.22,409.56,89.17,107.51,1.0,-1.0,-1.0,-1.0
15,2,507.18,416.4,74.29,148.11,1.0,-1.0,-1.0,-1.0
15,3,878.49,372.96,74.59,99.54,0.99,-1.0,-1.0,-1.0
15,5,348.74,307.97,42.76,80.84,0.99,-1.0,-1.0,-1.0
15,6,877.6,392.92,64.4,109.44,0.94,-1.0,-1.0,-1.0
15,7,457.17,320.88,41.88,99.97,1.0,-1.0,-1.0,-1.0
16,1,555.82,410.23,87.19,106.8,1.0,-1.0,-1.0,-1.0
16,2,507.23,416.67,75.34,149.0,1.0,-1.0,-1.0,-1.0
16,3,872.9,371.07,79.09,101.6,0.85,-1.0,-1.0,-1.0
16,5,348.5,307.18,47.0,81.73,0.99,-1.0,-1.0,-1.0
16,6,870.32,381.98,66.7,120.82,0.9,-1.0,-1.0,-1.0
16,7,458.19,320.64,43.83,100.29,0.99,-1.0,-1.0,-1.0
17,1,558.54,410.77,85.86,106.26,1.0,-1.0,-1.0,-1.0
17,2,509.32,417.63,73.95,148.72,1.0,-1.0,-1.0,-1.0
17,3,859.61,368.15,84.54,102.24,0.96,-1.0,-1.0,-1.0
17,5,348.41,305.24,50.42,83.25,1.0,-1.0,-1.0,-1.0
17,6,853.6,385.67,79.43,117.54,0.99,-1.0,-1.0,-1.0
17,7,464.2,321.14,48.72,98.91,1.0,-1.0,-1.0,-1.0
18,1,559.98,410.97,85.41,106.41,1.0,-1.0,-1.0,-1.0
18,2,510.58,418.29,72.73,148.03,1.0,-1.0,-1.0,-1.0
18,3,849.79,366.04,87.23,103.24,0.92,-1.0,-1.0,-1.0
18,5,349.7,304.51,50.66,82.65,1.0,-1.0,-1.0,-1.0
18,6,845.71,381.47,83.5,122.24,0.99,-1.0,-1.0,-1.0
18,7,466.31,320.88,54.57,98.39,1.0,-1.0,-1.0,-1.0
19,1,562.58,409.69,83.45,107.84,1.0,-1.0,-1.0,-1.0
19,2,510.78,418.52,72.19,147.76,1.0,-1.0,-1.0,-1.0
19,5,354.75,303.66,45.83,79.73,0.99,-1.0,-1.0,-1.0
19,6,831.07,372.73,86.24,124.99,0.99,-1.0,-1.0,-1.0
19,7,469.65,320.49,54.63,98.19,1.0,-1.0,-1.0,-1.0
20,1,559.77,408.76,86.39,108.55,0.99,-1.0,-1.0,-1.0
20,2,510.75,418.59,71.94,147.67,1.0,-1.0,-1.0,-1.0
20,5,358.53,302.9,44.67,80.15,1.0,-1.0,-1.0,-1.0
20,6,820.25,370.55,84.94,123.42,0.99,-1.0,-1.0,-1.0
20,7,471.38,320.19,54.59,97.82,1.0,-1.0,-1.0,-1.0
21,1,564.38,406.76,80.94,110.47,1.0,-1.0,-1.0,-1.0
21,2,510.75,417.55,72.37,148.37,1.0,-1.0,-1.0,-1.0
21,5,365.08,301.88,38.59,79.12,1.0,-1.0,-1.0,-1.0
21,6,805.8,376.27,69.66,116.26,0.97,-1.0,-1.0,-1.0
21,7,479.55,318.13,46.95,97.39,0.99,-1.0,-1.0,-1.0
21,3,827.43,364.68,73.41,103.67,0.99,-1.0,-1.0,-1.0
22,1,562.36,405.88,82.52,111.65,0.99,-1.0,-1.0,-1.0
22,2,510.36,416.12,74.27,149.68,1.0,-1.0,-1.0,-1.0
22,5,371.12,301.38,33.35,79.35,0.99,-1.0,-1.0,-1.0
22,6,796.34,378.06,58.14,113.98,0.98,-1.0,-1.0,-1.0
22,7,486.24,317.08,40.07,94.84,0.99,-1.0,-1.0,-1.0
22,3,819.99,365.29,66.78,105.55,0.98,-1.0,-1.0,-1.0
23,1,561.65,404.83,83.09,112.84,0.99,-1.0,-1.0,-1.0
23,2,510.23,416.32,74.37,149.14,1.0,-1.0,-1.0,-1.0
23,5,378.7,300.62,30.88,79.44,1.0,-1.0,-1.0,-1.0
23,6,780.36,374.35,64.63,116.34,0.99,-1.0,-1.0,-1.0
23,7,489.38,317.46,38.91,94.19,0.99,-1.0,-1.0,-1.0
23,3,809.28,368.02,62.3,104.87,0.99,-1.0,-1.0,-1.0
24,1,558.03,404.03,86.32,113.43,0.99,-1.0,-1.0,-1.0
24,2,510.42,417.02,73.2,148.33,1.0,-1.0,-1.0,-1.0
24,5,382.64,300.09,29.47,78.9,0.99,-1.0,-1.0,-1.0
24,6,756.23,371.38,83.12,118.27,1.0,-1.0,-1.0,-1.0
24,7,490.01,317.79,41.03,93.66,0.99,-1.0,-1.0,-1.0
24,3,800.13,370.0,65.92,103.11,0.99,-1.0,-1.0,-1.0
25,1,555.2,403.76,87.54,113.65,0.99,-1.0,-1.0,-1.0
25,2,510.78,417.3,76.25,148.01,1.0,-1.0,-1.0,-1.0
25,5,387.14,299.19,30.92,75.71,1.0,-1.0,-1.0,-1.0
25,6,738.34,368.52,89.44,114.56,0.99,-1.0,-1.0,-1.0
25,7,495.57,318.99,48.36,92.28,0.99,-1.0,-1.0,-1.0
25,3,782.96,370.03,79.77,103.19,0.99,-1.0,-1.0,-1.0
26,1,555.26,403.37,84.47,114.31,0.99,-1.0,-1.0,-1.0
26,2,510.9,417.69,77.38,148.19,1.0,-1.0,-1.0,-1.0
26,5,389.82,298.11,32.04,75.43,0.99,-1.0,-1.0,-1.0
26,6,734.8,367.75,78.64,112.85,0.99,-1.0,-1.0,-1.0
26,7,499.31,319.9,50.48,90.28,1.0,-1.0,-1.0,-1.0
26,3,776.38,368.25,78.02,103.82,0.98,-1.0,-1.0,-1.0
27,1,552.58,402.05,84.48,116.92,0.99,-1.0,-1.0,-1.0
27,2,512.39,417.08,73.09,149.0,1.0,-1.0,-1.0,-1.0
27,5,395.62,300.29,29.17,72.95,0.99,-1.0,-1.0,-1.0
27,6,727.65,366.6,55.45,113.14,0.97,-1.0,-1.0,-1.0
27,7,503.27,319.33,54.78,90.47,1.0,-1.0,-1.0,-1.0
27,3,767.67,368.48,68.33,95.01,0.95,-1.0,-1.0,-1.0
28,1,552.78,400.53,83.29,117.46,0.99,-1.0,-1.0,-1.0
28,2,512.64,416.83,71.34,149.31,1.0,-1.0,-1.0,-1.0
28,5,399.9,298.09,28.08,76.3,0.99,-1.0,-1.0,-1.0
28,6,719.77,364.4,48.8,115.37,0.99,-1.0,-1.0,-1.0
28,7,507.85,318.95,56.45,90.86,1.0,-1.0,-1.0,-1.0
28,3,757.99,362.88,61.98,96.21,0.98,-1.0,-1.0,-1.0
29,1,553.21,397.74,81.05,118.08,0.99,-1.0,-1.0,-1.0
29,2,513.66,416.43,68.87,149.42,1.0,-1.0,-1.0,-1.0
29,5,406.56,296.7,26.49,77.21,0.99,-1.0,-1.0,-1.0
29,6,699.64,359.16,59.42,119.47,0.97,-1.0,-1.0,-1.0
29,7,510.18,318.66,58.21,91.62,1.0,-1.0,-1.0,-1.0
29,3,738.65,363.48,64.2,95.74,0.99,-1.0,-1.0,-1.0
30,1,553.05,395.83,80.24,119.48,0.99,-1.0,-1.0,-1.0
30,2,513.99,416.58,67.94,149.45,1.0,-1.0,-1.0,-1.0
30,5,409.32,296.65,27.21,77.28,0.99,-1.0,-1.0,-1.0
30,6,694.35,356.19,53.92,105.03,0.96,-1.0,-1.0,-1.0
30,7,512.68,318.41,58.3,91.63,0.99,-1.0,-1.0,-1.0
30,3,730.1,364.2,66.75,95.59,0.99,-1.0,-1.0,-1.0
31,1,553.31,393.81,78.15,119.55,0.99,-1.0,-1.0,-1.0
31,2,514.71,416.34,66.4,149.46,1.0,-1.0,-1.0,-1.0
31,5,411.26,295.32,36.58,77.91,0.99,-1.0,-1.0,-1.0
31,6,679.32,351.57,59.53,110.58,0.99,-1.0,-1.0,-1.0
31,7,517.59,316.98,57.7,92.54,1.0,-1.0,-1.0,-1.0
31,3,715.34,359.7,74.84,99.46,0.99,-1.0,-1.0,-1.0
32,1,552.79,392.65,78.01,119.7,0.99,-1.0,-1.0,-1.0
32,2,516.15,416.27,64.62,149.46,1.0,-1.0,-1.0,-1.0
32,5,412.41,294.86,41.11,77.85,1.0,-1.0,-1.0,-1.0
32,6,672.03,349.88,54.43,114.34,0.99,-1.0,-1.0,-1.0
32,7,522.28,316.77,54.5,92.59,1.0,-1.0,-1.0,-1.0
32,3,702.76,361.01,84.14,97.37,0.99,-1.0,-1.0,-1.0
33,1,554.14,392.27,76.18,117.37,1.0,-1.0,-1.0,-1.0
33,2,515.16,416.11,65.8,149.6,1.0,-1.0,-1.0,-1.0
33,5,415.08,294.88,41.99,77.53,1.0,-1.0,-1.0,-1.0
33,6,665.29,348.74,43.6,111.96,0.97,-1.0,-1.0,-1.0
33,7,526.33,316.26,52.59,92.91,0.99,-1.0,-1.0,-1.0
33,3,696.3,359.19,62.6,90.56,0.97,-1.0,-1.0,-1.0
34,1,557.35,392.17,74.92,115.56,1.0,-1.0,-1.0,-1.0
34,2,514.17,416.5,66.84,149.51,1.0,-1.0,-1.0,-1.0
34,5,418.53,295.94,39.18,75.34,0.99,-1.0,-1.0,-1.0
34,6,658.02,347.05,42.25,113.58,0.97,-1.0,-1.0,-1.0
34,7,528.27,317.27,51.87,91.26,1.0,-1.0,-1.0,-1.0
34,3,692.53,359.47,49.76,85.55,0.99,-1.0,-1.0,-1.0
35,1,558.57,391.57,75.7,115.77,1.0,-1.0,-1.0,-1.0
35,2,509.96,416.49,71.99,149.61,1.0,-1.0,-1.0,-1.0
35,5,425.08,293.37,30.87,75.11,1.0,-1.0,-1.0,-1.0
35,6,639.11,341.59,57.7,116.4,0.99,-1.0,-1.0,-1.0
35,7,531.9,317.36,53.97,91.23,1.0,-1.0,-1.0,-1.0
35,3,683.24,355.28,45.08,91.21,0.97,-1.0,-1.0,-1.0
36,1,557.74,390.77,77.21,116.45,0.99,-1.0,-1.0,-1.0
36,2,507.46,416.47,74.49,149.65,1.0,-1.0,-1.0,-1.0
36,5,428.83,291.67,25.88,75.04,1.0,-1.0,-1.0,-1.0
36,6,627.34,335.31,66.87,121.3,0.99,-1.0,-1.0,-1.0
36,7,538.08,318.28,54.16,90.04,0.99,-1.0,-1.0,-1.0
36,3,676.07,353.53,44.4,92.87,0.98,-1.0,-1.0,-1.0
37,1,557.44,387.94,76.6,123.38,1.0,-1.0,-1.0,-1.0
37,2,506.21,416.29,76.04,149.52,1.0,-1.0,-1.0,-1.0
37,5,431.68,289.08,24.91,77.41,0.98,-1.0,-1.0,-1.0
37,6,620.85,338.64,61.54,112.09,0.99,-1.0,-1.0,-1.0
37,7,540.95,318.3,55.98,89.9,0.99,-1.0,-1.0,-1.0
37,3,661.32,347.25,54.41,98.88,0.99,-1.0,-1.0,-1.0
38,1,561.14,385.47,72.2,125.39,1.0,-1.0,-1.0,-1.0
38,2,506.27,416.38,76.03,149.02,1.0,-1.0,-1.0,-1.0
38,5,432.94,287.42,25.56,80.95,0.99,-1.0,-1.0,-1.0
38,6,618.55,339.89,48.24,108.34,0.99,-1.0,-1.0,-1.0
38,7,544.79,317.88,52.57,89.87,0.99,-1.0,-1.0,-1.0
38,3,656.37,343.91,54.79,97.07,0.99,-1.0,-1.0,-1.0
39,1,565.01,382.77,67.49,125.26,1.0,-1.0,-1.0,-1.0
39,2,507.23,415.35,74.23,148.68,1.0,-1.0,-1.0,-1.0
39,5,435.16,286.79,26.1,78.8,0.99,-1.0,-1.0,-1.0
39,6,613.15,336.45,40.83,109.42,0.97,-1.0,-1.0,-1.0
39,7,549.13,317.7,48.14,85.39,1.0,-1.0,-1.0,-1.0
39,3,651.29,342.52,53.74,91.28,0.99,-1.0,-1.0,-1.0
40,1,566.06,380.33,65.84,126.34,1.0,-1.0,-1.0,-1.0
40,2,507.31,414.55,72.92,148.7,1.0,-1.0,-1.0,-1.0
40,5,436.13,286.79,30.26,79.11,0.99,-1.0,-1.0,-1.0
40,6,609.91,334.98,37.79,106.24,0.99,-1.0,-1.0,-1.0
40,7,551.12,317.21,46.5,86.74,0.99,-1.0,-1.0,-1.0
40,3,647.69,345.94,49.73,82.07,0.99,-1.0,-1.0,-1.0
41,1,571.34,377.84,60.4,127.46,1.0,-1.0,-1.0,-1.0
41,2,505.62,412.92,70.02,149.75,1.0,-1.0,-1.0,-1.0
41,5,438.69,289.5,33.03,76.85,1.0,-1.0,-1.0,-1.0
41,6,597.02,334.53,42.62,98.1,0.98,-1.0,-1.0,-1.0
41,7,553.59,315.55,40.42,87.84,0.99,-1.0,-1.0,-1.0
41,3,642.31,348.1,40.8,79.64,0.99,-1.0,-1.0,-1.0
42,1,575.38,376.38,56.61,128.44,1.0,-1.0,-1.0,-1.0
42,2,504.65,412.05,67.72,149.55,1.0,-1.0,-1.0,-1.0
42,5,440.0,290.74,34.29,75.99,1.0,-1.0,-1.0,-1.0
42,6,593.23,335.74,40.63,89.22,0.98,-1.0,-1.0,-1.0
42,7,554.8,314.66,38.2,88.57,0.99,-1.0,-1.0,-1.0
42,3,637.79,348.43,39.52,77.92,0.98,-1.0,-1.0,-1.0
43,1,578.6,375.43,53.5,129.22,1.0,-1.0,-1.0,-1.0
43,2,503.73,410.24,63.23,150.66,1.0,-1.0,-1.0,-1.0
43,5,441.86,291.82,33.34,74.77,1.0,-1.0,-1.0,-1.0
43,6,589.18,336.42,38.59,102.27,0.98,-1.0,-1.0,-1.0
43,7,553.85,315.81,39.41,87.36,0.99,-1.0,-1.0,-1.0
43,3,631.43,344.28,37.88,81.05,0.96,-1.0,-1.0,-1.0
44,1,578.96,375.12,53.8,129.2,1.0,-1.0,-1.0,-1.0
44,2,503.39,408.67,60.35,151.67,1.0,-1.0,-1.0,-1.0
44,5,443.02,293.12,33.8,74.03,0.99,-1.0,-1.0,-1.0
44,6,587.52,336.73,34.14,94.25,0.96,-1.0,-1.0,-1.0
44,7,556.51,315.95,36.79,86.62,0.99,-1.0,-1.0,-1.0
44,3,625.76,344.76,38.01,78.01,0.98,-1.0,-1.0,-1.0
45,1,578.42,375.32,55.8,128.27,1.0,-1.0,-1.0,-1.0
45,2,503.61,408.07,58.74,152.05,1.0,-1.0,-1.0,-1.0
45,5,444.43,292.98,33.52,74.96,1.0,-1.0,-1.0,-1.0
45,6,582.07,336.64,33.21,79.84,0.9,-1.0,-1.0,-1.0
45,7,556.39,313.45,39.02,87.85,0.98,-1.0,-1.0,-1.0
45,3,618.77,347.13,38.1,74.16,0.99,-1.0,-1.0,-1.0
46,1,577.88,375.03,57.17,128.03,1.0,-1.0,-1.0,-1.0
46,2,504.02,408.04,58.22,151.74,1.0,-1.0,-1.0,-1.0
46,5,445.02,292.95,32.95,75.32,1.0,-1.0,-1.0,-1.0
46,6,578.27,336.22,32.31,73.37,0.88,-1.0,-1.0,-1.0
46,7,556.35,312.24,36.78,88.02,0.98,-1.0,-1.0,-1.0
46,3,615.63,348.06,36.96,73.12,0.99,-1.0,-1.0,-1.0
47,1,576.74,374.52,59.53,127.47,1.0,-1.0,-1.0,-1.0
47,2,505.43,407.9,58.68,151.45,1.0,-1.0,-1.0,-1.0
47,5,445.77,292.94,31.53,75.46,1.0,-1.0,-1.0,-1.0
47,6,564.45,338.36,41.42,75.9,0.83,-1.0,-1.0,-1.0
47,7,554.33,311.36,34.72,83.63,0.95,-1.0,-1.0,-1.0
47,3,608.37,343.05,42.16,78.3,0.99,-1.0,-1.0,-1.0
48,1,574.79,374.07,62.21,126.05,0.99,-1.0,-1.0,-1.0
48,2,506.24,407.87,58.88,151.34,1.0,-1.0,-1.0,-1.0
48,5,446.09,292.34,30.52,75.52,1.0,-1.0,-1.0,-1.0
48,6,562.85,338.29,38.83,77.05,0.94,-1.0,-1.0,-1.0
48,7,548.52,311.05,41.53,65.86,0.98,-1.0,-1.0,-1.0
48,3,601.44,342.9,47.96,78.09,0.99,-1.0,-1.0,-1.0
49,1,573.75,371.99,61.48,125.94,0.99,-1.0,-1.0,-1.0
49,2,507.17,407.86,58.39,150.1,1.0,-1.0,-1.0,-1.0
49,5,446.3,291.06,30.59,76.73,1.0,-1.0,-1.0,-1.0
49,6,563.05,335.21,35.79,78.79,0.96,-1.0,-1.0,-1.0
49,7,545.26,307.51,42.03,60.09,0.95,-1.0,-1.0,-1.0
49,3,596.05,337.2,51.94,82.82,0.99,-1.0,-1.0,-1.0
50,1,573.3,370.38,58.83,126.19,0.99,-1.0,-1.0,-1.0
50,2,508.1,407.16,57.63,149.78,1.0,-1.0,-1.0,-1.0
50,5,446.16,290.61,30.76,77.19,1.0,-1.0,-1.0,-1.0
50,6,561.98,333.67,36.49,80.71,0.95,-1.0,-1.0,-1.0
50,7,544.14,306.64,40.48,57.44,0.92,-1.0,-1.0,-1.0
50,3,592.09,333.69,55.25,86.03,0.99,-1.0,-1.0,-1.0
51,1,573.11,370.09,54.21,123.9,0.99,-1.0,-1.0,-1.0
51,2,507.54,405.25,58.59,148.91,1.0,-1.0,-1.0,-1.0
51,5,445.76,291.0,31.72,75.88,1.0,-1.0,-1.0,-1.0
51,6,559.29,330.25,36.73,85.05,0.96,-1.0,-1.0,-1.0
51,7,544.92,306.37,38.66,73.96,0.81,-1.0,-1.0,-1.0
51,3,588.45,331.18,53.72,85.24,1.0,-1.0,-1.0,-1.0
52,1,573.64,368.26,50.05,124.22,0.99,-1.0,-1.0,-1.0
52,2,507.03,404.28,59.56,148.59,1.0,-1.0,-1.0,-1.0
52,5,445.42,291.2,32.22,75.38,1.0,-1.0,-1.0,-1.0
52,6,557.89,327.71,35.63,88.45,0.98,-1.0,-1.0,-1.0
52,7,544.91,305.84,40.42,89.37,0.96,-1.0,-1.0,-1.0
52,3,586.73,329.71,49.53,85.21,1.0,-1.0,-1.0,-1.0
53,1,576.32,366.72,47.38,125.24,0.99,-1.0,-1.0,-1.0
53,2,507.43,402.75,60.53,147.28,1.0,-1.0,-1.0,-1.0
53,5,444.95,290.53,32.12,75.79,1.0,-1.0,-1.0,-1.0
53,6,555.52,329.25,33.41,79.84,0.97,-1.0,-1.0,-1.0
53,7,545.5,307.82,34.57,78.03,0.91,-1.0,-1.0,-1.0
53,3,583.41,329.36,44.84,74.25,0.99,-1.0,-1.0,-1.0
54,1,578.48,365.9,47.14,124.73,1.0,-1.0,-1.0,-1.0
54,2,507.87,401.91,60.92,145.6,1.0,-1.0,-1.0,-1.0
54,5,444.71,290.75,32.36,75.95,1.0,-1.0,-1.0,-1.0
54,6,548.42,329.22,38.74,84.06,0.99,-1.0,-1.0,-1.0
54,7,545.11,309.01,31.58,82.48,0.91,-1.0,-1.0,-1.0
54,3,581.24,329.24,42.47,68.03,0.98,-1.0,-1.0,-1.0
55,1,580.42,365.49,48.33,124.09,1.0,-1.0,-1.0,-1.0
55,2,507.72,401.03,62.85,143.79,1.0,-1.0,-1.0,-1.0
55,5,444.58,289.94,31.86,78.09,0.99,-1.0,-1.0,-1.0
55,6,543.6,329.94,41.68,85.8,0.99,-1.0,-1.0,-1.0
55,7,542.43,308.99,37.57,83.16,0.99,-1.0,-1.0,-1.0
55,3,576.97,329.25,42.87,71.59,0.98,-1.0,-1.0,-1.0
56,1,580.8,365.69,50.0,123.85,1.0,-1.0,-1.0,-1.0
56,2,507.38,401.04,64.16,143.13,1.0,-1.0,-1.0,-1.0
56,5,444.51,289.51,31.96,79.19,0.99,-1.0,-1.0,-1.0
56,6,542.14,330.85,42.86,85.89,0.99,-1.0,-1.0,-1.0
56,7,540.73,307.69,40.01,85.42,0.98,-1.0,-1.0,-1.0
56,3,571.97,329.42,46.02,79.65,0.98,-1.0,-1.0,-1.0
57,1,581.5,364.14,51.25,125.4,1.0,-1.0,-1.0,-1.0
57,2,506.36,400.9,65.25,141.86,1.0,-1.0,-1.0,-1.0
57,5,444.01,290.5,31.55,78.42,0.99,-1.0,-1.0,-1.0
57,6,540.02,331.5,44.47,84.74,0.99,-1.0,-1.0,-1.0
57,7,537.73,305.58,39.86,85.09,0.99,-1.0,-1.0,-1.0
57,3,571.08,331.2,44.85,80.91,0.98,-1.0,-1.0,-1.0
58,1,582.62,361.23,51.14,128.05,1.0,-1.0,-1.0,-1.0
58,2,505.38,400.74,65.07,141.26,1.0,-1.0,-1.0,-1.0
58,5,443.8,292.54,32.28,76.33,0.99,-1.0,-1.0,-1.0
58,6,539.62,331.78,44.5,84.0,0.99,-1.0,-1.0,-1.0
58,7,535.38,305.07,36.83,83.72,0.99,-1.0,-1.0,-1.0
58,3,569.25,333.01,45.56,80.82,0.96,-1.0,-1.0,-1.0
59,1,583.29,360.58,49.93,127.73,0.99,-1.0,-1.0,-1.0
59,2,503.5,399.92,64.39,140.02,1.0,-1.0,-1.0,-1.0
59,5,443.24,294.33,32.7,74.63,1.0,-1.0,-1.0,-1.0
59,6,538.75,330.82,45.64,84.63,0.99,-1.0,-1.0,-1.0
59,7,529.93,304.87,36.24,83.15,0.98,-1.0,-1.0,-1.0
59,3,568.39,334.31,47.6,81.07,0.96,-1.0,-1.0,-1.0
60,1,583.82,362.48,49.49,125.51,1.0,-1.0,-1.0,-1.0
60,2,502.23,398.61,63.53,140.03,1.0,-1.0,-1.0,-1.0
60,5,442.9,295.02,32.7,74.0,1.0,-1.0,-1.0,-1.0
60,6,539.13,330.35,45.48,85.17,0.99,-1.0,-1.0,-1.0
60,7,526.54,304.84,36.64,79.34,0.98,-1.0,-1.0,-1.0
60,3,567.02,334.84,49.53,80.85,0.98,-1.0,-1.0,-1.0
61,1,582.45,363.98,51.14,123.61,1.0,-1.0,-1.0,-1.0
61,2,502.03,396.48,60.82,137.82,1.0,-1.0,-1.0,-1.0
61,5,442.86,296.13,31.07,72.28,0.99,-1.0,-1.0,-1.0
61,6,538.81,330.31,53.0,85.08,1.0,-1.0,-1.0,-1.0
61,7,525.6,304.53,36.19,74.53,0.98,-1.0,-1.0,-1.0
61,3,573.26,334.14,44.46,71.87,0.96,-1.0,-1.0,-1.0
62,1,581.37,365.04,51.76,122.75,1.0,-1.0,-1.0,-1.0
62,2,502.3,394.98,58.58,136.26,1.0,-1.0,-1.0,-1.0
62,5,442.87,296.56,30.13,71.35,0.99,-1.0,-1.0,-1.0
62,6,539.21,328.41,54.11,87.13,1.0,-1.0,-1.0,-1.0
62,7,520.55,304.16,40.22,73.34,1.0,-1.0,-1.0,-1.0
62,3,575.53,333.59,42.35,69.26,0.98,-1.0,-1.0,-1.0
63,1,581.53,366.49,52.6,121.69,0.99,-1.0,-1.0,-1.0
63,2,503.04,392.94,54.73,136.02,1.0,-1.0,-1.0,-1.0
63,5,442.58,296.69,30.4,70.72,0.99,-1.0,-1.0,-1.0
63,6,542.15,325.92,51.65,89.66,0.98,-1.0,-1.0,-1.0
63,7,516.16,303.28,46.83,73.22,0.98,-1.0,-1.0,-1.0
63,3,575.2,331.72,44.06,72.37,0.97,-1.0,-1.0,-1.0
64,1,580.98,367.21,55.28,120.55,0.99,-1.0,-1.0,-1.0
64,2,505.8,391.49,49.63,137.01,1.0,-1.0,-1.0,-1.0
64,5,442.31,296.59,30.35,70.5,0.99,-1.0,-1.0,-1.0
64,6,549.96,325.3,47.05,90.91,0.99,-1.0,-1.0,-1.0
64,7,506.14,302.83,54.95,74.7,0.99,-1.0,-1.0,-1.0
64,3,578.36,330.77,41.7,72.58,0.98,-1.0,-1.0,-1.0
65,1,580.79,366.87,59.19,120.43,0.99,-1.0,-1.0,-1.0
65,2,507.77,389.92,45.95,137.55,1.0,-1.0,-1.0,-1.0
65,5,440.74,296.66,32.43,71.04,0.99,-1.0,-1.0,-1.0
65,6,552.53,323.45,48.25,92.55,0.98,-1.0,-1.0,-1.0
65,7,497.74,302.07,56.64,74.95,0.99,-1.0,-1.0,-1.0
65,3,580.35,329.97,42.0,75.37,0.98,-1.0,-1.0,-1.0
66,1,580.13,366.46,61.28,120.71,0.99,-1.0,-1.0,-1.0
66,2,508.42,389.39,44.77,137.48,1.0,-1.0,-1.0,-1.0
66,5,439.27,297.0,34.65,72.15,1.0,-1.0,-1.0,-1.0
66,6,554.01,322.21,49.85,93.45,0.98,-1.0,-1.0,-1.0
66,7,493.11,300.48,55.04,76.55,0.99,-1.0,-1.0,-1.0
66,3,581.38,331.03,42.12,77.6,0.95,-1.0,-1.0,-1.0
67,1,581.29,365.26,58.62,121.57,0.99,-1.0,-1.0,-1.0
67,2,508.62,388.93,44.43,136.58,1.0,-1.0,-1.0,-1.0
67,5,438.42,301.11,38.96,67.53,1.0,-1.0,-1.0,-1.0
67,6,556.07,321.89,48.69,93.78,0.99,-1.0,-1.0,-1.0
67,7,491.67,300.18,47.35,74.19,0.99,-1.0,-1.0,-1.0
67,3,584.79,331.88,41.57,76.39,0.89,-1.0,-1.0,-1.0
68,1,581.76,363.64,56.32,120.12,0.98,-1.0,-1.0,-1.0
68,2,509.31,388.66,44.37,135.81,1.0,-1.0,-1.0,-1.0
68,5,438.11,303.76,42.31,64.53,0.98,-1.0,-1.0,-1.0
68,6,558.41,322.11,47.6,93.58,0.99,-1.0,-1.0,-1.0
68,7,489.25,301.77,45.37,72.07,0.98,-1.0,-1.0,-1.0
68,3,589.72,332.84,38.97,74.12,0.93,-1.0,-1.0,-1.0
69,1,580.42,359.12,53.04,121.67,0.99,-1.0,-1.0,-1.0
69,2,510.14,387.82,45.01,135.09,1.0,-1.0,-1.0,-1.0
69,5,438.54,303.89,48.7,63.49,0.97,-1.0,-1.0,-1.0
69,6,567.07,322.64,38.8,81.37,0.96,-1.0,-1.0,-1.0
69,7,484.83,302.81,44.67,70.99,0.98,-1.0,-1.0,-1.0
69,3,594.95,336.34,36.77,68.76,0.96,-1.0,-1.0,-1.0
70,1,578.99,356.88,47.55,122.26,0.99,-1.0,-1.0,-1.0
70,2,510.12,387.27,46.5,133.35,1.0,-1.0,-1.0,-1.0
70,5,439.25,304.08,50.7,60.71,0.99,-1.0,-1.0,-1.0
70,6,570.5,322.78,37.89,75.87,0.95,-1.0,-1.0,-1.0
70,7,483.01,305.04,42.01,68.5,0.98,-1.0,-1.0,-1.0
70,3,596.8,335.99,37.25,76.59,0.98,-1.0,-1.0,-1.0
71,1,576.88,353.09,42.41,120.71,0.99,-1.0,-1.0,-1.0
71,2,509.49,386.19,49.47,130.32,1.0,-1.0,-1.0,-1.0
71,5,442.37,301.79,52.32,62.51,0.99,-1.0,-1.0,-1.0
71,6,575.28,322.69,36.98,79.01,0.99,-1.0,-1.0,-1.0
71,7,478.53,309.06,42.81,63.64,0.98,-1.0,-1.0,-1.0
71,3,597.11,335.87,42.27,75.49,0.99,-1.0,-1.0,-1.0
72,1,575.53,351.42,40.66,119.52,0.99,-1.0,-1.0,-1.0
72,2,508.68,385.24,52.34,129.52,1.0,-1.0,-1.0,-1.0
72,5,451.72,302.03,44.87,57.47,0.99,-1.0,-1.0,-1.0
72,6,577.26,322.98,35.45,76.49,0.98,-1.0,-1.0,-1.0
72,7,475.53,310.71,43.69,61.89,0.97,-1.0,-1.0,-1.0
72,3,597.82,337.02,44.64,73.84,1.0,-1.0,-1.0,-1.0
73,1,574.15,350.99,38.24,118.04,0.99,-1.0,-1.0,-1.0
73,2,506.33,384.02,55.77,129.56,1.0,-1.0,-1.0,-1.0
73,5,466.59,303.49,34.9,64.32,0.97,-1.0,-1.0,-1.0
73,6,580.68,325.09,34.32,74.35,0.98,-1.0,-1.0,-1.0
73,7,477.78,309.72,41.06,61.63,0.93,-1.0,-1.0,-1.0
73,3,600.66,336.69,43.86,73.5,0.99,-1.0,-1.0,-1.0
74,1,573.38,351.64,37.47,117.05,1.0,-1.0,-1.0,-1.0
74,2,503.97,383.76,58.25,128.26,1.0,-1.0,-1.0,-1.0
74,5,473.68,305.16,33.71,63.95,0.92,-1.0,-1.0,-1.0
74,6,581.81,327.26,41.41,82.79,0.99,-1.0,-1.0,-1.0
74,7,475.51,307.83,44.91,63.71,0.98,-1.0,-1.0,-1.0
74,3,604.99,336.27,41.75,74.57,0.99,-1.0,-1.0,-1.0
75,1,571.58,353.89,37.26,114.45,0.99,-1.0,-1.0,-1.0
75,2,500.17,386.26,60.37,125.26,1.0,-1.0,-1.0,-1.0
75,6,582.83,329.62,45.46,87.18,0.99,-1.0,-1.0,-1.0
75,7,475.0,305.8,48.57,65.09,0.95,-1.0,-1.0,-1.0
75,5,734.42,316.38,36.0,59.03,0.96,-1.0,-1.0,-1.0
75,3,605.08,335.23,45.14,75.86,0.98,-1.0,-1.0,-1.0
76,1,569.73,355.69,38.48,112.89,0.99,-1.0,-1.0,-1.0
76,2,496.67,388.9,59.46,123.42,0.99,-1.0,-1.0,-1.0
76,6,583.17,331.86,48.26,88.34,0.99,-1.0,-1.0,-1.0
76,7,475.43,304.0,50.57,66.53,0.97,-1.0,-1.0,-1.0
76,5,734.42,316.24,36.0,58.65,0.96,-1.0,-1.0,-1.0
76,3,606.84,335.57,45.2,75.46,0.99,-1.0,-1.0,-1.0
77,1,567.88,356.98,39.55,111.75,0.99,-1.0,-1.0,-1.0
77,2,492.95,392.16,60.82,120.83,1.0,-1.0,-1.0,-1.0
77,6,582.08,335.07,50.52,85.85,1.0,-1.0,-1.0,-1.0
77,7,480.3,300.95,49.61,63.53,0.95,-1.0,-1.0,-1.0
77,3,610.4,336.0,44.61,75.6,0.99,-1.0,-1.0,-1.0
78,1,566.92,357.58,40.58,111.21,0.99,-1.0,-1.0,-1.0
78,2,489.52,393.02,63.64,119.92,0.99,-1.0,-1.0,-1.0
78,6,580.16,336.99,52.53,83.65,0.99,-1.0,-1.0,-1.0
78,7,484.71,298.69,48.01,61.78,0.97,-1.0,-1.0,-1.0
78,3,614.67,337.9,42.59,73.57,1.0,-1.0,-1.0,-1.0
79,1,564.81,356.86,41.57,111.64,0.98,-1.0,-1.0,-1.0
79,2,481.6,390.25,69.88,120.85,1.0,-1.0,-1.0,-1.0
79,6,570.78,338.67,61.29,81.92,0.99,-1.0,-1.0,-1.0
79,7,495.1,299.35,42.0,66.02,0.96,-1.0,-1.0,-1.0
79,3,617.42,336.48,50.84,74.29,0.98,-1.0,-1.0,-1.0
80,1,564.66,354.53,41.37,112.43,0.99,-1.0,-1.0,-1.0
80,2,476.88,387.46,71.72,121.23,1.0,-1.0,-1.0,-1.0
80,6,565.02,339.58,52.6,82.77,0.96,-1.0,-1.0,-1.0
80,7,498.56,298.74,43.39,69.29,0.94,-1.0,-1.0,-1.0
80,3,617.89,335.38,55.37,75.15,0.98,-1.0,-1.0,-1.0
81,1,562.61,352.14,44.28,110.95,1.0,-1.0,-1.0,-1.0
81,2,471.37,382.79,71.83,121.41,1.0,-1.0,-1.0,-1.0
81,6,555.16,336.74,46.0,85.17,0.97,-1.0,-1.0,-1.0
81,7,501.85,298.5,46.23,67.94,0.99,-1.0,-1.0,-1.0
81,3,623.66,332.26,55.55,78.73,1.0,-1.0,-1.0,-1.0
81,5,522.0,299.02,31.5,61.2,0.75,-1.0,-1.0,-1.0
82,1,561.26,351.61,47.68,110.12,1.0,-1.0,-1.0,-1.0
82,2,475.02,379.91,63.71,120.02,1.0,-1.0,-1.0,-1.0
82,6,548.14,335.53,44.79,86.36,0.98,-1.0,-1.0,-1.0
82,7,511.47,298.19,35.06,66.5,0.95,-1.0,-1.0,-1.0
82,3,626.79,331.43,56.13,79.2,1.0,-1.0,-1.0,-1.0
82,5,525.97,299.18,31.5,61.92,0.88,-1.0,-1.0,-1.0
83,1,558.22,352.62,57.58,107.88,1.0,-1.0,-1.0,-1.0
83,2,471.21,375.7,65.82,121.48,0.99,-1.0,-1.0,-1.0
83,6,543.07,335.77,48.61,86.21,0.98,-1.0,-1.0,-1.0
83,7,519.44,300.03,32.18,66.84,0.98,-1.0,-1.0,-1.0
83,3,629.98,330.96,53.43,78.48,1.0,-1.0,-1.0,-1.0
83,5,535.78,299.37,34.96,68.28,0.79,-1.0,-1.0,-1.0
84,1,561.9,353.82,57.57,106.18,1.0,-1.0,-1.0,-1.0
84,2,468.4,373.18,68.32,121.89,1.0,-1.0,-1.0,-1.0
84,6,539.2,334.55,49.4,88.22,0.98,-1.0,-1.0,-1.0
84,7,523.68,300.92,31.99,68.76,0.99,-1.0,-1.0,-1.0
84,3,629.61,327.43,54.67,81.44,1.0,-1.0,-1.0,-1.0
84,5,542.73,298.65,32.85,69.14,0.82,-1.0,-1.0,-1.0
85,1,564.81,356.25,56.89,103.92,1.0,-1.0,-1.0,-1.0
85,2,469.74,372.16,66.93,121.03,1.0,-1.0,-1.0,-1.0
85,6,529.28,333.96,56.72,88.08,0.99,-1.0,-1.0,-1.0
85,7,528.15,299.95,33.2,69.76,0.98,-1.0,-1.0,-1.0
85,3,630.04,325.56,56.86,80.79,0.99,-1.0,-1.0,-1.0
85,5,551.55,299.55,36.66,71.81,0.97,-1.0,-1.0,-1.0
86,1,566.28,357.76,55.41,102.37,1.0,-1.0,-1.0,-1.0
86,2,472.15,372.13,64.56,120.42,1.0,-1.0,-1.0,-1.0
86,6,522.76,333.71,60.58,88.01,0.96,-1.0,-1.0,-1.0
86,7,529.02,299.73,36.08,69.85,0.93,-1.0,-1.0,-1.0
86,3,630.43,325.15,58.84,79.91,0.99,-1.0,-1.0,-1.0
86,5,557.08,300.17,39.08,70.12,0.95,-1.0,-1.0,-1.0
87,1,566.89,358.49,53.63,101.54,1.0,-1.0,-1.0,-1.0
87,2,479.16,374.74,59.43,119.47,1.0,-1.0,-1.0,-1.0
87,6,514.55,331.56,57.05,83.52,0.97,-1.0,-1.0,-1.0
87,7,536.93,300.57,32.45,69.57,0.99,-1.0,-1.0,-1.0
87,3,632.27,328.91,61.89,74.21,1.0,-1.0,-1.0,-1.0
87,5,564.89,298.68,42.35,61.8,0.96,-1.0,-1.0,-1.0
88,1,567.12,358.58,53.5,100.98,1.0,-1.0,-1.0,-1.0
88,2,482.78,377.84,56.86,117.94,1.0,-1.0,-1.0,-1.0
88,6,509.27,329.05,54.27,82.08,0.96,-1.0,-1.0,-1.0
88,7,542.33,301.17,32.86,69.46,0.99,-1.0,-1.0,-1.0
88,3,633.48,330.69,62.48,71.7,1.0,-1.0,-1.0,-1.0
89,1,567.85,358.14,55.79,98.7,1.0,-1.0,-1.0,-1.0
89,2,484.73,380.83,57.8,114.98,1.0,-1.0,-1.0,-1.0
89,6,499.12,330.09,49.58,80.35,0.99,-1.0,-1.0,-1.0
89,7,545.98,301.25,39.05,70.3,0.99,-1.0,-1.0,-1.0
89,3,631.32,330.42,64.98,71.42,1.0,-1.0,-1.0,-1.0
89,5,579.46,296.82,42.11,66.22,0.98,-1.0,-1.0,-1.0
90,1,568.69,357.33,57.22,99.12,1.0,-1.0,-1.0,-1.0
90,2,485.11,382.23,60.55,113.01,1.0,-1.0,-1.0,-1.0
90,6,492.13,332.12,48.38,78.52,0.99,-1.0,-1.0,-1.0
90,7,547.34,301.4,41.79,70.61,0.98,-1.0,-1.0,-1.0
90,3,628.13,329.85,68.21,71.94,0.99,-1.0,-1.0,-1.0
90,5,584.8,296.49,37.88,70.25,0.97,-1.0,-1.0,-1.0
91,1,569.3,355.09,60.08,98.71,1.0,-1.0,-1.0,-1.0
91,2,486.1,380.35,66.29,112.32,1.0,-1.0,-1.0,-1.0
91,6,486.73,331.98,42.51,72.72,0.99,-1.0,-1.0,-1.0
91,7,548.83,302.06,52.03,69.54,0.99,-1.0,-1.0,-1.0
91,3,622.83,330.4,68.87,70.95,0.99,-1.0,-1.0,-1.0
91,5,590.38,295.51,41.76,73.91,0.97,-1.0,-1.0,-1.0
92,1,569.87,354.23,62.31,98.59,1.0,-1.0,-1.0,-1.0
92,2,487.09,377.67,70.18,113.46,1.0,-1.0,-1.0,-1.0
92,6,481.32,331.44,42.8,74.94,0.99,-1.0,-1.0,-1.0
92,7,549.79,302.0,55.96,68.52,0.98,-1.0,-1.0,-1.0
92,3,620.11,330.45,64.44,70.9,0.99,-1.0,-1.0,-1.0
92,5,594.45,295.42,40.77,73.56,0.98,-1.0,-1.0,-1.0
93,1,570.03,352.59,63.16,99.79,1.0,-1.0,-1.0,-1.0
93,2,488.83,374.47,74.01,116.15,1.0,-1.0,-1.0,-1.0
93,6,471.58,327.97,51.44,85.31,1.0,-1.0,-1.0,-1.0
93,7,551.89,301.98,59.83,71.13,0.99,-1.0,-1.0,-1.0
93,3,611.18,327.93,54.83,73.3,0.98,-1.0,-1.0,-1.0
93,5,601.86,300.14,31.95,61.84,0.82,-1.0,-1.0,-1.0
94,1,571.91,351.84,62.29,100.25,1.0,-1.0,-1.0,-1.0
94,2,493.02,372.55,74.35,115.84,1.0,-1.0,-1.0,-1.0
94,6,462.65,326.14,59.93,90.5,1.0,-1.0,-1.0,-1.0
94,7,565.52,303.01,51.92,61.23,0.98,-1.0,-1.0,-1.0
94,3,605.29,314.9,52.32,86.59,0.94,-1.0,-1.0,-1.0
95,1,579.93,348.9,56.03,102.84,0.99,-1.0,-1.0,-1.0
95,2,502.75,372.9,69.78,114.7,1.0,-1.0,-1.0,-1.0
95,6,456.02,324.71,58.72,92.59,1.0,-1.0,-1.0,-1.0
95,7,576.16,303.74,45.91,68.83,0.96,-1.0,-1.0,-1.0
95,3,599.9,318.75,54.57,82.01,0.87,-1.0,-1.0,-1.0
95,5,615.3,294.52,29.71,75.15,0.95,-1.0,-1.0,-1.0
96,1,587.07,348.25,60.23,103.23,0.99,-1.0,-1.0,-1.0
96,2,510.16,372.9,66.1,114.44,1.0,-1.0,-1.0,-1.0
96,6,451.61,324.01,54.57,93.66,1.0,-1.0,-1.0,-1.0
96,7,582.05,305.41,40.6,68.92,0.92,-1.0,-1.0,-1.0
96,5,618.45,294.44,30.17,76.95,0.91,-1.0,-1.0,-1.0
97,1,600.22,346.26,47.75,104.57,0.99,-1.0,-1.0,-1.0
97,2,534.23,372.78,49.62,113.61,0.99,-1.0,-1.0,-1.0
97,6,444.5,323.76,44.47,94.04,0.99,-1.0,-1.0,-1.0
97,7,594.19,303.56,31.8,71.31,0.92,-1.0,-1.0,-1.0
97,3,588.46,316.6,38.57,80.38,0.89,-1.0,-1.0,-1.0
98,1,607.25,341.52,42.97,108.91,0.99,-1.0,-1.0,-1.0
98,2,540.4,371.55,52.48,114.21,1.0,-1.0,-1.0,-1.0
98,6,439.33,323.96,42.56,93.85,0.99,-1.0,-1.0,-1.0
98,7,599.48,302.98,28.62,70.45,0.97,-1.0,-1.0,-1.0
98,3,582.33,317.22,31.91,79.2,0.98,-1.0,-1.0,-1.0
98,5,629.3,291.02,26.85,74.62,0.87,-1.0,-1.0,-1.0
99,1,614.16,341.82,42.77,107.93,0.99,-1.0,-1.0,-1.0
99,2,547.77,369.64,54.43,115.35,1.0,-1.0,-1.0,-1.0
99,6,435.21,323.93,34.21,89.33,0.95,-1.0,-1.0,-1.0
99,7,606.78,302.92,29.69,78.1,0.94,-1.0,-1.0,-1.0
99,3,574.27,317.46,33.04,78.79,0.99,-1.0,-1.0,-1.0
99,5,635.25,287.13,26.2,76.71,0.91,-1.0,-1.0,-1.0
100,1,618.25,343.04,42.73,105.44,1.0,-1.0,-1.0,-1.0
100,2,551.25,367.32,58.78,117.41,1.0,-1.0,-1.0,-1.0
100,6,430.38,323.06,32.14,88.43,0.99,-1.0,-1.0,-1.0
100,7,610.63,302.47,30.03,77.2,0.9,-1.0,-1.0,-1.0
100,3,568.2,317.73,33.95,78.65,0.99,-1.0,-1.0,-1.0
100,5,639.3,286.42,24.75,76.52,0.91,-1.0,-1.0,-1.0
101,1,624.76,343.56,50.14,102.99,1.0,-1.0,-1.0,-1.0
101,2,556.5,367.66,63.93,115.54,1.0,-1.0,-1.0,-1.0
101,6,424.81,324.4,31.23,86.0,0.99,-1.0,-1.0,-1.0
101,7,618.52,302.44,28.96,75.89,0.97,-1.0,-1.0,-1.0
101,3,560.02,315.92,36.21,77.71,0.97,-1.0,-1.0,-1.0
101,5,644.81,286.31,29.27,83.27,0.98,-1.0,-1.0,-1.0
102,1,629.14,345.29,55.55,101.17,1.0,-1.0,-1.0,-1.0
102,2,564.78,368.74,61.32,110.64,1.0,-1.0,-1.0,-1.0
102,6,420.67,324.94,31.0,85.36,0.99,-1.0,-1.0,-1.0
102,7,623.3,302.58,27.36,72.68,0.98,-1.0,-1.0,-1.0
102,3,555.15,315.41,43.07,78.87,0.92,-1.0,-1.0,-1.0
102,5,645.43,287.0,33.61,86.33,0.96,-1.0,-1.0,-1.0
103,1,631.57,347.59,63.98,97.8,0.99,-1.0,-1.0,-1.0
103,2,576.41,369.62,53.62,108.04,1.0,-1.0,-1.0,-1.0
103,6,408.76,326.62,36.93,82.74,0.99,-1.0,-1.0,-1.0
103,7,627.17,300.36,29.36,81.63,0.95,-1.0,-1.0,-1.0
103,3,542.57,314.48,47.83,84.06,0.89,-1.0,-1.0,-1.0
103,5,650.54,290.44,37.04,91.29,0.98,-1.0,-1.0,-1.0
104,1,632.25,349.24,70.1,96.25,1.0,-1.0,-1.0,-1.0
104,2,588.01,369.97,45.62,106.52,1.0,-1.0,-1.0,-1.0
104,6,397.06,327.59,46.36,82.06,1.0,-1.0,-1.0,-1.0
104,7,630.59,298.31,30.63,85.37,0.98,-1.0,-1.0,-1.0
104,3,535.92,315.03,55.98,84.83,0.99,-1.0,-1.0,-1.0
104,5,655.6,293.38,38.43,90.61,0.99,-1.0,-1.0,-1.0
105,1,635.4,347.72,69.82,98.14,1.0,-1.0,-1.0,-1.0
105,2,593.56,369.8,46.73,106.59,1.0,-1.0,-1.0,-1.0
105,6,388.87,326.86,52.79,82.42,1.0,-1.0,-1.0,-1.0
105,7,634.33,297.61,30.53,89.14,0.98,-1.0,-1.0,-1.0
105,3,528.91,314.08,48.82,85.71,0.99,-1.0,-1.0,-1.0
105,5,659.72,297.6,40.67,87.36,0.98,-1.0,-1.0,-1.0
106,1,639.36,347.75,66.73,97.95,1.0,-1.0,-1.0,-1.0
106,2,598.7,369.6,47.07,106.51,1.0,-1.0,-1.0,-1.0
106,6,384.09,326.44,56.91,82.57,1.0,-1.0,-1.0,-1.0
106,7,637.29,297.34,30.51,90.87,0.99,-1.0,-1.0,-1.0
106,3,524.95,314.62,40.56,84.86,0.99,-1.0,-1.0,-1.0
106,5,663.76,300.55,42.1,86.06,0.99,-1.0,-1.0,-1.0
107,1,645.83,341.52,61.29,103.87,1.0,-1.0,-1.0,-1.0
107,2,604.96,369.71,55.15,106.05,1.0,-1.0,-1.0,-1.0
107,6,381.79,324.08,56.37,85.02,0.99,-1.0,-1.0,-1.0
107,7,642.18,298.15,29.91,91.77,0.99,-1.0,-1.0,-1.0
107,3,517.71,314.88,37.4,83.91,0.98,-1.0,-1.0,-1.0
107,5,669.01,302.4,46.62,86.13,1.0,-1.0,-1.0,-1.0
108,1,653.42,339.95,54.3,104.61,1.0,-1.0,-1.0,-1.0
108,2,608.3,370.51,65.39,109.07,0.99,-1.0,-1.0,-1.0
108,6,379.63,322.75,53.47,86.25,1.0,-1.0,-1.0,-1.0
108,7,645.52,299.63,29.09,90.92,0.98,-1.0,-1.0,-1.0
108,3,507.56,315.43,40.1,85.33,0.99,-1.0,-1.0,-1.0
108,5,668.7,303.64,51.15,86.75,0.99,-1.0,-1.0,-1.0
109,1,658.86,340.42,54.75,102.52,0.99,-1.0,-1.0,-1.0
109,2,612.4,372.3,68.39,111.08,1.0,-1.0,-1.0,-1.0
109,6,374.96,322.86,42.85,86.11,1.0,-1.0,-1.0,-1.0
109,7,649.34,302.13,30.01,83.48,0.99,-1.0,-1.0,-1.0
109,3,495.92,315.96,48.68,86.44,1.0,-1.0,-1.0,-1.0
109,5,677.11,303.5,44.67,87.25,0.98,-1.0,-1.0,-1.0
110,1,663.01,341.23,53.11,100.81,1.0,-1.0,-1.0,-1.0
110,2,614.0,373.13,69.59,111.42,1.0,-1.0,-1.0,-1.0
110,6,369.22,322.62,40.35,83.98,0.99,-1.0,-1.0,-1.0
110,7,651.16,304.18,30.94,81.99,0.98,-1.0,-1.0,-1.0
110,3,490.58,316.17,48.56,84.5,0.99,-1.0,-1.0,-1.0
110,5,681.46,303.99,41.65,86.85,1.0,-1.0,-1.0,-1.0
111,1,666.86,343.22,56.11,97.18,0.99,-1.0,-1.0,-1.0
111,2,614.79,374.34,70.0,110.06,1.0,-1.0,-1.0,-1.0
111,6,357.19,325.4,45.71,82.26,1.0,-1.0,-1.0,-1.0
111,7,652.96,306.12,36.6,85.64,0.99,-1.0,-1.0,-1.0
111,3,486.34,315.08,48.97,84.62,0.99,-1.0,-1.0,-1.0
111,5,687.18,303.86,39.32,87.56,1.0,-1.0,-1.0,-1.0
112,1,668.65,345.63,56.61,94.32,0.99,-1.0,-1.0,-1.0
112,2,615.63,374.48,68.95,110.15,1.0,-1.0,-1.0,-1.0
112,6,349.51,326.26,50.98,81.64,1.0,-1.0,-1.0,-1.0
112,7,654.95,306.95,38.68,88.15,0.99,-1.0,-1.0,-1.0
112,3,483.35,314.49,49.1,85.26,0.99,-1.0,-1.0,-1.0
112,5,690.5,302.87,37.83,91.07,0.99,-1.0,-1.0,-1.0
113,1,670.07,347.41,56.19,92.07,0.99,-1.0,-1.0,-1.0
113,2,617.56,373.45,67.3,111.22,1.0,-1.0,-1.0,-1.0
113,6,337.23,326.56,62.67,81.71,1.0,-1.0,-1.0,-1.0
113,7,657.62,307.23,41.79,86.16,0.99,-1.0,-1.0,-1.0
113,3,478.71,316.04,45.6,84.31,0.99,-1.0,-1.0,-1.0
113,5,693.99,302.16,39.69,91.51,1.0,-1.0,-1.0,-1.0
114,1,670.38,346.54,56.62,92.8,0.99,-1.0,-1.0,-1.0
114,2,617.75,372.46,67.8,112.23,1.0,-1.0,-1.0,-1.0
114,6,328.88,327.1,69.19,81.16,1.0,-1.0,-1.0,-1.0
114,7,659.66,306.41,44.7,87.43,0.99,-1.0,-1.0,-1.0
114,3,475.42,317.37,40.54,77.39,0.99,-1.0,-1.0,-1.0
114,5,697.19,302.44,40.36,93.42,0.99,-1.0,-1.0,-1.0
115,1,669.19,343.81,56.76,95.49,1.0,-1.0,-1.0,-1.0
115,2,617.71,370.89,67.95,113.79,1.0,-1.0,-1.0,-1.0
115,6,322.04,328.79,73.85,79.16,1.0,-1.0,-1.0,-1.0
115,7,663.2,305.49,44.17,85.81,0.99,-1.0,-1.0,-1.0
115,3,459.83,325.28,53.1,69.18,0.99,-1.0,-1.0,-1.0
115,5,701.49,303.11,41.19,94.41,0.99,-1.0,-1.0,-1.0
116,1,667.99,342.53,57.41,96.81,1.0,-1.0,-1.0,-1.0
116,2,617.52,370.18,66.81,114.82,1.0,-1.0,-1.0,-1.0
116,6,318.42,329.3,59.36,78.13,0.99,-1.0,-1.0,-1.0
116,7,664.74,305.15,47.35,88.14,0.99,-1.0,-1.0,-1.0
116,3,450.41,328.78,60.75,65.95,0.99,-1.0,-1.0,-1.0
116,5,704.72,304.85,41.49,93.89,0.99,-1.0,-1.0,-1.0
117,1,665.4,342.37,55.86,96.13,0.99,-1.0,-1.0,-1.0
117,2,617.02,369.64,66.32,115.49,1.0,-1.0,-1.0,-1.0
117,6,312.95,330.55,47.89,77.16,1.0,-1.0,-1.0,-1.0
117,7,668.14,305.78,44.6,85.47,0.99,-1.0,-1.0,-1.0
117,3,443.66,327.6,65.12,67.73,1.0,-1.0,-1.0,-1.0
117,5,707.88,306.11,43.36,93.94,0.99,-1.0,-1.0,-1.0
118,1,663.67,345.0,53.46,91.71,1.0,-1.0,-1.0,-1.0
118,2,616.4,369.44,66.11,115.74,1.0,-1.0,-1.0,-1.0
118,6,308.1,330.7,43.11,76.52,0.99,-1.0,-1.0,-1.0
118,7,669.01,306.45,45.74,89.18,0.99,-1.0,-1.0,-1.0
118,3,438.29,327.17,69.13,68.67,0.99,-1.0,-1.0,-1.0
118,5,710.42,306.57,44.06,93.94,0.99,-1.0,-1.0,-1.0
119,1,657.2,349.22,58.62,86.7,1.0,-1.0,-1.0,-1.0
119,2,616.09,369.24,66.6,115.96,1.0,-1.0,-1.0,-1.0
119,6,299.64,330.6,42.5,76.91,0.99,-1.0,-1.0,-1.0
119,7,671.34,308.33,46.73,90.24,1.0,-1.0,-1.0,-1.0
119,3,435.39,324.88,64.41,71.79,0.99,-1.0,-1.0,-1.0
119,5,715.65,306.44,43.72,94.21,0.99,-1.0,-1.0,-1.0
120,1,654.04,351.35,61.02,84.29,1.0,-1.0,-1.0,-1.0
120,2,615.87,369.14,66.78,116.04,1.0,-1.0,-1.0,-1.0
120,6,293.06,330.06,43.84,73.78,0.98,-1.0,-1.0,-1.0
120,7,673.87,309.3,46.51,90.63,1.0,-1.0,-1.0,-1.0
120,3,434.66,325.9,53.16,71.19,0.99,-1.0,-1.0,-1.0
120,5,722.51,306.77,42.97,94.59,0.99,-1.0,-1.0,-1.0
121,1,651.34,351.62,64.27,84.07,1.0,-1.0,-1.0,-1.0
121,2,615.74,368.95,66.22,115.9,1.0,-1.0,-1.0,-1.0
121,6,285.98,329.68,46.44,76.88,1.0,-1.0,-1.0,-1.0
121,7,677.4,307.73,44.62,91.92,1.0,-1.0,-1.0,-1.0
121,3,428.5,321.62,41.65,76.37,0.99,-1.0,-1.0,-1.0
121,5,729.15,305.69,41.47,98.26,1.0,-1.0,-1.0,-1.0
122,1,647.95,351.1,67.25,84.65,0.99,-1.0,-1.0,-1.0
122,2,615.58,368.75,66.0,115.69,1.0,-1.0,-1.0,-1.0
122,6,281.86,329.84,46.23,77.71,1.0,-1.0,-1.0,-1.0
122,7,680.97,306.24,42.07,93.57,1.0,-1.0,-1.0,-1.0
122,3,424.03,319.33,37.72,78.85,0.99,-1.0,-1.0,-1.0
122,5,732.94,305.71,41.49,99.92,1.0,-1.0,-1.0,-1.0
123,1,642.08,347.57,70.11,88.51,1.0,-1.0,-1.0,-1.0
123,2,616.1,369.12,65.31,115.44,1.0,-1.0,-1.0,-1.0
123,6,271.9,331.98,50.31,75.66,1.0,-1.0,-1.0,-1.0
123,7,684.33,304.2,40.47,95.64,1.0,-1.0,-1.0,-1.0
123,3,415.92,320.04,35.89,76.02,0.99,-1.0,-1.0,-1.0
123,5,736.32,305.56,41.49,102.58,0.99,-1.0,-1.0,-1.0
124,1,637.16,345.39,65.47,89.66,0.99,-1.0,-1.0,-1.0
124,2,616.2,369.88,65.03,114.75,1.0,-1.0,-1.0,-1.0
124,6,265.5,333.84,50.94,74.28,1.0,-1.0,-1.0,-1.0
124,7,686.31,303.27,39.28,96.41,0.99,-1.0,-1.0,-1.0
124,3,412.01,320.65,33.41,73.99,0.99,-1.0,-1.0,-1.0
124,5,743.35,308.7,40.89,99.78,0.99,-1.0,-1.0,-1.0
125,1,630.18,342.19,54.53,94.56,0.99,-1.0,-1.0,-1.0
125,2,616.23,369.58,64.92,115.38,1.0,-1.0,-1.0,-1.0
125,6,263.05,337.69,45.89,70.18,1.0,-1.0,-1.0,-1.0
125,7,688.77,303.37,38.24,95.49,1.0,-1.0,-1.0,-1.0
125,3,403.67,324.8,34.88,76.53,0.99,-1.0,-1.0,-1.0
125,5,749.15,312.02,40.06,95.36,0.99,-1.0,-1.0,-1.0
126,1,625.38,338.81,49.6,99.89,0.99,-1.0,-1.0,-1.0
126,2,616.17,368.43,64.88,116.35,1.0,-1.0,-1.0,-1.0
126,6,262.33,339.09,44.11,68.67,1.0,-1.0,-1.0,-1.0
126,7,690.44,303.86,39.07,94.8,1.0,-1.0,-1.0,-1.0
126,3,403.3,327.33,30.15,70.98,0.97,-1.0,-1.0,-1.0
126,5,753.21,314.75,39.74,94.85,0.99,-1.0,-1.0,-1.0
127,1,621.98,336.36,46.73,102.81,0.99,-1.0,-1.0,-1.0
127,2,615.24,368.29,65.45,116.71,1.0,-1.0,-1.0,-1.0
127,6,261.53,339.86,43.78,67.86,1.0,-1.0,-1.0,-1.0
127,7,691.89,305.38,41.17,92.74,0.99,-1.0,-1.0,-1.0
127,3,389.14,330.75,39.25,72.14,0.99,-1.0,-1.0,-1.0
127,5,758.75,315.42,37.82,95.55,0.99,-1.0,-1.0,-1.0
128,1,617.43,334.84,47.05,103.35,0.99,-1.0,-1.0,-1.0
128,2,615.73,368.54,65.07,116.24,0.99,-1.0,-1.0,-1.0
128,6,261.86,339.64,43.36,67.9,1.0,-1.0,-1.0,-1.0
128,7,692.35,306.11,43.72,91.92,1.0,-1.0,-1.0,-1.0
128,3,384.91,330.75,39.59,73.45,0.99,-1.0,-1.0,-1.0
128,5,762.4,316.23,36.5,97.59,1.0,-1.0,-1.0,-1.0
129,1,609.78,336.04,49.02,106.15,1.0,-1.0,-1.0,-1.0
129,2,619.75,369.38,60.15,115.32,1.0,-1.0,-1.0,-1.0
129,6,262.78,337.56,43.51,70.07,1.0,-1.0,-1.0,-1.0
129,7,692.73,306.08,44.11,91.61,1.0,-1.0,-1.0,-1.0
129,3,382.79,331.16,37.65,73.66,0.99,-1.0,-1.0,-1.0
129,5,763.82,317.68,39.69,99.83,0.99,-1.0,-1.0,-1.0
130,1,603.52,337.55,51.56,108.93,0.99,-1.0,-1.0,-1.0
130,2,620.95,371.65,58.26,114.21,1.0,-1.0,-1.0,-1.0
130,6,263.31,336.19,43.57,71.18,1.0,-1.0,-1.0,-1.0
130,7,692.78,305.62,44.25,92.08,1.0,-1.0,-1.0,-1.0
130,3,381.96,331.29,36.56,74.33,1.0,-1.0,-1.0,-1.0
130,5,767.83,318.94,39.06,99.49,0.98,-1.0,-1.0,-1.0
131,1,595.98,344.26,52.53,105.03,1.0,-1.0,-1.0,-1.0
131,2,621.36,374.89,54.55,112.0,1.0,-1.0,-1.0,-1.0
131,6,263.82,333.58,43.3,73.7,1.0,-1.0,-1.0,-1.0
131,7,691.85,306.49,45.46,92.25,1.0,-1.0,-1.0,-1.0
131,3,376.46,331.91,39.79,74.58,1.0,-1.0,-1.0,-1.0
131,5,773.96,318.19,37.62,101.11,1.0,-1.0,-1.0,-1.0
132,1,593.21,347.99,51.73,103.42,1.0,-1.0,-1.0,-1.0
132,2,621.43,375.66,53.23,111.33,1.0,-1.0,-1.0,-1.0
132,6,264.29,331.58,43.2,75.53,1.0,-1.0,-1.0,-1.0
132,7,691.72,306.82,45.91,92.61,1.0,-1.0,-1.0,-1.0
132,3,371.73,333.02,42.96,74.68,0.99,-1.0,-1.0,-1.0
132,5,777.56,317.59,37.68,102.0,1.0,-1.0,-1.0,-1.0
133,1,592.69,349.22,50.22,101.89,1.0,-1.0,-1.0,-1.0
133,2,621.13,374.26,54.65,112.73,1.0,-1.0,-1.0,-1.0
133,6,265.8,329.33,42.27,78.29,1.0,-1.0,-1.0,-1.0
133,7,692.8,308.26,44.9,91.84,1.0,-1.0,-1.0,-1.0
133,3,367.49,334.89,44.2,75.3,1.0,-1.0,-1.0,-1.0
133,5,781.75,315.7,38.9,103.79,0.99,-1.0,-1.0,-1.0
134,1,592.97,349.37,49.66,100.7,1.0,-1.0,-1.0,-1.0
134,2,621.3,372.53,56.98,113.56,0.99,-1.0,-1.0,-1.0
134,6,270.23,327.75,38.0,79.63,0.99,-1.0,-1.0,-1.0
134,7,693.73,309.39,44.48,91.54,0.99,-1.0,-1.0,-1.0
134,3,366.3,336.74,43.81,74.36,1.0,-1.0,-1.0,-1.0
134,5,784.96,313.92,41.72,105.33,0.99,-1.0,-1.0,-1.0
135,1,591.73,349.71,54.87,100.24,1.0,-1.0,-1.0,-1.0
135,2,627.59,370.24,53.12,108.69,1.0,-1.0,-1.0,-1.0
135,6,273.81,326.13,36.09,81.88,1.0,-1.0,-1.0,-1.0
135,7,696.43,312.35,42.53,89.94,0.99,-1.0,-1.0,-1.0
135,3,365.82,337.86,43.61,73.69,1.0,-1.0,-1.0,-1.0
135,5,789.87,314.55,43.94,105.6,0.99,-1.0,-1.0,-1.0
136,1,590.98,351.02,57.32,99.17,1.0,-1.0,-1.0,-1.0
136,2,632.45,369.06,51.64,106.82,1.0,-1.0,-1.0,-1.0
136,6,275.84,324.95,35.15,84.19,1.0,-1.0,-1.0,-1.0
136,7,698.28,314.95,41.17,88.43,1.0,-1.0,-1.0,-1.0
136,3,365.79,338.41,43.82,73.14,1.0,-1.0,-1.0,-1.0
136,5,793.66,316.41,45.95,105.38,0.99,-1.0,-1.0,-1.0
137,1,589.67,353.91,64.07,99.05,1.0,-1.0,-1.0,-1.0
137,2,639.95,365.79,48.08,108.72,0.99,-1.0,-1.0,-1.0
137,6,277.52,323.97,34.85,86.79,0.99,-1.0,-1.0,-1.0
137,7,700.12,315.76,39.47,89.38,1.0,-1.0,-1.0,-1.0
137,3,366.24,338.74,44.17,73.24,1.0,-1.0,-1.0,-1.0
137,5,798.48,318.9,50.18,107.03,0.99,-1.0,-1.0,-1.0
138,1,589.17,356.29,67.78,98.12,1.0,-1.0,-1.0,-1.0
138,2,643.51,363.09,46.21,110.33,0.99,-1.0,-1.0,-1.0
138,6,278.71,323.73,34.47,87.2,0.98,-1.0,-1.0,-1.0
138,7,701.02,315.87,37.62,89.74,0.99,-1.0,-1.0,-1.0
138,3,369.61,338.67,41.94,73.58,1.0,-1.0,-1.0,-1.0
138,5,803.66,320.4,51.25,107.64,0.99,-1.0,-1.0,-1.0
139,1,589.39,358.64,70.39,96.27,1.0,-1.0,-1.0,-1.0
139,2,646.85,360.02,43.73,110.65,1.0,-1.0,-1.0,-1.0
139,6,279.95,324.4,34.66,88.48,0.99,-1.0,-1.0,-1.0
139,7,701.91,315.57,37.58,90.77,1.0,-1.0,-1.0,-1.0
139,3,371.92,338.76,41.34,73.7,1.0,-1.0,-1.0,-1.0
139,5,810.77,323.31,52.21,108.13,1.0,-1.0,-1.0,-1.0
140,1,589.82,359.17,71.39,95.88,1.0,-1.0,-1.0,-1.0
140,2,648.19,358.44,43.55,109.45,0.99,-1.0,-1.0,-1.0
140,6,281.26,325.25,34.16,89.24,0.99,-1.0,-1.0,-1.0
140,7,703.37,314.98,36.97,91.46,1.0,-1.0,-1.0,-1.0
140,3,372.82,339.2,42.02,73.16,1.0,-1.0,-1.0,-1.0
140,5,814.55,326.15,52.56,106.53,1.0,-1.0,-1.0,-1.0
141,1,590.4,357.08,70.58,97.54,1.0,-1.0,-1.0,-1.0
141,2,652.91,356.24,39.83,101.82,1.0,-1.0,-1.0,-1.0
141,6,283.14,326.33,33.99,89.19,1.0,-1.0,-1.0,-1.0
141,7,704.78,316.5,37.99,91.42,1.0,-1.0,-1.0,-1.0
141,3,372.82,339.93,44.04,72.66,1.0,-1.0,-1.0,-1.0
141,5,818.49,326.15,49.76,107.06,1.0,-1.0,-1.0,-1.0
142,1,590.95,354.48,70.78,99.96,1.0,-1.0,-1.0,-1.0
142,2,654.74,355.16,40.46,99.56,1.0,-1.0,-1.0,-1.0
142,6,284.06,326.6,34.56,89.44,0.99,-1.0,-1.0,-1.0
142,7,705.52,317.5,38.96,90.81,1.0,-1.0,-1.0,-1.0
142,3,372.81,340.61,45.38,71.88,0.99,-1.0,-1.0,-1.0
142,5,825.42,325.66,44.43,107.85,1.0,-1.0,-1.0,-1.0
143,1,599.39,349.8,62.08,101.45,1.0,-1.0,-1.0,-1.0
143,2,657.77,352.39,41.31,100.3,1.0,-1.0,-1.0,-1.0
143,6,286.19,326.43,34.19,90.09,1.0,-1.0,-1.0,-1.0
143,7,707.54,318.9,38.74,89.68,1.0,-1.0,-1.0,-1.0
143,3,373.91,341.46,46.47,71.59,1.0,-1.0,-1.0,-1.0
143,5,836.09,323.24,40.51,109.9,0.99,-1.0,-1.0,-1.0
144,1,606.89,346.65,54.18,102.91,1.0,-1.0,-1.0,-1.0
144,2,658.45,351.25,42.26,98.81,1.0,-1.0,-1.0,-1.0
144,6,288.28,326.21,33.16,90.31,1.0,-1.0,-1.0,-1.0
144,7,705.54,319.53,45.24,89.56,1.0,-1.0,-1.0,-1.0
144,3,375.53,341.87,46.29,71.79,0.99,-1.0,-1.0,-1.0
144,5,841.5,321.97,41.0,111.54,0.99,-1.0,-1.0,-1.0
145,1,616.9,342.52,44.39,103.74,1.0,-1.0,-1.0,-1.0
145,2,659.23,350.14,43.84,96.18,1.0,-1.0,-1.0,-1.0
145,6,291.34,326.28,32.5,91.24,0.99,-1.0,-1.0,-1.0
145,7,704.32,319.14,49.24,91.9,1.0,-1.0,-1.0,-1.0
145,3,379.93,341.56,44.14,71.87,0.99,-1.0,-1.0,-1.0
145,5,846.32,322.94,43.59,108.91,0.99,-1.0,-1.0,-1.0
146,1,621.31,340.25,40.38,103.17,1.0,-1.0,-1.0,-1.0
146,2,660.01,350.13,45.05,93.74,0.99,-1.0,-1.0,-1.0
146,6,293.27,326.04,32.57,91.87,0.99,-1.0,-1.0,-1.0
146,7,705.14,318.71,49.75,94.25,1.0,-1.0,-1.0,-1.0
146,3,382.24,341.44,43.28,72.51,1.0,-1.0,-1.0,-1.0
146,5,849.13,323.48,47.48,111.14,0.99,-1.0,-1.0,-1.0
147,1,624.92,338.84,38.57,102.03,0.99,-1.0,-1.0,-1.0
147,2,667.93,351.26,39.62,92.89,0.99,-1.0,-1.0,-1.0
147,6,294.89,327.16,36.23,91.2,0.99,-1.0,-1.0,-1.0
147,7,710.66,318.98,44.73,97.19,1.0,-1.0,-1.0,-1.0
147,3,385.54,340.51,42.36,73.34,0.99,-1.0,-1.0,-1.0
147,5,853.85,326.18,51.84,112.24,0.99,-1.0,-1.0,-1.0
148,1,627.27,338.51,39.36,101.29,0.99,-1.0,-1.0,-1.0
148,2,672.43,353.24,38.73,88.4,0.99,-1.0,-1.0,-1.0
148,6,296.44,329.08,38.12,89.14,1.0,-1.0,-1.0,-1.0
148,7,714.92,319.66,40.81,97.72,1.0,-1.0,-1.0,-1.0
148,3,386.89,340.0,42.92,74.25,1.0,-1.0,-1.0,-1.0
148,5,857.55,329.28,56.96,112.06,0.99,-1.0,-1.0,-1.0
149,1,630.52,338.27,37.8,101.3,0.99,-1.0,-1.0,-1.0
149,2,676.07,354.33,41.51,84.64,1.0,-1.0,-1.0,-1.0
149,6,298.51,330.72,39.16,88.62,1.0,-1.0,-1.0,-1.0
149,7,719.51,322.55,38.14,95.84,1.0,-1.0,-1.0,-1.0
149,3,387.74,338.91,45.2,75.18,1.0,-1.0,-1.0,-1.0
149,5,863.99,336.79,63.47,106.92,0.99,-1.0,-1.0,-1.0
150,1,632.77,338.2,35.44,101.3,0.99,-1.0,-1.0,-1.0
150,2,677.88,354.1,44.26,84.0,1.0,-1.0,-1.0,-1.0
150,6,299.64,331.74,39.56,88.42,1.0,-1.0,-1.0,-1.0
150,7,721.35,323.17,37.19,95.68,0.99,-1.0,-1.0,-1.0
150,3,388.27,336.99,47.51,77.6,1.0,-1.0,-1.0,-1.0
150,5,867.02,343.08,69.4,104.32,0.99,-1.0,-1.0,-1.0
151,1,634.74,339.24,35.34,100.1,0.99,-1.0,-1.0,-1.0
151,2,679.7,353.42,55.2,83.52,1.0,-1.0,-1.0,-1.0
151,6,299.52,332.42,40.87,90.11,1.0,-1.0,-1.0,-1.0
151,7,724.13,323.97,43.59,96.79,1.0,-1.0,-1.0,-1.0
151,3,390.14,338.02,49.26,75.58,0.99,-1.0,-1.0,-1.0
151,5,872.6,346.97,71.8,102.76,1.0,-1.0,-1.0,-1.0
152,1,635.3,339.36,35.97,99.36,0.99,-1.0,-1.0,-1.0
152,2,680.4,352.26,61.46,84.03,1.0,-1.0,-1.0,-1.0
152,6,299.08,333.07,42.82,90.46,1.0,-1.0,-1.0,-1.0
152,7,725.94,323.79,45.8,98.68,1.0,-1.0,-1.0,-1.0
152,3,391.8,338.7,50.22,76.55,1.0,-1.0,-1.0,-1.0
152,5,877.22,349.37,70.73,101.9,1.0,-1.0,-1.0,-1.0
153,1,635.45,336.9,38.08,99.37,0.99,-1.0,-1.0,-1.0
153,2,681.17,351.41,70.73,85.17,1.0,-1.0,-1.0,-1.0
153,6,301.95,333.48,43.84,91.16,1.0,-1.0,-1.0,-1.0
153,7,727.77,324.44,52.44,99.38,1.0,-1.0,-1.0,-1.0
153,3,396.69,338.53,49.7,77.5,1.0,-1.0,-1.0,-1.0
153,5,878.32,352.73,71.35,99.49,0.99,-1.0,-1.0,-1.0
154,1,635.72,333.46,38.86,100.88,1.0,-1.0,-1.0,-1.0
154,2,681.95,350.51,73.96,86.84,0.99,-1.0,-1.0,-1.0
154,6,302.84,333.74,45.67,90.83,1.0,-1.0,-1.0,-1.0
154,7,728.16,326.28,57.23,99.92,0.99,-1.0,-1.0,-1.0
154,3,399.84,338.45,50.06,79.32,0.99,-1.0,-1.0,-1.0
154,5,881.17,354.34,69.53,98.62,1.0,-1.0,-1.0,-1.0
155,1,635.75,329.37,40.97,99.96,1.0,-1.0,-1.0,-1.0
155,2,685.23,344.97,71.89,93.45,0.99,-1.0,-1.0,-1.0
155,6,305.9,331.43,48.66,94.24,1.0,-1.0,-1.0,-1.0
155,7,734.66,327.98,55.26,104.23,1.0,-1.0,-1.0,-1.0
155,3,405.86,338.83,49.29,79.42,1.0,-1.0,-1.0,-1.0
155,5,882.08,354.37,68.13,100.73,0.99,-1.0,-1.0,-1.0
156,1,635.41,327.73,42.94,99.61,0.99,-1.0,-1.0,-1.0
156,2,689.33,342.65,68.05,96.2,0.99,-1.0,-1.0,-1.0
156,6,308.03,328.83,49.52,97.27,1.0,-1.0,-1.0,-1.0
156,7,739.89,330.36,52.0,104.1,0.99,-1.0,-1.0,-1.0
156,3,408.99,339.0,48.38,79.14,1.0,-1.0,-1.0,-1.0
156,5,882.26,353.89,67.55,104.21,0.99,-1.0,-1.0,-1.0
157,1,636.17,325.39,44.28,99.77,1.0,-1.0,-1.0,-1.0
157,2,696.75,342.39,60.57,96.69,0.99,-1.0,-1.0,-1.0
157,6,312.07,326.38,50.98,100.15,1.0,-1.0,-1.0,-1.0
157,7,743.65,331.58,49.47,104.29,0.99,-1.0,-1.0,-1.0
157,3,413.29,339.38,47.72,78.72,0.99,-1.0,-1.0,-1.0
157,5,880.16,354.4,69.93,108.17,1.0,-1.0,-1.0,-1.0
158,1,636.65,325.16,48.3,98.95,1.0,-1.0,-1.0,-1.0
158,2,704.27,339.69,54.56,98.93,1.0,-1.0,-1.0,-1.0
158,6,315.54,324.86,50.67,99.79,1.0,-1.0,-1.0,-1.0
158,7,744.91,334.65,47.9,102.28,0.99,-1.0,-1.0,-1.0
158,3,415.81,339.67,48.21,78.84,1.0,-1.0,-1.0,-1.0
158,5,878.38,355.27,68.2,111.3,1.0,-1.0,-1.0,-1.0
159,1,637.4,328.14,56.65,95.35,1.0,-1.0,-1.0,-1.0
159,2,713.04,339.01,44.94,99.46,0.99,-1.0,-1.0,-1.0
159,6,321.38,324.62,48.47,100.77,1.0,-1.0,-1.0,-1.0
159,7,745.6,335.2,46.7,102.66,0.99,-1.0,-1.0,-1.0
159,3,419.22,341.59,49.43,77.69,1.0,-1.0,-1.0,-1.0
159,5,871.0,357.3,69.23,111.61,0.99,-1.0,-1.0,-1.0
160,1,637.66,329.78,62.65,93.7,1.0,-1.0,-1.0,-1.0
160,2,716.56,338.65,41.43,100.24,0.98,-1.0,-1.0,-1.0
160,6,326.34,325.26,46.08,101.12,0.99,-1.0,-1.0,-1.0
160,7,744.53,334.62,47.44,104.27,0.99,-1.0,-1.0,-1.0
160,3,422.16,342.75,49.3,77.24,1.0,-1.0,-1.0,-1.0
160,5,865.2,360.67,70.18,109.35,1.0,-1.0,-1.0,-1.0
161,1,638.85,335.7,66.79,87.69,1.0,-1.0,-1.0,-1.0
161,2,720.13,338.26,42.93,101.7,0.99,-1.0,-1.0,-1.0
161,6,333.08,328.62,46.96,100.04,1.0,-1.0,-1.0,-1.0
161,7,743.8,334.08,49.49,109.57,0.99,-1.0,-1.0,-1.0
161,3,427.2,343.18,55.3,79.16,1.0,-1.0,-1.0,-1.0
161,5,860.3,362.04,71.4,113.65,1.0,-1.0,-1.0,-1.0
162,1,640.42,337.76,67.9,85.47,1.0,-1.0,-1.0,-1.0
162,2,722.18,338.27,42.82,101.64,0.99,-1.0,-1.0,-1.0
162,6,338.15,332.11,46.09,97.81,1.0,-1.0,-1.0,-1.0
162,7,742.0,333.82,52.0,113.01,0.98,-1.0,-1.0,-1.0
162,3,430.91,342.85,57.36,81.34,1.0,-1.0,-1.0,-1.0
162,5,856.33,362.64,72.12,117.13,0.99,-1.0,-1.0,-1.0
163,1,641.02,337.42,68.85,86.27,1.0,-1.0,-1.0,-1.0
163,2,723.34,338.47,47.12,102.19,0.99,-1.0,-1.0,-1.0
163,6,343.95,336.87,48.43,93.96,1.0,-1.0,-1.0,-1.0
163,7,740.1,336.6,56.44,113.16,0.99,-1.0,-1.0,-1.0
163,3,435.43,342.72,56.15,80.99,0.99,-1.0,-1.0,-1.0
163,5,849.81,362.24,71.78,121.36,0.99,-1.0,-1.0,-1.0
164,1,641.82,336.52,68.59,87.19,1.0,-1.0,-1.0,-1.0
164,2,724.34,337.69,49.82,102.96,0.99,-1.0,-1.0,-1.0
164,6,346.24,339.68,51.03,91.58,1.0,-1.0,-1.0,-1.0
164,7,741.64,337.21,57.0,113.15,0.99,-1.0,-1.0,-1.0
164,3,438.76,342.64,54.0,81.13,0.99,-1.0,-1.0,-1.0
164,5,846.72,363.04,66.3,126.58,0.99,-1.0,-1.0,-1.0
165,1,645.56,334.23,65.55,89.08,0.99,-1.0,-1.0,-1.0
165,2,724.61,337.86,57.3,103.82,0.98,-1.0,-1.0,-1.0
165,6,347.02,342.04,55.49,93.13,1.0,-1.0,-1.0,-1.0
165,7,742.81,340.21,59.49,111.35,0.99,-1.0,-1.0,-1.0
165,3,442.13,343.63,54.17,80.28,1.0,-1.0,-1.0,-1.0
165,5,838.58,366.2,54.36,127.71,0.99,-1.0,-1.0,-1.0
166,1,654.65,332.62,57.19,89.51,1.0,-1.0,-1.0,-1.0
166,2,724.98,337.51,57.9,103.54,0.99,-1.0,-1.0,-1.0
166,6,347.12,343.31,58.63,94.0,1.0,-1.0,-1.0,-1.0
166,7,743.81,341.46,60.43,111.49,0.99,-1.0,-1.0,-1.0
166,3,445.23,344.74,54.67,79.35,1.0,-1.0,-1.0,-1.0
166,5,832.37,370.29,55.06,125.16,0.98,-1.0,-1.0,-1.0
167,1,663.03,328.74,51.39,94.17,1.0,-1.0,-1.0,-1.0
167,2,724.96,337.55,58.67,105.48,0.99,-1.0,-1.0,-1.0
167,6,356.54,346.56,58.15,92.26,0.99,-1.0,-1.0,-1.0
167,7,743.29,345.58,60.18,113.01,0.99,-1.0,-1.0,-1.0
167,3,449.22,347.22,56.02,77.2,0.99,-1.0,-1.0,-1.0
167,5,817.26,372.99,59.55,123.22,0.98,-1.0,-1.0,-1.0
168,1,668.71,327.48,47.46,95.9,1.0,-1.0,-1.0,-1.0
168,2,725.45,339.67,52.55,103.25,0.98,-1.0,-1.0,-1.0
168,6,373.78,349.73,43.95,90.08,0.99,-1.0,-1.0,-1.0
168,7,733.14,348.16,69.96,112.96,0.99,-1.0,-1.0,-1.0
168,3,453.6,348.93,56.52,75.18,0.99,-1.0,-1.0,-1.0
168,5,803.36,375.9,68.24,122.27,0.99,-1.0,-1.0,-1.0
169,1,674.0,326.72,46.75,98.92,1.0,-1.0,-1.0,-1.0
169,2,728.82,342.3,52.44,100.58,0.94,-1.0,-1.0,-1.0
169,6,383.12,351.89,45.94,88.39,0.99,-1.0,-1.0,-1.0
169,7,735.76,353.67,68.05,108.93,0.99,-1.0,-1.0,-1.0
169,3,461.74,349.67,53.31,77.16,1.0,-1.0,-1.0,-1.0
169,5,789.63,381.97,67.01,118.93,1.0,-1.0,-1.0,-1.0
170,1,680.07,326.58,46.53,100.06,1.0,-1.0,-1.0,-1.0
170,2,731.48,343.73,50.02,98.65,0.84,-1.0,-1.0,-1.0
170,6,386.24,352.15,49.51,92.9,0.99,-1.0,-1.0,-1.0
170,7,734.03,355.24,69.4,108.98,0.99,-1.0,-1.0,-1.0
170,3,467.79,350.2,50.82,78.18,1.0,-1.0,-1.0,-1.0
170,5,783.38,386.26,63.46,117.01,1.0,-1.0,-1.0,-1.0
171,1,684.82,328.31,53.21,99.31,0.99,-1.0,-1.0,-1.0
171,2,738.38,344.42,41.21,93.13,0.97,-1.0,-1.0,-1.0
171,6,387.23,352.37,63.63,91.32,1.0,-1.0,-1.0,-1.0
171,7,726.69,353.08,76.23,114.96,0.99,-1.0,-1.0,-1.0
171,3,471.3,349.19,52.93,79.76,1.0,-1.0,-1.0,-1.0
171,5,771.95,392.11,65.06,119.14,0.99,-1.0,-1.0,-1.0
172,1,687.98,329.9,55.55,97.81,1.0,-1.0,-1.0,-1.0
172,2,740.16,344.52,39.77,93.2,0.97,-1.0,-1.0,-1.0
172,6,388.86,351.76,74.56,89.8,0.99,-1.0,-1.0,-1.0
172,7,714.35,351.81,78.26,115.27,0.98,-1.0,-1.0,-1.0
172,3,473.72,348.78,53.68,80.06,1.0,-1.0,-1.0,-1.0
172,5,766.75,396.13,63.86,118.0,1.0,-1.0,-1.0,-1.0
173,1,689.04,333.03,52.43,94.55,1.0,-1.0,-1.0,-1.0
173,2,741.31,344.69,43.09,96.57,0.98,-1.0,-1.0,-1.0
173,6,412.54,350.73,64.99,91.04,0.99,-1.0,-1.0,-1.0
173,7,710.71,352.56,69.31,119.04,0.97,-1.0,-1.0,-1.0
173,3,481.24,349.34,52.79,79.87,0.99,-1.0,-1.0,-1.0
173,5,764.47,399.76,61.0,115.61,1.0,-1.0,-1.0,-1.0
174,1,689.5,334.68,52.93,93.0,0.99,-1.0,-1.0,-1.0
174,2,740.8,344.59,46.0,93.38,0.99,-1.0,-1.0,-1.0
174,6,420.68,351.04,63.75,90.91,0.99,-1.0,-1.0,-1.0
174,7,704.81,353.24,78.74,119.71,0.98,-1.0,-1.0,-1.0
174,3,487.56,349.52,52.43,79.79,0.99,-1.0,-1.0,-1.0
174,5,763.05,402.18,60.5,113.5,1.0,-1.0,-1.0,-1.0
175,1,690.8,341.72,59.05,87.33,0.72,-1.0,-1.0,-1.0
175,2,736.45,342.27,52.99,95.78,0.99,-1.0,-1.0,-1.0
175,6,436.74,351.42,51.57,90.87,1.0,-1.0,-1.0,-1.0
175,7,697.41,353.45,74.12,120.23,0.98,-1.0,-1.0,-1.0
175,3,490.37,349.72,55.88,78.27,0.99,-1.0,-1.0,-1.0
175,5,760.95,401.75,60.93,113.93,0.99,-1.0,-1.0,-1.0
176,1,691.02,340.39,61.29,87.04,0.71,-1.0,-1.0,-1.0
176,2,736.21,339.36,53.96,99.91,0.99,-1.0,-1.0,-1.0
176,6,447.1,350.51,45.82,92.04,0.99,-1.0,-1.0,-1.0
176,7,693.29,355.12,70.2,107.58,0.99,-1.0,-1.0,-1.0
176,3,493.13,350.54,58.3,77.68,0.99,-1.0,-1.0,-1.0
176,5,762.46,400.16,59.3,115.43,1.0,-1.0,-1.0,-1.0
177,1,703.9,339.88,52.39,88.47,0.97,-1.0,-1.0,-1.0
177,2,735.16,336.65,57.2,100.6,0.99,-1.0,-1.0,-1.0
177,6,460.09,348.8,45.8,94.26,1.0,-1.0,-1.0,-1.0
177,7,684.64,357.39,73.47,112.53,0.99,-1.0,-1.0,-1.0
177,3,497.22,349.18,70.83,80.75,0.99,-1.0,-1.0,-1.0
177,5,762.4,393.68,62.91,122.09,1.0,-1.0,-1.0,-1.0
178,1,710.56,340.88,47.94,88.72,0.97,-1.0,-1.0,-1.0
178,2,747.01,335.93,46.45,98.49,0.98,-1.0,-1.0,-1.0
178,6,465.87,347.86,49.47,96.86,1.0,-1.0,-1.0,-1.0
178,7,672.82,360.69,79.3,116.13,1.0,-1.0,-1.0,-1.0
178,3,501.59,349.86,78.25,80.42,1.0,-1.0,-1.0,-1.0
178,5,759.8,389.33,67.72,124.14,0.99,-1.0,-1.0,-1.0
179,1,709.91,343.96,52.62,87.35,0.99,-1.0,-1.0,-1.0
179,2,753.86,336.17,41.68,93.79,0.98,-1.0,-1.0,-1.0
179,6,471.04,345.9,62.56,97.56,0.99,-1.0,-1.0,-1.0
179,7,665.19,365.17,82.1,114.86,1.0,-1.0,-1.0,-1.0
179,3,512.09,351.48,77.5,79.39,1.0,-1.0,-1.0,-1.0
179,5,765.2,384.1,62.1,126.1,0.98,-1.0,-1.0,-1.0
180,1,710.94,344.75,54.18,86.84,0.98,-1.0,-1.0,-1.0
180,2,755.77,336.1,41.98,92.31,0.97,-1.0,-1.0,-1.0
180,6,473.17,345.25,71.79,98.98,0.99,-1.0,-1.0,-1.0
180,7,662.01,368.15,83.15,113.29,1.0,-1.0,-1.0,-1.0
180,3,521.19,352.19,71.88,78.99,1.0,-1.0,-1.0,-1.0
180,5,768.68,381.29,57.88,123.44,0.99,-1.0,-1.0,-1.0
181,1,713.49,350.4,51.26,80.98,0.99,-1.0,-1.0,-1.0
181,2,757.26,336.24,44.51,94.81,0.98,-1.0,-1.0,-1.0
181,6,477.01,344.85,78.45,103.62,0.99,-1.0,-1.0,-1.0
181,7,661.49,371.12,82.93,110.75,1.0,-1.0,-1.0,-1.0
181,3,535.49,353.03,60.03,78.84,1.0,-1.0,-1.0,-1.0
181,5,773.73,377.67,49.6,119.25,1.0,-1.0,-1.0,-1.0
182,1,715.24,352.17,49.48,79.4,0.99,-1.0,-1.0,-1.0
182,2,758.68,336.59,46.03,93.06,0.91,-1.0,-1.0,-1.0
182,6,481.75,344.83,77.88,104.49,1.0,-1.0,-1.0,-1.0
182,7,661.51,373.66,82.77,108.27,1.0,-1.0,-1.0,-1.0
182,3,543.18,352.87,54.68,79.67,1.0,-1.0,-1.0,-1.0
182,5,775.79,374.95,46.58,118.68,0.99,-1.0,-1.0,-1.0
183,1,716.03,351.67,48.22,79.79,0.99,-1.0,-1.0,-1.0
183,2,758.52,339.29,52.5,83.4,0.93,-1.0,-1.0,-1.0
183,6,497.88,343.5,64.35,106.54,1.0,-1.0,-1.0,-1.0
183,7,659.88,374.95,85.0,107.21,1.0,-1.0,-1.0,-1.0
183,3,552.12,353.53,53.5,79.69,0.99,-1.0,-1.0,-1.0
183,5,778.06,370.08,44.38,122.05,0.99,-1.0,-1.0,-1.0
184,1,716.86,352.21,46.55,79.06,0.99,-1.0,-1.0,-1.0
184,2,759.92,335.67,51.54,73.16,0.95,-1.0,-1.0,-1.0
184,6,512.66,341.99,54.68,108.17,1.0,-1.0,-1.0,-1.0
184,7,658.53,374.92,86.4,106.98,1.0,-1.0,-1.0,-1.0
184,3,556.93,352.58,57.39,80.88,0.99,-1.0,-1.0,-1.0
184,5,780.8,366.1,42.43,124.62,0.99,-1.0,-1.0,-1.0
185,1,714.27,345.85,48.4,85.49,0.99,-1.0,-1.0,-1.0
185,2,761.51,333.44,47.55,78.99,0.86,-1.0,-1.0,-1.0
185,6,528.47,340.38,44.28,109.64,0.98,-1.0,-1.0,-1.0
185,7,656.65,375.12,87.47,106.92,1.0,-1.0,-1.0,-1.0
185,3,559.13,352.79,65.85,83.1,0.99,-1.0,-1.0,-1.0
185,5,782.06,361.53,42.46,125.75,0.99,-1.0,-1.0,-1.0
186,1,713.03,342.69,49.65,88.97,0.99,-1.0,-1.0,-1.0
186,2,762.34,332.88,44.11,82.27,0.91,-1.0,-1.0,-1.0
186,6,534.68,338.46,43.93,111.62,0.99,-1.0,-1.0,-1.0
186,7,656.07,374.1,87.25,107.95,1.0,-1.0,-1.0,-1.0
186,3,562.22,352.73,67.91,84.22,0.99,-1.0,-1.0,-1.0
186,5,781.57,358.81,44.38,126.0,0.99,-1.0,-1.0,-1.0
187,1,710.07,339.1,45.41,85.39,0.98,-1.0,-1.0,-1.0
187,2,761.28,330.17,42.85,82.09,0.92,-1.0,-1.0,-1.0
187,6,542.45,338.46,48.2,111.48,1.0,-1.0,-1.0,-1.0
187,7,655.61,370.68,87.12,111.34,0.99,-1.0,-1.0,-1.0
187,3,566.57,354.44,65.83,82.59,0.99,-1.0,-1.0,-1.0
187,5,781.04,355.78,48.7,124.9,0.99,-1.0,-1.0,-1.0
188,1,697.43,335.6,54.85,85.44,0.98,-1.0,-1.0,-1.0
188,2,760.3,327.53,41.19,81.75,0.95,-1.0,-1.0,-1.0
188,6,549.03,339.1,47.91,110.48,1.0,-1.0,-1.0,-1.0
188,7,655.61,367.61,91.14,114.07,1.0,-1.0,-1.0,-1.0
188,3,571.03,353.48,61.95,83.71,1.0,-1.0,-1.0,-1.0
188,5,780.9,353.08,50.89,120.14,0.99,-1.0,-1.0,-1.0
189,1,690.18,330.01,60.19,86.95,0.99,-1.0,-1.0,-1.0
189,2,758.92,324.46,36.92,80.75,0.99,-1.0,-1.0,-1.0
189,6,557.97,341.12,47.18,106.81,1.0,-1.0,-1.0,-1.0
189,7,659.38,363.76,88.58,117.76,0.99,-1.0,-1.0,-1.0
189,3,586.28,350.88,48.96,85.89,0.99,-1.0,-1.0,-1.0
189,5,780.8,349.74,52.35,119.82,0.99,-1.0,-1.0,-1.0
190,1,685.53,325.6,57.33,86.04,0.95,-1.0,-1.0,-1.0
190,2,757.1,322.78,35.37,79.8,0.98,-1.0,-1.0,-1.0
190,6,564.0,342.38,46.3,105.66,0.99,-1.0,-1.0,-1.0
190,7,663.44,360.83,85.7,120.32,0.99,-1.0,-1.0,-1.0
190,3,594.59,347.42,43.21,88.76,0.99,-1.0,-1.0,-1.0
190,5,780.8,346.66,52.33,121.04,0.99,-1.0,-1.0,-1.0
191,1,680.08,319.06,57.2,92.83,0.98,-1.0,-1.0,-1.0
191,2,753.3,322.67,37.38,80.38,0.94,-1.0,-1.0,-1.0
191,6,573.11,344.95,47.19,107.91,0.99,-1.0,-1.0,-1.0
191,7,672.78,358.98,77.99,114.72,0.99,-1.0,-1.0,-1.0
191,3,602.12,342.16,41.46,94.8,0.99,-1.0,-1.0,-1.0
191,5,783.7,342.17,54.08,118.39,0.99,-1.0,-1.0,-1.0
192,1,676.97,315.68,60.07,95.03,0.98,-1.0,-1.0,-1.0
192,2,744.54,320.14,45.87,83.6,0.93,-1.0,-1.0,-1.0
192,6,578.94,346.35,48.12,109.61,0.99,-1.0,-1.0,-1.0
192,7,690.35,357.98,61.45,112.45,0.98,-1.0,-1.0,-1.0
192,3,605.04,342.31,44.13,96.81,0.99,-1.0,-1.0,-1.0
192,5,785.42,339.53,54.73,116.47,1.0,-1.0,-1.0,-1.0
193,1,669.74,310.35,62.86,93.84,0.84,-1.0,-1.0,-1.0
193,2,737.46,321.15,51.7,80.99,0.96,-1.0,-1.0,-1.0
193,6,585.27,347.17,50.84,110.84,1.0,-1.0,-1.0,-1.0
193,7,704.48,355.08,51.36,115.05,0.99,-1.0,-1.0,-1.0
193,3,610.47,339.95,47.46,101.32,0.99,-1.0,-1.0,-1.0
193,5,787.21,338.36,51.46,114.27,0.99,-1.0,-1.0,-1.0
194,1,664.98,306.48,66.8,95.98,0.97,-1.0,-1.0,-1.0
194,2,735.64,317.89,52.47,83.28,0.99,-1.0,-1.0,-1.0
194,6,589.52,348.08,50.12,110.99,1.0,-1.0,-1.0,-1.0
194,7,710.35,353.02,49.78,117.04,0.97,-1.0,-1.0,-1.0
194,3,614.69,342.38,49.31,100.44,0.99,-1.0,-1.0,-1.0
194,5,787.3,338.05,49.55,112.26,1.0,-1.0,-1.0,-1.0
195,1,663.15,308.0,58.64,94.44,0.98,-1.0,-1.0,-1.0
195,2,729.82,316.71,41.84,79.69,0.85,-1.0,-1.0,-1.0
195,6,595.21,348.84,46.24,110.72,1.0,-1.0,-1.0,-1.0
195,7,715.89,349.75,53.25,119.11,0.98,-1.0,-1.0,-1.0
195,3,619.89,344.99,52.4,98.26,1.0,-1.0,-1.0,-1.0
195,5,787.59,336.97,48.25,112.16,0.99,-1.0,-1.0,-1.0