0,1,994.5,377.1,52.2,153.0,1.0,-1.0,-1.0,-1.0
0,2,248.85,370.57,38.7,115.42,1.0,-1.0,-1.0,-1.0
0,3,741.6,355.05,49.5,131.85,1.0,-1.0,-1.0,-1.0
0,4,316.57,364.72,48.6,107.77,1.0,-1.0,-1.0,-1.0
0,5,394.2,326.92,40.05,81.9,1.0,-1.0,-1.0,-1.0
0,7,375.07,317.7,42.3,88.65,0.99,-1.0,-1.0,-1.0
1,1,994.5,377.1,52.2,153.0,1.0,-1.0,-1.0,-1.0
1,2,248.85,370.57,38.7,115.43,1.0,-1.0,-1.0,-1.0
1,3,741.6,355.05,49.5,131.85,1.0,-1.0,-1.0,-1.0
1,4,316.57,364.72,48.6,107.78,1.0,-1.0,-1.0,-1.0
1,5,394.2,326.92,40.05,81.9,1.0,-1.0,-1.0,-1.0
1,7,375.07,317.7,42.3,88.65,0.99,-1.0,-1.0,-1.0
2,1,991.69,377.28,56.41,152.82,1.0,-1.0,-1.0,-1.0
2,2,248.7,370.57,39.05,115.42,1.0,-1.0,-1.0,-1.0
2,3,741.26,356.45,50.2,130.09,1.0,-1.0,-1.0,-1.0
2,4,316.25,364.72,48.95,107.77,1.0,-1.0,-1.0,-1.0
2,5,393.87,325.34,46.36,82.95,1.0,-1.0,-1.0,-1.0
2,7,375.45,318.4,45.46,87.95,0.99,-1.0,-1.0,-1.0
3,1,990.8,377.33,57.75,152.42,1.0,-1.0,-1.0,-1.0
3,2,248.46,370.58,39.5,115.42,1.0,-1.0,-1.0,-1.0
3,3,740.8,356.89,51.1,129.55,1.0,-1.0,-1.0,-1.0
3,4,315.95,364.55,49.06,107.6,1.0,-1.0,-1.0,-1.0
3,5,394.54,324.85,49.03,83.28,1.0,-1.0,-1.0,-1.0
3,7,376.04,318.97,46.13,87.38,0.99,-1.0,-1.0,-1.0
4,1,989.27,377.18,59.39,152.46,1.0,-1.0,-1.0,-1.0
4,2,248.73,370.75,39.97,115.25,1.0,-1.0,-1.0,-1.0
4,3,740.01,357.17,53.35,129.58,0.99,-1.0,-1.0,-1.0
4,4,315.88,365.01,49.09,107.38,0.99,-1.0,-1.0,-1.0
4,5,396.08,325.4,52.66,82.7,1.0,-1.0,-1.0,-1.0
4,7,376.58,320.81,46.27,85.88,0.99,-1.0,-1.0,-1.0
5,1,988.78,377.44,59.89,152.17,1.0,-1.0,-1.0,-1.0
5,2,248.97,370.8,40.44,114.88,1.0,-1.0,-1.0,-1.0
5,3,738.8,357.07,55.98,129.78,1.0,-1.0,-1.0,-1.0
5,4,315.68,365.15,49.41,107.31,0.99,-1.0,-1.0,-1.0
5,5,396.92,325.77,54.81,82.81,0.99,-1.0,-1.0,-1.0
5,7,376.73,322.04,45.94,85.09,0.99,-1.0,-1.0,-1.0
6,1,988.04,377.22,59.98,152.7,1.0,-1.0,-1.0,-1.0
6,2,250.32,369.85,39.34,115.7,1.0,-1.0,-1.0,-1.0
6,3,737.76,356.38,58.72,130.19,1.0,-1.0,-1.0,-1.0
6,4,315.48,365.5,49.83,106.97,0.99,-1.0,-1.0,-1.0
6,5,397.99,328.26,56.98,79.38,0.99,-1.0,-1.0,-1.0
6,7,377.72,325.43,46.72,82.62,0.98,-1.0,-1.0,-1.0
7,1,987.21,376.83,59.96,153.21,1.0,-1.0,-1.0,-1.0
7,2,250.95,369.05,39.23,116.46,1.0,-1.0,-1.0,-1.0
7,3,736.8,355.65,60.3,130.2,0.99,-1.0,-1.0,-1.0
7,4,315.25,365.62,50.28,106.86,0.99,-1.0,-1.0,-1.0
7,5,398.96,328.69,57.13,78.77,0.99,-1.0,-1.0,-1.0
7,7,378.05,326.25,53.08,81.48,0.96,-1.0,-1.0,-1.0
8,1,985.72,377.29,59.9,152.47,1.0,-1.0,-1.0,-1.0
8,2,251.02,369.08,40.11,116.12,1.0,-1.0,-1.0,-1.0
8,3,736.45,354.76,60.84,130.2,1.0,-1.0,-1.0,-1.0
8,4,314.27,367.35,51.96,105.13,1.0,-1.0,-1.0,-1.0
8,5,399.76,329.6,55.87,79.5,1.0,-1.0,-1.0,-1.0
8,7,378.18,328.04,53.08,79.87,0.94,-1.0,-1.0,-1.0
9,1,984.62,377.78,59.84,152.2,1.0,-1.0,-1.0,-1.0
9,2,250.71,369.89,40.73,114.62,1.0,-1.0,-1.0,-1.0
9,3,736.35,353.7,60.39,129.15,1.0,-1.0,-1.0,-1.0
9,4,313.45,368.47,53.47,104.05,0.99,-1.0,-1.0,-1.0
9,5,400.77,331.77,53.48,78.27,0.98,-1.0,-1.0,-1.0
9,7,379.22,330.05,57.99,78.42,0.9,-1.0,-1.0,-1.0
10,1,983.04,378.11,59.79,151.64,1.0,-1.0,-1.0,-1.0
10,2,251.34,373.13,40.37,112.07,1.0,-1.0,-1.0,-1.0
10,3,735.74,352.26,59.56,127.69,1.0,-1.0,-1.0,-1.0
10,4,311.97,371.18,55.52,101.38,0.99,-1.0,-1.0,-1.0
10,5,402.18,333.04,51.56,77.82,1.0,-1.0,-1.0,-1.0
10,7,734.87,316.11,38.34,59.86,0.97,-1.0,-1.0,-1.0
11,1,983.11,378.38,58.54,151.59,1.0,-1.0,-1.0,-1.0
11,2,251.57,374.9,40.21,110.84,1.0,-1.0,-1.0,-1.0
11,3,735.25,351.28,59.19,125.2,1.0,-1.0,-1.0,-1.0
11,4,306.29,372.58,61.55,99.96,0.99,-1.0,-1.0,-1.0
11,5,402.82,333.3,51.39,77.68,1.0,-1.0,-1.0,-1.0
11,7,734.83,316.13,39.24,61.52,0.97,-1.0,-1.0,-1.0
12,1,982.56,378.03,56.83,152.04,1.0,-1.0,-1.0,-1.0
12,2,251.02,376.58,40.74,109.05,1.0,-1.0,-1.0,-1.0
12,3,733.28,349.41,57.81,124.6,0.99,-1.0,-1.0,-1.0
12,4,301.13,374.72,66.67,98.11,0.99,-1.0,-1.0,-1.0
12,5,402.26,330.47,66.13,80.37,0.99,-1.0,-1.0,-1.0
12,7,734.8,316.13,38.39,62.43,0.97,-1.0,-1.0,-1.0
13,1,981.81,377.89,56.16,152.21,1.0,-1.0,-1.0,-1.0
13,2,250.22,376.82,41.23,108.72,1.0,-1.0,-1.0,-1.0
13,3,731.97,348.43,57.25,124.72,0.99,-1.0,-1.0,-1.0
13,4,300.5,375.42,66.99,97.48,0.99,-1.0,-1.0,-1.0
13,5,401.84,329.38,67.03,81.38,1.0,-1.0,-1.0,-1.0
13,7,734.81,316.11,38.04,62.17,0.97,-1.0,-1.0,-1.0
14,1,982.15,377.98,53.49,152.43,0.99,-1.0,-1.0,-1.0
14,2,249.91,374.57,41.1,109.98,1.0,-1.0,-1.0,-1.0
14,3,730.3,348.07,55.81,124.49,1.0,-1.0,-1.0,-1.0
14,4,295.99,374.37,70.49,98.5,0.99,-1.0,-1.0,-1.0
14,5,404.3,327.42,66.49,82.65,0.98,-1.0,-1.0,-1.0
14,7,734.81,315.94,37.9,70.91,0.99,-1.0,-1.0,-1.0
15,1,982.36,377.86,51.27,152.36,1.0,-1.0,-1.0,-1.0
15,2,249.8,372.72,40.46,111.52,1.0,-1.0,-1.0,-1.0
15,3,729.43,347.83,53.45,124.27,1.0,-1.0,-1.0,-1.0
15,4,294.0,372.5,71.24,100.7,0.99,-1.0,-1.0,-1.0
15,5,412.81,324.94,56.9,83.72,0.99,-1.0,-1.0,-1.0
15,7,734.53,315.89,37.85,75.8,0.99,-1.0,-1.0,-1.0
16,1,983.06,377.51,49.25,152.34,1.0,-1.0,-1.0,-1.0
16,2,249.89,372.28,41.1,107.05,1.0,-1.0,-1.0,-1.0
16,3,728.22,346.56,52.55,125.41,1.0,-1.0,-1.0,-1.0
16,4,296.58,368.77,66.56,103.63,0.99,-1.0,-1.0,-1.0
16,5,427.0,323.39,58.95,83.83,0.93,-1.0,-1.0,-1.0
16,7,734.4,315.71,37.83,77.47,0.98,-1.0,-1.0,-1.0
17,1,982.75,377.53,48.56,152.47,1.0,-1.0,-1.0,-1.0
17,2,249.97,371.53,42.23,105.04,0.99,-1.0,-1.0,-1.0
17,3,726.94,346.26,52.84,125.4,1.0,-1.0,-1.0,-1.0
17,4,298.81,365.9,63.09,105.33,0.99,-1.0,-1.0,-1.0
17,5,435.8,321.2,58.63,85.63,0.88,-1.0,-1.0,-1.0
17,7,734.1,315.79,38.41,78.65,0.98,-1.0,-1.0,-1.0
18,1,982.03,377.38,48.33,152.68,1.0,-1.0,-1.0,-1.0
18,2,250.71,370.45,49.7,104.18,1.0,-1.0,-1.0,-1.0
18,3,726.18,346.75,52.35,124.52,1.0,-1.0,-1.0,-1.0
18,4,298.92,361.51,62.34,106.58,1.0,-1.0,-1.0,-1.0
18,5,443.06,320.65,55.92,86.89,0.98,-1.0,-1.0,-1.0
18,7,475.2,319.72,40.5,74.7,0.76,-1.0,-1.0,-1.0
19,1,981.81,377.18,48.28,152.89,0.99,-1.0,-1.0,-1.0
19,2,250.89,368.47,49.13,105.25,0.99,-1.0,-1.0,-1.0
19,3,725.67,346.84,52.78,124.34,1.0,-1.0,-1.0,-1.0
19,4,299.92,358.73,61.46,105.86,1.0,-1.0,-1.0,-1.0
19,5,455.21,321.4,42.61,83.23,0.96,-1.0,-1.0,-1.0
19,7,475.94,318.98,39.77,76.14,0.91,-1.0,-1.0,-1.0
20,1,980.51,376.67,48.28,152.83,1.0,-1.0,-1.0,-1.0
20,2,250.34,365.29,48.22,107.47,1.0,-1.0,-1.0,-1.0
20,3,725.18,346.72,54.13,124.44,1.0,-1.0,-1.0,-1.0
20,4,300.6,355.86,60.8,104.68,0.99,-1.0,-1.0,-1.0
20,5,467.29,321.68,36.09,82.69,0.88,-1.0,-1.0,-1.0
20,7,481.31,320.52,41.72,73.66,0.71,-1.0,-1.0,-1.0
21,1,980.07,376.47,48.32,152.81,0.99,-1.0,-1.0,-1.0
21,2,249.25,362.58,49.3,110.54,0.99,-1.0,-1.0,-1.0
21,3,725.93,347.03,54.66,124.19,1.0,-1.0,-1.0,-1.0
21,4,298.8,354.01,62.65,103.63,0.99,-1.0,-1.0,-1.0
21,5,470.02,321.72,39.56,83.97,0.95,-1.0,-1.0,-1.0
21,7,485.49,321.82,43.06,72.11,0.3,-1.0,-1.0,-1.0
22,1,978.71,375.96,48.34,152.94,0.99,-1.0,-1.0,-1.0
22,2,249.57,358.87,56.67,105.67,0.99,-1.0,-1.0,-1.0
22,3,727.43,347.28,54.25,123.96,1.0,-1.0,-1.0,-1.0
22,4,298.88,353.46,63.91,99.95,1.0,-1.0,-1.0,-1.0
22,7,734.51,316.24,37.23,71.43,0.97,-1.0,-1.0,-1.0
22,7,474.2,319.4,71.13,81.3,0.99,-1.0,-1.0,-1.0
23,1,977.65,376.07,48.39,152.69,0.99,-1.0,-1.0,-1.0
23,2,250.68,356.2,58.61,104.67,1.0,-1.0,-1.0,-1.0
23,3,728.35,346.98,54.11,124.32,1.0,-1.0,-1.0,-1.0
23,4,299.54,353.84,63.8,97.65,0.99,-1.0,-1.0,-1.0
23,7,734.76,316.33,36.99,70.41,0.98,-1.0,-1.0,-1.0
23,7,473.06,317.76,77.6,82.65,1.0,-1.0,-1.0,-1.0
24,1,976.67,375.96,48.42,153.04,1.0,-1.0,-1.0,-1.0
24,2,251.56,352.58,57.65,105.22,1.0,-1.0,-1.0,-1.0
24,3,729.89,346.72,53.46,124.03,1.0,-1.0,-1.0,-1.0
24,4,299.36,355.55,64.03,95.02,0.99,-1.0,-1.0,-1.0
24,7,735.14,316.51,36.91,69.14,0.99,-1.0,-1.0,-1.0
24,7,488.87,316.36,65.15,85.18,0.99,-1.0,-1.0,-1.0
25,1,976.33,375.92,48.45,152.88,0.99,-1.0,-1.0,-1.0
25,2,252.63,350.84,56.32,103.65,1.0,-1.0,-1.0,-1.0
25,3,731.38,346.78,52.02,123.47,0.99,-1.0,-1.0,-1.0
25,4,298.71,356.83,66.47,93.47,0.99,-1.0,-1.0,-1.0
25,7,735.28,316.42,36.88,72.26,0.99,-1.0,-1.0,-1.0
25,7,500.17,316.01,53.74,85.44,0.99,-1.0,-1.0,-1.0
26,1,976.23,374.86,47.27,153.55,0.99,-1.0,-1.0,-1.0
26,2,254.09,350.4,54.87,102.47,1.0,-1.0,-1.0,-1.0
26,3,732.54,345.77,50.87,123.42,1.0,-1.0,-1.0,-1.0
26,4,300.1,356.4,62.99,93.54,0.99,-1.0,-1.0,-1.0
26,7,515.39,316.36,40.13,79.1,0.98,-1.0,-1.0,-1.0
26,5,501.3,325.51,26.97,66.92,0.97,-1.0,-1.0,-1.0
27,1,976.22,374.18,46.84,153.81,0.99,-1.0,-1.0,-1.0
27,2,255.21,350.92,54.28,101.16,1.0,-1.0,-1.0,-1.0
27,3,732.66,345.4,50.46,123.41,1.0,-1.0,-1.0,-1.0
27,4,302.47,355.22,60.37,94.5,0.99,-1.0,-1.0,-1.0
27,7,522.99,318.56,34.79,72.82,0.96,-1.0,-1.0,-1.0
27,5,501.69,324.77,29.62,65.28,0.98,-1.0,-1.0,-1.0
28,1,975.62,373.77,46.69,153.75,0.99,-1.0,-1.0,-1.0
28,2,257.58,352.35,49.89,99.18,1.0,-1.0,-1.0,-1.0
28,3,732.1,344.97,49.71,122.81,1.0,-1.0,-1.0,-1.0
28,4,302.33,352.69,63.02,95.78,0.99,-1.0,-1.0,-1.0
28,7,533.1,321.87,36.48,70.22,0.97,-1.0,-1.0,-1.0
28,5,498.09,323.17,47.82,66.96,0.99,-1.0,-1.0,-1.0
29,1,975.43,372.45,46.65,154.03,0.99,-1.0,-1.0,-1.0
29,2,258.42,352.48,47.84,99.09,1.0,-1.0,-1.0,-1.0
29,3,730.97,344.97,50.05,120.37,1.0,-1.0,-1.0,-1.0
29,4,306.2,351.01,60.74,95.69,0.99,-1.0,-1.0,-1.0
29,7,537.77,322.39,39.48,72.46,0.99,-1.0,-1.0,-1.0
29,5,496.84,320.65,54.37,70.6,0.98,-1.0,-1.0,-1.0
30,1,974.17,371.82,46.64,153.08,0.99,-1.0,-1.0,-1.0
30,2,262.23,351.62,44.65,98.48,0.99,-1.0,-1.0,-1.0
30,3,729.35,345.28,51.38,118.25,1.0,-1.0,-1.0,-1.0
30,4,313.17,348.13,57.71,94.48,1.0,-1.0,-1.0,-1.0
30,7,545.59,324.05,39.36,72.35,0.98,-1.0,-1.0,-1.0
30,5,489.45,318.21,47.73,71.38,0.98,-1.0,-1.0,-1.0
31,1,973.72,371.6,46.66,152.43,1.0,-1.0,-1.0,-1.0
31,2,266.5,351.54,42.57,94.69,1.0,-1.0,-1.0,-1.0
31,3,727.86,345.43,52.48,117.49,1.0,-1.0,-1.0,-1.0
31,4,319.67,346.99,54.16,92.24,1.0,-1.0,-1.0,-1.0
31,7,551.92,326.81,39.85,69.91,0.97,-1.0,-1.0,-1.0
31,5,485.3,320.77,43.12,68.12,0.93,-1.0,-1.0,-1.0
32,1,968.78,371.54,50.25,151.28,1.0,-1.0,-1.0,-1.0
32,2,274.32,351.4,40.0,87.21,1.0,-1.0,-1.0,-1.0
32,3,726.7,344.59,51.72,117.83,1.0,-1.0,-1.0,-1.0
32,4,326.93,346.61,52.26,87.2,0.99,-1.0,-1.0,-1.0
32,7,557.95,329.03,53.16,68.7,0.99,-1.0,-1.0,-1.0
32,5,477.33,317.68,49.1,71.76,0.99,-1.0,-1.0,-1.0
33,1,965.26,371.83,52.74,150.56,1.0,-1.0,-1.0,-1.0
33,2,279.08,350.93,38.8,85.45,1.0,-1.0,-1.0,-1.0
33,3,725.99,344.44,50.83,117.84,1.0,-1.0,-1.0,-1.0
33,4,330.97,346.38,51.93,85.36,1.0,-1.0,-1.0,-1.0
33,7,561.48,329.8,57.92,67.68,0.99,-1.0,-1.0,-1.0
33,5,472.41,315.71,46.2,64.51,0.9,-1.0,-1.0,-1.0
34,1,960.44,372.25,56.02,149.1,1.0,-1.0,-1.0,-1.0
34,2,281.75,350.34,42.46,83.97,0.99,-1.0,-1.0,-1.0
34,3,725.74,344.54,49.9,117.7,1.0,-1.0,-1.0,-1.0
34,4,335.54,347.26,53.06,83.52,1.0,-1.0,-1.0,-1.0
34,7,560.2,331.11,63.78,66.11,0.99,-1.0,-1.0,-1.0
34,5,468.16,315.45,53.61,70.95,0.99,-1.0,-1.0,-1.0
35,1,958.6,372.42,57.28,148.27,1.0,-1.0,-1.0,-1.0
35,2,282.48,349.21,48.14,84.75,0.99,-1.0,-1.0,-1.0
35,3,725.36,344.73,49.56,117.53,1.0,-1.0,-1.0,-1.0
35,4,339.77,347.29,55.0,82.61,0.99,-1.0,-1.0,-1.0
35,7,559.48,332.89,66.14,64.05,0.99,-1.0,-1.0,-1.0
35,5,461.9,314.9,59.64,73.37,0.98,-1.0,-1.0,-1.0
36,1,957.93,372.18,56.6,148.57,1.0,-1.0,-1.0,-1.0
36,2,283.3,345.96,57.13,87.5,1.0,-1.0,-1.0,-1.0
36,3,726.13,344.81,48.24,117.18,1.0,-1.0,-1.0,-1.0
36,4,345.71,345.96,56.92,83.54,1.0,-1.0,-1.0,-1.0
36,7,558.66,336.1,65.89,59.96,0.99,-1.0,-1.0,-1.0
36,5,455.01,313.99,63.07,74.04,0.98,-1.0,-1.0,-1.0
37,1,958.33,371.95,55.12,148.55,1.0,-1.0,-1.0,-1.0
37,2,284.18,343.73,62.61,89.44,1.0,-1.0,-1.0,-1.0
37,3,726.75,344.84,47.76,117.07,1.0,-1.0,-1.0,-1.0
37,4,348.91,344.43,60.6,85.12,1.0,-1.0,-1.0,-1.0
37,7,555.28,334.71,66.79,60.71,0.99,-1.0,-1.0,-1.0
37,5,451.32,314.39,57.42,71.93,0.99,-1.0,-1.0,-1.0
38,1,956.76,372.03,55.73,148.42,0.99,-1.0,-1.0,-1.0
38,2,291.17,341.31,60.73,86.65,1.0,-1.0,-1.0,-1.0
38,3,727.25,344.71,47.6,117.5,1.0,-1.0,-1.0,-1.0
38,4,351.7,342.57,62.0,85.74,1.0,-1.0,-1.0,-1.0
38,7,548.34,333.91,61.94,61.3,0.99,-1.0,-1.0,-1.0
38,5,447.86,316.54,43.43,68.71,0.94,-1.0,-1.0,-1.0
39,1,956.24,371.9,55.93,148.52,1.0,-1.0,-1.0,-1.0
39,2,298.74,338.91,56.33,86.82,0.99,-1.0,-1.0,-1.0
39,3,727.8,344.66,47.55,117.66,1.0,-1.0,-1.0,-1.0
39,4,356.98,340.98,58.45,86.0,1.0,-1.0,-1.0,-1.0
39,7,542.39,331.15,60.96,63.66,1.0,-1.0,-1.0,-1.0
39,5,441.21,315.39,43.1,68.71,0.96,-1.0,-1.0,-1.0
40,1,956.09,372.31,54.81,147.83,1.0,-1.0,-1.0,-1.0
40,2,312.28,335.22,46.77,86.61,1.0,-1.0,-1.0,-1.0
40,3,728.9,344.78,47.54,117.29,1.0,-1.0,-1.0,-1.0
40,4,363.95,339.06,52.2,84.63,1.0,-1.0,-1.0,-1.0
40,7,531.28,325.36,67.6,69.0,0.99,-1.0,-1.0,-1.0
40,5,433.69,316.16,46.96,67.52,0.99,-1.0,-1.0,-1.0
41,1,955.49,372.47,54.36,147.58,0.99,-1.0,-1.0,-1.0
41,2,322.12,333.46,40.8,86.25,1.0,-1.0,-1.0,-1.0
41,3,729.6,344.69,48.15,117.31,1.0,-1.0,-1.0,-1.0
41,4,367.71,338.09,48.61,84.43,1.0,-1.0,-1.0,-1.0
41,7,528.85,322.9,68.94,71.3,0.99,-1.0,-1.0,-1.0
41,5,428.38,316.18,49.8,67.39,0.99,-1.0,-1.0,-1.0
42,1,954.71,372.84,51.81,146.9,1.0,-1.0,-1.0,-1.0
42,2,333.06,331.09,35.93,84.95,0.99,-1.0,-1.0,-1.0
42,3,729.85,344.67,49.58,117.33,1.0,-1.0,-1.0,-1.0
42,4,371.34,337.49,47.7,79.89,1.0,-1.0,-1.0,-1.0
42,7,527.21,318.75,63.06,71.33,0.99,-1.0,-1.0,-1.0
42,5,419.28,316.81,43.95,62.56,0.99,-1.0,-1.0,-1.0
43,1,953.88,372.83,50.83,146.51,1.0,-1.0,-1.0,-1.0
43,2,339.39,330.3,34.33,83.59,1.0,-1.0,-1.0,-1.0
43,3,729.94,344.68,50.12,117.34,1.0,-1.0,-1.0,-1.0
43,4,373.26,337.04,48.03,78.5,1.0,-1.0,-1.0,-1.0
43,7,526.51,317.47,50.28,70.15,0.99,-1.0,-1.0,-1.0
43,5,412.27,316.47,42.01,62.28,0.98,-1.0,-1.0,-1.0
44,1,953.01,372.98,50.48,146.52,1.0,-1.0,-1.0,-1.0
44,2,345.91,330.39,35.77,81.6,0.99,-1.0,-1.0,-1.0
44,3,729.98,344.69,50.92,117.35,1.0,-1.0,-1.0,-1.0
44,4,378.24,336.77,51.2,77.12,0.99,-1.0,-1.0,-1.0
44,7,525.59,316.43,41.96,70.56,0.99,-1.0,-1.0,-1.0
44,5,409.04,321.06,30.29,54.32,0.75,-1.0,-1.0,-1.0
45,1,952.73,373.19,49.16,146.09,1.0,-1.0,-1.0,-1.0
45,2,347.53,332.0,41.47,76.96,0.99,-1.0,-1.0,-1.0
45,3,730.28,344.99,51.22,117.07,1.0,-1.0,-1.0,-1.0
45,4,381.0,337.16,52.96,75.75,0.99,-1.0,-1.0,-1.0
45,7,522.96,315.47,41.25,71.6,0.99,-1.0,-1.0,-1.0
45,5,401.18,319.94,28.81,63.5,0.92,-1.0,-1.0,-1.0
46,1,952.08,372.81,48.67,146.39,1.0,-1.0,-1.0,-1.0
46,2,356.62,333.44,48.96,76.53,0.98,-1.0,-1.0,-1.0
46,3,730.99,345.25,50.74,116.82,1.0,-1.0,-1.0,-1.0
46,4,386.34,336.87,54.53,74.69,0.99,-1.0,-1.0,-1.0
46,7,516.18,314.7,44.83,71.68,1.0,-1.0,-1.0,-1.0
46,5,393.04,318.17,29.37,67.15,0.93,-1.0,-1.0,-1.0
47,1,951.87,372.66,48.5,146.51,1.0,-1.0,-1.0,-1.0
47,2,363.23,333.8,50.55,76.1,0.99,-1.0,-1.0,-1.0
47,3,731.25,345.33,50.55,116.73,1.0,-1.0,-1.0,-1.0
47,4,391.06,334.81,53.66,76.16,1.0,-1.0,-1.0,-1.0
47,7,511.18,314.27,48.45,72.0,0.99,-1.0,-1.0,-1.0
47,5,388.62,316.55,28.96,69.8,0.9,-1.0,-1.0,-1.0
48,1,951.23,372.6,48.46,146.26,0.99,-1.0,-1.0,-1.0
48,2,367.71,334.13,53.44,76.6,0.99,-1.0,-1.0,-1.0
48,3,731.64,345.37,50.47,116.4,1.0,-1.0,-1.0,-1.0
48,4,393.15,331.84,56.0,74.63,1.0,-1.0,-1.0,-1.0
48,7,500.83,314.16,56.28,72.7,0.99,-1.0,-1.0,-1.0
48,5,378.41,315.93,40.14,75.19,0.97,-1.0,-1.0,-1.0
49,1,950.42,372.59,48.45,146.18,0.99,-1.0,-1.0,-1.0
49,2,370.17,334.4,53.42,75.92,0.99,-1.0,-1.0,-1.0
49,3,732.37,345.08,49.25,116.59,1.0,-1.0,-1.0,-1.0
49,4,394.72,330.45,58.02,75.6,0.99,-1.0,-1.0,-1.0
49,5,369.16,315.24,43.2,76.68,0.89,-1.0,-1.0,-1.0
49,7,375.07,316.57,31.05,68.4,0.81,-1.0,-1.0,-1.0
50,1,949.54,372.43,48.46,145.71,0.99,-1.0,-1.0,-1.0
50,2,376.1,331.67,51.04,77.22,0.99,-1.0,-1.0,-1.0
50,3,731.43,344.82,49.99,116.51,1.0,-1.0,-1.0,-1.0
50,4,398.83,327.13,55.6,79.57,1.0,-1.0,-1.0,-1.0
50,7,485.69,313.88,51.66,76.4,0.97,-1.0,-1.0,-1.0
50,5,361.34,318.16,46.2,76.37,0.97,-1.0,-1.0,-1.0
51,1,948.64,372.38,48.47,145.55,0.99,-1.0,-1.0,-1.0
51,2,381.55,330.21,50.62,78.62,0.99,-1.0,-1.0,-1.0
51,3,731.07,344.57,50.26,116.64,1.0,-1.0,-1.0,-1.0
51,4,405.62,325.91,49.22,79.29,1.0,-1.0,-1.0,-1.0
51,7,483.1,315.67,43.06,74.64,0.96,-1.0,-1.0,-1.0
51,5,355.95,322.37,49.08,72.4,0.98,-1.0,-1.0,-1.0
52,1,947.13,371.62,48.47,145.64,0.99,-1.0,-1.0,-1.0
52,2,390.07,328.49,42.78,78.87,0.99,-1.0,-1.0,-1.0
52,3,729.44,343.43,51.54,117.44,1.0,-1.0,-1.0,-1.0
52,4,412.0,324.6,43.97,77.11,0.98,-1.0,-1.0,-1.0
52,7,481.83,316.54,37.3,74.22,0.99,-1.0,-1.0,-1.0
52,5,351.86,317.86,41.47,77.99,1.0,-1.0,-1.0,-1.0
53,1,946.0,371.19,48.5,146.13,0.99,-1.0,-1.0,-1.0
53,2,393.85,327.61,40.53,78.09,0.98,-1.0,-1.0,-1.0
53,3,729.1,342.88,51.44,117.89,1.0,-1.0,-1.0,-1.0
53,4,412.09,324.06,46.29,75.99,0.99,-1.0,-1.0,-1.0
53,7,478.98,316.91,36.72,74.05,0.99,-1.0,-1.0,-1.0
53,5,349.86,316.43,38.02,80.28,0.99,-1.0,-1.0,-1.0
54,1,941.42,369.85,52.09,147.8,0.99,-1.0,-1.0,-1.0
54,2,399.96,327.46,38.85,79.3,0.99,-1.0,-1.0,-1.0
54,3,727.2,343.27,52.58,117.76,1.0,-1.0,-1.0,-1.0
54,4,418.46,324.95,45.23,75.59,1.0,-1.0,-1.0,-1.0
54,7,474.06,317.65,37.8,74.27,0.99,-1.0,-1.0,-1.0
54,5,348.75,314.85,35.25,81.15,0.99,-1.0,-1.0,-1.0
55,1,936.86,369.36,55.73,149.03,1.0,-1.0,-1.0,-1.0
55,2,403.11,327.45,37.96,79.46,0.98,-1.0,-1.0,-1.0
55,3,724.13,343.14,54.77,118.01,1.0,-1.0,-1.0,-1.0
55,4,420.96,325.94,47.61,74.26,0.99,-1.0,-1.0,-1.0
55,7,472.41,318.1,36.38,74.94,1.0,-1.0,-1.0,-1.0
55,5,345.04,313.38,37.33,82.61,0.99,-1.0,-1.0,-1.0
56,1,930.49,369.34,61.73,149.66,1.0,-1.0,-1.0,-1.0
56,2,407.49,327.91,38.59,79.54,0.95,-1.0,-1.0,-1.0
56,3,722.05,343.54,55.02,117.97,1.0,-1.0,-1.0,-1.0
56,4,422.02,325.59,49.66,76.79,0.99,-1.0,-1.0,-1.0
56,7,471.67,318.56,35.27,75.78,0.99,-1.0,-1.0,-1.0
56,5,341.63,311.35,38.63,84.89,0.99,-1.0,-1.0,-1.0
57,1,926.38,371.55,65.2,147.95,0.99,-1.0,-1.0,-1.0
57,2,410.65,327.53,36.42,79.57,0.97,-1.0,-1.0,-1.0
57,3,721.03,343.7,55.09,117.94,1.0,-1.0,-1.0,-1.0
57,4,422.38,326.09,53.09,75.95,0.98,-1.0,-1.0,-1.0
57,7,471.93,319.05,34.28,75.49,0.99,-1.0,-1.0,-1.0
57,5,340.16,310.47,38.25,86.6,0.99,-1.0,-1.0,-1.0
58,1,917.97,376.43,73.37,143.56,0.99,-1.0,-1.0,-1.0
58,2,414.92,327.11,35.0,79.88,0.99,-1.0,-1.0,-1.0
58,3,719.78,343.31,55.69,118.37,1.0,-1.0,-1.0,-1.0
58,4,429.52,326.76,49.64,75.63,0.96,-1.0,-1.0,-1.0
58,7,472.47,320.56,33.35,73.59,0.99,-1.0,-1.0,-1.0
58,5,337.91,311.44,39.26,88.67,0.99,-1.0,-1.0,-1.0
59,1,913.03,379.16,78.78,140.4,1.0,-1.0,-1.0,-1.0
59,2,418.23,326.66,34.84,79.7,0.97,-1.0,-1.0,-1.0
59,3,718.15,342.12,56.5,119.27,1.0,-1.0,-1.0,-1.0
59,4,427.19,326.43,57.7,79.11,0.73,-1.0,-1.0,-1.0
59,7,471.52,320.83,34.29,73.15,0.99,-1.0,-1.0,-1.0
59,5,337.03,312.84,37.57,89.14,1.0,-1.0,-1.0,-1.0
60,1,909.41,380.44,82.08,139.85,1.0,-1.0,-1.0,-1.0
60,2,425.36,326.22,32.36,78.45,0.17,-1.0,-1.0,-1.0
60,3,717.27,341.52,54.44,116.65,1.0,-1.0,-1.0,-1.0
60,4,429.16,324.84,56.15,81.27,1.0,-1.0,-1.0,-1.0
60,7,471.84,319.57,34.64,74.18,0.99,-1.0,-1.0,-1.0
60,5,335.3,316.04,35.08,88.69,0.99,-1.0,-1.0,-1.0
61,1,907.46,381.34,82.23,139.53,1.0,-1.0,-1.0,-1.0
61,3,716.38,342.06,52.43,115.34,1.0,-1.0,-1.0,-1.0
61,4,429.91,324.11,55.27,82.4,1.0,-1.0,-1.0,-1.0
61,7,732.7,316.47,39.24,69.81,0.98,-1.0,-1.0,-1.0
61,7,472.64,318.51,34.19,75.45,1.0,-1.0,-1.0,-1.0
61,5,334.4,318.9,34.14,89.35,0.99,-1.0,-1.0,-1.0
62,1,903.65,381.05,82.49,140.33,0.99,-1.0,-1.0,-1.0
62,3,714.88,340.92,49.85,115.16,1.0,-1.0,-1.0,-1.0
62,4,431.28,320.62,54.61,85.75,0.99,-1.0,-1.0,-1.0
62,7,471.5,316.34,35.86,77.99,0.99,-1.0,-1.0,-1.0
62,5,332.37,322.19,35.03,88.09,1.0,-1.0,-1.0,-1.0
62,2,429.42,321.79,28.95,82.86,0.78,-1.0,-1.0,-1.0
63,1,899.65,381.36,82.23,140.21,1.0,-1.0,-1.0,-1.0
63,3,714.37,340.66,48.29,115.1,1.0,-1.0,-1.0,-1.0
63,4,431.7,319.89,54.34,86.72,1.0,-1.0,-1.0,-1.0
63,7,470.82,315.37,37.06,78.37,0.99,-1.0,-1.0,-1.0
63,5,331.72,323.59,35.65,87.56,0.99,-1.0,-1.0,-1.0
63,2,429.12,320.55,32.27,84.47,0.67,-1.0,-1.0,-1.0
64,1,891.56,381.16,77.13,140.48,1.0,-1.0,-1.0,-1.0
64,3,713.03,341.47,48.35,115.38,1.0,-1.0,-1.0,-1.0
64,4,435.66,320.1,49.49,86.19,0.99,-1.0,-1.0,-1.0
64,7,472.4,315.17,36.94,78.78,0.99,-1.0,-1.0,-1.0
64,5,330.89,324.27,38.56,87.03,1.0,-1.0,-1.0,-1.0
64,2,430.08,320.72,35.35,84.76,0.96,-1.0,-1.0,-1.0
65,1,878.68,380.45,74.13,141.49,1.0,-1.0,-1.0,-1.0
65,3,711.96,341.93,47.79,115.2,1.0,-1.0,-1.0,-1.0
65,4,440.24,322.56,44.05,86.25,0.92,-1.0,-1.0,-1.0
65,7,473.05,315.69,37.49,78.63,0.99,-1.0,-1.0,-1.0
65,5,330.6,324.35,40.51,87.11,1.0,-1.0,-1.0,-1.0
65,2,430.34,320.52,37.4,85.73,0.97,-1.0,-1.0,-1.0
66,1,863.88,379.88,75.97,142.18,1.0,-1.0,-1.0,-1.0
66,3,711.32,343.31,47.6,113.95,1.0,-1.0,-1.0,-1.0
66,4,437.97,320.74,58.83,90.08,0.99,-1.0,-1.0,-1.0
66,7,472.46,316.66,42.42,78.55,0.99,-1.0,-1.0,-1.0
66,5,330.46,323.49,43.29,88.0,1.0,-1.0,-1.0,-1.0
66,2,432.51,319.18,42.95,88.43,0.95,-1.0,-1.0,-1.0
67,1,855.58,378.74,78.97,143.34,1.0,-1.0,-1.0,-1.0
67,3,710.79,343.06,48.14,114.38,1.0,-1.0,-1.0,-1.0
67,4,444.12,324.67,57.51,85.71,0.98,-1.0,-1.0,-1.0
67,7,472.77,317.3,45.93,78.51,0.99,-1.0,-1.0,-1.0
67,5,330.43,322.66,44.65,88.91,1.0,-1.0,-1.0,-1.0
67,2,434.83,322.29,42.46,85.95,0.96,-1.0,-1.0,-1.0
68,1,846.75,378.44,84.17,143.93,1.0,-1.0,-1.0,-1.0
68,3,709.43,341.47,48.95,115.75,1.0,-1.0,-1.0,-1.0
68,4,446.73,326.72,55.59,85.7,0.99,-1.0,-1.0,-1.0
68,7,475.45,317.69,45.65,78.78,0.99,-1.0,-1.0,-1.0
68,5,330.34,321.28,45.45,90.42,1.0,-1.0,-1.0,-1.0
68,2,438.67,321.47,39.42,87.31,0.97,-1.0,-1.0,-1.0
69,1,839.72,378.78,87.0,143.12,1.0,-1.0,-1.0,-1.0
69,3,708.03,340.58,48.67,115.97,1.0,-1.0,-1.0,-1.0
69,4,446.27,327.91,55.23,88.66,0.99,-1.0,-1.0,-1.0
69,7,475.12,317.39,46.64,78.87,1.0,-1.0,-1.0,-1.0
69,5,330.65,321.03,39.37,90.39,0.98,-1.0,-1.0,-1.0
69,2,440.47,321.76,37.69,86.92,0.9,-1.0,-1.0,-1.0
70,1,835.45,379.49,82.61,143.41,1.0,-1.0,-1.0,-1.0
70,3,704.87,338.76,52.16,115.76,1.0,-1.0,-1.0,-1.0
70,4,441.59,329.39,58.63,88.58,1.0,-1.0,-1.0,-1.0
70,7,478.47,316.39,43.54,79.49,0.99,-1.0,-1.0,-1.0
70,5,330.18,321.53,43.29,90.35,0.99,-1.0,-1.0,-1.0
71,1,833.82,380.21,75.96,142.18,1.0,-1.0,-1.0,-1.0
71,3,703.14,337.05,48.21,110.92,1.0,-1.0,-1.0,-1.0
71,4,440.41,329.52,59.02,89.12,1.0,-1.0,-1.0,-1.0
71,7,479.25,316.03,43.45,79.41,0.99,-1.0,-1.0,-1.0
71,5,330.27,322.91,46.61,88.83,1.0,-1.0,-1.0,-1.0
72,1,833.56,378.08,57.54,145.58,1.0,-1.0,-1.0,-1.0
72,3,701.02,335.51,44.16,112.41,1.0,-1.0,-1.0,-1.0
72,4,437.53,327.35,48.91,91.95,0.99,-1.0,-1.0,-1.0
72,7,481.31,315.0,42.23,80.26,0.99,-1.0,-1.0,-1.0
72,5,331.91,327.16,43.63,84.65,1.0,-1.0,-1.0,-1.0
72,2,445.75,322.01,32.34,80.87,0.92,-1.0,-1.0,-1.0
73,1,832.83,376.54,47.76,146.11,0.99,-1.0,-1.0,-1.0
73,3,699.4,335.85,43.31,112.06,1.0,-1.0,-1.0,-1.0
73,4,435.6,326.51,42.45,93.3,0.99,-1.0,-1.0,-1.0
73,7,482.7,314.47,41.74,80.86,0.99,-1.0,-1.0,-1.0
73,5,334.07,329.2,37.24,83.05,1.0,-1.0,-1.0,-1.0
73,2,446.73,322.28,29.77,80.46,0.9,-1.0,-1.0,-1.0
74,1,826.77,374.19,44.95,145.72,1.0,-1.0,-1.0,-1.0
74,3,697.66,335.88,42.42,111.95,0.99,-1.0,-1.0,-1.0
74,4,433.8,326.34,42.07,93.5,0.99,-1.0,-1.0,-1.0
74,7,484.11,316.65,42.16,79.02,1.0,-1.0,-1.0,-1.0
74,5,334.83,333.55,32.85,79.16,1.0,-1.0,-1.0,-1.0
74,2,449.08,323.43,29.48,84.85,0.97,-1.0,-1.0,-1.0
75,1,819.17,374.19,47.48,143.48,0.99,-1.0,-1.0,-1.0
75,3,696.76,335.6,42.12,112.51,0.99,-1.0,-1.0,-1.0
75,4,433.21,327.0,40.4,92.37,0.99,-1.0,-1.0,-1.0
75,7,483.13,317.04,45.86,79.18,0.99,-1.0,-1.0,-1.0
75,5,334.16,335.57,32.96,77.42,1.0,-1.0,-1.0,-1.0
75,2,452.9,323.83,27.55,86.15,0.98,-1.0,-1.0,-1.0
76,1,802.21,376.91,58.85,143.22,1.0,-1.0,-1.0,-1.0
76,3,694.98,335.97,42.65,111.84,0.99,-1.0,-1.0,-1.0
76,4,425.5,330.09,48.9,90.12,1.0,-1.0,-1.0,-1.0
76,7,486.5,319.88,46.66,77.76,1.0,-1.0,-1.0,-1.0
76,5,334.25,337.19,33.93,77.43,1.0,-1.0,-1.0,-1.0
76,2,455.25,323.28,28.94,86.65,0.99,-1.0,-1.0,-1.0
77,1,794.75,378.83,62.77,141.93,1.0,-1.0,-1.0,-1.0
77,3,694.07,335.84,42.86,111.6,1.0,-1.0,-1.0,-1.0
77,4,420.66,332.6,53.96,87.75,1.0,-1.0,-1.0,-1.0
77,7,488.42,319.75,48.12,78.71,1.0,-1.0,-1.0,-1.0
77,5,334.3,338.63,34.9,76.56,1.0,-1.0,-1.0,-1.0
77,2,456.02,322.9,30.32,86.54,0.98,-1.0,-1.0,-1.0
78,1,788.06,384.03,64.42,139.65,1.0,-1.0,-1.0,-1.0
78,3,693.52,334.6,42.36,111.81,0.99,-1.0,-1.0,-1.0
78,4,418.17,334.6,56.62,85.64,1.0,-1.0,-1.0,-1.0
78,7,489.18,319.71,50.41,79.35,1.0,-1.0,-1.0,-1.0
78,5,335.27,341.39,34.98,74.75,1.0,-1.0,-1.0,-1.0
78,2,457.74,322.47,31.75,85.9,0.98,-1.0,-1.0,-1.0
79,1,785.13,387.75,63.86,137.3,1.0,-1.0,-1.0,-1.0
79,3,692.76,332.95,42.18,112.49,1.0,-1.0,-1.0,-1.0
79,4,417.5,335.58,57.09,84.56,1.0,-1.0,-1.0,-1.0
79,7,490.6,319.21,50.7,79.89,0.99,-1.0,-1.0,-1.0
79,5,335.65,343.22,37.11,73.21,0.99,-1.0,-1.0,-1.0
79,2,459.2,322.13,37.59,85.35,0.99,-1.0,-1.0,-1.0
80,1,784.63,388.77,60.64,136.14,1.0,-1.0,-1.0,-1.0
80,3,691.06,330.97,42.13,111.26,1.0,-1.0,-1.0,-1.0
80,4,417.67,336.17,57.21,84.17,1.0,-1.0,-1.0,-1.0
80,7,494.97,318.97,47.85,80.67,1.0,-1.0,-1.0,-1.0
80,5,336.46,344.08,41.1,72.67,0.99,-1.0,-1.0,-1.0
80,2,458.3,322.41,45.17,86.92,1.0,-1.0,-1.0,-1.0
81,1,785.11,387.93,58.16,136.94,1.0,-1.0,-1.0,-1.0
81,3,690.47,329.81,42.12,111.11,1.0,-1.0,-1.0,-1.0
81,4,418.34,336.68,57.52,83.74,1.0,-1.0,-1.0,-1.0
81,7,497.81,318.45,45.5,81.27,0.99,-1.0,-1.0,-1.0
81,5,336.73,344.51,44.91,73.43,1.0,-1.0,-1.0,-1.0
81,2,459.65,322.68,47.58,86.63,1.0,-1.0,-1.0,-1.0
82,1,784.66,386.54,56.62,136.79,1.0,-1.0,-1.0,-1.0
82,3,689.43,329.57,41.54,109.85,0.99,-1.0,-1.0,-1.0
82,4,420.18,337.91,48.27,81.18,0.99,-1.0,-1.0,-1.0
82,7,501.6,317.67,42.19,81.47,0.99,-1.0,-1.0,-1.0
82,5,336.94,344.19,52.62,74.32,0.99,-1.0,-1.0,-1.0
82,2,457.13,323.55,51.36,86.2,1.0,-1.0,-1.0,-1.0
83,1,782.56,385.86,57.86,136.63,1.0,-1.0,-1.0,-1.0
83,3,689.35,330.27,40.73,108.8,0.99,-1.0,-1.0,-1.0
83,4,424.25,338.51,42.05,79.34,1.0,-1.0,-1.0,-1.0
83,7,503.77,316.95,41.58,82.14,0.99,-1.0,-1.0,-1.0
83,5,337.33,343.89,55.94,76.48,0.99,-1.0,-1.0,-1.0
83,2,457.1,323.44,52.02,86.65,1.0,-1.0,-1.0,-1.0
84,1,777.46,386.35,62.47,135.24,1.0,-1.0,-1.0,-1.0
84,3,689.37,334.33,40.45,104.53,1.0,-1.0,-1.0,-1.0
84,4,429.05,339.47,37.54,80.21,0.99,-1.0,-1.0,-1.0
84,7,506.02,317.14,41.97,82.38,1.0,-1.0,-1.0,-1.0
84,5,343.51,343.62,53.11,79.96,1.0,-1.0,-1.0,-1.0
84,2,462.57,322.98,46.98,87.4,0.99,-1.0,-1.0,-1.0
85,1,773.03,387.55,65.92,134.29,1.0,-1.0,-1.0,-1.0
85,3,689.11,336.93,40.96,102.04,1.0,-1.0,-1.0,-1.0
85,4,432.27,340.69,34.79,78.45,0.99,-1.0,-1.0,-1.0
85,7,511.29,317.65,39.73,81.87,0.99,-1.0,-1.0,-1.0
85,5,353.37,343.48,46.28,80.99,1.0,-1.0,-1.0,-1.0
85,2,470.07,321.17,40.04,89.46,0.98,-1.0,-1.0,-1.0
86,1,771.73,390.98,68.41,131.57,1.0,-1.0,-1.0,-1.0
86,3,687.85,338.34,42.35,101.17,0.99,-1.0,-1.0,-1.0
86,4,432.81,340.8,37.32,78.12,0.99,-1.0,-1.0,-1.0
86,7,515.93,318.89,43.18,81.67,0.99,-1.0,-1.0,-1.0
86,5,361.02,343.53,43.79,81.68,0.99,-1.0,-1.0,-1.0
86,2,478.36,320.62,35.47,89.94,0.99,-1.0,-1.0,-1.0
87,1,771.69,392.82,69.94,129.97,1.0,-1.0,-1.0,-1.0
87,3,686.83,339.42,43.47,100.28,0.99,-1.0,-1.0,-1.0
87,4,429.24,340.8,43.43,78.62,0.99,-1.0,-1.0,-1.0
87,7,518.75,319.78,44.38,81.29,0.99,-1.0,-1.0,-1.0
87,5,364.91,343.35,44.12,82.52,0.99,-1.0,-1.0,-1.0
87,2,481.46,321.28,34.52,89.22,0.99,-1.0,-1.0,-1.0
88,1,771.28,394.38,75.73,128.21,1.0,-1.0,-1.0,-1.0
88,3,686.5,340.12,43.9,99.69,0.99,-1.0,-1.0,-1.0
88,4,430.1,341.7,48.38,84.81,1.0,-1.0,-1.0,-1.0
88,7,521.52,320.73,48.37,80.24,0.99,-1.0,-1.0,-1.0
88,5,372.08,342.56,44.24,85.77,1.0,-1.0,-1.0,-1.0
88,2,484.62,322.17,34.21,88.34,0.99,-1.0,-1.0,-1.0
89,1,771.17,395.05,80.76,127.74,1.0,-1.0,-1.0,-1.0
89,3,685.21,340.34,45.24,99.51,1.0,-1.0,-1.0,-1.0
89,4,428.87,342.72,52.22,86.22,1.0,-1.0,-1.0,-1.0
89,7,523.95,321.95,50.45,80.74,1.0,-1.0,-1.0,-1.0
89,5,375.3,342.22,47.83,86.41,0.99,-1.0,-1.0,-1.0
89,2,485.32,322.63,36.55,87.7,0.99,-1.0,-1.0,-1.0
90,1,771.24,394.21,85.56,128.66,1.0,-1.0,-1.0,-1.0
90,3,685.34,339.65,44.58,100.98,0.99,-1.0,-1.0,-1.0
90,4,436.29,343.98,47.53,85.3,1.0,-1.0,-1.0,-1.0
90,7,528.28,323.44,47.82,79.14,1.0,-1.0,-1.0,-1.0
90,5,389.0,343.1,43.4,89.86,0.99,-1.0,-1.0,-1.0
90,2,488.19,324.59,36.22,84.48,0.99,-1.0,-1.0,-1.0
91,1,771.08,392.81,88.57,130.08,1.0,-1.0,-1.0,-1.0
91,3,685.43,339.23,44.32,101.85,0.99,-1.0,-1.0,-1.0
91,4,438.36,344.87,47.7,85.22,1.0,-1.0,-1.0,-1.0
91,7,531.34,324.28,44.91,78.23,0.99,-1.0,-1.0,-1.0
91,5,399.61,343.71,38.13,91.44,0.99,-1.0,-1.0,-1.0
91,2,490.06,325.48,36.08,82.95,0.99,-1.0,-1.0,-1.0
92,1,772.24,389.29,87.42,132.42,1.0,-1.0,-1.0,-1.0
92,3,685.47,339.06,44.2,102.2,1.0,-1.0,-1.0,-1.0
92,4,444.54,346.35,44.95,85.18,1.0,-1.0,-1.0,-1.0
92,7,534.16,321.27,44.4,81.5,1.0,-1.0,-1.0,-1.0
92,5,408.27,344.94,38.4,95.22,0.99,-1.0,-1.0,-1.0
92,2,494.23,323.99,33.03,81.5,0.99,-1.0,-1.0,-1.0
93,1,772.55,387.36,89.76,133.91,1.0,-1.0,-1.0,-1.0
93,3,686.11,338.54,44.16,102.65,1.0,-1.0,-1.0,-1.0
93,4,448.23,347.78,44.31,86.05,1.0,-1.0,-1.0,-1.0
93,7,533.91,320.74,46.61,82.41,1.0,-1.0,-1.0,-1.0
93,5,413.38,346.27,38.49,95.79,0.99,-1.0,-1.0,-1.0
93,2,496.57,322.06,31.86,82.79,0.99,-1.0,-1.0,-1.0
94,1,787.97,385.6,80.26,136.1,1.0,-1.0,-1.0,-1.0
94,3,686.37,338.49,44.74,102.83,0.99,-1.0,-1.0,-1.0
94,4,454.04,350.21,44.36,84.6,1.0,-1.0,-1.0,-1.0
94,7,539.62,321.13,44.5,82.16,1.0,-1.0,-1.0,-1.0
94,5,420.66,348.53,38.23,88.37,0.99,-1.0,-1.0,-1.0
94,2,498.84,318.98,32.7,83.87,0.99,-1.0,-1.0,-1.0
95,1,802.94,384.33,70.76,139.0,1.0,-1.0,-1.0,-1.0
95,3,686.49,338.75,45.54,102.91,0.99,-1.0,-1.0,-1.0
95,4,447.94,351.83,56.75,84.63,0.99,-1.0,-1.0,-1.0
95,7,543.23,323.05,48.46,79.69,0.99,-1.0,-1.0,-1.0
95,5,424.64,350.88,42.38,81.13,0.99,-1.0,-1.0,-1.0
95,2,501.38,318.11,34.2,84.0,1.0,-1.0,-1.0,-1.0
96,1,819.35,382.42,61.61,139.79,0.99,-1.0,-1.0,-1.0
96,3,686.24,340.66,47.02,104.13,0.99,-1.0,-1.0,-1.0
96,4,445.36,352.72,67.07,88.2,0.99,-1.0,-1.0,-1.0
96,7,547.41,325.0,52.75,78.13,1.0,-1.0,-1.0,-1.0
96,5,425.66,353.88,46.32,87.06,0.99,-1.0,-1.0,-1.0
96,2,504.03,317.53,38.9,82.86,1.0,-1.0,-1.0,-1.0
97,1,828.25,381.99,57.78,138.02,1.0,-1.0,-1.0,-1.0
97,3,685.29,341.51,50.5,104.3,0.99,-1.0,-1.0,-1.0
97,4,446.36,352.6,70.41,90.11,0.99,-1.0,-1.0,-1.0
97,7,549.84,326.31,53.86,77.26,1.0,-1.0,-1.0,-1.0
97,5,424.05,355.79,51.15,88.22,0.99,-1.0,-1.0,-1.0
97,2,505.59,318.38,43.49,81.24,1.0,-1.0,-1.0,-1.0
98,1,839.58,382.77,57.19,138.51,0.99,-1.0,-1.0,-1.0
98,3,684.31,347.03,62.7,100.82,0.99,-1.0,-1.0,-1.0
98,4,456.99,352.08,61.71,91.72,1.0,-1.0,-1.0,-1.0
98,7,554.38,326.79,50.23,76.65,1.0,-1.0,-1.0,-1.0
98,5,437.7,357.83,42.52,87.47,0.98,-1.0,-1.0,-1.0
98,2,507.2,322.34,47.56,77.04,1.0,-1.0,-1.0,-1.0
99,1,846.48,384.83,62.62,137.8,1.0,-1.0,-1.0,-1.0
99,3,684.52,350.31,70.05,100.09,1.0,-1.0,-1.0,-1.0
99,4,464.23,351.83,55.95,92.31,0.99,-1.0,-1.0,-1.0
99,7,557.24,327.23,48.11,76.13,1.0,-1.0,-1.0,-1.0
99,5,445.57,359.43,36.86,86.27,0.97,-1.0,-1.0,-1.0
99,2,509.51,324.74,47.53,75.18,0.99,-1.0,-1.0,-1.0
100,1,853.24,389.77,78.69,133.66,1.0,-1.0,-1.0,-1.0
100,3,684.29,349.66,74.26,103.12,1.0,-1.0,-1.0,-1.0
100,4,470.09,351.23,58.01,93.4,0.99,-1.0,-1.0,-1.0
100,7,559.64,326.59,45.5,76.86,1.0,-1.0,-1.0,-1.0
100,5,452.1,359.95,36.79,86.11,0.98,-1.0,-1.0,-1.0
100,2,507.12,326.78,50.9,76.07,1.0,-1.0,-1.0,-1.0
101,1,856.46,394.97,85.75,128.47,0.99,-1.0,-1.0,-1.0
101,3,683.99,349.71,75.96,104.55,1.0,-1.0,-1.0,-1.0
101,4,474.53,351.0,58.73,94.38,0.98,-1.0,-1.0,-1.0
101,7,560.43,325.92,45.14,77.44,0.99,-1.0,-1.0,-1.0
101,5,454.88,360.12,38.59,85.45,0.97,-1.0,-1.0,-1.0
101,2,507.07,327.24,51.06,74.32,0.98,-1.0,-1.0,-1.0
102,1,857.75,401.41,90.12,120.49,1.0,-1.0,-1.0,-1.0
102,3,684.37,347.58,78.26,106.87,1.0,-1.0,-1.0,-1.0
102,4,483.11,353.78,61.89,93.85,0.98,-1.0,-1.0,-1.0
102,7,562.66,323.67,42.6,79.45,0.99,-1.0,-1.0,-1.0
102,5,453.77,358.75,54.22,87.29,0.99,-1.0,-1.0,-1.0
102,2,502.28,325.97,55.09,75.21,0.99,-1.0,-1.0,-1.0
103,1,857.85,405.14,92.12,116.51,1.0,-1.0,-1.0,-1.0
103,3,686.3,347.23,77.99,107.15,1.0,-1.0,-1.0,-1.0
103,4,489.3,356.21,60.2,93.02,0.98,-1.0,-1.0,-1.0
103,7,563.42,322.87,41.65,80.5,1.0,-1.0,-1.0,-1.0
103,5,456.79,357.52,58.06,89.44,0.99,-1.0,-1.0,-1.0
103,2,498.53,324.64,57.18,76.15,0.99,-1.0,-1.0,-1.0
104,1,857.68,408.09,92.83,115.01,1.0,-1.0,-1.0,-1.0
104,3,698.55,344.4,64.57,109.91,1.0,-1.0,-1.0,-1.0
104,4,496.59,358.13,61.21,87.94,0.98,-1.0,-1.0,-1.0
104,7,564.17,322.69,41.33,80.31,0.99,-1.0,-1.0,-1.0
104,5,466.37,357.44,51.95,89.96,0.99,-1.0,-1.0,-1.0
104,2,492.66,321.59,48.33,78.62,0.99,-1.0,-1.0,-1.0
105,1,857.7,409.52,92.15,114.08,1.0,-1.0,-1.0,-1.0
105,3,707.97,342.27,54.45,111.81,0.99,-1.0,-1.0,-1.0
105,4,498.34,359.38,59.21,88.39,0.97,-1.0,-1.0,-1.0
105,7,563.44,322.6,42.44,79.93,0.99,-1.0,-1.0,-1.0
105,5,472.53,357.65,46.69,84.54,0.94,-1.0,-1.0,-1.0
105,2,488.83,319.37,43.8,80.73,0.99,-1.0,-1.0,-1.0
106,1,856.94,409.95,92.37,113.21,1.0,-1.0,-1.0,-1.0
106,3,715.96,340.42,54.06,113.4,0.99,-1.0,-1.0,-1.0
106,4,498.5,361.0,72.09,93.02,0.99,-1.0,-1.0,-1.0
106,7,563.38,322.57,44.05,79.48,1.0,-1.0,-1.0,-1.0
106,5,475.19,358.91,47.68,88.77,0.96,-1.0,-1.0,-1.0
106,2,482.21,318.09,43.43,80.66,0.99,-1.0,-1.0,-1.0
107,1,856.27,408.7,92.1,115.23,1.0,-1.0,-1.0,-1.0
107,3,720.39,339.59,52.11,113.98,0.99,-1.0,-1.0,-1.0
107,4,508.04,364.54,67.33,91.53,0.99,-1.0,-1.0,-1.0
107,7,563.92,321.7,45.25,80.2,1.0,-1.0,-1.0,-1.0
107,5,476.44,359.53,52.13,90.27,0.93,-1.0,-1.0,-1.0
107,2,479.34,317.65,43.3,77.66,0.99,-1.0,-1.0,-1.0
108,1,855.0,405.36,92.8,119.15,1.0,-1.0,-1.0,-1.0
108,3,724.04,340.18,55.1,113.88,1.0,-1.0,-1.0,-1.0
108,4,501.07,367.52,76.78,89.72,0.99,-1.0,-1.0,-1.0
108,7,562.59,320.65,48.07,81.06,0.99,-1.0,-1.0,-1.0
108,5,486.81,362.57,45.84,86.72,0.93,-1.0,-1.0,-1.0
108,2,477.71,319.04,39.05,81.02,0.99,-1.0,-1.0,-1.0
109,1,852.94,403.17,93.31,122.14,1.0,-1.0,-1.0,-1.0
109,3,726.76,341.44,58.54,113.52,0.99,-1.0,-1.0,-1.0
109,4,500.0,369.47,78.54,88.43,1.0,-1.0,-1.0,-1.0
109,7,564.06,319.65,47.4,81.68,1.0,-1.0,-1.0,-1.0
109,5,494.16,365.94,46.68,87.12,0.28,-1.0,-1.0,-1.0
109,2,475.58,322.89,39.29,77.85,0.92,-1.0,-1.0,-1.0
110,1,850.01,400.09,93.73,125.21,1.0,-1.0,-1.0,-1.0
110,3,732.68,345.0,61.6,111.29,1.0,-1.0,-1.0,-1.0
110,4,504.54,369.2,74.03,89.15,1.0,-1.0,-1.0,-1.0
110,7,565.18,319.1,47.1,81.91,1.0,-1.0,-1.0,-1.0
110,5,496.39,367.72,48.74,88.75,0.92,-1.0,-1.0,-1.0
110,2,463.03,322.29,51.52,75.99,0.98,-1.0,-1.0,-1.0
111,1,846.74,397.45,90.62,128.15,1.0,-1.0,-1.0,-1.0
111,3,736.62,347.29,63.94,110.41,0.99,-1.0,-1.0,-1.0
111,4,502.97,368.05,76.79,90.9,1.0,-1.0,-1.0,-1.0
111,7,565.55,319.24,46.99,81.99,1.0,-1.0,-1.0,-1.0
111,5,498.26,369.12,50.67,88.48,0.93,-1.0,-1.0,-1.0
111,2,462.14,323.0,47.58,74.71,0.95,-1.0,-1.0,-1.0
112,1,840.98,395.58,89.06,130.14,1.0,-1.0,-1.0,-1.0
112,3,743.32,348.77,60.79,109.47,0.99,-1.0,-1.0,-1.0
112,4,510.49,367.49,72.6,85.65,0.98,-1.0,-1.0,-1.0
112,7,564.2,321.14,52.27,81.12,1.0,-1.0,-1.0,-1.0
112,5,495.97,372.19,67.07,88.96,0.98,-1.0,-1.0,-1.0
112,2,452.63,322.57,55.67,76.66,1.0,-1.0,-1.0,-1.0
113,1,836.94,393.98,81.57,131.77,1.0,-1.0,-1.0,-1.0
113,3,746.93,349.72,58.25,109.12,0.99,-1.0,-1.0,-1.0
113,4,512.12,368.67,66.63,85.42,0.87,-1.0,-1.0,-1.0
113,7,563.37,323.02,55.34,79.59,1.0,-1.0,-1.0,-1.0
113,5,493.41,372.97,78.94,91.2,0.98,-1.0,-1.0,-1.0
113,2,448.7,322.96,58.14,77.09,1.0,-1.0,-1.0,-1.0
114,1,831.4,391.34,72.5,134.13,0.99,-1.0,-1.0,-1.0
114,3,748.46,349.34,57.89,109.57,1.0,-1.0,-1.0,-1.0
114,4,509.58,373.16,78.36,94.35,0.98,-1.0,-1.0,-1.0
114,7,562.19,328.86,58.27,73.02,1.0,-1.0,-1.0,-1.0
114,5,480.67,374.72,80.4,86.16,0.93,-1.0,-1.0,-1.0
114,2,445.42,322.1,52.75,78.44,0.99,-1.0,-1.0,-1.0
115,1,827.17,389.75,61.65,135.6,1.0,-1.0,-1.0,-1.0
115,3,748.89,349.44,58.95,109.45,1.0,-1.0,-1.0,-1.0
115,4,515.23,377.05,76.73,97.29,0.99,-1.0,-1.0,-1.0
115,7,559.39,331.19,61.68,71.15,1.0,-1.0,-1.0,-1.0
115,5,484.51,377.25,74.13,94.29,0.98,-1.0,-1.0,-1.0
115,2,442.81,319.97,48.55,80.44,0.99,-1.0,-1.0,-1.0
116,1,820.18,387.69,58.65,137.31,0.99,-1.0,-1.0,-1.0
116,3,747.46,350.34,59.93,109.11,1.0,-1.0,-1.0,-1.0
116,4,517.77,383.04,75.9,94.52,0.99,-1.0,-1.0,-1.0
116,7,557.11,333.34,63.57,69.91,0.99,-1.0,-1.0,-1.0
116,5,493.53,382.32,62.53,93.27,0.96,-1.0,-1.0,-1.0
116,2,438.63,317.53,38.45,82.66,0.99,-1.0,-1.0,-1.0
117,1,814.82,386.62,60.97,138.23,1.0,-1.0,-1.0,-1.0
117,3,746.2,352.58,60.88,106.9,1.0,-1.0,-1.0,-1.0
117,4,517.46,385.74,74.92,97.69,0.98,-1.0,-1.0,-1.0
117,7,555.32,336.8,63.71,66.76,0.99,-1.0,-1.0,-1.0
117,5,495.36,386.02,59.01,91.05,0.98,-1.0,-1.0,-1.0
117,2,435.44,315.4,33.9,85.26,0.99,-1.0,-1.0,-1.0
118,1,806.0,384.78,68.53,140.31,1.0,-1.0,-1.0,-1.0
118,3,745.32,353.12,60.64,106.66,0.99,-1.0,-1.0,-1.0
118,4,514.86,389.19,75.1,106.0,0.99,-1.0,-1.0,-1.0
118,7,548.22,336.02,65.45,68.42,0.99,-1.0,-1.0,-1.0
118,5,492.28,389.9,60.21,89.72,0.98,-1.0,-1.0,-1.0
118,2,430.8,315.92,32.99,85.67,0.97,-1.0,-1.0,-1.0
119,1,798.19,383.69,75.33,141.21,1.0,-1.0,-1.0,-1.0
119,3,744.0,351.81,62.31,110.02,0.99,-1.0,-1.0,-1.0
119,4,513.52,392.36,75.14,109.85,0.99,-1.0,-1.0,-1.0
119,7,543.47,335.9,53.99,70.83,0.98,-1.0,-1.0,-1.0
119,5,483.45,393.24,68.31,85.18,0.98,-1.0,-1.0,-1.0
119,2,427.03,317.06,34.47,84.91,0.99,-1.0,-1.0,-1.0
120,1,794.69,382.39,74.56,142.98,1.0,-1.0,-1.0,-1.0
120,3,743.5,349.51,62.34,116.56,0.99,-1.0,-1.0,-1.0
120,4,512.41,399.1,77.48,107.17,0.99,-1.0,-1.0,-1.0
120,7,536.3,335.63,47.79,71.75,0.99,-1.0,-1.0,-1.0
120,5,477.39,398.29,61.16,95.0,0.91,-1.0,-1.0,-1.0
120,2,422.35,319.4,36.82,85.48,0.99,-1.0,-1.0,-1.0
121,1,792.32,381.69,71.86,143.33,1.0,-1.0,-1.0,-1.0
121,3,743.2,349.26,64.7,120.79,0.98,-1.0,-1.0,-1.0
121,4,508.38,404.1,81.28,103.35,1.0,-1.0,-1.0,-1.0
121,7,530.4,335.25,48.85,72.12,0.99,-1.0,-1.0,-1.0
121,5,470.96,402.88,63.32,96.85,0.95,-1.0,-1.0,-1.0
121,2,418.13,320.96,38.6,85.09,0.99,-1.0,-1.0,-1.0
122,1,791.66,380.11,62.38,143.27,1.0,-1.0,-1.0,-1.0
122,3,741.34,351.45,70.23,125.03,0.99,-1.0,-1.0,-1.0
122,4,499.62,410.31,89.64,96.77,0.98,-1.0,-1.0,-1.0
122,7,520.33,335.78,52.82,69.3,0.98,-1.0,-1.0,-1.0
122,5,466.99,407.75,81.1,95.51,0.94,-1.0,-1.0,-1.0
122,2,410.97,324.9,40.17,80.78,1.0,-1.0,-1.0,-1.0
123,1,791.41,378.36,53.71,144.4,1.0,-1.0,-1.0,-1.0
123,3,738.89,352.87,74.05,126.35,0.99,-1.0,-1.0,-1.0
123,4,498.19,414.17,90.6,93.18,0.98,-1.0,-1.0,-1.0
123,7,514.91,335.03,55.45,70.05,0.99,-1.0,-1.0,-1.0
123,5,464.13,411.45,84.37,94.5,0.94,-1.0,-1.0,-1.0
123,2,405.83,325.36,39.89,80.31,1.0,-1.0,-1.0,-1.0
124,1,787.69,376.83,44.95,142.13,0.99,-1.0,-1.0,-1.0
124,3,735.62,355.0,64.68,126.07,0.99,-1.0,-1.0,-1.0
124,4,481.49,416.63,103.01,89.74,0.99,-1.0,-1.0,-1.0
124,7,510.04,333.67,55.87,73.02,0.99,-1.0,-1.0,-1.0
124,5,453.84,414.77,86.32,107.15,0.83,-1.0,-1.0,-1.0
124,2,398.74,329.67,43.62,77.14,0.99,-1.0,-1.0,-1.0
125,1,785.36,376.01,41.56,147.75,0.99,-1.0,-1.0,-1.0
125,3,732.06,356.41,63.06,125.02,1.0,-1.0,-1.0,-1.0
125,4,459.91,417.72,117.15,88.49,0.54,-1.0,-1.0,-1.0
125,7,506.83,332.6,56.02,78.53,0.99,-1.0,-1.0,-1.0
125,5,444.14,417.73,113.02,115.12,0.98,-1.0,-1.0,-1.0
125,2,394.85,327.05,46.14,79.9,1.0,-1.0,-1.0,-1.0
126,1,777.51,376.44,47.22,151.14,0.99,-1.0,-1.0,-1.0
126,3,729.01,357.2,64.9,124.57,1.0,-1.0,-1.0,-1.0
126,7,502.79,334.61,47.2,79.76,0.99,-1.0,-1.0,-1.0
126,5,430.22,422.19,121.51,117.19,1.0,-1.0,-1.0,-1.0
126,2,391.47,325.48,47.99,85.33,1.0,-1.0,-1.0,-1.0
127,1,771.41,376.82,52.49,151.69,1.0,-1.0,-1.0,-1.0
127,3,726.72,357.65,64.98,126.88,0.99,-1.0,-1.0,-1.0
127,7,498.37,335.87,42.34,77.02,0.98,-1.0,-1.0,-1.0
127,5,419.04,427.2,116.36,114.91,0.98,-1.0,-1.0,-1.0
127,2,390.1,325.2,48.41,87.68,1.0,-1.0,-1.0,-1.0