0,1,763.7612206391553,934.0298720178984,4
0,2,389.02609219183495,543.4343894818134,10
0,3,1395.8926166578274,421.47903711017386,10
0,7,82.94587476429065,282.20317176365984,12
0,8,1044.5223907095824,363.25464288,9
0,9,771.1995572436188,700.0367562842098,6
1,1,760.1303216055979,935.8821549210153,4
1,2,389.012747536363,543.415280427502,10
1,3,1395.1431851332004,421.60926253488924,10
1,7,83.66420895194531,283.76145458456864,12
1,8,1044.4534704431774,364.64212445701463,9
1,9,769.891190825111,700.2088996223741,6
2,1,760.0392956128634,936.1141342575197,4
2,2,389.5892996692038,541.0951256194286,10
2,3,1393.136383136766,424.0716943642121,10
2,7,83.98227753213428,280.876778709889,12
2,8,1043.7976557525521,363.71186506330315,9
2,9,766.5587509695728,698.9836982314645,6
3,1,759.8704383082774,935.0300460377055,4
3,2,389.1381762447068,540.5273966522393,10
3,3,1392.3900810145776,422.7766472930521,10
3,7,83.75787188830901,280.1486748891908,12
3,8,1042.134941616639,364.8906347075654,9
3,9,764.6059478342635,700.4506216046129,6
4,1,761.2600274779156,934.4062498763175,4
4,2,389.5879173145195,540.2078530427053,10
4,3,1392.886946765614,415.85671064316927,10
4,7,84.44546313133615,278.22654298370765,12
4,8,1040.9235020301805,366.421241912193,9
4,9,762.4081048418727,701.091579698086,6
5,1,763.2728375304597,935.1845390937698,4
5,2,389.16725928599584,540.3751784713353,10
5,3,1392.4235470725525,413.77594760095116,10
5,7,85.01623517418452,279.2267471137203,12
5,8,1041.0598230521905,371.4878404054275,9
5,9,761.2101891708754,701.4911248459483,6
6,1,765.5247878720112,934.069729633994,4
6,2,388.63224380909423,539.3536443939329,10
6,3,1390.6260050129524,415.24934822422716,10
6,7,84.48865924334034,278.0732268212171,12
6,8,1041.7479139769455,374.0691296081551,9
6,9,760.8703043844504,701.5076216459053,6
7,1,767.5898745995639,933.5700449761915,4
7,2,390.0172412810286,541.8134989658421,10
7,3,1387.6033873016079,422.1112802520394,10
7,7,84.10048175663283,276.5737731191197,12
7,8,1042.377408171629,379.2718355032465,9
7,9,756.1452958332568,702.2851708133804,6
8,1,770.0228866014279,933.122375823359,4
8,2,390.52241439592325,542.6674052513007,10
8,3,1384.7913703157267,428.58555990034466,10
8,7,84.59678832748911,275.8225022863875,12
8,8,1043.0848322885558,385.11620736921185,9
8,9,756.487895438893,702.1872003250724,6
9,1,772.4170281306867,931.7196814655443,4
9,2,390.7159849139732,543.0394271831664,10
9,3,1381.5305891781063,436.8956415349604,10
9,7,84.57331555189745,274.3827247849423,12
9,8,1043.1455010093537,391.37859650995927,9
9,9,755.4827286784629,703.8384926801755,6
10,1,774.9569418407807,930.9786213153544,4
10,2,389.615912669159,541.5557262990518,10
10,3,1377.0689567946451,445.87261897267774,10
10,7,83.65536629867236,272.6913954176552,12
10,8,1043.0503458977632,396.6299769428592,9
10,9,753.5616250032406,700.2372328083657,6
11,1,776.7007727460577,930.5700380878042,4
11,2,388.56215105183674,539.1734002135973,10
11,3,1373.6148619259022,451.20003122717384,10
11,7,83.70644804488869,270.614512820453,12
11,8,1043.6349232827768,397.3314484068049,9
11,9,754.0919655565552,700.1608661117145,6
12,1,778.5558388536004,930.2616310317692,4
12,2,386.9611811014242,536.5664363344295,10
12,3,1370.5125205258144,458.6963951212167,10
12,7,83.14437863522052,268.6551336103131,12
12,8,1044.4978947482557,396.34957584192387,9
12,9,754.0978653640515,701.6551176891664,6
13,1,780.0345558722403,930.0295673099635,4
13,2,385.676920649329,531.9621286662074,10
13,3,1368.1760722337583,463.2979752562523,10
13,7,83.2646363819446,267.8955288002089,12
13,8,1045.988631244317,395.6349780585325,9
13,9,755.6774870754177,723.6592732777663,6
14,1,781.3846934117464,929.850445353783,4
14,2,386.29172432928146,528.1472769841324,10
14,3,1365.5605725282533,470.3923888912686,10
14,7,83.59056770973343,269.0031224680667,12
14,8,1047.1005525667108,396.1919136031858,9
14,9,755.5999644705436,737.1437973922085,6
15,1,782.2263425728371,929.6967762139041,4
15,2,386.6917301362724,523.8088048187526,10
15,3,1362.7009993721715,476.6310240104959,10
15,7,80.91113935361852,265.7833819541201,12
15,8,1048.1188325243954,395.1414929077678,9
15,9,756.8426995251517,747.3333673364624,6
16,1,782.367031429988,928.6906418212039,4
16,2,388.6357507122198,521.9914493746448,10
16,3,1361.31264393531,480.640063978977,10
16,7,80.02058731349754,264.7863081887981,12
16,8,1049.6638072922694,394.55374453019664,9
16,9,756.6247696421316,745.8684975851744,6
17,1,782.3643945637306,928.2612199190214,4
17,2,389.55876954524325,520.2345506308078,10
17,3,1361.0432925355287,480.1752794528599,10
17,7,79.63806910710414,264.27787223313265,12
17,8,1051.3646770798969,395.04705317272806,9
17,9,756.166218094051,742.3647494806099,6
18,1,782.159490441627,927.1503839083115,4
18,2,389.8316723975992,517.810799359693,10
18,3,1360.4387318366028,483.43704890615936,10
18,7,78.11554611401459,260.41674701519383,12
18,8,1053.264409045225,395.06038661069636,9
18,9,757.148941185079,748.9346782600893,6
19,1,781.8908406387242,925.6848855727278,4
19,2,390.7820212550261,517.6930245993207,10
19,3,1360.692327856837,486.11903739858946,10
19,7,77.55859227998057,258.97371816331446,12
19,8,1054.4345762990001,394.8657906076257,9
19,9,758.6767498116566,752.4189377995231,6
20,1,781.449991357737,923.1046151082223,4
20,2,392.5315868826119,516.524366952645,10
20,3,1361.9147859328414,486.84550865110344,10
20,7,77.6825574365754,258.41566898998593,12
20,8,1055.471726750191,393.65449081007705,9
20,9,759.4505425147735,754.9072364913555,6
21,1,781.6837298715683,922.1804520339688,4
21,2,394.66041580825197,517.0370187628221,10
21,3,1363.3645840002619,485.2296093824276,10
21,7,78.09096884649222,259.76211615622447,12
21,8,1055.898932194637,395.28060567479963,9
21,9,761.6242655703485,762.218358246523,6
22,1,784.696942061449,921.4024306278868,4
22,2,395.01729236399063,512.4804004254277,10
22,3,1358.412303762656,483.53873282908114,10
22,7,78.56812337500693,260.1392817955234,12
22,8,1055.8279277985125,397.82962987376044,9
22,9,763.3145914238523,767.3000085749394,6
23,1,788.9849814910204,919.7034592893989,4
23,2,395.45013344164107,511.7839424546287,10
23,3,1354.939086773243,486.57088593228536,10
23,7,78.76457400870116,260.40890754867894,12
23,8,1055.578187776533,401.8727137038813,9
23,9,765.2219007712887,765.0239207236793,6
24,1,794.6475085950665,917.4310367795256,4
24,2,395.2466160919696,510.59034410005665,10
24,3,1352.7646701704562,489.46373936534695,10
24,7,78.14311365225186,260.56216223989213,12
24,8,1055.2430815414282,407.3094941539317,9
24,9,765.7634711319027,762.6695092315324,6
25,1,800.2626294707675,917.1675024875387,4
25,2,395.95400555863773,509.1298766492469,10
25,3,1347.9451939379974,504.60593919510137,10
25,7,79.40563041574566,263.1501800736069,12
25,8,1053.9724274375708,411.4378062524294,9
25,9,765.401405715132,757.7407719080142,6
26,1,803.4436381865272,915.8690206770804,4
26,2,394.9233412395651,504.8466356644693,10
26,3,1353.0591255491515,517.3659226238046,10
26,7,83.29194368205373,271.4458350950244,12
26,8,1052.9033974312536,410.0468643402256,9
26,9,767.3276129730884,756.7589724747436,6
27,1,804.5100452923054,915.482274950463,4
27,2,394.6409527276117,498.4153178387606,10
27,3,1353.2020789091466,525.6660926671519,10
27,7,86.7932790362455,278.2557504955811,12
27,8,1051.68838295161,410.6236295449424,9
27,9,770.368963152728,756.0526297006586,6
28,1,812.9479129094398,916.2454088450853,4
28,2,392.999973563591,486.1729564433074,10
28,3,1352.9680621505784,528.5581608371677,10
28,7,86.51381856241282,279.61774696506654,12
28,8,1051.378129302485,410.6249529776788,9
28,9,771.3316501017847,754.3197049315608,6
29,1,818.8176724722366,917.2486011337927,4
29,2,393.4391978050687,477.42881253438594,10
29,3,1350.7253103370158,534.6596409815664,10
29,7,86.64029649706323,281.38538369010183,12
29,8,1050.61562844439,411.66564439080287,9
29,9,771.0448944427457,752.3847944077843,6
30,1,822.6870102647177,917.405315418403,4
30,2,394.6709213977927,470.0402676701345,10
30,3,1348.2109738797683,541.8391545464401,10
30,7,86.68189489802545,282.05195770893033,12
30,8,1049.7447183341617,412.10289690363874,9
30,9,772.6007769400843,750.0136476069291,6
31,1,827.6842947744058,915.9367036269035,4
31,2,400.33767725201636,471.74396805763257,10
31,3,1346.5302404641648,544.4728872054332,10
31,7,86.68607236636292,282.2560114415673,12
31,8,1048.8448305129828,412.27924155793784,9
31,9,776.5190563775432,752.7019235767289,6
32,1,826.1072690891848,915.8779036673872,4
32,2,404.11895410648873,466.21735287744696,10
32,3,1343.5742360132897,548.8388617761386,10
32,7,85.94567000734158,283.711116668098,12
32,8,1047.8217301567213,414.41537701922425,9
32,9,784.0885312854041,750.122040432302,6
33,1,824.3370881546513,915.9872171043999,4
33,2,408.06317483372345,464.831980127218,10
33,3,1341.7279164942158,550.3371501232646,10
33,7,85.52380334730286,285.46643722318106,12
33,8,1047.4563006171225,415.1079678578689,9
33,9,788.3001914778848,748.8679791311447,6
34,1,824.0523644848033,916.0157195173089,4
34,2,413.0477092664255,466.04942962835645,10
34,3,1339.6136841568696,549.3943748886023,10
34,7,85.71624397595284,286.1077446940673,12
34,8,1046.6669236873247,417.4015140977465,9
34,9,790.0593679052389,748.4039214439773,6
35,1,825.7217795633196,916.8240116803258,4
35,2,415.6365210499557,463.4400939553554,10
35,3,1336.5249116827456,547.6782545143232,10
35,7,84.60247880622623,283.82507626699004,12
35,8,1046.361182608458,418.28081564177467,9
35,9,785.7016042995239,748.9378831388525,6
36,1,827.958048504619,916.9181534091688,4
36,2,417.3531161074862,459.38442209352536,10
36,3,1334.371446549203,547.0406629040187,10
36,7,83.76616611718892,284.30090244517123,12
36,8,1045.631008298935,419.6381213935078,9
36,9,784.7143859599606,749.0491495786769,6
37,1,830.8407528297431,916.639610710878,4
37,2,420.02448545407185,458.6672423155583,10
37,3,1332.808224183154,548.3417172780721,10
37,7,83.87907853957903,283.0572615820566,12
37,8,1045.452640955176,419.05043580219956,9
37,9,783.4044905398504,749.1764045920587,6
38,1,832.7024940456588,916.4233495236509,4
38,2,422.4162087298414,459.28460583894577,10
38,3,1330.8445423946218,550.5389031416282,10
38,7,83.49450345612503,283.9037347846626,12
38,8,1045.3385667392783,419.76870704997503,9
38,9,785.8733226643698,750.1382037049768,6
39,1,834.6824955113691,917.2203002709715,4
39,2,424.7648127278429,462.5548455883657,10
39,3,1328.716660869336,557.8151544603398,10
39,7,82.93171483395246,285.62214131870525,12
39,8,1045.247375703873,421.030285834858,9
39,9,789.5552616728879,750.1239518458825,6
40,1,836.1282476434518,916.3607666323132,4
40,2,425.8831879706812,462.7807606219663,10
40,3,1326.200887998223,568.5162582234387,10
40,7,82.83945121232554,284.9360459825209,12
40,8,1044.4107550187316,427.4106868081347,9
40,9,794.936978075056,750.876049334114,6
41,1,837.0166397595225,916.0595923606496,4
41,2,426.4928252407952,461.97832719467493,10
41,3,1324.9081778060647,574.1155334250949,10
41,7,82.97885763699317,287.30456576846694,12
41,8,1044.3813956965573,435.5883684592818,9
41,9,799.2987318508623,750.8835183027038,6
42,1,837.9180397535242,913.7269068247588,4
42,2,426.01121996941754,457.71543879392226,10
42,3,1323.29279767179,579.241377108823,10
42,7,83.12394740885836,286.875250769443,12
42,8,1044.705225045022,444.2130278562819,9
42,9,802.1770602499804,749.310664917996,6
43,1,839.7400129559869,911.5864462171593,4
43,2,424.81234014418015,453.1655598379019,10
43,3,1320.7719728164077,587.4921064745145,10
43,7,82.76840528824219,288.0053179961053,12
43,8,1044.4669515804535,454.9609979984675,9
43,9,804.7558732867165,749.8604170166403,6
44,1,842.4412880072005,910.5088020933449,4
44,2,423.6255500492389,449.5225786562413,10
44,3,1317.2754360039964,599.810990218642,10
44,7,82.87881924618281,288.3086391617078,12
44,8,1044.9408499735748,458.77518502514175,9
44,9,806.9879206929619,753.8655832959532,6
45,1,846.2033610706683,903.3110056125306,4
45,2,421.8491017421811,444.12097093198634,10
45,3,1314.3937525365627,607.3313168762419,10
45,7,83.83338561745892,289.443974076419,12
45,8,1046.3518559138809,461.64203428918415,9
45,9,807.8433908693792,756.5971276651803,6
46,1,853.3690249786569,898.734131970021,4
46,2,417.6175178591462,433.26296429737465,10
46,3,1312.6002088994794,610.0981560995745,10
46,7,84.29006183525438,288.64923733980953,12
46,8,1047.6677111823064,466.1944962150575,9
46,9,808.8164829320408,760.1764481782197,6
47,1,864.3162180298881,893.7462492066367,4
47,2,416.9203366492093,425.9168196681608,10
47,3,1311.1486419173962,612.5759095014085,10
47,7,84.77581322588493,288.28572870672485,12
47,8,1048.202023081531,475.1577837251953,9
47,9,808.9492255439083,760.2316171308266,6
48,1,878.6951633461906,889.3917156655269,4
48,2,418.83440225734273,424.0502379055149,10
48,3,1309.324340891995,614.9851061184834,10
48,7,87.70208969250275,290.31464704234884,12
48,8,1048.7698011069951,481.96598175722767,9
48,9,810.1959451982316,762.6740691304309,6
49,1,887.8460029571288,886.1690337633512,4
49,2,419.42235157029984,417.02016774055807,10
49,3,1307.7011459435148,615.8122251306689,10
49,7,89.44811234331779,290.95133366183234,12
49,8,1049.1547662698583,486.0945010809989,9
49,9,811.8980959993321,762.0163883767044,6
50,1,892.8690312802921,881.5614601727632,4
50,2,421.4509686916394,416.42968286268575,10
50,3,1305.5604951909056,617.6674934497175,10
50,7,91.31771373602922,292.32104902167214,12
50,8,1049.7035327152923,487.45187351486,9
50,9,813.4257188615252,761.6053807991059,6
51,1,897.3754204696202,875.1204427443868,4
51,2,423.68022553038475,415.03414246531213,10
51,3,1304.4095259771213,616.7804132444534,10
51,7,94.94109955997322,296.1648243586415,12
51,8,1049.9108714861095,487.7452074491176,9
51,9,815.5095339639527,762.4895824213754,6
52,1,903.2218496247734,872.1812265608855,4
52,2,426.3058136437541,414.45185535684226,10
52,3,1302.623254209738,619.4537604810217,10
52,7,98.07437469205904,299.97708397173375,12
52,8,1050.427036453625,489.46762287729774,9
52,9,817.1705215404422,762.69475443868,6
53,1,905.5587252454854,867.81937422543,4
53,2,427.84062944529296,412.08886822763463,10
53,3,1300.140517551854,627.8577841603504,10
53,7,98.91676896037842,301.36951977260145,12
53,8,1051.7162635089107,489.82408173856453,9
53,9,818.5546063370452,761.2851822402118,6
54,1,906.2311490802576,866.2793701250421,4
54,2,430.15051914709835,408.87506984451676,10
54,3,1296.3689491424182,639.8386828019243,10
54,7,100.06334783275358,302.99993440499964,12
54,8,1054.4972017860946,487.661933216429,9
54,9,820.0925223026227,761.8925551511389,6
55,1,906.3091452569563,866.941226001741,4
55,2,432.6640611985863,403.1240790718276,10
55,3,1293.0023424122608,650.1689192275528,10
55,7,101.4202747395179,307.18832636345024,12
55,8,1054.4497606276357,486.94104924374807,9
55,9,821.6744574406457,763.2741479377903,6
56,1,906.1797981961384,867.3455565328641,4
56,2,435.7356339443138,401.95792736726304,10
56,3,1290.9528652314943,656.8249953028029,10
56,7,102.47549384012166,309.9567545948075,12
56,8,1054.545230832541,486.60343779145654,9
56,9,824.117618394701,763.557825395129,6
57,1,906.4122250238524,867.5615092347402,4
57,2,437.46978847467705,399.366690286184,10
57,3,1289.9432806880757,660.6206569437771,10
57,7,105.46698609538034,318.1523168972862,12
57,8,1053.0468359687495,492.0462241709568,9
57,9,826.3817336600242,763.4545782663148,6
58,1,908.0381264244104,865.1747769290253,4
58,2,437.806889899537,397.3216030441868,10
58,3,1289.4326873127861,661.7669822529119,10
58,7,110.70735089912202,327.8306979296601,12
58,8,1051.6507511090679,499.35742623054045,9
58,9,828.1270753631691,763.1753243609935,6
59,1,909.8491470882325,864.1684739184618,4
59,2,437.8869408042377,396.69307870657263,10
59,3,1289.615921980369,660.5742706673692,10
59,7,113.14797102008019,332.54475028491686,12
59,8,1050.901418717256,505.56446296420717,9
59,9,829.1993658978106,762.9776822273693,6
60,1,912.1283145737908,862.4564018485698,4
60,2,438.42260107497805,394.1923970348828,10
60,3,1289.3496124963115,658.5551206950167,10
60,7,115.94709604266829,333.8412613220285,12
60,8,1050.0956068527105,507.77693424659236,9
60,9,829.905705080334,761.461910449337,6
61,1,916.6696627196486,858.0563042416778,4
61,2,439.7779905293504,391.0676073152293,10
61,3,1289.126984675866,656.3360963979609,10
61,7,116.93550046402991,334.30133697367324,12
61,8,1050.2373297026577,510.2593642467991,9
61,9,830.5925013498089,760.8618889315042,6
62,1,921.6732041328083,853.746069657975,4
62,2,441.4332898189168,387.6150633073201,10
62,3,1288.848531954738,655.4361415368068,10
62,7,120.12947835886139,337.6554254112164,12
62,8,1051.2704855149648,512.7220738825163,9
62,9,830.3522654612711,760.7338878040531,6
63,1,927.4418381885682,837.83402613689,4
63,2,441.6973613502556,383.1069970363545,10
63,3,1281.868496211686,657.3784760466987,10
63,7,122.07181543532889,339.8654585269203,12
63,8,1054.383494568421,514.8931956938795,9
63,9,830.6553311356669,760.6166747548887,6
64,1,933.8713366290749,826.4847599685428,4
64,2,441.4242218676364,378.1790026107472,10
64,3,1285.0179434149932,657.2079258202259,10
64,7,124.20841120146076,341.57478832802116,12
64,8,1059.738530851021,513.1935146956419,9
64,9,830.9482158502003,757.8970451884813,6
65,1,938.7156310695872,812.3951528466663,4
65,2,443.3454682840766,372.6710526780856,10
65,3,1288.2853715973843,658.1458296035447,10
65,7,125.5190169729627,341.92660043798713,12
65,8,1065.7474678793733,515.3670635631037,9
65,9,832.7543897111544,755.2629633652716,6
66,1,942.6066068834778,800.8504753346311,4
66,2,445.89100473174096,370.4697165282152,10
66,3,1289.297601465776,658.5001537813504,10
66,7,127.80771799370976,341.63963444284093,12
66,8,1070.071581110114,517.5417967714939,9
66,9,835.4937213353729,751.3224035786478,6
67,1,943.9246624377303,796.7902896426683,4
67,2,448.970901585282,370.54494289395296,10
67,3,1290.6298599405616,654.223450023325,10
67,7,129.7725382138933,342.49500976831513,12
67,8,1072.2554863138687,526.791804384082,9
67,9,838.0420284431597,745.6167962980129,6
68,1,944.2338062900062,793.0175189782848,4
68,2,451.9794418951566,368.06906010258035,10
68,3,1290.2986913138998,655.4002861722095,10
68,7,130.52061914793654,341.3987917592086,12
68,8,1073.9011669797596,531.6671956738536,9
68,9,841.9570003383368,738.9616772061613,6
69,1,943.7376887477268,790.6696903226048,4
69,2,456.5372606310424,367.9004023026204,10
69,3,1290.3101476319807,658.5420601387242,10
69,7,133.48002024607172,341.7775145702939,12
69,8,1076.06987787366,534.8390653616372,9
69,9,846.0890969368705,727.9220848475732,6
70,1,943.4529884070862,788.7832188259252,4
70,2,457.70844910436153,364.6246607198032,10
70,3,1290.0966757439085,659.7266140066943,10
70,7,136.21763636551495,344.07179667356974,12
70,8,1080.032904221268,537.1671466726149,9
70,9,850.2384211033108,713.6412140453991,6
71,1,944.5953797573846,786.8826737810181,4
71,2,461.55138196655383,364.1560571936005,10
71,3,1290.0165733122067,660.15868204012,10
71,7,140.81572937192385,349.2299822485342,12
71,8,1085.1110770525877,539.1153431587362,9
71,9,862.1420554138573,701.1931132288482,6
72,1,945.7819588651098,781.2919503341403,4
72,2,466.9228696143861,362.44138815967483,10
72,3,1289.528113166268,660.3533723260637,10
72,7,149.4055703127754,362.10052478490434,12
72,8,1092.4158659636364,535.670416787707,9
72,9,868.8290017184695,696.366224216123,6
73,1,948.4467701876049,777.7622729431445,4
73,2,471.5970345149128,362.6138769541917,10
73,3,1288.7042545454901,659.0690758074247,10
73,7,159.63296886396103,377.4935176801983,12
73,8,1101.1815477216774,535.0402355453721,9
73,9,871.6853593665168,690.3613470526673,6
74,1,950.6887184900085,770.1327808389315,4
74,2,474.8736963520644,363.6545150444934,10
74,3,1287.3481404997767,660.1212135639253,10
74,7,167.1268506398347,387.1807383353265,12
74,8,1108.8818784275843,534.0914364039127,9
74,9,873.1424625133496,688.2128823142968,6
75,1,953.7532681970176,756.8331353274125,4
75,2,477.2983325562802,366.2145987703936,10
75,3,1286.9252697327663,659.0904803217599,10
75,7,174.30383606477153,399.2028235172324,12
75,8,1115.5177412564833,533.1080585422213,9
75,9,874.3889012504347,684.6284325521748,6
76,1,956.6858763624396,747.7755805146375,4
76,2,478.13786464030557,367.2554639167594,10
76,3,1286.521312141776,658.7270639455448,10
76,7,179.61498814142476,405.4245220462071,12
76,8,1120.8725516009465,530.5862337242188,9
76,9,877.1863993443387,683.1034380191207,6
77,1,960.5797576442108,738.8748850462546,4
77,2,479.2500650908228,366.45721172214417,10
77,3,1286.8018323603972,659.9035570821856,10
77,7,184.27554602478213,413.8819851875613,12
77,8,1125.0355452124363,532.5951684646179,9
77,9,879.620410183123,682.5250605437999,6
78,1,966.8547132130994,725.600286302756,4
78,2,478.72171975859845,362.87988523407734,10
78,3,1285.6407345726382,661.891621861978,10
78,7,186.43047273873432,416.67581367237375,12
78,8,1130.051042132513,534.4532196594791,9
78,9,881.9171679845284,682.2431943373375,6
79,1,973.5896714651228,718.9449472958495,4
79,2,479.3474805043955,360.34186586298586,10
79,3,1284.49050695208,662.7405182331272,10
79,7,189.10646144145593,420.6055034025773,12
79,8,1137.5849758855827,535.9562611481903,9
79,9,883.131901275919,680.7809543069541,6
80,1,979.4071330591196,712.08357480358,4
80,2,479.50943884158886,359.3992439137733,10
80,3,1282.1895190938033,667.407154907236,10
80,7,191.58524601889147,422.6302366606522,12
80,8,1145.02438866083,537.4089416342817,9
80,9,883.8834416481358,678.8111441125842,6
81,1,984.3503386034322,703.8701312754705,4
81,2,481.8738456426141,361.0373669722108,10
81,3,1279.881425664248,669.3886480972245,10
81,7,194.00835369903555,424.03638771044626,12
81,8,1148.2892798346436,537.8710641942866,9
81,9,884.8883905265773,675.1921611005919,6
82,1,988.5491581059878,697.8929305073899,4
82,2,483.6395943807,362.73481388997794,10
82,3,1276.5965091396129,673.1186076169737,10
82,7,197.13287202943246,425.2361478350023,12
82,8,1150.2415281098713,539.4942908285924,9
82,9,886.9584694687334,669.2551276788374,6
83,1,993.9274767969787,692.571960385807,4
83,2,485.1157974356368,362.057988085006,10
83,3,1272.4280674654342,677.6472493444495,10
83,7,198.71494117792628,425.3487901051919,12
83,8,1152.0579073459435,539.88379228055,9
83,9,888.8253890633997,660.9667178752926,6
84,1,1000.737324961849,687.2380446669348,4
84,2,486.528959615641,360.52464509689986,10
84,3,1269.2362341683538,679.4459415929974,10
84,7,201.10851667361547,428.2109080290331,12
84,8,1154.6842044556759,539.5770852237875,9
84,9,890.2930682237087,644.0650520025191,6
85,1,1006.7600726019252,677.8554383440487,4
85,2,489.1112418873745,360.7269988281169,10
85,3,1266.3768805619145,680.2820497303644,10
85,7,203.24342831837347,427.7958145148643,12
85,8,1157.281751569198,544.1286392900258,9
85,9,891.9837108685368,631.3951071018384,6
86,1,1012.1093058143211,668.2431337356948,4
86,2,492.5056545789682,362.68925649527074,10
86,3,1264.6621739785917,680.5126672348608,10
86,7,209.4058187205327,435.46523813088015,12
86,8,1160.8435196924015,545.2787897155956,9
86,9,895.5754470256862,623.2459412061805,6
87,1,1015.7500935431607,657.4078096480001,4
87,2,495.21894117403,364.4423410349042,10
87,3,1263.5634817868504,680.7158281409412,10
87,7,219.46780326837828,448.9318314080217,12
87,8,1163.7500859500008,548.8072321733717,9
87,9,900.5532452729107,621.5777611805197,6
88,1,1022.8115647015518,649.9061748374066,4
88,2,499.448689329432,368.0359058473503,10
88,3,1263.1065416907938,680.8421924179186,10
88,7,229.84498470620454,465.40079213752387,12
88,8,1166.5040507940075,549.9346159297185,9
88,9,905.3966690527132,620.8067889613634,6
89,1,1031.2967843841136,646.6586636039876,4
89,2,501.77033325175046,370.4867566572526,10
89,3,1261.2846650311087,682.5167820726422,10
89,7,240.44808795408537,478.751458538005,12
89,8,1168.1178635958802,555.1405637362408,9
89,9,909.0921903912007,618.9531810973656,6
90,1,1038.425201666975,643.7175794852452,4
90,2,503.3159771850952,376.9470720256325,10
90,3,1257.9781940643063,686.247656642802,10
90,7,250.5012371317745,493.8583852859542,12
90,8,1169.2884690226576,560.247061333896,9
90,9,911.34991491488,616.8467183397012,6
91,1,1047.7705131047321,637.3886741677876,4
91,2,506.95513413973714,378.9008430435559,10
91,3,1253.40108459452,690.7773959442408,10
91,7,260.51755804567796,507.34757455413484,12
91,8,1170.0398479316607,566.8553081288246,9
91,9,913.1138555054387,616.0796713578012,6
92,1,1056.2548861393645,633.021899851708,4
92,2,510.39190230669635,385.8312701208358,10
92,3,1248.3868563279723,694.2263968157616,10
92,7,265.8198958068917,512.019794174086,12
92,8,1169.8968934323386,574.0533272975566,9
92,9,914.6675482138376,615.8195243244401,6
93,1,1060.1802972110913,632.9943627516227,4
93,2,514.1543614489099,393.4627432295752,10
93,3,1242.2603612454197,698.7334444970415,10
93,7,270.47352785728043,513.115844877785,12
93,8,1167.9761987559777,581.6553995355831,9
93,9,915.2245088621165,617.4319774466773,6
94,1,1067.1181014089111,630.8648605902802,4
94,2,516.6856384270567,396.0700639476697,10
94,3,1235.7730699691308,700.8829370589992,10
94,7,273.788924742867,515.8683218345817,12
94,8,1165.0483252160814,587.7593929667846,9
94,9,915.8439718328008,618.0819077420223,6
95,1,1076.7164654504109,633.8006245903823,4
95,2,518.1128984377142,396.8588464384908,10
95,3,1226.960352440296,705.2311893635958,10
95,7,274.6048560837766,514.7067073751119,12
95,8,1162.974791010369,590.0542125685107,9
95,9,915.9605410084503,618.4697437718852,6
96,1,1083.4136507384746,636.0134898371036,4
96,2,518.5375138672626,396.942266923089,10
96,3,1216.470926372648,706.4068827155393,10
96,7,275.2580607343,513.8563464057129,12
96,8,1161.0682010393564,590.8016233346245,9
96,9,915.3718038048625,618.7132250206796,6
97,1,1085.8794950896204,638.4743395372568,4
97,2,519.1128145218573,398.99944606502606,10
97,3,1206.3327769843913,706.3162154938034,10
97,7,274.524989729716,514.4079181088508,12
97,8,1161.8190039075794,592.2983110258265,9
97,9,914.9975623811131,617.3414875915844,6
98,1,1087.0689989496047,638.0200243649147,4
98,2,519.7469211691198,401.79467430089477,10
98,3,1199.6121929173546,707.9755378777494,10
98,7,279.2277354303671,525.483925104208,12
98,8,1162.3402031041155,594.2944160734244,9
98,9,915.303321037141,616.874260073952,6
99,1,1088.7821804084479,637.7231250552542,4
99,2,520.4684435685832,404.88197041588234,10
99,3,1199.9723476012293,706.7962861155879,10
99,7,289.689267229281,546.2901113173531,12
99,8,1163.174325525632,591.6490456033328,9
99,9,915.3115757423287,615.1611573695609,6
100,1,1090.7060313161264,639.0583827183999,4
100,2,520.7784407316443,403.8452473294487,10
100,3,1197.8849707341221,711.9345025639395,10
100,7,299.60620825009704,565.8845086234535,12
100,8,1162.7311567852944,585.971448783823,9
100,9,915.3898146292223,619.4840839384071,6
101,1,1092.4692334560104,636.4256366548084,4
101,2,521.66858988039,404.24544971649715,10
101,3,1194.338254947296,711.5713749521258,10
101,7,309.0012441853433,582.9334493886663,12
101,8,1161.4946187935518,585.4296219817965,9
101,9,916.0631825630303,625.721205937239,6
102,1,1093.6985684021772,633.9792777414727,4
102,2,521.0792877221685,403.5105390860458,10
102,3,1186.9538125646557,717.5283110059844,10
102,7,317.61625205259395,599.1047902609846,12
102,8,1158.1201660190745,588.8314029726238,9
102,9,916.5084148958159,635.854262027428,6
103,1,1094.8778604744743,632.9732726545767,4
103,2,520.7374655803411,403.05298197891733,10
103,3,1175.5498630858667,723.5159012140028,10
103,7,324.5010550908668,612.9030534734396,12
103,8,1153.3487611739265,587.3636693916349,9
103,9,916.7632977410046,644.1142489406483,6
104,1,1095.9450105482854,632.5684132966421,4
104,2,521.1899772176688,402.7924225303339,10
104,3,1166.1295067974522,723.8716002752196,10
104,7,328.7976326056376,621.0829092549084,12
104,8,1160.416470847698,593.3546763817615,9
104,9,916.7676070692551,645.6604070933407,6
105,1,1094.872771369333,631.1652058581074,4
105,2,521.9351844669463,402.5127456857736,10
105,3,1153.2961198342214,726.5090857787307,10
105,7,330.87843577556333,625.4366821738121,12
105,8,1160.6230935037706,602.0161790366403,9
105,9,916.2336687176187,646.2297574579117,6
106,1,1092.9796354654043,629.4570894541214,4
106,2,523.9209523457547,404.3231544602828,10
106,3,1138.0635656256125,728.9789483596278,10
106,7,332.0054634577474,626.677945647206,12
106,8,1162.9256006330043,604.9136026274376,9
106,9,915.9682627693518,644.8583156476157,6
107,1,1093.8163945304527,630.1093224450176,4
107,2,525.4863105981244,405.90170041326144,10
107,3,1127.7688429839038,734.372338049539,10
107,7,333.1885846225694,624.9847181023725,12
107,8,1164.159946260459,607.3712102132399,9
107,9,915.3376025446462,644.3541154556478,6
108,1,1092.5501028598683,627.6844211297216,4
108,2,527.2396742780828,406.31730548954897,10
108,3,1121.9485681947847,734.1029962334766,10
108,7,336.1387057633879,623.6489147936086,12
108,8,1165.3141227758663,606.6233814535601,9
108,9,914.623505408098,645.7321712851507,6
109,1,1091.3615231117133,610.1097007615169,4
109,2,528.4611185248984,406.305363820067,10
109,3,1115.7441032454021,730.6258086440893,10
109,7,337.5092788214537,621.092127631478,12
109,8,1162.7084176496794,606.6404643171062,9
109,9,914.4036697169237,647.6977800409711,6
110,1,1091.0437546535898,584.2395832652417,4
110,2,530.3049219295674,407.0680039136525,10
110,3,1105.429561201801,725.1365571993831,10
110,7,340.87274641834387,624.5787147275228,12
110,8,1155.8450238730752,608.8963463764937,9
110,9,913.2767052267932,648.5039767305933,6
111,1,1090.3734818456765,578.0358278621052,4
111,2,532.6660259448081,409.2419644279777,10
111,3,1097.258553177521,719.6601866577226,10
111,7,350.47489978041676,639.8021327060713,12
111,8,1149.6310048130988,619.2468087948654,9
111,9,912.354104435492,648.8233198520644,6
112,1,1091.1898213269342,572.5436844240731,4
112,2,535.9494754793925,414.9981378656749,10
112,3,1089.73624019764,716.9058269725006,10
112,7,359.2787298493123,655.9542025460339,12
112,8,1144.925418431122,633.7150226193905,9
112,9,911.5514188369388,650.4776550444966,6
113,1,1092.1801848171374,593.3973853005431,4
113,2,540.0695159877346,424.13200648186364,10
113,3,1081.5629877034219,715.3360337704404,10
113,7,368.8820865025099,675.2980256084364,12
113,8,1138.0118265010894,647.0319728473445,9
113,9,910.2612333713905,651.2547355695383,6
114,1,1092.476802679645,602.4623879051968,4
114,2,543.698725747227,431.3435131002542,10
114,3,1073.2591222931367,716.8556837381518,10
114,7,376.2198035995786,688.0875232059446,12
114,8,1131.6445994635776,659.6205423873223,9
114,9,909.277482456643,651.565435892653,6
115,1,1090.348264626819,597.1604527855577,4
115,2,545.4903670278068,435.97474710814646,10
115,3,1060.9697032850786,720.1440136743191,10
115,7,383.2059679918754,699.7498059121111,12
115,8,1133.3260918441902,662.2444582625093,9
115,9,907.8467039247977,650.3195396665438,6
116,1,1093.8905844645774,589.795274574866,4
116,2,546.6024949019057,444.7399392233969,10
116,3,1044.4327721118082,723.1259019923486,10
116,7,387.8011814188861,706.6119978120797,12
116,8,1130.911338245831,666.3054364239258,9
116,9,906.928383491006,652.8654989485004,6
117,1,1082.6551027602065,577.7689688106602,4
117,2,548.6915236243366,452.7484777395279,10
117,3,1031.1132447125995,724.0019168231447,10
117,7,390.34114455539157,708.7547690527592,12
117,8,1129.3418040214237,667.7383861527524,9
117,9,905.6367140256002,655.4576555903066,6
118,1,1080.070217153436,572.9238997095438,4
118,2,550.5890449919377,455.4058379125316,10
118,3,1023.0528279204372,722.0674326544595,10
118,7,393.1028541222722,708.904709094916,12
118,8,1125.1521883805272,668.531055079436,9
118,9,904.0580509000017,653.4986812054308,6
119,1,1076.8235970302144,571.5259080264417,4
119,2,550.9996288565277,455.25447566733254,10
119,3,1018.1113579187465,717.6026667572337,10
119,7,394.99368320942614,708.5114037172484,12
119,8,1125.9393382376002,666.8293963464383,9
119,9,903.0479772135863,654.250597655224,6
120,1,1074.6918277797317,569.670681517717,4
120,2,551.6704735297104,454.9738512339407,10
120,3,1013.4587323430508,712.2819861973946,10
120,7,397.1004721927974,709.4239849721013,12
120,8,1119.616567991521,667.0383816424015,9
120,9,902.6942064891971,654.5204172180382,6
121,1,1072.9860143792819,559.3953979222044,4
121,2,552.081612290988,455.685987419773,10
121,3,1008.3884556608441,705.2931080164099,10
121,7,399.3335860033477,712.3317030835422,12
121,8,1116.1862033056714,664.309680214598,9
121,9,902.0783216875817,654.6429288958722,6
122,1,1070.8322113374452,560.777485924984,4
122,2,552.1641951863415,455.8328245579572,10
122,3,1002.049018084998,701.9499087235982,10
122,7,404.91710748173216,724.5641273609264,12
122,8,1110.5062267595574,663.8307046231776,9
122,9,901.4171528675298,656.2343284981827,6
123,1,1067.528566126632,551.9522225010152,4
123,2,552.3986879324436,456.7970460425454,10
123,3,993.1466877746468,696.1685854158948,10
123,7,414.72139059935245,745.2602349228589,12
123,8,1105.0500013247429,655.530526351776,9
123,9,902.7268336822241,656.6161340991418,6
124,1,1062.3266566373934,532.4716394684275,4
124,2,553.3700659131096,460.97650320988595,10
124,3,983.7094040749769,692.1814865444761,10
124,7,422.29035684133675,760.678889297849,12
124,8,1096.7032559326162,641.4587110910117,9
124,9,906.1782735580343,654.8082089652141,6
125,1,1057.4249605384464,516.8131136942761,4
125,2,553.8327902887103,465.43440371513975,10
125,3,976.2422522523581,687.0946402737183,10
125,7,429.4793983304984,775.2957048971745,12
125,8,1085.349292670875,629.6495068082619,9
125,9,908.9838428477116,655.3778266686978,6
126,1,1054.6158109651446,502.4264132885007,4
126,2,555.2263494695183,474.7677535630656,10
126,3,968.7725508120055,680.2722190443054,10
126,7,437.3271191862269,789.2485392015844,12
126,8,1073.066277064627,615.6957085441733,9
126,9,909.0217614413282,652.7824718178067,6
127,1,1053.1153318241181,504.66763092312954,4
127,2,556.9596252804847,485.8585538881839,10
127,3,958.9380322573317,677.4330575741494,10
127,7,442.948593082328,793.9209582324092,12
127,8,1071.0918601837275,608.6118604120627,9
127,9,906.4673724217186,650.6707230420444,6
128,1,1053.023293324082,496.74147847242045,4
128,2,557.8945542206367,493.73247565029686,10
128,3,949.065447072693,675.9560216209786,10
128,7,446.3075383950931,795.180805639497,12
128,8,1068.2765452966028,606.4482401627033,9
128,9,905.9721331221685,649.7951940625713,6
129,1,1048.6557513676596,483.793163438965,4
129,2,557.1057102911013,496.7332495340999,10
129,3,941.5057213476279,674.6725010840431,10
129,7,451.14413244838363,794.7897168723104,12
129,8,1058.159460253529,603.9520090527852,9
129,9,906.639600365547,629.6064109084358,6
130,1,1046.9883421126012,471.7962057510178,4
130,2,556.9706463709825,498.6134364349952,10
130,3,936.7603980209973,671.6860904277335,10
130,7,455.14149233251453,793.98966166207,12
130,8,1049.6930942055799,600.7230930530267,9
130,9,905.6035740506316,615.487726022438,6
131,1,1045.9900877489536,442.14787436069554,4
131,2,556.3239193377259,499.2267642221574,10
131,3,930.3324312586948,665.4665916903896,10
131,7,459.3543192653132,793.007285329178,12
131,8,1044.514752180992,588.8171396933054,9
131,9,907.2809962583096,595.3766842842778,6
132,1,1042.7247792099924,432.55392497876727,4
132,2,555.2506850353925,498.4550944603786,10
132,3,925.693433977382,662.1141652324822,10
132,7,463.1397959116946,794.7613394293685,12
132,8,1038.4119975681251,567.1375899333817,9
132,9,905.00098129045,578.4858895769594,6
133,1,1043.7147170270443,433.9411736673373,4
133,2,553.8914820360109,494.25476137967684,10
133,3,920.2243134472276,661.5575623517469,10
133,7,463.9007606891683,792.5974414604401,12
133,8,1031.4528115084433,547.9127139108136,9
133,9,907.6157945785093,548.9589617817863,6
134,1,1044.0303057375154,428.98591520703496,4
134,2,552.5481980380824,491.6879626270097,10
134,3,915.4531860794414,663.3912191019889,10
134,7,467.81430740615974,795.1013135475142,12
134,8,1026.0439001207046,534.4171433062772,9
135,1,1042.5325180845439,410.10835159254526,4
135,2,552.2706819193126,491.59790094290804,10
135,3,909.8873842260411,661.7838271342107,10
135,7,474.20418309157725,803.1546668065914,12
135,8,1016.4623957233715,529.1659796442377,9
135,9,919.3666719118221,428.06870145746626,6
136,1,1040.6331094626753,395.36342157895484,4
136,2,550.9969222404756,491.6540600277477,10
136,3,902.9116896157127,659.0354525551763,10
136,7,481.4386102778369,811.8440038432926,12
136,8,1006.6673588169725,521.4523351261483,9
136,9,923.2162630176664,398.99477262509254,6
137,1,1032.3368122781017,390.45224618957286,4
137,2,548.3873804265437,492.88703924389006,10
137,3,894.2244308822202,656.0115827045679,10
137,7,488.466350360904,820.7662155103172,12
137,8,1000.1767237257231,519.36151294861,9
137,9,918.765013220392,471.15158831765217,6
138,1,1023.9565085990137,388.8431803782391,4
138,2,546.9493695708443,496.27242311023684,10
138,3,893.3759221652083,651.6301141898224,10
138,7,494.5052254766439,828.536119642191,12
138,8,997.8320893578547,515.3744164358698,9
138,9,913.1968317209364,456.9232341628328,6
139,1,1015.5695778579595,388.3908561717011,4
139,2,546.5053736945869,497.5086834719496,10
139,3,882.3375338211883,650.155303998216,10
139,7,498.03049533299185,831.1289302186598,12
139,8,989.879483883827,511.7261639464242,9
139,9,910.1215089731539,448.62734098759523,6
140,1,1014.9957273413604,386.16801051899216,4
140,2,545.7786053247559,498.00533505212195,10
140,3,875.813272453337,645.5235786276735,10
140,7,501.8636398276896,832.7706613826939,12
140,8,983.895461940368,503.98345021484454,9
140,9,908.4419724144551,448.7870767958664,6
141,1,1012.5815669308072,387.94048561954264,4
141,2,544.1401483298433,497.3571362823875,10
141,3,873.772387078433,636.0921333730673,10
141,7,505.8900948749105,832.7913914268706,12
141,8,982.1246844578526,484.85474651525516,9
141,9,908.4385690042742,448.0726740513655,6
142,1,1008.9436760789977,386.2581352042522,4
142,2,542.970381149965,497.11668725605165,10
142,3,869.7360172837012,626.8434780998847,10
142,7,510.0214202252162,830.9234645615114,12
142,8,978.8766820022985,466.9550086251133,9
142,9,906.8188555314727,452.1377656087621,6
143,1,1005.7775128221667,392.24711094152184,4
143,2,542.0018142294142,497.0852445553833,10
143,3,859.7087401168109,616.843456175915,10
143,7,513.7518524355146,829.7649415334085,12
143,8,980.1023298006712,435.88872369796894,9
143,9,910.0247796225658,446.64715788756166,6
144,1,999.8887049144454,402.43713549308603,4
144,2,541.6634816331609,497.0046918644534,10
144,3,853.7753565700541,610.3706826967824,10
144,7,517.2332220002028,830.1346600598006,12
144,8,976.3793748486625,430.6130285583447,9
144,9,910.85726289148,450.6388344642329,6
145,1,994.34107125029,405.9050707443416,4
145,2,541.2120382679285,497.9602466599939,10
145,3,848.1063748527961,608.690885782994,10
145,7,521.4097180023789,833.5046800228614,12
145,8,959.8480997985338,405.8246208298325,9
145,9,900.7240818759683,451.88728787962964,6
146,1,988.0983910597428,382.7803135853828,4
146,2,540.6009966853143,496.3789996222879,10
146,3,843.5815463391668,608.66146754388,10
146,7,525.2618696009741,839.3109059901988,12
146,8,952.3604278738703,414.47439477330556,9
146,9,892.1350695863046,449.35838526380525,6
147,1,981.7410095506879,363.9734302607741,4
147,2,540.402868372485,495.7779356999704,10
147,3,840.7864333124014,612.3243613663054,10
147,7,528.1179112291917,844.8968516310921,12
147,8,953.9899627816981,410.98522424683006,9
147,9,888.1782525942168,448.67961215131237,6
148,1,975.270871055528,339.3311642454127,4
148,2,541.1420330605658,496.4082000002477,10
148,3,839.4690069595613,613.9329207861796,10
148,7,531.0711078563212,850.2939352192553,12
148,8,948.8735343339348,404.9310805062667,9
148,9,889.9117915199187,445.2254729899687,6
149,1,966.6781082638445,318.97235905539446,4
149,2,541.9851708756725,496.5450530156098,10
149,3,837.5012821437767,613.3030633594816,10
149,7,534.4708191604021,856.7244173842113,12
149,8,945.5649287039814,417.7519076002722,9
149,9,891.9486940548702,444.7738829509692,6
150,1,962.0661639464644,305.1016922449814,4
150,2,542.3269464993205,496.5600320600134,10
150,3,837.5527628361391,613.0622235267384,10
150,7,540.1011908654476,860.7691108260436,12
150,8,940.6719934380226,439.73793243894124,9
150,9,891.420872476411,441.047772272836,6
151,1,958.0685610118652,290.2705747178779,4
151,2,542.6948329638788,497.41741447027505,10
151,3,838.6549656308698,611.2489157886869,10
151,7,545.4063967973277,864.0468728333387,12
151,8,938.0107150635173,450.0423594257437,9
151,9,890.8497653731117,430.0641420242562,6
152,1,952.1944115425786,279.9841350669967,4
152,2,541.8364913756517,495.9804450802985,10
152,3,838.8226224619257,605.8443711940918,10
152,7,548.5251242647761,867.3451673614024,12
152,8,937.6366586735054,444.54816282755553,9
152,9,889.1853839702635,431.99324487713284,6
153,1,948.2822333325491,267.5414588345501,4
153,2,541.2099778362489,496.50681474012674,10
153,3,839.8752621587813,600.6210995417432,10
153,7,550.6872548947041,871.9158129273509,12
153,8,936.9990896478483,426.87237937510605,9
153,9,887.9716768345608,432.038676990515,6
154,1,942.5813630698761,268.73090941315155,4
154,2,539.6279516771464,495.91339957029874,10
154,3,839.6026434902767,595.5573428060104,10
154,7,551.3533527359581,873.4791472708915,12
154,8,933.8197041546754,413.5694297405207,9
154,9,888.0458968243959,429.14391827894195,6
155,1,941.6279868323488,238.17757429709687,4
155,2,537.8907753505305,495.7987628294068,10
155,3,841.6659687427317,578.5504937684166,10
155,7,551.9044720497262,873.8510342181607,12
155,8,930.8859159542519,403.01905419069294,9
155,9,888.0836457996173,427.13627762479564,6
156,1,939.4783351137236,266.77273046922153,4
156,2,535.7326190123939,492.03971127915537,10
156,3,843.6682517667289,558.2061631409415,10
156,7,551.9953080454079,873.8248684606126,12
156,8,929.3574297972401,396.14456644562864,9
156,9,888.6371499209081,423.3724909259699,6
157,1,937.9801358307303,255.81758978969324,4
157,2,533.4770476897991,491.86824361571684,10
157,3,846.4650107217649,538.1049087525349,10
157,7,552.3516251641353,873.6814770357156,12
157,8,927.1901871172173,396.372033059206,9
157,9,887.4239299060821,417.4240918166399,6
158,1,935.7317537439741,259.6892880860346,4
158,2,529.609608710708,489.34856857234223,10
158,3,849.990376608575,525.1402949552005,10
158,7,554.0613245436308,874.4703140979113,12
158,8,925.9651832772971,396.7816044741043,9
158,9,886.442240242711,416.3064411955153,6
159,1,932.0323408245016,276.269554034763,4
159,2,525.8391436061678,483.87119333043256,10
159,3,851.6857947739774,516.964633379794,10
159,7,556.0466509052636,873.3145808228809,12
159,8,920.8581734500553,406.198341621173,9
159,9,886.4142818274614,409.0186304356693,6
160,1,929.6570612696484,289.60942884812226,4
160,2,522.0578180579158,477.2411659215523,10
160,3,853.7047545977932,508.60423914893835,10
160,7,558.7492454349699,874.873502881542,12
160,8,916.0460248977631,406.0211447509148,9
160,9,888.4846420058168,412.0730278370085,6
161,1,927.0869722887945,296.07267375051464,4
161,2,517.8823480229416,473.21093977090766,10
161,3,858.1627867152762,499.7880308175801,10
161,7,561.144404951881,874.0440746352281,12
161,9,899.1035423308705,405.94481449099135,6
162,1,924.9467319160673,296.4159358708181,4
162,2,513.8080247220065,471.11976178223154,10
162,3,859.5080531461896,493.17172850392774,10
162,7,564.0888137520353,874.5097983207727,12
162,9,900.6134293184102,402.02547941128375,6
162,8,911.1559286942579,403.2364039997333,9
163,1,923.7691410147842,303.4964205169551,4
163,2,509.5798026206103,466.7881320602884,10
163,3,861.4828054252596,477.55670672823624,10
163,7,566.7572902049046,875.580098650665,12
163,9,893.2485700068154,386.4217052419327,6
163,8,906.4175671269064,459.9293097074751,9
164,1,922.0219401800704,325.23857146068156,4
164,2,506.0267399948678,466.54296807040527,10
164,3,865.8140795286212,465.7515686384003,10
164,7,568.6512476795932,874.5992688881489,12
164,9,895.4950890632815,411.06414551026944,6
164,8,905.0903408941699,474.8997527818172,9
165,1,921.7579479144767,321.3246239283435,4
165,2,503.3087063739221,467.7561111114034,10
165,3,865.621722492208,459.17047247183456,10
165,7,570.2625376150661,872.8656750516622,12
165,9,894.7081209127143,408.1617138345852,6
165,8,904.2901837712508,482.48700825286335,9
166,1,920.5954951537085,347.12389427931265,4
166,2,500.91226318523996,467.4989868658487,10
166,3,868.1543069293385,453.8518681187485,10
166,7,572.8830146656039,873.0342928339443,12
166,9,892.7454642662105,413.43746039653655,6
166,8,905.138768877932,481.38314185067446,9
167,1,920.1276810891961,352.2674573443143,4
167,2,499.19356015437796,468.5648332133364,10
167,3,878.3471561970449,465.0898843513509,10
167,7,575.9075867277257,873.935996769126,12
167,9,892.402123829308,423.3556129586536,6
167,8,906.6507598123857,474.9655343750276,9
168,1,919.2964150960393,347.84888219488056,4
168,2,498.32641689616986,468.10540835359956,10
168,3,884.8103155320428,468.6787509451758,10
168,7,577.6197328324232,871.8057065295264,12
168,9,890.0859090034692,416.4693509636113,6
168,8,909.2179898888373,457.7207502640718,9
169,1,920.1502929226197,367.1302002290439,4
169,2,496.69530461416605,467.14762010092784,10
169,3,889.4098447669251,468.02622332676066,10
169,7,579.5105753190015,870.7699115820762,12
169,9,887.7868730055708,422.0873992671294,6
170,1,920.883371865523,362.5780929215089,4
170,2,495.0071188814494,466.98890611438026,10
170,3,890.4288988325819,466.1121871753156,10
170,7,580.7023525464667,869.0641537610826,12
170,9,886.2898090657945,423.2478033924685,6
171,1,922.3481198526478,356.1706107441744,4
171,2,492.7509349987548,465.1916337082424,10
171,3,891.4695198499759,469.7399855452525,10
171,7,581.8609836959815,869.508879660585,12
171,9,886.4098616630174,425.5988193149998,6
172,1,924.2427521371279,355.4588436458806,4
172,2,490.2148057462751,466.81143249386196,10
172,3,892.9820930681392,472.6911971854636,10
172,7,582.2440629540015,869.653034469649,12
172,9,883.4103041301349,409.7563137598432,6
172,8,902.8997948458556,433.9780076918284,9
173,1,924.0339712959819,367.05461885999745,4
173,2,486.18690516796056,466.9285969800249,10
173,3,894.4167602402008,469.8379441066332,10
173,7,582.418606875506,868.5149141006837,12
173,9,883.0404833807994,407.67146739931155,6
173,8,905.9576099058147,435.6428884669261,9
174,1,925.0935848983312,366.7797326158971,4
174,2,481.2853443678988,463.40302591736116,10
174,3,894.9767579220278,470.8141898288423,10
174,7,581.964441303488,868.1018638158736,12
174,9,881.7620980246323,420.30370262579925,6
174,8,909.4034044972881,440.7056969995859,9
175,1,924.3633509648906,368.8758798583933,4
175,2,476.01981313373096,460.66560946906725,10
175,3,895.0208663981883,469.36817402770964,10
175,7,581.3971666673322,866.8672359192343,12
175,9,881.0995410184335,433.02611678037454,6
175,8,912.9439872870353,438.5234565289908,9
176,1,923.8921486838966,386.4139506835382,4
176,2,472.2299616819519,466.0102275353361,10
176,3,896.5554977863831,466.7032971591489,10
176,7,581.5643144671513,866.3245702624152,12
176,9,878.8023418750273,441.95776006918754,6
176,8,912.1083155989704,454.87213806868976,9
177,1,924.4908809899651,400.7715624692151,4
177,2,465.6130719658356,464.82251091875924,10
177,3,897.1269167695716,467.57525246425234,10
177,7,582.0190781367153,866.08679371504,12
177,9,878.5911092503085,447.1266263599965,6
177,8,914.511326555716,460.1320922751604,9
178,1,924.4654468449602,392.7992151119499,4
178,2,462.6695802970191,461.3970524450603,10
178,3,897.2159277835414,466.1602099895495,10
178,7,582.48978011305,862.3621325811829,12
178,9,877.8427181757211,446.16766926388436,6
178,8,914.8943295984955,461.1002095029763,9
179,1,924.4645641600019,389.40856458290597,4
179,2,457.74854275859013,457.6256362609839,10
179,3,896.1127646835866,467.8086986352386,10
179,7,584.7555545252695,861.8521088600687,12
179,9,878.8185337860247,447.46375104129487,6
180,1,923.2644358672195,413.8857030897489,4
180,2,451.9449664865933,448.51360158751817,10
180,3,894.9830778968659,466.5936002320946,10
180,7,585.7887567906045,859.2368659711021,12
180,9,877.3578987848111,445.2342816309019,6
181,1,922.3842710539049,427.6032688519406,4
181,2,447.7423217918667,450.6900466804759,10
181,3,895.0647860501648,466.1563908145052,10
181,7,588.6953746325065,855.5224801590552,12
181,9,875.0279653521283,442.6215029485937,6
182,1,921.6084146194344,437.4924542123097,4
182,2,444.9059370966514,452.8012214416508,10
182,3,893.4039659897622,468.2054755420585,10
182,7,589.7702291302327,849.3061890690707,12
182,9,871.8225479306342,440.9189516235372,6
183,1,920.7936935136804,442.06677334856585,4
183,2,440.4301694841596,450.0256520573082,10
183,3,893.8254058582729,466.933225704736,10
183,7,591.9353899021794,846.7184746023377,12
183,9,869.4575652707634,440.4086606464996,6
184,1,921.0543017280453,443.46489059792333,4
184,2,437.6697859007382,449.22258182754575,10
184,3,894.5201542171401,466.3850353709716,10
184,7,592.7679517936939,844.5873039392679,12
184,9,870.4201687567399,440.9050615073584,6
185,1,921.7335889392613,442.6908640963242,4
185,2,437.3551173857781,453.033672731773,10
185,3,894.1581601837335,465.35294906302937,10
185,7,595.3826609580483,847.1970132886954,12
185,9,869.6513004238062,441.21578603090455,6
186,1,921.8538436423115,435.4179695204446,4
186,2,437.0903097482093,455.59682904133774,10
186,3,895.783103599627,467.5598177710226,10
186,7,599.8286779198819,848.9482669626916,12
186,9,868.1316066522703,439.5467796630238,6
187,1,921.9476484253656,433.3609529379198,4
187,2,436.49406024387287,454.5509227151053,10
187,3,896.9696338827415,468.2984311436697,10
187,7,603.6406347155984,849.3159809321593,12
187,9,866.8175896296902,434.9914191913749,6
188,1,921.9417938284089,430.5196825001841,4
188,2,436.7012086265613,455.21472039057835,10
188,3,897.4661280373317,470.4707894202721,10
188,7,606.3940238829251,849.3311377587596,12
188,9,865.7819473605076,433.3923497230849,6
189,1,921.3302742129255,428.3778016880038,4
189,2,437.2075053468414,458.4654076308631,10
189,3,896.467601372849,471.46267730512034,10
189,7,607.8259608928039,849.2628814809883,12
189,9,864.8419748536014,432.8201173417387,6
190,1,921.0422805685928,424.56200957848125,4
190,2,435.72454049651225,457.9230207232611,10
190,3,896.0748177004302,471.85822227700055,10
190,7,608.2999341061762,849.2768025878637,12
190,9,864.530404123984,432.64379957250475,6
191,1,920.4690183476198,427.020750354542,4
191,2,433.208047274842,456.97806731778087,10
191,3,895.361328624228,472.04718372809845,10
191,7,609.1611053272065,850.4019159465773,12
191,9,863.8751760102161,432.6512257417752,6
192,1,920.2366031957856,426.9884080816858,4
192,2,431.197434829961,458.8900868978997,10
192,3,896.6380069146925,468.1561147128968,10
192,7,609.4153335206502,850.880436306655,12
192,9,863.2006510484795,434.7695540300946,6
193,1,919.843929929481,414.0288973430874,4
193,2,429.10630924502914,462.8801252712245,10
193,3,897.6539876738814,466.6486181954441,10
193,7,609.0114461224764,851.1545941406255,12
193,9,862.8721990772984,433.6201641465549,6
193,8,922.0920436217572,434.24112814915003,9
194,1,920.9016814951356,410.87650558548006,4
194,2,426.3440260495182,463.70036218351555,10
194,3,890.4309236715175,472.87472561135354,10
194,7,609.2421226662069,851.2029439645783,12
194,9,862.2044696676891,433.29649586165743,6
194,8,923.5175419661762,431.96383809482336,9
195,1,920.6979931352124,407.76353974567,4
195,2,421.8381161086676,464.52488784030123,10
195,3,886.7488553432239,471.4901996536584,10
195,7,609.2652439669912,851.2402531485614,12
195,9,861.6343411024309,437.2131865691295,6
195,8,924.1075416750683,437.3445223889429,9
196,1,921.8349527815227,408.43396009705594,4
196,2,417.56607283631155,464.14410851804445,10
196,3,887.1348097384714,468.7629386786933,10
196,7,609.6744936514472,851.1819492152221,12
196,9,861.9142990813988,436.574965016398,6
196,8,924.2745446471785,437.27623092104625,9
197,1,921.0750517900301,406.84689018257865,4
197,2,411.5432392840047,461.5792855010417,10
197,3,889.3279228630118,473.2684820125497,10
197,7,610.2318366848815,851.0890128198351,12
197,9,862.0461968426686,436.3122097806811,6
197,8,924.2685568468887,435.2828848769329,9
198,1,920.0949037569336,401.30462031334355,4
198,2,405.7991986394961,459.0298468207494,10
198,3,890.598945516468,472.997925496574,10
198,7,611.3115317492264,850.9487278744323,12
198,9,862.0755708757268,435.2450820074794,6
198,8,922.6367221293388,439.72462683409213,9
199,1,919.5719268673246,393.1055804261208,4
199,2,402.3732330436069,459.326591453068,10
199,3,889.2469095430371,469.4295775679062,10
199,7,612.1224952439102,850.8331936093354,12
199,9,862.6792413142789,434.7575017323403,6
199,8,923.6061536624708,436.257270672525,9
200,1,919.9002586135555,387.88302772619977,4
200,2,397.9479092222085,458.86713716642686,10
200,3,889.6079533079067,475.52543068024676,10
200,7,613.2846505587648,850.667626649651,12
200,9,862.1726585780583,431.67875183903925,6
200,8,923.8555645499696,429.951671544248,9
201,1,920.3410129431153,373.4094303564906,4
201,2,395.2063514679076,458.9236236894143,10
201,3,889.5162879353043,485.1480568430086,10
201,7,613.3847573069414,849.4612758487995,12
201,9,862.6928767651611,432.4472280159527,6
201,8,926.2799810142533,429.33063507290376,9
202,1,921.3067427106973,376.46286074359796,4
202,2,392.7907686158874,458.16616297244207,10
202,3,892.4310427832254,491.9767348688541,10
202,7,613.0821733422099,847.8618673368936,12
202,9,862.9148477925536,432.7701255145746,6
202,8,928.4188206777981,430.9797193917142,9
203,1,923.6366636553304,386.776204018521,4
203,2,390.255641277117,458.14525884158695,10
203,3,893.8095970253322,501.74717633716403,10
203,7,614.0020532844225,849.5631150302643,12
203,9,863.1763666422625,435.88059726900104,6
203,8,930.9259185776357,431.3824152230219,9
204,1,925.7154474491722,366.68793943182385,4
204,2,388.76396088384456,458.2258713447261,10
204,3,895.0232629808081,496.372848413419,10
204,7,615.0629304961346,851.3070032710224,12
204,9,863.2059712291409,436.0533141289659,6
204,8,931.7507854794468,427.5990678049887,9
205,1,928.9009330821686,357.45455108539505,4
205,2,387.7205444881385,458.33328282087666,10
205,3,905.3022506128957,498.1484905404614,10
205,7,617.8637078954937,857.6736797295835,12
205,9,863.3482858788295,438.06609464858855,6
205,8,932.5914957012392,424.13086528239194,9
206,1,932.8555142568523,341.7661674313564,4
206,2,386.8543878129933,458.48423972291846,10
206,3,895.2240658960924,502.6005532946145,10
206,7,620.1831835391936,859.8150256236373,12
206,9,862.146835243099,437.02736083321184,6
206,8,933.5853418130419,430.7496878359976,9
207,1,937.7098691456644,358.4239445201701,4
207,2,386.2839782636022,457.4992372510781,10
207,3,890.2337696056723,502.5346579805224,10
207,7,622.5116944798962,862.7430171867951,12
207,9,862.2155791050913,435.5124855740269,6
207,8,935.9703879259747,417.0627123744682,9
208,1,943.0328336242655,362.85089721741207,4
208,2,385.91072423170573,458.1587229746897,10
208,3,887.0407763586004,500.75527315534947,10
208,7,624.2223920898234,863.6267612529252,12
208,9,862.1903167952819,433.89788739817055,6
208,8,937.3729418129848,406.50995901758375,9
209,1,948.3116403627442,335.5788055021443,4
209,2,385.8749765111015,458.44282849218166,10
209,3,888.2133885885654,499.6634563010762,10
209,7,626.5939530071188,867.239574681198,12
209,9,862.1914688571875,433.298406195284,6
209,8,938.1107258376582,420.0067495263953,9
210,1,953.902777949894,312.0401268377608,4
210,2,385.5919869538215,457.53152195106617,10
210,3,884.5250499374163,496.1609600409876,10
210,7,629.608410692435,871.7327612920374,12
210,9,865.6870956757186,443.4226642488362,6
210,8,938.8962360471589,423.8479387258847,9
211,1,959.7136404595773,317.4198712302039,4
211,2,385.3123648030046,458.29344178024775,10
211,3,886.179341741258,498.01413967248993,10
211,7,634.2673179103774,882.1081855060157,12
211,9,863.7197792631295,439.8642536851709,6
211,8,938.5068644601569,420.5275784950328,9
212,1,964.9205856709249,296.9341440291511,4
212,2,385.38505200776297,460.64990117390096,10
212,3,884.6062786977809,500.8247151274191,10
212,7,637.3940570618072,887.9760025734164,12
212,9,862.3600302815905,438.6085887213116,6
212,8,940.5960705556545,416.9639384533279,9
213,1,969.8366106016839,315.9701414996783,4
213,2,384.7293015829151,464.7933077462105,10
213,3,884.5324160929503,500.05803914910206,10
213,7,640.9139093025182,890.9079433850206,12
213,9,861.2082132895064,437.2536752230597,6
213,8,942.0046158608558,420.6144952092066,9
214,1,974.6284405223206,321.46028441302053,4
214,2,384.6391336072253,468.3755304739371,10
214,3,887.9166441574135,499.21547694949686,10
214,7,645.5670323546149,894.7957521985032,12
214,9,860.2156896531018,436.846615129091,6
214,8,943.1353600052283,425.8162645928047,9
215,1,979.9407217378958,327.5445802522363,4
215,2,385.0233705853523,470.6597118167075,10
215,3,890.8923105601094,500.43783948213115,10
215,7,652.2172463227266,896.5537876330684,12
215,9,859.6720132204193,433.7130201865464,6
215,8,944.0605743306864,423.8651408861378,9
216,1,984.9380059725946,320.77399725984696,4
216,2,384.8550485001927,470.47821739905476,10
216,3,893.1421560381793,500.6403833779019,10
216,7,658.4849499426634,896.5419251207945,12
216,9,858.1859903127099,430.66156047607996,6
216,8,944.3467300136106,422.0263070877775,9
217,1,990.3279558792773,318.81446206490097,4
217,2,384.8170466966614,470.3462611637146,10
217,3,892.3969971507885,502.7486389105642,10
217,7,665.6386953116047,894.5996320253129,12
217,9,857.0368004198881,429.6485709088945,6
217,8,943.2747301906861,421.51740831673374,9
218,1,995.8265102369929,318.7172925941803,4
218,2,384.5125775177454,469.1980856022178,10
218,3,891.4096938574693,499.91247079035116,10
218,7,674.1583294176783,894.0054006079372,12
218,9,853.7906777560781,429.6346754630484,6
218,8,943.9400662784676,417.0979023346403,9
219,1,998.4267007877169,324.195416594747,4
219,2,384.4490753464213,468.7481564511083,10
219,3,889.7755203758998,495.3112598438425,10
219,7,680.550909264657,894.3507348087777,12
219,9,852.4309786408099,436.6620363055158,6
219,8,944.2067467803254,418.4644955673652,9
220,1,999.3658748918375,326.31290812784437,4
220,2,385.07235629945677,468.4955092931831,10
220,3,889.226517915703,495.43263888387145,10
220,7,684.524665143794,891.9580670081299,12
220,9,849.5454191545311,437.6838772573694,6
220,8,944.3084842535533,420.00889980009305,9
221,1,999.614154717857,326.00666840244867,4
221,2,384.9925767174827,467.35779452947213,10
221,3,887.4937993086747,499.3182201134862,10
221,7,687.4012511984458,889.6277253127024,12
221,9,847.7528426630921,436.1523246054535,6
221,8,943.1943632977916,422.7505769607464,9
222,1,1001.9496677155627,324.45959327503203,4
222,2,385.3310129427796,467.9288222785644,10
222,3,888.9443778889048,496.80962434848504,10
222,7,690.1010585673638,888.4640824648625,12
222,9,845.9627698919799,435.727443502735,6
222,8,942.7277938595234,420.77517756934026,9
223,1,1006.9556166710115,321.04029971248076,4
223,2,385.13146961177154,467.1072536394474,10
223,3,891.3829263089102,501.04037263325415,10
223,7,694.4345904565903,889.7110753823915,12
223,9,845.3325531351628,435.5314146279699,6
223,8,944.2387723696348,418.70501389345685,9
224,1,1012.4345437614255,317.12316934184196,4
224,2,385.9670542559549,467.7431384065189,10
224,3,890.9336163939499,497.40140278333166,10
224,7,698.3056411551281,890.9684926303014,12
224,9,843.9373069771666,435.66981561482174,6
224,8,943.612635906667,418.2173073194619,9
225,1,1017.4926803067456,315.1140293714168,4
225,2,386.57498084007636,466.8024800979275,10
225,3,888.1824838285952,499.95445472826606,10
225,7,702.8734679888416,889.7815628312467,12
225,9,840.0514656547055,436.1519832964862,6
225,8,944.5651283932237,417.7649895990436,9
226,1,1018.600690015295,314.70265428000937,4
226,2,386.8586257046157,466.62259034419753,10
226,3,886.4858336763322,499.3426353396612,10
226,7,708.5869141330735,889.9359798626099,12
226,9,836.9084042929094,437.72352929085787,6
226,8,947.825432495646,417.35272952931695,9
227,1,1020.7962028588443,312.0246026770384,4
227,2,387.82077665620875,467.30902315330735,10
227,3,886.4037155775954,498.92444329553234,10
227,7,714.2637735720004,890.5068198789844,12
227,9,833.2929929158194,436.6119727883847,6
227,8,946.6566667889862,417.4575758762313,9
228,1,1025.1111172505452,311.7327776524831,4
228,2,388.7876948279233,467.6033505959641,10
228,3,886.3656081622786,498.84804575185586,10
228,7,720.3719117868503,889.0528595941192,12
228,9,831.8113298154158,441.24036677963494,6
228,8,947.371232584414,418.42294758339796,9
229,1,1029.7551636920225,310.1520995712266,4
229,2,390.410328310565,469.590990442301,10
229,3,886.2843082957253,497.01357535329635,10
229,7,727.7485787141758,890.0051119854002,12
229,9,829.874414405551,439.2891506570698,6
229,8,949.3725791604979,417.59376673907656,9
230,1,1034.4468316193384,309.1594345931719,4
230,2,391.57776113100164,470.22109915929605,10
230,3,886.8123628334605,496.23782939444663,10
230,7,735.5474538109281,891.8237369847919,12
230,9,828.299372705665,434.6531323540164,6
230,8,948.3176756139973,419.508760112706,9
231,1,1037.869997925868,308.65248064737165,4
231,2,392.9987855030405,473.41838795555094,10
231,3,886.2925700681648,492.46130924158194,10
231,7,744.3141948167782,896.0715432072967,12
231,9,827.3830415555243,428.05357095392407,6
231,8,947.3259846875968,418.47416913114154,9
232,1,1040.9985235273373,304.8561899506159,4
232,2,394.7371334908,476.3513901892636,10
232,3,885.716119802194,494.6697131498915,10
232,7,749.8535740720178,897.2663097885749,12
232,9,827.321027171759,428.444407677643,6
232,8,949.2748914709304,417.63042441389194,9
233,1,1043.1676199227093,304.53487301790045,4
233,2,395.15725954444645,478.67377988512413,10
233,3,885.9051855029667,492.0015745009226,10
233,7,752.7776823997674,899.7921641972223,12
233,9,828.9417415044462,426.54323950228854,6
233,8,951.2127308294404,419.2391035752242,9
234,1,1044.3713124494707,306.3727828716934,4
234,2,394.9361729752601,478.3207430734353,10
234,3,887.2958749448211,494.19158379033826,10
234,7,755.7813370363658,902.4518668909683,12
234,9,830.7773893090879,433.53078141486935,6
234,8,950.1077388578236,418.9340660160254,9
235,1,1047.8178849032872,306.781878729276,4
235,2,394.2830084856491,478.3715271242385,10
235,3,887.7284251686534,493.3656911757667,10
235,7,761.8297942013755,904.9081915097669,12
235,9,831.1545953444677,446.1871259268969,6
235,8,949.1083357204233,418.03391926723754,9
236,1,1050.8092162471753,306.53757635396505,4
236,2,393.92356248853,478.19754259163136,10
236,3,888.4133701258069,492.8117528122696,10
236,7,768.6544242621706,906.1172065406815,12
236,9,830.9663415397022,461.4050230642448,6
236,8,948.090246921322,416.6218611580331,9
237,1,1050.4549883782718,306.7887060023789,4
237,2,393.54635987039006,479.2510014907525,10
237,3,889.2350450869283,492.62972404563703,10
237,7,774.402688574861,908.2287052155567,12
237,9,830.0303594808457,470.0978787513307,6
237,8,948.8762211860396,418.00115981556553,9
238,1,1050.9179705749964,305.825787835505,4
238,2,392.4954011151427,478.86153557426223,10
238,3,890.0702267788789,492.6107904520491,10
238,7,777.657350030341,911.0029237479549,12
238,9,830.5036408474054,477.07956101740604,6
238,8,949.1394831522225,418.65324618880265,9
239,1,1051.1083138272722,303.159200061652,4
239,2,392.09279964500905,478.5805253842222,10
239,3,890.9546694513392,492.41958741298913,10
239,7,779.0032537106846,910.8005498721348,12
239,9,830.1613569168846,479.54476763938453,6
239,8,950.412879521069,419.6013816403633,9
240,1,1052.587339763007,298.54267213253115,4
240,2,391.42258142168055,478.5203540610134,10
240,3,890.3229290886317,494.2846072873086,10
240,7,780.7899983182729,911.5270202970997,12
240,9,829.9820238406267,478.4490873320208,6
240,8,949.7991116685769,419.112993520189,9
241,1,1054.1674707608092,298.8593435823651,4
241,2,391.1262392241041,478.3824153954383,10
241,3,891.0810673853283,492.9374267332992,10
241,7,782.9363532827571,911.4619959155335,12
241,9,829.2457017709888,483.56248259261633,6
241,8,950.1163411955097,418.7769406989189,9
242,1,1057.2746739370643,295.49076787719866,4
242,2,391.3676560732032,479.4810556399544,10
242,3,891.8930422174451,492.5299757543672,10
242,7,785.6673321123492,911.194929538956,12
242,9,827.8479255699544,485.7233003035476,6
242,8,951.3392705843509,418.6640230255774,9
243,1,1061.183861506221,287.8790943835787,4
243,2,391.0510948176024,478.57504496754825,10
243,3,895.5956706420413,491.61726297986337,10
243,7,788.2199319465481,907.4374306517346,12
243,9,826.779930038408,486.19472558663153,6
243,8,952.9927321628064,419.08878741228847,9
244,1,1064.668876176184,280.5313552460984,4
244,2,391.0307515458937,478.55534617239476,10
244,3,898.0009192654638,489.5715309440897,10
244,7,791.1639705603595,905.8446152530048,12
244,9,825.8369969651766,486.62672593500315,6
244,8,955.3145364028658,418.3692576660174,9
245,1,1068.6826089093681,272.59225087153715,4
245,2,390.9487581600509,478.2723456067853,10
245,3,899.655286535054,493.9905853527498,10
245,7,793.820878676672,901.6369390584119,12
245,9,817.0023100427047,485.8391451102171,6
245,8,958.5052568031667,416.5190992319614,9
246,1,1072.1157998199094,267.2407309064219,4
246,2,390.9625874906629,478.29301091333787,10
246,3,899.0669591512795,495.96659015117945,10
246,7,795.3465052385211,898.9265709875814,12
246,9,810.2434975786733,487.9221266091531,6
246,8,961.3714625871511,411.82880333118084,9
247,1,1076.7186094457961,263.66064234574264,4
247,2,390.99112802718383,478.26610768235525,10
247,3,899.9842842501643,496.5299481850599,10
247,7,796.1995788044669,897.8466247078408,12
247,9,804.7541064219122,487.1692816140525,6
247,8,962.4957305460706,409.98148047094963,9
248,1,1081.2932365852637,260.93255850618056,4
248,2,390.9528099575624,478.2944504128202,10
248,3,900.3133721713101,498.5911095024603,10
248,7,796.7810008592862,897.4483068921189,12
248,9,801.1153704376292,487.07024887659713,6
248,8,963.4093361503358,402.40776118299664,9
249,1,1084.56694415622,265.7787745946066,4
249,2,390.0577783985073,477.54044613384116,10
249,3,899.2130921791811,497.8924371246657,10
249,7,797.7479082484356,900.5127268341535,12
249,9,799.7862973253245,490.88058852938843,6
249,8,964.8781719782888,395.41935262814366,9
250,1,1085.8324767541128,265.2810044847895,4
250,2,388.23833840546575,476.37561604596925,10
250,3,897.6371735732044,497.67218744276795,10
250,7,798.5534588662387,905.8552249464773,12
250,9,800.2202929231713,493.8951459410906,6
250,8,966.6069167288106,386.4763217428514,9
251,1,1086.301944424805,263.9451226393828,4
251,2,386.9674113735009,475.9935891153931,10
251,3,896.3867581780545,495.8656583713437,10
251,7,797.4878558482193,911.2024691531706,12
251,9,800.8186562541758,504.1944575584164,6
251,8,967.8220184056851,377.82560283360584,9
252,1,1086.3921261958014,265.84323249923466,4
252,2,386.0028227494747,477.91022593514555,10
252,3,895.2798763148337,493.39526473867016,10
252,7,795.2181901444877,912.3557783720619,12
252,9,799.2219744776623,524.4417482086027,6
252,8,968.2570461068036,367.28153566535644,9
253,1,1085.6309289914882,265.5433115543922,4
253,2,384.59629313826196,480.79515622661893,10
253,3,895.2343408587616,486.9721777967214,10
253,7,793.4266559125355,912.8705115248003,12
253,9,797.1642672238636,516.1710292270035,6
253,8,967.7646695817944,360.31507194927906,9
254,1,1084.0207665815153,265.6533597354744,4
254,2,382.1202207293708,483.15134331354665,10
254,3,893.6797304222287,475.53970073725964,10
254,7,793.0871303288734,912.9541614866192,12
254,9,798.5918386811613,523.1617694676979,6
254,8,966.3068307618892,354.79735097834055,9
255,1,1082.861323685011,265.7997382889431,4
255,2,380.70435687856076,486.1134695463107,10
255,3,900.4758868772668,466.2352437816537,10
255,7,792.3518815765088,911.9408394496118,12
255,9,797.3635140055088,524.1282267068102,6
255,8,965.1226890871778,350.78657036661366,9
256,1,1081.6171867072546,264.95118571983363,4
256,2,377.9409577732165,487.5786409824849,10
256,3,902.2010806180373,460.098093964146,10
256,7,791.4819240719811,907.3953905343136,12
256,9,796.3954653624822,524.4914221235313,6
256,8,964.0600638015499,351.68640487556365,9
257,1,1079.3865215319427,264.9205836835599,4
257,2,376.07671233322355,489.22485761619583,10
257,3,901.7508081388067,457.0349453643278,10
257,7,789.6987699875747,901.5554982706428,12
257,9,800.5902796831829,520.2407759696965,6
257,8,960.7244849241208,353.66296907872726,9
258,1,1075.3682386777452,263.1616688816003,4
258,2,375.14458642841015,490.86636879164206,10
258,3,901.4748970343309,454.10723147540017,10
258,7,787.7363845246214,896.2813604087386,12
258,9,806.4971427925469,516.0492729973598,6
258,8,956.4210264580385,351.88026450131906,9
259,1,1070.8370014652987,260.6414968685404,4
259,2,374.36781418994207,493.53438036478116,10
259,3,902.4893007141262,452.9236754335248,10
259,7,782.4957880204397,883.9736754480908,12
259,9,812.2906493888046,517.5186247037825,6
259,8,952.9424714260116,346.2841189580326,9
260,1,1066.814356836009,255.3701056154226,4
260,2,372.9348660460471,494.59471345859333,10
260,3,900.5251801656034,451.91645792996826,10
260,7,775.9941534369352,876.5033745598072,12
260,9,820.3152229027081,517.1172412441118,6
260,8,948.6135967779366,340.38421255614696,9
261,1,1062.951994683261,252.615591454851,4
261,2,370.38965884814786,494.2536607422103,10
261,3,896.9835425219723,453.01893186823565,10
261,7,767.300159938603,859.9029488896817,12
261,9,820.3555934368637,522.7267344952504,6
261,8,943.1749158151433,324.65821883411786,9
262,1,1057.958740582945,253.27935368851638,4
262,2,366.0520277787281,494.60084052955375,10
262,3,892.9100413828849,454.8458871489773,10
262,7,761.5117004226528,845.6421658398311,12
262,9,819.3421754261407,539.0031809307321,6
262,8,935.4778932711944,311.7358572483511,9
263,1,1053.1736037050944,251.75661147640446,4
263,2,360.95186691463874,495.21672809206376,10
263,3,888.7426260639141,459.8430537249915,10
263,7,756.4713394745746,830.0108339212404,12
263,9,821.8135490177256,553.1447045328657,6
263,8,926.8693405281724,306.7866271950856,9
264,1,1047.363400158287,255.32740872108164,4
264,2,353.0876068573713,494.3128815076006,10
264,3,887.6229437548287,460.7788703457898,10
264,7,752.5561304649931,819.646129226945,12
264,9,828.269919226087,572.7405174780278,6
264,8,917.3416771130658,306.0732977500137,9
265,1,1041.1927366752154,262.02616588065473,4
265,2,343.8224943579228,495.8551464901182,10
265,3,889.8441595850356,458.90918463237153,10
265,7,748.3801164819739,810.1791104582337,12
265,9,831.149948154198,586.3859944277681,6
265,8,910.3336005092114,309.8708951921794,9
266,1,1034.9506115382555,269.7359768175679,4
266,2,337.37339847137235,495.8618984349347,10
266,3,889.5048646502578,454.61200871178187,10
266,7,744.4874235447502,803.4550418493076,12
266,9,837.223264183466,593.973482567108,6
266,8,904.1118395561807,308.69431246034213,9
267,1,1032.4260892769175,269.2562122182317,4
267,2,334.3262535376345,499.89286459150105,10
267,3,879.7756367212237,455.32658665209055,10
267,7,740.3340800151976,792.6691900205971,12
267,9,841.9532818756323,594.6288794839999,6
267,8,902.4414066629922,303.81331826315795,9
268,1,1029.84688402321,264.7550289875188,4
268,2,331.0773190522306,501.7773035531824,10
268,3,872.248212073733,451.5379724796399,10
268,7,734.2513995180985,775.1842168861501,12
268,9,867.8451394608215,587.9093404531797,6
268,8,879.9666932936257,307.63174301659325,9
269,1,1025.8587930468277,261.1188199087238,4
269,2,324.3883987794538,502.2923389476756,10
269,3,870.3574349191657,419.95678304542616,10
269,7,729.3347569885475,761.1517421070826,12
269,9,875.8389543123409,590.2819267564969,6
269,8,871.832505565971,314.69635145234776,9
270,1,1021.4175913673206,259.02819244261815,4
270,2,318.0711121017678,503.0427838444115,10
270,3,862.2884193311252,443.3072333212208,10
270,7,724.3769329423147,748.5059375657518,12
270,9,874.8536140269758,607.7300954416555,6
270,8,870.2283468949889,360.3642034315299,9
271,1,1017.3228220185325,258.6133558521534,4
271,2,312.3735213916379,503.7467350704176,10
271,3,856.1935690916944,422.6476378527332,10
271,7,718.8456441499023,739.1347100461848,12
271,9,876.6904341237654,624.5204652648152,6
271,8,867.9402055272748,373.41457522594357,9
272,1,1013.3592786307339,258.8350479075897,4
272,2,308.9357402289254,505.18938494592584,10
272,3,855.5157186551169,410.0131920436273,10
272,7,714.518646823427,733.6578213693527,12
272,9,879.2761020040923,639.5467418260735,6
272,8,864.3780439227168,332.9820380619686,9
273,1,1010.6272660783013,260.3441404449415,4
273,2,305.50108485428456,506.00657851761963,10
273,3,852.9042787565674,399.53696996501276,10
273,7,709.5017624953418,734.0339799567595,12
273,9,886.1722477751298,651.6033042848461,6
273,8,866.5585257721808,309.72299628951265,9
274,1,1007.9218336791472,257.67132547612846,4
274,2,302.2058985551537,502.5816778180516,10
274,3,845.472312827081,381.2039656451022,10
274,7,704.1267617364982,730.7687533513863,12
274,9,892.9527864236761,662.7095645671124,6
274,8,863.4352065290011,314.17077308504366,9
275,1,1003.898087986551,255.9504695726841,4
275,2,299.3992196438054,501.49317838130577,10
275,3,838.2930791222112,364.3135271610527,10
275,7,696.7094210078116,726.3961569014941,12
275,9,900.5889389565499,671.72996166465,6
275,8,858.1408388799786,297.2930066911412,9
276,1,999.2640692348407,260.53717882454157,4
276,2,299.29876912702326,502.986906727201,10
276,3,830.2090766719759,352.34236749784793,10
276,7,688.7384049317259,722.9744187302869,12
276,9,910.4339766493595,675.3141865340089,6
276,8,852.5853112909335,293.6958396357091,9
277,1,995.8351378214397,257.8094171411911,4
277,2,298.2188127333101,503.6158073172527,10
277,3,824.6917017569918,344.0044979202291,10
277,7,680.293181503165,721.3101686521844,12
277,9,922.4757975734681,675.1805034856628,6
277,8,848.4083031856458,284.62440358762075,9
278,1,990.876192849416,252.59624371676668,4
278,2,296.08864770580226,505.18132185464617,10
278,3,820.0052225070862,344.87095886612343,10
278,7,668.4609462823888,716.4946109133969,12
278,9,932.2668525482047,674.0642043666478,6
278,8,841.4858997381145,288.085930235511,9
279,1,985.1826374694726,257.203352663955,4
279,2,294.9016166013613,502.84975700221577,10
279,3,814.4749785289443,342.8003500934981,10
279,7,656.3296188324762,711.7154190895313,12
279,9,937.4867885196778,667.3678654278382,6
279,8,836.3579839784112,285.23734675642487,9
280,1,981.387105927579,263.8525463646719,4
280,2,291.7021168071706,499.3678019121657,10
280,3,811.6553255414487,344.6513041290365,10
280,7,645.4156286783633,703.7724299164672,12
280,9,946.8267540525634,664.9362254317954,6
280,8,830.587839790646,281.3387769955563,9
281,1,978.9285906240659,267.756021426374,4
281,2,283.5598931413457,494.0827238305718,10
281,3,805.6773226314241,351.9098720815048,10
281,7,633.5927040268089,688.8038400515884,12
281,9,954.0823118682156,666.242108751195,6
281,8,827.4674879250002,281.46046218318145,9
282,1,976.8960110559109,274.00337334905294,4
282,2,277.1360184353248,492.59932265743055,10
282,3,800.4341314783978,367.2094753079645,10
282,7,621.7004489974938,675.2346628261062,12
282,9,962.0788555459669,673.0437427478842,6
282,8,826.734991147303,283.99094202016687,9
283,1,974.9585570094044,283.37118182793125,4
283,2,271.14498118433454,490.5670159806082,10
283,3,796.4368202469067,375.44298848028734,10
283,7,609.3628924866096,665.2955454393973,12
283,9,968.7329933535602,682.0274499313468,6
283,8,826.0081842510616,285.09743754080466,9
284,1,967.3879051812759,273.1263786119571,4
284,2,268.31721500280514,489.93379391451595,10
284,3,791.7213630137207,374.9182849468682,10
284,7,599.8697943102081,662.6049637023406,12
284,9,976.2996679722997,694.3650618145699,6
284,8,824.3430312645731,282.2678477859775,9
285,1,964.6189294282209,263.1909611446531,4
285,2,266.6139405448478,490.892230177466,10
285,3,787.8114727585697,376.2145450429665,10
285,7,592.5519579784692,662.4688004915648,12
285,9,981.7651779707837,698.445058430095,6
285,8,824.0888940761037,276.5718552116142,9
286,1,959.4636254721272,265.95728023438585,4
286,2,266.3124000808828,493.3061987510217,10
286,3,784.8031986151144,378.1183127272095,10
286,7,587.7932425971667,661.5025422560858,12
286,9,990.3368285903366,702.9796415927495,6
286,8,821.7590792896392,267.67807485295106,9
287,1,955.0346436857069,263.79993448317003,4
287,2,266.8526270395309,501.2223692364363,10
287,3,783.320598577054,379.96133262258735,10
287,7,582.7065644730641,661.9038350697275,12
287,9,1002.9273185256443,703.0790954492037,6
287,8,817.3745138875321,258.8932719969819,9
288,1,951.5775875214546,265.63112084930793,4
288,2,272.0087575055679,507.44861124826764,10
288,3,780.9261349039742,378.7149352931998,10
288,7,579.0279872823097,662.6301589990212,12
288,9,1014.0318878616428,703.3874121963738,6
288,8,815.1063109358275,239.9649751214865,9
289,1,948.5549016559233,268.86647316680256,4
289,2,269.0760649351599,510.42645104008983,10
289,3,779.8628746515626,380.4481811007916,10
289,7,574.9917967652136,661.9266695986821,12
289,9,1021.1901005753808,708.2830564716846,6
289,8,814.1970036865935,230.3227265602375,9
290,1,948.1937065468537,274.64989736547767,4
290,2,264.77840533199094,510.9915412979451,10
290,3,778.0891231730974,378.0577997695089,10
290,7,572.123812256618,663.717536215775,12
290,9,1026.46609759483,713.6449098822662,6
290,8,812.0486147298327,218.40255911271865,9
291,1,948.9228751727686,285.92398082760883,4
291,2,260.383378392471,511.59325787696764,10
291,3,778.2049170041665,388.88769649872324,10
291,7,567.7780845142129,657.1415246441057,12
291,9,1031.9949494366779,724.3543415906914,6
291,8,810.8566339453138,207.86850846821548,9
292,1,948.0798461278738,291.497179646151,4
292,2,254.92207574441804,511.32513723836985,10
292,3,778.3049728264555,398.1881650753069,10
292,7,564.7299373897355,656.7110491684797,12
292,9,1038.2644181945498,731.5615868253111,6
292,8,809.2521601764491,196.7032714234598,9
293,1,947.2378168902216,292.5185809989767,4
293,2,249.28965580606013,509.73853785656456,10
293,3,778.1931045455548,404.8030958079855,10
293,7,562.3345162811344,656.9511438703806,12
293,9,1045.1221451984616,742.561733372969,6
293,8,807.7116557793369,187.75572074977254,9
294,1,946.4260117928519,292.9206330895753,4
294,2,246.56762193957496,517.4525296341745,10
294,3,777.9801222120099,410.36937171180955,10
294,7,557.3147961602693,653.0352026581758,12
294,9,1052.2815773863829,743.2229651629626,6
294,8,805.524878047384,179.75952570614785,9
295,1,944.9768553262116,294.31218809741716,4
295,2,241.91123492178806,518.7141757109664,10
295,3,776.3133452506406,413.65719017072075,10
295,7,551.0508617299074,642.6509804207302,12
295,9,1057.0964836586509,748.0702159190334,6
295,8,803.6917512360607,179.97585467419051,9
296,1,943.2783482009305,296.07102363067867,4
296,2,239.02230996305678,520.269709829192,10
296,3,775.0080243630682,418.9654078190762,10
296,7,542.470041178298,631.5190448047267,12
296,9,1060.9846997846078,754.4773082332416,6
296,8,802.9397523938957,179.03225398119494,9
297,1,941.4768997046785,295.64916083263097,4
297,2,239.1151811597982,522.668047102361,10
297,3,773.8061821750356,418.8678444725522,10
297,7,533.8987444413008,623.2793858491635,12
297,9,1062.8241637832364,766.6071222982173,6
297,8,803.8279465611158,176.10589732844576,9
298,1,938.3152756409643,294.585059484629,4
298,2,239.65860401587574,524.3321636725909,10
298,3,772.1186233680277,417.78822205767824,10
298,7,525.0274482443132,609.3030000089556,12
298,9,1066.8083432758808,777.7468674165494,6
298,8,806.2971507167249,176.2357833835256,9
299,1,934.7290914004075,297.9264456491019,4
299,2,240.3832861994974,525.8341114840945,10
299,3,770.4960468610461,418.5082860737696,10
299,7,514.9219190894152,591.4064295539971,12
299,9,1072.2369654558747,785.9900178969996,6
299,8,809.158204138305,174.89376705629894,9
300,1,931.6169272432232,299.33124128245896,4
300,2,240.21982922207093,522.3067973788245,10
300,3,770.0863553437586,419.6215373830818,10
300,7,506.11224401495934,578.4839363275998,12
300,9,1076.6607558839512,796.8050745145732,6
300,8,812.8350291229348,172.8385904976152,9
301,1,928.1255231366032,305.8160554626777,4
301,2,242.93721276557596,517.4976375601238,10
301,3,768.8056220383656,420.17607015261956,10
301,7,498.23106358091303,571.0877663867556,12
301,9,1080.1125428121004,806.240786068575,6
301,8,819.9511540546112,168.7567667387096,9
302,1,925.0881711572124,309.60133995100614,4
302,2,249.3805091396012,515.9280313289623,10
302,3,766.159405104135,416.5552496998092,10
302,7,489.9594133876023,571.2732924930716,12
302,9,1081.8715835017856,811.8019525471028,6
302,8,828.3332187114632,161.20491376704842,9
303,1,920.2617199922738,311.5266386678167,4
303,2,255.0469610989152,515.894999888099,10
303,3,764.6224827480239,415.2184165132118,10
303,7,481.23868012348163,572.5060795800661,12
303,9,1084.0021924952202,814.6006861298399,6
303,8,838.709108796445,153.43277508504858,9
304,1,914.2421540877394,309.4681025594779,4
304,2,261.981268369167,517.2272960076216,10
304,3,763.5382561673845,414.7797228599249,10
304,7,477.55913183964566,575.2050523195145,12
304,9,1087.2862184864978,815.017587815544,6
304,8,849.4045372814493,148.34327786938596,9
305,1,908.4266848246893,309.14252993682857,4
305,2,268.4225563500055,514.1729156685108,10
305,3,762.7190641735348,415.6368666329612,10
305,7,477.9225301931135,581.6239396928156,12
305,9,1091.232170578989,813.3782110878086,6
305,8,858.4912942950236,151.20935136958806,9
306,1,904.9202690502486,306.8763392100974,4
306,2,276.5946913953713,514.1258539174653,10
306,3,762.1025343262362,418.0481237472916,10
306,7,476.73536301844166,582.6495874005752,12
306,9,1094.887633597723,812.2341126416576,6
306,8,865.1286237541907,141.27699399689948,9
307,1,901.7830283741522,304.0128446322447,4
307,2,283.2651114079658,509.6996172573837,10
307,3,761.5755064763388,421.012065107428,10
307,7,472.2977872379111,585.6513101177195,12
307,9,1096.0240817942927,809.346007341152,6
307,8,869.4600601400512,134.68574713125182,9
308,1,898.8172980535084,302.0570220157892,4
308,2,290.0888034290499,499.6051993931119,10
308,3,761.6530210986579,429.1732369623228,10
308,7,467.58165408775994,585.6472539343356,12
308,9,1094.662153122947,810.6628711011231,6
308,8,875.9063151222612,120.7771433917856,9
309,1,894.8772689744301,304.0697868927904,4
309,2,294.2227359148984,478.4561301009791,10
309,3,762.2903801242011,442.08074893455637,10
309,7,466.4066296904023,585.7395115755004,12
309,9,1092.9864401112175,816.9550217494657,6
309,8,892.6523193466495,138.0752442172891,9
310,1,894.6664315928648,308.04229314800966,4
310,2,294.3558093048834,459.9770731963887,10
310,3,763.122110706472,451.63994443846684,10
310,7,468.2444217506909,583.7492750276572,12
310,9,1090.8478423440079,829.5599251753318,6
310,8,901.9371824956643,125.38203087305442,9
311,1,893.5122528674849,308.49258258226797,4
311,2,296.15064354949715,455.89376290468704,10
311,3,763.2475580864585,458.0678525630664,10
311,7,472.9023795015455,580.7082501167996,12
311,9,1089.1927639327612,837.6070689538003,6
311,8,910.7436033050266,98.95518771315375,9
312,1,892.6641911696485,312.1123140065609,4
312,2,298.753107339747,450.01267653938686,10
312,3,763.6569844608762,463.2526653698465,10
312,7,479.23970652630317,579.0281492485606,12
312,9,1087.631042521963,847.2333227416266,6
312,8,919.2887288702179,113.8751312781621,9
313,1,890.6049546830202,312.5440554104458,4
313,2,305.46500654501864,441.742912610026,10
313,3,762.9008838554598,467.08134075301825,10
313,7,483.464182954144,576.3800765594315,12
313,9,1087.0707815526498,854.9848891312182,6
313,8,927.832504777639,130.72966953598618,9
314,1,887.963989018809,309.5439027446673,4
314,2,307.8923496227161,423.7228494802554,10
314,3,762.8982996767114,470.24330873291075,10
314,7,485.74886048738125,571.8076806809082,12
314,9,1086.7195841615696,864.173877976373,6
314,8,933.1880022046695,116.30180674450158,9
315,1,885.7876384192463,307.4038466581216,4
315,2,315.40540179322596,412.6870268555907,10
315,3,762.5497712759843,473.27216188078995,10
315,7,487.2536433309001,568.2736815713978,12
315,9,1086.7690925405625,874.8165308450426,6
315,8,933.0102038063607,105.50381968080205,9
316,1,881.9255306655879,305.9663047969613,4
316,2,326.18187164340554,413.2124727688625,10
316,3,761.8842305453633,474.4030769180858,10
316,7,486.50673833215814,556.5245152233199,12
316,9,1086.9658635925816,879.6422250552613,6
316,8,937.2712592425155,102.44077489051217,9
317,1,878.0553277929637,305.67403058339414,4
317,2,338.11515239705835,409.0265420778937,10
317,3,760.6141427980355,470.9457121655087,10
317,7,484.3423345152232,537.5124195613561,12
317,9,1086.7945821764263,882.2141848737683,6
317,8,944.1849724197322,107.44163616339839,9
318,1,872.281765388266,306.22483891199477,4
318,2,355.34350711026383,409.18926421690765,10
318,3,759.0113531375912,464.8490094771054,10
318,7,481.88182676880587,516.3386739250961,12
318,9,1085.9484289863392,883.0949185364996,6
318,8,950.675326635403,112.8713597031027,9
319,1,865.833824471876,308.2014161785236,4
319,2,370.60771863535524,409.21804326252266,10
319,3,759.2487047970125,469.09106535786213,10
319,7,479.7753947246201,499.90556053226766,12
319,9,1085.2811935219293,882.217096236009,6
319,8,957.6581408337103,110.28348490214955,9
320,1,859.1764968290909,310.7420441407978,4
320,2,376.4199950564542,408.2836249407358,10
320,3,758.7626953334596,475.44146475995274,10
320,7,482.4648447274581,490.5530234901901,12
320,9,1084.0272249098452,881.8431775100689,6
320,8,966.1872093227124,109.82957314533803,9
321,1,854.3958755385063,310.9426292091331,4
321,2,382.86288106281563,406.3207498314196,10
321,3,756.552929292095,480.0117157648372,10
321,7,490.61745370241425,483.3312246398351,12
321,9,1083.1994696830636,881.6081301106418,6
321,8,981.9101198543574,111.94097651087324,9
322,1,850.6771190439486,316.9237098235051,4
322,2,389.41300730732996,397.5125248931567,10
322,3,753.2228811726358,483.915720717396,10
322,7,497.5587096967062,484.3754330336094,12
322,9,1082.1263189434542,881.4897763154153,6
322,8,995.6538534182517,110.23992006581064,9
323,1,845.4694770491205,316.45582690257675,4
323,2,393.41359161668487,381.9745029440114,10
323,3,749.21661626907,489.51627137575935,10
323,7,500.68668880115473,479.0684068774119,12
323,9,1080.0968760684077,880.542492555543,6
323,8,1007.9997847872495,119.4928114070595,9
324,1,840.0404659357209,317.91943189314946,4
324,2,398.142026128659,354.078842127,10
324,3,745.4823872139125,491.8616955630715,10
324,7,500.1339072736789,473.62495387076694,12
324,9,1078.0789818347723,880.2392098720703,6
324,8,1019.830795922438,125.8270463324954,9
325,1,837.065307275727,320.83769554411214,4
325,2,411.46460709681804,341.62043505207464,10
325,3,742.1449847699821,491.0602500283532,10
325,7,498.926405472086,461.8978141632679,12
325,9,1077.0421672366576,881.1153978838428,6
325,8,1027.1591034544733,127.75573381423811,9
326,1,834.1858967806594,312.03163363262325,4
326,2,421.7864562906737,329.30271251005024,10
326,3,739.4800623597641,492.7196236992728,10
326,7,502.8316062006127,443.6813245611265,12
326,9,1077.0736764144992,880.251766667729,6
326,8,1034.2259004090795,131.7442037609356,9
327,1,833.9208346919327,308.4698387376194,4
327,2,439.8748361850276,331.11710749711415,10
327,3,737.6204467743576,495.25038032380104,10
327,7,504.2124624382398,413.7109913588256,12
327,9,1077.425245725283,879.7779411744319,6
327,8,1040.247422809007,141.8396546711119,9
328,1,832.3218596275174,301.59235834168123,4
328,2,454.3103744191153,322.6228338423598,10
328,3,736.3818358010059,496.16917151523336,10
328,7,508.1615462307318,368.3311206933321,12
328,9,1078.5391937317702,880.4449350935214,6
328,8,1047.3409164447119,149.96392361931734,9
329,1,830.1315226524227,292.2517489627525,4
329,2,474.4993335828023,316.2794656381272,10
329,3,735.9966127450189,492.65897505990347,10
329,7,516.4347859588131,354.2743894858292,12
329,9,1080.1542962521964,880.4520188651644,6
329,8,1055.7577046381093,150.8331886915743,9
330,1,828.6068368212957,285.3934388051127,4
330,2,486.6081109379591,308.6820192424205,10
330,3,745.4228982525832,489.8601238142802,10
330,7,524.4072837789236,346.7115504536058,12
330,9,1081.0736293330233,878.259648297706,6
330,8,1068.6436510204353,152.16302068556206,9
331,1,827.3828956976184,280.68209044852006,4
331,2,494.7266547719455,301.91348131063626,10
331,3,749.5026611483,488.66909416262456,10
331,7,528.0376325813726,343.288631089157,12
331,9,1081.4164914044125,877.384336064132,6
331,8,1082.2102783298806,148.61656888008085,9
332,1,826.8643016614252,276.6621891951418,4
332,2,507.1128917235078,304.22539550711144,10
332,3,737.5704290985573,492.02655277595466,10
332,7,530.9745330662315,344.655664959617,12
332,9,1082.0295210633433,872.7069979799704,6
332,8,1084.8992361712708,146.20201820317047,9
333,1,825.9541699197931,273.0553709765204,4
333,2,521.9107963888479,308.5199728626487,10
333,3,745.2172323802158,495.2755935091149,10
333,7,537.3251976006533,337.8769852052613,12
333,9,1082.8937208089,869.7929725341205,6
333,8,1092.7405763826494,144.20901961702447,9
334,1,824.8966710996239,269.5359887551443,4
334,2,540.8808897599868,325.4371198071218,10
334,3,748.0259234138675,500.2160500639085,10
334,9,1085.0051562284857,864.1151426837963,6
334,8,1106.4927637274686,145.67579485639902,9
335,1,823.8618049324327,267.20430453133326,4
335,2,552.8729452007436,329.1199653857298,10
335,3,737.9314321621526,507.3226960527839,10
335,9,1087.3937285781656,855.2080038275805,6
335,8,1119.8500602531103,147.4805984446429,9
336,1,823.6985456456416,268.85981605011335,4
336,2,560.4953560268276,325.7406287635617,10
336,3,738.8466309846144,514.7604130820566,10
336,9,1090.1227908085878,850.5063473052976,6
336,8,1130.28538283529,156.27704776744946,9
337,1,824.2338216327488,268.29904490406045,4
337,2,568.4101734773973,281.5362784343319,10
337,3,742.5459674232051,516.995432525909,10
337,9,1093.762566846836,846.2283188669836,6
337,8,1138.4165453532569,170.07676356514932,9
337,7,559.5108667978866,315.9257855748521,12
338,1,825.2054122231299,269.27642726892145,4
338,2,583.0459276224356,265.8837390290031,10
338,3,750.6453811189781,520.3977586806488,10
338,9,1097.2945851662596,842.1549902473686,6
338,8,1146.0409206737843,177.02078129708076,9
338,7,568.7538584541952,318.321184785907,12
339,1,826.2567176711995,269.6270486707677,4
339,2,595.6104452540061,236.92470065339867,10
339,3,753.1302108032019,519.8304875367488,10
339,9,1099.7929854220044,839.4330086256858,6
339,8,1155.1446341749693,177.34218599850658,9
339,7,575.6727090295457,311.8803921130148,12
340,1,828.1018771767785,271.93747973320984,4
340,2,597.6139576527352,212.55596821343417,10
340,3,741.5347693919517,521.3000662513732,10
340,9,1102.1011466972739,837.1551949992178,6
340,8,1166.5925664313681,177.3108409224184,9
340,7,585.8803042011657,299.2566874158939,12
341,1,830.0908424996237,272.67882098421404,4
341,2,588.3306673290589,88.47459622063039,10
341,3,736.8731553952656,519.9771291459004,10
341,9,1103.3187130013855,836.3435885482044,6
341,8,1183.204712871678,172.78501000045227,9
341,7,599.4529741465265,283.5834105692742,12
342,1,832.8317054048737,273.9443766037784,4
342,2,605.5296527103791,175.50799506056956,10
342,3,737.63975962723,520.8677404251893,10
342,9,1103.906751716579,838.3501307351909,6
342,8,1198.8676787677855,168.31171975292236,9
342,7,603.3237485108572,275.4775732635442,12
343,1,835.662645144077,272.99196480394556,4
343,2,607.9117013181149,158.5808552269866,10
343,3,738.0729639209425,521.1111311425335,10
343,9,1104.3977001588219,838.0180745104685,6
343,8,1209.6972277979771,168.23731039115526,9
343,7,605.2086566186944,260.26762353060474,12
344,1,838.6724565205022,272.3314207219731,4
344,2,601.0341953021125,38.456409719621874,10
344,3,738.2962567026984,521.1193869741977,10
344,9,1104.7543946481317,837.9299961092228,6
344,8,1218.2723539134095,163.69603778292552,9
344,7,609.2752990928346,244.04731585537056,12
345,1,841.7991603063725,273.0341246673725,4
345,2,608.2335698348188,25.15311723308069,10
345,3,739.2403731727715,519.1191640728965,10
345,9,1104.6192152858782,837.9991642909622,6
345,8,1226.1320169546404,163.67473847376297,9
345,7,614.4972015834221,237.85453688928115,12
346,1,844.9056364138771,274.2154108243233,4
346,2,608.9107811650006,-36.1506757797908,10
346,3,752.3864889528182,514.6121769783031,10
346,9,1104.1843351296552,837.0225491298561,6
346,8,1237.5302995733691,162.33665694623633,9
346,7,619.1149785276967,240.5670177551404,12
347,1,847.2529135526959,273.36263133025994,4
347,2,621.3440978322725,-33.12326343438391,10
347,3,748.2357117946746,512.3985188737042,10
347,9,1103.0768317752795,836.854024681943,6
347,8,1247.0700411368914,169.75531742135985,9
347,7,625.4245651282607,246.25499742103216,12
348,1,849.9581370358194,271.58078946811645,4
348,2,627.3219989454365,-66.04929278739385,10
348,3,754.7169771530182,515.8526874534109,10
348,9,1102.5373341540026,835.7270122697695,6
348,8,1257.1052821096685,173.95262564503986,9
348,7,631.2771340782825,246.84137208606728,12
349,1,851.5787878028397,270.86165936288626,4
349,2,639.6643147793445,-54.352858332924335,10
349,3,759.5150974050028,514.9872628533531,10
349,9,1102.5233643951692,835.327331449444,6
349,8,1265.1019989890367,180.981163522664,9
349,7,637.0003041168883,253.0943419538214,12
350,1,851.4373045343857,269.5540051389853,4
350,2,647.9794387329971,-69.66748808796318,10
350,3,750.6261521354799,516.2043791308754,10
350,9,1102.511893232419,835.2285046465545,6
350,8,1272.7476078206305,184.00831979430066,9
350,7,640.5636557972412,256.62490577259507,12
351,1,852.6228565059514,268.84549401375756,4
351,2,661.6207545622817,-40.822072143699735,10
351,3,749.3366786089385,519.9353478654992,10
351,9,1103.1355737870383,835.1149310437195,6
351,8,1281.7424246157425,181.6264145433396,9
351,7,642.8056716371956,252.89584078582138,12
352,1,854.2568134525737,267.24423578913303,4
352,2,670.3104711696853,3.88062391521837,10
352,3,747.7265032633713,521.5181427409705,10
352,9,1103.6999145288983,833.9539878814503,6
352,8,1291.1856625188557,178.46296084484726,9
352,7,645.3797970281036,243.69268788252546,12
353,1,855.3891437096861,265.36874106738014,4
353,2,681.1619206453446,-6.700213033936031,10
353,3,749.9913226025943,523.4487184378911,10
353,9,1104.4500646884098,832.3237622600592,6
353,8,1303.597341080009,175.7876053255004,9
353,7,648.1506095918827,232.33455884507032,12
354,1,857.0584535673377,264.5059807794452,4
354,2,686.6248497270243,-32.90018512345705,10
354,3,751.4907943991976,524.063473351917,10
354,9,1105.1762568213594,829.4411012427125,6
354,8,1312.6227452186602,180.24869710731807,9
354,7,652.750839187435,226.48547416410287,12
355,1,858.9927626975187,265.1790674669702,4
355,2,697.4762845446911,-4.890110319148688,10
355,3,761.0837555790014,524.7332161559348,10
355,9,1105.9236305892534,823.7532537885064,6
355,8,1320.152245894722,183.59529845876628,9
355,7,658.7691791002258,222.54940603279226,12
356,1,860.287638165452,265.4131194185051,4
356,2,710.4809257829392,34.826831066269605,10
356,3,766.5350315729337,522.8819013712043,10
356,9,1106.4223180875838,819.3398078218637,6
356,8,1326.0240624067396,189.17013579109374,9
356,7,666.0818438869984,224.43224298759606,12
357,1,861.4377541844229,266.5746446258889,4
357,2,724.2287546023708,118.10782683109328,10
357,3,770.0830400636452,521.9168498328348,10
357,9,1106.5018865902132,816.572490531333,6
357,8,1332.0400317148012,194.14485448750003,9
357,7,669.9738001256569,222.44744066174405,12
358,1,862.4425635911965,266.9842603641875,4
358,2,732.261220246601,142.92901489375723,10
358,3,757.8644358402399,523.4983228497289,10
358,9,1106.420929634755,812.1947677862321,6
358,8,1336.950004827808,200.31650899113163,9
358,7,668.432630992138,223.62266967546188,12
359,1,863.3414687668834,265.8648923394367,4
359,2,738.1077560657927,150.1869434611548,10
359,3,764.9443923019276,522.3626056059942,10
359,9,1105.494209918956,808.3919809158095,6
359,8,1342.926782414062,201.903242303193,9
359,7,673.1212723008927,218.24661562833143,12
360,1,864.2765213060519,265.3524914103379,4
360,2,748.706213727854,145.3564048596576,10
360,3,768.5786417730116,521.7708038456848,10
360,9,1104.3904456322605,801.2578785997607,6
360,8,1346.071894363594,208.13997662849357,9
360,7,678.1552955104005,220.96452566773576,12
361,1,865.7461259548342,262.6509975393079,4
361,2,760.6642149525367,143.52599156307608,10
361,3,772.3650075899411,523.0045587293276,10
361,9,1103.0657218085655,796.421883634943,6
361,8,1347.798112649819,211.44183374662518,9
361,7,681.9081432142183,221.80515488922742,12
362,1,866.1908676005526,260.44397795770243,4
362,2,771.07879026485,144.40218156276322,10
362,3,773.4444248757225,521.669665720683,10
362,9,1101.679224049219,792.4415494584605,6
362,8,1350.0678052602686,212.20880160542347,9
362,7,685.7907102464139,221.82434775559076,12
363,1,866.8249896924018,257.18311882782433,4
363,2,768.5331535591995,140.9951205404541,10
363,3,772.5959504396508,521.346617422357,10
363,9,1100.250840958957,791.2242616894246,6
363,8,1352.4113307418647,209.78182432453255,9
363,7,688.0818114253678,219.2488263433187,12
364,1,864.4041746198392,255.17569484411842,4
364,2,768.6623472079162,142.26099992918094,10
364,3,770.9371720196066,519.5746028091482,10
364,9,1099.0428061221453,790.9936372111517,6
364,8,1355.1967507023987,208.49800099693718,9
364,7,691.5679102801993,219.21378835459245,12
365,1,866.4770723732979,251.57399362977569,4
365,2,784.5657179022255,155.59142816006582,10
365,3,772.1681391991269,520.4330656229452,10
365,9,1098.2668959945865,789.8680162401103,6
365,8,1359.2965937940394,205.08947987295505,9
365,7,693.5377970917444,215.30339939485347,12
366,1,867.226819503704,249.08009714274058,4
366,2,790.2906922868569,152.01592668944085,10
366,3,772.0630840914982,520.8348954700107,10
366,9,1097.2007343007303,790.8664779864799,6
366,8,1365.0749935035121,203.09218002810942,9
366,7,696.2625311823485,214.866515877765,12
367,1,867.4626456810932,248.15011859052814,4
367,2,788.4266841643977,139.98954048494824,10
367,3,771.7687168850777,519.1678822923463,10
367,9,1096.367029617713,788.9675625618518,6
367,8,1369.7433503082866,200.70167685842924,9
367,7,699.105643202255,214.44064688281986,12
368,1,867.4086877877818,245.4687331042627,4
368,2,791.8521114302359,130.5390535165852,10
368,3,770.3742638299741,522.3820830856554,10
368,9,1095.2802668377512,789.6878208007754,6
368,8,1371.7630798845505,200.87850687144106,9
368,7,701.6802061257537,211.57947315480845,12
369,1,866.6000484471161,242.21021595647736,4
369,2,797.2290988586467,120.7156247544688,10
369,3,768.4171664283468,525.6068523034252,10
369,9,1094.4463472356233,790.1025869330099,6
369,8,1369.8305866299513,204.8175498433037,9
369,7,704.5116073629883,205.1132160365607,12
370,1,865.6823913063015,242.3744010726515,4
370,2,805.1026249892752,116.13210231528244,10
370,3,766.9433583282866,525.1136167870516,10
370,9,1093.5851135331486,789.2154703946297,6
370,8,1369.6011160830244,209.72509551880657,9
370,7,709.1117918597549,204.8006063049669,12
371,1,864.6810599299869,242.60565748329617,4
371,2,811.3446944357635,113.94163361451078,10
371,3,765.8123024097393,525.015497340357,10
371,9,1092.8277616684372,789.0268361548491,6
371,8,1371.2055857950581,213.655357281916,9
371,7,712.4752190141375,208.37555729090906,12
372,1,864.4130624146494,245.23516574683578,4
372,2,816.9910843361579,104.20679957680109,10
372,3,761.4519776347763,523.7461153895908,10
372,9,1092.2275207073253,790.2973989381354,6
372,8,1366.043186319871,217.1915707366108,9
372,7,721.6906495981102,200.94182299403036,12
373,1,863.5857299294894,245.0862989846917,4
373,2,823.6044392211596,88.28518038536586,10
373,3,758.8359060056407,525.162877755798,10
373,9,1091.581146142923,790.8333032768542,6
373,8,1363.7659156545449,222.99177096781293,9
373,7,729.5080060078742,194.8188990181334,12
374,1,859.8940907384487,243.15595308207563,4
374,2,836.1385155864957,89.6811789962464,10
374,3,757.3077984211727,525.7914428510803,10
374,9,1091.129007354455,788.7293636683694,6
374,8,1362.3705821230078,229.81486859740852,9
374,7,733.2695779230814,181.9757109907542,12
375,1,860.3664996107655,240.98126321326973,4
375,2,844.3379393841226,67.89940310160486,10
375,3,756.1977962706959,526.0751225801085,10
375,9,1090.7531181388679,787.9865667852162,6
375,8,1360.088472206654,234.85462600903386,9
375,7,739.481410609881,191.01382918094282,12
376,1,861.183736618998,238.83277506809617,4
376,3,755.2607429907242,526.2524865493543,10
376,9,1090.4079806897591,787.779076430781,6
376,8,1356.1109948254114,241.6763140660191,9
376,7,743.5983594724016,210.82037837381984,12
