0,2,1125.848742974363,432.645446114544,4
0,3,753.9052816238518,936.9688371681427,6
0,4,742.1713255348499,759.0411875709178,10
0,6,1427.1833753986482,521.7416498877315,9
0,8,303.5042645289775,480.3080416809056,12
0,9,160.48955192449688,545.1268530890936,7
1,2,1126.6102041891138,432.53389605549654,4
1,3,754.6796964473297,938.2070855822698,6
1,4,741.5542179502979,759.1446812012523,10
1,6,1429.4913045743622,517.1335035457195,9
1,8,303.2851349551158,477.65020031334785,12
1,9,159.9166197940742,543.9455948759781,7
2,2,1127.3888369910028,432.4411479018692,4
2,3,755.1013225083584,937.1918467139653,6
2,4,741.6766120387998,760.7052988537681,10
2,6,1429.9383996805552,518.2946727478333,9
2,8,302.78834667342494,476.063906195933,12
2,9,160.86436133288316,545.899868598631,7
3,2,1128.3998267892816,431.1624757599215,4
3,3,754.4490186583342,938.1015743835637,6
3,4,741.7344265740358,761.1772895869676,10
3,6,1430.3590904477876,518.6358379163471,9
3,8,302.8613683460756,474.34429743369066,12
3,9,161.16136836853843,546.487662270645,7
4,2,1128.7069290479494,433.9730400001227,4
4,3,753.2867068518921,938.5648358144692,6
4,4,741.225040765584,761.3703030566992,10
4,6,1430.1409003222052,518.8319297594102,9
4,8,303.12634810577254,472.68572823191795,12
4,9,159.97083667533735,546.8583111392161,7
5,2,1129.2798164617802,432.8247231926578,4
5,3,752.2722602315683,937.6950457900582,6
5,4,740.8288036605159,760.0156103487744,10
5,6,1430.0395544327125,518.9379739319678,9
5,8,303.85025478247866,472.1157318382624,12
5,9,159.55504532595398,546.9411152899712,7
6,2,1129.4714221868962,432.37052342769704,4
6,3,750.3851156293389,938.6869210071594,6
6,4,740.7022836205724,759.50748678905,10
6,6,1429.7203692878159,518.9659773531159,9
6,8,305.54607573202725,473.97162024897347,12
6,9,159.44382346666242,546.9574445227715,7
7,2,1129.228781822389,432.23555668719786,4
7,3,748.2050049655608,940.3281785427404,6
7,4,740.4511341868047,757.932258450301,10
7,6,1429.3410425254472,518.9844291556725,9
7,8,306.95000191500736,473.46409887122024,12
7,9,158.94895817668555,545.9850598648727,7
8,2,1129.090064895515,432.23456155927084,4
8,3,745.8881282259892,942.1920696680795,6
8,4,739.5930729537059,758.8989518247465,10
8,6,1429.1695076779097,519.045836908568,9
8,8,306.28841114732353,470.29533834682843,12
8,9,158.75527976768623,545.6212823804586,7
9,2,1129.3501532357284,432.1538258861845,4
9,3,744.605333491112,945.002138404055,6
9,4,739.2503735171675,761.9832103783865,10
9,6,1428.873547518561,519.0522030797698,9
9,8,306.8352442469926,467.96069170911574,12
9,9,158.73310887956123,545.4937598890375,7
10,2,1129.1165823141841,432.18804273834377,4
10,3,743.4971603651336,947.1401003445654,6
10,4,739.053123936956,765.8545699309461,10
10,6,1428.7282329820114,519.0915397662084,9
10,8,307.7953617815694,466.0024246474052,12
10,9,159.14254954481555,546.3486738643195,7
11,2,1129.0226539309258,432.18048486930064,4
11,3,743.4946847674312,949.8633756972243,6
11,4,738.46174713883,770.0139991955502,10
11,6,1428.1612959117922,519.1371896103585,9
11,8,307.9868857565799,463.1954709867025,12
11,9,158.86331059738455,545.7361781392661,7
12,2,1129.267888545343,432.12324084006264,4
12,3,743.5418151391566,950.8634707372855,6
12,4,739.3948858741717,772.6923636339527,10
12,6,1427.6765452748039,519.225735498337,9
12,8,309.2197509441432,462.0307698853975,12
12,9,158.77548524816538,545.5311324068344,7
13,2,1129.3488078426794,432.0687480429113,4
13,3,743.4057572509448,950.1475630215126,6
13,4,740.2320277244088,773.5467307712216,10
13,6,1427.4960772324036,519.1970864549878,9
13,8,310.4029012288404,463.56370981075486,12
13,9,157.79835739940737,543.5358945386644,7
14,2,1129.1856771292762,434.0092833703137,4
14,3,742.5649742866631,949.949258500987,6
14,4,740.4932783978296,776.4681062252024,10
14,6,1427.4365239545555,519.205720081087,9
14,8,311.06574862067475,463.16207026954305,12
14,9,159.5171046213114,544.4844539946438,7
15,2,1129.1241434028057,434.7199921048209,4
15,3,741.040453449752,950.017150107316,6
15,4,739.9160296700235,776.300956346256,10
15,6,1427.7312882470924,520.7874776066739,9
15,8,311.49082871127126,461.95316204045304,12
15,9,160.15078470901219,544.8277086807857,7
16,2,1129.26993253166,433.06045304610006,4
16,3,737.9970584302013,950.3559361478087,6
16,4,739.6980937000669,776.170488042369,10
16,6,1429.388890617198,519.5436743838951,9
16,8,312.58447049001524,462.4235529705343,12
16,9,160.3869911225814,544.9674859777522,7
17,2,1129.0386154001726,432.47654855589303,4
17,3,736.0551586946016,950.5732862167011,6
17,4,740.0992519042992,775.9954759997421,10
17,6,1430.564060915584,518.9715442043733,9
17,8,313.36044036772137,463.66469010557694,12
17,9,160.45796485763202,545.0006743269302,7
18,2,1128.1953739488952,434.2819584854003,4
18,3,733.7143152872108,950.8695732529693,6
18,4,740.7445382545137,775.8443112317134,10
18,6,1430.4642174771707,518.8398701074617,9
18,8,312.8804451430836,462.1927387930314,12
18,9,160.51034105998983,545.0583944700741,7
19,2,1127.5813203088096,435.0097224613536,4
19,3,732.4689656034789,951.0112983349906,6
19,4,740.7612630685089,774.4585941888225,10
19,6,1429.8645419151069,518.8902654016335,9
19,8,314.3787605162893,464.51817937101146,12
19,9,160.9453074570362,545.9533222654441,7
20,2,1126.2077747465235,435.44464341019903,4
20,3,730.9867044965455,952.1937558769454,6
20,4,739.7966650775165,774.0367002194295,10
20,6,1428.7674345050234,517.4398696380395,9
20,8,315.8649251211758,466.3030502960085,12
20,9,160.65179652530534,545.386398970311,7
21,2,1124.2789759219415,435.7908743940303,4
21,3,729.6613334268569,952.7312091277031,6
21,4,739.4478884377036,773.8507199355239,10
21,6,1427.5808500375754,516.9708983354624,9
21,8,316.8438061262851,464.85416125254807,12
21,9,160.52185354290205,545.143910937456,7
22,2,1122.4310009080264,436.0827740190047,4
22,3,728.5893717924912,954.011639247336,6
22,4,738.8528581028249,773.8326680762053,10
22,6,1426.621662002832,516.8717593541484,9
22,8,318.98757776373384,464.04823479776286,12
22,9,160.50814501846554,545.1023214891871,7
23,2,1121.0385855984412,436.28670777277983,4
23,3,727.6445950590356,953.5466921576775,6
23,4,737.9493821794487,772.589065544413,10
23,6,1425.4650555615442,516.9661573896943,9
23,8,320.5743380078403,462.60040634475564,12
23,9,160.4817116080854,545.0625983426547,7
24,2,1119.8381801213277,434.5698033650093,4
24,3,726.7255434606574,952.4103064408564,6
24,4,737.1353991595462,772.158651785918,10
24,6,1424.7516680793947,517.0512715233034,9
24,8,321.6991808343508,461.96718275999984,12
24,9,160.458458007525,545.0224061059363,7
25,2,1118.9569461190981,435.8477646491814,4
25,3,726.0197792397637,952.0344556769676,6
25,4,736.3665125296551,772.0764696993534,10
25,6,1423.9779858677166,517.1267989157986,9
25,8,321.9320013208179,459.6865172676332,12
25,9,160.47216846175377,545.0639996328831,7
26,2,1117.3226404292282,436.53350142103733,4
26,3,725.1620758957253,950.931303470705,6
26,4,734.6963175717194,769.5590306553944,10
26,6,1423.1227462766933,517.2691407312634,9
26,8,322.28622466965595,459.8216555083787,12
26,9,159.7139245000167,546.0905633501972,7
27,2,1115.6537311242823,436.9054231094476,4
27,3,723.8977249345461,949.6330121065713,6
27,4,734.5384077628021,771.1835320092227,10
27,6,1422.8745699287917,517.286797733891,9
27,8,322.303715492499,457.8258478146812,12
27,9,159.50313634298138,546.4916844216367,7
28,2,1114.3419989532224,437.1612778496818,4
28,3,722.2440977394681,947.2795077571483,6
28,4,733.8173306997298,770.6049464207541,10
28,6,1422.52930254128,517.3551918324204,9
28,8,322.1256438342243,455.03060949643555,12
28,9,159.417170671784,546.6349169303043,7
29,2,1113.4409780415638,437.33572998492525,4
29,3,721.2616235840088,944.4077047192228,6
29,4,732.8203077813374,771.8146518886399,10
29,6,1421.862655826141,517.4885144952575,9
29,8,323.3472402580148,455.88588018534494,12
29,9,158.9284500147483,545.7919853679746,7
30,2,1112.8985834159023,435.543755647276,4
30,3,720.3305140082994,942.412878870634,6
30,4,732.0001437906361,772.3465745735485,10
30,6,1421.3802512614018,517.5767921035549,9
30,8,324.9960800232945,456.13635367660265,12
30,9,158.3221974335816,544.5944573632227,7
31,2,1112.7214068340616,434.888183238517,4
31,3,719.8298156099444,938.6149517037859,6
31,4,730.7688725843568,772.7004345871976,10
31,6,1420.940290002754,517.6772415022918,9
31,8,325.42957187671846,454.1895594577453,12
31,9,158.54095295937248,545.0640974844096,7
32,2,1112.5458983488534,434.61555657299203,4
32,3,718.2717847870006,932.1978087731046,6
32,4,729.8444025495006,772.8771862166922,10
32,6,1420.2574570007025,517.7762535838486,9
32,8,326.8864010597541,455.3634761379543,12
32,9,159.0574608664953,546.1216090619931,7
33,2,1112.0625780690025,436.4960885154477,4
33,3,716.7051684456444,924.6583639297241,6
33,4,729.3087117135765,771.6508640171069,10
33,6,1420.9705689787113,514.3856355897101,9
33,8,327.637495238347,454.7584691196906,12
33,9,158.59822156584934,547.603636371301,7
34,2,1110.3606359728465,437.4044345726251,4
34,3,714.7163243727766,916.7355997286737,6
34,4,728.6773843570851,771.266855996986,10
34,6,1420.74774134823,513.1656310081851,9
34,8,327.929368944548,454.5741514864877,12
34,9,157.55152181392373,546.3862821805056,7
35,2,1108.9171177437795,435.9992336386257,4
35,3,714.0094135144586,911.6665526926624,6
35,4,727.5518723689228,768.5749656120763,10
35,6,1421.4217928589949,510.9824296424552,9
35,8,328.94547998829523,455.41233872535963,12
35,9,158.05922482149882,547.7262558813579,7
36,2,1107.6297899553974,432.7530777373556,4
36,3,712.7344195750642,908.9492989637201,6
36,4,725.9846460489201,766.4132259086541,10
36,6,1420.9395994018148,511.9388895265157,9
36,8,327.63103666932074,452.85090330598666,12
36,9,159.5836580135034,550.9095809916439,7
37,2,1105.950370023699,430.7731756084119,4
37,3,711.0168756562208,906.0864541916047,6
37,4,723.7800854726694,761.857613361891,10
37,6,1419.5211175333193,515.8462115739769,9
37,8,327.6388578676176,455.06419649510224,12
37,9,161.70956631866392,557.7155360897873,7
38,2,1104.8573441420515,431.0833636315577,4
38,3,708.523937160421,904.3238831368678,6
38,4,722.3363369170756,756.2053817030788,10
38,6,1418.556643677213,518.9935655097552,9
38,8,326.93708285492363,450.7571050828248,12
38,9,164.73113614254578,564.6940473932993,7
39,2,1104.0071842454615,432.19303722339527,4
39,3,706.3784365155603,903.978322328951,6
39,4,721.360876114414,754.173804611966,10
39,6,1417.2377372037456,521.9256010031476,9
39,8,325.93876497392597,447.13723484251653,12
39,9,167.84830224539073,568.8671284045198,7
40,2,1103.9300988761674,433.6157461095862,4
40,3,704.9625154288917,902.9885137795948,6
40,4,721.0403481968219,753.504658074518,10
40,6,1416.2049338206252,523.1689883465481,9
40,8,325.1787096122846,444.8244642720928,12
40,9,170.53587134045765,575.8128039026456,7
41,2,1103.8714515584281,435.16142409690065,4
41,3,703.8556529054603,903.9432900192292,6
41,4,720.4808278304663,753.4174391060684,10
41,6,1415.326558002776,523.6969385133638,9
41,8,325.3461541202819,441.86673308013707,12
41,9,172.38002353845567,580.1293093246089,7
42,2,1103.7254554282633,435.7158797375987,4
42,3,701.5589811371142,903.5444826403938,6
42,4,720.7428175314978,756.0850669893757,10
42,6,1414.4663138796002,523.9308508911313,9
42,8,326.7496448550457,439.4592899559524,12
42,9,173.00253322095074,581.6032373178232,7
43,2,1104.356045377177,434.8771087485899,4
43,3,700.3118272101177,903.5369512213106,6
43,4,720.6493027018815,755.7798494097772,10
43,6,1413.4608643569316,525.6768431418412,9
43,8,329.0679677071163,438.350144367362,12
43,9,175.1460853815421,583.6420841846241,7
44,2,1105.05868456541,434.51811115380315,4
44,3,698.6173010548717,903.8016336262848,6
44,4,720.3935140151019,757.1204905324098,10
44,6,1412.8118192682937,526.4246237183748,9
44,8,331.3080319523333,436.7000647881504,12
44,9,175.8833698682841,584.2615464085151,7
45,2,1105.574148645361,433.3962260961001,4
45,3,696.5358891031352,903.0761928204237,6
45,4,720.3271166746944,757.6600193868456,10
45,6,1411.8878087123246,528.3896853475662,9
45,8,334.3327495621115,436.94868523292104,12
45,9,178.09637593059213,586.0124768152433,7
46,2,1104.5838984488494,436.9319967407995,4
46,3,693.8676334874216,902.0132781215966,6
46,4,721.2381950384461,757.7110205443767,10
46,6,1411.0352555050936,529.1467830987558,9
46,8,336.40681819640537,437.93622630368407,12
46,9,178.27585157743385,584.7211930779733,7
47,2,1103.0155729476712,440.2845764380828,4
47,3,692.4419896386535,901.7096067098856,6
47,4,721.1175918168925,760.5226631179846,10
47,6,1410.4493704805611,529.4487748679215,9
47,8,338.6783699844377,439.1558218921346,12
47,9,181.02783174708804,585.5628134358572,7
48,2,1102.4204799874199,434.8832895051296,4
48,3,690.4975041353694,902.9346374339359,6
48,4,719.2180943325732,761.774154709906,10
48,6,1409.7347426599965,529.5342222651695,9
48,8,341.1684315165158,442.4860500338544,12
48,9,182.21228838207472,583.8130031750637,7
49,2,1101.8883042339103,433.7439587159615,4
49,3,687.2958549593302,903.794844648622,6
49,4,717.573991860499,762.3409242849876,10
49,6,1409.5166447072365,529.4572741612333,9
49,8,343.3969171707319,445.6977587219664,12
49,9,184.21715647922514,580.9826761438743,7
50,2,1101.2752783258145,435.28578889714964,4
50,3,683.9272038872394,902.2251288138148,6
50,4,714.1649632700409,760.2821326625071,10
50,6,1409.4587499207394,529.4294766659616,9
50,8,345.85690157623407,449.8297768070422,12
50,9,184.9200631696452,578.000907823035,7
51,2,1100.9445717062788,435.86744763929005,4
51,3,681.6683263663537,902.9404211409847,6
51,4,709.0958401692084,749.1345580711007,10
51,6,1409.4681771486853,529.3738294140702,9
51,8,348.0352426465532,453.2764741600777,12
51,9,185.81430315077566,578.6428306739527,7
52,2,1100.5292269078514,436.1628012298242,4
52,3,679.7054070217617,900.0510790288329,6
52,4,703.5223474635737,741.195320223389,10
52,6,1409.4732945825622,529.3549933494735,9
52,8,349.7133614503683,455.42290917474037,12
52,9,186.62266071153473,578.7541204171731,7
53,2,1099.8103943133024,438.2269081622452,4
53,3,678.2960921395469,895.7454736326417,6
53,4,698.976185967027,730.1688415118737,10
53,6,1409.2368423261323,529.3349656072713,9
53,8,350.75618519106075,454.0492767712598,12
53,9,186.36797298436878,578.8748915961498,7
54,2,1099.284993636611,439.04788442853254,4
54,3,676.9335692294791,892.0557957175482,6
54,4,696.2858832835458,714.6689364923731,10
54,6,1409.44259620471,529.268961807755,9
54,8,351.69421832620145,453.39428920180916,12
54,9,186.24342415763653,578.8931246943121,7
55,2,1099.8087499096102,439.2898418766282,4
55,3,674.1623006060447,884.3215508912951,6
55,4,693.0469739213015,704.9251191610398,10
55,6,1409.787853407963,529.2551318434748,9
55,8,352.00104346034635,453.2080759349342,12
55,9,187.55476330076974,578.763763848355,7
56,2,1100.1599673787891,441.2327134222841,4
56,3,666.0889056879417,872.1347886104338,6
56,4,692.7412103835715,702.956251606911,10
56,6,1409.9529488896892,529.213115450131,9
56,8,352.65843453329387,453.0170862892824,12
56,9,189.12409577974552,578.5340254447179,7
57,2,1100.0226766857659,441.97302173986117,4
57,3,654.8933678134596,850.9270953252867,6
57,4,693.2453223309742,702.3098558332499,10
57,6,1409.7366877103032,529.2444487020098,9
57,8,353.55964782504867,454.92564850070846,12
57,9,189.0947563019892,574.794373547725,7
58,2,1098.1938963593811,442.5160160671867,4
58,3,644.6320315797632,831.3652963534247,6
58,4,692.9860112227487,702.3144156150782,10
58,6,1409.134498560093,529.3136009573495,9
58,8,354.4222043047476,455.501286353476,12
58,9,189.2879484638865,569.5514422256346,7
59,2,1095.115578734032,444.8695448117371,4
59,3,635.9068827626448,817.2369191186397,6
59,4,691.9066143988092,702.5847204754415,10
59,6,1408.104889333882,529.4265832594627,9
59,8,356.19558078283126,456.40994846740796,12
59,9,188.96983622073284,563.7355746145029,7
60,2,1090.7259839149497,444.3710993936032,4
60,3,631.4918950339776,808.5704448464417,6
60,4,690.2713245939756,701.5238138596252,10
60,6,1407.1615410326413,529.5994556133342,9
60,8,358.5739161709943,456.4566183097844,12
60,9,188.19479515778448,557.8178583237842,7
61,2,1086.8748098267622,444.5119820900154,4
61,3,626.1550897078779,803.6638874733299,6
61,4,689.0058330036153,702.8386537921175,10
61,6,1406.3062792833796,529.7414674068674,9
61,8,360.71088802833987,451.12350027336277,12
61,9,186.48949194590725,550.1827347823881,7
62,2,1083.4977739160647,444.7948880534598,4
62,3,621.0643890408229,794.7483743317583,6
62,4,687.1025067666596,703.6375003398605,10
62,6,1405.4258701118965,528.2206122292306,9
62,8,363.8680639588835,448.72725818472327,12
62,9,184.10779146757866,543.7497955827079,7
63,2,1081.378511955438,446.96516975064975,4
63,3,615.5393922971003,784.3219143046763,6
63,4,682.3139768416809,693.1169502642442,10
63,6,1404.5738918345298,527.763597213785,9
63,8,367.13765600569184,448.6686838393802,12
63,9,181.48034574849532,537.8695180117793,7
64,2,1080.330047248829,447.79401049888367,4
64,3,610.5777206940206,774.4229526094672,6
64,4,676.0625642556266,682.2856519827872,10
64,6,1403.5725921296557,529.2866081344599,9
64,8,370.1649640381031,450.4802990901453,12
64,9,178.75974366751566,534.0519119641265,7
65,2,1080.2342969572776,446.1398113450026,4
65,3,606.1333094712202,765.9454149228955,6
65,4,670.510964635088,669.591816575247,10
65,6,1403.1366135512876,528.2440204255561,9
65,8,371.14266619493895,449.0898121040647,12
65,9,175.86071011785324,531.9863444309653,7
66,2,1079.1628276334113,445.6200385829028,4
66,3,602.4319057156682,762.0451481423946,6
66,4,665.3957570703267,651.3463294698668,10
66,6,1402.7645477159494,527.8443125686513,9
66,8,372.8803547325126,447.3261530740615,12
66,9,173.6233825883234,534.5203604952421,7
67,2,1078.9043730323192,445.3828402638648,4
67,3,597.7986919408575,757.2144234681989,6
67,4,660.2511207986421,630.517537696092,10
67,6,1402.100031645137,527.7590897974613,9
67,8,376.22869110418117,449.373851719145,12
67,9,173.73719768547903,534.4155356057622,7
68,2,1078.0150826295771,445.4284105007974,4
68,3,593.5961013847528,753.2792914937296,6
68,4,655.7601211441665,614.9628686588529,10
68,6,1402.1288072352531,527.7367653960129,9
68,8,377.59393282049285,447.0073780886168,12
68,9,177.76066926748584,535.8704626500928,7
69,2,1076.8985447524742,445.5707397258368,4
69,3,589.4470998898668,751.0792164957047,6
69,4,651.8608478582568,603.0894992723956,10
69,6,1401.9163736567514,527.7312406838266,9
69,8,379.005399417129,447.05815631713523,12
69,9,183.56709961925677,536.9053754808859,7
70,2,1076.0604752697345,443.7655089824976,4
70,3,585.265371583225,749.485832591701,6
70,4,649.3287304624841,595.7640626770415,10
70,6,1401.5722171320103,527.7811148035581,9
70,8,379.7012151466944,445.94202984908605,12
70,9,188.0532404054823,536.9917032895116,7
71,2,1074.5071287697992,443.3140168060519,4
71,3,579.8735601426138,745.5685193917209,6
71,4,648.3214241508275,595.1902425159186,10
71,6,1400.2114915343138,529.646810542643,9
71,8,379.47736215433895,442.50197879460876,12
71,9,191.74323391540997,536.8002283993891,7
72,2,1073.261744003723,443.2204280416559,4
72,3,574.3302158897689,742.0090544727038,6
72,4,647.5439259607946,595.398106122264,10
72,6,1398.9301647755394,530.4481964530972,9
72,8,379.9221082790345,441.0859758911042,12
72,9,194.5263753700994,534.6153660492301,7
73,2,1071.8109386410042,441.4559969044339,4
73,3,569.2469060536563,738.5179534749597,6
73,4,646.8452591793969,595.8598690344022,10
73,6,1397.4998769343988,532.4816505194044,9
73,8,380.9636887184824,441.50096533712394,12
73,9,198.59063519699174,531.4243026647947,7
74,2,1069.7257030914923,441.0375859546297,4
74,3,564.5411452352128,737.8035964929564,6
74,4,646.488269493172,598.0316304015522,10
74,6,1395.5611285440348,536.6718949101166,9
74,8,380.86779338179065,438.59616645755216,12
74,9,200.65498323195683,524.2689042240872,7
75,2,1066.9077447586787,440.23552678316213,4
75,3,559.3773557852994,734.002913472725,6
75,4,646.1346149618665,597.4211897702014,10
75,6,1393.8980786543084,539.9618779577119,9
75,8,381.1899564142701,433.1844746577145,12
75,9,203.23370792609575,516.3343265295069,7
76,2,1064.7578338293067,440.14517514320875,4
76,3,555.6972494882687,733.0495695478766,6
76,4,644.5661449716127,592.5633509493215,10
76,6,1392.0893005213986,542.957886263431,9
76,8,381.79608341260894,428.9968021676636,12
76,9,199.90264634144978,495.87211900389764,7
77,2,1061.646348333189,439.4907857024563,4
77,3,553.7438116876395,737.2895143346234,6
77,4,642.395080580813,582.6108778611775,10
77,6,1389.9860734229915,545.8091397458567,9
77,8,384.31120973990676,424.9906671316547,12
77,9,194.8478932822405,470.7571465112675,7
78,2,1058.5497761125814,441.4387004465595,4
78,3,551.2853326193169,744.9894562779077,6
78,4,639.5948183415453,568.8425397943616,10
78,6,1387.832056049305,550.2174768839445,9
78,8,389.59107463269146,427.195707961825,12
78,9,193.1930597290835,457.06817125192083,7
79,2,1056.368922685325,444.2497910605933,4
79,3,548.8267718427838,752.4908172428603,6
79,4,637.9257834571298,560.4098016377513,10
79,6,1385.613030012735,553.5924967144816,9
79,8,389.57721281353315,416.48564816823614,12
79,9,190.89544262103215,449.2727457921848,7
80,2,1054.9750817045017,447.2986518992768,4
80,3,546.5463583922927,757.0239891481975,6
80,4,635.7827845033681,552.3550417037706,10
80,6,1383.6362388180303,556.4991444810524,9
80,8,392.539780393216,412.04941378910917,12
80,9,187.9144493999257,442.6269598780894,7
81,2,1054.6243038101395,446.45942045073326,4
81,3,542.2948055845337,753.6341824678776,6
81,4,634.6678360832925,547.738621338134,10
81,6,1382.3954190491158,557.591117059369,9
81,8,392.60631394141063,409.4217324603857,12
81,9,189.1866939198999,437.7731687494819,7
82,2,1054.7187201722352,446.1697423820434,4
82,3,538.5031529495857,751.3736882452603,6
82,4,632.9178044614453,539.3303053287632,10
82,6,1381.4469010345558,558.0789617577444,9
82,8,392.8496032688331,407.49721492596876,12
82,9,194.6935462664677,438.86613704078667,7
83,2,1054.9242643465736,444.14237786781,4
83,3,532.9130051431795,741.217105484447,6
83,4,629.9743984476942,527.5861981482642,10
83,6,1380.8877848853276,558.2123980067521,9
83,8,393.4949851347333,406.8122384417075,12
83,9,197.33113608087365,426.34668645592586,7
84,2,1055.48049071589,443.2734623619514,4
84,3,527.4320351494322,729.1395322384091,6
84,4,627.0810597123145,514.2945637835404,10
84,6,1380.2025014613077,558.2588996062519,9
84,8,393.9424441282395,405.46759539485214,12
84,9,195.5695029232118,408.75410260233105,7
85,2,1056.6825555822213,446.64581526473273,4
85,3,520.2037177986731,710.4928340180609,6
85,4,624.9480616388676,504.07280930016407,10
85,6,1379.7270124766485,558.2750624885917,9
85,8,396.76631536406563,403.6213961171557,12
85,9,191.7544916696239,382.1164035389184,7
86,2,1058.3143476181,447.78403423714593,4
86,3,514.8974730878637,696.3038436809342,6
86,4,623.105930334398,497.88249055793085,10
86,6,1379.3207928250858,558.3162699887023,9
86,8,398.49683458287325,405.1621597248777,12
86,9,196.51190976379488,372.63508666393005,7
87,2,1059.4155777157046,450.01174329427863,4
87,3,512.6334505266343,691.3742755343688,6
87,4,622.3181297835887,494.9750913623266,10
87,6,1379.3816309488077,556.6753325643562,9
87,8,402.22063252767333,409.7365884468719,12
87,9,207.48820278632118,365.79240097698744,7
88,2,1059.2244207816452,449.0257651920942,4
88,3,509.57881201023656,685.4324683132177,6
88,4,622.4845226134638,496.0667570309365,10
88,6,1378.4929426166584,557.7168585286033,9
88,8,406.12916481367205,407.8363789497673,12
88,9,220.08845241544932,361.1949474685871,7
89,2,1057.5484002748967,446.9429969590866,4
89,3,505.1683950311213,679.2496240030227,6
89,4,624.1439870685342,504.19062042990583,10
89,6,1378.3598653602282,556.4540821681403,9
89,8,414.5279526970398,409.35698344565367,12
89,9,230.90867116095086,356.6150966697206,7
90,2,1054.1075318850912,448.4635589097173,4
90,3,503.68680823368067,677.2062847057601,6
90,4,624.2413266733028,507.483532400457,10
90,6,1377.400326905328,557.6642625569514,9
90,8,432.3368465767092,418.51654178313333,12
90,9,242.6448042092556,360.1625830956332,7
91,2,1049.048218538909,449.58532362045753,4
91,3,500.3043155969693,673.9360240760709,6
91,4,623.5825125732276,510.89549305556767,10
91,6,1376.5511775878858,558.1731036689966,9
91,8,430.1814700668737,374.6748955761602,12
91,9,248.6270146449964,353.0994889498411,7
92,2,1045.3403825967775,450.2551842607241,4
92,3,491.3457711268936,658.0700459970647,6
92,4,622.827295547477,512.4380746444793,10
92,6,1376.1609302056972,556.7896728073991,9
92,8,447.6686282930288,404.03685603958087,12
92,9,257.200096394725,352.0617200303715,7
93,2,1043.3058464261132,452.4758291685336,4
93,3,484.57320987132505,642.8130651908593,6
93,4,621.2681720271797,509.54665623511676,10
93,6,1375.2612567753188,556.3395846787204,9
93,8,454.7813284024082,391.670142686248,12
93,9,259.7849524043193,328.2465198687599,7
94,2,1041.4557364429038,453.44286603151596,4
94,3,478.61168120060574,631.1991283072962,6
94,4,619.7752910651783,506.8037335361021,10
94,6,1374.9498855384159,556.1383428461761,9
94,8,463.20249664349194,385.85740549343006,12
94,9,259.1616336959938,299.5425984439267,7
95,2,1040.237893635867,453.85308178627724,4
95,3,473.9736658220703,620.7498212606075,6
95,4,618.1199551469543,503.1808504169274,10
95,6,1374.6070454316784,556.0823585808454,9
95,8,472.7626603929948,387.1233583545277,12
95,9,263.78485421711827,280.4763349161038,7
96,2,1039.2097726581546,452.1886757934721,4
96,3,471.4034716064441,617.4258873136808,6
96,4,616.7764378526323,501.03305296096414,10
96,6,1374.6630515178238,554.4360999772925,9
96,8,484.1701602321276,391.9590841915202,12
96,9,276.83079819432953,278.6080568441424,7
97,2,1038.9293945972247,453.3908699554756,4
97,3,469.06862025368747,613.3059798046891,6
97,4,614.428133744441,496.840366335408,10
97,6,1374.451870973371,553.849248494167,9
97,8,492.25814670524767,394.35096668721013,12
97,9,291.62736781168167,275.4767096153339,7
98,2,1038.3918196544334,452.0337552441989,4
98,3,464.6461486865073,607.4453936395995,6
98,4,610.7050177629094,490.0168210000684,10
98,6,1373.9680594549015,555.276864301621,9
98,8,498.20081216451416,390.52173594510685,12
98,9,311.90350069180926,275.0118253325411,7
99,2,1037.7597590003516,449.6925997192788,4
99,3,461.02259649862924,604.1306705168012,6
99,4,607.2471237288607,485.90254954886814,10
99,6,1373.8233969904152,555.7908872512467,9
99,8,503.7356103879626,390.73565363036636,12
99,9,331.45850417247874,273.3386951245763,7
100,2,1037.0945264324987,446.9667614141247,4
100,3,458.22445049303036,601.6494909661519,6
100,4,603.2750358889874,482.8885298350406,10
100,6,1373.9467703414794,554.3633624335298,9
100,8,510.10989277754425,391.29091179362325,12
100,9,344.79168157389296,272.1118250920755,7
101,2,1036.494752250869,442.25720227989865,4
101,3,457.38326663384316,604.583225809319,6
101,4,597.5532551336626,469.90129565371785,10
101,6,1373.7565758608985,553.9145349225548,9
101,8,513.5524609436552,381.57625796670976,12
101,9,351.245900712402,262.90361650481486,7
102,2,1035.7331167585935,440.5494767765519,4
102,3,458.33376508671273,605.7598564974893,6
102,4,594.5824894658097,461.1688597227374,10
102,6,1373.435845261676,553.802087859292,9
102,8,515.696894676677,372.11093091937147,12
102,9,357.77207203316675,262.75885767864384,7
103,2,1034.3496770852544,440.1306449045742,4
103,3,458.7851896615945,608.1252431644292,6
103,4,594.1960208629275,460.9789782152754,10
103,6,1372.91699270606,555.3936612716448,9
103,8,522.3986474205492,367.7293019110602,12
103,9,363.73740265555574,247.19819537036173,7
104,2,1032.7181257277819,440.1553321309231,4
104,3,460.69775877037887,608.9250064765477,6
104,4,590.3896095940083,457.62707243561607,10
104,6,1371.5096935089748,560.8468835674258,9
104,8,527.5514424463652,356.7003686543894,12
104,9,381.99034714504893,232.3784875003079,7
105,2,1032.1574573395958,440.23750730313077,4
105,3,461.54184441490816,607.7239308788971,6
105,4,588.0315062611692,454.6557495067494,10
105,6,1370.1728767634686,566.1329497479319,9
105,8,532.7928958724196,342.94307597575954,12
105,9,396.4051725866817,224.5626152671885,7
106,2,1030.8873516913661,439.479514438213,4
106,3,463.00585186550404,608.9352932302471,6
106,4,589.1366337247632,454.4705004205822,10
106,6,1368.7760181453025,569.7519030617756,9
106,8,544.9793420686634,336.324877211961,12
106,9,406.1219010311931,223.93371285554673,7
107,2,1030.0196431258757,435.43153752067775,4
107,3,463.61459147987654,609.4426932653046,6
107,4,589.1862191268912,452.5160305007914,10
107,6,1368.1525955904438,569.5476976510666,9
107,8,549.2715994925854,324.6347207154478,12
107,9,414.2548136613479,221.85183743233665,7
108,2,1029.0465781853225,436.91072766113837,4
108,3,463.37451487931344,608.0926890745476,6
108,4,589.283427835295,457.18126915586726,10
108,6,1366.350340942429,572.7458175517835,9
108,8,554.9162843222423,322.16794344936545,12
108,9,420.334412624478,222.24382215423796,7
109,2,1027.5000887367496,439.6109637546004,4
109,3,468.1233152035435,608.6326476640775,6
109,4,586.3587059414668,463.5212443304287,10
109,6,1364.1318552386388,577.1946439022955,9
109,8,561.6652544259575,313.70085691805065,12
109,9,439.4886909445806,220.01914890097743,7
110,2,1025.7082729270046,443.6667560600653,4
110,3,463.75194357340627,606.4575584596407,6
110,4,580.0179864977299,467.6724139293736,10
110,6,1362.328115169469,578.8948096433453,9
110,8,574.3386217803168,307.9139489524399,12
110,9,444.77090639069206,215.66359781967233,7
111,2,1024.4311361975192,448.09856288000753,4
111,3,461.96207383870615,605.6758794388595,6
111,4,583.8710949580031,473.2868033065815,10
111,6,1360.9270847286027,579.559283554607,9
111,8,579.7423080550914,299.8497665268678,12
111,9,461.11626942395867,208.0194630471656,7
112,2,1022.8324797885209,449.99074079857496,4
112,3,461.41889585018396,602.0965232478968,6
112,4,581.6458101045226,476.0032095990889,10
112,6,1359.7640778306547,581.4194784009514,9
112,8,584.3585549114642,288.16818320156966,12
112,9,466.6053157309829,204.1103195972612,7
113,2,1023.6224472305996,448.6211955232455,4
113,3,460.79065050568477,597.4991556561703,6
113,4,578.6010880317151,477.4220974688171,10
113,6,1359.2575817852337,580.5700037167094,9
113,8,590.9097673873971,289.465111963278,12
113,9,473.60433238015645,206.05298895146447,7
114,2,1023.8734914323175,449.96567235378046,4
114,3,457.35635092600415,587.6917920418736,6
114,4,565.9402149877712,482.5196599357659,10
114,6,1358.8327016405499,580.2038459987579,9
114,8,593.9205622045022,287.5820704140379,12
115,2,1022.7927211595096,450.5909599218882,4
115,3,453.99394286779466,575.5604561844858,6
115,4,558.8733964786437,482.80989497573336,10
115,6,1357.5548339931095,581.6871857949099,9
115,8,598.8618743616562,291.3032708756334,12
115,9,492.2000353085365,179.38138332604066,7
116,2,1021.8515816557101,450.85611603778847,4
116,3,452.8421617926353,563.8691297757018,6
116,4,546.9239661363576,481.3475168564992,10
116,6,1355.6895718580772,583.8835518504904,9
116,8,604.8375627698708,288.5506281277026,12
116,9,509.62776686179745,182.86409553098713,7
117,2,1020.371143065933,451.1365905273231,4
117,3,449.54687184399694,557.9371327082843,6
117,4,535.4672270540897,483.7148096201508,10
117,6,1354.5176641274736,584.7507144016928,9
117,8,611.7290413434315,285.79288325735354,12
117,9,517.0742866193027,176.00360926931103,7
118,2,1019.28090033231,451.31748179393503,4
118,3,447.21206573135527,550.5338012914353,6
118,4,529.9193346964411,483.84582556390023,10
118,6,1353.582978040845,585.1408280947473,9
118,8,618.9987793452278,282.9753416676881,12
118,9,521.9593919050029,178.66111477469366,7
119,2,1017.7102686590705,453.45469770103466,4
119,3,446.9974328167291,544.1051864998497,6
119,4,526.6703143965217,487.91371375343147,10
119,6,1352.5068628375345,585.3641838829078,9
119,8,626.7060668248179,277.6958403416228,12
119,9,528.0014103816162,175.06242423410453,7
120,2,1016.0889919211644,452.50594244690205,4
120,3,450.3163455249637,546.9076897067811,6
120,4,526.0693379046982,497.90327020065047,10
120,6,1351.6360720316716,585.4728549619946,9
120,8,633.330083579961,272.8329947459507,12
120,9,540.7962656195241,179.05617660842407,7
121,2,1013.7730996232544,454.2852020564062,4
121,3,453.7659375914993,549.6785829454308,6
121,4,526.4451352444203,510.0619615754502,10
121,6,1350.436773308661,587.1413087851865,9
121,8,637.1332961331956,273.33125450221286,12
121,9,551.942124236697,179.65873546288032,7
122,2,1012.4229663311146,453.0852234886189,4
122,3,456.33316770637947,561.8315135344044,6
122,4,525.6659626293205,521.3942127284678,10
122,6,1349.1317349915325,586.3104090070427,9
122,8,641.5032847060323,268.3265619747489,12
122,9,560.8479726948344,181.89583584948207,7
123,2,1011.9355710993035,452.6053757920349,4
123,3,466.5414163466197,565.1579147964788,6
123,4,521.7137951795543,524.3382640854812,10
123,6,1347.6639294240706,586.0971757882065,9
123,8,648.7854014640989,266.9103228401369,12
123,9,568.863802551653,180.78091558147605,7
124,2,1011.1759719880602,454.36922571807054,4
124,3,469.85157456226653,572.0208818379215,6
124,4,515.7987013268781,527.8152731288176,10
124,6,1345.3265794666065,586.2133977767262,9
124,8,655.3688799801441,267.07989405876464,12
124,9,576.7763842062795,178.22795914071918,7
125,2,1010.9663409885687,453.12897779163893,4
125,3,473.6966065456464,579.6179663445844,6
125,4,510.16764419769123,533.2308377060313,10
125,6,1342.6966969423488,586.5079096899849,9
125,8,659.6180189733012,266.993947103556,12
125,9,584.6943048230664,179.21664997183026,7
126,2,1010.4852979475223,447.99010601013146,4
126,3,474.5653877105919,582.4110799695515,6
126,4,508.3121634949724,547.9706579224405,10
126,6,1339.695498615485,586.9070529467486,9
126,8,662.9998417421014,266.79064391678247,12
126,9,593.1248839697471,188.12067189272608,7
127,2,1008.5911127368554,448.16098823927626,4
127,3,475.317161835478,583.3120436801656,6
127,4,502.7227762497533,555.9292767242418,10
127,6,1335.8095196449424,587.4509134740701,9
127,8,672.6778821975802,265.5106906079927,12
127,9,596.0376372524381,176.93570732540894,7
128,2,1006.2795886449068,445.65823230839226,4
128,3,471.3298687077815,586.0295066613447,6
128,4,501.4663442772643,573.0149598094162,10
128,6,1330.871658434176,586.6139395220383,9
128,8,679.3052126988808,263.45257972363163,12
128,9,603.3500954026131,182.50281334109036,7
129,2,1001.1560305252377,429.9258227167684,4
129,3,464.7408341922582,585.9428847829141,6
129,4,500.48287594015375,584.5400180815853,10
129,6,1325.460776947546,588.3489571122107,9
129,8,684.5484944921823,269.7754569965658,12
129,9,609.9821193370556,181.29527752185825,7
130,2,996.3081055232989,428.3223743494426,4
130,3,458.88559610871295,586.3814000633713,6
130,4,499.22328806119026,588.8094079051587,10
130,6,1320.4427452859115,589.4306647351342,9
130,8,687.6210869988747,263.3902102424673,12
130,9,615.9510316268014,178.95309374922525,7
131,2,989.5602331841277,412.71295401198614,4
131,3,457.37429059258983,584.6210758700706,6
131,4,501.7214691649655,589.7180086795238,10
131,6,1315.8763382529576,590.1918398658312,9
131,8,688.5204302872892,256.07900007820797,12
131,9,620.5128813268551,177.75497171014544,7
132,2,983.470623999099,411.3767256161672,4
132,3,455.75334046091467,584.0638969450375,6
132,4,498.2258068058329,592.2009605688909,10
132,6,1312.1370937655477,590.7315414617069,9
132,8,686.7575413267758,251.16751079876312,12
132,9,626.3439828103557,179.28664713445238,7
133,2,979.5828503062688,411.2553977427291,4
133,3,451.9417831010599,582.533117282195,6
133,4,496.47420425634596,594.7753114320182,10
133,6,1309.4924577341292,591.1302641721402,9
133,8,686.2624844413992,241.8462688681678,12
133,9,630.1069355849551,179.712824339624,7
134,2,977.1412532567806,407.4911532647964,4
134,3,449.38958009535554,582.0892251174259,6
134,4,494.3367254312009,592.240502162996,10
134,6,1307.8616522631012,589.833195429039,9
134,8,689.6617236405095,231.51233298419976,12
134,9,632.8139966545529,176.9297465010969,7
135,2,974.0057476663633,400.4864030969515,4
135,3,448.4521116499758,583.7184971988634,6
135,4,494.1154021173271,592.7608111433865,10
135,6,1305.8034221245418,589.5676542462187,9
135,8,694.4292665105932,229.83653056581431,12
135,9,636.7961836661813,174.06994439202768,7
136,2,970.5828076467039,398.33600378663533,4
136,3,448.66836705310567,586.0098746947122,6
136,4,494.10180932372134,592.8213393772227,10
136,6,1303.9269728071092,588.1139596807039,9
136,8,696.6647109120507,229.33210596018574,12
136,9,642.5739646177952,175.07077468658082,7
137,2,965.959442376687,396.1266591743486,4
137,3,447.7219137142237,588.7805658041276,6
137,4,492.6122400644517,591.1823534497348,10
137,6,1302.1167752485194,586.1841956694635,9
137,8,697.1159021326581,228.01729864157699,12
137,9,649.0318312681422,173.46688966578066,7
138,2,960.8503784346033,394.9394678157142,4
138,3,445.75832578903555,588.2760374255482,6
138,4,491.55587082595235,590.5144032262406,10
138,6,1298.5744110832804,584.3437264785429,9
138,8,697.9555794815886,228.8556252513576,12
138,9,651.7956754328192,171.45211263225212,7
139,2,957.1831777504166,394.88535263950484,4
139,3,445.0695699192095,591.5748036028181,6
139,4,488.5354627972618,590.5629192246573,10
139,6,1295.035833997184,577.8426121035808,9
139,8,698.1188941147732,229.31282358995355,12
139,9,653.5187252090633,167.92639308072015,7
140,2,954.1310632438737,395.26614138852386,4
140,3,443.224602416495,591.2918989545444,6
140,4,485.8762037703179,588.9894712735663,10
140,6,1291.9126151096489,570.972913719105,9
140,8,698.438842269659,232.0651155244397,12
140,9,655.0991126191415,169.14182236750943,7
141,2,951.3040133747363,393.7376568684256,4
141,3,442.0181868857727,592.9649233909767,6
141,4,483.3106431907761,586.7677986221311,10
141,6,1287.1719253474805,567.4088714843665,9
141,8,697.6195436900557,232.07468664329318,12
141,9,656.391688879223,170.91195818378569,7
142,2,949.1680778237663,394.4414428572737,4
142,3,439.42475522239215,590.3658783309161,6
142,4,480.8433583717071,582.5853024540704,10
142,6,1280.6538482179858,566.7831386128195,9
142,8,696.0848921096624,228.5118975437602,12
142,9,656.71780359198,171.5269852456833,7
143,2,947.8742191628729,394.83796930714715,4
143,3,437.92022621942124,589.3993305714511,6
143,4,476.2785422887188,574.3317199152441,10
143,6,1273.514049432227,565.6962996981187,9
143,8,695.4245584577028,227.1919203095349,12
143,9,657.2900046469722,171.68231765334363,7
144,2,945.7370743373722,393.25099047964915,4
144,3,430.780618815587,579.3298856489895,6
144,4,472.47283920132855,566.0533474780543,10
144,6,1266.1484892381407,566.0542393142968,9
144,8,695.1552756959895,231.73688926350357,12
144,9,657.6119215446352,169.03614071457335,7
145,2,943.2294126092394,386.85164925102384,4
145,3,427.04409502729146,579.2336080241753,6
145,4,467.87772892048656,559.7774474978025,10
145,6,1258.9551316941686,566.9003759650166,9
145,8,694.8295759389817,232.32253195897385,12
145,9,656.770863328236,162.7913880819679,7
146,2,940.5548590421795,379.5403385791421,4
146,3,420.1569950811453,578.2507478100665,6
146,4,465.1249749963063,557.6262139869632,10
146,6,1250.6819845016626,566.5557500060605,9
146,8,695.1488505825769,231.28547879149295,12
146,9,654.877401193594,151.07652549273593,7
147,2,936.6619030815561,377.31296489738565,4
147,3,414.2422818337641,578.390168887137,6
147,4,462.01229792518,559.0421666606967,10
147,6,1243.5285446091898,563.8929166641252,9
147,8,693.7172882852057,224.83157072824628,12
147,9,652.9593558125359,144.1041486532114,7
148,2,932.3189676838914,378.04691743882654,4
148,3,409.3726313593127,575.2692049071836,6
148,4,459.80917929210227,559.793169547048,10
148,6,1236.778859398314,565.1016432187782,9
148,8,692.1230279102665,220.01813816650966,12
148,9,652.3975256067758,138.71700680359038,7
149,2,928.4256543442392,378.7846658176431,4
149,3,405.472309299924,574.4429316628608,6
149,4,455.80100895298233,558.8048999390103,10
149,6,1232.6898312922235,564.285033227894,9
149,8,687.733548093602,211.1587662459608,12
149,9,651.691242118702,134.0745013455009,7
150,2,924.6072940325755,375.34241254246433,4
150,3,400.7961363147282,574.6399099635479,6
150,4,452.1699133676277,556.9793704851946,10
150,6,1230.2353458959126,562.6034129957771,9
150,8,682.5099900554889,201.92538617532466,12
150,9,649.5874814520818,129.9356314669054,7
151,2,922.2053018750358,377.4555994052076,4
151,3,393.66535194025016,573.7752246816713,6
151,4,449.2271736025429,554.7586572844773,10
151,6,1228.4696760618265,560.5657067457954,9
151,8,678.7786820516559,190.98206035227255,12
151,9,649.2015483646808,127.06502543019823,7
152,2,919.0826086774346,379.7650601887545,4
152,3,387.8842558853954,574.0105476936606,6
152,4,445.46446250080885,550.7273573921441,10
152,6,1226.5074361134693,556.8745664589364,9
152,8,676.1957786197625,183.19152247752214,12
152,9,647.4530656902019,125.02416857017819,7
153,2,916.8868432890764,382.95989861392354,4
153,3,383.699928122306,576.2455447178477,6
153,4,443.61879130463944,551.2456198562398,10
153,6,1224.6809164035315,554.1038461360158,9
153,8,674.7393081497928,176.51439905481644,12
153,9,646.9777459979364,125.75942595159873,7
154,2,915.0917669602685,387.479065666319,4
154,3,379.94964942898304,575.6775259865998,6
154,4,441.9382372604832,551.6569200558226,10
154,6,1221.338360287861,551.886497345553,9
154,8,673.3745913367648,172.93831923152507,12
154,9,647.4381221474895,130.29135125874893,7
155,2,914.5043268469755,389.18771260672116,4
155,3,378.05398505977644,575.5280315541486,6
155,4,438.0969793113208,552.3221948703036,10
155,6,1217.6258865621387,548.2179361921759,9
155,8,671.5657790600328,171.94673189556252,12
155,9,645.3444636961586,126.79526178001956,7
156,2,915.5077748090233,387.55690358109547,4
156,3,375.865298932453,575.7056097790633,6
156,4,437.8206286444968,552.4453293784971,10
156,6,1212.686169575457,547.417299190374,9
156,8,670.0722047749697,170.51435319054082,12
156,9,644.8965712911046,132.52845445923785,7
157,2,917.1121991638818,385.7188613705246,4
157,3,373.95783803871643,574.0929008332688,6
157,4,436.69022298655693,548.9429253517153,10
157,6,1206.90678313159,544.4967594204886,9
157,8,668.8622571868259,170.18359997568882,12
157,9,644.5064208698847,133.30902398785304,7
158,2,920.2249799417021,385.72456776936895,4
158,3,370.5050673815715,570.3109198122528,6
158,4,434.70066700950485,546.0716290975715,10
158,6,1198.6494305430406,547.6033264960031,9
158,8,668.0852676348089,167.581980418368,12
158,9,643.3236636787992,126.78457302922021,7
159,2,923.20640709332,384.4022581161718,4
159,3,367.6795015119975,569.1057610814305,6
159,4,434.06902648616375,544.995998601639,10
159,6,1192.193954995867,549.3273909400605,9
159,8,667.3752631211414,168.1121037400544,12
159,9,642.4428115848682,121.53676373128256,7
160,2,925.5311577956402,382.6870583548679,4
160,3,363.9939258169106,569.0908308219939,6
160,4,435.14061818633195,542.6027847384676,10
160,6,1186.4908993233369,547.2559715099928,9
160,8,667.5305576469049,171.0170969927371,12
160,9,639.8098847640584,118.5334215265066,7
161,2,927.4899778728034,375.69155891748534,4
161,3,361.0802170253476,569.3526838663635,6
161,4,435.6244397971187,539.8698803647924,10
161,6,1180.5567308097654,547.1053741670863,9
161,8,667.3462244365111,174.9262094294733,12
161,9,640.6077969814978,124.34933135584068,7
162,2,928.7310692078494,365.55529512937426,4
162,3,357.910206156677,569.8366702123093,6
162,4,437.04966513143506,538.7579513313406,10
162,6,1174.3094162013986,547.7172067325002,9
162,8,667.5166744602523,177.8393844087708,12
162,9,640.0226909094266,125.35525353636075,7
163,2,932.2332763087337,363.54289073746475,4
163,3,355.87606874847836,572.0195477026932,6
163,4,438.20268619867954,538.3578907078149,10
163,6,1168.6773666269573,548.5342407774797,9
163,8,666.9579796353885,179.15031201176862,12
163,9,639.3453452752549,127.32183103753519,7
