0,1,809.6104682050507,935.3020453022932,9
0,3,346.4260447417031,459.90722848988327,3
0,4,216.0987398208333,721.1544655784535,6
0,6,848.4111020225968,708.3891637751826,5
0,11,778.7223831619102,391.38499237374174,3
0,12,827.12255242198,263.60888340867774,10
1,1,809.6048770935329,935.3142590342665,9
1,3,345.63692644545597,460.0236385957542,3
1,4,216.09020249176214,721.1557006076542,6
1,6,846.562224018353,717.8645454629839,5
1,11,779.9377898358534,380.07913302814484,3
1,12,834.4509943771662,308.59582674849554,10
2,1,807.3365322943004,936.8556218335937,9
2,3,344.79829798599565,460.1473524016771,3
2,4,214.88378345379775,721.3128091720856,6
2,6,842.5997202071563,723.2901980758552,5
2,11,781.1385321339386,374.2027355986523,3
2,12,839.8012308757839,311.6825053192212,10
3,1,802.3467694090267,936.7498180328195,9
3,3,343.8950705575898,460.30392990872514,3
3,4,213.6564359287187,719.7120192039387,6
3,6,838.4374857178775,729.9900669353613,5
3,11,783.4975945150592,378.526286411931,3
3,12,845.5272971141982,309.78742227510105,10
4,1,800.1400372972358,936.7758193473419,9
4,3,342.9494119191352,460.42009860945063,3
4,4,214.41426047326874,719.0086785925224,6
4,6,834.4888289311392,732.3236895343798,5
4,11,785.6016948634726,386.99152757795395,3
4,12,859.1859095182023,312.03682511520174,10
5,1,797.7244249937435,937.0025518210662,9
5,3,342.0136541395362,460.534806652222,3
5,4,213.58933432566684,718.9533360158649,6
5,6,831.0737619818296,737.6316048540227,5
5,11,789.1021570339558,392.8430119401524,3
5,12,863.2783752317735,312.62263185395705,10
6,1,795.2308946060582,934.0906719313925,9
6,3,341.26150689949276,462.88305511500477,3
6,4,213.33280524485102,718.9904538539414,6
6,6,827.7773418247723,742.4813456239046,5
6,11,794.8508875501258,402.8816743528018,3
6,12,867.5515684820774,312.19161792809945,10
7,1,791.5917246354729,931.2545049556993,9
7,3,339.8177502190827,463.887019109637,3
7,4,213.29259057701492,719.0312159524333,6
7,6,824.2685018731337,744.3316309670647,5
7,11,799.100559962978,410.23118122937336,3
7,12,871.5217323878734,313.78136787011766,10
8,1,789.7677017135425,929.2689159033756,9
8,3,339.4471275512083,466.3105332018727,3
8,4,213.27818436670364,719.050771490972,6
8,6,820.374196993835,742.4207622150506,5
8,11,806.2693579471395,422.28997719434,3
8,12,873.8664388233852,310.6458744964112,10
9,1,785.4679580956615,930.1425979840096,9
9,3,338.74188605960995,467.22591313384544,3
9,4,213.2783393423657,719.0332779935497,6
9,6,814.6602938993957,742.131587588823,5
9,11,811.6529846893866,424.07961678340547,3
9,12,878.3634782224798,312.1843454397418,10
10,1,778.8544592128005,929.1287951821292,9
10,3,336.95538161495216,466.7243396934355,3
10,4,211.49200397464062,717.7177657443206,6
10,6,808.4752855552806,743.914489283976,5
10,11,814.9243490225066,413.1102995837559,3
10,12,883.1512764900532,316.8022409596234,10
11,1,775.1935857780569,927.8900855196084,9
11,3,335.3501670623283,465.5684951968646,3
11,4,210.8202992267863,717.2020045622194,6
11,6,806.8326450055453,745.7417691395314,5
11,11,818.1270767630407,413.4622035066643,3
11,12,887.7687601712641,316.8475775126244,10
12,1,771.5315563266458,928.8381711367149,9
12,3,333.5283900275728,465.18657257044515,3
12,4,209.4950698496874,717.095893169636,6
12,6,805.9484635763354,746.3680692285262,5
12,11,821.7705801085933,416.21234696474346,3
12,12,893.5104404339747,315.03963769967766,10
13,1,766.15871255554,927.7445494648898,9
13,3,332.1317404805625,466.27535461626894,3
13,4,209.83856998769633,718.621982492368,6
13,6,803.7027876391085,745.4784697657298,5
13,11,824.7693065989289,416.8865449265493,3
13,12,900.5486740135211,315.8331940783786,10
14,1,757.763170989919,928.3121725569105,9
14,3,330.0771117503613,465.8582486717024,3
14,4,208.161746615167,717.849494797131,6
14,6,800.2162881801924,746.8417708268639,5
14,11,826.8885241254853,416.9385990702459,3
14,12,909.8683491661707,315.13020092489444,10
15,1,752.416427406867,928.9042130317571,9
15,3,329.40221520122975,465.7718556129077,3
15,4,206.6192580999863,717.8099704989044,6
15,6,794.1477976400403,746.6817407331886,5
15,11,830.0541945297027,417.5183301533348,3
15,12,918.7630350708349,312.8311235231385,10
16,1,747.7861803040597,930.5856552463143,9
16,3,328.7863802772767,464.7230503562116,3
16,4,203.97414321126766,718.0876462511657,6
16,6,789.1195759086776,746.96298341467,5
16,11,833.8976081778708,415.2697749049693,3
16,12,926.1358043636028,309.1180953612721,10
17,1,743.7490787239419,931.5991038029446,9
17,3,328.6978884413177,464.41022730630084,3
17,4,202.09906673155967,718.4466046109771,6
17,6,785.4568445876941,747.306151904925,5
17,11,837.9169184190706,417.9728275178965,3
17,12,931.2471134067954,310.7035424236571,10
18,1,741.2443885008968,933.1754285840884,9
18,3,329.2142470875762,464.1245108688386,3
18,4,201.0930982127326,720.132288396975,6
18,6,781.3093625422053,747.7946630481747,5
18,11,841.5867293385684,418.6566886969426,3
18,12,935.4028241003621,313.2029423299408,10
19,1,738.4273884916712,934.0617152815811,9
19,3,329.5291919444622,464.0547696629331,3
19,4,198.79869546619557,721.0934307625574,6
19,6,777.7060307252907,749.5846127594157,5
19,11,846.3218612679781,418.2543394780621,3
19,12,939.9268504275195,315.78766695513434,10
20,1,736.8799900020191,933.4314061909274,9
20,3,330.2744138296032,463.9448496598605,3
20,4,196.96705031380517,721.6204421683136,6
20,6,775.4902064514729,750.3413565972556,5
20,11,851.500160017444,418.53342119998837,3
20,12,943.9070985237793,316.3720298263421,10
21,1,735.2309107325925,931.2627063819286,9
21,3,331.17793049027347,463.81158122518764,3
21,4,196.05629260544313,723.3745367211457,6
21,6,774.7523949406499,750.5833380743353,5
21,11,854.7110647696136,419.39449263894556,3
21,12,948.2726611757773,319.46280654760983,10
22,1,733.9324873308368,928.42541495731,9
22,3,331.74043936927023,462.6334079407167,3
22,4,195.73615362854133,723.9956924239417,6
22,6,774.279958069506,751.9965561326403,5
22,11,858.0770900576273,419.28316771708967,3
22,12,955.1361070507771,318.6450995997703,10
23,1,732.9558002309616,926.3767878704049,9
23,3,332.91274054406693,463.0665101096261,3
23,4,196.40531250156144,725.6208628682066,6
23,6,772.9815405074995,754.0079012988319,5
23,11,859.4024959863435,420.1711682580638,3
23,12,964.2209480315054,318.39292357748906,10
24,1,730.9034707534646,922.721479937125,9
24,3,332.77156713577193,463.34360781137343,3
24,4,195.69944176583093,726.3828968275008,6
24,6,770.8207177897635,752.2809760518602,5
24,11,860.6132717657687,424.35667659283064,3
24,12,973.5875542654038,318.4700482414625,10
25,1,728.3750777108652,918.3934382012063,9
25,3,332.656133976159,463.36063448450585,3
25,4,196.160426301629,727.9982439282701,6
25,6,768.5765102356302,747.7065368253428,5
25,11,861.9139050154569,423.7165567610226,3
25,12,982.9531152069382,321.9811810126265,10
26,1,725.6574939471966,913.8174503090023,9
26,3,333.56047805470547,464.2283441424719,3
26,4,196.3517405658425,728.5592847310126,6
26,6,766.011660548109,743.4359198599786,5
26,11,864.6046207865531,424.03897844728516,3
26,12,990.4581969277726,326.9937732917719,10
27,1,723.7628418315571,909.0382529702919,9
27,3,333.6860495745643,465.65130381726607,3
27,4,196.457093431161,728.7517218705577,6
27,6,761.4021774454923,739.6140589647017,5
27,11,866.6869735582366,423.93464553398053,3
27,12,995.3927609687663,330.6409761665329,10
28,1,719.9797551392608,902.2964521826218,9
28,3,334.1003900903571,467.1685136614517,3
28,4,197.53476311869844,728.6650967225314,6
28,6,756.7388320226352,734.4543703653726,5
28,11,870.754097140524,421.4056963465003,3
28,12,1000.7097994660079,330.3667354100289,10
29,1,716.7450871572303,896.7450681692902,9
29,3,334.5962004308745,468.67093919206627,3
29,4,199.9536440206773,728.2807073464256,6
29,6,752.4333864771132,731.4936681673107,5
29,11,875.6733010338122,418.8370977935308,3
29,12,1008.3810153579561,334.7027019731758,10
30,1,714.6215210881965,893.8588412983928,9
30,3,335.7820090809751,470.1844200518388,3
30,4,201.70402601640188,729.6179126291162,6
30,6,749.3734816492293,729.3236619335863,5
30,11,879.7071595851506,416.5752305280546,3
30,12,1012.3282360779785,340.42461337649934,10
31,1,712.874684231993,891.9398184304061,9
31,3,336.94468408780966,472.6892868837975,3
31,4,204.14834863904096,731.3856208890742,6
31,6,748.1343816396184,729.9867662396798,5
31,11,885.4891332022979,418.0914235423801,3
31,12,1018.8144188099895,343.8857029546357,10
32,1,710.344417354808,892.7724335665474,9
32,3,338.1254612116994,475.619807445293,3
32,4,206.11116502633055,731.9452645548918,6
32,6,747.2522318730167,733.2042570878668,5
32,11,890.4759526084374,419.26938535883784,3
32,12,1022.2755063802609,347.1048618466826,10
33,1,708.2168182325448,893.3607382850892,9
33,3,337.9622858104104,476.7680052565463,3
33,4,207.87714111510394,731.9651878561373,6
33,6,745.8530118763258,733.2026857721596,5
33,11,894.4920694401854,420.3395535542234,3
33,12,1026.3144540639669,347.7485567076905,10
34,1,706.2309807595947,893.854084631487,9
34,3,338.26652307677574,478.14354539559383,3
34,4,209.5530982367973,731.8433012109078,6
34,6,745.173559538767,734.670116314593,5
34,11,898.1577864955734,419.4192971197707,3
34,12,1031.7932534473723,348.3446875511479,10
35,1,702.2145003786743,894.6104009950432,9
35,3,339.91708362030016,479.4327725663952,3
35,4,211.15908678888786,731.6111600014841,6
35,6,744.7495303804864,736.6568974236988,5
35,11,902.2463001646607,416.6169102914609,3
35,12,1039.249709644477,346.577182355688,10
36,1,696.4879264823105,896.6536782553546,9
36,3,341.43285166425846,480.7164514009195,3
36,4,212.72599245705487,731.3330810476501,6
36,6,744.1776927186985,737.4831444093331,5
36,11,905.8748663069653,412.2064179595571,3
36,12,1044.5838369796722,347.55043913036485,10
37,1,701.7678776896114,897.5556101575468,9
37,3,342.21440270884597,480.0993056161653,3
37,4,215.03533427462676,732.493929884902,6
37,6,743.2775081938231,739.2839210371271,5
37,11,911.1720522364755,429.95848019566483,3
37,12,1049.423301265971,346.3841890806596,10
38,1,704.9805809318096,896.6785877201391,9
38,3,343.2022922422832,481.7780465861382,3
38,4,216.89334168842382,732.8087334443877,6
38,6,741.8410995944439,738.7786548441212,5
38,11,915.8132583151398,433.1392568508877,3
38,12,1053.0852465411313,353.9892823126379,10
39,1,708.7623189973472,896.0308011648406,9
39,3,344.1365928838743,482.300822918286,3
39,4,218.8308452421328,731.1725932874227,6
39,6,740.6765341818113,737.3037494300287,5
39,11,919.2671854863701,436.9818889508965,3
39,12,1057.548591735099,358.3850635681411,10
40,1,711.7754215757477,894.5109718910359,9
40,3,345.39480984687157,483.3438942609639,3
40,4,221.96545809255443,733.2582426135363,6
40,6,737.8450297237475,727.3711781322146,5
40,11,922.1781535561179,439.09297735503696,3
40,12,1061.7670507295811,366.85980516227227,10
41,1,716.5894107413595,894.5115742303761,9
41,3,345.45913707147594,482.6749618967755,3
41,4,226.79127427140193,734.9718518108617,6
41,6,735.8975067612719,720.8250125393927,5
41,11,923.660810595924,435.81078795998314,3
41,12,1066.458689784677,373.49549277528257,10
42,1,720.4446145547361,893.1699370371164,9
42,3,350.4794275423818,482.66340692926485,3
42,4,233.65461922886772,739.3734955688655,6
42,6,733.5558794012109,714.3523825436204,5
42,11,925.7629100514525,435.21706650610105,3
42,12,1070.2449176136963,375.65011133277756,10
43,1,722.8057782673981,892.5616230534911,9
43,3,348.5782798201312,482.1474095484386,3
43,4,239.8841460035947,741.9922861491114,6
43,6,730.5884911742152,707.9718953425038,5
43,11,927.4673030891257,429.92882042760164,3
43,12,1077.2606139744087,376.5200236069372,10
44,1,724.5897194787558,892.271367467891,9
44,3,347.24946968597436,484.11585905705675,3
44,4,245.26754935934167,746.9988744566323,6
44,6,726.8709347865998,704.6332830311053,5
44,11,930.3849166816415,432.49594916449246,3
44,12,1086.483449588869,373.7178691295188,10
45,1,724.6431010708177,891.1684465958538,9
45,3,343.78103114223427,485.26201416184665,3
45,4,247.51429581474213,747.3276183191725,6
45,6,725.0283284327417,703.564928301184,5
45,11,932.3852637403064,427.39532413140125,3
45,12,1095.1954424260227,372.77913695048693,10
46,1,725.7474608294654,891.7464394157798,9
46,3,336.8043882581516,489.5498933907379,3
46,4,249.54987486377175,745.7441223556854,6
46,6,723.427573919966,703.4372328896377,5
46,11,935.1939041435886,415.1845294785297,3
46,12,1102.9891480521608,377.80351933768856,10
47,1,726.375645954476,890.8604725540112,9
47,3,344.52042098183585,494.63095058303054,3
47,4,248.79932813936682,742.2900589238524,6
47,6,723.5714711547163,701.9329924549502,5
47,11,940.4425095793808,414.9729809164901,3
47,12,1107.759367304544,382.37104083461645,10
48,1,726.3632753903048,891.7088933697994,9
48,3,348.16598703035805,500.3793589153963,3
48,4,250.82261518874148,743.6132464480488,6
48,6,722.3155966331389,698.7447508918906,5
48,11,945.2237933911053,413.5081279885463,3
48,12,1111.1506181656725,387.74090026923307,10
49,1,726.3533330559565,892.0586126323991,9
49,3,349.6207263909085,504.4782466929005,3
49,4,252.10542238641995,741.0375900347307,6
49,6,723.3550095900928,700.379602206081,5
49,11,948.5474328646546,417.73734132657654,3
49,12,1113.7924398808764,400.30552869141127,10
50,1,726.5408842464885,893.2992988688683,9
50,3,350.60282808643825,508.8461564228885,3
50,4,254.4686438374249,739.7347084733215,6
50,6,724.1004548099103,699.5523414783405,5
50,11,951.4022252562055,424.04889239978996,3
50,12,1117.3721106787964,407.4390434149244,10
51,1,727.0355687949586,893.7006639302914,9
51,3,352.07336852370344,515.114157639758,3
51,4,260.82782495702867,738.411259661419,6
51,6,724.430824647669,699.3410438607732,5
51,11,953.4695622496156,427.25686579104615,3
51,12,1121.4882483292135,413.4904812061945,10
52,1,726.7688211957908,893.9121049136339,9
52,3,352.9306222157287,518.2667852079227,3
52,4,262.1350821804878,736.514372002992,6
52,6,724.8148810708227,700.7251206319659,5
52,11,957.0519475489193,428.0303168708002,3
52,12,1125.4224679674198,412.36777728907055,10
53,1,728.1678804701564,894.865972116748,9
53,3,354.3572690436228,523.9926227654422,3
53,4,264.4387373638268,738.5316016460337,6
53,6,724.7751300465684,699.8479043976141,5
53,11,961.1752609937242,432.71335301901627,3
53,12,1129.6288019844783,414.169886642449,10
54,1,733.4618177802969,894.5362884051581,9
54,3,354.2987898779881,526.1002898366725,3
54,4,268.1030932694566,740.3789640487713,6
54,6,722.9127550433114,691.0473574335845,5
54,11,963.7859227054348,435.2350966611584,3
54,12,1135.5968021317276,414.99050982338457,10
55,1,738.6384043531187,892.8491703882032,9
55,3,353.78519793962516,528.7438277175945,3
55,4,273.22778682328203,741.9915883882879,6
55,6,723.6808470590998,687.5012532572315,5
55,11,965.2591925734399,424.35637489156306,3
55,12,1143.0144593863317,413.40261014464204,10
56,1,746.6946703811653,889.1246403175135,9
56,3,352.99291202868926,529.7000515343964,3
56,4,277.89485509924646,746.7012078411985,6
56,6,713.022364339131,637.1225212223178,5
56,11,965.6806875048989,432.00830523300783,3
56,12,1149.5401062938458,413.0756042608998,10
57,1,756.2330679771129,884.5668566435942,9
57,3,352.0939580092382,530.0256422467443,3
57,4,281.721421156825,748.0792186826799,6
57,6,707.6521312646245,613.6369590905255,5
57,11,965.7350123021117,434.8182396336342,3
57,12,1155.0020254405695,414.335949322587,10
58,1,763.387655430564,877.8508302459243,9
58,3,352.08018760320556,530.9311461845718,3
58,4,285.4125066989296,751.1938672518335,6
58,6,706.2889272650641,605.4432297136816,5
58,11,966.2126470059382,436.6869810799455,3
58,12,1158.8262151027507,414.3817956597395,10
59,1,768.5779936513758,871.6046722315548,9
59,3,351.73553898122793,530.2934167825351,3
59,4,286.25349109189915,752.3779356208948,6
59,6,708.3145432971002,614.3110301133406,5
59,11,967.4465106841576,438.1798970652338,3
59,12,1162.2650381281871,417.8324051419259,10
60,1,772.2992692364454,869.1147132889703,9
60,3,352.47580843425044,529.0651921117453,3
60,4,289.3907745907511,754.0194024365165,6
60,6,723.9559592004941,607.4823637103134,5
60,11,970.7853444002637,436.38593590579984,3
60,12,1165.9711127041382,424.4399040000444,10
61,1,772.8128270184494,869.4499000792631,9
61,3,353.94748990628653,527.2318379223227,3
61,4,296.27655127060075,755.0821146267806,6
61,6,723.0850039577734,637.2829809702072,5
61,11,972.4484777939695,433.68039301636855,3
61,12,1169.0254482871535,434.1756170323101,10
62,1,773.1121607879336,871.8888728585356,9
62,3,358.0142974880548,525.0362223653545,3
62,4,305.1585997312393,755.9828831749332,6
62,6,720.5794736553054,649.8376250003713,5
62,11,973.036953359371,431.6722317794268,3
62,12,1172.6360290579507,441.1170144688863,10
63,1,772.6170560071282,872.987183945212,9
63,3,362.0235115586274,527.7076999336508,3
63,4,317.7336163640137,759.3604666160239,6
63,6,721.1897247107148,657.6627290430845,5
63,11,974.336931350847,429.7963388489655,3
63,12,1176.659692646815,443.2685053503734,10
64,1,771.9833034346136,874.6478116394201,9
64,3,365.9645768313234,527.3665675181886,3
64,4,333.8362597198185,761.840394802943,6
64,6,721.2245816286842,659.1788872120756,5
64,11,975.9114625270103,426.9764635438587,3
64,12,1179.7846953265735,445.54288463842636,10
65,1,773.5223248556822,875.0490481681486,9
65,3,368.2128740473483,521.222216399792,3
65,4,351.1264538729949,761.0624576079348,6
65,6,722.5359395977302,661.1105900295121,5
65,11,977.0783937662213,423.83392460083945,3
65,12,1185.5392962897756,443.6805094379788,10
66,1,774.6040391048421,876.246658374799,9
66,3,370.13759209890173,521.6335159503235,3
66,4,372.63365865239035,761.3623511606193,6
66,6,723.5189475761338,661.7087418800437,5
66,11,978.0495673999379,418.561429455191,3
66,12,1190.9773069439705,444.1349378423641,10
67,1,775.0337358111159,874.3920033615831,9
67,3,370.57168876985435,517.7689115577709,3
67,4,378.12865288887605,760.2502409136532,6
67,6,724.8865704806215,661.7175673105924,5
67,11,979.5179845484145,413.34164114739207,3
67,12,1194.306317298425,447.61458832241465,10
68,1,774.9090732015485,869.1777766759261,9
68,3,372.9852463020991,520.977192679442,3
68,4,386.41301092241645,761.6884155412873,6
68,6,727.4348723227121,658.3158416548989,5
68,11,980.0339979648652,408.41246679008447,3
68,12,1196.8786532425606,455.9576438798542,10
69,1,774.1210348251263,862.704122699602,9
69,3,377.307817287388,520.6029537847668,3
69,4,400.2844007098636,757.7040166712297,6
69,6,729.6869766425162,652.1656345103341,5
69,11,980.7356614862152,404.53338647892843,3
69,12,1197.7482575465376,466.18406042249467,10
70,1,773.5482196492947,855.691955073084,9
70,3,377.0614016707768,521.7004284326675,3
70,4,407.3596541443784,748.5967881186856,6
70,6,733.4145106779408,644.7223444824466,5
70,11,980.2961739220905,405.27347739236706,3
70,12,1198.842891471815,476.93151813945593,10
71,1,773.2354339427756,849.6577870212022,9
71,3,383.6845520909496,528.0575270727518,3
71,4,409.67516348288734,725.8703861511877,6
71,6,735.9533888656819,638.645460977676,5
71,11,980.0492661182518,405.75980322034883,3
71,12,1200.2628672959693,486.0488009392579,10
72,1,773.1943361299666,845.1443593067231,9
72,3,385.89021793374644,524.5513974071245,3
72,4,419.2295612953942,714.372156007462,6
72,6,740.7703002512944,637.5236012728727,5
72,11,976.8653994856397,405.4854005418858,3
72,12,1201.7080536269214,487.5366834212852,10
73,1,773.5760670809893,843.4355250672164,9
73,3,390.24390531516144,515.75157487771,3
73,4,435.70367044377963,706.7707002578996,6
73,6,744.3242686135578,635.2550729657835,5
73,11,976.2083933507354,405.2893084707937,3
73,12,1203.7891062599842,487.58849273663685,10
74,1,775.2286570514941,843.8891798164769,9
74,3,394.85735002476605,521.8343443745991,3
74,4,449.9128820548579,702.8890804402171,6
74,6,749.2298690114392,633.994772422027,5
74,11,975.3466166363124,403.3643329727046,3
74,12,1206.1339122119095,488.9215129072227,10
75,1,777.1766058236503,843.9826410301724,9
75,3,400.1909125645549,532.9903152786063,3
75,4,465.094554781556,697.0754652245789,6
75,6,750.1169694814768,615.8020592846782,5
75,11,974.386587880556,405.80492797618086,3
75,12,1208.8526458223114,488.9779782279344,10
76,1,779.9276301142595,842.6113250862767,9
76,3,407.3963845636136,536.4139556375397,3
76,4,477.39378372632734,698.5762017795146,6
76,6,749.0616180669559,598.991966303242,5
76,11,973.4331191726676,405.81006267762126,3
76,12,1212.2507899215395,490.2123026425631,10
77,1,781.542599749322,843.2423842403781,9
77,3,416.39891046194504,532.9958257634271,3
77,4,483.94168726304775,686.8150015086026,6
77,6,749.349976046407,594.6336783503392,5
77,11,972.4733103901082,408.91840573146214,3
77,12,1214.811951939231,493.81499630180195,10
78,1,779.4903025489073,843.9577526081566,9
78,3,413.9341527396679,518.2365956253335,3
78,4,490.3393297011393,672.414340267203,6
78,6,753.9316267647878,622.55362704883,5
78,11,972.1039678461993,418.03677612126853,3
78,12,1215.4376791345542,508.9005102297514,10
79,1,778.6135394200517,844.3205216948471,9
79,3,421.1960602432326,512.2302948692102,3
79,4,499.41505817862446,654.9178427250035,6
79,6,754.4398593165156,627.9144117075418,5
79,11,971.4395419497791,411.7591661408188,3
79,12,1215.8831544716002,522.7364455850454,10
80,1,776.1318326133745,842.4619788619754,9
80,3,436.35682658383854,506.2146516474407,3
80,4,513.5095238425049,645.2206064587525,6
80,6,750.7222418566643,602.120842716159,5
80,11,969.9847412725413,415.5006729457176,3
80,12,1215.706867828866,537.7242702685847,10
81,1,776.0462644848216,841.6910788243458,9
81,3,448.0034894895559,509.8812110155167,3
81,4,531.1270883836968,640.0357672336701,6
81,6,749.9733355279628,609.714510908182,5
81,11,967.6590139019816,421.1294839528394,3
81,12,1216.3363922243352,549.6090550661099,10
82,1,774.3666308232602,839.3088836549753,9
82,3,454.709743642265,508.071993252013,3
82,4,544.1779217140588,637.4102903965982,6
82,6,748.434264404948,607.9584788059728,5
82,11,966.2541413547243,423.3047317361855,3
82,12,1217.3259116372733,556.9415265519101,10
83,1,772.2009383000452,837.373805442969,9
83,3,462.4216340356832,507.50480455944694,3
83,4,557.6389732239203,635.292408888748,6
83,6,741.0650602846719,578.7186703784935,5
83,11,964.0336751653693,420.2435238038171,3
83,12,1217.6790109503088,559.270727169237,10
84,1,770.457133833171,836.8860272121765,9
84,3,471.35067504824724,504.5209461356026,3
84,4,575.8249284102478,629.5331842261093,6
84,6,738.5596409265257,570.4826631465044,5
84,11,962.6264544147037,417.25021564206986,3
84,12,1217.9633804621988,561.584798691765,10
85,1,769.372118349329,836.8530195666837,9
85,3,478.64707985143184,489.2140538840945,3
85,4,583.6669638248765,625.7788034580474,6
85,6,736.5180464089873,567.7510306443362,5
85,11,960.961057739042,408.31947466628634,3
85,12,1217.696225730415,559.0521329454702,10
86,1,768.0931186931249,837.0083204638496,9
86,3,487.9540631351132,477.388534519165,3
86,4,589.8888036420673,617.4588182889942,6
86,6,732.6067636342332,560.4554737722408,5
86,11,958.0833034535607,404.18684860134107,3
86,12,1216.7487952203194,559.5675134675356,10
87,1,765.1400563058103,838.6597607353417,9
87,3,503.34511295069683,479.30166504307016,3
87,4,592.975290126667,600.9986679898136,6
87,6,729.2168086105582,559.8558667642402,5
87,11,954.7222693186499,397.89465949028204,3
87,12,1216.4039413759092,559.5094494515539,10
88,1,761.7774243006044,839.6195182339931,9
88,3,518.6826011515248,477.67055093319277,3
88,4,598.9050706920839,571.6491120543141,6
88,6,726.980250362467,556.4610692344235,5
88,11,950.5930669538886,392.9027963254685,3
88,12,1218.9010683436104,558.9496368837704,10
89,1,758.6282762037647,842.6809281450163,9
89,3,537.3547936902403,478.1938277307086,3
89,4,606.0906707863203,537.9029923397653,6
89,6,724.0593428945833,552.1629638057957,5
89,11,946.1642993059313,388.4275986734574,3
89,12,1220.8539498199746,558.4325753743342,10
90,1,755.679308076939,844.0978451673918,9
90,3,547.9473816803181,472.05292307097614,3
90,4,618.6174153065739,524.0499855492158,6
90,6,722.7334043195015,549.0136860480941,5
90,11,942.172908523991,387.23838671461704,3
90,12,1223.3814816469796,556.2627960159396,10
91,1,753.762990488463,844.7822966518804,9
91,3,553.4970622824646,463.57265937629535,3
91,4,629.4398449828105,514.6832809040851,6
91,6,724.125890272222,545.9318752751126,5
91,11,938.9461766148514,385.0530212474174,3
91,12,1225.1138325829054,556.8059222931812,10
92,1,753.3184210939176,846.1853264256466,9
92,3,561.1892973942902,457.5652961425535,3
92,4,636.0100961135382,503.6620684491627,6
92,6,727.328180518857,541.017684822619,5
92,11,934.8691867117791,383.705397926239,3
92,12,1226.5050774928616,558.4062487643614,10
93,1,752.2026654992907,843.3425420224897,9
93,3,567.4320748578266,447.86519478069806,3
93,4,646.6831415310485,504.4713750095679,6
93,6,732.2785029387998,535.240819099916,5
93,11,931.0142992953545,381.6225749434346,3
93,12,1227.2619752550604,560.5252711936632,10
94,1,751.1978913919039,841.1655513152127,9
94,3,575.1600346108802,432.2275016246835,3
94,4,651.9948158390453,498.3445915406649,6
94,6,733.4467385595375,526.1095467662099,5
94,11,927.0821241801196,372.93263253133944,3
94,12,1228.0082530867628,561.242359182454,10
95,1,750.6447576760131,847.4927131769783,9
95,3,583.1670001002049,411.8778455771943,3
95,4,654.898499816276,483.8580268465507,6
95,6,729.02161555371,510.6184099972352,5
95,11,923.295252584899,371.1354404496436,3
95,12,1228.524821405237,561.3288962781004,10
96,1,750.1549514352217,853.4125080293574,9
96,3,599.1402941102535,393.75677854267417,3
96,4,647.0502441320268,417.407486785578,6
96,6,729.7103889727673,498.9340916832778,5
96,11,918.9536214344879,369.9106877644234,3
96,12,1229.738888838572,559.5201387227125,10
97,1,749.570242606924,855.6698510697955,9
97,3,609.1200298199373,393.07833441112444,3
97,4,649.0345290036028,402.792310932709,6
97,6,731.9036736740832,487.82749998680316,5
97,11,907.8947783904756,369.9105658550361,3
97,12,1230.6720992819764,560.2646794005849,10
98,1,748.0087272581881,859.0228230503925,9
98,3,623.5072871334678,383.94519474682386,3
98,4,657.4326914454763,353.4279380920841,6
98,6,729.4235139074282,479.63581292872686,5
98,11,898.1564806153136,366.6245001484983,3
98,12,1232.816699325984,560.2411287219604,10
99,1,747.3026432927412,864.8512754100611,9
99,3,635.9808462433075,378.58843726031057,3
99,4,665.4712585677547,359.66551183299396,6
99,6,724.8052027857948,466.66476609204653,5
99,11,891.4083254227654,368.09672041229544,3
99,12,1236.701441492178,558.152331737684,10
100,1,747.0176395564235,869.2903879429467,9
100,3,640.6336379520392,368.0247198592978,3
100,6,728.4065989682568,463.2270084710746,5
100,11,888.1119748128572,368.868784053196,3
100,12,1242.0784384911526,558.3255533955313,10
101,1,747.1521102870943,872.0089221490634,9
101,3,640.3689047097866,362.34111423613314,3
101,6,716.1159433557401,445.51498134489844,5
101,11,885.2622773105007,369.5272539933644,3
101,12,1247.49450136013,561.070013587605,10
102,1,747.4416341740439,874.096376283722,9
102,3,643.7021925964362,357.76255409481905,3
102,6,712.9513830177582,436.8156926253592,5
102,11,879.2263076772355,374.8755619081026,3
102,12,1252.6385238992127,561.6289408248667,10
103,1,748.3890532031819,876.9709868272337,9
103,3,646.9533129845407,348.1495391601483,3
103,6,712.9053186023608,416.2828030092664,5
103,11,872.3807709411409,376.59508272135156,3
103,12,1256.2334124374456,561.5901680363158,10
104,1,749.3849011283708,879.017577631931,9
104,3,649.8223868899651,326.25254201427146,3
104,6,711.7364384046614,411.2279112779947,5
104,11,865.0243992561711,373.79758251116857,3
104,12,1258.4473914760708,563.0155197198967,10
104,4,724.6460743969094,367.3009131193625,6
105,1,750.3971506633167,880.7525624032792,9
105,3,659.3043161257369,312.1962979500802,3
105,6,710.3106438499444,402.46978986880873,5
105,11,861.2346064542531,378.28735455041027,3
105,12,1260.4949191159906,563.3239619538175,10
105,4,725.4183690250533,282.4823370587591,6
106,1,750.8111070123003,881.3230459569565,9
106,3,666.7074303117969,283.9377896751221,3
106,6,710.8127129235246,401.64231804372446,5
106,11,859.2261645715961,378.98529747314734,3
106,12,1262.966868623128,564.7246581906421,10
106,4,728.1320022639845,248.5337199940565,6
107,1,750.5148220907259,881.4657002913445,9
107,3,679.1182170378099,277.09796631013194,3
107,6,711.449617199071,404.72242267072636,5
107,11,857.7776624185788,375.10466921071463,3
107,12,1266.1198630886981,564.8182042731253,10
107,4,740.4689689382299,304.5645863911891,6
108,1,749.9736799349733,881.5173216811276,9
108,3,691.9288260034137,298.9908692033698,3
108,6,714.1503344801586,410.0793941154029,5
108,11,852.8179449817649,356.1029625268547,3
108,12,1268.982524679401,566.157386129728,10
108,4,748.1328054771628,262.4411421155818,6
109,1,748.4474303052375,881.6709728032936,9
109,3,697.6941328792147,286.0507155535898,3
109,6,715.0084699585341,411.25789433566524,5
109,11,842.632910603046,332.17521249910953,3
109,12,1272.1075841701931,564.7669487967327,10
109,4,758.1453671887331,246.34534365393668,6
110,1,747.0059957781631,881.7496902326204,9
110,3,704.794292137518,287.52863752162403,3
110,6,716.287318174,409.62431742236436,5
110,11,837.3408803523585,317.7375789748731,3
110,12,1273.5813494325814,568.8111564553532,10
110,4,765.5610615123235,242.58432693838301,6
111,1,746.0400819212701,881.7735036562517,9
111,3,708.5981907428028,276.34814941986906,3
111,6,716.1328884602473,409.29714264698845,5
111,11,833.4062377973532,308.3159035696515,3
111,12,1274.7834076000224,571.7494708726073,10
111,4,774.4788234814173,233.19107268728968,6
112,1,745.4506379788189,882.9006007532387,9
112,3,713.0752678516444,235.2566276197461,3
112,6,717.8114452316917,403.9246528320758,5
112,11,829.8646069261201,308.8672659624351,3
112,12,1275.9365088091547,572.7225155346744,10
112,4,780.015622005722,229.65221003584523,6
113,1,744.6178311650425,882.2771833103345,9
113,3,723.0058265240224,223.23489586928798,3
113,6,721.47180457393,401.6226934920937,5
113,11,828.1386160021385,308.25293639805756,3
113,12,1276.4651813914286,574.6236262633503,10
113,4,792.6552616258058,224.65050090851065,6
114,1,744.2617258425772,884.223935685366,9
114,3,728.7053413451905,216.19945418513063,3
114,6,726.5640938394394,396.1556111735009,5
114,11,827.8616061615458,309.292573500826,3
114,12,1277.0388448075512,576.7572878065947,10
114,4,805.4166289503455,206.97174860011148,6
115,1,743.7185321422855,884.9903084439599,9
115,3,729.6232388068663,207.71016677544029,3
115,6,732.9152603440708,395.64357581374514,5
115,11,825.2139327372957,309.14811465537485,3
115,12,1278.4666089811758,577.3173939591936,10
115,4,814.1831149095212,190.9367056813887,6
116,1,743.5428091308946,885.2031041683522,9
116,3,730.4918809897429,200.87090949436467,3
116,6,734.5870230661441,395.6803477393597,5
116,11,820.8482173263167,313.1185914351432,3
116,12,1280.7983976631215,575.6035490169954,10
116,4,820.3377903564894,125.78598270867201,6
117,1,743.05360704198,885.3476265140375,9
117,3,733.5588507744521,200.87535416914704,3
117,6,733.5617077664388,392.9686939640233,5
117,11,817.5703956864414,316.1780991796453,3
117,12,1282.6183807955324,574.8169636095828,10
117,4,817.3146376186016,51.640041604261214,6
118,1,742.8855502130385,885.3714639789283,9
118,3,741.7449332845746,198.89390675960024,3
118,6,729.9549812725022,391.5321260533859,5
118,11,813.726639110435,314.53263312654104,3
118,12,1285.239586797113,575.7809547992834,10
118,4,827.947249923888,13.049805059936054,6
119,1,742.4182527645518,885.4252248190321,9
119,3,745.626465565009,177.69398850467292,3
119,6,726.6987323340219,391.3952675195178,5
119,11,809.9329987690588,314.4069576842882,3
119,12,1288.781314224852,575.7393551899904,10
119,4,832.740909332758,4.646880645533482,6
120,1,742.2536340998093,885.4110090123206,9
120,3,748.7391401345953,156.08763576549316,3
120,6,726.025726608399,391.3758170035655,5
120,11,806.5251503132445,311.35930664282523,3
120,12,1292.6342838624698,575.3391485334337,10
120,4,833.1609973673616,0.8812903450185877,6
121,1,741.7695994511623,885.4546207917161,9
121,3,754.2491273311556,144.82783857812038,3
121,6,726.2607333998805,390.36611829961436,5
121,11,801.5173714864395,309.74358602578536,3
121,12,1298.2486039623643,574.5972715273947,10
121,4,836.5005942734178,-1.9509142905568289,6
122,1,741.6070648893552,885.45262940679,9
122,3,758.394512121139,136.53327777016693,3
122,6,727.8793940470714,387.6968687028858,5
122,11,798.0043414291715,310.57328986148394,3
122,12,1303.7188166572969,573.7543318887814,10
122,4,840.1514496005013,-6.089281151205041,6
123,1,741.3627445328118,884.2965160960248,9
123,3,757.5516772001158,106.12581657088509,3
123,6,727.9008968583015,382.5497675480739,5
123,11,795.2343257894152,307.7452028437647,3
123,12,1307.6683442739827,571.5446298066965,10
123,4,846.7681887153561,-0.7026509263418991,6
124,1,741.4697611981297,884.9459253413526,9
124,3,760.1341947135095,90.14253756158132,3
124,6,727.8104617740863,375.3366073397608,5
124,11,793.9398134570306,309.0956648150457,3
124,12,1310.2980145868491,568.9622701148966,10
124,4,852.7095845951685,2.5436829394053233,6
125,1,741.331382509804,884.1002022300382,9
125,3,767.2874988863595,120.24048722977109,3
125,6,727.3198931395913,369.53779259943553,5
125,11,791.8288914593874,311.1309067422296,3
125,12,1311.9039315741165,567.9245220910923,10
125,4,858.0656662012977,13.266180200686838,6
126,1,741.477247667249,884.8445909123575,9
126,3,773.3318531456578,133.23590281658795,3
126,6,727.1830777414922,363.0852061629859,5
126,11,790.6723076907131,306.2829065480019,3
126,12,1313.4281744775901,567.3711409651255,10
126,4,866.7698333475367,15.048166162161078,6
127,1,740.6953082976664,885.2312191702965,9
127,3,784.3503280846069,177.64421076623498,3
127,6,725.766364579194,355.4422507794144,5
127,11,789.1813242762258,305.7814244591887,3
127,12,1315.7762103343687,566.8562927411587,10
127,4,877.5058252551332,45.96431731229906,6
128,1,739.5499193820746,885.5064447356243,9
128,3,789.80924020036,158.44177879267377,3
128,6,724.9622120328853,350.57894270482996,5
128,11,789.8692448524558,304.36095185745427,3
128,12,1317.0039718765227,568.2026659829563,10
128,4,887.2240361221371,66.86404967813141,6
129,1,738.277438595912,885.7245209523625,9
129,3,794.766394517424,154.32906747974485,3
129,6,724.2367319707816,345.62712062875613,5
129,11,788.0478226341324,300.7696543217439,3
129,12,1317.2984137464728,570.3095284578817,10
129,4,897.3175668405124,88.832372069104,6
130,1,737.1866628207134,884.7885529876039,9
130,3,797.2254889848149,160.83350990777,3
130,6,723.3996237847334,339.5579252438754,5
130,11,784.8735791757182,298.69283604126167,3
130,12,1317.564070606934,571.090890872088,10
130,4,909.1438090510525,95.59173136079988,6
131,1,736.1086149433486,885.6312006003144,9
131,3,797.5461961736856,141.97456480129938,3
131,6,723.2290256995132,338.5511902845822,5
131,11,783.266282572346,299.2181639779631,3
131,12,1317.3145512942228,571.4058316455244,10
131,4,918.7722896619941,95.73994130721856,6
132,1,734.8610037106444,886.0462687600588,9
132,3,798.7858420373615,126.1895542272245,3
132,6,722.8841631011845,336.0803875761413,5
132,11,782.5026037360838,295.9936757300611,3
132,12,1317.679906613459,571.4052967472002,10
132,4,929.051953031674,94.56605904641039,6
133,1,733.5435757562692,886.3333651403307,9
133,3,799.8935148600084,104.89356644956942,3
133,6,723.3493474808798,339.79177086906026,5
133,11,782.9508758182291,294.75070340846435,3
133,12,1318.012588961642,571.3746325524647,10
133,4,939.4965694223291,91.67355130720003,6
134,1,732.2037012958081,886.5359475139123,9
134,3,801.9335147277927,83.76055257012837,3
134,6,723.5326064119198,341.29757744604467,5
134,11,781.7715118233856,293.38160011920235,3
134,12,1318.3398340184287,571.292478463951,10
134,4,949.3130442023648,88.15055890838843,6
135,1,730.8541523418002,886.7399015397325,9
135,3,805.7831199027862,71.12765299866176,3
135,6,723.1724836472941,338.71067524158144,5
135,11,781.6316637372703,295.26069425455216,3
135,12,1319.3768078463522,568.052052918727,10
135,4,957.3850117166965,79.07032772823806,6
136,1,728.4391126329049,885.9667312142725,9
136,3,810.1799123769105,60.31366622496173,3
136,6,723.0351578569158,337.82407115811344,5
136,11,781.415783322194,293.69645483873745,3
136,12,1320.586051025085,565.1080007551789,10
136,4,965.6533456765429,76.172792599515,6
137,1,726.7023023122571,885.8114953896745,9
137,3,816.1680451163221,58.946394392752275,3
137,6,723.606917797516,337.53760950974447,5
137,11,781.5825435087057,288.49787263868416,3
137,12,1320.9928776546608,564.0653047075228,10
137,4,974.0639623557249,65.78253480425134,6
138,1,725.2051179163099,885.8606668067534,9
138,3,817.2712303743202,42.59643246289836,3
138,6,723.0773919189411,336.5061822116816,5
138,11,781.1718670184218,287.8476824337277,3
138,12,1321.4485552981541,562.0808136698399,10
138,4,981.8852972487301,50.9635836153329,6
139,1,724.2161393031254,885.925621530142,9
139,3,822.4528098252692,58.62001721567592,3
139,6,721.9182708278748,338.56925136144474,5
139,11,780.4275078979286,274.6631838955749,3
139,12,1321.63874915508,559.776578058512,10
139,4,988.0901244834947,41.97943556414922,6
140,1,723.0361134838153,886.0804688670779,9
140,3,823.6130436235508,51.44772600338616,3
140,6,720.8832977753909,339.5284465297051,5
140,11,781.9413306912863,274.3308163184258,3
140,12,1321.3350445790784,560.5448432453097,10
140,4,995.1048211712854,36.559951955039956,6
141,1,722.6286134794833,886.1633961006413,9
141,3,825.4405735842334,51.83292528968777,3
141,6,717.8080150178542,338.1454682495919,5
141,11,782.0113370167355,268.3957287856418,3
141,12,1321.8073739154536,559.2217596420492,10
141,4,1001.141263438927,34.167610308538315,6
142,1,722.0851593594176,886.2153773144362,9
142,3,822.8659116879871,34.53979309414787,3
142,6,716.9197652622425,344.3095265076115,5
142,11,780.8474458456725,260.30527604349254,3
142,12,1322.3226051759298,557.0573843012194,10
142,4,1006.1173801182547,28.470185446646667,6
143,1,721.8951110640659,886.2297801967196,9
143,3,829.0312866479703,56.175584914798186,3
143,6,712.3892765350797,338.3689709775908,5
143,11,780.179546243675,254.9925177485189,3
143,12,1322.4487211846517,556.3117004250034,10
143,4,1011.826565126422,27.37435672565402,6
144,1,721.8753248454034,886.2577041279303,9
144,3,833.4384970585668,54.7832573658525,3
144,6,711.4458800424385,346.1474989529153,5
144,11,779.5073922643629,248.3052560211294,3
144,12,1322.5865054768394,554.4791147384943,10
144,4,1017.2885908636923,25.15827682857301,6
145,1,721.8971293831166,886.2671689075102,9
145,3,835.0812217080263,55.91820403604388,3
145,6,710.0426495617296,350.37557830019944,5
145,11,777.4153868028882,240.03848433026172,3
145,12,1322.3433521365312,553.8735531099446,10
145,4,1021.3712922090954,18.200339044106787,6
146,1,721.9215119840144,886.2637098426495,9
146,3,838.7297155699599,50.08471004025416,3
146,6,708.9047351797537,352.0627653091322,5
146,11,778.36834498503,235.61992615187538,3
146,12,1321.0555137811652,555.4831341973012,10
146,4,1024.7156978791786,15.460748024442468,6
147,1,722.2172261911322,885.0905630953982,9
147,3,844.4431403699477,48.755923168091506,3
147,6,708.5029745301156,352.64449945547165,5
147,11,780.1792973734069,235.21021074371424,3
147,12,1319.5685066158628,556.1780793568604,10
147,4,1029.2722087258953,13.935839553767385,6
148,1,722.7934815673307,884.5683667239699,9
148,3,848.9302051938049,41.967176591429784,3
148,6,707.6320225004308,351.8034881407385,5
148,11,782.9264850721801,229.80479757908,3
148,12,1317.830622710765,555.0073461661154,10
148,4,1034.3853100547349,9.883666318486368,6
149,1,723.4645541398454,884.2968929490527,9
149,3,857.1271812377857,54.85016106878975,3
149,6,705.6764103634479,348.3778752756085,5
149,11,787.9012234711627,228.66949637340392,3
149,12,1316.4782752544597,553.0827532318682,10
149,4,1041.1029861255165,7.792932548511864,6
150,1,724.1685469432858,884.1340442122502,9
150,3,864.4238846508887,61.93025419175254,3
150,6,701.5051076464762,344.2369308184542,5
150,11,790.6805373941112,230.76993002635908,3
150,12,1314.412361477415,552.61426666233,10
150,4,1047.8896738326748,0.4416905843746686,6
151,1,724.6836224379324,882.9644593391041,9
151,3,870.4568939916135,81.40009573053142,3
151,6,695.3042959414678,344.52829860283055,5
151,11,793.7427853649641,225.16172045232332,3
151,12,1312.7339011834677,554.231177262201,10
151,4,1051.9821002198632,2.044821606736669,6
152,1,725.7476503053554,882.3970761299487,9
152,3,875.9137991103994,86.79616703790677,3
152,6,687.274045479364,343.27859790714984,5
152,11,796.4149137019981,217.8900489142033,3
152,12,1311.2187416919685,556.6046380197973,10
152,4,1057.8151266155198,-0.8277095525298559,6
153,1,726.5932831528607,882.1255925495407,9
153,3,879.9423726670047,91.20131136491929,3
153,6,677.2789845710291,338.2141752826414,5
153,11,800.9229162227242,210.89256343239413,3
153,12,1310.66007733762,557.4851080230558,10
153,4,1063.1134010681126,3.6508175386301867,6
154,1,727.7705091994973,881.8827799863689,9
154,3,875.6807964902904,106.21030172010116,3
154,6,666.8866217569564,338.3601643399394,5
154,11,812.9215554104754,206.84684301534332,3
154,12,1310.543640492153,556.2044007106743,10
154,4,1068.635077160303,0.3606653970403744,6
155,1,729.5484037370284,881.6178557927612,9
155,3,879.8487002327379,124.42284273229633,3
155,6,656.0251109360879,330.4762224621638,5
155,11,822.5258404002756,203.41103050401026,3
155,12,1311.2606748051421,552.3916437156248,10
155,4,1072.997222309058,-7.219633236010629,6
156,1,730.6363532374198,881.4760944121667,9
156,3,878.5948164605709,130.23689944111015,3
156,6,644.967997205183,320.5033501313888,5
156,11,829.4774806463323,200.48244158885728,3
156,12,1311.3791742488213,549.3839081856786,10
156,4,1075.7733199835548,-8.657102334745879,6
157,1,731.891068037272,881.28541314822,9
157,3,881.8916300512341,130.35047499596465,3
157,6,635.947433923277,313.96928353651276,5
157,11,849.9372537768979,193.0277010945422,3
157,12,1310.7107144306178,546.7848871845036,10
157,4,1079.0191572540361,-10.981368631783385,6
158,1,732.776569998281,881.1471255556248,9
158,3,873.5224656554462,164.7045163713963,3
158,6,628.9812611769825,312.12095733691586,5
158,12,1309.2283176335538,544.3849210739178,10
158,4,1081.366756370292,-13.47865906413363,6
159,1,733.3414739701324,879.954756342692,9
159,3,886.3444114473123,133.93796147943073,3
159,6,624.7888455884867,315.3408863202342,5
159,12,1307.306089191822,540.4619626553688,10
159,4,1081.7478591764843,-8.10721360248726,6
159,11,871.072207957873,175.1085598155707,3
160,1,734.4091124962329,879.423641704286,9
160,3,895.051288654802,96.2090614035041,3
160,6,619.0405235196232,310.3117782057714,5
160,12,1304.802223514887,537.6956448096457,10
160,4,1081.6156686658196,-7.511892588042721,6
160,11,882.4763380228923,169.94653173072783,3
161,1,735.6629730503633,879.1191050606553,9
161,3,898.7206247953312,145.40455017884432,3
161,6,614.8067620091325,310.0718878874435,5
161,12,1299.773700854667,538.9894653905416,10
161,4,1082.0602297043133,-7.24108850000027,6
161,11,886.5416700885809,125.65104720542446,3
162,1,736.7402826747481,880.0666689223567,9
162,6,608.1482515762631,313.2226875980972,5
162,12,1295.1350527010554,541.5538653013925,10
162,4,1082.451421174739,-7.165165028488129,6
162,11,904.6778853555862,146.45500169240725,3
163,1,737.8038805153692,879.2075866911044,9
163,6,599.6206047094246,311.90983154414295,5
163,12,1290.795472631467,542.9818893393135,10
163,4,1080.6134474926355,-3.813541657670497,6
163,11,902.097908811461,148.90369173005593,3
163,14,918.7165741277266,109.82471958804241,4
164,1,739.0487214287533,878.7778198476186,9
164,6,593.4228175412554,311.9613287071318,5
164,12,1287.4036601166574,543.8000984412632,10
164,4,1078.3133627944367,-2.251514979096198,6
164,11,906.4725810679995,155.91687093694088,3
164,14,897.020798715841,82.5592045829365,4
165,1,740.6095260087362,877.3527482496572,9
165,6,586.7246887699612,311.55800763477544,5
165,12,1284.6555488355248,544.3797683393268,10
165,4,1077.6078681814581,-4.605956147484999,6
165,11,899.6361668557421,117.66573177400764,3
165,14,913.767049210285,147.98628951255475,4
166,1,742.4736302159668,876.6695590320953,9
166,6,582.1558517121917,316.61651001741114,5
166,12,1281.780595694511,546.6081206702839,10
166,4,1080.0292954068436,-4.298312099826282,6
166,11,896.8609509599473,71.8287582229674,3
166,14,922.3670420266715,185.16911924598205,4
167,1,744.078491496785,874.0136952879174,9
167,6,578.350233112076,320.0467262313031,5
167,12,1277.9282933636066,546.2066705886878,10
167,4,1077.5494115078336,3.775772308590431,6
167,11,899.8203806993064,113.16572276785412,3
167,14,932.0381261446903,202.3762590374871,4
168,1,745.3295771851517,871.7568671367026,9
168,6,576.7650723619499,326.01064317317275,5
168,12,1274.0180642288578,544.7597971661214,10
168,4,1076.0858707045504,0.8780692941235875,6
168,11,900.6030597579958,122.98389456272263,3
168,14,941.0824383432447,201.080278058987,4
169,1,746.0846156337375,867.4458512600555,9
169,6,572.3469546286358,324.2133136680853,5
169,12,1270.2780934584134,544.5568579532077,10
169,4,1071.9375857136506,-7.295891497463931,6
169,11,903.8288767030559,136.092838607101,3
169,14,946.191045659121,185.18418672728978,4
170,1,746.2831378785883,860.0225454777981,9
170,6,564.1537960052499,322.1061393408938,5
170,12,1267.9542255672297,542.9461990973621,10
170,4,1069.4622506358216,-5.735704392420408,6
170,11,908.3342331934098,140.53882840544094,3
170,14,954.8903492028945,181.53300942338478,4
171,1,745.9397311593173,855.0212752251751,9
171,6,554.5886136544343,317.63544722083503,5
171,12,1266.1199695499156,540.9675409702528,10
171,4,1067.1096515854329,17.7124132021294,6
171,11,908.6224057097476,142.62768416747576,3
171,14,963.1783907451007,176.41249033645565,4
172,1,744.7533606426296,849.8377106248743,9
172,6,542.9462457609197,317.20184600027994,5
172,12,1264.4636690016555,540.4215263010728,10
172,4,1066.5727594310279,7.246730605451559,6
172,11,907.8699842566981,144.9582385914859,3
172,14,972.5219212591895,182.4722618072631,4
173,1,742.1301052070568,843.4971845620032,9
173,6,529.5166624259542,311.2877009395847,5
173,12,1262.9555271331355,538.680597972898,10
173,4,1066.6223601007296,11.943269725125434,6
173,11,907.7729943060513,130.9578234907367,3
173,14,977.1279326702537,181.46834574741447,4
174,1,737.3065420934993,829.5609185387417,9
174,6,521.0187929265337,315.53494466903476,5
174,12,1261.1393805382854,539.8419539511356,10
174,4,1069.210916053622,17.59282435415083,6
174,11,908.2768631687397,122.71643052650082,3
174,14,986.5160605220706,174.32743945887813,4
175,1,732.8188998951614,817.2611929022304,9
175,6,514.2648050625444,314.11915021378616,5
175,12,1258.9467124057096,540.4895252683517,10
175,4,1075.3929465244116,15.894907718130849,6
175,11,910.1103563737224,133.1826423408946,3
175,14,1009.084095002577,173.67701218751588,4
176,1,729.1442721032116,809.3649611685559,9
176,6,508.7711258885446,316.4548155652343,5
176,12,1257.5053308205256,537.5802137259636,10
176,4,1081.5135744194502,24.959886573991167,6
176,11,911.5727250623684,143.71321623086396,3
176,14,1026.2774549246117,175.79773199627002,4
177,1,726.7228154153737,803.019459361789,9
177,6,501.9981177051048,315.8129746967467,5
177,12,1256.5256082699798,536.6556373355406,10
177,4,1083.3080635214817,21.137467055970962,6
177,11,913.5424824952195,152.83944310323224,3
177,14,1031.1401858346067,178.06442842010037,4
178,1,725.1896069044728,797.0839820689525,9
178,6,495.5394012643702,319.7276755081065,5
178,12,1256.756830183107,537.8725480049388,10
178,4,1082.2057774782008,10.946415863484285,6
178,11,914.7616793333399,152.21111133583398,3
178,14,1039.0794431908166,154.4408087294805,4
179,1,724.018362092921,791.3456423778531,9
179,6,488.05414194742184,323.2295025150676,5
179,12,1257.461331979496,538.3397783041772,10
179,4,1082.341127776296,24.933114245684234,6
179,11,915.9080005367448,154.55974745909586,3
179,14,1048.3856691191595,145.61964242663188,4
180,1,723.6728221439483,784.23065625215,9
180,6,482.27554489710644,327.39528018339564,5
180,12,1258.5599447158118,541.6981482902335,10
180,4,1078.2015939013118,62.23223352375955,6
180,11,916.9061543050998,154.02479031788485,3
180,14,1052.6059394739025,166.0119371542549,4
181,1,722.6751591675101,779.2385604980432,9
181,6,475.9711354245663,327.1979478252052,5
181,12,1259.5455023184413,544.5113077562612,10
181,4,1072.7347395046133,52.83284099033128,6
181,11,917.9041542028228,154.9707244359371,3
181,14,1062.020857215068,175.89044808162782,4
182,1,722.1739134903651,771.010858873597,9
182,6,467.29665462571955,324.5172411643368,5
182,12,1259.9269224321843,545.5844517914512,10
182,4,1071.6384385725783,48.57219770093941,6
182,11,918.9103410973499,156.50543844351446,3
182,14,1070.0328461463846,185.0388313838813,4
183,1,720.4515856325029,758.957942125877,9
183,6,456.6241217133543,324.61948689401913,5
183,12,1259.801182983022,546.0208827480956,10
183,4,1071.9895562260328,58.181441067426434,6
183,11,919.9268162559508,158.24232567368415,3
183,14,1082.343875372672,189.50689077939631,4
184,1,717.0222678996798,744.0259855738674,9
184,6,444.0629019350809,328.3216100549268,5
184,12,1258.9294712674732,547.9266661131601,10
184,4,1067.649766351743,58.04013354105633,6
184,11,920.9116579650116,158.74322734080374,3
184,14,1093.4469406195678,196.2254442868032,4
185,1,714.0976298753982,734.6730356617265,9
185,6,433.02255822168155,331.79326010472283,5
185,12,1257.910205241376,547.0035801482211,10
185,4,1066.4715179523107,61.90842601598648,6
185,11,921.2664915914105,158.80788242109008,3
185,14,1104.5103986550798,199.90837714826966,4
186,1,711.09644355062,728.9789208474514,9
186,6,424.86895116945846,331.41814476088,5
186,12,1257.6515378533907,543.3639740635164,10
186,4,1068.2923705496694,45.729822606749615,6
186,11,922.1274420893336,162.649760036507,3
186,14,1120.369992176449,198.17527025207093,4
187,1,708.5820575264693,724.530332086189,9
187,6,420.3257972783264,333.8951747863428,5
187,12,1258.0103007646685,535.3721438152402,10
187,4,1067.4916910395941,57.0755555952299,6
187,11,923.1555630895082,167.882914745613,3
187,14,1139.0881382836967,201.56302671273409,4
188,1,704.722784786884,715.0009552799937,9
188,6,416.4426398243243,339.8018089499475,5
188,12,1259.0794210773456,527.2160890574055,10
188,4,1065.6393154355371,65.64816186076233,6
188,11,924.9618789150564,177.3471707304236,3
188,14,1152.5035110397628,213.80914675082178,4
189,1,701.6085600760883,710.5092898795378,9
189,6,409.56497073438254,338.2440952629845,5
189,12,1260.9646138741168,518.9360124379587,10
189,4,1062.9791167300848,67.6939166515409,6
189,11,926.3871429445986,187.08998091965336,3
189,14,1162.7086521912288,226.88911590105346,4
190,1,698.254041797648,705.0244988993969,9
190,6,402.9188445335811,340.52469220114415,5
190,12,1264.3789820140303,505.247985586235,10
190,4,1058.6039599827402,67.37405375100053,6
190,11,927.6338952457529,196.81783358657367,3
190,14,1171.7109873072634,243.5665057835807,4
191,1,694.5087218829201,697.7197628794639,9
191,6,396.1769831085783,339.6036974332013,5
191,12,1267.7505076027978,492.90042230266766,10
191,4,1051.1901155493626,69.40930943942593,6
191,11,928.0812510922759,202.8552134964644,3
191,14,1180.9365214242844,256.6979985941996,4
192,1,691.1501893868493,689.6604323821025,9
192,6,389.0149374799171,342.3306121612931,5
192,12,1268.7884712660552,486.81421246472667,10
192,4,1043.5380010051065,69.58395305409333,6
192,11,929.5234788040962,206.15503709840212,3
192,14,1188.2942752268045,259.913831109322,4
193,1,688.4621263546674,681.13761273176,9
193,6,379.2829676083129,340.90399461490574,5
193,12,1268.9916003342632,482.96746560296407,10
193,4,1037.1746141064566,75.65391477880654,6
193,11,930.8105578133417,212.09173206319483,3
193,14,1195.855122028575,258.9452835504898,4
194,1,685.3905766297191,669.3992921794623,9
194,6,370.77279230284864,347.1237049748369,5
194,12,1267.9162081178968,481.9853441265913,10
194,4,1031.2874427818595,85.43922636141755,6
194,11,931.2104599973252,213.06373077280767,3
194,14,1202.3661976993924,255.5966042060191,4
195,1,682.1128568331882,656.1350662519377,9
195,6,360.4964425675255,349.1519460209563,5
195,12,1266.2338185960878,478.3311192915934,10
195,4,1027.7084446357521,91.85761654731508,6
195,11,932.0396676940833,219.19078320938365,3
195,14,1209.9106113947507,254.2715486453626,4
196,1,678.107255786216,650.35196327488,9
196,6,351.52703961444814,347.093429485786,5
196,12,1265.019051491971,477.1845187152815,10
196,4,1024.5108579555003,91.68777355431436,6
196,11,933.0142676062428,224.92628631380387,3
196,14,1220.804434860182,243.2156449871208,4
197,1,674.0036443594893,642.5413962104558,9
197,6,345.9623010079526,350.23756231883533,5
197,12,1264.289641671584,476.95464352935386,10
197,4,1021.284531090226,95.92225934659379,6
197,11,934.0644887999107,230.50592773841333,3
197,14,1228.7456049603277,239.3624344798443,4
198,1,670.8828688711857,633.7783965401507,9
198,6,340.9674553569683,351.847807831664,5
198,12,1263.1760054183283,477.17628127338224,10
198,4,1018.7530568121862,99.05190570983045,6
198,11,935.0796821811401,233.57835989264242,3
198,14,1232.3285579460228,245.77131172924166,4
199,1,668.4766623684941,629.361278565653,9
199,6,333.5393643154844,354.39615735622584,5
199,12,1260.8255109510221,477.6374976962682,10
199,4,1015.0563726144012,107.32005459417252,6
199,11,936.0529399056718,234.4146399846377,3
199,14,1235.4430773993315,246.64980397092765,4
200,1,665.4340168348574,621.8866470449344,9
200,6,325.6346776338282,358.47761643571965,5
200,12,1258.5322036839227,479.9467244448317,10
200,4,1011.7124843878463,112.03841505412615,6
200,11,936.394621314212,235.8612002826438,3
200,14,1239.4359157470756,253.32209771572104,4
201,1,661.8563798619653,614.7429215077063,9
201,6,316.87969821028855,359.59699092255437,5
201,12,1256.820721930204,481.0241955546584,10
201,4,1008.4084915398279,117.97706111637459,6
201,11,937.1310246789548,238.52251686836652,3
201,14,1244.1473336433003,252.98093645372956,4
202,1,657.2683870853059,606.2541093018557,9
202,6,310.6353824188735,363.96936210066355,5
202,12,1254.5326817378236,483.50272316038206,10
202,4,1005.918121510559,121.65094639589388,6
202,11,938.0953082269275,244.1670933952128,3
202,14,1247.8940223525933,252.39940627570053,4
203,1,653.9657479321515,600.2648510736808,9
203,6,304.9941801704699,364.96449570256397,5
203,12,1254.0169063786384,482.73228288347434,10
203,4,1004.5346662673035,119.0142610560736,6
203,11,939.0796406568209,247.27799996821696,3
203,14,1252.4986812494378,249.33529129415697,4
204,1,650.8176860141916,593.5556948332315,9
204,6,299.6693351513344,368.12231017453223,5
204,12,1253.9159496934476,480.69828659783207,10
204,4,1001.3856437371638,119.5483869842672,6
204,11,940.7173023532545,248.05481195230493,3
204,14,1254.9970042814045,247.88727724301617,4
205,1,644.0115990166687,581.7391125972212,9
205,6,291.51071650627773,371.2288585959369,5
205,12,1253.6862689808813,476.42083282589005,10
205,4,996.8656426971427,117.3455013218956,6
205,11,942.5194501092609,244.316522410023,3
205,14,1258.6513880798382,239.79524865443585,4
206,1,638.7057330659565,574.5628411842025,9
206,6,282.6670146907142,375.4926462243553,5
206,12,1254.5212850737928,472.9217283792083,10
206,4,992.6617164633391,109.98615376415857,6
206,11,944.5276232743036,250.99812843358112,3
206,14,1262.5682445768084,238.61831272892593,4
207,1,634.548794050248,569.0677886599723,9
207,6,272.76521178916096,378.12574515734957,5
207,12,1255.7581591783096,469.7498493092773,10
207,4,989.3406845315039,97.73063154502351,6
207,11,946.0557395634593,269.9201680242188,3
207,14,1278.3619544307578,240.6897712956142,4
208,1,630.4581637923741,562.4496663032453,9
208,6,263.6437705625583,386.8031055404279,5
208,12,1256.368486760757,463.2628438783248,10
208,4,985.3765039990986,99.04056485767293,6
208,11,945.4663941643865,289.52486573001045,3
208,14,1295.8819522093875,228.13823798413372,4
209,1,627.0655944346512,558.7765413268353,9
209,6,258.8372719930588,391.347502308811,5
209,12,1258.96529296278,453.32628238532476,10
209,4,981.2251275500782,104.1478115393917,6
209,11,945.8626962057091,302.2735260210661,3
209,14,1298.2957737522365,250.6587327648965,4
210,1,623.9262336559253,556.2047233986311,9
210,6,255.38243110505843,397.70335046690263,5
210,12,1256.9974531624255,448.3021088684471,10
210,4,979.1585342918196,106.15392343161251,6
210,11,946.6492856441595,313.46564905635324,3
210,14,1299.3156054187104,292.32270991045135,4
211,1,620.698975734417,550.5024469517468,9
211,6,253.05925862802422,404.6593969865521,5
211,12,1255.642217017162,444.82381112816046,10
211,4,975.7556963497112,108.75787687337561,6
211,11,946.9518135198981,322.9846399935664,3
211,14,1296.0646435589176,338.7767362673515,4
212,1,617.6172946796628,547.1415640321359,9
212,6,249.85395574180373,412.0236091307745,5
212,12,1255.4262203831738,443.70196146487547,10
212,4,973.2397770865747,111.3159206611783,6
212,11,947.6978075542162,331.7514404108976,3
212,14,1304.3062992987243,323.5436573975469,4
213,1,613.6197172420618,537.5393228407024,9
213,6,245.03864611945275,413.1117491359005,5
213,12,1255.6782652213144,441.51888340733836,10
213,4,971.7150210548232,111.02404692090991,6
213,11,947.9983088927954,340.20777607795935,3
213,14,1318.1090018695813,293.9344218867174,4
214,1,610.3813883452223,530.7815053827948,9
214,6,240.6577565219701,416.0034686824013,5
214,12,1257.821150410964,436.8759078162432,10
214,4,969.2507702946363,108.47662802372727,6
214,11,949.3250840682199,347.3254692403503,3
214,14,1322.5213465645231,298.44603137698164,4
215,1,606.6929005537393,527.0395116423232,9
215,6,236.63869387195643,418.4634929791331,5
215,12,1259.522267234484,433.21405616786154,10
215,4,967.0328035569617,114.57766365040455,6
215,11,952.212983454814,352.52589433539276,3
215,14,1316.8386561761556,305.2567987877819,4
216,1,602.419814955042,522.5693278720487,9
216,6,231.83873711429604,418.60355396367794,5
216,12,1260.5032790574307,430.02046419231226,10
216,4,955.1813344518615,145.39956662489715,6
216,11,955.0557702250638,353.87833255893577,3
216,14,1316.791817458032,305.1202867644515,4
217,1,597.6258853874679,513.9588042945932,9
217,6,224.40341000205933,416.91876174497236,5
217,12,1261.1881103907137,426.8801868133316,10
217,4,947.8644511079491,159.4349313913985,6
217,11,954.3555693127264,353.1678467684183,3
217,14,1316.611758415708,306.8903762929574,4
218,1,592.6861486449552,506.7163759056983,9
218,6,219.04954667669156,423.376243025473,5
218,12,1261.150347863772,425.9190027529177,10
218,4,942.7075653394118,163.81150828314964,6
218,11,953.4254400724611,353.85590559682805,3
218,14,1317.1409554200127,314.8179944095736,4
219,1,589.805272284927,501.54388203546074,9
219,6,211.6280376401441,427.5660920624067,5
219,12,1261.3700794813801,427.5044221518903,10
219,4,938.1799334963981,157.83116547980765,6
219,11,953.6883684277952,364.4296212666495,3
219,14,1326.610077442286,318.32762351333855,4
220,1,587.2735949452018,495.2481783957299,9
220,6,207.0680646782097,439.1096322801945,5
220,12,1261.9756330960795,428.1710392277209,10
220,4,933.1623289518176,149.2405229270668,6
220,11,956.1459841692131,384.37044581498884,3
220,14,1331.7093772373792,315.05460433955375,4
221,1,583.8522166948766,486.7003097723146,9
221,6,202.97772152576678,444.8219223574932,5
221,12,1264.3154992316129,424.36164574840404,10
221,4,929.4184448625632,147.3937891545417,6
221,11,958.2880803244125,403.3875816069405,3
221,14,1338.2442036679142,311.7753640488397,4
222,1,581.4988343406371,481.0037356700906,9
222,6,203.63306715236212,459.3272498047171,5
222,12,1266.403458242377,419.1148129946949,10
222,4,925.4674729793783,147.06373028017015,6
222,11,960.7819106460747,418.010923171847,3
222,14,1345.2787682378103,308.7480853626323,4
223,1,578.1415229755777,475.5896716340811,9
223,6,206.83315926575716,474.60973142681746,5
223,12,1267.7385323357853,417.20221834168615,10
223,4,923.1423921605864,165.54609735915312,6
223,11,962.8548271369261,429.0032456164736,3
223,14,1342.266213654415,312.60023363477427,4
224,1,575.81822360027,471.1186692951548,9
224,6,208.2142529898239,484.4102133359334,5
224,12,1269.6730436405958,416.4094934640515,10
224,4,921.948553980187,181.4645181891658,6
224,11,964.1716008570817,445.2590310633139,3
224,14,1350.2976139232958,314.78702301634536,4
225,1,573.457479844543,467.878111528768,9
225,6,206.15270323920996,487.2614158914013,5
225,12,1273.310337829746,413.85722433849884,10
225,4,922.3490270158031,192.17944957903347,6
225,11,964.0454704433013,455.8592618571447,3
225,14,1357.580394047542,309.60839559343805,4
226,1,569.703435849736,464.3345563463244,9
226,6,201.43760292009443,488.64999802071355,5
226,12,1276.0488645431162,412.81734841745464,10
226,4,920.8676798392534,205.08815428576327,6
226,11,965.6099735031338,461.1898557527476,3
226,14,1361.6834990612213,311.57658345142784,4
227,1,565.4990768062997,463.6734310397201,9
227,6,195.67709960181355,489.4992827325833,5
227,12,1277.600769578426,412.3983099651116,10
227,4,919.0767220886474,206.17157282685974,6
227,11,966.7511428807616,460.8958261509002,3
227,14,1364.5139606655653,320.3545358185143,4
228,1,561.7328622569753,464.0252342668393,9
228,6,186.99673812165946,489.6001738164691,5
228,12,1278.0271316739531,414.27252437838763,10
228,4,917.1580270767015,204.09403874641973,6
228,11,969.9493860558076,461.8860063198093,3
228,14,1365.7150791982235,332.8539890400641,4
229,1,556.7765161837435,461.73860838611023,9
229,6,182.42351112108028,491.56877654364047,5
229,12,1279.379852823865,411.0290795442986,10
229,4,914.5528908576586,204.51176068067747,6
229,11,973.3452340632821,463.43505067648874,3
229,14,1369.1851650687506,342.0017627116193,4
230,1,552.2501227344196,459.44655300394066,9
230,6,178.25684837369215,494.58166145197947,5
230,12,1280.8656874943201,408.78228662925665,10
230,4,911.7487773383299,206.02940686578307,6
230,11,974.4768895513072,475.00863780966984,3
230,14,1371.530778490381,349.20519133684485,4
231,1,548.2834653347131,456.1088232973137,9
231,6,180.88054649657923,507.2273806434216,5
231,12,1282.900279033798,402.906075961234,10
231,4,908.9112519924918,207.94428466967688,6
231,11,975.8865986826693,495.2516120830684,3
231,14,1374.8342627996292,354.32230385027185,4
232,1,546.8496418793337,451.9929918282123,9
232,6,180.95774470422523,512.0596607112125,5
232,12,1284.1890238308738,405.55370247135744,10
232,4,906.7436453098791,210.00918454026424,6
232,11,979.042153145941,511.0018347511508,3
232,14,1378.733167324397,357.68834159522606,4
233,1,545.0575863209993,449.85666189375536,9
233,6,183.35543545862657,522.3636111371984,5
233,12,1288.0306706595163,408.9934294930086,10
233,4,904.7082730721522,209.611859175675,6
233,11,981.7313382665267,525.1431663303581,3
233,14,1380.5781293008636,359.73670072978365,4
234,1,543.2179106187315,451.38568272564635,9
234,6,187.63977825227093,538.1691980683088,5
234,12,1293.7633780481947,409.66860148986825,10
234,4,901.9942803071604,208.35993093893848,6
234,11,984.2002246940795,536.7758174717189,3
234,14,1384.9891051503282,357.7958355905273,4
235,1,541.0007970066479,450.33974417480607,9
235,6,190.65466938872393,548.5348388348915,5
235,12,1298.5524402143758,398.13264748133565,10
235,4,898.6136953864996,213.13002995397935,6
235,11,986.5231672030857,550.7021700071815,3
235,14,1384.3300563611099,363.16353973299255,4
236,1,539.4470880057797,449.12523998444345,9
236,6,191.1820654057223,553.2848939299223,5
236,12,1302.8814141571265,393.29926857585394,10
236,4,895.068425177674,221.32855979930736,6
236,11,988.8288955861315,561.9999320619613,3
236,14,1383.8801190460408,364.0496462486321,4
237,1,538.6616796752718,449.9285383853642,9
237,6,189.75182915733865,557.0118710119463,5
237,12,1305.8247198048184,390.4777559423336,10
237,4,893.0358719635183,237.93903290750356,6
237,11,992.2309321515886,568.8978767158357,3
237,14,1382.5573442289983,366.43423019676135,4
238,1,533.935929489977,448.9506619101749,9
238,6,189.38748427339542,561.0155657105851,5
238,12,1307.8295565535034,390.35772370264334,10
238,4,891.9347432761316,250.07527667597088,6
238,11,996.0537604116281,572.4001442239287,3
238,14,1385.4436683378701,371.62727652373235,4
239,1,534.7888322865573,449.4215948230388,9
239,6,187.74831500544406,563.5110143268645,5
239,12,1310.6788053053026,389.1998905450094,10
239,4,891.2681972251115,261.73328578403095,6
239,11,999.4622393446112,576.4180468974629,3
239,14,1386.8056612961627,381.23054062221576,4
240,1,533.8523372461126,448.77933375116595,9
240,6,184.46109650676718,561.737768459445,5
240,12,1311.0233496331023,389.8240066370627,10
240,4,889.1841279453954,264.9979750271918,6
240,11,1003.3968226540585,573.906087622788,3
240,14,1389.6131875431627,385.25829296376196,4
241,1,530.6635688174503,441.77981230836923,9
241,6,183.13491618137851,563.6984183802116,5
241,12,1311.0853693590284,390.1194215656118,10
241,4,888.030233875805,270.7342132412059,6
241,11,1005.6830077428339,579.0020749380141,3
241,14,1386.4342034699182,407.9426193022437,4
242,1,525.3289389796988,439.8072293622697,9
242,6,183.26875959552856,569.7792015073884,5
242,12,1309.6768413837679,391.4343890454054,10
242,4,886.9570787172687,271.5541732245817,6
242,11,1008.2141669278691,591.6051609499615,3
242,14,1387.4608739914888,412.285134709093,4
243,1,519.9013863538237,437.5140178283959,9
243,6,184.22851942985292,579.1463518880133,5
243,12,1310.4070962626859,391.8049782267155,10
243,4,885.9232575610037,270.51918633286476,6
243,11,1009.5677172940007,613.0902768141503,3
243,14,1388.3492942772777,419.16185388747505,4
244,1,513.3288427707057,439.670741496028,9
244,6,188.04591792225025,591.2859610430386,5
244,12,1309.8064650898814,395.07814063868545,10
244,4,885.8038638410112,274.7571181691284,6
244,11,1011.3127629426236,628.3312756904783,3
244,14,1389.125146940504,425.21473920890793,4
245,1,510.75336765287483,446.72616623040443,9
245,6,190.07039104108657,599.1738569183227,5
245,12,1301.9968648517051,422.2104565974157,10
245,4,885.3243852839169,279.7109854844987,6
245,11,1012.5870326379062,642.5639449192146,3
245,14,1390.3953465137752,430.7209692006689,4
246,1,518.6074134204389,461.43085352700496,9
246,6,193.60395328881054,610.5244042969936,5
246,12,1291.097122972999,454.9665363630748,10
246,4,886.0059694015366,300.9169561684878,6
246,11,1014.6428591664434,657.6494452222955,3
246,14,1393.0592930929465,432.3160525313647,4
247,1,523.4726444783232,467.69720673463996,9
247,6,197.3998458153682,621.3138917941949,5
247,12,1285.2410739100815,469.0796449107612,10
247,4,886.1293134653947,318.6241837925197,6
247,11,1017.1244179099886,668.4928949473062,3
247,14,1396.1746035163665,430.5933281452154,4
248,1,513.679520948423,476.7789314294815,9
248,6,198.32642905596958,627.0777432912618,5
248,12,1284.0315031645982,472.4535776568591,10
248,4,886.3923270234218,328.5045029011252,6
248,11,1020.8330225403647,674.7415765822685,3
248,14,1400.389325627411,429.3226316411116,4
249,1,518.7096604472216,476.8644836015044,9
249,6,195.957167868213,627.6000918672777,5
249,12,1284.2063605467342,473.3592278404369,10
249,4,886.693485028802,335.2199200984478,6
249,11,1024.680682346704,674.9254972220982,3
249,14,1405.5531218780743,428.1176739675434,4
250,1,509.7540819648613,480.3626539811584,9
250,6,194.7406401217499,629.2697639038682,5
250,12,1285.7307445380968,473.21624824776916,10
250,4,885.8827602098108,344.0813738536121,6
250,11,1027.5346977481759,674.338719772955,3
250,14,1411.6255305670325,426.8617092034564,4
251,1,506.10463398363055,481.6546546202758,9
251,6,192.37664509435746,628.2400453782906,5
251,12,1288.3481922470448,470.89214550798584,10
251,4,885.616218209238,347.1705129707854,6
251,11,1029.5586599051217,672.2504285131482,3
251,14,1418.8882074600017,427.35770419365724,4
252,1,504.70400388508784,479.97045952263943,9
252,6,192.2264048078231,629.1260951174844,5
252,12,1290.6980607563264,471.2835923603634,10
252,4,884.924434520331,347.9789128740967,6
252,11,1031.1891998746778,682.3543287541925,3
252,14,1427.0050719630847,428.33904705198006,4
253,1,505.4047455284881,479.0434242849515,9
253,6,193.2386551093135,629.1159147502963,5
253,12,1293.5421915085117,471.00781841994353,10
253,4,884.4517128964005,342.58084209523435,6
253,11,1032.5900893743003,698.2324013520284,3
253,14,1433.8837776828632,428.04884917600873,4
254,1,505.4803983408388,479.63369109408563,9
254,6,193.34425829490633,630.6691192344789,5
254,12,1296.6361064453565,468.6711526103945,10
254,4,883.6387597221766,339.2179258780317,6
254,11,1034.915769273342,711.7036277078741,3
254,14,1435.6626141931285,440.56421611545096,4
255,1,504.8156654409579,476.96608571066935,9
255,6,192.593746430851,629.5238922747334,5
255,12,1299.6892635965667,469.17939428834114,10
255,4,883.8874238797131,349.81006485882074,6
255,11,1037.2739775835348,722.9697116418807,3
255,14,1436.4985382682926,453.89548203733756,4
256,1,504.9561361922641,474.8432976282802,9
256,6,191.21975008257564,629.0765407446222,5
256,12,1303.6558619933433,468.8591949879606,10
256,4,884.9860750139842,361.9781009475533,6
256,11,1039.2726019746883,733.3224421636031,3
256,14,1435.1144780005222,467.66595622252544,4
257,1,505.52175981904946,470.94552155017345,9
257,6,191.5437906579578,630.4417179380379,5
257,12,1305.5458511922227,468.62338214441365,10
257,4,887.1857987674075,379.7354641613902,6
257,11,1040.4472044580718,743.3611626771597,3
257,14,1435.607458177881,474.2956710561626,4
258,1,506.60249327568357,472.42661249581596,9
258,6,192.5160597933361,632.5313730323315,5
258,12,1307.5844835924322,468.30636871269303,10
258,4,890.1615780642162,394.13950733295883,6
258,11,1042.2439853286437,758.1086125624904,3
258,14,1435.8328963034678,481.75138213391807,4
259,1,508.127381625252,476.8587682709245,9
259,6,196.17884815129307,639.7407231233894,5
259,12,1312.3085785649075,467.5383544887211,10
259,4,892.9400908132559,410.2159147498399,6
259,11,1044.0740808840897,764.4349219790544,3
259,14,1436.7370997220291,485.9281913112207,4
260,1,508.2242496586691,483.56157998532626,9
260,6,199.15021634358942,645.5577464382217,5
260,12,1314.7692575348842,467.1002636605804,10
260,4,894.0375491165711,418.0714635973074,6
260,11,1046.5988010629244,765.0045508293748,3
260,14,1438.3013854198268,485.4536224652832,4
261,1,508.9641263149527,492.8628058548079,9
261,6,202.99329131781886,650.7046154824151,5
261,12,1316.771825967735,466.7289401991839,10
261,4,894.1800703354621,428.7090708048082,6
261,11,1051.0135038211924,766.890682518943,3
261,14,1439.4236233606623,484.96711793836073,4
262,1,507.98283406391096,500.2968808473379,9
262,6,204.37224502995497,652.4860314496973,5
262,12,1317.9931736128892,466.4317749354712,10
262,4,893.7389390984818,435.41155669330084,6
262,11,1056.9238370039857,764.1641919485328,3
262,14,1439.7494125254898,484.57720960515434,4
263,1,508.08920451806995,506.79872972772966,9
263,6,205.63672077188653,654.6020556417375,5
263,12,1318.4029345219676,466.2528977516739,10
263,4,894.1813370610294,438.49288194808076,6
263,11,1063.6946804954339,763.4228570602957,3
263,14,1439.8173852595125,485.9556856742074,4
264,1,509.6398616251904,514.6013730277123,9
264,6,206.05569654669372,655.2431097758664,5
264,12,1317.923445128066,466.20363349204735,10
264,4,895.4561354681954,438.1519586960855,6
264,11,1067.71449296918,773.9168460949245,3
264,14,1439.66572004876,484.646477125154,4
265,1,511.2443551804762,521.071747031202,9
265,6,206.1561055418268,655.3612469001845,5
265,12,1315.1618199761424,466.56648854308963,10
265,4,896.5649083851271,439.6570473103567,6
265,11,1069.2871192650205,790.9083620606975,3
265,14,1438.7918910925234,482.44811444865877,4
266,1,514.4658054459487,528.619847356285,9
266,6,206.14743132633328,655.3056217124129,5
266,12,1314.8542188424665,466.5716046893866,10
266,4,898.2038901235982,441.75927929299,6
266,11,1070.2563551105761,805.1745557278356,3
266,14,1438.030500850563,481.6038694087708,4
267,1,514.5171981461542,531.4225223232584,9
267,6,206.05630839695712,655.091288614341,5
267,12,1313.1883712423544,468.5208647721325,10
267,4,899.5763049348615,448.9391365425351,6
267,11,1071.051741021643,817.1426102212572,3
267,14,1438.083457646662,482.8182898226586,4
268,1,514.4407020842552,534.1302937247864,9
268,6,205.9710241972925,654.8950158342875,5
268,12,1313.7366670486713,467.2706351236682,10
268,4,901.589270227255,461.64128534771254,6
268,11,1072.0220706644968,829.1910279465216,3
268,14,1439.337424726478,484.6941963818486,4
269,1,514.4142140425222,535.03112418126,9
269,6,206.7154933519423,656.3410400159179,5
269,12,1315.2615657186477,462.98901780681723,10
269,4,903.0841723827689,471.69750254021017,6
269,11,1073.6932642957777,838.8386920438973,3
269,14,1438.4680180124024,495.63516650260004,4
270,1,511.17284833262727,533.8360299667283,9
270,6,210.35448341493836,661.3602527003135,5
270,12,1315.25661623872,461.43238999530644,10
270,4,905.9311519810136,476.81291583934404,6
270,11,1075.3990523799534,847.5307633629196,3
270,14,1437.1148889129743,504.7034958475861,4
271,1,508.20246317321573,533.5184861538194,9
271,6,211.69643696045202,663.1938237542191,5
271,12,1314.2065247346616,459.2440616900285,10
271,4,907.6410020707604,482.1426372475775,6
271,11,1077.7028385870801,852.4749566329799,3
271,14,1436.1879267000384,513.0430946780282,4
272,1,508.2050040307872,535.0637852062688,9
272,6,216.30027509982804,669.919798803167,5
272,12,1312.9320295130383,458.6680806809834,10
272,4,909.258201854681,480.1544788487821,6
272,11,1080.0242791933692,854.9798790053316,3
272,14,1435.3646922355424,519.4621246760942,4
273,1,508.7596882278415,535.4415882406654,9
273,6,218.76179960125188,673.9002367558103,5
273,12,1310.2455455166232,458.7590381951678,10
273,4,911.0016240615753,480.7965104499888,6
273,11,1082.6496249939457,855.3543198093835,3
273,14,1434.5956321274602,525.008916399875,4
274,1,510.6101468526102,537.170748678143,9
274,6,220.42624285212128,676.8690440908749,5
274,12,1308.2963974679506,455.34325031499316,10
274,4,912.1410407780555,478.8973052748788,6
274,11,1086.0540096161671,854.872159167349,3
274,14,1434.1012528522276,528.5692766677464,4
275,1,512.3167070752131,539.3314244004766,9
275,6,222.77502902432454,679.2120275679692,5
275,12,1306.9420356536073,450.4264172085543,10
275,4,913.2936066154523,485.2645129477405,6
275,11,1090.6436680778916,855.004275111895,3
275,14,1434.4308814995563,529.5849758261813,4
276,1,515.0135931801295,545.3656483398892,9
276,6,224.41098572971953,681.5946724766086,5
276,12,1305.6432805253583,448.7484676499226,10
276,4,913.3133058035698,493.12486611209613,6
276,11,1093.3693096845363,863.4015288591669,3
276,14,1435.8773727432288,528.0233568238983,4
277,1,518.4806826491656,554.4618976075948,9
277,6,226.01466593118704,682.276048051031,5
277,12,1304.1420066092949,446.56627750931597,10
277,4,914.1001669499403,504.861215374817,6
277,11,1095.2097705872009,873.6467702048936,3
277,14,1436.7219638382253,528.9108150970446,4
278,1,520.3148573169047,557.7087073007665,9
278,6,228.6491821414732,682.1130009190484,5
278,12,1302.1938992714774,445.99439008561006,10
278,4,916.2066397185182,515.9400455843437,6
278,11,1095.848902370064,884.5571622814698,3
278,14,1437.8003793913344,529.0428946469716,4
279,1,520.9935724534691,558.8251379119397,9
279,6,230.33200268549945,681.8322857219165,5
279,12,1300.3365416518907,446.0412094187666,10
279,4,918.7837271483526,526.6588874714163,6
279,11,1096.4998702864928,893.51225182541,3
279,14,1438.9748689528076,528.8907945753167,4
280,1,522.2114730865711,560.7298940790301,9
280,6,231.9297441523238,681.454289672097,5
280,12,1298.81222923201,446.1617914289383,10
280,4,920.5086766807271,540.6559360733146,6
280,11,1098.2109698497457,899.4660461841088,3
280,14,1439.9204796855415,528.6097031646586,4
281,1,523.1270315965845,563.0563161257239,9
281,6,232.70587720105587,681.177205499736,5
281,12,1297.4122455096706,446.42746590348224,10
281,4,921.8195542829752,552.3911251775306,6
281,11,1099.8672135197899,910.3036533534536,3
281,14,1440.291984478537,530.0319706126643,4
282,1,522.9581778093038,562.0534441872826,9
282,6,234.71431675765584,682.3647539954007,5
282,12,1296.1653675502487,444.79155048848855,10
282,4,922.3739271948483,561.5570396963833,6
282,11,1101.0978738428553,918.9292000437262,3
282,14,1440.7155518725158,532.0181755333612,4
283,1,523.4044554955539,561.484127772758,9
283,6,236.19465859621764,682.6423631401517,5
283,12,1295.1642268297492,444.2626946520699,10
283,4,922.5818049844746,566.4204176671572,6
283,11,1103.0115733516668,922.6789687478148,3
283,14,1440.52106045972,539.064501896034,4
284,1,522.4577482733903,561.3600852637103,9
284,6,236.70927060638766,682.7317646135645,5
284,12,1294.2730350692814,444.2086651774824,10
284,4,922.7083858396094,571.2847104292339,6
284,11,1105.5093995064133,923.5957195691727,3
284,14,1439.5231430754588,549.6110736954112,4
285,1,522.0901336992139,561.2926856896443,9
285,6,238.41466711114487,682.5390258958017,5
285,12,1294.252388643059,444.2526191953881,10
285,4,922.1383555180951,571.348839322927,6
285,11,1107.9923113964933,925.4488586678671,3
285,14,1438.5758104547344,559.7882241731336,4
