0,1,1468.4319261503067,863.7039100634172
0,2,1125.848742974363,432.645446114544
0,3,753.9052816238518,936.9688371681427
0,4,742.1713255348499,759.0411875709178
0,6,1427.1833753986482,521.7416498877315
0,8,303.5042645289775,480.3080416809056
0,9,160.48955192449688,545.1268530890936
1,1,1468.4390079546426,863.7140390598782
1,2,1126.6102041891138,432.53389605549654
1,3,754.6796964473297,938.2070855822698
1,4,741.5542179502979,759.1446812012523
1,6,1429.4913045743622,517.1335035457195
1,8,303.2851349551158,477.65020031334785
1,9,159.9166197940742,543.9455948759781
2,1,1468.4274871424504,863.726788899671
2,2,1127.3888369910028,432.4411479018692
2,3,755.1013225083584,937.1918467139653
2,4,741.6766120387998,760.7052988537681
2,6,1429.9383996805552,518.2946727478333
2,8,302.78834667342494,476.063906195933
2,9,160.86436133288316,545.899868598631
3,1,1468.4342515030837,863.7035824291219
3,2,1128.3998267892816,431.1624757599215
3,3,754.4490186583342,938.1015743835637
3,4,741.7344265740358,761.1772895869676
3,6,1430.3590904477876,518.6358379163471
3,8,302.8613683460756,474.34429743369066
3,9,161.16136836853843,546.487662270645
4,1,1468.4297066264667,863.7153495841716
4,2,1128.7069290479494,433.9730400001227
4,3,753.2867068518921,938.5648358144692
4,4,741.225040765584,761.3703030566992
4,6,1430.1409003222052,518.8319297594102
4,8,303.12634810577254,472.68572823191795
4,9,159.97083667533735,546.8583111392161
5,1,1468.4206171186086,863.7388832589666
5,2,1129.2798164617802,432.8247231926578
5,3,752.2722602315683,937.6950457900582
5,4,740.8288036605159,760.0156103487744
5,6,1430.0395544327125,518.9379739319678
5,8,303.85025478247866,472.1157318382624
5,9,159.55504532595398,546.9411152899712
6,1,1468.4297066264667,863.7153495841716
6,2,1129.4714221868962,432.37052342769704
6,3,750.3851156293389,938.6869210071594
6,4,740.7022836205724,759.50748678905
6,6,1429.7203692878159,518.9659773531159
6,8,305.54607573202725,473.97162024897347
6,9,159.44382346666242,546.9574445227715
7,1,1468.4435529154496,863.7022718917625
7,2,1129.228781822389,432.23555668719786
7,3,748.2050049655608,940.3281785427404
7,4,740.4511341868047,757.932258450301
7,6,1429.3410425254472,518.9844291556725
7,8,306.95000191500736,473.46409887122024
7,9,158.94895817668555,545.9850598648727
8,1,1468.3180908453544,863.7310758535685
8,2,1129.090064895515,432.23456155927084
8,3,745.8881282259892,942.1920696680795
8,4,739.5930729537059,758.8989518247465
8,6,1429.1695076779097,519.045836908568
8,8,306.28841114732353,470.29533834682843
8,9,158.75527976768623,545.6212823804586
9,1,1468.3039249876142,863.7108180115941
9,2,1129.3501532357284,432.1538258861845
9,3,744.605333491112,945.002138404055
9,4,739.2503735171675,761.9832103783865
9,6,1428.873547518561,519.0522030797698
9,8,306.8352442469926,467.96069170911574
9,9,158.73310887956123,545.4937598890375
10,1,1468.271584355434,863.7376284537648
10,2,1129.1165823141841,432.18804273834377
10,3,743.4971603651336,947.1401003445654
10,4,739.053123936956,765.8545699309461
10,6,1428.7282329820114,519.0915397662084
10,8,307.7953617815694,466.0024246474052
10,9,159.14254954481555,546.3486738643195
11,1,1468.2736952325613,863.7150772851528
11,2,1129.0226539309258,432.18048486930064
11,3,743.4946847674312,949.8633756972243
11,4,738.46174713883,770.0139991955502
11,6,1428.1612959117922,519.1371896103585
11,8,307.9868857565799,463.1954709867025
11,9,158.86331059738455,545.7361781392661
12,1,1468.1621860818716,863.7419155214097
12,2,1129.267888545343,432.12324084006264
12,3,743.5418151391566,950.8634707372855
12,4,739.3948858741717,772.6923636339527
12,6,1427.6765452748039,519.225735498337
12,8,309.2197509441432,462.0307698853975
12,9,158.77548524816538,545.5311324068344
13,1,1468.122329618806,863.7141496941694
13,2,1129.3488078426794,432.0687480429113
13,3,743.4057572509448,950.1475630215126
13,4,740.2320277244088,773.5467307712216
13,6,1427.4960772324036,519.1970864549878
13,8,310.4029012288404,463.56370981075486
13,9,157.79835739940737,543.5358945386644
14,1,1468.1107026285217,863.7157879020604
14,2,1129.1856771292762,434.0092833703137
14,3,742.5649742866631,949.949258500987
14,4,740.4932783978296,776.4681062252024
14,6,1427.4365239545555,519.205720081087
14,8,311.06574862067475,463.16207026954305
14,9,159.5171046213114,544.4844539946438
15,1,1468.1037264358604,863.7167708265823
15,2,1129.1241434028057,434.7199921048209
15,3,741.040453449752,950.017150107316
15,4,739.9160296700235,776.300956346256
15,6,1427.7312882470924,520.7874776066739
15,8,311.49082871127126,461.95316204045304
15,9,160.15078470901219,544.8277086807857
16,1,1468.0990756413821,863.7174261095086
16,2,1129.26993253166,433.06045304610006
16,3,737.9970584302013,950.3559361478087
16,4,739.6980937000669,776.170488042369
16,6,1429.388890617198,519.5436743838951
16,8,312.58447049001524,462.4235529705343
16,9,160.3869911225814,544.9674859777522
17,1,1468.1014010385584,863.7170984680545
17,2,1129.0386154001726,432.47654855589303
17,3,736.0551586946016,950.5732862167011
17,4,740.0992519042992,775.9954759997421
17,6,1430.564060915584,518.9715442043733
17,8,313.36044036772137,463.66469010557694
17,9,160.45796485763202,545.0006743269302
18,1,1468.1060518332883,863.716443185093
18,2,1128.1953739488952,434.2819584854003
18,3,733.7143152872108,950.8695732529693
18,4,740.7445382545137,775.8443112317134
18,6,1430.4642174771707,518.8398701074617
18,8,312.8804451430836,462.1927387930314
18,9,160.51034105998983,545.0583944700741
19,1,1468.0899917936351,863.7409604985202
19,2,1127.5813203088096,435.0097224613536
19,3,732.4689656034789,951.0112983349906
19,4,740.7612630685089,774.4585941888225
19,6,1429.8645419151069,518.8902654016335
19,8,314.3787605162893,464.51817937101146
19,9,160.9453074570362,545.9533222654441
20,1,1468.0739323346463,863.765476925503
20,2,1126.2077747465235,435.44464341019903
20,3,730.9867044965455,952.1937558769454
20,4,739.7966650775165,774.0367002194295
20,6,1428.7674345050234,517.4398696380395
20,8,315.8649251211758,466.3030502960085
20,9,160.65179652530534,545.386398970311
21,1,1468.1784634518017,863.7396220953616
21,2,1124.2789759219415,435.7908743940303
21,3,729.6613334268569,952.7312091277031
21,4,739.4478884377036,773.8507199355239
21,6,1427.5808500375754,516.9708983354624
21,8,316.8438061262851,464.85416125254807
21,9,160.52185354290205,545.143910937456
22,1,1468.229513321112,863.7213023718891
22,2,1122.4310009080264,436.0827740190047
22,3,728.5893717924912,954.011639247336
22,4,738.8528581028249,773.8326680762053
22,6,1426.621662002832,516.8717593541484
22,8,318.98757776373384,464.04823479776286
22,9,160.50814501846554,545.1023214891871
23,1,1468.2435729931633,863.7304483824852
23,2,1121.0385855984412,436.28670777277983
23,3,727.6445950590356,953.5466921576775
23,4,737.9493821794487,772.589065544413
23,6,1425.4650555615442,516.9661573896943
23,8,320.5743380078403,462.60040634475564
23,9,160.4817116080854,545.0625983426547
24,1,1468.2389223083667,863.7311036481517
24,2,1119.8381801213277,434.5698033650093
24,3,726.7255434606574,952.4103064408564
24,4,737.1353991595462,772.158651785918
24,6,1424.7516680793947,517.0512715233034
24,8,321.6991808343508,461.96718275999984
24,9,160.458458007525,545.0224061059363
25,1,1468.2526595399238,863.7069139727721
25,2,1118.9569461190981,435.8477646491814
25,3,726.0197792397637,952.0344556769676
25,4,736.3665125296551,772.0764696993534
25,6,1423.9779858677166,517.1267989157986
25,8,321.9320013208179,459.6865172676332
25,9,160.47216846175377,545.0639996328831
26,1,1468.224754933544,863.710845644104
26,2,1117.3226404292282,436.53350142103733
26,3,725.1620758957253,950.931303470705
26,4,734.6963175717194,769.5590306553944
26,6,1423.1227462766933,517.2691407312634
26,8,322.28622466965595,459.8216555083787
26,9,159.7139245000167,546.0905633501972
27,1,1468.2525521248701,863.6958017355117
27,2,1115.6537311242823,436.9054231094476
27,3,723.8977249345461,949.6330121065713
27,4,734.5384077628021,771.1835320092227
27,6,1422.8745699287917,517.286797733891
27,8,322.303715492499,457.8258478146812
27,9,159.50313634298138,546.4916844216367
28,1,1468.264179153526,863.694163522214
28,2,1114.3419989532224,437.1612778496818
28,3,722.2440977394681,947.2795077571483
28,4,733.8173306997298,770.6049464207541
28,6,1422.52930254128,517.3551918324204
28,8,322.1256438342243,455.03060949643555
28,9,159.417170671784,546.6349169303043
29,1,1468.2526595399238,863.7069139727721
29,2,1113.4409780415638,437.33572998492525
29,3,721.2616235840088,944.4077047192228
29,4,732.8203077813374,771.8146518886399
29,6,1421.862655826141,517.4885144952575
29,8,323.3472402580148,455.88588018534494
29,9,158.9284500147483,545.7919853679746
30,1,1468.2643937737453,863.7163878302607
30,2,1112.8985834159023,435.543755647276
30,3,720.3305140082994,942.412878870634
30,4,732.0001437906361,772.3465745735485
30,6,1421.3802512614018,517.5767921035549
30,8,324.9960800232945,456.13635367660265
30,9,158.3221974335816,544.5944573632227
31,1,1468.2599577408164,863.7392666027062
31,2,1112.7214068340616,434.888183238517
31,3,719.8298156099444,938.6149517037859
31,4,730.7688725843568,772.7004345871976
31,6,1420.940290002754,517.6772415022918
31,8,325.42957187671846,454.1895594577453
31,9,158.54095295937248,545.0640974844096
32,1,1468.2598503939146,863.728154952095
32,2,1112.5458983488534,434.61555657299203
32,3,718.2717847870006,932.1978087731046
32,4,729.8444025495006,772.8771862166922
32,6,1420.2574570007025,517.7762535838486
32,8,326.8864010597541,455.3634761379543
32,9,159.0574608664953,546.1216090619931
33,1,1468.2598503939146,863.728154952095
33,2,1112.0625780690025,436.4960885154477
33,3,716.7051684456444,924.6583639297241
33,4,729.3087117135765,771.6508640171069
33,6,1420.9705689787113,514.3856355897101
33,8,327.637495238347,454.7584691196906
33,9,158.59822156584934,547.603636371301
34,1,1468.287647424559,863.7131114669593
34,2,1110.3606359728465,437.4044345726251
34,3,714.7163243727766,916.7355997286737
34,4,728.6773843570851,771.266855996986
34,6,1420.74774134823,513.1656310081851
34,8,327.929368944548,454.5741514864877
34,9,157.55152181392373,546.3862821805056
35,1,1468.292298156232,863.7124561940864
35,2,1108.9171177437795,435.9992336386257
35,3,714.0094135144586,911.6665526926624
35,4,727.5518723689228,768.5749656120763
35,6,1421.4217928589949,510.9824296424552
35,8,328.94547998829523,455.41233872535963
35,9,158.05922482149882,547.7262558813579
36,1,1468.287754523829,863.7242233551191
36,2,1107.6297899553974,432.7530777373556
36,3,712.7344195750642,908.9492989637201
36,4,725.9846460489201,766.4132259086541
36,6,1420.9395994018148,511.9388895265157
36,8,327.63103666932074,452.85090330598666
36,9,159.5836580135034,550.9095809916439
37,1,1468.2555218670739,863.7621445541516
37,2,1105.950370023699,430.7731756084119
37,3,711.0168756562208,906.0864541916047
37,4,723.7800854726694,761.857613361891
37,6,1419.5211175333193,515.8462115739769
37,8,327.6388578676176,455.06419649510224
37,9,161.70956631866392,557.7155360897873
38,1,1468.2717988355264,863.7598511909911
38,2,1104.8573441420515,431.0833636315577
38,3,708.523937160421,904.3238831368678
38,4,722.3363369170756,756.2053817030788
38,6,1418.556643677213,518.9935655097552
38,8,326.93708285492363,450.7571050828248
38,9,164.73113614254578,564.6940473932993
39,1,1468.2949446271564,863.7454636548583
39,2,1104.0071842454615,432.19303722339527
39,3,706.3784365155603,903.978322328951
39,4,721.360876114414,754.173804611966
39,6,1417.2377372037456,521.9256010031476
39,8,325.93876497392597,447.13723484251653
39,9,167.84830224539073,568.8671284045198
40,1,1468.2906152324415,863.779452197337
40,2,1103.9300988761674,433.6157461095862
40,3,704.9625154288917,902.9885137795948
40,4,721.0403481968219,753.504658074518
40,6,1416.2049338206252,523.1689883465481
40,8,325.1787096122846,444.8244642720928
40,9,170.53587134045765,575.8128039026456
41,1,1468.1978214859994,863.814777805621
41,2,1103.8714515584281,435.16142409690065
41,3,703.8556529054603,903.9432900192292
41,4,720.4808278304663,753.4174391060684
41,6,1415.326558002776,523.6969385133638
41,8,325.3461541202819,441.86673308013707
41,9,172.38002353845567,580.1293093246089
42,1,1468.1535345223408,863.8098920806941
42,2,1103.7254554282633,435.7158797375987
42,3,701.5589811371142,903.5444826403938
42,4,720.7428175314978,756.0850669893757
42,6,1414.4663138796002,523.9308508911313
42,8,326.7496448550457,439.4592899559524
42,9,173.00253322095074,581.6032373178232
43,1,1468.1509926783995,863.7879984847731
43,2,1104.356045377177,434.8771087485899
43,3,700.3118272101177,903.5369512213106
43,4,720.6493027018815,755.7798494097772
43,6,1413.4608643569316,525.6768431418412
43,8,329.0679677071163,438.350144367362
43,9,175.1460853815421,583.6420841846241
44,1,1468.1257405185954,863.824933703406
44,2,1105.05868456541,434.51811115380315
44,3,698.6173010548717,903.8016336262848
44,4,720.3935140151019,757.1204905324098
44,6,1412.8118192682937,526.4246237183748
44,8,331.3080319523333,436.7000647881504
44,9,175.8833698682841,584.2615464085151
45,1,1468.1327160908031,863.8239508753323
45,2,1105.574148645361,433.3962260961001
45,3,696.5358891031352,903.0761928204237
45,4,720.3271166746944,757.6600193868456
45,6,1411.8878087123246,528.3896853475662
45,8,334.3327495621115,436.94868523292104
45,9,178.09637593059213,586.0124768152433
46,1,1468.1234153281112,863.8252613127282
46,2,1104.5838984488494,436.9319967407995
46,3,693.8676334874216,902.0132781215966
46,4,721.2381950384461,757.7110205443767
46,6,1411.0352555050936,529.1467830987558
46,8,336.40681819640537,437.93622630368407
46,9,178.27585157743385,584.7211930779733
47,1,1468.0978382410851,863.8288650141052
47,2,1103.0155729476712,440.2845764380828
47,3,692.4419896386535,901.7096067098856
47,4,721.1175918168925,760.5226631179846
47,6,1410.4493704805611,529.4487748679215
47,8,338.6783699844377,439.1558218921346
47,9,181.02783174708804,585.5628134358572
48,1,1468.0972942670364,863.7733118670318
48,2,1102.4204799874199,434.8832895051296
48,3,690.4975041353694,902.9346374339359
48,4,719.2180943325732,761.774154709906
48,6,1409.7347426599965,529.5342222651695
48,8,341.1684315165158,442.4860500338544
48,9,182.21228838207472,583.8130031750637
49,1,1468.1222210371934,863.703037439068
49,2,1101.8883042339103,433.7439587159615
49,3,687.2958549593302,903.794844648622
49,4,717.573991860499,762.3409242849876
49,6,1409.5166447072365,529.4572741612333
49,8,343.3969171707319,445.6977587219664
49,9,184.21715647922514,580.9826761438743
50,1,1468.13373965504,863.690286744526
50,2,1101.2752783258145,435.28578889714964
50,3,683.9272038872394,902.2251288138148
50,4,714.1649632700409,760.2821326625071
50,6,1409.4587499207394,529.4294766659616
50,8,345.85690157623407,449.8297768070422
50,9,184.9200631696452,578.000907823035
51,1,1468.1474755854908,863.6660952798836
51,2,1100.9445717062788,435.86744763929005
51,3,681.6683263663537,902.9404211409847
51,4,709.0958401692084,749.1345580711007
51,6,1409.4681771486853,529.3738294140702
51,8,348.0352426465532,453.2764741600777
51,9,185.81430315077566,578.6428306739527
52,1,1468.1289802509966,863.6798293784514
52,2,1100.5292269078514,436.1628012298242
52,3,679.7054070217617,900.0510790288329
52,4,703.5223474635737,741.195320223389
52,6,1409.4732945825622,529.3549933494735
52,8,349.7133614503683,455.42290917474037
52,9,186.62266071153473,578.7541204171731
53,1,1468.1288717259508,863.6687165172594
53,2,1099.8103943133024,438.2269081622452
53,3,678.2960921395469,895.7454736326417
53,4,698.976185967027,730.1688415118737
53,6,1409.2368423261323,529.3349656072713
53,8,350.75618519106075,454.0492767712598
53,9,186.36797298436878,578.8748915961498
54,1,1468.1335226900808,863.668061208022
54,2,1099.284993636611,439.04788442853254
54,3,676.9335692294791,892.0557957175482
54,4,696.2858832835458,714.6689364923731
54,6,1409.44259620471,529.268961807755
54,8,351.69421832620145,453.39428920180916
54,9,186.24342415763653,578.8931246943121
55,1,1468.13373965504,863.690286744526
55,2,1099.8087499096102,439.2898418766282
55,3,674.1623006060447,884.3215508912951
55,4,693.0469739213015,704.9251191610398
55,6,1409.787853407963,529.2551318434748
55,8,352.00104346034635,453.2080759349342
55,9,187.55476330076974,578.763763848355
56,1,1468.1430414184263,863.6889761516893
56,2,1100.1599673787891,441.2327134222841
56,3,666.0889056879417,872.1347886104338
56,4,692.7412103835715,702.956251606911
56,6,1409.9529488896892,529.213115450131
56,8,352.65843453329387,453.0170862892824
56,9,189.12409577974552,578.5340254447179
57,1,1468.1338481346083,863.7013992145778
57,2,1100.0226766857659,441.97302173986117
57,3,654.8933678134596,850.9270953252867
57,4,693.2453223309742,702.3098558332499
57,6,1409.7366877103032,529.2444487020098
57,8,353.55964782504867,454.92564850070846
57,9,189.0947563019892,574.794373547725
58,1,1468.1338481346083,863.7013992145778
58,2,1098.1938963593811,442.5160160671867
58,3,644.6320315797632,831.3652963534247
58,4,692.9860112227487,702.3144156150782
58,6,1409.134498560093,529.3136009573495
58,8,354.4222043047476,455.501286353476
58,9,189.2879484638865,569.5514422256346
59,1,1468.110485255381,863.6935632253775
59,2,1095.115578734032,444.8695448117371
59,3,635.9068827626448,817.2369191186397
59,4,691.9066143988092,702.5847204754415
59,6,1408.104889333882,529.4265832594627
59,8,356.19558078283126,456.40994846740796
59,9,188.96983622073284,563.7355746145029
60,1,1468.0575459937938,863.7566589538363
60,2,1090.7259839149497,444.3710993936032
60,3,631.4918950339776,808.5704448464417
60,4,690.2713245939756,701.5238138596252
60,6,1407.1615410326413,529.5994556133342
60,8,358.5739161709943,456.4566183097844
60,9,188.19479515778448,557.8178583237842
61,1,1468.0576551499114,863.7677703233506
61,2,1086.8748098267622,444.5119820900154
61,3,626.1550897078779,803.6638874733299
61,4,689.0058330036153,702.8386537921175
61,6,1406.3062792833796,529.7414674068674
61,8,360.71088802833987,451.12350027336277
61,9,186.48949194590725,550.1827347823881
62,1,1468.078365020122,863.7425986728593
62,2,1083.4977739160647,444.7948880534598
62,3,621.0643890408229,794.7483743317583
62,4,687.1025067666596,703.6375003398605
62,6,1405.4258701118965,528.2206122292306
62,8,363.8680639588835,448.72725818472327
62,9,184.10779146757866,543.7497955827079
63,1,1468.0901006605638,863.7520721120385
63,2,1081.378511955438,446.96516975064975
63,3,615.5393922971003,784.3219143046763
63,4,682.3139768416809,693.1169502642442
63,6,1404.5738918345298,527.763597213785
63,8,367.13765600569184,448.6686838393802
63,9,181.48034574849532,537.8695180117793
64,1,1468.0063887101144,863.7638668410709
64,2,1080.330047248829,447.79401049888367
64,3,610.5777206940206,774.4229526094672
64,4,676.0625642556266,682.2856519827872
64,6,1403.5725921296557,529.2866081344599
64,8,370.1649640381031,450.4802990901453
64,9,178.75974366751566,534.0519119641265
65,1,1467.9690735028241,863.7579974899852
65,2,1080.2342969572776,446.1398113450026
65,3,606.1333094712202,765.9454149228955
65,4,670.510964635088,669.591816575247
65,6,1403.1366135512876,528.2440204255561
65,8,371.14266619493895,449.0898121040647
65,9,175.86071011785324,531.9863444309653
66,1,1467.9942134458042,863.7099456030439
66,2,1079.1628276334113,445.6200385829028
66,3,602.4319057156682,762.0451481423946
66,4,665.3957570703267,651.3463294698668
66,6,1402.7645477159494,527.8443125686513
66,8,372.8803547325126,447.3261530740615
66,9,173.6233825883234,534.5203604952421
67,1,1467.9825862821456,863.7115838383735
67,2,1078.9043730323192,445.3828402638648
67,3,597.7986919408575,757.2144234681989
67,4,660.2511207986421,630.517537696092
67,6,1402.100031645137,527.7590897974613
67,8,376.22869110418117,449.373851719145
67,9,173.73719768547903,534.4155356057622
68,1,1467.977935417563,863.7122391323809
68,2,1078.0150826295771,445.4284105007974
68,3,593.5961013847528,753.2792914937296
68,4,655.7601211441665,614.9628686588529
68,6,1402.1288072352531,527.7367653960129
68,8,377.59393282049285,447.0073780886168
68,9,177.76066926748584,535.8704626500928
69,1,1468.096532621625,863.6955291130374
69,2,1076.8985447524742,445.5707397258368
69,3,589.4470998898668,751.0792164957047
69,4,651.8608478582568,603.0894992723956
69,6,1401.9163736567514,527.7312406838266
69,8,379.005399417129,447.05815631713523
69,9,183.56709961925677,536.9053754808859
70,1,1468.022118651418,863.7060138364458
70,2,1076.0604752697345,443.7655089824976
70,3,585.265371583225,749.485832591701
70,4,649.3287304624841,595.7640626770415
70,6,1401.5722171320103,527.7811148035581
70,8,379.7012151466944,445.94202984908605
70,9,188.0532404054823,536.9917032895116
71,1,1467.985241140529,863.7445923847228
71,2,1074.5071287697992,443.3140168060519
71,3,579.8735601426138,745.5685193917209
71,4,648.3214241508275,595.1902425159186
71,6,1400.2114915343138,529.646810542643
71,8,379.47736215433895,442.50197879460876
71,9,191.74323391540997,536.8002283993891
72,1,1467.978265030638,863.7455752966796
72,2,1073.261744003723,443.2204280416559
72,3,574.3302158897689,742.0090544727038
72,4,647.5439259607946,595.398106122264
72,6,1398.9301647755394,530.4481964530972
72,8,379.9221082790345,441.0859758911042
72,9,194.5263753700994,534.6153660492301
73,1,1467.975939660926,863.7459029339635
73,2,1071.8109386410042,441.4559969044339
73,3,569.2469060536563,738.5179534749597
73,4,646.8452591793969,595.8598690344022
73,6,1397.4998769343988,532.4816505194044
73,8,380.9636887184824,441.50096533712394
73,9,198.59063519699174,531.4243026647947
74,1,1467.9598821414236,863.7704194583853
74,2,1069.7257030914923,441.0375859546297
74,3,564.5411452352128,737.8035964929564
74,4,646.488269493172,598.0316304015522
74,6,1395.5611285440348,536.6718949101166
74,8,380.86779338179065,438.59616645755216
74,9,200.65498323195683,524.2689042240872
75,1,1467.8574569209218,863.7737239011047
75,2,1066.9077447586787,440.23552678316213
75,3,559.3773557852994,734.002913472725
75,4,646.1346149618665,597.4211897702014
75,6,1393.8980786543084,539.9618779577119
75,8,381.1899564142701,433.1844746577145
75,9,203.23370792609575,516.3343265295069
76,1,1467.8250133767774,863.7894220085027
76,2,1064.7578338293067,440.14517514320875
76,3,555.6972494882687,733.0495695478766
76,4,644.5661449716127,592.5633509493215
76,6,1392.0893005213986,542.957886263431
76,8,381.79608341260894,428.9968021676636
76,9,199.90264634144978,495.87211900389764
77,1,1467.8295528207348,863.7776554975037
77,2,1061.646348333189,439.4907857024563
77,3,553.7438116876395,737.2895143346234
77,4,642.395080580813,582.6108778611775
77,6,1389.9860734229915,545.8091397458567
77,8,384.31120973990676,424.9906671316547
77,9,194.8478932822405,470.7571465112675
78,1,1467.7088598154307,863.8169143542387
78,2,1058.5497761125814,441.4387004465595
78,3,551.2853326193169,744.9894562779077
78,4,639.5948183415453,568.8425397943616
78,6,1387.832056049305,550.2174768839445
78,8,389.59107463269146,427.195707961825
78,9,193.1930597290835,457.06817125192083
79,1,1467.6853819250207,863.7979687049045
79,2,1056.368922685325,444.2497910605933
79,3,548.8267718427838,752.4908172428603
79,4,637.9257834571298,560.4098016377513
79,6,1385.613030012735,553.5924967144816
79,8,389.57721281353315,416.48564816823614
79,9,190.89544262103215,449.2727457921848
80,1,1467.6806187300328,863.7875127249015
80,2,1054.9750817045017,447.2986518992768
80,3,546.5463583922927,757.0239891481975
80,4,635.7827845033681,552.3550417037706
80,6,1383.6362388180303,556.4991444810524
80,8,392.539780393216,412.04941378910917
80,9,187.9144493999257,442.6269598780894
81,1,1467.6595778339158,863.779350026082
81,2,1054.6243038101395,446.45942045073326
81,3,542.2948055845337,753.6341824678776
81,4,634.6678360832925,547.738621338134
81,6,1382.3954190491158,557.591117059369
81,8,392.60631394141063,409.4217324603857
81,9,189.1866939198999,437.7731687494819
82,1,1467.6460769558141,863.8257602374464
82,2,1054.7187201722352,446.1697423820434
82,3,538.5031529495857,751.3736882452603
82,4,632.9178044614453,539.3303053287632
82,6,1381.4469010345558,558.0789617577444
82,8,392.8496032688331,407.49721492596876
82,9,194.6935462664677,438.86613704078667
83,1,1467.7483898111257,863.8113447174419
83,2,1054.9242643465736,444.14237786781
83,3,532.9130051431795,741.217105484447
83,4,629.9743984476942,527.5861981482642
83,6,1380.8877848853276,558.2123980067521
83,8,393.4949851347333,406.8122384417075
83,9,197.33113608087365,426.34668645592586
84,1,1467.7809439525254,863.8067579538808
84,2,1055.48049071589,443.2734623619514
84,3,527.4320351494322,729.1395322384091
84,4,627.0810597123145,514.2945637835404
84,6,1380.2025014613077,558.2588996062519
84,8,393.9424441282395,405.46759539485214
84,9,195.5695029232118,408.75410260233105
85,1,1467.7834924632343,863.8286517080321
85,2,1056.6825555822213,446.64581526473273
85,3,520.2037177986731,710.4928340180609
85,4,624.9480616388676,504.07280930016407
85,6,1379.7270124766485,558.2750624885917
85,8,396.76631536406563,403.6213961171557
85,9,191.7544916696239,382.1164035389184
86,1,1467.7815020764012,863.862309897772
86,2,1058.3143476181,447.78403423714593
86,3,514.8974730878637,696.3038436809342
86,4,623.105930334398,497.88249055793085
86,6,1379.3207928250858,558.3162699887023
86,8,398.49683458287325,405.1621597248777
86,9,196.51190976379488,372.63508666393005
87,1,1467.793128041595,863.8606718478558
87,2,1059.4155777157046,450.01174329427863
87,3,512.6334505266343,691.3742755343688
87,4,622.3181297835887,494.9750913623266
87,6,1379.3816309488077,556.6753325643562
87,8,402.22063252767333,409.7365884468719
87,9,207.48820278632118,365.79240097698744
88,1,1467.7861524621012,863.8616546778585
88,2,1059.2244207816452,449.0257651920942
88,3,509.57881201023656,685.4324683132177
88,4,622.4845226134638,496.0667570309365
88,6,1378.4929426166584,557.7168585286033
88,8,406.12916481367205,407.8363789497673
88,9,220.08845241544932,361.1949474685871
89,1,1467.7905797710928,863.8387792507018
89,2,1057.5484002748967,446.9429969590866
89,3,505.1683950311213,679.2496240030227
89,4,624.1439870685342,504.19062042990583
89,6,1378.3598653602282,556.4540821681403
89,8,414.5279526970398,409.35698344565367
89,9,230.90867116095086,356.6150966697206
90,1,1467.7904682294943,863.8276688490063
90,2,1054.1075318850912,448.4635589097173
90,3,503.68680823368067,677.2062847057601
90,4,624.2413266733028,507.483532400457
90,6,1377.400326905328,557.6642625569514
90,8,432.3368465767092,418.51654178313333
90,9,242.6448042092556,360.1625830956332
91,1,1467.7904682294943,863.8276688490063
91,2,1049.048218538909,449.58532362045753
91,3,500.3043155969693,673.9360240760709
91,4,623.5825125732276,510.89549305556767
91,6,1376.5511775878858,558.1731036689966
91,8,430.1814700668737,374.6748955761602
91,9,248.6270146449964,353.0994889498411
92,1,1467.792793485166,863.8273412292953
92,2,1045.3403825967775,450.2551842607241
92,3,491.3457711268936,658.0700459970647
92,4,622.827295547477,512.4380746444793
92,6,1376.1609302056972,556.7896728073991
92,8,447.6686282930288,404.03685603958087
92,9,257.200096394725,352.0617200303715
93,1,1467.7950072389583,863.8159030026626
93,2,1043.3058464261132,452.4758291685336
93,3,484.57320987132505,642.8130651908593
93,4,621.2681720271797,509.54665623511676
93,6,1375.2612567753188,556.3395846787204
93,8,454.7813284024082,391.670142686248
93,9,259.7849524043193,328.2465198687599
94,1,1467.7903566859002,863.8165582485631
94,2,1041.4557364429038,453.44286603151596
94,3,478.61168120060574,631.1991283072962
94,4,619.7752910651783,506.8037335361021
94,6,1374.9498855384159,556.1383428461761
94,8,463.20249664349194,385.85740549343006
94,9,259.1616336959938,299.5425984439267
95,1,1467.7948957349583,863.8047921970053
95,2,1040.237893635867,453.85308178627724
95,3,473.9736658220703,620.7498212606075
95,4,618.1199551469543,503.1808504169274
95,6,1374.6070454316784,556.0823585808454
95,8,472.7626603929948,387.1233583545277
95,9,263.78485421711827,280.4763349161038
96,1,1467.7947842289643,863.7936811925908
96,2,1039.2097726581546,452.1886757934721
96,3,471.4034716064441,617.4258873136808
96,4,616.7764378526323,501.03305296096414
96,6,1374.6630515178238,554.4360999772925
96,8,484.1701602321276,391.9590841915202
96,9,276.83079819432953,278.6080568441424
97,1,1467.9016384499334,863.7674988682534
97,2,1038.9293945972247,453.3908699554756
97,3,469.06862025368747,613.3059798046891
97,4,614.428133744441,496.840366335408
97,6,1374.451870973371,553.849248494167
97,8,492.25814670524767,394.35096668721013
97,9,291.62736781168167,275.4767096153339
98,1,1467.9296528987581,863.7746786558372
98,2,1038.3918196544334,452.0337552441989
98,3,464.6461486865073,607.4453936395995
98,4,610.7050177629094,490.0168210000684
98,6,1373.9680594549015,555.276864301621
98,8,498.20081216451416,390.52173594510685
98,9,311.90350069180926,275.0118253325411
99,1,1467.9527960665773,863.7602909274833
99,2,1037.7597590003516,449.6925997192788
99,3,461.02259649862924,604.1306705168012
99,4,607.2471237288607,485.90254954886814
99,6,1373.8233969904152,555.7908872512467
99,8,503.7356103879626,390.73565363036636
99,9,331.45850417247874,273.3386951245763
100,1,1467.9735043806872,863.7351187217112
100,2,1037.0945264324987,446.9667614141247
100,3,458.22445049303036,601.6494909661519
100,4,603.2750358889874,482.8885298350406
100,6,1373.9467703414794,554.3633624335298
100,8,510.10989277754425,391.29091179362325
100,9,344.79168157389296,272.1118250920755
101,1,1467.9830255959416,863.7560316857237
101,2,1036.494752250869,442.25720227989865
101,3,457.38326663384316,604.583225809319
101,4,597.5532551336626,469.90129565371785
101,6,1373.7565758608985,553.9145349225548
101,8,513.5524609436552,381.57625796670976
101,9,351.245900712402,262.90361650481486
102,1,1467.978594626025,863.7789096719708
102,2,1035.7331167585935,440.5494767765519
102,3,458.33376508671273,605.7598564974893
102,4,594.5824894658097,461.1688597227374
102,6,1373.435845261676,553.802087859292
102,8,515.696894676677,372.11093091937147
102,9,357.77207203316675,262.75885767864384
103,1,1468.076475620914,863.7873714916009
103,2,1034.3496770852544,440.1306449045742
103,3,458.7851896615945,608.1252431644292
103,4,594.1960208629275,460.9789782152754
103,6,1372.91699270606,555.3936612716448
103,8,522.3986474205492,367.7293019110602
103,9,363.73740265555574,247.19819537036173
104,1,1468.127523086771,863.7690527369945
104,2,1032.7181257277819,440.1553321309231
104,3,460.69775877037887,608.9250064765477
104,4,590.3896095940083,457.62707243561607
104,6,1371.5096935089748,560.8468835674258
104,8,527.5514424463652,356.7003686543894
104,9,381.99034714504893,232.3784875003079
105,1,1468.1300653946853,863.7909470570194
105,2,1032.1574573395958,440.23750730313077
105,3,461.54184441490816,607.7239308788971
105,4,588.0315062611692,454.6557495067494
105,6,1370.1728767634686,566.1329497479319
105,8,532.7928958724196,342.94307597575954
105,9,396.4051725866817,224.5626152671885
106,1,1468.1415832604962,863.77819807196
106,2,1030.8873516913661,439.479514438213
106,3,463.00585186550404,608.9352932302471
106,4,589.1366337247632,454.4705004205822
106,6,1368.7760181453025,569.7519030617756
106,8,544.9793420686634,336.324877211961
106,9,406.1219010311931,223.93371285554673
107,1,1468.132282163089,863.7795085613307
107,2,1030.0196431258757,435.43153752067775
107,3,463.61459147987654,609.4426932653046
107,4,589.1862191268912,452.5160305007914
107,6,1368.1525955904438,569.5476976510666
107,8,549.2715994925854,324.6347207154478
107,9,414.2548136613479,221.85183743233665
108,1,1468.1184391303582,863.7925851520919
108,2,1029.0465781853225,436.91072766113837
108,3,463.37451487931344,608.0926890745476
108,4,589.283427835295,457.18126915586726
108,6,1366.350340942429,572.7458175517835
108,8,554.9162843222423,322.16794344936545
108,9,420.334412624478,222.24382215423796
109,1,1468.111572043317,863.8046786577161
109,2,1027.5000887367496,439.6109637546004
109,3,468.1233152035435,608.6326476640775
109,4,586.3587059414668,463.5212443304287
109,6,1364.1318552386388,577.1946439022955
109,8,561.6652544259575,313.70085691805065
109,9,439.4886909445806,220.01914890097743
110,1,1468.5366398044125,862.7092166935516
110,2,1025.7082729270046,443.6667560600653
110,3,463.75194357340627,606.4575584596407
110,4,580.0179864977299,467.6724139293736
110,6,1362.328115169469,578.8948096433453
110,8,574.3386217803168,307.9139489524399
110,9,444.77090639069206,215.66359781967233
111,1,1468.304832592106,863.3211203641529
111,2,1024.4311361975192,448.09856288000753
111,3,461.96207383870615,605.6758794388595
111,4,583.8710949580031,473.2868033065815
111,6,1360.9270847286027,579.559283554607
111,8,579.7423080550914,299.8497665268678
111,9,461.11626942395867,208.0194630471656
112,1,1468.2026400148789,863.5915495981351
112,2,1022.8324797885209,449.99074079857496
112,3,461.41889585018396,602.0965232478968
112,4,581.6458101045226,476.0032095990889
112,6,1359.7640778306547,581.4194784009514
112,8,584.3585549114642,288.16818320156966
112,9,466.6053157309829,204.1103195972612
113,1,1468.2758061853262,863.6925253084733
113,2,1023.6224472305996,448.6211955232455
113,3,460.79065050568477,597.4991556561703
113,4,578.6010880317151,477.4220974688171
113,6,1359.2575817852337,580.5700037167094
113,8,590.9097673873971,289.465111963278
113,9,473.60433238015645,206.05298895146447
114,1,1468.1785715265512,863.7507336328879
114,2,1023.8734914323175,449.96567235378046
114,3,457.35635092600415,587.6917920418736
114,4,565.9402149877712,482.5196599357659
114,6,1358.8327016405499,580.2038459987579
114,8,593.9205622045022,287.5820704140379
115,1,1468.1482340554094,863.7438813144737
115,2,1022.7927211595096,450.5909599218882
115,3,453.99394286779466,575.5604561844858
115,4,558.8733964786437,482.80989497573336
115,6,1357.5548339931095,581.6871857949099
115,8,598.8618743616562,291.3032708756334
115,9,492.2000353085365,179.38138332604066
116,1,1468.040940752863,863.725617140102
116,2,1021.8515816557101,450.85611603778847
116,3,452.8421617926353,563.8691297757018
116,4,546.9239661363576,481.3475168564992
116,6,1355.6895718580772,583.8835518504904
116,8,604.8375627698708,288.5506281277026
116,9,509.62776686179745,182.86409553098713
117,1,1467.9875665107443,863.7442647473684
117,2,1020.371143065933,451.1365905273231
117,3,449.54687184399694,557.9371327082843
117,4,535.4672270540897,483.7148096201508
117,6,1354.5176641274736,584.7507144016928
117,8,611.7290413434315,285.79288325735354
117,9,517.0742866193027,176.00360926931103
118,1,1467.9552314873222,863.7710747197265
118,2,1019.28090033231,451.31748179393503
118,3,447.21206573135527,550.5338012914353
118,4,529.9193346964411,483.84582556390023
118,6,1353.582978040845,585.1408280947473
118,8,618.9987793452278,282.9753416676881
118,9,521.9593919050029,178.66111477469366
119,1,1467.9438252024877,863.7949350964005
119,2,1017.7102686590705,453.45469770103466
119,3,446.9974328167291,544.1051864998497
119,4,526.6703143965217,487.91371375343147
119,6,1352.5068628375345,585.3641838829078
119,8,626.7060668248179,277.6958403416228
119,9,528.0014103816162,175.06242423410453
120,1,1467.9438252024877,863.7949350964005
120,2,1016.0889919211644,452.50594244690205
120,3,450.3163455249637,546.9076897067811
120,4,526.0693379046982,497.90327020065047
120,6,1351.6360720316716,585.4728549619946
120,8,633.330083579961,272.8329947459507
120,9,540.7962656195241,179.05617660842407
121,1,1468.0346207618322,863.7932686826045
121,2,1013.7730996232544,454.2852020564062
121,3,453.7659375914993,549.6785829454308
121,4,526.4451352444203,510.0619615754502
121,6,1350.436773308661,587.1413087851865
121,8,637.1332961331956,273.33125450221286
121,9,551.942124236697,179.65873546288032
122,1,1468.0948601526482,863.7625282698513
122,2,1012.4229663311146,453.0852234886189
122,3,456.33316770637947,561.8315135344044
122,4,525.6659626293205,521.3942127284678
122,6,1349.1317349915325,586.3104090070427
122,8,641.5032847060323,268.3265619747489
122,9,560.8479726948344,181.89583584948207
123,1,1468.1273060242074,863.7468300028733
123,2,1011.9355710993035,452.6053757920349
123,3,466.5414163466197,565.1579147964788
123,4,521.7137951795543,524.3382640854812
123,6,1347.6639294240706,586.0971757882065
123,8,648.7854014640989,266.9103228401369
123,9,568.863802551653,180.78091558147605
124,1,1468.138715844582,863.7229682813091
124,2,1011.1759719880602,454.36922571807054
124,3,469.85157456226653,572.0208818379215
124,4,515.7987013268781,527.8152731288176
124,6,1345.3265794666065,586.2133977767262
124,8,655.3688799801441,267.07989405876464
124,9,576.7763842062795,178.22795914071918
125,1,1468.1339566122358,863.712511485835
125,2,1010.9663409885687,453.12897779163893
125,3,473.6966065456464,579.6179663445844
125,4,510.16764419769123,533.2308377060313
125,6,1342.6966969423488,586.5079096899849
125,8,659.6180189733012,266.993947103556
125,9,584.6943048230664,179.21664997183026
126,1,1468.1155707064358,863.7373565134146
126,2,1010.4852979475223,447.99010601013146
126,3,474.5653877105919,582.4110799695515
126,4,508.3121634949724,547.9706579224405
126,6,1339.695498615485,586.9070529467486
126,8,662.9998417421014,266.79064391678247
126,9,593.1248839697471,188.12067189272608
127,1,1468.097076663794,863.7510892169157
127,2,1008.5911127368554,448.16098823927626
127,3,475.317161835478,583.3120436801656
127,4,502.7227762497533,555.9292767242418
127,6,1335.8095196449424,587.4509134740701
127,8,672.6778821975802,265.5106906079927
127,9,596.0376372524381,176.93570732540894
128,1,1468.111028673651,863.7491234261914
128,2,1006.2795886449068,445.65823230839226
128,3,471.3298687077815,586.0295066613447
128,4,501.4663442772643,573.0149598094162
128,6,1330.871658434176,586.6139395220383
128,8,679.3052126988808,263.45257972363163
128,9,603.3500954026131,182.50281334109036
129,1,1468.008823632693,863.7746505116828
129,2,1001.1560305252377,429.9258227167684
129,3,464.7408341922582,585.9428847829141
129,4,500.48287594015375,584.5400180815853
129,6,1325.460776947546,588.3489571122107
129,8,684.5484944921823,269.7754569965658
129,9,609.9821193370556,181.29527752185825
130,1,1468.071716051559,863.7769157439549
130,2,996.3081055232989,428.3223743494426
130,3,458.88559610871295,586.3814000633713
130,4,499.22328806119026,588.8094079051587
130,6,1320.4427452859115,589.4306647351342
130,8,687.6210869988747,263.3902102424673
130,9,615.9510316268014,178.95309374922525
131,1,1468.1274145564596,863.7579414693171
131,2,989.5602331841277,412.71295401198614
131,3,457.37429059258983,584.6210758700706
131,4,501.7214691649655,589.7180086795238
131,6,1315.8763382529576,590.1918398658312
131,8,688.5204302872892,256.07900007820797
131,9,620.5128813268551,177.75497171014544
132,1,1468.1364989191402,863.734407796733
132,2,983.470623999099,411.3767256161672
132,3,455.75334046091467,584.0638969450375
132,4,498.2258068058329,592.2009605688909
132,6,1312.1370937655477,590.7315414617069
132,8,686.7575413267758,251.16751079876312
132,9,626.3439828103557,179.28664713445238
133,1,1468.1574271420343,863.7314590786157
133,2,979.5828503062688,411.2553977427291
133,3,451.9417831010599,582.533117282195
133,4,496.47420425634596,594.7753114320182
133,6,1309.4924577341292,591.1302641721402
133,8,686.2624844413992,241.8462688681678
133,9,630.1069355849551,179.712824339624
134,1,1468.2597430450921,863.717043102708
134,2,977.1412532567806,407.4911532647964
134,3,449.38958009535554,582.0892251174259
134,4,494.3367254312009,592.240502162996
134,6,1307.8616522631012,589.833195429039
134,8,689.6617236405095,231.51233298419976
134,9,632.8139966545529,176.9297465010969
135,1,1468.28299669339,863.7137667397616
135,2,974.0057476663633,400.4864030969515
135,3,448.4521116499758,583.7184971988634
135,4,494.1154021173271,592.7608111433865
135,6,1305.8034221245418,589.5676542462187
135,8,694.4292665105932,229.83653056581431
135,9,636.7961836661813,174.06994439202768
136,1,1468.283210973197,863.7359903043805
136,2,970.5828076467039,398.33600378663533
136,3,448.66836705310567,586.0098746947122
136,4,494.10180932372134,592.8213393772227
136,6,1303.9269728071092,588.1139596807039
136,8,696.6647109120507,229.33210596018574
136,9,642.5739646177952,175.07077468658082
137,1,1468.2786675043337,863.7477570418758
137,2,965.959442376687,396.1266591743486
137,3,447.7219137142237,588.7805658041276
137,4,492.6122400644517,591.1823534497348
137,6,1302.1167752485194,586.1841956694635
137,8,697.1159021326581,228.01729864157699
137,9,649.0318312681422,173.46688966578066
138,1,1468.2740168989446,863.7484122951499
138,2,960.8503784346033,394.9394678157142
138,3,445.75832578903555,588.2760374255482
138,4,491.55587082595235,590.5144032262406
138,6,1298.5744110832804,584.3437264785429
138,8,697.9555794815886,228.8556252513576
138,9,651.7956754328192,171.45211263225212
139,1,1468.269473553941,863.7601788143526
139,2,957.1831777504166,394.88535263950484
139,3,445.0695699192095,591.5748036028181
139,4,488.5354627972618,590.5629192246573
139,6,1295.035833997184,577.8426121035808
139,8,698.1188941147732,229.31282358995355
139,9,653.5187252090633,167.92639308072015
140,1,1468.2809928072168,863.7474294152123
140,2,954.1310632438737,395.26614138852386
140,3,443.224602416495,591.2918989545444
140,4,485.8762037703179,588.9894712735663
140,6,1291.9126151096489,570.972913719105
140,8,698.438842269659,232.0651155244397
140,9,655.0991126191415,169.14182236750943
141,1,1468.2557366306135,863.7843664511067
141,2,951.3040133747363,393.7376568684256
141,3,442.0181868857727,592.9649233909767
141,4,483.3106431907761,586.7677986221311
141,6,1287.1719253474805,567.4088714843665
141,8,697.6195436900557,232.07468664329318
141,9,656.391688879223,170.91195818378569
142,1,1468.255629249804,863.7732556020057
142,2,949.1680778237663,394.4414428572737
142,3,439.42475522239215,590.3658783309161
142,4,480.8433583717071,582.5853024540704
142,6,1280.6538482179858,566.7831386128195
142,8,696.0848921096624,228.5118975437602
142,9,656.71780359198,171.5269852456833
143,1,1468.1622943021903,863.7530270363185
143,2,947.8742191628729,394.83796930714715
143,3,437.92022621942124,589.3993305714511
143,4,476.2785422887188,574.3317199152441
143,6,1273.514049432227,565.6962996981187
143,8,695.4245584577028,227.1919203095349
143,9,657.2900046469722,171.68231765334363
144,1,1468.1295228471063,863.7353907024528
144,2,945.7370743373722,393.25099047964915
144,3,430.780618815587,579.3298856489895
144,4,472.47283920132855,566.0533474780543
144,6,1266.1484892381407,566.0542393142968
144,8,695.1552756959895,231.73688926350357
144,9,657.6119215446352,169.03614071457335
145,1,1468.1155707064358,863.7373565134145
145,2,943.2294126092394,386.85164925102384
145,3,427.04409502729146,579.2336080241753
145,4,467.87772892048656,559.7774474978025
145,6,1258.9551316941686,566.9003759650166
145,8,694.8295759389817,232.32253195897385
145,9,656.770863328236,162.7913880819679
146,1,1468.1062692818377,863.7386670537012
146,2,940.5548590421795,379.5403385791421
146,3,420.1569950811453,578.2507478100665
146,4,465.1249749963063,557.6262139869632
146,6,1250.6819845016626,566.5557500060605
146,8,695.1488505825769,231.28547879149295
146,9,654.877401193594,151.07652549273593
147,1,1467.9993030436362,863.7537382466124
147,2,936.6619030815561,377.31296489738565
147,3,414.2422818337641,578.390168887137
147,4,462.01229792518,559.0421666606967
147,6,1243.5285446091898,563.8929166641252
147,8,693.7172882852057,224.83157072824628
147,9,652.9593558125359,144.1041486532114
148,1,1467.961987445296,863.7478687572924
148,2,932.3189676838914,378.04691743882654
148,3,409.3726313593127,575.2692049071836
148,4,459.80917929210227,559.793169547048
148,6,1236.778859398314,565.1016432187782
148,8,692.1230279102665,220.01813816650966
148,9,652.3975256067758,138.71700680359038
149,1,1468.3478178615837,862.7023890406699
149,2,928.4256543442392,378.7846658176431
149,3,405.472309299924,574.4429316628608
149,4,455.80100895298233,558.8048999390103
149,6,1232.6898312922235,564.285033227894
149,8,687.733548093602,211.1587662459608
149,9,651.691242118702,134.0745013455009
150,1,1468.4772007098748,862.3385657253368
150,2,924.6072940325755,375.34241254246433
150,3,400.7961363147282,574.6399099635479
150,4,452.1699133676277,556.9793704851946
150,6,1230.2353458959126,562.6034129957771
150,8,682.5099900554889,201.92538617532466
150,9,649.5874814520818,129.9356314669054
151,1,1468.527258665336,862.2088362524009
151,2,922.2053018750358,377.4555994052076
151,3,393.66535194025016,573.7752246816713
151,4,449.2271736025429,554.7586572844773
151,6,1228.4696760618265,560.5657067457954
151,8,678.7786820516559,190.98206035227255
151,9,649.2015483646808,127.06502543019823
152,1,1468.561971055441,862.1816375202411
152,2,919.0826086774346,379.7650601887545
152,3,387.8842558853954,574.0105476936606
152,4,445.46446250080885,550.7273573921441
152,6,1226.5074361134693,556.8745664589364
152,8,676.1957786197625,183.19152247752214
152,9,647.4530656902019,125.02416857017819
153,1,1468.5759400860595,862.1796690869635
153,2,916.8868432890764,382.95989861392354
153,3,383.699928122306,576.2455447178477
153,4,443.61879130463944,551.2456198562398
153,6,1224.6809164035315,554.1038461360158
153,8,674.7393081497928,176.51439905481644
153,9,646.9777459979364,125.75942595159873
154,1,1468.5944609857197,862.1659052891772
154,2,915.0917669602685,387.479065666319
154,3,379.94964942898304,575.6775259865998
154,4,441.9382372604832,551.6569200558226
154,6,1221.338360287861,551.886497345553
154,8,673.3745913367648,172.93831923152507
154,9,647.4381221474895,130.29135125874893
155,1,1468.5921327917788,862.1662333648165
155,2,914.5043268469755,389.18771260672116
155,3,378.05398505977644,575.5280315541486
155,4,438.0969793113208,552.3221948703036
155,6,1217.6258865621387,548.2179361921759
155,8,671.5657790600328,171.94673189556252
155,9,645.3444636961586,126.79526178001956
156,1,1468.494243380298,862.1688732463251
156,2,915.5077748090233,387.55690358109547
156,3,375.865298932453,575.7056097790633
156,4,437.8206286444968,552.4453293784971
156,6,1212.686169575457,547.417299190374
156,8,670.0722047749697,170.51435319054082
156,9,644.8965712911046,132.52845445923785
157,1,1468.5453590951336,862.1505159732214
157,2,917.1121991638818,385.7188613705246
157,3,373.95783803871643,574.0929008332688
157,4,436.69022298655693,548.9429253517153
157,6,1206.90678313159,544.4967594204886
157,8,668.8622571868259,170.18359997568882
157,9,644.5064208698847,133.30902398785304
158,1,1468.4962555014486,862.1351261234875
158,2,920.2249799417021,385.72456776936895
158,3,370.5050673815715,570.3109198122528
158,4,434.70066700950485,546.0716290975715
158,6,1198.6494305430406,547.6033264960031
158,8,668.0852676348089,167.581980418368
158,9,643.3236636787992,126.78457302922021
159,1,1468.4774182601311,862.1154705168634
159,2,923.20640709332,384.4022581161718
159,3,367.6795015119975,569.1057610814305
159,4,434.06902648616375,544.995998601639
159,6,1192.193954995867,549.3273909400605
159,8,667.3752631211414,168.1121037400544
159,9,642.4428115848682,121.53676373128256
160,1,1468.4840867696614,862.0810642450377
160,2,925.5311577956402,382.6870583548679
160,3,363.9939258169106,569.0908308219939
160,4,435.14061818633195,542.6027847384676
160,6,1186.4908993233369,547.2559715099928
160,8,667.5305576469049,171.0170969927371
160,9,639.8098847640584,118.5334215265066
161,1,1468.458686057966,862.1069548420259
161,2,927.4899778728034,375.69155891748534
161,3,361.0802170253476,569.3526838663635
161,4,435.6244397971187,539.8698803647924
161,6,1180.5567308097654,547.1053741670863
161,8,667.3462244365111,174.9262094294733
161,9,640.6077969814978,124.34933135584068
162,1,1468.054193598024,863.1782659093273
162,2,928.7310692078494,365.55529512937426
162,3,357.910206156677,569.8366702123093
162,4,437.04966513143506,538.7579513313406
162,6,1174.3094162013986,547.7172067325002
162,8,667.5166744602523,177.8393844087708
162,9,640.0226909094266,125.35525353636075
163,1,1467.8861367090415,863.6138851415711
163,2,932.2332763087337,363.54289073746475
163,3,355.87606874847836,572.0195477026932
163,4,438.20268619867954,538.3578907078149
163,6,1168.6773666269573,548.5342407774797
163,8,666.9579796353885,179.15031201176862
163,9,639.3453452752549,127.32183103753519
