1,1,853.1336379361496,990.7480992581256,D_top
1,2,983.947947054956,1019.5788409695066,O_top
1,3,595.7924487125064,450.52745910680585,D_left
1,4,579.0812331587769,1271.503762841826,D_right
1,5,617.6646585013829,1389.7272884796969,O_right
1,6,608.7906483346792,114.87386558146687,O_left
2,1,853.364802586796,990.322209650106,D_top
2,2,983.6929021803692,1019.9200503250768,O_top
2,3,595.4507422368745,453.7487469359074,D_left
2,4,577.6976061353485,1270.914991363877,D_right
2,5,619.3671083470422,1389.3884474852578,O_right
2,6,609.8003909800742,116.3748681290912,O_left
3,1,852.5195561383978,989.481018094049,D_top
3,2,984.5807484312082,1020.367207701278,O_top
3,3,593.9832078780908,454.3036984496255,D_left
3,4,574.9237886885644,1269.727994772011,D_right
3,5,619.6621207762947,1389.3436228229348,O_right
3,6,610.0149034279518,116.6867391417346,O_left
4,1,852.648486423413,988.4495452010842,D_top
4,2,983.5411863162516,1020.756679221548,O_top
4,3,592.0691598799865,456.8686517338549,D_left
4,4,573.7539009623725,1267.4083253856168,D_right
4,5,619.0400947220511,1388.292745253628,O_right
4,6,609.1026655839518,115.36047326301848,O_left
5,1,852.5496664205181,988.5406196157734,D_top
5,2,982.9985931621676,1021.1872062888646,O_top
5,3,591.4853304234236,457.724011331141,D_left
5,4,572.5438664590184,1265.861315180193,D_right
5,5,618.2222877958815,1387.0064886278508,O_right
5,6,609.6931043679177,116.21888844256222,O_left
6,1,853.5608720045519,988.9962158195254,D_top
6,2,982.7075096212862,1023.142051436158,O_top
6,3,591.0473401089993,458.46996840585166,D_left
6,4,572.6217001957931,1264.722725460322,D_right
6,5,617.7371247332575,1385.0139715054383,O_right
6,6,609.2137141385036,114.99438140044803,O_left
7,1,852.9355473518139,988.8289930112192,D_top
7,2,982.8931713728376,1025.0140172241704,O_top
7,3,590.9949018137479,458.6982377895157,D_left
7,4,573.8508284982258,1264.868380797126,D_right
7,5,617.3379280834051,1382.819115292816,O_right
7,6,609.1143757178293,114.65202015444876,O_left
8,1,851.7030636712162,988.398669079848,D_top
8,2,988.3050941121828,1031.324469732751,O_top
8,3,592.7471545637826,460.2930778789223,D_left
8,4,573.4608595546157,1264.1850797576508,D_right
8,5,618.771127223777,1379.6761365371833,O_right
8,6,609.0290624672417,114.97318518820116,O_left
9,1,851.4385915269012,987.9180451289328,D_top
9,2,990.5424096931227,1036.0909640319958,O_top
9,3,593.3669898465598,460.76103268103685,D_left
9,4,573.3186052956132,1263.9764851387845,D_right
9,5,621.5478281759033,1378.696541923665,O_right
9,6,608.9238522008858,114.98508989312948,O_left
10,1,850.337999543166,987.4022249507624,D_top
10,2,996.8603043511628,1041.0035057820244,O_top
10,3,593.7121419614014,460.8653521870466,D_left
10,4,573.2501654346122,1263.940362054573,D_right
10,5,623.2760695459414,1377.2527743687804,O_right
10,6,608.9363814176851,115.1352062151057,O_left
11,1,850.7512186338992,987.9076551815008,D_top
11,2,999.8281809650516,1045.9771835528284,O_top
11,3,593.8318036081224,460.6616717856029,D_left
11,4,573.2435308824342,1263.9509177351554,D_right
11,5,624.2861815987003,1376.2124895439565,O_right
11,6,609.0319858879748,114.79605255286312,O_left
12,1,849.1456383109029,987.0900954705724,D_top
12,2,1004.5094056412576,1052.1316445040038,O_top
12,3,594.6030730850815,461.8370199717767,D_left
12,4,572.655835422223,1264.9584524380648,D_right
12,5,627.0144259477951,1373.9214237399028,O_right
12,6,609.224011600407,114.97638032989644,O_left
13,1,847.1399200490334,985.0194829966276,D_top
13,2,1009.1449188165848,1057.9803161233683,O_top
13,3,594.7491306248937,462.0027341703662,D_left
13,4,572.2102969438162,1265.812285136129,D_right
13,5,629.721717134222,1372.3162935639227,O_right
13,6,609.003317483281,115.01819146250332,O_left
14,1,843.0367990147544,981.8594859150448,D_top
14,2,1009.2461109132372,1068.0051555777848,O_top
14,3,594.7231072824733,462.5991879854549,D_left
14,4,570.4581201891684,1266.4962851206246,D_right
14,5,634.9152927367978,1370.5019119926908,O_right
14,6,609.0438104227331,115.2913913630112,O_left
15,1,839.8368276652611,981.1354630332726,D_top
15,2,1010.9522774132754,1072.757734700943,O_top
15,3,594.7978082359662,462.0579628926797,D_left
15,4,570.591012626465,1267.6636121973052,D_right
15,5,636.791661107467,1369.8797301704276,O_right
15,6,608.9731150925447,114.72692990633182,O_left
16,1,838.8798709347311,980.6059207951544,D_top
16,2,1009.2032282019896,1075.1492485965025,O_top
16,3,593.8804347594004,461.4086841911917,D_left
16,4,570.5050596915191,1268.23538572115,D_right
16,5,640.3162368825826,1368.624720247258,O_right
16,6,608.8546786289719,114.93398130462272,O_left
17,1,839.9495699920208,982.0716894624794,D_top
17,2,1008.28665157614,1077.4024996845003,O_top
17,3,593.4719220516714,460.9975498044232,D_left
17,4,569.8188387652973,1267.368337234898,D_right
17,5,641.9303348557767,1367.635097270559,O_right
17,6,608.7736292995268,114.38734479564832,O_left
18,1,839.8819954764755,983.2245868898452,D_top
18,2,1005.6951175786804,1078.5907955908697,O_top
18,3,593.0824974090158,460.8300697394569,D_left
18,4,565.1611716576032,1264.9354290115934,D_right
18,5,645.1048887009825,1364.7957582069942,O_right
18,6,609.5343946081092,114.94967394149232,O_left
19,1,839.865862495145,982.0722897124048,D_top
19,2,1003.8384563250796,1078.970391832063,O_top
19,3,592.8017090896026,461.30805448887327,D_left
19,4,562.7994578513286,1263.1881616108578,D_right
19,5,645.7455150110635,1362.9156726800836,O_right
19,6,610.0026845681796,115.33421896372066,O_left
20,1,840.4261718187976,982.696566511004,D_top
20,2,997.710380489562,1077.8060550570392,O_top
20,3,592.3672713296017,462.1860074630204,D_left
20,4,558.6678190094099,1256.585443381043,D_right
20,5,647.2646317696982,1360.134022721446,O_right
20,6,610.1687343378493,115.55934399468178,O_left
21,1,839.7763986733794,986.589096395565,D_top
21,2,995.6316275018586,1078.3074027076757,O_top
21,3,591.9414228188953,463.464394157063,D_left
21,4,558.496050184176,1254.4708137176312,D_right
21,5,650.567071923307,1356.743205466424,O_right
21,6,610.4676770277299,115.89544369157105,O_left
22,1,839.8814119937929,995.5705181911932,D_top
22,2,994.7771617686146,1080.0706750922463,O_top
22,3,592.552352730964,465.3268892350162,D_left
22,4,557.1110423871797,1253.9127039087514,D_right
22,5,659.4404420823766,1354.112726830577,O_right
22,6,610.8551652893893,116.59108120602124,O_left
23,1,842.3165348764543,1002.667255919387,D_top
23,2,995.9880641191068,1083.639538271737,O_top
23,3,591.4299972770568,465.85575843941183,D_left
23,4,556.143272721167,1252.3064503109042,D_right
23,5,670.8581023499755,1354.2222273329198,O_right
23,6,610.7891865725697,116.36328396627772,O_left
24,1,841.7517310679465,1007.3767849096624,D_top
24,2,994.983333116896,1091.0495156469185,O_top
24,3,589.4071016851476,466.25627899799576,D_left
24,4,556.4764971781279,1250.420955767932,D_right
24,5,677.1407862752728,1352.399378890754,O_right
24,6,610.5542868400687,116.0873862499552,O_left
25,1,840.5804781718869,1010.674084863513,D_top
25,2,994.8448920421198,1094.749559174984,O_top
25,3,589.3404137937667,467.338553607559,D_left
25,4,556.8071196325524,1247.4069303376332,D_right
25,5,680.2072563413517,1352.2029778966316,O_right
25,6,611.3143468934277,117.16039893114473,O_left
26,1,836.7116186761629,1015.1488126505454,D_top
26,2,993.5482422978076,1097.80822096597,O_top
26,3,590.1591037438884,470.0895935851471,D_left
26,4,560.7479151849298,1242.244088394974,D_right
26,5,682.1624570607479,1350.4021866110045,O_right
26,6,611.4923953021878,117.53472748415288,O_left
27,1,833.738593596939,1017.2631969080315,D_top
27,2,993.1112488901224,1100.1423273577002,O_top
27,3,590.4097615112933,471.317553965274,D_left
27,4,562.0546850072586,1238.572483447252,D_right
27,5,682.603986922831,1348.3090054475767,O_right
27,6,611.5664583193287,117.57663838872772,O_left
28,1,831.4874693062183,1019.7725044927809,D_top
28,2,990.916155552094,1105.4184140640436,O_top
28,3,587.3391429213774,472.9563891935936,D_left
28,4,555.7473276329468,1229.995279362074,D_right
28,5,683.5477955035308,1346.165861997541,O_right
28,6,610.8581860306975,116.41426391158164,O_left
29,1,831.3142900983098,1021.6366661142108,D_top
29,2,989.8773090439628,1107.6732240121858,O_top
29,3,587.7172888285086,479.4752862454561,D_left
29,4,555.3585506235709,1228.233375415968,D_right
29,5,686.1449171795674,1347.022213172473,O_right
29,6,610.6284545647677,116.12939695455071,O_left
30,1,829.1827663350587,1025.6776704363804,D_top
30,2,987.1555397199274,1110.737739068955,O_top
30,3,583.8366010503256,480.84845549498937,D_left
30,4,572.5104731052328,1229.8577171414406,D_right
30,5,684.7583132114338,1345.8054288359417,O_right
30,6,611.4213760454933,117.316137850085,O_left
31,1,827.272960073272,1028.925458473574,D_top
31,2,980.6408325493392,1121.5060624777934,O_top
31,3,591.3894939004134,494.3742202438283,D_left
31,4,587.0113849453787,1230.5747754174718,D_right
31,5,685.3223410040702,1345.3228409566736,O_right
31,6,610.9271792826377,116.46523927147082,O_left
32,1,823.4868752594592,1036.8270007488325,D_top
32,2,975.4358658031204,1128.3513613258071,O_top
32,3,597.6941297568449,509.17996706968233,D_left
32,4,593.0982312120185,1229.959213166783,D_right
32,5,689.017821032705,1341.3796387876848,O_right
32,6,610.7077604380954,116.162413231255,O_left
33,1,824.1100232661361,1042.1694318774043,D_top
33,2,972.2489864537466,1131.315890504255,O_top
33,3,597.9554032301263,516.1671340590416,D_left
33,4,596.8449626795274,1229.3068125725888,D_right
33,5,693.3252343178232,1338.5017175540124,O_right
33,6,611.3987162605034,117.18436565538634,O_left
34,1,826.1213176911592,1044.985698613585,D_top
34,2,970.8714472939162,1133.9522240809515,O_top
34,3,583.9688934013869,506.7029416240132,D_left
34,4,598.2283843700963,1226.6708650689231,D_right
34,5,699.8373188329899,1334.752126365477,O_right
34,6,610.7767703275022,116.21340721265383,O_left
35,1,829.7209085936067,1046.9005875979951,D_top
35,2,969.560317000132,1137.2944434288115,O_top
35,3,572.3465045907604,498.61098881247614,D_left
35,4,601.6276957011385,1225.1058921424824,D_right
35,5,697.7071308035131,1330.0134071982925,O_right
35,6,611.2484388316934,116.9327437482412,O_left
36,1,831.9704745316072,1049.9486685285626,D_top
36,2,966.75703472434,1140.843785713467,O_top
36,3,565.7681295337401,495.4183270910436,D_left
36,4,602.7398914960601,1220.511082014611,D_right
36,5,718.1745561893991,1333.6972950019906,O_right
36,6,610.5431334588053,116.45010937267244,O_left
37,1,826.4590443253061,1051.63057293679,D_top
37,2,963.894888398879,1142.0553010454769,O_top
37,3,563.7419507145185,495.2516584338053,D_left
37,4,604.8388101210164,1217.9709231050613,D_right
37,5,740.1424902693351,1338.218631229953,O_right
37,6,610.1370368072836,115.95821977519329,O_left
38,1,819.0777243733902,1058.635392297061,D_top
38,2,940.6986445942964,1133.7443144088468,O_top
38,3,561.1371629799618,496.3436845284942,D_left
38,4,608.6155751497915,1216.598540582639,D_right
38,5,772.8405965630608,1344.054678557837,O_right
38,6,609.9401230082019,115.78714660664816,O_left
39,1,812.4283301411521,1061.911182183757,D_top
39,2,928.3283024060498,1134.0332245689583,O_top
39,3,560.9100928616376,497.9872214843079,D_left
39,4,609.2570830639468,1213.2640563861685,D_right
39,5,790.7632221523037,1347.221961608661,O_right
39,6,609.9812944887077,115.71518665026396,O_left
40,1,808.2688421507014,1061.813815139203,D_top
40,2,924.7505827362533,1138.6423422222028,O_top
40,3,568.1760958772329,510.79402204253614,D_left
40,4,606.9702341891012,1209.2705741158925,D_right
40,5,805.2542308497144,1338.9729944001751,O_right
40,6,609.8166114932367,116.0030213607405,O_left
41,1,806.3935093123268,1058.6057304537062,D_top
41,2,918.0180930065616,1141.5848824783857,O_top
41,3,563.7938017070048,511.652691641129,D_left
41,4,594.1433206517049,1198.2610552581016,D_right
41,5,815.4748477895799,1326.9267260602242,O_right
41,6,609.702625342531,116.54573912994763,O_left
42,1,799.2527123597562,1054.244556814842,D_top
42,2,905.0917126169734,1153.0912879750726,O_top
42,3,564.3046560290508,518.750564753833,D_left
42,4,626.5883518399145,1201.1241061793642,D_right
42,5,824.9636824734257,1320.1451349826934,O_right
42,6,608.8828488299698,116.2605025543566,O_left
43,1,801.2458866352549,1056.8436642451195,D_top
43,2,903.3525572919584,1152.9082678155144,O_top
43,3,564.100108321298,522.2453216463324,D_left
43,4,645.4535361403885,1202.369493103982,D_right
43,5,831.7594454974837,1317.6503437853792,O_right
43,6,608.6444992500653,116.16138593755208,O_left
44,1,800.804403877318,1061.5068796645344,D_top
44,2,899.1430701330372,1153.9863409567608,O_top
44,3,558.6627088768324,522.3123834325135,D_left
44,4,650.3782387426053,1196.1007339493915,D_right
44,5,840.6435304978281,1310.642581655699,O_right
44,6,608.880125349683,117.63982191336824,O_left
45,1,794.8184202003185,1066.480862703624,D_top
45,2,894.580983399648,1156.1254870798505,O_top
45,3,557.1605585873857,524.8688582449296,D_left
45,4,655.4203389871553,1192.279210537142,D_right
45,5,870.6246249964545,1314.251256307426,O_right
45,6,609.6458173880654,119.04733535458186,O_left
46,1,789.8648603331578,1072.5863156320984,D_top
46,2,887.2958515346858,1158.2667887493787,O_top
46,3,555.8455762628604,527.1067962295903,D_left
46,4,657.6144709306164,1192.193167600744,D_right
46,5,897.0607708747984,1299.3507041158186,O_right
46,6,612.6270869828469,124.94796689523788,O_left
47,1,786.1349241433505,1074.130940059215,D_top
47,2,885.589070330384,1157.6191520212485,O_top
47,3,554.3841865585734,527.5317528459524,D_left
47,4,654.043761659049,1182.765353793658,D_right
47,5,915.2877028161108,1283.4555728716216,O_right
47,6,615.3237767106524,129.41366466129696,O_left
48,1,760.2694868162337,1068.3731770923007,D_top
48,2,881.1564521798337,1151.4390699700232,O_top
48,3,542.2965182083675,520.7859642055486,D_left
48,4,672.6808570838142,1171.6700047452507,D_right
48,5,925.7541047177866,1272.7032528149832,O_right
48,6,617.4432723594886,134.16483451741033,O_left
49,1,744.3419107080615,1060.832727724776,D_top
49,2,879.5220942358712,1149.3406017923353,O_top
49,3,536.2473281662982,518.7391227213552,D_left
49,4,692.3522333659491,1167.3502906359563,D_right
49,5,929.8187992170764,1266.9639026556556,O_right
49,6,620.2098539311498,137.74803928217398,O_left
50,1,735.3915035882352,1065.0889017791685,D_top
50,2,879.8375017170781,1150.34432482618,O_top
50,3,536.3679649894315,522.6208757687618,D_left
50,4,709.5852125580249,1156.0111577220364,D_right
50,5,934.2656217352156,1252.838116432629,O_right
50,6,627.6451070307377,147.9512752361673,O_left
51,1,730.7990677714772,1066.742016226918,D_top
51,2,878.9822616299637,1150.9421525903217,O_top
51,3,527.9364460175858,519.4755762399211,D_left
51,4,729.4255803339327,1151.6556252315463,D_right
51,5,936.49954658769,1238.891754467515,O_right
51,6,634.8066243101656,157.8453815278703,O_left
52,1,709.2161487653166,1052.6317428999662,D_top
52,2,874.7890870732607,1149.6132550455493,O_top
52,3,521.2258415055795,524.3936022401497,D_left
52,4,749.4604390776416,1143.063046893161,D_right
52,5,932.7235970732462,1218.7487520562945,O_right
52,6,639.7094012227135,162.66289750308883,O_left
53,1,704.8989835843344,1051.895511958411,D_top
53,2,842.5270312215766,1124.5868097145983,O_top
53,3,521.7624968141827,532.0220134524511,D_left
53,4,758.9064917900563,1138.598995321231,D_right
53,5,933.0432928309376,1205.0543715415824,O_right
53,6,638.9432258385806,159.1296555729426,O_left
54,1,668.6919554049314,1027.5159797634335,D_top
54,2,830.3768493863863,1113.271932206555,O_top
54,3,515.206144726922,533.8357728285698,D_left
54,4,763.0411538736196,1131.9312337632696,D_right
54,5,935.6471820987324,1193.231007988444,O_right
54,6,645.6430689448613,164.79509520513128,O_left
55,1,659.510384852452,1031.9990190894573,D_top
55,2,831.6883475886374,1114.8127634574766,O_top
55,3,508.8070557061128,534.7608099690948,D_left
55,4,773.5963759173832,1125.9037296963247,D_right
55,5,927.5270483006708,1175.5956545285153,O_right
55,6,647.5015234971673,164.78652285451088,O_left
56,2,819.1466454761354,1103.123335039644,O_top
56,3,508.6423777313964,540.3497607310517,D_left
56,4,775.1168445213336,1116.4629413433613,D_right
56,5,926.5437633119708,1163.8362419557764,O_right
56,6,649.1513217879343,163.5328948413814,O_left
57,2,811.9680714122103,1097.2171179200525,O_top
57,3,508.503286939287,542.1617237800244,D_left
57,5,925.03995383829,1156.924752497494,O_right
57,6,648.749474507125,161.5028825788869,O_left
57,1,673.6475553905655,1048.0556792263344,D_top
58,2,800.2390862745004,1087.6212172027597,O_top
58,3,504.88889216361935,540.6084713647253,D_left
58,5,927.0963314417872,1140.5405676566515,O_right
58,6,651.7349757214834,164.49913820993012,O_left
58,1,676.1351830992368,1047.721873560257,D_top
59,2,801.8217160991534,1088.2520961677533,O_top
59,3,503.4262406343981,540.3808678257019,D_left
59,5,926.4617886777766,1130.8367776582068,O_right
59,6,651.9198900186797,164.6581498626569,O_left
59,1,677.6052073350616,1046.8418703975865,D_top
60,3,503.9714543776372,541.3172550914369,D_left
60,5,916.2397340536066,1110.6115545026614,O_right
60,6,656.2002568997524,172.50889720992444,O_left
60,1,678.2890707094386,1042.3415718021986,D_top
60,4,787.0532733085455,1078.410248448928,D_right
61,3,504.9695272718582,542.9113449567747,D_left
61,5,911.1790098737216,1096.8315709660965,O_right
61,6,659.7109940465195,179.04539515820815,O_left
61,1,675.5779155551464,1038.8941687074555,D_top
61,2,783.7092980447019,1078.6480909020754,O_top
62,3,505.8045281668211,543.2023615032477,D_left
62,5,910.7936786403218,1084.9994019124586,O_right
62,6,662.6778966835386,183.62303528846965,O_left
62,1,672.2054766754945,1039.2030284052971,D_top
62,2,785.5097956527492,1081.9212066685789,O_top
63,3,505.8049980897391,543.4881405475961,D_left
63,5,911.6575193667776,1076.0629626819562,O_right
63,6,663.9926309047382,186.49326079567652,O_left
63,1,671.9063669200447,1040.309130070946,D_top
63,2,786.1262396566648,1083.1279096667672,O_top
63,4,782.9072822379011,1017.9103881800684,D_right
64,3,504.3526128554788,541.3831847463384,D_left
64,5,918.437876037456,1066.2929057609433,O_right
64,6,663.2101467229116,186.7541413682509,O_left
64,1,672.1318681979744,1039.9482099800314,D_top
64,2,784.4798014145132,1082.705100413924,O_top
64,4,788.3835619818641,1005.483190830798,D_right
65,3,504.4830077362847,539.7220006813645,D_left
65,5,922.9258998470548,1058.5200754568932,O_right
65,6,662.7317269998392,187.1124948810053,O_left
65,1,674.8912506743723,1040.6173606533318,D_top
65,2,774.9166664274668,1077.4806335613637,O_top
65,4,781.8084212126181,995.0752224601732,D_right
66,3,505.0849643431218,538.1153599319254,D_left
66,5,928.884605180094,1049.3807371392902,O_right
66,6,662.1591050809117,187.6332196147189,O_left
66,1,661.1862378294217,1023.9925099943204,D_top
66,2,759.1604664628981,1081.0376319878228,O_top
66,4,771.6304019497194,981.6370766194912,D_right
67,3,506.3539909880817,537.6680998611439,D_left
67,5,931.352144909107,1044.243376182639,O_right
67,6,662.3265742037651,188.7442126250508,O_left
67,1,656.504095112326,1016.7995756041112,D_top
67,2,741.652528792276,1082.9722174585,O_top
67,4,765.4834253075975,976.6337490535687,D_right
68,3,507.7272090202732,534.0213832949083,D_left
68,5,929.9208237561328,1039.7159273331515,O_right
68,6,663.3762652188387,194.5335070760201,O_left
68,1,660.117572043791,1020.9328728989286,D_top
68,2,724.9006296286703,1096.0656706931695,O_top
68,4,753.5459593164622,960.8909059611212,D_right
69,3,509.2670891753722,532.8228588089715,D_left
69,5,930.8874993979788,1037.525610859547,O_right
69,6,669.1583340076241,205.32492177927827,O_left
69,1,664.4677630163038,1027.4164815172262,D_top
69,2,731.2076829894467,1111.8431490227324,O_top
69,4,746.9653880687482,954.4805198700348,D_right
70,3,510.3453272648173,529.8249702236474,D_left
70,5,927.524447615128,1021.7522711899636,O_right
70,6,676.0209870645401,217.01879451688225,O_left
70,1,673.0120401066104,1042.4525954498467,D_top
70,2,721.5835133721481,1123.387883111017,O_top
70,4,743.7756413390676,951.9511719500944,D_right
71,3,511.01027980665214,523.7821988449159,D_left
71,5,915.1104697085874,990.4833184715228,O_right
71,6,675.0773841524111,215.9294251671388,O_left
71,1,671.6023024008135,1048.3725874652528,D_top
71,2,715.4776791328593,1131.9419182855297,O_top
71,4,743.2644919191199,952.9218105699022,D_right
72,3,511.7558150351954,518.7428777056723,D_left
72,5,912.5952275592126,975.1875382745558,O_right
72,6,683.2323645522221,227.6426701635407,O_left
72,1,664.0399966654304,1052.9777442173568,D_top
72,2,706.385354272787,1144.3322371136055,O_top
72,4,743.6532586166863,950.523344784112,D_right
73,3,512.7403865809531,515.4605007931565,D_left
73,5,910.3161146530384,970.5382966754933,O_right
73,6,685.8812334510318,231.9727917208521,O_left
73,1,656.1870049400159,1055.6456025031875,D_top
73,2,690.6133265903211,1146.5495006006497,O_top
73,4,744.3426546104861,949.267648293302,D_right
74,3,507.2311794798826,507.55150522295713,D_left
74,5,910.4956084225274,962.411247254948,O_right
74,6,685.572394609016,231.61717153008408,O_left
74,1,634.7096978605342,1058.0944950750463,D_top
74,2,678.8071207366397,1148.6496530990514,O_top
74,4,744.1848343102129,947.6610917773846,D_right
75,3,506.00294126565865,504.81128606526215,D_left
75,5,907.5504088060612,955.2639728592834,O_right
75,6,685.1749029558786,231.11781594615536,O_left
75,1,623.8408489192835,1062.7677211487694,D_top
75,2,708.804252914891,1186.3232053773445,O_top
75,4,744.2484199799883,946.9392653486228,D_right
76,3,506.9090145956081,497.6504342034356,D_left
76,5,881.7839831380867,906.1511189201624,O_right
76,6,685.3997208890058,230.5851951756703,O_left
76,1,616.7481162746842,1069.828422462566,D_top
76,2,710.7947128259808,1203.7111210420594,O_top
76,4,744.6003361190592,932.9524853501216,D_right
77,3,507.4854724465249,492.0710590795808,D_left
77,5,868.6265331317684,886.9458334768606,O_right
77,6,682.3850992028531,226.2760850424005,O_left
77,1,610.672971528367,1070.5331993012244,D_top
77,2,712.1791413460255,1213.0080691262972,O_top
77,4,734.9451220535975,922.5126486510428,D_right
78,3,503.8464195699945,487.76703502006205,D_left
78,5,865.0613198410236,866.051901176107,O_right
78,6,681.7824778722559,227.7543566166864,O_left
78,1,609.0850081167663,1072.427805595437,D_top
78,2,713.4834832985964,1215.1915313254583,O_top
78,4,737.5674295119292,891.4528029084794,D_right
79,3,502.091376562568,484.35537095088415,D_left
79,5,860.6598460203105,855.2188265714577,O_right
79,6,681.4958360844576,230.02562537247056,O_left
79,1,607.5174993824711,1074.620772210336,D_top
79,2,714.0664904433892,1217.3748830467136,O_top
79,4,737.0065914183175,882.1727760803867,D_right
80,3,508.107522883448,485.3562273113959,D_left
80,5,857.9481922386836,847.3368218015474,O_right
80,6,680.061509273338,230.8524536947811,O_left
80,1,601.8889101138494,1078.7906352478203,D_top
80,2,716.9426071752079,1221.062255487015,O_top
80,4,736.2458579686937,872.5331297923044,D_right
81,3,518.2572878721564,492.43734721359294,D_left
81,5,830.6259439979593,815.2250720085999,O_right
81,6,680.4149614638228,236.31771750119304,O_left
81,1,596.1107448634447,1081.6842303935466,D_top
81,2,717.3226356392355,1225.421690362049,O_top
81,4,727.4339389700269,863.1520619379195,D_right
82,3,539.9826703086877,511.65300437440266,D_left
82,5,807.5052132370977,788.941083800286,O_right
82,6,683.4085599888297,244.72660702707776,O_left
82,1,584.7779296901634,1085.4233113753353,D_top
82,2,719.7283998264359,1241.283730419351,O_top
82,4,719.3883792947328,844.5371829865376,D_right
83,3,539.2885990292741,509.018412639305,D_left
83,5,796.9513705207406,778.7058533020949,O_right
83,6,684.8213500719327,249.6151458328756,O_left
83,1,581.7944301904192,1089.9855465145918,D_top
83,2,719.7557627349004,1250.279270178892,O_top
83,4,719.360353203755,833.0809139832099,D_right
84,3,517.2710885162016,485.6054006152012,D_left
84,5,789.6574612171687,774.3066711807214,O_right
84,6,682.8871766157654,248.98322059914332,O_left
84,1,576.9374358503735,1093.0848744473292,D_top
84,2,717.8744597787739,1254.7507938238507,O_top
84,4,722.8763693465547,823.645192511158,D_right
85,3,520.6798259906252,487.3997045205113,D_left
85,5,786.6812868821335,771.2939864408162,O_right
85,6,675.9147634466931,240.92257745119255,O_left
85,1,574.9803213556066,1094.2078868520043,D_top
85,2,718.8256518288861,1256.8632739659222,O_top
85,4,725.2887243051879,815.7126974344274,D_right
86,3,519.8467913532367,488.9761906965789,D_left
86,5,735.3934823292757,723.3972233203746,O_right
86,6,660.9717547815652,227.0131420994248,O_left
86,1,573.0196618859837,1094.056632074066,D_top
86,2,732.013129016945,1261.8789322292946,O_top
86,4,708.6638660442459,798.2603554589338,D_right
87,3,520.6369743151982,492.3062320560008,D_left
87,5,711.8524920604134,704.1634283883159,O_right
87,6,649.1129893822966,218.80365677324383,O_left
87,1,572.3110338341577,1094.2639444977326,D_top
87,2,739.2548090817676,1262.9253293958864,O_top
87,4,702.6223633730409,791.5353483460841,D_right
88,3,518.0227162650651,489.905833821661,D_left
88,5,699.2092277587967,697.9725600370864,O_right
88,6,621.9934940086085,203.1894015433841,O_left
88,1,525.2524881998506,1066.8703967233932,D_top
88,2,745.2508777245957,1257.9607321193118,O_top
88,4,669.6663771462904,756.9589583607687,D_right
89,3,519.774828636738,491.1515809069479,D_left
89,5,692.1465488485997,695.2846451323244,O_right
89,6,606.7269740479876,193.85413342871152,O_left
89,1,510.6866746142059,1057.707205919852,D_top
89,2,748.7287380488528,1253.9117752533955,O_top
89,4,653.5413675996599,742.7414394192008,D_right
90,3,515.8657357377217,490.0809520420335,D_left
90,5,678.6649396294712,690.1132238635413,O_right
90,6,570.1985188066583,155.069843659265,O_left
90,1,511.7995961876735,1053.0206001409122,D_top
90,2,760.600022914736,1238.9106055253587,O_top
90,4,641.2297120297172,732.6870590966057,D_right
91,3,516.4377299403594,495.7066929345191,D_left
91,5,666.0433438370128,688.16775636138,O_right
91,6,558.6803639726439,147.72058361226615,O_left
91,1,507.3656689930564,1047.1033037949828,D_top
91,2,766.256115820067,1229.622694551177,O_top
91,4,634.8120156976572,728.7112891975485,D_right
92,3,503.42775392062816,487.8901984519174,D_left
92,5,625.0477541237,656.4426747151933,O_right
92,6,546.0633173288173,142.09002333255097,O_left
92,1,518.4439949098473,1051.7808212041375,D_top
92,2,772.5835034723798,1221.1497029182165,O_top
92,4,614.0615893937047,711.0076337861691,D_right
93,3,467.8056787513412,460.36655556905583,D_left
93,5,591.9086651065771,626.8858357160228,O_right
93,6,539.1734551475474,140.15320558849118,O_left
93,1,527.1447173403434,1057.634245641526,D_top
93,2,783.5027539345913,1207.909100637046,O_top
93,4,602.252809694375,700.0554750661129,D_right
94,3,403.2887309060356,399.899752078629,D_left
94,5,581.1988878860797,623.2518029391956,O_right
94,6,534.1818628520838,142.23934132656728,O_left
94,1,527.4578863533721,1057.1232357980466,D_top
94,2,782.4000061125087,1191.0296959920818,O_top
94,4,573.1385024780782,679.8729425927938,D_right
95,3,423.8016682504549,426.67704335048063,D_left
95,5,573.147921436963,619.0135083540769,O_right
95,6,524.5116354430174,135.15309090140371,O_left
95,1,528.6679641507966,1055.6158935364117,D_top
95,2,786.0713969564879,1179.4022825676172,O_top
95,4,557.1266090324315,670.788899219797,D_right
96,3,420.9181594042301,432.3976371857814,D_left
96,5,557.4903380526181,609.9625546269253,O_right
96,6,528.2799477169057,146.45991979349307,O_left
96,1,528.3229916614544,1053.5601988752492,D_top
96,2,797.514455211793,1160.910815308686,O_top
96,4,519.8731970914288,652.0282737920437,D_right
97,3,339.23876467366694,354.9367101415067,D_left
97,5,521.4070596509947,581.3350238099042,O_right
97,6,539.4889081634548,163.86252398596707,O_left
97,1,530.7366904121851,1051.7730859454464,D_top
97,2,805.4423330708695,1151.6409462014374,O_top
97,4,492.3227962878945,626.2002672724027,D_right
98,3,263.8230079168946,287.40009421785203,D_left
98,5,505.9917430027191,575.3242455619448,O_right
98,6,546.5439819938437,175.9060023857841,O_left
98,1,535.723591384598,1041.669480848481,D_top
98,2,807.7278446897494,1140.5565529342912,O_top
98,4,467.3280997151538,609.357646618214,D_right
99,3,246.295839682734,271.7220006856818,D_left
99,5,496.6724241044368,570.2392899215677,O_right
99,6,550.3127981631907,181.38262367169065,O_left
99,1,538.0602462219897,1034.7582533027555,D_top
99,2,810.3051805402714,1131.937973633067,O_top
99,4,441.55824643668825,598.0400563974006,D_right
100,3,396.8779078148949,432.7364171803999,D_left
100,5,464.9098532248919,558.4653074332927,O_right
100,6,564.3612584301144,204.97713479295444,O_left
100,1,521.0285545505625,1003.114368345224,D_top
100,2,810.8565719108923,1113.4274405946835,O_top
100,4,450.55363305291087,617.0260387604299,D_right
101,3,416.65755403679896,458.7765037672724,D_left
101,5,444.356460333956,547.7777153741276,O_right
101,6,568.7338183119366,212.37135244659115,O_left
101,1,508.8634069453682,979.635728040666,D_top
101,2,807.7449051243369,1098.897021317821,O_top
101,4,425.1295224998564,602.9944359585644,D_right
102,3,419.6511859151232,464.3305534130594,D_left
102,5,417.9700164558677,538.4372805436886,O_right
102,6,570.4672004728195,219.7353583304416,O_left
102,1,511.9656595214028,968.0668587575008,D_top
102,2,815.4258161411442,1079.6271254003957,O_top
102,4,387.84392477545697,579.9963990321905,D_right
103,3,422.5951748776973,469.411597088953,D_left
103,5,385.1613933597097,516.4498292679307,O_right
103,6,570.6203787744724,221.13729219496844,O_left
103,1,517.7414633300878,965.827560201536,D_top
103,2,824.43863594507,1059.2541051171745,O_top
103,4,362.3402628098583,563.2160792472308,D_right
104,3,426.0478714132856,469.1319573451383,D_left
104,5,376.919589391473,522.7308813190149,O_right
104,6,575.1001515197554,226.1295040039508,O_left
104,1,524.5961183250344,956.171949080458,D_top
104,2,832.0944466254765,1041.445134402474,O_top
104,4,347.7544879849564,563.2556062986359,D_right
105,3,427.6770929485458,465.3091079567293,D_left
105,5,370.1288127087975,525.7828765395524,O_right
105,6,573.3424871838738,224.38262546961528,O_left
105,1,530.5241847848982,945.998425606844,D_top
105,2,828.2724084499047,1024.940448147505,O_top
105,4,345.4153580537708,570.0080997236914,D_right
106,3,429.2424322660501,461.76053203862335,D_left
106,5,367.439214330884,534.9839246072178,O_right
106,6,572.8876206011232,233.1214028130972,O_left
106,1,543.6736876786229,933.6329127388614,D_top
106,2,819.9966513105757,1000.3448963067416,O_top
106,4,336.80892973518274,570.2219954899377,D_right
107,3,429.7500999285806,460.0551586347639,D_left
107,5,360.5469429843817,533.3516940686579,O_right
107,6,567.5836322572528,230.75758755186467,O_left
107,1,552.5987157787205,913.9417485850832,D_top
107,2,815.608212462729,984.9169750777784,O_top
107,4,335.15399741564295,572.1147981502496,D_right
108,3,419.6545255833601,459.68868774952136,D_left
108,5,355.84128003200993,540.5837835992521,O_right
108,6,589.4134105503464,264.88344049132627,O_left
108,1,560.5253962953876,893.0813192123146,D_top
108,2,808.7328484388524,952.1233221857158,O_top
108,4,301.88451083709674,555.3395686439455,D_right
109,3,418.5098046086081,461.3558936740883,D_left
109,5,319.2503039758555,515.9210199402173,O_right
109,6,594.9846647681901,283.1496372751978,O_left
109,1,566.4481645434109,882.083782706842,D_top
109,2,811.3546644221722,938.7586074569582,O_top
109,4,288.1652096177389,549.3320447562954,D_right
110,3,414.8209575272695,454.813820321668,D_left
110,5,302.001114619891,511.2433589019503,O_right
110,6,595.9343515870485,296.7438791253337,O_left
110,1,568.2537970879448,864.9773180416418,D_top
110,2,815.9570951703656,924.1758459515858,O_top
110,4,273.7823917450771,546.2044881470499,D_right
111,3,415.6448046935871,452.8719968656783,D_left
111,5,287.6282488439927,503.2300736617408,O_right
111,6,593.3043551914855,302.20861414578377,O_left
111,1,565.0764347850422,841.4693878529911,D_top
111,2,820.1599148613391,911.1771299082584,O_top
111,4,239.53738518849264,523.0237787114751,D_right
112,3,437.5218846764487,468.1999198706358,D_left
112,5,272.7926621692011,493.4016181512244,O_right
112,6,594.3905932318833,318.152460003193,O_left
112,1,592.6603643619643,843.9584959132076,D_top
112,2,827.5957590468364,901.988931907836,O_top
112,4,241.78910372159268,536.9679921866283,D_right
113,3,456.2928225453601,478.5917296973077,D_left
113,5,256.7665700153929,478.6936046482893,O_right
113,6,588.1404476379026,319.43067959549484,O_left
113,1,601.4064926399643,837.8959986822688,D_top
113,2,827.291547042725,895.303550756931,O_top
113,4,226.9290781467793,523.5540750482278,D_right
114,3,472.8005518926576,486.05912241937455,D_left
114,5,213.15774159148813,421.9029402433538,O_right
114,6,606.7436724308636,362.3776888463089,O_left
114,1,612.9024763521064,826.8658606485532,D_top
114,2,829.7951350860673,891.33271755052,O_top
114,4,240.9374064204398,536.9807427352263,D_right
115,3,480.0020024335308,487.2969950698868,D_left
115,5,208.86579850552192,414.8823783465928,O_right
115,6,611.8796553562481,382.26634189304326,O_left
115,1,620.5952208943918,815.8479703324207,D_top
115,2,829.5450493644947,890.1292842578547,O_top
115,4,250.9472486324132,551.2327564485176,D_right
116,3,490.2973699441132,487.1957057597855,D_left
116,5,200.63372847350533,400.0777653528158,O_right
116,6,613.2817165307221,400.0993032920959,O_left
116,1,624.3957805657138,806.938003015006,D_top
116,2,826.7857637562481,891.8836212975013,O_top
116,4,255.92187854676524,560.4020944584116,D_right
117,3,495.0786614188574,487.2643995969574,D_left
117,5,202.8593414889447,400.07506320563255,O_right
117,6,619.3537791785482,417.6362777668764,O_left
117,1,624.8320650604452,802.1167806645412,D_top
117,2,823.6532586203223,893.9331861754752,O_top
117,4,257.41440500545224,562.4985913483707,D_right
118,3,507.3340099139685,503.55526446703306,D_left
118,5,256.2424944785264,453.4755218299908,O_right
118,6,614.5885559546942,426.9948973909784,O_left
118,1,623.6502437536902,799.2228118581074,D_top
118,2,832.8753286902247,910.9470193214664,O_top
118,4,247.65196777861763,557.8264488874411,D_right
119,3,510.7578146268788,509.1097290474561,D_left
119,5,209.8590053635674,407.4312430321113,O_right
119,6,613.7228913836494,438.5475402516645,O_left
119,1,618.6446898113261,796.382837706356,D_top
119,2,842.0894761676897,924.2703826988518,O_top
119,4,240.70464711005195,554.0540438247795,D_right
120,3,509.0955105780368,511.3777262122538,D_left
120,5,199.42697096356304,394.3872937266596,O_right
120,6,617.7935678358398,478.9912081312472,O_left
120,1,611.8654217572905,798.6879633086302,D_top
120,2,846.3225160885887,932.0836492387162,O_top
120,4,229.4993992315162,551.715908355112,D_right
121,3,495.9132304734085,504.9904626829842,D_left
121,5,187.7343887183529,372.6686112782751,O_right
121,6,614.2425856235856,497.9752869758536,O_left
121,1,611.424190760356,805.8884545260534,D_top
121,2,846.2206339488707,935.7848325740218,O_top
121,4,221.43238440312996,549.8221940299941,D_right
122,3,486.4311453336073,505.1695880362832,D_left
122,5,150.39315876584743,324.7473905790169,O_right
122,6,609.7883637344994,516.0015602146982,O_left
122,1,609.5107919230287,814.7538707771539,D_top
122,2,844.937763765314,937.2631653781544,O_top
122,4,219.35905268247623,554.0937372286907,D_right
123,3,503.931862447018,526.0625975693638,D_left
123,5,131.07447057967926,298.03640666021806,O_right
123,6,609.036457092602,527.9411923529161,O_left
123,1,607.7966612992304,816.645044037241,D_top
123,2,843.441558623645,935.193331699486,O_top
123,4,215.14979163981369,553.8002447404772,D_right
124,3,515.0567307849869,548.1603718428352,D_left
124,5,134.25131969672242,290.24077505434263,O_right
124,6,588.5447569133321,529.3228341885008,O_left
124,1,594.3739051731711,825.9658886765669,D_top
124,2,834.8076355324249,926.6054657257986,O_top
124,4,180.40266138994667,525.0571923031505,D_right
125,3,546.6423943006266,593.4248724945479,D_left
125,5,131.94604986881,280.51435170040384,O_right
125,6,541.9706938734716,521.2018196575616,O_left
125,1,587.3127895579235,837.4030528656324,D_top
125,2,831.130498353945,923.6674629696116,O_top
125,4,169.3188654017452,517.1021320772521,D_right
126,3,508.5487999417129,581.8441745430007,D_left
126,5,44.98129860074605,166.81468759440526,O_right
126,6,579.0951094941864,596.8315233657448,O_left
126,1,577.4945315894868,844.3819274797422,D_top
126,2,832.4520606740562,926.7666259458658,O_top
126,4,156.42915279508532,518.6420945658815,D_right
127,3,495.4942680223954,582.8597196813515,D_left
127,5,23.426388505178178,130.91128552902703,O_right
127,6,582.993458612738,631.3954017416083,O_left
127,1,569.7570141824515,846.0796412500163,D_top
127,2,834.6245578438449,929.5405019831036,O_top
127,4,165.61586934639146,531.7147375012572,D_right
128,5,134.20047184444635,204.68965035490524,O_right
128,6,579.9833487340919,653.7445241519937,O_left
128,1,553.2660900728588,848.6646823068613,D_top
128,2,831.9650126540038,930.0510019641828,O_top
128,4,177.48040769693787,545.3066140429694,D_right
129,5,157.45053867034028,215.7056931945941,O_right
129,6,554.5424048725542,652.2353482973764,O_left
129,1,553.2041358338683,860.4663366849877,D_top
129,2,831.7214391327186,931.0635412303732,O_top
129,4,181.43482112801837,550.689585528084,D_right
130,5,164.2363893620537,199.18765216463893,O_right
130,6,548.5848320431585,687.9773167931777,O_left
130,1,559.806053251552,881.8346200440852,D_top
130,2,829.627443103927,938.8230303552748,O_top
130,4,196.52610327159164,566.7619484892734,D_right
131,5,176.8955071647493,196.31763870112852,O_right
131,6,499.5295341918915,661.9141105232719,O_left
131,1,560.5494130587185,888.394226614499,D_top
131,2,825.731635951357,944.49075694637,O_top
131,4,196.74129043919663,573.6858954210904,D_right
132,5,185.8242079914535,186.8559610109975,O_right
132,6,517.480789260331,706.8859261702605,O_left
132,1,561.1071291387656,893.1532441337878,D_top
132,2,820.6406257122198,945.923609924523,O_top
132,4,226.17543920917012,600.9440002439774,D_right
133,5,104.87500500549471,92.98626899240512,O_right
133,6,489.1012433591411,712.270889089201,O_left
133,1,561.37485838209,894.7704726828745,D_top
133,2,817.7206761309891,944.1699876200552,O_top
133,4,187.55122226431808,577.4218857961671,D_right
134,5,41.19775251294403,15.698695467315549,O_right
134,6,451.6743857405899,725.8763228256611,O_left
134,1,560.1106146948794,894.1769730858955,D_top
134,2,808.115379144243,935.8841271022594,O_top
134,4,190.1480753793151,588.3492289944921,D_right
135,5,155.26990725089448,131.5098778145867,O_right
135,6,438.70467580230905,741.6444873335299,O_left
135,1,558.6121185624345,893.0349983809633,D_top
135,2,800.8709050909891,930.0171164081568,O_top
135,4,195.59798337920165,602.1802943591517,D_right
136,5,183.92984492101755,140.54267211364282,O_right
136,6,436.05263719194346,763.2683271260518,O_left
136,1,556.7820224371994,891.497649535456,D_top
136,2,785.7772104668164,916.7989513845896,O_top
136,4,212.3764985749941,628.3761509132627,D_right
137,5,101.61167005816569,28.48932302912755,O_right
137,6,429.7601161262701,773.2886400515398,O_left
137,1,556.9084823408061,891.3928248020209,D_top
137,2,777.1197028960593,911.8199143953544,O_top
138,5,185.86590801137555,96.2289536183526,O_right
138,6,411.7343767047417,782.8196364336563,O_left
138,1,561.2289080801288,889.3421478485125,D_top
138,2,768.7340650255779,909.6153240510012,O_top
138,4,382.7403262098192,777.3275547445328,D_right
139,5,208.7768646626103,115.33597504704292,O_right
139,6,367.6481575238463,761.915637932438,O_left
139,1,561.8175521164997,890.0240017892887,D_top
139,2,765.679765446901,906.2294644270758,O_top
139,4,404.8645640817891,810.5426541761283,D_right
140,5,232.29381700015293,120.36400182827556,O_right
140,6,352.19397811375444,782.0138373200971,O_left
140,1,558.8495185607943,892.1269772370076,D_top
140,2,762.7637216125366,903.3532507599474,O_top
140,4,389.81131230841805,827.7921680262365,D_right
141,5,244.2634730722145,112.0413469352031,O_right
141,6,312.5761051216839,773.3917280259891,O_left
141,1,558.9913150745907,892.2033466736021,D_top
141,2,751.7098823411058,896.686771354925,O_top
141,4,379.622386892325,844.8407849304813,D_right
141,3,213.6058595569134,652.0928870331724,D_left
142,5,261.61019870897184,115.91994543923512,O_right
142,6,252.0517500784697,753.3159780172493,O_left
142,1,557.8603106046359,891.170722879997,D_top
142,2,741.0567477030014,897.8163496721726,O_top
142,4,371.2959246665049,859.6490340371306,D_right
142,3,203.82361645408213,656.2757884235037,D_left
143,5,272.1419446001614,120.1129413213784,O_right
143,6,286.1926644412292,791.5739198822583,O_left
143,1,557.6396798351745,890.3945906403496,D_top
143,2,737.0392334220525,903.9385159769668,O_top
143,4,369.8196285872413,870.5715586721516,D_right
143,3,203.14499091707717,664.3368280848517,D_left
144,5,280.41699264365974,113.33683439175026,O_right
144,6,198.1936066342529,753.5581189270172,O_left
144,1,557.1332691587384,892.4728894092668,D_top
144,2,730.4054102398992,910.0978538786125,O_top
144,4,360.85786520956543,882.6425740571271,D_right
144,3,194.1611001787257,676.4813405121362,D_left
145,5,294.3591275001597,117.89311874026112,O_right
145,6,266.3795030220113,819.0429861907224,O_left
145,1,551.9228710335476,892.443170413556,D_top
145,2,724.6630972404683,918.091945309718,O_top
145,4,336.12811039222845,877.6919058771822,D_right
145,3,200.9727094793329,690.170723336585,D_left
146,5,304.6795227501581,119.83084188761326,O_right
146,6,243.00463187850644,820.6465481653483,O_left
146,1,548.4720428144758,891.7655392299741,D_top
146,2,713.2051893754248,934.039045075076,O_top
146,4,322.9040703180001,882.7070457651477,D_right
146,3,201.4868888073284,697.7562784350322,D_left
147,5,307.31203557676685,118.2041588530771,O_right
147,6,243.4458513125943,833.5261162244627,O_left
147,1,549.8143988902444,896.2343351248687,D_top
147,2,701.1572542512822,955.0236948612076,O_top
147,4,304.6079334835423,886.2523083593761,D_right
147,3,206.48562525128136,705.0834213813646,D_left
148,5,309.248078970579,108.97517873418936,O_right
148,6,243.9134998967789,853.7068991926056,O_left
148,1,543.0544899633095,905.5122778190396,D_top
148,2,694.0934770725686,976.9932668842594,O_top
148,4,283.69586579990414,896.2787592232326,D_right
148,3,216.053140641978,709.9164180578362,D_left
149,5,311.4351536998224,104.9774914731644,O_right
149,6,250.932298364964,868.2462014156022,O_left
149,1,549.3665285045191,920.081438666538,D_top
149,2,685.9529008980305,987.067639950345,O_top
149,4,267.71110416299393,900.0907688716723,D_right
149,3,208.03498789482887,706.8866591086933,D_left
150,5,318.1841059746779,98.7958993730018,O_right
150,6,251.64382428539813,887.0522889182585,O_left
150,1,545.9695862933382,926.0827420675198,D_top
150,2,670.5092599674816,993.9595866369914,O_top
150,4,264.9621278605548,914.110462638129,D_right
150,3,231.36840991594227,717.3026798475761,D_left
151,5,325.12494051296085,101.53722108826808,O_right
151,6,251.51431971962143,895.5042366664591,O_left
151,1,529.6745263322938,921.4374494758564,D_top
151,2,667.3965671569971,1007.0483004441564,O_top
151,4,273.06110685260484,936.9361577825022,D_right
151,3,236.489324603088,721.2796197824806,D_left
152,5,338.8143867594176,108.17545555330176,O_right
152,6,242.58117806754765,894.2791262508721,O_left
152,1,502.4193746929025,912.677243608274,D_top
152,2,664.536832475038,1029.1476861251338,O_top
152,4,283.26311804303884,965.0238973307924,D_right
152,3,253.12373870893057,716.113509853363,D_left
153,5,347.20317034847733,111.4986594072746,O_right
153,6,235.70701010706765,891.2842226095074,O_left
153,1,497.12716037940993,915.4610902001996,D_top
153,2,665.2992703739403,1041.7596212473138,O_top
153,4,284.1820169069453,980.0404046820364,D_right
153,3,252.80541502623984,708.7050269806238,D_left
154,5,355.03739209393046,113.27714903221222,O_right
154,6,234.04767662405527,894.9006798407406,O_left
154,1,526.9031421480076,951.349109668322,D_top
154,2,670.6622499727181,1052.2858756139942,O_top
154,4,283.9269467999672,991.9889316406412,D_right
154,3,260.39877011621445,701.3825890486627,D_left
155,5,361.303613104505,116.92135258585644,O_right
155,6,231.09030517514725,896.1282850921759,O_left
155,1,524.7518108711118,965.6879429720728,D_top
155,2,669.6183355027496,1054.2656846735383,O_top
155,4,288.1698871835832,1006.0915915056032,D_right
155,3,247.7585842668629,693.4136370338753,D_left
156,5,366.58909037843824,122.4542349086682,O_right
156,6,233.64408855810652,907.9389929587626,O_left
156,1,519.6098464739159,975.466316276522,D_top
156,2,654.0064522835877,1046.755154663977,O_top
156,4,287.637051905564,1024.2709698263989,D_right
156,3,244.31678025512355,687.2499806568701,D_left
157,5,370.4478141559459,126.6166486577886,O_right
157,6,233.9077474910844,913.6875110695366,O_left
157,1,517.8649602036148,981.5705186138556,D_top
157,2,649.3825231345473,1048.7309246272116,O_top
157,4,291.4263341781852,1035.0325824947788,D_right
157,3,248.3980895980486,685.3464101109616,D_left
158,5,373.7094791246446,124.77481433452591,O_right
158,6,241.36459295855445,926.9812763342592,O_left
158,1,514.7259770426617,981.984975216885,D_top
158,2,643.9420242403642,1053.2044479177848,O_top
158,4,287.90947505676746,1050.8106174277038,D_right
158,3,254.62274268227824,678.819441594174,D_left
159,5,376.64544222687465,123.0901966218682,O_right
159,6,247.12720371235568,935.2015470233318,O_left
159,1,518.6849601636695,985.1557135230852,D_top
159,2,641.3534294499144,1055.669114536939,O_top
159,4,284.6401658088897,1061.0979923906705,D_right
159,3,255.5819483556517,673.4020267619653,D_left
160,5,385.3553326868467,120.3036105549573,O_right
160,6,254.09561432990387,942.2797135394316,O_left
160,1,520.1643620561399,987.6378804824768,D_top
160,2,640.7860650894166,1058.350447054282,O_top
160,4,285.5310859050942,1075.4896962139994,D_right
160,3,259.1424170619579,662.5498314758324,D_left
161,5,391.06418546880377,117.6029608266724,O_right
161,6,256.2600959626022,945.4712260490878,O_left
161,1,521.6187051766269,991.438463430806,D_top
161,2,638.8627180320658,1057.4105123991533,O_top
161,4,277.4321533597239,1083.604872906276,D_right
161,3,266.8060701938639,659.9620710277336,D_left
162,5,393.4950978619416,106.45442233993626,O_right
162,6,254.4386967051192,948.8774120634232,O_left
162,1,536.4768419132458,1001.1660181950184,D_top
162,2,638.0665213493207,1057.1548522000437,O_top
162,4,272.20349884311736,1097.131243245207,D_right
162,3,269.66745431969485,656.1230663008308,D_left
163,5,401.7594838780508,107.15047584660329,O_right
163,6,252.63784821940536,949.8578606317182,O_left
163,1,554.55746874754,1012.4346719051164,D_top
163,2,637.5680609124175,1055.2048482114744,O_top
163,4,275.0942100369702,1108.1843751144672,D_right
163,3,276.9387624061499,656.6921585315237,D_left
164,5,388.1528961429066,65.86277654779909,O_right
164,6,251.6810269679933,952.62497330813,O_left
164,1,563.1805062320863,1010.4215439654242,D_top
164,2,647.3927391792375,1047.9876842649246,O_top
164,4,285.43181090049416,1128.2640771409674,D_right
164,3,281.66895873262,655.7784319261473,D_left
165,5,423.2971416133225,97.36059609710873,O_right
165,6,251.46760360808787,953.4128701982158,O_left
165,1,562.543937440156,1009.877519603516,D_top
165,2,645.4915643967049,1028.3567705465634,O_top
165,4,287.1912869152579,1138.9799170454585,D_right
165,3,286.02677880938774,650.6499583831761,D_left
166,5,454.5240381621257,127.40419326166852,O_right
166,6,250.4765396145091,955.253841726378,O_left
166,1,563.943999521189,1009.5489203906282,D_top
166,2,652.0083952209465,1006.3846244386764,O_top
166,4,288.3627190227731,1152.049282659561,D_right
166,3,289.2634152829212,635.9161969259744,D_left
167,5,475.12190244021946,144.65571582993618,O_right
167,6,250.84669099968585,956.1635512609918,O_left
167,1,566.1659822127411,1008.899022060262,D_top
167,2,655.0545622240331,997.1484057584272,O_top
167,4,285.41792894855195,1160.3395339153672,D_right
167,3,289.111078955641,622.1491645514872,D_left
168,5,498.3515985234082,165.87953961567243,O_right
168,6,262.36217233588667,964.2450586482784,O_left
168,1,562.2378222727276,1002.6232032286276,D_top
168,2,661.5528153719818,987.935223479756,O_top
168,4,273.54721838868306,1171.0906347397763,D_right
168,3,294.7630931598839,607.4562061889712,D_left
169,5,505.7839620987468,170.81025458688669,O_right
169,6,266.9958638119305,967.8479302508508,O_left
169,1,545.747645767001,971.4270853554926,D_top
169,2,661.901093988374,980.173077083664,O_top
169,4,267.38775298756525,1178.6331671009411,D_right
169,3,311.89257316807584,609.5103620380728,D_left
170,5,507.3601100202601,171.1423934413007,O_right
170,6,270.5815674078309,970.0364211666952,O_left
170,1,537.8373344162603,954.7710655610514,D_top
170,2,635.2983658470487,945.837581627599,O_top
170,4,274.90847340138,1195.2432401487397,D_right
170,3,328.2344452754466,607.6608526678978,D_left
171,5,507.4276665714028,171.02309469703567,O_right
171,6,270.97387051028045,970.1817602814988,O_left
171,1,537.3166505512047,944.7052458980256,D_top
171,2,625.0422432504083,926.0704757964728,O_top
171,4,283.28930341361746,1208.2524258794078,D_right
171,3,338.91711925411585,604.10403209934,D_left
172,5,508.438971567778,173.99221440373566,O_right
172,6,270.45898511659755,969.1577971579526,O_left
172,1,536.0004437610967,935.338259230514,D_top
172,2,622.0238657253631,912.2505340699222,O_top
172,4,285.2939087621143,1219.6393355883918,D_right
172,3,346.43092283501005,589.0226363441112,D_left
173,5,508.40829560355,174.776646060246,O_right
173,6,269.7380835611557,969.4368006535448,O_left
173,1,534.6379944096534,928.7322956944572,D_top
173,2,621.4116967445024,904.0046352257716,O_top
173,4,282.0831069890857,1225.431398533767,D_right
173,3,348.3725032133453,582.186597202216,D_left
174,5,507.73375298754985,175.96728691895947,O_right
174,6,270.99566355354415,970.823758009212,O_left
174,1,534.2072764368633,918.7568875958088,D_top
174,2,589.674465999505,875.9160363812967,O_top
174,4,283.82602512921443,1236.8576241989315,D_right
174,3,356.82587200829045,583.1328959805405,D_left
175,5,505.6266529822728,173.65418460580298,O_right
175,6,274.4187015066708,972.1595436297024,O_left
175,1,528.4661795691352,907.333231133708,D_top
175,2,578.1571042156485,860.6146018940352,O_top
175,4,290.9370604779121,1247.5641796213035,D_right
175,3,359.1107048030332,575.0713876739625,D_left
176,5,502.8553879769224,170.47284054171752,O_right
176,6,276.7114288533129,973.10465567355,O_left
176,1,495.9324840940752,873.75192227832,D_top
176,2,561.7894839079778,841.0127108040134,O_top
176,4,304.6121836347954,1264.0356450757215,D_right
176,3,351.0540692483583,548.1269995582661,D_left
177,5,499.7403031430274,166.7557954555604,O_right
177,6,275.639305260555,972.3722088017556,O_left
177,1,480.3724125761728,845.240752444802,D_top
177,2,557.5882455584634,831.3222926157144,O_top
177,4,311.6579089832316,1273.9614741183332,D_right
177,3,348.19711298996924,534.4192495712153,D_left
178,5,504.0619354033547,174.40207246229477,O_right
178,6,274.4487996666191,969.2667577585684,O_left
178,1,482.16098535754224,837.5234477045472,D_top
178,2,557.5033383038304,823.0568682151556,O_top
178,4,315.9716912480784,1280.4155084916497,D_right
178,3,362.6197250579356,519.7977747311625,D_left
179,5,504.9370660927891,175.6043212997985,O_right
179,6,274.7570171734516,968.4695632885912,O_left
179,1,484.1349215331471,833.0337413300165,D_top
179,2,555.5636562883474,819.1353619883092,O_top
179,4,318.4392375673103,1285.2811584327608,D_right
179,3,366.464456560802,512.0481178575855,D_left
180,5,506.0812853084067,176.6929696954302,O_right
180,6,278.87879434898605,969.1369861718874,O_left
180,1,485.290142197691,825.8760724191583,D_top
180,2,554.0902970737643,812.9617885201093,O_top
180,4,319.4632238103193,1292.0663544136685,D_right
180,3,385.7888563663558,517.6673547340512,D_left
181,5,506.4251777118926,177.18183338366651,O_right
181,6,273.7140304373251,960.598551058248,O_left
181,1,485.6279511721288,820.5433812363267,D_top
181,2,530.1370508298052,786.5017068903151,O_top
181,4,316.727232690281,1299.3503482701697,D_right
181,3,393.2482143749119,519.2818459406395,D_left
182,5,508.2738920859317,179.57051492274127,O_right
182,6,266.36392200150823,950.0705206972292,O_left
182,1,484.0185472378315,813.1762491575143,D_top
182,2,491.9688852268891,751.753474765108,O_top
182,4,315.0050706603488,1308.4084686405242,D_right
182,3,396.0990039742849,507.0862583639236,D_left
183,5,509.7520382346223,181.688578730012,O_right
183,6,264.3813605364797,944.8476941559214,O_left
183,1,477.1579767293026,807.2666635524806,D_top
183,2,478.86376726761983,737.4271035604511,O_top
183,4,308.70484664144743,1312.3653798135065,D_right
183,3,400.10514459271496,505.02647283057706,D_left
184,5,510.3422358977836,182.09913512729585,O_right
184,6,263.1308836982718,935.511402670438,O_left
184,1,454.4948429339164,793.4742799182736,D_top
184,2,472.9436345844812,725.6169726883533,O_top
184,4,312.19611764581094,1321.272678110396,D_right
184,3,399.2537684734058,500.9218379130727,D_left
185,5,509.5318960366287,181.5322592122557,O_right
185,6,269.6658227229253,934.814375976173,O_left
185,1,435.2410915283808,784.926730731019,D_top
185,2,453.8124637903075,705.6193067424279,O_top
185,4,334.91466665771657,1334.2791239896353,D_right
185,3,392.6508211445311,490.23353273462567,D_left
186,5,505.9017419734976,178.47097029390898,O_right
186,6,274.189202804044,935.4208350042228,O_left
186,1,396.1238953954607,758.4768835880336,D_top
186,2,435.0162739764332,686.0616215039307,O_top
186,4,352.77700544489375,1344.9761107019297,D_right
186,3,372.3388974097783,466.683523810254,D_left
187,5,505.2033053190064,179.15618729353864,O_right
187,6,275.14420598962386,934.7573295279176,O_left
187,1,377.73740310051113,746.0400400863826,D_top
187,2,428.77190251474616,679.0413645619287,O_top
187,4,363.9046181675542,1351.6562359617649,D_right
187,3,365.3312289261789,456.3608600264658,D_left
188,5,500.1564006388854,177.08056864408437,O_right
188,6,277.29310724035645,935.6521358240342,O_left
188,1,362.7935869779721,732.7933390264845,D_top
188,2,424.2053918855749,671.2378619224646,O_top
188,4,369.907780216402,1356.0428212266856,D_right
188,3,355.43391246936324,439.4302838437424,D_left
189,5,498.084055210713,176.14423841657364,O_right
189,6,277.3984617986624,935.0565316496018,O_left
189,1,360.9588852960018,724.9633405014314,D_top
189,2,419.3090966480112,664.423061494499,O_top
189,4,373.1304397151918,1357.9061037169906,D_right
189,3,345.3265930076191,422.38678513480727,D_left
190,5,496.5189779171861,174.11583922266712,O_right
190,6,287.5195129736531,940.010254363619,O_left
190,1,360.8099023590593,717.848470461811,D_top
190,2,410.74370362841887,652.952777265126,O_top
190,4,370.1618569909336,1364.8228915082743,D_right
190,3,344.8179650917798,410.4403231884322,D_left
191,5,498.25732826214505,172.15000037262465,O_right
191,6,293.22530056267345,942.494295777504,O_left
191,1,361.6169157226686,712.6093007464096,D_top
191,2,406.8196604922269,644.8132396566909,O_top
191,4,367.1724821714468,1369.852316734453,D_right
191,3,347.47900933373666,404.0621262952188,D_left
192,5,504.7845520812084,171.84175065774892,O_right
192,6,299.6694464632377,944.1679235741672,O_left
192,1,360.7882432247179,711.5157398526591,D_top
192,2,402.74126344799953,634.1044465234032,O_top
192,4,365.72361144226153,1377.073039076194,D_right
192,3,350.8765131550995,400.8045020604434,D_left
193,5,510.46646061019015,174.244676735426,O_right
193,6,300.8191586414304,944.7553023053598,O_left
193,1,359.966705579565,706.3850325566058,D_top
193,2,398.9086406904545,626.2568209440986,O_top
193,4,363.4343878315496,1382.0890231545218,D_right
193,3,353.64787589330786,397.36565851869,D_left
194,5,515.3724919078542,175.40447256049632,O_right
194,6,301.74594187745856,945.8523274367273,O_left
194,1,329.3356913121326,671.0626730218407,D_top
194,2,388.4087265725711,619.3894739977214,O_top
194,4,356.5044091762518,1390.6526988584585,D_right
194,3,356.90276745678267,381.6117263544499,D_left
195,5,515.276469986981,168.8537503614495,O_right
195,6,302.2677761792288,945.898776588279,O_left
195,1,321.8207207681107,658.0462507133014,D_top
195,2,388.5902887688261,615.5346126983588,O_top
195,4,354.5876105201996,1397.7454420801978,D_right
195,3,365.9888110014235,362.1451576759644,D_left
196,5,521.8749219906487,162.66882227284526,O_right
196,6,304.5168487821404,948.3341981085362,O_left
196,1,315.7595395726091,645.1798811778887,D_top
196,2,388.3082870063816,611.0824768884875,O_top
196,4,352.3951377742385,1402.339513732614,D_right
196,3,384.5367425491162,355.8798903321642,D_left
197,5,525.4308552924545,158.39519764976274,O_right
197,6,304.1767701561018,949.1793404934032,O_left
197,1,304.3782902682876,628.0161595735782,D_top
197,2,386.98356398215975,607.9550019354784,O_top
197,4,352.0323941106353,1405.599047258141,D_right
197,3,403.9384302687445,359.5367343487044,D_left
198,5,536.5831207858583,158.23865331092125,O_right
198,6,304.93463211022447,951.7409219544186,O_left
198,1,308.08278301493897,629.1788711741602,D_top
198,2,385.88094662054,610.9511231159917,O_top
198,4,376.2375445910144,1417.2710242703258,D_right
198,3,428.6081137609005,355.53277134721026,D_left
199,5,557.2990556289359,173.49534537585367,O_right
199,6,303.9051920324634,953.0953539085788,O_left
199,1,312.4551263477018,630.1339318846433,D_top
199,2,384.0133791841537,611.0830994665469,O_top
199,4,384.5718417415204,1422.1277306798534,D_right
199,3,439.6082733010054,351.6070836172305,D_left
200,5,580.7563029919346,191.5694137398551,O_right
200,6,301.82307679670134,954.3833405959214,O_left
200,1,319.37802750458627,620.0093487909094,D_top
200,2,377.3408642719911,606.1033129364462,O_top
200,4,393.8032785799514,1430.2885333066904,D_right
200,3,443.2852370270236,345.495894048727,D_left
201,5,591.8800623132429,198.41394012257211,O_right
201,6,298.0572665024611,953.7401190772608,O_left
201,1,318.2425570123247,620.5091785464657,D_top
201,2,374.0445688639159,603.6436826300362,O_top
201,4,395.5224755874367,1435.5940010500306,D_right
201,3,443.86687709207433,343.95042824150164,D_left
202,5,599.8135033105212,198.48296653880288,O_right
202,6,302.1661516235611,959.3672317855124,O_left
202,1,316.3511926617672,618.8558889808743,D_top
202,2,365.1924573760992,592.4701673437559,O_top
202,4,393.13450193638965,1439.5114902074024,D_right
202,3,443.1265442416601,344.55284923459413,D_left
203,5,603.5398221152728,197.09724667205825,O_right
203,6,309.4851019291103,965.326748614646,O_left
203,1,319.8489291439627,616.5437222902556,D_top
203,2,361.2574126929325,587.8942449528249,O_top
203,4,390.1764509789236,1443.9514888375352,D_right
203,3,437.8373540014169,340.7048712498391,D_left
204,5,623.5701268765176,216.095504411024,O_right
204,6,318.5693111190268,977.7237714695624,O_left
204,1,318.7029549016787,613.0841669477595,D_top
204,2,355.37413917930576,577.3414808300564,O_top
204,4,388.2931494534311,1448.8674422896072,D_right
204,3,432.80603881267655,341.4458679142278,D_left
205,5,644.864789387798,235.5080331597554,O_right
205,6,326.42811199868424,986.2809581372152,O_left
205,1,319.42102771320964,617.9529903614414,D_top
205,2,355.04913079123395,573.6477749822926,O_top
205,4,387.6981382731224,1452.5714117018474,D_right
205,3,428.3254252151392,341.7192582044209,D_left
206,5,669.8450300539797,269.9811753589966,O_right
206,6,331.86442124617554,994.6406887805992,O_left
206,1,322.7953386175187,610.5641366460272,D_top
206,2,355.3595823219253,572.6132861329208,O_top
206,4,385.93930053113405,1456.337742747181,D_right
206,3,428.3665857684317,352.4362687471631,D_left
207,5,677.3313830386841,281.08495663149563,O_right
207,6,334.3423798566107,1000.1387187077656,O_left
207,1,325.418301721072,615.2175225090593,D_top
207,2,355.1452036715233,575.6120561160601,O_top
207,4,389.3852051976332,1459.8500142485027,D_right
207,3,429.2048153385197,365.001105859923,D_left
208,5,683.5971070793269,293.78649995021806,O_right
208,6,334.92365786486,1002.6166171362128,O_left
208,1,336.47235606315786,617.1698363742039,D_top
208,2,354.0127931301145,572.336219921226,O_top
208,4,394.4713664493382,1464.046801938111,D_right
208,3,428.8772975596863,378.9709252619412,D_left
209,5,683.6992345061133,298.55724213065173,O_right
209,6,334.5785746560212,1003.6920983831832,O_left
209,1,342.47094805042315,619.0127386320889,D_top
209,2,352.79490104131776,569.6879330350837,O_top
209,4,395.8762855682746,1466.0102433862037,D_right
209,3,419.60415319443433,373.6543659396415,D_left
210,5,694.5663858414881,315.8915086819186,O_right
210,6,333.0193648414706,1004.3483054179004,O_left
210,1,345.6207236942756,620.6060892900142,D_top
210,2,355.8881791629717,570.3762374697069,O_top
210,4,398.4909507324132,1467.7713974410367,D_right
210,3,433.7049956771863,387.2168614065939,D_left
211,5,704.0803866311709,330.02098957204026,O_right
211,6,330.6916544339185,1007.287804282527,O_left
211,1,345.46275938414635,618.7924078741961,D_top
211,2,354.84828437335767,567.2547672161099,O_top
211,4,400.5502820595483,1468.4983484313375,D_right
211,3,430.36563298924295,384.1340935055944,D_left
212,5,722.5547422703398,355.9858950207046,O_right
212,6,329.3070030524524,1012.4614572192138,O_left
212,1,347.46306155502964,617.0765830627977,D_top
212,2,352.98461380587673,561.9162387545858,O_top
212,4,402.4245717398214,1468.9037057872354,D_right
212,3,432.6432678195836,389.2497204930249,D_left
213,5,741.8291611180542,388.0726353359608,O_right
213,6,328.5712513190404,1014.6879237785164,O_left
213,1,348.3272997189957,616.5352273329702,D_top
213,2,347.4896005149257,553.5299952521063,O_top
213,4,404.7118200050165,1468.5633591989908,D_right
213,3,436.25091898541785,394.0325612062107,D_left
214,5,751.5768354343397,402.69338706279024,O_right
214,6,327.2904774268588,1015.3703123907918,O_left
214,1,344.41808065097746,614.3289435585747,D_top
214,2,334.146758787957,537.5832154205473,O_top
214,4,403.0529150525649,1467.7465832045093,D_right
214,3,436.65092161141047,392.3099001262937,D_left
215,5,757.0585148586614,404.0591720951045,O_right
215,6,325.9462577943573,1015.047999026897,O_left
215,1,344.7996669384424,612.3717848781118,D_top
215,2,326.1217679544127,523.8296960541329,O_top
215,4,403.2355406156534,1468.2099614414965,D_right
215,3,455.51482919198594,411.3412625538427,D_left
216,5,756.7683425538526,403.69963173684727,O_right
216,6,331.477887203451,1019.1125019062488,O_left
216,1,344.98460153579833,611.7262410119299,D_top
216,2,315.06079833802806,503.9474059297335,O_top
216,4,402.5793650061843,1469.56250657693,D_right
216,3,473.0343090024964,423.0735029463994,D_left
217,5,759.0922914136582,409.55748804483625,O_right
217,6,336.25928314314416,1023.1127524994774,O_left
217,1,344.4375327577531,610.4153271538801,D_top
217,2,312.19277712857826,495.1954390956752,O_top
217,4,401.796412426628,1470.5892992292702,D_right
217,3,483.2082684572711,430.4956023724984,D_left
218,5,764.0085226140254,418.50290030836175,O_right
218,6,344.4076360638637,1029.985473661796,O_left
218,1,344.0016816549619,610.5275563417855,D_top
218,2,304.8013294196519,482.49048661375616,O_top
218,4,396.97237516151006,1471.3446517164125,D_right
218,3,488.0460922063808,429.5447158878747,D_left
219,5,771.9169868576646,431.4758787196872,O_right
219,6,350.82692049684493,1035.3565490588603,O_left
219,1,342.83215118708864,609.973821949595,D_top
219,2,300.5125988315816,477.9741533227913,O_top
219,4,395.1068799557429,1471.5182774251737,D_right
219,3,489.2836632762531,427.0840903858767,D_left
220,5,786.5779147015155,444.8186606416484,O_right
220,6,353.617412586671,1040.0879230548023,O_left
220,1,340.55313554488026,608.2626059478483,D_top
220,2,312.2384915568346,482.2628383901792,O_top
220,4,393.95347270251233,1472.1470261067398,D_right
220,3,492.5171894400987,423.3749559901635,D_left
221,5,800.1733694936544,458.6686266302884,O_right
221,6,354.5513700098124,1043.3203912535046,O_left
221,1,340.25841816903227,606.6596829734245,D_top
221,2,317.966626784554,481.3687894075794,O_top
221,4,391.47635857159855,1473.292272765658,D_right
221,3,517.6028310768304,451.7813663258498,D_left
222,5,812.3018426042127,473.73636860677567,O_right
222,6,355.73730654196964,1046.4630727431154,O_left
222,1,336.56935578876886,600.1736183441647,D_top
222,2,319.0380851292771,477.66303860690937,O_top
222,4,388.0474730539087,1473.1193824934696,D_right
222,3,541.3380561866297,480.06352611657513,D_left
223,5,818.6655169220138,483.6845232930492,O_right
223,6,356.8283804770832,1047.8897471627547,O_left
223,1,335.53057828430167,597.381660929836,D_top
223,2,303.98544368617115,453.2593698974171,O_top
223,4,385.4750237473671,1472.704252958327,D_right
223,3,557.2296194456017,495.8692163517016,D_left
224,5,822.3892851019278,490.06435376018027,O_right
224,6,355.87346360135166,1048.6762350508568,O_left
224,1,323.4915228742589,584.4872643248588,D_top
224,2,304.45650188657095,416.18457524006567,O_top
224,4,386.2139222783842,1474.2920011014064,D_right
224,3,574.5398958816539,507.6364383656425,D_left
225,5,829.9726794205255,501.2399109298549,O_right
225,6,355.0662796073096,1049.2149883938866,O_left
225,1,318.9786393797816,579.0575640863176,D_top
225,2,308.3382952442543,396.6083795533261,O_top
225,4,387.7768743124369,1475.0885284661215,D_right
225,3,582.8873551339386,511.9163599132852,D_left
226,5,831.3820016687362,518.9980978395253,O_right
226,6,353.7549667966373,1049.318451487713,O_left
226,1,311.4550905247522,569.903663356512,D_top
226,2,329.1911306596716,395.4794389577402,O_top
226,4,389.7388068201661,1475.6187588097234,D_right
226,3,601.4808803542223,521.7985815462628,D_left
227,5,829.0308977891029,535.5097588952631,O_right
227,6,353.2058900855989,1049.3070746080716,O_left
227,1,308.52204935731703,564.3693285955981,D_top
227,2,341.22188782801214,396.0533422858296,O_top
227,4,389.2276034834365,1475.520449298692,D_right
227,3,608.0867663298902,527.3403266221903,D_left
228,5,817.3343203829496,566.1655629771434,O_right
228,6,353.6110497288247,1050.0249260605774,O_left
228,1,304.8862269328389,554.2494540790236,D_top
228,2,365.857540908842,407.3335670401553,O_top
228,4,391.6508115143087,1475.9893889225225,D_right
228,3,616.3870863495196,534.0821662898264,D_left
229,5,809.8824477196567,578.8374122413392,O_right
229,6,352.8443944086506,1049.7962748664918,O_left
229,1,305.66586031539885,549.3752432486924,D_top
229,2,378.2476211077054,408.6373308628937,O_top
229,4,392.4664519730011,1476.1296352397735,D_right
229,3,631.187525471692,551.0442440330869,D_left
230,5,800.9433397433897,592.8538379909811,O_right
230,6,351.5482036614806,1049.6372324905317,O_left
230,1,307.14659721361903,546.2394412382521,D_top
230,2,391.5471662154118,399.42093022596265,O_top
230,4,390.308500897984,1475.6226380467706,D_right
230,3,635.8720842092994,562.0695194604971,D_left
231,5,797.2714521146479,600.8247285220535,O_right
231,6,350.94348411406173,1049.4837416767125,O_left
231,1,309.15659659104085,534.6082153140327,D_top
231,2,398.4615807506482,392.37433824934567,O_top
231,4,389.8413986904878,1474.7660179445422,D_right
231,3,640.8620805823472,572.3424699634347,D_left
232,5,781.7359814537532,599.7976977173399,O_right
232,6,351.88005534091417,1051.0625843459968,O_left
232,1,311.6470731224245,522.2588136154731,D_top
232,2,406.72234777768847,385.244289041393,O_top
232,4,390.8809013085717,1474.7051888974324,D_right
232,3,641.2563826394266,576.6337230032675,D_left
233,5,768.0593535800896,596.2704330174191,O_right
233,6,349.61137585496533,1052.2996973343738,O_left
233,1,315.8899678727916,517.6052135445836,D_top
233,2,411.9343882141317,381.17671741377575,O_top
233,4,390.4599932201377,1473.7743808489,D_right
233,3,641.9808150040233,578.1908980241823,D_left
234,5,757.3920460316958,637.5628106294075,O_right
234,6,348.85305380508265,1056.3669878908445,O_left
234,1,313.91286058398106,506.869120217071,D_top
234,2,399.6532910479186,344.49034065242046,O_top
234,4,390.3812480278151,1473.441458812575,D_right
234,3,641.4031673607168,588.3874481767594,D_left
235,5,749.7470170355348,661.24587872403,O_right
235,6,348.8589111352322,1060.5402948159842,O_left
235,1,312.0720992297932,502.0646109915818,D_top
235,2,390.3834716955309,315.11292809061024,O_top
235,4,390.6195970304148,1472.6765584041048,D_right
235,3,641.1110659045579,598.5149350986172,D_left
236,5,739.5735164556503,681.7504675256008,O_right
236,6,346.20166785551896,1064.7586890925106,O_left
236,1,309.0023199271492,502.1001492923629,D_top
236,2,420.7505404970576,332.3825417968958,O_top
236,4,390.7025207967841,1472.390455715806,D_right
236,3,658.7837730595338,628.34308351838,D_left
237,5,731.9781827198506,686.8552105588883,O_right
237,6,342.2927856480027,1065.9620965842623,O_left
237,1,309.7714179233073,504.6960512289705,D_top
237,2,428.0077985555941,334.09339100967475,O_top
237,4,391.1545163296748,1471.6658180851268,D_right
237,3,639.1156026353218,617.8695829366067,D_left
238,5,683.1355885697826,671.1748136374612,O_right
238,6,340.7936558364045,1066.3775173804654,O_left
238,1,316.82507526036073,515.423742203695,D_top
238,2,440.2204745834204,331.3999883276058,O_top
238,4,388.4372346207269,1471.418216294739,D_right
238,3,645.6223624089148,634.8340303216976,D_left
239,5,680.4495403575947,720.4998005043304,O_right
239,6,340.51357767382444,1067.662621719393,O_left
239,1,319.6614006656839,521.367030144092,D_top
239,2,447.3348565728441,328.0461957596336,O_top
239,4,387.0454569531271,1471.9575251699946,D_right
239,3,645.0677362948715,645.2394392118994,D_left
240,5,666.4890908444892,757.115550384912,O_right
240,6,337.7387192527406,1071.2643529189052,O_left
240,1,317.83831679963515,526.3395059010857,D_top
240,2,451.59541133788383,316.5043637703359,O_top
240,4,384.15074963567344,1471.662363704073,D_right
240,3,636.7743048834664,663.9124100767159,D_left
241,5,663.1132395087285,767.6147214264698,O_right
241,6,334.24160068785113,1076.0766886938916,O_left
241,1,312.77842625724145,535.6103565092167,D_top
241,2,451.2120241748402,304.61074727552267,O_top
241,4,383.2312583103944,1470.8926946815689,D_right
241,3,635.4250143580821,670.563893565477,D_left
242,5,652.8628440162108,780.4026379086433,O_right
242,6,330.4012302199478,1082.2806224793023,O_left
242,1,303.57309060290135,549.3810678020125,D_top
242,2,458.4267324811439,294.9283029509433,O_top
242,4,383.2734851241794,1469.9719510975074,D_right
242,3,625.2083040782898,675.5433746314768,D_left
243,5,626.1814536147436,778.6408266142352,O_right
243,6,325.43264025258105,1085.357913910784,O_left
243,1,297.27369787329366,557.5028262656342,D_top
243,2,462.2852715129188,292.2168529033998,O_top
243,4,384.27252266828026,1470.5382806130197,D_right
243,3,636.7905659408744,696.4197262866988,D_left
244,5,595.3535506742704,782.7651412325661,O_right
244,6,316.83067385739565,1090.9941091312355,O_left
244,1,286.0054817818232,565.9282702872882,D_top
244,2,468.5480959453631,280.3083318118013,O_top
244,4,387.919750071898,1467.932860885246,D_right
244,3,620.1089143797172,701.0740406222418,D_left
245,5,574.4247067294598,794.8818870531679,O_right
245,6,315.6467351748673,1098.3779128884423,O_left
245,1,268.41440045071374,558.6081390564403,D_top
245,2,470.9597623771617,280.8501732133956,O_top
245,4,394.6580912891249,1465.2822988045862,D_right
245,3,609.809539426426,699.7984737952593,D_left
246,5,558.4595181634071,820.1556146748643,O_right
246,6,320.25411107623273,1108.7939103669926,O_left
246,1,284.1616114364071,585.1811454925796,D_top
246,2,479.4762038271405,267.8159186069766,O_top
246,4,405.09895348373817,1463.3359887628333,D_right
246,3,597.6864752710597,699.3893182186077,D_left
247,5,549.6230746874103,824.5847580992423,O_right
247,6,322.6268044042887,1112.9953637955612,O_left
247,1,300.9714416260798,605.0614651610772,D_top
247,2,481.13074647324186,257.096409167733,O_top
247,4,412.4532846213119,1461.2162900309845,D_right
247,3,590.5663850280833,701.3163774143594,D_left
248,5,526.7429258690808,841.0332026010013,O_right
248,6,320.90490397125,1113.6950724056164,O_left
248,1,289.25826299115647,605.1511086123049,D_top
248,2,490.92427804510567,258.98557064486664,O_top
248,4,417.0404498968844,1450.7933352739074,D_right
248,3,564.2540144306687,720.2315999113024,D_left
249,5,514.816479162758,849.3040582529391,O_right
249,6,321.4546947318849,1113.3494144678025,O_left
249,1,279.24662312939034,603.4278178215692,D_top
249,2,494.8837366807115,258.1800365856748,O_top
249,4,420.3275597034056,1443.9490148398882,D_right
249,3,550.3087315633963,737.4145252395123,D_left
250,5,475.4205364401618,846.0910927634405,O_right
250,6,321.36419697849,1111.8913484013738,O_left
250,1,270.67395322490927,608.2603272252193,D_top
250,2,494.24267641724407,253.50633646312087,O_top
250,4,423.8738138765528,1437.744685959458,D_right
250,3,536.6076021102322,747.1728972493105,D_left
251,5,453.5518257592083,851.78077260953,O_right
251,6,323.08605261295,1111.5379642538255,O_left
251,1,267.0446866644574,608.0126835557063,D_top
251,2,491.3392203233656,250.49158918694573,O_top
251,4,423.3347879796559,1433.5307989555731,D_right
251,3,530.2710813923642,754.6851967303347,D_left
252,5,438.16606429795473,857.8089946976371,O_right
252,6,324.6481758304811,1111.677302961764,O_left
252,1,251.1866817644446,596.8513369636908,D_top
252,2,484.4487242104229,246.08568261474645,O_top
252,4,427.5165090712685,1431.687799035193,D_right
252,3,529.5406818571181,776.1538561302452,D_left
253,5,431.5172724748792,866.4240177159867,O_right
253,6,322.9865969867619,1110.5555207644038,O_left
253,1,244.0483638230525,592.192330854309,D_top
253,2,481.9063990577693,244.8391107616638,O_top
253,4,441.3554494247532,1433.5114114856508,D_right
253,3,523.2316405445985,784.1189534272412,D_left
254,5,393.85455869557103,869.9291635243844,O_right
254,6,321.9970771050456,1107.3755929980196,O_left
254,1,266.3041271921192,615.0916372436569,D_top
254,2,475.42910290821135,240.9610791829195,O_top
254,4,454.9471574281638,1433.6760183774045,D_right
254,3,508.2835956335467,811.8158157628727,D_left
255,5,348.4687828441515,856.2396174585175,O_right
255,6,314.8784110865833,1098.847073488671,O_left
255,1,272.51593696283004,624.6240583137762,D_top
255,2,475.8013039129974,245.5376876166729,O_top
255,4,464.2716478108975,1431.385806215833,D_right
255,3,499.022157201217,830.2221381488589,D_left
256,5,320.85860626957725,853.1142112918733,O_right
256,6,297.39199387618254,1081.0533579458272,O_left
256,1,265.8435540560362,623.9137602717485,D_top
256,2,470.58575569622406,253.83324400320828,O_top
256,4,471.7114636860062,1423.7739232554247,D_right
256,3,488.8862652641506,849.7266161829853,D_left
257,5,305.5348144610426,850.833383671312,O_right
257,6,287.03884799157714,1067.0034000162937,O_left
257,1,263.7774483177055,624.7735986274768,D_top
257,2,465.759002556316,256.3933471014849,O_top
257,4,483.6843719762077,1420.7240437309551,D_right
257,3,480.7948261159058,858.8296443991125,D_left
258,5,290.1882971643016,852.6271884123998,O_right
258,6,288.8462588044209,1046.5879943652155,O_left
258,1,259.5105884943812,623.5772681984744,D_top
258,2,460.0423552792785,264.49158317497967,O_top
258,4,494.89352580421337,1410.7269188420173,D_right
258,3,470.670247298822,870.6277279273017,D_left
259,5,277.5898397773717,850.8295385844601,O_right
259,6,290.22464240984795,1036.1816973639447,O_left
259,1,259.1006725277453,626.0472901627596,D_top
259,2,457.4924603955774,268.44867248572183,O_top
259,4,482.8195901490381,1399.6253851779838,D_right
259,3,464.30964406951176,877.878036320463,D_left
260,5,59.233411981713424,725.5427406631729,O_right
260,6,292.2398166366259,1030.362137602748,O_left
260,1,259.93029561733374,625.4572224401693,D_top
260,2,445.4527588577311,270.8179432987902,O_top
260,4,503.2612712337096,1397.230156425342,D_right
260,3,465.15056715920537,910.764961156766,D_left
261,6,291.41078142600145,1023.753363962892,O_left
261,1,260.98512536595524,623.9463414316565,D_top
261,2,431.0414569372227,267.2386356055697,O_top
261,4,497.29152740619486,1388.8711586267732,D_right
261,3,473.07799264918,940.1475289037808,D_left
262,6,283.0635634403163,1010.7380353672758,O_left
262,1,263.24832325178727,625.5321689610269,D_top
262,2,416.3103600822993,276.9617344984693,O_top
262,4,516.4455643345925,1384.7022942822096,D_right
262,3,467.3670623458841,965.3975907722044,D_left
263,6,283.3177734528785,1003.9174881555527,O_left
263,1,262.5434512466163,626.2525536235436,D_top
263,2,408.2931083189061,282.56849707039464,O_top
263,4,524.3096613188745,1379.8775489106015,D_right
263,3,463.96998939699296,976.7823541117,D_left
264,6,283.50600700861565,993.7589272185478,O_left
264,1,261.6226841426522,627.3533952739757,D_top
264,2,402.95848474259486,288.84573913010547,O_top
264,4,533.0181776043053,1370.639323369521,D_right
264,3,454.284355615093,986.8927618743534,D_left
264,5,2.54459521118062,738.2015714373558,O_right
265,6,279.3126218109816,983.4109594808544,O_left
265,1,260.9720451317472,628.1521251021335,D_top
265,2,399.7365864380571,293.4391026800781,O_top
265,4,541.2466693939951,1363.0463718801884,D_right
265,3,449.2225458503107,994.0998270276484,D_left
266,6,277.79839680842014,970.0367339219008,O_left
266,1,261.1976873934239,635.3934762941949,D_top
266,2,400.1961424219768,309.09024681267243,O_top
266,4,545.0350194027778,1354.910317429828,D_right
266,3,435.6443047942059,998.5168633392952,D_left
267,6,278.6935575157229,958.7623962102376,O_left
267,1,261.09167712435544,638.5214353758847,D_top
267,2,398.7531878505836,315.3676774636038,O_top
267,4,548.8434141412322,1347.9102247086605,D_right
267,3,415.289863237259,994.5070233665436,D_left
267,5,75.00483066111566,759.2266948105896,O_right
268,6,258.5493993974328,938.7271811086732,O_left
268,1,261.6353081197988,641.5347555190947,D_top
268,2,391.3281019390408,319.6034481334444,O_top
268,4,550.6638698492005,1338.371951400489,D_right
268,3,453.8319583086272,1031.6689847320024,D_left
269,6,175.18203801997055,888.1684337418379,O_left
269,1,263.8833352581024,644.1172346250628,D_top
269,2,385.7936331493278,323.2608544199971,O_top
269,4,551.3731924097548,1332.5065538576846,D_right
269,3,474.5312173232259,1049.8446116530242,D_left
270,6,228.96264446051077,912.76736731394,O_left
270,1,265.14319984014736,646.7025100739193,D_top
270,2,379.9984233084347,339.89183312378015,O_top
270,4,549.3023253193177,1325.4678205888354,D_right
270,3,477.66436469072687,1071.8269013959414,D_left
271,6,235.93857845945635,910.623687958218,O_left
271,1,266.3181444274914,648.7407690784194,D_top
271,2,378.44914123374895,353.0314867930917,O_top
271,4,550.1334466231934,1313.7157622938328,D_right
271,3,482.4897951451104,1086.789512882704,D_left
272,6,236.4644078839164,904.1035836160328,O_left
272,1,264.50562144179537,651.2441276991823,D_top
272,2,376.480760594879,366.10644016537566,O_top
272,4,553.8894027533808,1303.8851428609323,D_right
272,3,481.0598595226664,1094.8059925226896,D_left
272,5,64.42868249990661,851.851731465272,O_right
273,6,242.00704373691744,903.9778176049884,O_left
273,1,263.7740811735354,654.2373792266216,D_top
273,2,376.0272646630439,375.8890729560025,O_top
273,4,558.8058900034991,1300.9336507255264,D_right
273,3,476.8369827217129,1103.1574030287304,D_left
273,5,74.67384598551261,859.7797692643616,O_right
274,6,243.62522442249497,898.3864107827021,O_left
274,1,262.2202309926988,665.1343829906153,D_top
274,2,370.04724187651794,379.153692273061,O_top
274,4,562.9394310555302,1296.0777076395336,D_right
274,3,474.3671572447315,1115.5936877101256,D_left
274,5,70.69492894129293,862.3419573401908,O_right
275,6,244.35817686259216,894.3165085286003,O_left
275,1,257.05910377281964,672.1650441542457,D_top
275,2,364.6771150045717,380.2115495834698,O_top
275,4,563.3686016166365,1291.896814770823,D_right
275,3,483.28308076220833,1123.154377444299,D_left
275,5,63.21654438631783,861.4980272214924,O_right
276,6,250.63075065187687,891.597473355793,O_left
276,1,268.4924708150622,688.3677332054888,D_top
276,2,351.8730156464952,385.895236636654,O_top
276,4,565.3707581465808,1283.0461647790726,D_right
276,3,497.5354697086682,1137.4191112746996,D_left
276,5,58.17417445401956,866.1018470601997,O_right
277,6,250.5411814303459,888.8078884324116,O_left
277,1,272.3529416159484,695.3293910773565,D_top
277,2,344.801508943342,389.5086642413468,O_top
277,4,567.3334171098064,1280.0693568401275,D_right
277,3,504.6509480487345,1144.970831887419,D_left
277,5,52.98277622386159,871.6971490592748,O_right
278,6,249.84418313810664,882.7723720301311,O_left
278,1,274.1651601259177,702.1677401570436,D_top
278,2,336.0919532896162,396.56495770177,O_top
278,4,567.7066023391366,1275.365189198218,D_right
278,3,506.7428926469909,1158.8084381174872,D_left
278,5,43.93179354963736,875.1766598507605,O_right
