1,1,877.6024217773494,545.8184083636078,D_top
1,2,576.9284110131043,1177.2911342712805,D_right
1,3,604.9610377773072,1425.5016551413817,O_right
1,4,973.1532988941734,515.7415051503298,O_top
1,5,540.9309404890349,275.0290012808634,D_left
1,6,577.3691828182396,188.87238465624768,O_left
2,1,877.7590334429328,545.5641618175351,D_top
2,2,578.1088818617582,1178.4547477760316,D_right
2,3,605.4035121871736,1424.7527148979775,O_right
2,4,974.246086055234,514.0710726022929,O_top
2,5,541.6542443567834,277.08256048326035,D_left
2,6,576.6773898945899,193.45975523726767,O_left
3,1,877.8058941723843,545.5814562648314,D_top
3,2,578.3238903624344,1178.6577611391426,D_right
3,3,605.4785010999827,1424.635694785064,O_right
3,4,973.1184454669764,509.9222854756058,O_top
3,5,541.2236769219985,278.3288907466866,D_left
3,6,575.5235493711511,196.14816589690685,O_left
4,1,877.7041792741971,545.839941338548,D_top
4,2,578.3100957371773,1178.6798625546105,D_right
4,3,604.3617626258343,1424.2715066213848,O_right
4,4,979.597676958459,512.3384495226369,O_top
4,5,541.5771499010224,280.85357648599063,D_left
4,6,563.5063178014996,190.96134200673168,O_left
5,1,876.4748867310568,544.6576879082088,D_top
5,2,578.5782691715569,1178.3283971543349,D_right
5,3,605.5185840171703,1423.871283408339,O_right
5,4,981.4843109484018,510.6609029063552,O_top
5,5,540.7321835277666,283.31503502917,D_left
5,6,563.9625328895861,199.04534825121308,O_left
6,1,875.8631977462644,544.8083975096275,D_top
6,2,580.4614610953357,1177.7330578829628,D_right
6,3,604.8212494712265,1423.4371403640678,O_right
6,4,984.653695626299,508.69324951249104,O_top
6,5,537.971856116325,285.81031337085204,D_left
6,6,562.4585355996596,210.5027187469293,O_left
7,1,876.390395230491,546.571800806285,D_top
7,2,581.3844154658751,1177.1907736665971,D_right
7,3,604.6654938945019,1423.3285697284575,O_right
7,4,988.0375453165656,509.5633530085192,O_top
7,5,534.852554817031,287.6058645248506,D_left
7,6,561.421408967454,212.65219194031496,O_left
8,1,875.6634858174185,551.6700074390126,D_top
8,2,582.9266188798929,1174.87663159278,D_right
8,3,605.4861135919197,1423.5708247273649,O_right
8,4,995.736731894856,517.5733650567472,O_top
8,5,530.7707526064795,288.25223232439663,D_left
8,6,560.7536333935019,224.61122200864455,O_left
9,1,874.5468676565114,554.599187868255,D_top
9,2,583.5106909183136,1174.097111958959,D_right
9,3,605.9258835691157,1423.7036472444497,O_right
9,4,999.6149335252436,520.5530759566399,O_top
9,5,528.8373828329425,288.9628230368318,D_left
9,6,559.8330298765196,229.74181612547287,O_left
10,1,873.6502328710201,556.3333418692932,D_top
10,2,583.7851183432268,1173.5016100490827,D_right
10,3,606.9178069112654,1424.0255687990684,O_right
10,4,1004.4216415694168,523.27920913413,O_top
10,5,523.0345027580057,290.24506210106887,D_left
10,6,558.6968382518762,237.74578040271896,O_left
11,1,872.9335527296223,557.4964077078871,D_top
11,2,582.8588083471367,1172.7213824636951,D_right
11,3,606.8537160678228,1423.3079873905533,O_right
11,4,1007.3604212580572,521.9796002955502,O_top
11,5,525.9605412539643,297.2994501964436,D_left
11,6,547.4891205679265,228.68015564960945,O_left
12,1,866.6469362926292,550.5730146738371,D_top
12,2,581.5194538783974,1173.772575525946,D_right
12,3,606.3314052224481,1423.597056215123,O_right
12,4,1011.1222240516151,516.8569104678177,O_top
12,5,522.8417100756641,299.4146971620417,D_left
12,6,521.7716295866941,209.5445021733833,O_left
13,1,862.4842606188236,545.5025839579866,D_top
13,2,580.7585904483677,1174.835163696932,D_right
13,3,606.6104019821398,1423.1616938299164,O_right
13,4,1014.9530240162208,513.479431422626,O_top
13,5,496.83715425195214,272.2002572065669,D_left
13,6,523.147233289757,219.24750767207107,O_left
14,1,858.7574631380521,541.2487485766031,D_top
14,2,579.8347346900782,1176.237122841852,D_right
14,3,606.7064060494201,1423.0118836322388,O_right
14,4,1020.7319832362158,500.1262426923421,O_top
14,5,470.7891660169177,248.2422950250556,D_left
14,6,514.6296326596154,219.4463927394052,O_left
15,1,851.9069657428151,531.61508189015,D_top
15,2,577.5960120614216,1177.4757107358212,D_right
15,3,607.7201119779677,1423.2406792084169,O_right
15,4,1021.8962910900945,489.64894442846526,O_top
15,5,482.8474539560577,269.4824256554572,D_left
15,6,519.1431652292572,218.03373035543785,O_left
16,1,845.7850365671054,525.2151135117263,D_top
16,2,575.6579872888466,1177.4431545516352,D_right
16,3,607.0963959300981,1423.046160467436,O_right
16,4,1022.301664065616,476.030754321006,O_top
16,5,479.1452357027474,277.7507254346216,D_left
16,6,528.7355118248854,222.51947262372187,O_left
17,1,843.5101387591604,523.1893720330013,D_top
17,2,575.1600214518589,1177.1408523818434,D_right
17,3,608.208123687669,1422.712670696855,O_right
17,4,1023.2930600667404,469.5607058242893,O_top
17,5,477.7723876226042,281.74596218271995,D_left
17,6,529.3430332373199,219.36911409081188,O_left
18,1,840.6855171608254,518.8451607114276,D_top
18,2,568.9134004860167,1172.6762857711096,D_right
18,3,608.6186776008152,1422.5970696835866,O_right
18,4,1033.1361824702,471.6737483022762,O_top
18,5,483.77367538821534,291.1226859191449,D_left
18,6,530.4423406320227,211.8661429522441,O_left
19,1,839.7598518147047,517.0573633851637,D_top
19,2,566.9203027466192,1170.2862471395945,D_right
19,3,608.7322009021169,1422.5365753577985,O_right
19,4,1040.5864805246872,473.41921721559817,O_top
19,5,483.4746882721311,291.1262141029171,D_left
19,6,532.7688208504196,203.0638664608159,O_left
20,1,839.8352997169451,517.5349242387985,D_top
20,2,563.3077081949732,1167.007656059623,D_right
20,3,609.172445805689,1421.9663667323262,O_right
20,4,1046.680777513921,468.8484110524668,O_top
20,5,487.5947411971785,291.69936355857817,D_left
20,6,531.1266382546904,172.67919916578222,O_left
21,1,839.8891299739183,517.547000606641,D_top
21,2,562.2807220232447,1165.1021154427574,D_right
21,3,609.0483620005194,1420.3509294214534,O_right
21,4,1048.5195714988872,462.4446034009463,O_top
21,5,488.8223728675655,284.17552107324525,D_left
21,6,547.7085332899856,173.33438302937904,O_left
22,1,841.3871742000446,518.2970729961753,D_top
22,2,561.6953556572333,1162.4754779837538,D_right
22,3,610.2954293824107,1419.456134418574,O_right
22,4,1047.5019908686263,455.1500552163524,O_top
22,5,492.0436993442623,273.82919439840697,D_left
22,6,544.5243146409676,152.50557457625428,O_left
23,1,843.055542313889,519.8572238744672,D_top
23,2,560.6947940251489,1160.2610572549015,D_right
23,3,611.0486473607883,1418.5727589306905,O_right
23,4,1046.4118258654155,450.9340718399259,O_top
23,5,495.9603551981862,267.4788298622639,D_left
23,6,534.4673754244668,130.06159588944138,O_left
24,1,843.878575144292,516.9175046072875,D_top
24,2,561.1960582663462,1158.0680494419366,D_right
24,3,611.6991466993816,1417.6745930713432,O_right
24,4,1043.0788169212576,441.2752508103428,O_top
24,5,502.5194578403456,266.0507545247756,D_left
24,6,581.3773199767813,171.34443713957185,O_left
25,1,845.3325065679512,517.2297588549284,D_top
25,2,561.6321567105929,1157.0397901821066,D_right
25,3,612.0141708321393,1415.431099115087,O_right
25,4,1035.3295928042053,438.2550584838652,O_top
25,5,505.877976669535,269.83948140458193,D_left
25,6,604.4601750145285,197.62865112953864,O_left
26,1,844.5172842869537,510.6770562786522,D_top
26,2,562.2747467933049,1156.005745394566,D_right
26,3,612.2836076687846,1412.610701493743,O_right
26,4,1028.1636866002357,431.13572619193496,O_top
26,5,547.3629094930069,312.6655900248481,D_left
26,6,618.3708602852012,215.22346802346257,O_left
27,1,844.6248273061431,506.4888680460221,D_top
27,2,561.6203049142185,1154.7704579015658,D_right
27,3,613.0631976147904,1410.5142759546757,O_right
27,4,1019.8797658714255,417.3698462990004,O_top
27,5,563.9984657247011,329.3484029204822,D_left
27,6,624.1089897336561,221.3418327177855,O_left
28,1,840.1501710470528,487.6259799342213,D_top
28,2,561.4858138537805,1153.9228123299254,D_right
28,3,616.5472719648767,1408.0653261753157,O_right
28,4,1009.0229511186304,402.4232073547784,O_top
28,5,579.6122097909404,336.124687015153,D_left
28,6,632.6420536745555,210.85515993954272,O_left
29,1,836.5221782977578,476.64427811183054,D_top
29,3,619.1668201491104,1406.958244143132,O_right
29,4,1003.804036298838,396.97648469180217,O_top
29,5,587.0835525021936,331.9588184929902,D_left
29,6,638.6012588376387,216.58260994091012,O_left
29,2,643.739193084902,191.35767701734133,D_right
30,1,832.3839405650456,461.32289402871504,D_top
30,2,554.8588491302414,1146.271944451997,D_right
30,3,621.139353176336,1404.8727580939944,O_right
30,4,1000.910924703472,396.6594364046925,O_top
30,5,597.1040155684544,325.94986055487163,D_left
30,6,650.5940899370229,182.51314950090187,O_left
31,1,825.385592895925,447.4347543409418,D_top
31,2,547.8326865852763,1139.2400401945122,D_right
31,3,621.3177952047818,1403.31092683644,O_right
31,4,997.0953465431044,395.9893615719975,O_top
31,5,602.3056761184956,320.78320976780185,D_left
31,6,664.0043396245525,172.57518346543276,O_left
32,1,823.2308486787059,444.9369021609328,D_top
32,2,538.2914822063094,1130.1449976251631,D_right
32,3,622.1607912421614,1401.6454436976765,O_right
32,4,992.0464537170787,396.8225585115696,O_top
32,5,607.9533228071334,314.3927531107724,D_left
32,6,667.0929195951987,151.30729023696412,O_left
33,1,823.2847062164468,443.113829059988,D_top
33,2,534.4861155179883,1127.2061824956993,D_right
33,3,622.4169604003088,1401.07054724536,O_right
33,4,988.8178070636942,399.7478658997611,O_top
33,5,608.5842906746545,307.7113517701435,D_left
33,6,667.165608314432,144.66396543878687,O_left
34,1,822.1940544531376,443.5028816491642,D_top
34,2,528.9411444449244,1120.2521238726622,D_right
34,3,619.953199174278,1398.0552899391723,O_right
34,4,977.0182637470266,399.4740030949941,O_top
34,5,609.5658280789611,299.64316106925213,D_left
34,6,688.3267683377488,162.0574367046697,O_left
35,1,820.0099402443387,445.15210260095705,D_top
35,2,528.0659696330562,1115.7479533010503,D_right
35,3,614.3463745543635,1393.422757400608,O_right
35,4,964.6961652899372,397.9854659795398,O_top
35,5,613.2365184974957,298.948636048781,D_left
35,6,694.4773524129172,166.05341657115568,O_left
36,1,814.8030619919158,444.916891464285,D_top
36,2,531.9393868089322,1113.0920115455494,D_right
36,3,610.8574256232362,1388.4416165078871,O_right
36,4,950.9514540085715,418.2229198571644,O_top
36,5,610.9913525150679,286.49281160848875,D_left
36,6,695.8580356146077,166.42717717273712,O_left
37,1,809.6581680561718,443.3186738195773,D_top
37,2,532.3645128575896,1111.0751631381409,D_right
37,3,605.3647564393433,1383.865536723905,O_right
37,4,942.5171883874436,430.9758775121536,O_top
37,5,604.4774645729236,269.25239439865175,D_left
37,6,690.7789724600129,158.76034435677653,O_left
38,1,796.7423227655247,442.59381767812806,D_top
38,2,534.2733171593497,1107.7120251235806,D_right
38,3,607.3538760051921,1381.483152715581,O_right
38,4,928.6311934148484,433.46423104211584,O_top
38,5,596.7354608173906,252.3647179921564,D_left
38,6,674.3057527669995,135.6609233681673,O_left
39,1,784.359918257182,436.9194484836723,D_top
39,2,534.061446354701,1103.174015968067,D_right
39,3,608.5089512743144,1380.1626398766557,O_right
39,4,921.7817251993066,440.6567711982875,O_top
39,5,581.6479352086053,230.55480624399837,D_left
39,6,661.913535719019,123.0322060981241,O_left
40,1,767.9223776020758,428.56863798210793,D_top
40,2,531.8131289443085,1081.0079512537116,D_right
40,3,607.2419738394248,1373.4364707727989,O_right
40,4,885.2513219757448,416.5475343167315,O_top
40,5,578.3299508730357,218.51907116420352,D_left
40,6,676.3344364242806,153.17554013463132,O_left
41,1,756.6392373840755,425.4585589731156,D_top
41,2,543.1400666561661,1071.9251159874475,D_right
41,3,608.3680637150144,1370.190863628386,O_right
41,4,866.9646777343919,419.6328190540653,O_top
41,5,579.8441437609105,217.54052324896497,D_left
41,6,693.7262001167571,169.32977101783004,O_left
42,1,747.3368356022679,433.48512635551054,D_top
42,2,547.1089106809349,1066.3763440013954,D_right
42,3,610.230644562811,1363.248397223594,O_right
42,4,850.6977687474457,443.6381764667472,O_top
42,5,624.7055510791396,280.7334576381346,D_left
42,6,676.8492748703839,156.04960249855816,O_left
43,1,739.0776890834687,433.98421758605934,D_top
43,2,551.8188388174443,1064.6719499949795,D_right
43,3,611.2674148536303,1360.1326381751062,O_right
43,4,838.2579889995484,457.2549405644261,O_top
43,6,671.4917170205089,158.86491891259882,O_left
43,5,60.39770520207687,754.2434484495692,D_left
44,1,727.0214463999831,437.4517798803647,D_top
44,2,557.0580091024195,1061.278636345458,D_right
44,3,610.8375970417728,1356.7602031604904,O_right
44,4,827.1619115674316,476.9762470154344,O_top
44,6,651.1334146919542,145.28693671972883,O_left
44,5,587.6787103879379,238.0172345702641,D_left
45,1,715.6580216404109,437.8804665662725,D_top
45,2,557.8836050274368,1056.7065948483043,D_right
45,3,610.152443634886,1352.643182359615,O_right
45,4,820.1714516712063,486.3702361626076,O_top
45,6,639.1479498608786,139.33590705305417,O_left
45,5,579.9251609892484,235.35178192586105,D_left
46,1,697.7412696911634,448.733728160222,D_top
46,2,564.7607703842793,1050.0236381604216,D_right
46,3,612.1795768365035,1349.7119234097554,O_right
46,4,808.4158496012132,500.9716176907803,O_top
46,6,625.5570024272654,128.76844984595934,O_left
46,5,599.2579332543107,275.4550930731833,D_left
47,1,690.5530894936437,459.9289404150333,D_top
47,2,565.5003721802879,1042.6214144470205,D_right
47,3,615.6282309209464,1348.243963961302,O_right
47,4,794.2413483450949,515.2156188831965,O_top
47,6,615.4148138025603,120.76249859204374,O_left
47,5,619.1208390662807,311.4260925309945,D_left
48,1,681.5295358785379,479.3006222532644,D_top
48,2,530.8415346955204,1005.444012937472,D_right
48,3,619.3559211817604,1344.0813121139906,O_right
48,4,783.4260687508989,541.9849010053135,O_top
48,6,613.5871362554727,127.35472499411144,O_left
48,5,624.3443333720172,325.0242692788137,D_left
49,1,673.2951963733126,487.4101119733468,D_top
49,2,525.8403153561757,993.6364713554876,D_right
49,3,620.9533547444485,1342.1367441994073,O_right
49,4,775.5467003889129,556.3129179943469,O_top
49,6,610.4681999731961,129.0574826132474,O_left
49,5,645.6855392694351,359.09677422480496,D_left
50,1,660.5104905042399,500.1564973935073,D_top
50,2,548.7111561297735,993.3038982258006,D_right
50,3,620.276033007321,1339.8242186798489,O_right
50,4,765.5536675335036,573.7998197283872,O_top
50,6,610.0471441445421,144.19406642324836,O_left
50,5,600.3205967894297,309.4650259915914,D_left
51,1,648.3084494614943,500.6749261996901,D_top
51,2,540.8789161395017,977.0512232462546,D_right
51,3,620.2814947205525,1338.56251786875,O_right
51,4,754.2176006725198,586.7981899976855,O_top
51,6,606.4653169211347,155.65620461217833,O_left
51,5,578.9232912930149,292.702892947873,D_left
52,1,638.9413709068331,515.0492887238456,D_top
52,2,539.0224802033094,961.6505453509426,D_right
52,3,621.5300460434604,1330.6266472292732,O_right
52,4,717.2223977677361,575.406842449032,O_top
52,6,598.3665808162159,159.50229834057413,O_left
52,5,566.7414489750005,279.6864136007148,D_left
53,1,637.1987826632666,531.2059172982691,D_top
53,2,543.0192542607205,955.9840554763256,D_right
53,3,625.1565443712319,1320.8186350333597,O_right
53,6,594.4259267806293,165.36324047994952,O_left
53,5,564.2614627302553,279.14936257612135,D_left
54,1,635.5484497672372,550.2933572397316,D_top
54,2,542.7288837690172,948.2388284430835,D_right
54,3,636.1945598312111,1302.07964443519,O_right
54,6,593.441173334775,171.97169651782164,O_left
54,5,559.1931816541162,278.8770440054391,D_left
54,4,729.3784435408373,659.1479966250055,O_top
55,1,631.7656961719597,564.6610236761762,D_top
55,2,542.9380932472975,942.2467279156998,D_right
55,3,647.1902514306178,1284.2934736311672,O_right
55,6,590.5444011079088,171.45936006903352,O_left
55,5,557.5455112593212,281.08935020991464,D_left
55,4,735.1004597606955,682.9349745342115,O_top
56,1,629.4302090265397,582.7611004934597,D_top
56,2,552.1609868113309,940.5662286477136,D_right
56,3,654.8478395960364,1274.1100825836104,O_right
56,6,588.0455552036609,173.7915370704727,O_left
56,5,555.7520902477462,298.7530939589865,D_left
56,4,714.5965368945489,697.05548245047,O_top
57,1,627.3176459950282,593.4541848417568,D_top
57,2,556.4585644911076,932.7046321418836,D_right
57,3,659.6791445375288,1267.2208763532371,O_right
57,6,586.1512797538985,173.88223506935898,O_left
57,5,553.2628177407861,308.52977649693366,D_left
57,4,701.2708507763606,702.1355728540559,O_top
58,1,600.8627207153481,590.4318047238061,D_top
58,2,570.1143411947655,932.6525395809526,D_right
58,3,662.5818982497095,1257.4222741688266,O_right
58,6,586.3770206172863,174.8426536123547,O_left
58,5,554.668431492475,308.174125062035,D_left
58,4,680.005602678032,719.8933609586416,O_top
59,1,542.5606922132857,559.0103269860313,D_top
59,2,574.9371592332285,931.529610389731,D_right
59,3,663.0236860829114,1247.0697355888192,O_right
59,6,586.5787465985826,175.16738741744615,O_left
59,5,549.3757068358699,308.5298683558016,D_left
59,4,666.5414736001766,730.8951674098067,O_top
60,1,551.2032730658867,600.5711950218277,D_top
60,2,579.6553706393564,929.2796704956772,D_right
60,3,672.1166074019023,1234.9022064875385,O_right
60,6,586.6549689926571,175.03436920399432,O_left
60,5,554.354100301943,308.3990454542422,D_left
60,4,657.0060476101385,744.1040824047483,O_top
61,1,546.3085635678592,615.9011087478224,D_top
61,2,583.7079669546142,927.7123199134128,D_right
61,3,677.3552255797495,1227.5686880320775,O_right
61,6,586.790499079892,174.96700819520606,O_left
61,5,555.8176574028281,309.21970124593287,D_left
61,4,650.7189988923445,755.1790253029002,O_top
62,1,532.3107679547,623.2425868897398,D_top
62,2,582.8883083860468,920.8536466303344,D_right
62,3,691.5873880379467,1213.3783440123595,O_right
62,6,589.3420261168861,178.11010403157616,O_left
62,5,553.6484239323452,316.4892179410926,D_left
62,4,638.4219859483327,768.0630866246481,O_top
63,1,515.219313222019,622.7638444564056,D_top
63,2,583.9792647423592,918.9682844549116,D_right
63,3,703.4612847020842,1205.4667653941483,O_right
63,6,591.3622157080589,180.3029207802481,O_left
63,5,551.2015055521283,315.14496084951946,D_left
63,4,619.5075152845434,773.0206868008376,O_top
64,1,533.4077983542661,667.5263162948494,D_top
64,2,582.1962877155466,917.4727560531128,D_right
64,3,717.8305867313702,1194.5033007163204,O_right
64,6,590.8744674989582,178.1298601349473,O_left
64,5,548.3346602487023,310.6579299533425,D_left
64,4,605.6460702376878,779.6241618512983,O_top
65,1,543.0249367347194,700.0207126444533,D_top
65,2,585.481300444589,911.9902074613668,D_right
65,3,725.3412359583549,1188.8830972345313,O_right
65,6,590.2525354307128,175.84840317866332,O_left
65,5,549.9550218913037,311.86198382855616,D_left
65,4,629.8057091561316,823.0912978341024,O_top
66,1,542.4673228364362,713.8929959810985,D_top
66,2,576.7338982954651,898.2877128539799,D_right
66,3,729.3336412768062,1180.9945039803092,O_right
66,6,590.4133422211579,173.88221059135364,O_left
66,5,553.1682501962865,312.21469803647494,D_left
66,4,633.883484614874,844.4878342470371,O_top
67,1,538.679862202285,726.7859130312705,D_top
67,2,583.592146655196,900.2396603609552,D_right
67,3,733.6915691902591,1175.4184976683914,O_right
67,6,590.8284874978765,172.8206643538798,O_left
67,5,555.4849535897753,312.9878038101669,D_left
67,4,634.6546243352037,853.7731600254275,O_top
68,1,530.4439685022286,736.0068426966228,D_top
68,2,575.5903915495576,887.3220455446018,D_right
68,3,723.1401197722748,1162.310453522838,O_right
68,6,591.8119953844641,169.0788797145904,O_left
68,5,556.5872684059594,313.3077556752534,D_left
68,4,631.1385086257172,863.5994485184187,O_top
69,1,522.61341044859,739.801783094231,D_top
69,2,572.972001149344,882.8557791374875,D_right
69,3,687.324563828574,1136.3511380882412,O_right
69,6,591.0068665567505,166.5931519864177,O_left
69,5,556.6411001054217,313.53282532402943,D_left
69,4,635.997406126422,858.1710846932147,O_top
70,2,567.3738083875838,877.869979892615,D_right
70,3,671.8015035726384,1123.196876238463,O_right
70,6,591.0463026154841,167.54016902674908,O_left
70,5,556.5627341768787,313.8277503352893,D_left
70,4,631.436171656443,861.9499262595004,O_top
71,2,564.0075234824172,876.9864758637591,D_right
71,3,665.5918103065264,1117.6109643503642,O_right
71,6,591.6309113118971,169.22585463494346,O_left
71,5,16.417480051899094,726.5352867400695,D_left
71,5,558.6634247739911,317.0173927608047,D_left
71,4,625.4728765523123,867.3353523346527,O_top
72,2,564.7692385421406,876.770111848064,D_right
72,3,658.4998306007964,1112.5514744517284,O_right
72,6,589.40080297584,171.5957725270578,O_left
72,5,12.511541795951732,724.2670184707785,D_left
72,5,559.7556390178164,317.6596977576156,D_left
72,4,613.0299627619066,866.1456595048196,O_top
73,2,557.4025385154431,873.768638786655,D_right
73,3,652.856803764032,1109.180126400509,O_right
73,6,588.0472982430117,173.61941864697954,O_left
73,5,9.468675310928264,722.4827684093337,D_left
73,5,559.6322482814562,318.98041019101385,D_left
73,4,601.469211885368,867.1998875758346,O_top
74,2,539.8108631301524,868.5745683848147,D_right
74,3,610.5860501090118,1089.958069578448,O_right
74,6,587.9924451543866,176.08051551632727,O_left
74,5,558.528442872478,321.2073245544604,D_left
74,4,593.8685031546884,869.9325011940981,O_top
75,2,526.191644076786,875.3163941155613,D_right
75,3,587.4428559284534,1077.139159624973,O_right
75,6,588.1561960636288,177.14488383658986,O_left
75,5,9.550233055463355,722.543880994818,D_left
75,5,557.7814575137056,322.8164103113077,D_left
75,4,586.3850431053563,872.6169107332206,O_top
76,2,510.7577258101053,890.5372524273915,D_right
76,3,569.0246904350381,1078.4920869562145,O_right
76,6,588.8753647021782,178.92396734755047,O_left
76,5,556.9274995502398,324.45258370626607,D_left
76,4,580.0199698588871,867.5579807865784,O_top
77,2,501.7578493359781,901.9670270530715,D_right
77,3,560.0642017843119,1080.7839185819244,O_right
77,6,589.2804561185079,179.22743274148982,O_left
77,5,556.19089490525,325.7276399714997,D_left
77,4,578.8690293982769,869.4532769206978,O_top
78,2,485.482449061037,909.998740254079,D_right
78,3,549.4567223126846,1081.2073523422623,O_right
78,6,587.5452219764131,179.89646300268868,O_left
78,5,551.779593579139,323.704545414885,D_left
78,4,581.8384222729289,876.9426695354038,O_top
78,1,430.8340900150532,792.7819990480452,D_top
79,2,477.2854121618301,913.3655153733032,D_right
79,3,544.3575306546602,1081.6375233302524,O_right
79,6,586.8165020423744,180.4934866934932,O_left
79,5,549.4461274313811,324.24927077467487,D_left
79,4,582.9271955323115,879.9267297692303,O_top
79,1,397.5946709449916,784.7001773182126,D_top
80,2,461.493676120183,903.1280534063573,D_right
80,3,503.8393418804872,1068.2396449424618,O_right
80,6,586.5002684102709,180.70799217504327,O_left
80,5,547.257354363198,326.7686628431596,D_left
80,4,582.8993038342601,884.9306300064802,O_top
80,1,382.4336384549035,785.7157542320542,D_top
81,2,452.3296678847735,900.840332733198,D_right
81,3,486.2077494209645,1065.745584894024,O_right
81,6,586.4850510719755,180.73453658297024,O_left
81,5,548.4083672342585,331.1317850873755,D_left
81,4,577.1865977495073,883.7806900957712,O_top
81,1,374.4938537919671,786.2935780113144,D_top
82,2,443.96394813088335,912.3875189619274,D_right
82,3,472.89781485858015,1063.6341408031562,O_right
82,6,587.4047779886823,181.48868888087304,O_left
82,5,545.6561505524162,331.45313656661057,D_left
82,4,556.6819159345043,876.1143461987732,O_top
82,1,363.3732985810366,788.4422304565707,D_top
83,2,439.4277722678476,917.9942650252464,D_right
83,3,464.8243585277393,1061.9968840070335,O_right
83,6,587.9773183251413,182.00456391176544,O_left
83,5,541.2212417473897,328.61256228336725,D_left
83,4,564.5008517286902,889.6212028636455,O_top
83,1,358.7841221828955,790.9642290772314,D_top
84,2,429.1039045161849,924.971985024429,D_right
84,3,454.6833567339638,1059.4306960156764,O_right
84,6,589.1948418693719,183.57771063772185,O_left
84,5,542.735256787746,331.7383139350672,D_left
84,4,567.0303735283378,894.9875224653939,O_top
84,1,349.8576821891279,794.5455672570863,D_top
85,2,421.0877714089003,927.5551513502904,D_right
85,3,444.38595400443455,1056.2421428597256,O_right
85,6,590.8950935675293,186.14291641241076,O_left
85,5,542.1955089508017,332.1955497801424,D_left
85,4,568.8796896275196,896.9376904324957,O_top
85,1,346.57447299050773,796.3466665807956,D_top
86,2,412.62885594931714,931.0529991712816,D_right
86,3,424.7043398481215,1055.3921662480122,O_right
86,6,593.1254595656093,186.9340110469109,O_left
86,5,545.5562191696404,337.8151506494389,D_left
86,4,570.5903532377849,897.5772343528895,O_top
86,1,343.31715376067746,796.673163455583,D_top
87,2,405.3457498385477,930.349708179774,D_right
87,3,415.9226803999193,1053.9010971518967,O_right
87,6,594.5523601211938,187.94813400382253,O_left
87,5,545.7366633875974,338.9272401828753,D_left
87,4,573.0737805788224,897.3426817263966,O_top
87,1,341.504561398201,795.790740968168,D_top
88,2,395.6117969370737,931.2369846964745,D_right
88,3,412.07272104951954,1052.4099262248783,O_right
88,6,596.9426679733633,187.1125255774137,O_left
88,5,559.6539627284859,338.41917634786654,D_left
88,4,582.4623843186902,902.7906832548184,O_top
88,1,338.51566656336854,795.3432950528547,D_top
89,2,391.1128948163008,933.5717275133624,D_right
89,3,409.8790129744994,1050.845466874195,O_right
89,6,598.264358864929,184.14685090880928,O_left
89,5,567.1862273561641,341.5592472521776,D_left
89,4,583.3992048205171,901.7508968298316,O_top
89,1,339.4993668316612,794.3705599710983,D_top
90,2,381.2910774295169,937.866642036924,D_right
90,3,410.3039346450629,1047.74565652944,O_right
90,6,596.94150041918,183.78796332967644,O_left
90,5,566.2971366706365,351.41331446059763,D_left
90,4,612.2013149147381,901.2114443706776,O_top
90,1,349.2592719460319,797.552616362863,D_top
91,2,377.7907250542584,941.550876469586,D_right
91,3,410.0284973833874,1044.8221394505392,O_right
91,6,594.14994350774,182.81229568757237,O_left
91,5,563.3618153752452,352.63180125180327,D_left
91,4,628.129448201326,892.1897437840994,O_top
91,1,351.40240894987494,795.293133192268,D_top
92,2,373.6011482861587,946.5186357411604,D_right
92,3,413.370974459714,1037.298626578881,O_right
92,6,595.4244262997395,185.76358154224124,O_left
92,5,566.037994788392,355.849144355804,D_left
92,4,642.1184523418927,881.1835658430364,O_top
92,1,349.8864078790928,788.2507256007002,D_top
93,2,371.4779227555821,949.6047722016704,D_right
93,3,414.5901441557413,1033.3000690379044,O_right
93,6,601.1683037340808,196.94992320747977,O_left
93,5,566.6846739643372,357.0307479530832,D_left
93,4,652.5866499124081,879.0060899171631,O_top
93,1,350.12570916090897,784.1363721420076,D_top
94,2,374.1355624433119,950.5373431624586,D_right
94,3,424.867412378769,1019.0655854014736,O_right
94,6,610.7808908833058,211.847406379252,O_left
94,5,568.9968701660307,360.37241389708095,D_left
94,4,658.6669849169658,871.7113952473569,O_top
94,1,346.78123027792407,777.5592776162821,D_top
95,2,371.8932749782515,947.548425700542,D_right
95,3,431.1485670772665,1015.1876329976504,O_right
95,6,617.4157546436841,219.58859239139812,O_left
95,5,567.9422847516923,360.5134837422075,D_left
95,4,673.0559793498319,857.1937113094485,O_top
95,1,356.5219322084864,779.1458590238941,D_top
96,2,371.84105770783344,941.7019761009532,D_right
96,3,432.4868650232052,1006.18185463268,O_right
96,6,619.7533765214905,222.3810935417453,O_left
96,5,564.7812091097292,358.1692213336514,D_left
96,4,691.0020829150169,844.5575159197874,O_top
96,1,388.1839640781565,794.2263169240534,D_top
97,2,372.82730759962215,936.3150503930834,D_right
97,3,437.8540405247692,1001.7539171141784,O_right
97,6,619.5451900503365,222.7412627286538,O_left
97,5,563.070330564196,358.2066846371291,D_left
97,4,699.7857136133338,841.7521562300149,O_top
97,1,402.98655580826926,799.5591489657454,D_top
98,2,370.6063844053695,926.1977722590065,D_right
98,3,443.96568039165305,1000.2187301085996,O_right
98,6,618.0070563300601,222.86182045017043,O_left
98,5,561.1287280538567,362.62843037066943,D_left
98,4,728.0316447937363,847.2656846814448,O_top
98,1,417.5631837830157,792.146362950859,D_top
99,2,369.136040523677,917.9671133408888,D_right
99,3,450.2231747258696,1001.6347013704004,O_right
99,6,617.0150547679535,223.6247320912776,O_left
99,5,560.2544210406151,366.8921491383153,D_left
99,4,748.7756719688,857.0650525340827,O_top
99,1,425.5522662713531,782.930421093882,D_top
100,2,369.9844509062016,908.9154410548956,D_right
100,3,453.68660211236926,1003.6303223540064,O_right
100,6,613.1662395669028,224.7133222581412,O_left
100,5,555.0901221861496,367.8253341777567,D_left
100,4,762.4364214039747,855.6221264438288,O_top
100,1,439.3105498078283,772.3029093118867,D_top
101,2,373.3584004682489,904.2249819120384,D_right
101,3,456.108502710264,1004.1102597568316,O_right
101,6,611.3781726252116,227.64960545808717,O_left
101,5,555.4428052699776,372.5864135987607,D_left
101,4,769.8541603079406,850.8589713024186,O_top
101,1,443.8298621144696,766.8609495047791,D_top
102,2,373.3775811819354,899.2191419480743,D_right
102,3,464.5644900918832,1007.4078026589226,O_right
102,6,610.8116880341354,230.86111491341396,O_left
102,5,548.2160602295315,373.68418207247714,D_left
102,4,777.0114223345236,839.0426346141105,O_top
102,1,449.3546627435804,754.3633523675852,D_top
103,2,371.0158771901173,893.8605017725522,D_right
103,3,469.4990004012519,1013.8215056415956,O_right
103,6,608.9347999780059,230.1254016426124,O_left
103,5,543.928763637843,374.44449707477,D_left
103,4,780.6919218226051,832.6422738868382,O_top
103,1,496.1452728219186,775.8483479584474,D_top
104,2,370.4372619215068,885.8074281397967,D_right
104,3,471.6653737881162,1021.8642339402732,O_right
104,6,605.0682715734399,230.74714699894815,O_left
104,5,539.6325903117933,379.54220986230587,D_left
104,4,785.4042689383967,829.0965004740191,O_top
104,1,550.8137421149803,800.5448245680153,D_top
105,2,376.7041838818586,886.1534975956428,D_right
105,3,475.1809098132713,1026.7597226641228,O_right
105,6,597.13746697966,225.6536759728236,O_left
105,5,539.3379505882311,384.0730627216201,D_left
105,4,790.0958104345519,825.3298041951774,O_top
105,1,582.5742938309091,808.7680986818414,D_top
106,2,407.4192073788957,900.7351110625152,D_right
106,3,475.06521673797215,1033.4859443414362,O_right
106,6,580.9838416161866,216.2192822214942,O_left
106,5,529.5924835563407,383.5220678298628,D_left
106,4,797.2858771326564,819.3385953308435,O_top
106,1,597.9463269368784,809.2511255070119,D_top
107,2,420.4116979296877,907.8075983472584,D_right
107,3,474.2249686928986,1037.31176231531,O_right
107,6,577.4414910815999,218.5729929685664,O_left
107,5,525.6977596791476,388.22779381634206,D_left
107,4,800.8027880999155,817.7592996584463,O_top
107,1,605.015081206552,803.7988706219446,D_top
108,2,434.7757527726561,922.0406824987592,D_right
108,3,491.7391911818053,1055.1062507771856,O_right
108,6,563.3805542357023,223.55497567966415,O_left
108,5,517.8834209492281,389.20781678607744,D_left
108,4,801.0913785373717,811.0384018811999,O_top
108,1,617.371328419941,790.7600778181716,D_top
109,2,440.9670031547427,927.6197915528236,D_right
109,3,506.1834017463624,1068.120008275722,O_right
109,6,558.758272455345,229.93906580405672,O_left
109,5,514.4485525158168,390.744636216298,D_left
109,4,799.5975528966839,806.0748400101046,O_top
109,1,627.7767108774586,792.429687382403,D_top
110,2,440.6633099533162,928.7055337060436,D_right
110,3,486.3029954783064,1063.8289475981494,O_right
110,6,551.3179395665823,234.6812601894437,O_left
110,5,505.9716521424808,389.2695211055136,D_left
110,4,776.0729678285015,777.7741749284924,O_top
110,1,648.060865546633,795.1392049613651,D_top
111,2,441.9439498899143,931.7566713179395,D_right
111,3,526.0301107224049,1090.236402485592,O_right
111,6,548.692057871243,239.43299032678743,O_left
111,5,503.77153714611393,394.6767384223302,D_left
111,4,769.6022806323845,764.3800519521429,O_top
111,1,658.7250661030538,796.4078925782744,D_top
112,2,449.9825096176612,938.3392713671184,D_right
112,3,539.4819038775514,1107.8245286107172,O_right
112,6,539.262811738142,230.6221329276701,O_left
112,5,491.1033344337474,398.1157563472572,D_left
112,4,764.835809484791,749.8341392787738,O_top
112,1,663.6844203355324,795.7924705191685,D_top
113,2,459.0319889540816,945.2064910000222,D_right
113,3,543.6861918707402,1116.0431118885467,O_right
113,6,534.443868062217,224.80422827681895,O_left
113,5,557.3994011670621,485.0176320636272,D_left
113,4,763.8720938188957,740.6065047574151,O_top
113,1,665.6167741019797,793.2196392681756,D_top
114,2,474.7424093332352,956.2016303412472,D_right
114,3,540.4536676823491,1121.4512050232238,O_right
114,6,531.7703317351495,226.7256637253447,O_left
114,5,526.4267338134255,460.6996989217977,D_left
114,4,761.8375429030234,731.91453906027,O_top
114,1,665.8115315459211,790.9294575883725,D_top
115,2,482.4861538773408,961.4829129035296,D_right
115,3,542.9626589077142,1129.388832752719,O_right
115,6,530.9436733058525,230.07161287147343,O_left
115,5,498.378733147853,442.6179062025591,D_left
115,4,742.8312399235474,710.7869263446581,O_top
115,1,664.4070412309225,787.3960040151162,D_top
116,2,484.24910265629865,961.665898002257,D_right
116,3,559.0931160363527,1151.534332473173,O_right
116,6,532.9504052330562,239.9538245153382,O_left
116,5,470.3440492213453,423.5585694016166,D_left
116,4,728.8418528900842,700.1929351967699,O_top
116,1,666.5000161369245,783.9669942488184,D_top
117,2,484.7250390516476,961.6256731601748,D_right
117,3,568.4118997334289,1165.8066722303186,O_right
117,6,533.5934801291795,247.3567794110916,O_left
117,5,464.2203331721519,424.82313315472607,D_left
117,4,722.6567893730531,695.5553035707228,O_top
117,1,663.7640843229455,785.4725784481249,D_top
118,2,485.8201667635621,961.0935455573864,D_right
118,3,578.8931788052454,1182.193758818715,O_right
118,6,529.2567075863848,250.0004703339346,O_left
118,5,455.1386905996801,446.6069154733533,D_left
118,4,725.8001146029428,701.7173341669993,O_top
118,1,630.9283682531334,759.7754707093382,D_top
119,2,483.41672002139416,960.798193107443,D_right
119,3,581.9817804421635,1192.0228036041165,O_right
119,6,525.467639613009,250.3079734765559,O_left
119,5,442.2568539576818,448.0825964247544,D_left
119,4,724.3554469756123,697.2496144371156,O_top
119,1,612.2912110434044,750.7092957511175,D_top
120,2,477.85678564591007,959.9106808311652,D_right
120,3,586.7317106418903,1200.2927407722354,O_right
120,6,494.0028778537274,218.8550939417623,O_left
120,5,429.0138500991636,447.8229276536239,D_left
120,4,707.0221356297986,681.4432683089673,O_top
120,1,603.3250855350838,740.2032133009589,D_top
121,2,477.2096502242716,960.444188953885,D_right
121,3,599.5154559577162,1209.7761769421331,O_right
121,6,468.44835225824926,191.61280024188483,O_left
121,5,411.8601221878165,440.6514423519992,D_left
121,4,659.7646285505728,639.5898776694245,O_top
121,1,598.9993201236691,733.6786979406849,D_top
122,2,475.3796820580088,959.588847240924,D_right
122,3,605.6192321116968,1221.1452612494,O_right
122,6,438.02704284366536,159.82499849373662,O_left
122,5,407.52497312175086,443.83871488659656,D_left
122,4,633.3769994897029,621.8177407618688,O_top
122,1,597.6884928152016,729.1189261271055,D_top
123,2,473.67369700479,959.168525012003,D_right
123,3,608.4378533369073,1228.30285024508,O_right
123,6,440.2523234669313,167.23510918132345,O_left
123,5,399.6346265106754,443.8756376014424,D_left
123,4,621.1875657138436,620.8821143614513,O_top
123,1,594.0274135739318,732.8399846534011,D_top
124,2,472.7173994924007,959.344327880064,D_right
124,3,620.6965095235266,1241.6386698745791,O_right
124,6,446.3393497336289,181.4385111968173,O_left
124,5,405.31324301959177,466.9204247280287,D_left
124,4,610.2066475510854,623.5598070256199,O_top
124,1,557.7840202628362,703.5565663455052,D_top
125,2,473.6977569620612,960.2128102931904,D_right
125,3,635.6934487137969,1251.39483165797,O_right
125,6,435.0767720980806,171.37867265068323,O_left
125,5,335.132732160642,418.755509086476,D_left
125,4,567.3183731273521,600.1940644752424,O_top
125,1,534.3379030934484,683.75536098549,D_top
126,2,467.8506624387112,957.7247299774072,D_right
126,3,647.5093402398646,1261.8703017344153,O_right
126,6,407.1538599437712,146.73647865194187,O_left
126,4,542.9257402798738,602.628064211001,O_top
126,1,513.4012732135302,670.2626438351978,D_top
127,2,464.2505251955195,955.8085442886232,D_right
127,3,651.6477499678284,1265.803962315002,O_right
127,6,389.0148131834106,130.54916656470394,O_left
127,4,531.2313878657534,603.7433925672251,O_top
127,1,502.047634013343,666.2291998183298,D_top
128,2,449.58573971775314,947.2557637062702,D_right
128,3,651.9243829785204,1268.4624256453774,O_right
128,6,362.8426345258754,118.46095242385528,O_left
128,4,519.6759126444207,613.5866173567376,O_top
128,1,493.7027959187318,668.7498046023835,D_top
129,2,442.0565625292589,943.8286558477456,D_right
129,3,650.3734407936098,1271.5443339591225,O_right
129,6,352.73349372903215,118.98542676736749,O_left
129,4,515.2920575687374,616.7319568738317,O_top
129,1,482.8210462362868,667.8721125614303,D_top
130,2,430.2081610802402,937.3802512664404,D_right
130,3,647.0746371099427,1276.3456679728863,O_right
130,6,339.62647627072715,117.77431491481606,O_left
130,4,502.3331654693597,614.4923004676598,O_top
130,1,444.52511503693296,646.1208553132496,D_top
131,2,429.2663730354948,937.6769019104108,D_right
131,3,645.5322590258733,1280.0554879062531,O_right
131,6,337.3678199205763,123.86677210308888,O_left
131,4,477.7706201660003,606.9488843243508,O_top
131,1,411.6662807603726,627.3932029472361,D_top
131,5,367.99434763611305,473.1076140225318,D_left
132,2,429.90292582724754,937.8908674933796,D_right
132,3,642.3129458802156,1285.1170453450077,O_right
132,6,318.8005737023664,119.38190309941838,O_left
132,4,434.06617351949205,586.992236150814,O_top
132,1,386.48768799079846,620.406420257294,D_top
132,5,354.8376205600566,451.18947306681497,D_left
133,2,431.1012619170632,938.4407092736388,D_right
133,3,638.1552555788213,1289.2787282358345,O_right
133,6,307.92248966615034,115.72476796330498,O_left
133,4,416.1547940354389,581.0685792611692,O_top
133,1,382.8092205938,625.3878514839429,D_top
133,5,362.4257722209908,458.49304894682336,D_left
134,2,432.3596160705381,940.8527761398344,D_right
134,3,634.4013791468647,1297.6200666921193,O_right
134,6,295.62371317707465,116.7275005068487,O_left
134,4,407.9075071180786,586.1091360618586,O_top
134,1,385.3546157312711,639.65781812592,D_top
134,5,365.4046609589768,464.27993865569954,D_left
135,2,431.4666111322285,940.8421556672188,D_right
135,3,631.5073030780712,1302.746526239532,O_right
135,6,285.79821590760025,117.41889451476564,O_left
135,4,413.51707807979176,597.6901157143232,O_top
135,1,377.9047155182109,640.4805608785541,D_top
135,5,365.5293613409676,463.187701566754,D_left
136,2,430.6486819481476,940.0093028377072,D_right
136,3,630.0773707785237,1308.6355900784974,O_right
136,6,272.0826669852205,116.23658257617528,O_left
136,4,412.7276556082592,607.9950342215883,O_top
136,1,352.37557358553454,626.8948278026105,D_top
136,5,382.5938284526418,467.7801390652982,D_left
137,2,429.5366688887732,939.6650664025476,D_right
137,3,629.2087674580368,1311.21114685339,O_right
137,6,261.2522631091904,117.28906174167643,O_left
137,4,409.9829680488437,612.7322729130559,O_top
137,1,332.1905186190373,621.3882130740514,D_top
137,5,384.4347220351103,465.40604928907607,D_left
138,2,418.6479249044033,934.7184521320936,D_right
138,3,630.2402514063835,1313.5299567355205,O_right
138,6,240.2786886549981,110.7019942269173,O_left
138,4,411.3758766689695,613.9488361836322,O_top
138,1,312.5675119621816,621.8287124302076,D_top
138,5,388.3619285016053,463.8148645326821,D_left
139,2,412.75400763000334,932.1536245997167,D_right
139,3,630.6009729905138,1314.167447126358,O_right
139,6,238.7767205799158,115.89416324388966,O_left
139,4,409.91663874859097,607.3998518325052,O_top
139,1,311.4419787894096,632.2355573686293,D_top
139,5,391.2516160704366,460.62402504987847,D_left
140,2,407.7127379449522,930.5775315062592,D_right
140,3,629.381476594406,1316.2095781345888,O_right
140,6,236.90692823438587,117.17075658168956,O_left
140,4,403.484934895501,604.1998135047131,O_top
140,1,313.09899061936113,645.4227318602013,D_top
140,5,381.7791192705517,436.167393195278,D_left
141,2,402.3614058865309,927.1619371446784,D_right
141,3,628.43815817826,1319.462221485571,O_right
141,6,237.5493110137176,116.46823249958172,O_left
141,4,385.05084237952906,601.6527902455857,O_top
141,1,311.4385548174664,653.2103627494549,D_top
141,5,377.4399993477001,409.1692748099067,D_left
142,2,397.75852102075487,924.8256714965584,D_right
142,3,626.982567516774,1323.956768137062,O_right
142,6,243.03526101249605,118.40017466553758,O_left
142,4,361.4381656102788,597.0797102661546,O_top
142,1,304.48485332006464,658.0170484895534,D_top
142,5,376.7227568562742,386.3113176870489,D_left
143,2,394.8760868258185,922.5920445473696,D_right
143,3,626.9485853090185,1326.653675864416,O_right
143,6,242.36657180652315,113.61318932705754,O_left
143,4,350.18463052720057,597.4778296153511,O_top
143,1,300.7761571621096,657.9515890316248,D_top
143,5,369.548694803935,373.6045248959276,D_left
144,2,393.0025055407992,921.2086494243716,D_right
144,3,626.2323212504749,1328.4691036238803,O_right
144,6,261.5889449899288,127.2940695044436,O_left
144,4,341.2224947048458,601.3873573100173,O_top
144,1,297.1709388811292,652.4083551610782,D_top
144,5,366.0558488457187,353.0676651768944,D_left
145,2,392.62675373447786,920.8583446303124,D_right
145,3,626.5691416734603,1329.9480293297229,O_right
145,6,274.75526187755406,135.11490767746702,O_left
145,4,341.49000447057057,607.6044515274255,O_top
145,1,289.99532256339853,646.5367245285968,D_top
145,5,384.5919155709624,364.02002652547134,D_left
146,2,393.4774421257908,920.7771937552473,D_right
146,3,627.3880810301566,1331.1666486963225,O_right
146,6,278.7467284674036,129.18701071195136,O_left
146,4,343.3714289061477,614.6994207478917,O_top
146,1,274.76943532121953,636.4460278013526,D_top
146,5,391.5805312356976,361.8565899794164,D_left
147,2,394.3125401883788,920.4757565600004,D_right
147,3,627.7379489964437,1331.4925239628126,O_right
147,6,283.38544160139367,125.31269420371038,O_left
147,4,342.75696060910536,618.0305032083406,O_top
147,1,263.6067358666128,630.2836237129579,D_top
147,5,397.8397015937605,360.756792101689,D_left
148,2,396.4806134154626,920.9923522479886,D_right
148,3,627.2628341606303,1332.3628222117743,O_right
148,6,286.03068421295774,125.3151537184896,O_left
148,4,338.787521738545,623.9797536430851,O_top
148,1,237.15762523830304,612.8884399785474,D_top
148,5,399.0114483006773,356.8792695358409,D_left
149,2,397.4765381420556,921.272749117366,D_right
149,3,627.6771007835691,1331.7128946515784,O_right
149,6,285.9890434055809,127.69626298711884,O_left
149,4,335.26243874191346,627.8637656676857,O_top
149,1,229.68255092345328,610.228590040571,D_top
149,5,398.5059091448577,352.15590749345233,D_left
150,2,403.86221955917046,924.0333806124012,D_right
150,3,628.5845263529937,1332.0364610261215,O_right
150,6,287.6925553183761,132.16297794239503,O_left
150,4,333.6489651871114,633.0958059621587,O_top
150,1,229.9458374536785,612.846044722489,D_top
150,5,396.9546336926746,352.7189006193417,D_left
151,2,405.2868219711908,925.02461766637,D_right
151,3,628.4740069842479,1330.9621782597235,O_right
151,6,290.1306611865793,134.11448995824014,O_left
151,4,332.7720253066544,635.912750324102,O_top
151,1,231.9125814964728,614.2463313991675,D_top
151,5,353.91724946439206,312.9289362281774,D_left
152,2,408.7101180115934,926.1406491548116,D_right
152,3,628.8298310246032,1329.904418873818,O_right
152,6,272.6031049301373,122.30779914337649,O_left
152,4,324.5798846096421,631.9018724837442,O_top
152,1,228.8885691232049,611.81846306411,D_top
152,5,331.8626995986501,298.8156535260521,D_left
153,2,413.2410385587577,927.9973327741689,D_right
153,3,628.8655175898032,1329.4111098182657,O_right
153,6,265.0143825861606,117.69678836584956,O_left
153,4,320.701825668897,631.6563859805584,O_top
153,1,225.8192778186708,609.2567336190759,D_top
153,5,322.19333081009216,293.244631752519,D_left
154,2,418.4121510166576,929.7909674116156,D_right
154,3,627.8094177941714,1328.941354954395,O_right
154,6,249.49047909127572,107.93496227950736,O_left
154,4,306.52989727441883,626.9130217572167,O_top
154,1,226.06044706680785,609.1934796567917,D_top
154,5,311.42145264389325,292.0660881487058,D_left
155,2,422.1179125909524,931.0263916492956,D_right
155,3,627.384233455107,1328.7315289337423,O_right
155,6,247.3996533456718,110.82979632208443,O_left
155,4,292.8088120552014,620.4075186984671,O_top
155,1,224.7773780404115,609.4636819386777,D_top
155,5,304.7345239172015,294.4691813198057,D_left
156,2,423.4061527166288,929.8106222636596,D_right
156,3,627.3080170313846,1328.4750209839294,O_right
156,6,242.47210124508632,116.31085435752745,O_left
156,4,285.91954056671864,618.5570978335807,O_top
156,1,248.58128587630617,626.5356570271405,D_top
156,5,298.8714827221657,299.0641745922498,D_left
157,2,423.42188896892384,928.4873551157942,D_right
157,3,627.3322439213902,1328.3742978248488,O_right
157,6,240.1239173773401,126.65285347584457,O_left
157,4,282.7506876978925,617.1096047554952,O_top
157,1,245.0581576704952,623.3860510556189,D_top
157,5,297.45210334723043,303.47527546821124,D_left
158,2,421.30736438314295,926.121211238268,D_right
158,3,627.2995497580546,1328.3001943717045,O_right
158,6,227.6417453080713,127.9895280808866,O_left
158,4,276.25505343706465,613.7234198796488,O_top
158,1,238.5928094460402,618.2466941019859,D_top
158,5,286.7880565828854,299.3090915543723,D_left
159,2,420.7518028084931,924.8000318903188,D_right
159,3,627.2925651741509,1328.2484429074625,O_right
159,6,225.77126049747,137.7352995362651,O_left
159,4,274.91511021727456,613.8320845870511,O_top
159,1,237.4061470903493,617.1206518187885,D_top
159,5,279.2715770696041,298.4568031621431,D_left
160,2,421.73452195838433,923.9824770157109,D_right
160,3,628.140530041459,1328.7348282377582,O_right
160,6,227.0680944561462,148.33641075060746,O_left
160,4,275.5673914702576,614.5881252614068,O_top
160,1,232.46959159263665,613.9819107837825,D_top
160,5,244.6005567798716,276.1261563526368,D_left
161,2,423.2678036996496,923.3080124447246,D_right
161,3,628.5662090480241,1328.7552785531614,O_right
161,6,228.28408647619452,154.46815551154356,O_left
161,4,273.9722391522194,613.2389547135015,O_top
161,1,232.4813249886006,614.8642444152705,D_top
161,5,238.16711940167733,278.8223533795855,D_left
162,2,425.5839172918626,921.9107672954118,D_right
162,3,627.4963894213699,1328.80618569406,O_right
162,6,230.82355784539968,156.69908688879647,O_left
162,4,273.8946804399682,612.3343522769954,O_top
162,1,231.8102803186983,613.8853350462107,D_top
162,5,217.27794133156348,274.1586051370372,D_left
163,2,429.1788202501183,922.0232323707232,D_right
163,3,627.0926788017466,1328.8129751182323,O_right
163,6,229.40583140057268,154.7863279210899,O_left
163,4,274.3702130051679,611.4966835766855,O_top
163,1,231.6885237759922,613.5586547633384,D_top
163,5,209.81814995622,276.2839607887385,D_left
164,2,430.2678702639701,922.552193252277,D_right
164,3,626.7300085399602,1329.0686331636673,O_right
164,6,226.61418717344176,147.49449365279742,O_left
164,4,274.95718017973144,610.6363310542231,O_top
164,1,232.0187298077288,612.9733103011071,D_top
164,5,212.2707958833976,285.5627245229669,D_left
165,2,430.57625353403125,922.7408883671844,D_right
165,3,625.753673845361,1328.655069867443,O_right
165,6,231.5723867381793,147.92850578125316,O_left
165,4,274.1881222377139,607.2971341277135,O_top
165,1,230.87851282092885,612.4606634465914,D_top
165,5,233.55699853610625,309.32961556322954,D_left
166,2,430.6653741527445,922.8266166611854,D_right
166,3,624.9779054736623,1329.055706385299,O_right
166,6,230.3717733661496,139.60089790428924,O_left
166,4,275.4267394451118,603.5462935789261,O_top
166,1,226.2540622701386,609.03221467311,D_top
166,5,245.8609381961737,322.1088281075286,D_left
167,2,430.64081835348105,922.867745112146,D_right
167,3,624.7215643974646,1329.2065715649655,O_right
167,6,228.59544199706085,131.79487828938326,O_left
167,4,271.2019622396556,597.6947310293523,O_top
167,1,223.79618418750368,606.451979557805,D_top
167,5,252.09090875982017,327.39688584752344,D_left
168,2,429.09767956769423,921.9236224139314,D_right
168,3,624.6136827902319,1329.2501343091944,O_right
168,6,230.21025229837187,131.4698830016331,O_left
168,4,259.4308306515455,584.4128201266486,O_top
168,1,226.57196490518524,609.7440703620629,D_top
168,5,254.5327755112688,329.31329458973426,D_left
169,2,428.92077383372657,922.4555592440288,D_right
169,3,624.5691107149881,1329.2572027625815,O_right
169,6,230.0565370053399,129.57989794740962,O_left
169,4,255.6283191906953,578.3656275343855,O_top
169,1,228.7634821907924,611.8587536777306,D_top
169,5,254.4967110531568,328.95679156911945,D_left
170,2,428.9200093069608,922.6923422820804,D_right
170,3,624.4785075589689,1329.3994420715171,O_right
170,6,230.3838291225233,121.22469249864928,O_left
170,4,257.98935729393395,575.4476341474029,O_top
170,1,232.63219757740424,615.6799504757165,D_top
170,5,257.3116106173805,327.0247280761077,D_left
171,2,428.68006338876097,923.2120661473816,D_right
171,3,624.6347213684619,1329.1541995735204,O_right
171,6,245.48350616367944,130.6427425603069,O_left
171,4,258.97939637587405,569.1715836542237,O_top
171,1,233.36667131173647,615.8215104943858,D_top
171,5,256.8655571458568,329.0947999028016,D_left
172,2,426.8522860311848,922.8565231102914,D_right
172,3,625.1394063283955,1328.4877039811768,O_right
172,6,258.3050631268561,142.01499368356502,O_left
172,4,259.67107308277946,564.1366126277373,O_top
172,1,233.25310166459525,614.0381521285149,D_top
172,5,249.58316142441544,321.1167436908688,D_left
173,2,426.61172030030576,923.613636417984,D_right
173,3,625.2760811888476,1328.2102307058326,O_right
173,6,263.2343856779591,145.56794596627006,O_left
173,4,259.2810020172981,561.0097278418291,O_top
173,1,234.2123247781832,614.14278546736,D_top
173,5,239.16536210743692,306.29944444129734,D_left
174,2,425.2833409894497,924.1873659014668,D_right
174,3,625.2510827353581,1328.2494759424096,O_right
174,6,263.6719049695852,142.43684594252122,O_left
174,4,257.1822012767093,555.2392555093013,O_top
174,1,232.83000165313888,612.0777955589418,D_top
174,5,236.14059856321737,292.62280455455954,D_left
175,2,426.8255541819631,926.3189846874966,D_right
175,3,624.3018470902939,1327.913798540308,O_right
175,6,266.2252880354485,143.33509156490442,O_left
175,4,257.1102640670743,552.2512892221761,O_top
175,1,229.1018569391753,608.8960666507404,D_top
175,5,238.6264219453872,281.0695633858195,D_left
176,2,429.770234895436,930.302988864429,D_right
176,3,623.942243854581,1327.784972345127,O_right
176,6,270.84292362406035,143.90789934535715,O_left
176,4,252.3784557195508,540.5409726310743,O_top
176,1,225.7598455102517,603.3310294365829,D_top
176,5,234.59730668462,266.0484700967762,D_left
177,2,431.8213169954366,933.5187069517216,D_right
177,3,624.8645987847607,1327.9751242774769,O_right
177,6,272.0497726089301,141.46413058416204,O_left
177,4,252.15437199670467,536.6633157108635,O_top
177,1,224.4881023766019,601.189339475006,D_top
177,5,232.7100626874174,258.3184823061182,D_left
178,2,437.167232214834,943.0698140637488,D_right
178,3,624.9206917908654,1328.831063397163,O_right
178,6,281.7907308689651,148.6858892783979,O_left
178,4,249.26155240850343,533.0388121655201,O_top
178,1,216.09133781599888,590.5968546617429,D_top
178,5,227.65282620132095,247.50196919115504,D_left
179,2,437.9673263642108,946.4300736217104,D_right
179,3,623.9885984369555,1328.5946915619088,O_right
179,6,279.7154226388228,146.76364839571585,O_left
179,4,250.1033455449801,533.4106177649707,O_top
179,1,214.3383550197649,586.2481139821149,D_top
179,5,229.26961507634223,247.2620539530849,D_left
180,2,441.2571730996765,951.1909725320384,D_right
180,3,624.2544416398412,1327.4839233805758,O_right
180,6,287.5515108177357,157.92816527129082,O_left
180,4,259.2299591287654,537.8087191220258,O_top
180,1,212.73101683892327,583.8630727397688,D_top
180,5,238.17947013354205,263.0753589706219,D_left
181,2,439.8453276660443,953.4326232838788,D_right
181,3,627.757938938203,1325.3831904705046,O_right
181,6,303.222090349906,184.62497880893,O_left
181,4,265.35901688203376,542.5603681907237,O_top
181,1,227.64576268441485,586.1839853016072,D_top
181,5,245.3486245653354,274.1055664217856,D_left
182,2,441.51163734501705,957.217688315506,D_right
182,3,632.4422277726345,1323.1115350088346,O_right
182,6,320.4961693156378,211.00882744408736,O_left
182,4,268.26521399822064,548.7204597862988,O_top
182,1,234.1677810246509,587.8498823126478,D_top
182,5,245.53039772797484,276.62763278421147,D_left
183,2,441.9779052864717,958.5835313178104,D_right
183,3,637.3262851119123,1322.9318545664637,O_right
183,6,327.3266971999729,219.4012925706133,O_left
183,4,266.4099611040259,550.7359327807683,O_top
183,1,234.28886538347496,584.5136545536699,D_top
183,5,233.23952581709625,264.2881873161654,D_left
184,2,440.4003634640632,958.50587235608,D_right
184,3,647.9208336390652,1325.653960871769,O_right
184,6,327.5686337850375,226.10534147702208,O_left
184,4,263.0480278170759,545.1959111143123,O_top
184,1,238.4555674636549,586.4629603811685,D_top
184,5,245.44959441249603,280.06070183660285,D_left
185,2,438.049305884876,959.487274802918,D_right
185,3,649.9239537726875,1323.9805841745704,O_right
185,6,331.14848953447955,240.27658550520596,O_left
185,4,247.22776471108568,530.2864250468169,O_top
185,1,243.8070624666682,588.8115544875477,D_top
185,5,260.3132850520896,295.2633822956436,D_left
186,2,439.1248222784404,963.2264814336048,D_right
186,3,652.1557691574944,1322.7378145163395,O_right
186,6,362.8324682451933,288.0487031917888,O_left
186,4,209.5589235870964,494.0181451293829,O_top
186,1,252.27507985933065,580.8710515278881,D_top
186,5,266.4856186148132,306.83796629802606,D_left
187,2,437.8627870185772,964.0904026460388,D_right
187,3,652.0150462517176,1321.8641178574762,O_right
187,6,370.6426663271102,306.63808848234,O_left
187,4,184.5665459012466,471.086060256099,O_top
187,1,255.65021239299853,580.3131295386396,D_top
187,5,267.08060816847114,314.61525655225154,D_left
188,2,439.9118661493949,968.6570681890436,D_right
188,3,651.4130663299148,1322.258728610435,O_right
188,6,382.85655302202673,335.3794839728756,O_left
188,4,153.56619605295296,448.3302960106552,O_top
188,1,265.8483125338401,588.4161817493721,D_top
188,5,285.1003915083932,343.71029960061253,D_left
189,2,442.0673843148859,971.1054247502366,D_right
189,3,650.1993349847903,1322.0267203800834,O_right
189,6,387.83975043423857,347.0905327252448,O_left
189,5,155.97281270444947,813.2227460289594,D_left
189,1,270.83167788242844,591.6564049971564,D_top
189,5,300.4633891611166,364.6426527656096,D_left
190,2,442.3097371421867,972.70854183755,D_right
190,3,648.8808007729983,1321.2823755007598,O_right
190,6,382.9510516902088,354.27769920714064,O_left
190,5,181.530237144244,829.002750001106,D_left
190,1,277.25889962325886,595.0770765291608,D_top
190,5,307.94240830405505,377.3667961830777,D_left
191,2,444.7525976521315,974.0900779677884,D_right
191,3,645.1308769900277,1322.3748853049524,O_right
191,6,381.410602839697,360.49779493668825,O_left
191,5,198.0679461615657,838.4062597068873,D_left
191,1,277.658364663986,596.4710331799761,D_top
191,5,306.26593556329954,383.47816923581104,D_left
192,2,443.0945587386656,975.1839915933716,D_right
192,3,639.2620494218405,1325.842633313922,O_right
192,6,388.4476007628607,398.4897537990298,O_left
192,5,185.6161455467881,832.0473787363902,D_left
192,1,272.7650897888389,594.5850657694019,D_top
192,5,298.8366969991344,387.9933633614151,D_left
193,2,442.6037607230851,975.5564314299507,D_right
193,3,635.167698276137,1328.4872952603369,O_right
193,6,393.3083491764484,426.5300486009914,O_left
193,5,181.12665402534464,829.7103376289655,D_left
193,1,265.61358166147846,590.4296510728556,D_top
193,5,289.8155958664513,391.993781853145,D_left
194,2,435.1604029775564,972.8710558551052,D_right
194,3,631.0229084246502,1333.5596694644928,O_right
194,6,398.5256264187756,452.8118887503729,O_left
194,5,171.76760671736088,824.1958421919406,D_left
194,1,247.38454227706885,578.8303479021257,D_top
194,5,296.0133769209852,408.3909924183748,D_left
195,2,419.0430410980747,963.692411917076,D_right
195,3,628.9122102047792,1338.355548897951,O_right
195,6,394.6349479544497,463.0277680410776,O_left
195,4,148.73690499744424,395.0092586951731,O_top
195,1,229.70433952224164,568.9726927983056,D_top
195,5,295.0131211537082,428.63164114118285,D_left
196,2,403.52831637670187,954.9862368476204,D_right
196,3,626.6104046360139,1342.644295389956,O_right
196,6,390.43104643616215,485.5775401468405,O_left
196,4,152.53641773613523,391.8572963175951,O_top
196,1,211.22056806176383,561.200328763121,D_top
196,5,289.6806664893536,441.9577483394075,D_left
197,2,393.288761703613,950.1259172433656,D_right
197,3,622.9070823231145,1343.0576926497035,O_right
197,6,379.6093413071913,492.3985574267142,O_left
197,5,107.94597011636016,786.7983434949762,D_left
197,4,153.46730964952576,392.1625066914822,O_top
197,1,199.3944741106688,558.154192149376,D_top
198,2,379.5018707875559,941.6186501486268,D_right
198,3,622.0305321715892,1342.4416950771983,O_right
198,6,379.1309977739383,519.861937158982,O_left
198,5,124.19353891769563,795.1899353470305,D_left
198,4,147.50746968813658,391.2142424499494,O_top
198,1,183.842146578502,551.2987971347767,D_top
199,2,376.3083228807448,938.9937880078176,D_right
199,3,621.9170136095277,1341.8721738184722,O_right
199,6,394.1065537259474,562.1449196468303,O_left
199,5,107.20428429132826,785.1904216531576,D_left
199,4,150.44683558807404,395.45485682722,O_top
199,1,176.95820500037752,548.0347695362897,D_top
200,2,373.1728927085617,936.2290248145716,D_right
200,3,625.8705267057369,1337.4769675004843,O_right
200,6,401.1732672646763,595.1421055549589,O_left
200,5,125.19212106732802,794.670695742853,D_left
200,4,179.7745994936936,423.0175233322143,O_top
200,1,172.92251005402628,544.1308133523136,D_top
201,2,372.7521413793461,936.1932811217018,D_right
201,3,631.4559063386432,1333.004816840546,O_right
201,6,371.0540745634054,586.5959554453254,O_left
201,5,116.77997786146943,789.8209427976627,D_left
201,4,223.05385765773377,460.3634176418267,O_top
201,1,173.0152171339743,540.160610857278,D_top
202,2,372.7698218533534,934.0484431069136,D_right
202,3,636.2711267413638,1323.2811507068395,O_right
202,6,331.1481673551873,574.768784422895,O_left
202,5,140.90587842179875,802.4120987989032,D_left
202,4,169.12786738176248,416.55442268277926,O_top
202,1,175.54475448179076,543.4081374130609,D_top
203,2,373.21857158673305,932.9174849272569,D_right
203,3,641.9838765656201,1313.450952255287,O_right
203,6,358.1836386245235,619.1781142644198,O_left
203,5,138.83740468468278,800.4567479305177,D_left
203,4,152.1253539110392,403.9502350299022,O_top
203,1,178.14250283083038,542.1254686078111,D_top
204,2,374.2423076473312,931.3142683475664,D_right
204,3,650.6130697268013,1295.8548041776055,O_right
204,6,337.4955208100461,642.2735750831481,O_left
204,5,91.41818473010936,775.0033707069356,D_left
204,4,137.98409137280893,393.5743402126211,O_top
205,2,371.2247751159832,927.4115945893186,D_right
205,3,657.6123667915342,1287.003715790334,O_right
205,6,331.2801102656628,665.6298078175535,O_left
205,5,61.92116021217831,758.5302419579306,D_left
205,4,132.0993570183983,390.9913353232811,O_top
205,1,144.80520112915875,481.4130341120565,D_top
206,2,360.71838014620187,921.41235027137,D_right
206,3,666.8981469548412,1280.6726848630424,O_right
206,6,327.89126325249833,699.0639083288085,O_left
206,5,55.0369166736185,754.8695494363071,D_left
206,4,138.16805877808395,398.8748469597989,O_top
206,1,149.7203526359275,481.6327501155546,D_top
207,2,351.58053457797257,916.6153806881316,D_right
207,3,673.2225522480603,1275.781981276809,O_right
207,6,323.910783118438,713.3849749548664,O_left
207,4,142.64509998806153,404.58752406506073,O_top
207,1,153.54929802464147,483.7870519034756,D_top
207,5,264.6797358416432,637.037604317044,D_left
208,2,350.3527171634737,899.1734010466101,D_right
208,3,682.7640818492945,1264.3565266855028,O_right
208,6,310.94664782051984,731.231124839614,O_left
208,4,143.59552405668106,407.7592948827825,O_top
208,1,157.49804019690362,492.60679345775947,D_top
208,5,249.15886112698868,654.6963422532349,D_left
209,2,340.77201045636747,899.3776298893829,D_right
209,3,679.2838248492336,1249.426947897654,O_right
209,6,292.7586766235941,733.8520039616948,O_left
209,1,161.73396077626938,492.45592524828857,D_top
209,5,211.1546617988748,635.285019398022,D_left
209,4,189.0888580900508,608.6953928748916,O_top
210,2,333.94587167119937,889.5069978476859,D_right
210,3,682.6403503607736,1238.0268229247451,O_right
210,6,304.366737873776,775.1125754593932,O_left
210,4,154.49559773035142,416.17001926779466,O_top
210,1,173.42905652685366,498.8332933626294,D_top
210,5,135.097005570511,598.0157744933904,D_left
211,2,328.1944307650902,885.6681350195654,D_right
211,3,691.9760695136997,1228.817665286712,O_right
211,6,300.8973155169,794.6071540989484,O_left
211,4,155.916709687663,416.2114298007184,O_top
211,1,184.3080837169643,502.477770269328,D_top
211,5,157.94946269796205,625.4073596666161,D_left
212,2,317.43396343094355,885.472127029366,D_right
212,3,715.1304019140322,1224.4493800836317,O_right
212,6,293.1936153730374,830.3914792881949,O_left
212,5,76.26067750521112,766.366490572144,D_left
212,4,157.11482677024568,415.12277904318,O_top
212,1,198.0849451036652,507.6633501301379,D_top
213,2,310.6132825016037,884.0294141260218,D_right
213,3,724.6657646749122,1221.0544757080213,O_right
213,6,292.00978343663814,846.3002516808594,O_left
213,5,81.8280773909971,769.9131333715608,D_left
213,4,154.94736761740128,412.488604575118,O_top
213,1,201.12658133584253,507.37935237366383,D_top
214,2,289.78803474857835,883.4157890959788,D_right
214,3,728.2956956370053,1219.434577457766,O_right
214,6,296.2111535737304,860.2741644495488,O_left
214,4,153.06952130121678,409.7461315866759,O_top
214,1,204.19288352351825,509.0238550213197,D_top
214,5,254.81648622093255,756.7113469945884,D_left
215,2,309.1611577419666,881.9352665286034,D_right
215,3,727.9979634293657,1217.542411781374,O_right
215,5,173.29264739618256,822.3534424797228,D_left
215,4,154.36722330821527,411.3461116747278,O_top
215,1,205.24467596769492,509.7112844469984,D_top
215,5,256.62402426334387,777.9597417636842,D_left
216,2,312.04774580955643,882.4063111415805,D_right
216,3,727.7259950811081,1220.626469128814,O_right
216,4,154.85504647951203,415.29471818013417,O_top
216,1,208.0297387434021,511.2351372530428,D_top
216,5,231.52226312818777,785.9345989184225,D_left
216,6,232.1075438578539,882.1905456571698,O_left
217,2,305.62244188667177,877.394825646402,D_right
217,3,726.2584535199742,1221.9534674354113,O_right
217,4,155.37836576006936,416.3158430931119,O_top
217,1,208.83965905349467,512.5421997898277,D_top
217,5,235.41152572717044,809.0464424117883,D_left
217,6,212.86029956482344,884.9344618873259,O_left
218,2,280.2639039204385,855.1637277208355,D_right
218,3,726.0425483735241,1225.5464638416536,O_right
218,4,152.4990320204315,419.15329076379015,O_top
218,1,205.2552215212424,511.4737232997831,D_top
218,6,197.3304414396842,899.5714419411329,O_left
218,5,193.74707885091144,835.929000095698,D_left
219,2,294.10353538716754,866.7551949715581,D_right
219,3,727.5852450845962,1229.4959252394096,O_right
219,4,151.11922704547737,424.08388844044345,O_top
219,1,204.0672973414583,510.43888176362975,D_top
219,6,191.1640423565351,908.5882514749164,O_left
219,5,196.292720319097,835.6919120412684,D_left
220,2,304.59560520395496,870.3085258601901,D_right
220,3,728.0712288345464,1234.637906625804,O_right
220,4,155.6127164521282,426.823699201192,O_top
220,1,210.62691591487237,515.0404825624711,D_top
220,6,181.7930952651309,917.7512157801648,O_left
220,5,203.8895511750657,842.051714145192,D_left
221,2,318.9028348728812,881.5871459603131,D_right
221,3,725.2796237970482,1237.6861794499748,O_right
221,4,152.13696923410598,424.2001499796396,O_top
221,1,222.3706037492554,522.837640996009,D_top
221,6,177.751099167033,929.2779089040556,O_left
221,5,180.94945516542592,828.0384964650074,D_left
222,2,326.92083727728937,889.1975331117895,D_right
222,3,718.6463899995213,1243.988065226251,O_right
222,4,152.7737148547009,426.5403554559341,O_top
222,1,231.53560044877963,528.9264060520287,D_top
222,5,170.09733774427684,817.2281538138942,D_left
222,5,209.84707843949425,866.763012035566,D_left
223,2,332.5271294897467,889.2328410385871,D_right
223,3,716.1003414457039,1247.9029730047955,O_right
223,4,158.86185868320644,435.6707053705396,O_top
223,1,248.19504144471549,540.5401350579797,D_top
223,5,155.26831841814806,806.7382390533538,D_left
223,5,164.6195922347314,844.254226142253,D_left
224,2,333.5475235428227,889.1095551197736,D_right
224,3,714.4717693623555,1250.44530584349,O_right
224,4,159.02582673707124,439.6914574655846,O_top
224,1,251.4941848025398,541.742021424606,D_top
224,5,143.0394006348175,798.8144646779656,D_left
224,5,207.97508325077973,883.391974103882,D_left
225,2,335.6594304165672,887.6625961835182,D_right
225,3,714.6899342253134,1251.654300716812,O_right
225,4,162.24780952527456,444.5851737478224,O_top
225,1,253.49562668836265,542.8199096419615,D_top
225,5,128.53890361450416,791.9511664782186,D_left
225,5,222.866554398204,900.1517631315589,D_left
226,2,338.6600140379378,889.2569401709443,D_right
226,3,714.1557550006819,1252.9643141043523,O_right
226,4,165.12295930118506,449.4116944848598,O_top
226,1,250.8317540711084,540.5043780040219,D_top
226,5,173.67427780734872,821.181215126831,D_left
226,5,222.64838814460836,909.0860032231594,D_left
227,2,340.52733868489,890.353401432283,D_right
227,3,713.7644209059154,1253.694119541998,O_right
227,4,161.10701740840986,447.73023886156176,O_top
227,1,250.40679716020836,540.8882721497044,D_top
227,5,190.59627496643716,833.3067278478937,D_left
227,5,216.8413763155634,912.838360728852,D_left
228,2,350.6657284806009,898.5106126304814,D_right
228,3,710.3420550019587,1251.9311133613342,O_right
228,4,159.41904470084594,450.155282902921,O_top
228,1,252.86112066867992,547.092816015563,D_top
228,5,196.19116953786573,836.8404286820004,D_left
228,5,212.7221037079008,923.1175979155736,D_left
229,2,354.5445888483091,901.0754575045186,D_right
229,3,708.0367343151102,1251.1476797825023,O_right
229,4,162.21123488124465,454.69948593710205,O_top
229,1,251.1368099709165,548.6781487221542,D_top
229,5,200.41300047223748,839.4626154794624,D_left
229,5,215.16025161071283,935.283639659548,D_left
230,2,385.55079000375486,922.1728705422718,D_right
230,3,703.6090753318454,1251.0004793015753,O_right
230,4,156.40963784378556,456.26732546361467,O_top
230,1,256.88372975021576,559.6090226490004,D_top
230,5,200.6332777370855,840.2029636687528,D_left
230,5,218.86530499914932,945.2338590883544,D_left
231,2,407.4164508956486,935.8633334326848,D_right
231,3,702.0124205989323,1250.948036661125,O_right
231,4,156.355017666761,462.5638701322352,O_top
231,1,262.6280909910513,568.1340948872557,D_top
231,5,193.8565156469695,835.7376032776708,D_left
231,5,244.80090401071345,964.5706898960826,D_left
232,2,421.9995038380816,945.9946303506912,D_right
232,3,701.8739478048983,1250.313492147416,O_right
232,4,157.70393078482297,469.26280548279175,O_top
232,1,265.7614690347311,575.0037667647124,D_top
232,5,193.32586037749965,835.2044738214419,D_left
232,5,263.31075256806884,985.9835272440872,D_left
233,2,423.969120616193,951.9903028727056,D_right
233,3,702.5210882566646,1250.8208247247371,O_right
233,4,158.36467986092316,474.2065097897,O_top
233,1,270.0211245486065,582.2859038777458,D_top
233,5,182.621223542794,828.740464145534,D_left
233,5,235.5310713951565,976.5440501006372,D_left
234,2,425.55446469515215,962.2375345777028,D_right
234,3,703.0179103326807,1248.8285549271754,O_right
234,4,157.7331402661919,474.506298204108,O_top
234,1,275.0059391444061,589.2234610482361,D_top
234,5,164.96047708786227,817.4849057658944,D_left
234,5,315.64184339600627,1021.6667617833356,D_left
235,2,427.8267880949003,967.3503884285238,D_right
235,3,704.1838019651077,1248.1601357336435,O_right
235,4,143.06071930057962,465.0741500404548,O_top
235,1,276.4352341835495,591.4475860081543,D_top
235,5,161.14218883582106,814.8716606528388,D_left
235,5,331.2858619428461,1030.63750021513,D_left
236,2,433.3497786612821,972.0643722212468,D_right
236,3,704.3243450842136,1246.2379410750889,O_right
236,4,190.55679119742732,505.3691289904343,O_top
236,1,273.7822070562924,596.8292306595642,D_top
236,5,134.15201613322105,798.5269285576486,D_left
236,5,335.1509489215308,1039.5628013861797,D_left
237,2,468.53740804064216,1002.101229063537,D_right
237,3,703.1893100511451,1245.6370276254434,O_right
237,4,166.9635307767579,486.7401238787186,O_top
237,1,269.6602531440611,601.6443311793656,D_top
237,5,119.63917130775526,789.077807803211,D_left
237,5,336.6975060929068,1045.3262673228096,D_left
238,2,495.3750134705984,1021.3797259166358,D_right
238,3,702.8875990956122,1245.4988009665126,O_right
238,4,156.40363158982623,479.87649574491263,O_top
238,1,259.85275239055505,610.3345940500662,D_top
238,6,95.69292993483351,1159.0685463797115,O_left
238,5,399.50721551890166,1082.1029021269155,D_left
239,2,507.321618899684,1029.7385788746965,D_right
239,3,701.5558090866496,1245.6273032980291,O_right
239,4,162.6448885190243,487.0492439011206,O_top
239,1,255.41416066887783,617.4665687313752,D_top
239,6,105.192200832981,1171.5631143678374,O_left
240,2,503.5462724297532,1043.0708006968136,D_right
240,3,689.9141585953605,1234.9531722419183,O_right
240,4,169.66592608279123,496.57152815947984,O_top
240,1,241.3391753213135,616.249507665957,D_top
240,6,99.6673529501422,1183.4600931180823,O_left
240,5,24.43499454498763,731.601482314309,D_left
241,2,505.9412576583987,1050.7890557024396,D_right
241,3,657.8305058388174,1216.9880882270056,O_right
241,4,169.15745943173587,499.1411475699543,O_top
241,1,243.93515360586983,629.6212822632557,D_top
241,6,94.3556553648522,1190.3520821114505,O_left
242,2,540.7380240060728,1081.6885455306551,D_right
242,3,633.3260774960194,1207.1760503400355,O_right
242,4,166.08931545357686,505.7163868400241,O_top
242,1,240.3143952325615,643.0728451768941,D_top
242,6,90.60383269322097,1202.1355428385002,O_left
242,5,1.2813949351065663,716.7446603637488,D_left
243,2,563.8241341246421,1102.3414987160409,D_right
243,3,623.1725890994916,1208.6895170158543,O_right
243,4,165.21100541307555,510.5957306672023,O_top
243,1,236.072199726978,647.9242067561532,D_top
243,6,87.4424885898614,1209.3899025571172,O_left
243,5,435.7285815398936,1109.789432667286,D_left
244,2,592.8353591256271,1121.894229337757,D_right
244,3,621.2928336631037,1206.599059611193,O_right
244,4,162.24124643970313,514.1107338392295,O_top
244,1,233.4909412081029,651.6027975673946,D_top
244,6,104.09333124403749,1227.6765352977009,O_left
244,5,426.5324023991666,1113.3547736301714,D_left
245,2,611.4821420151472,1132.65822429928,D_right
245,3,622.6353164418837,1209.3998346289493,O_right
245,4,149.22970007416828,509.0476033801629,O_top
245,1,231.04724832024812,652.9227000947299,D_top
245,6,119.80618584950462,1241.2215170306129,O_left
245,5,85.78780528323345,767.1849135899791,D_left
246,2,626.6190592450616,1158.5119207403889,D_right
246,3,618.7456486980622,1211.5754166169586,O_right
246,4,153.04675550416087,513.1724759523518,O_top
246,1,223.89524954080173,656.5440571626963,D_top
246,6,141.09452246252786,1259.1707420952298,O_left
246,5,34.743150876760424,736.3993032749834,D_left
247,2,634.2026167462008,1161.9041912135274,D_right
247,3,620.5574925010452,1216.8252793940237,O_right
247,4,159.57276585761534,517.9040340817003,O_top
247,1,245.78622552023467,677.4977989000362,D_top
247,6,152.19024163549238,1269.540423729772,O_left
247,5,56.64508209632808,749.6153662286525,D_left
248,2,625.3724161333278,1160.9461220154874,D_right
248,3,641.4504520064479,1217.2152661420876,O_right
248,4,185.24287683899837,532.5452365953939,O_top
248,1,243.63125532855443,684.7055566025572,D_top
248,6,150.40729686660964,1279.3567298078417,O_left
248,5,539.4369929830691,1198.5991829654336,D_left
249,2,627.4773606290513,1163.8320502932086,D_right
249,3,647.7539964058708,1218.823629491964,O_right
249,4,196.40851442996373,539.1675155268256,O_top
249,1,242.83718553180344,689.1702383949789,D_top
249,6,148.3915745282816,1285.8446955410054,O_left
249,5,530.998125177,1199.5679914875252,D_left
250,2,628.7888432108657,1167.579085020228,D_right
250,3,653.0730246575398,1222.8832868401637,O_right
250,4,198.58005948861668,539.1916163382839,O_top
250,1,239.758372251368,689.9808640238442,D_top
250,6,145.08001567518116,1293.6568129748946,O_left
250,5,562.1897790691539,1224.1375721425848,D_left
251,2,628.2467027922518,1169.9879736530318,D_right
251,3,653.3553394650345,1222.7741690978398,O_right
251,4,197.42477369205855,536.5599385137989,O_top
251,1,239.64397067215887,690.6941499949116,D_top
251,6,145.40475194569154,1296.9041579118038,O_left
251,5,601.9075287050465,1245.3594604236812,D_left
252,2,629.2026280293435,1174.772877593115,D_right
252,3,652.802596872219,1223.646772367876,O_right
252,4,201.8920688785639,534.6232507021914,O_top
252,1,238.4703925433953,689.8547497309369,D_top
252,6,141.65375559646168,1307.6389631171614,O_left
252,5,613.2191592638749,1263.5267234718929,D_left
253,2,630.1676334028023,1177.178267875369,D_right
253,3,652.4254814843329,1224.2421166111612,O_right
253,4,204.066022240594,532.8771825939434,O_top
253,1,239.4965510596521,689.7583643672355,D_top
253,6,136.66088168589104,1313.8854046279428,O_left
253,5,615.1059122682547,1273.335863974288,D_left
254,2,629.7737147391282,1178.8239221161427,D_right
254,3,650.4288302692316,1221.523634270805,O_right
254,4,228.0706756528806,553.1316521182051,O_top
254,1,242.07018057499596,688.3037304275176,D_top
254,6,134.70486619239497,1319.6273530942478,O_left
254,5,613.3885132777694,1281.912691418068,D_left
255,2,630.520225287573,1179.744785959046,D_right
255,3,651.4231003075548,1219.6823721003325,O_right
255,4,239.42529471044432,558.7485922574033,O_top
255,1,243.4429657306557,687.253437353865,D_top
255,6,142.01624915466263,1325.64680590766,O_left
255,5,608.1253968443739,1285.7831089383617,D_left
256,2,631.7198763096361,1180.448603303107,D_right
256,3,667.6164179779256,1226.1500836875805,O_right
256,4,258.7793010918193,571.5175370747784,O_top
256,1,242.93275952150285,683.8850124630559,D_top
256,6,154.64192689067292,1332.1743740240684,O_left
256,5,619.667978829245,1296.3045031856834,D_left
257,2,631.7297930898834,1180.794989233358,D_right
257,3,671.0696987093646,1226.4765921534306,O_right
257,4,261.4901297955354,573.3970375565757,O_top
257,1,245.5578885935593,679.7802316515555,D_top
257,6,165.02655410114843,1336.767640361479,O_left
257,5,631.7914454231216,1306.005461884687,D_left
258,2,631.5486285168734,1180.7208271471063,D_right
258,3,688.1955528825777,1233.802511809388,O_right
258,4,267.3808655008789,575.0050117254663,O_top
258,1,249.011353436621,673.3640531664091,D_top
258,6,172.59977570292162,1341.7661976702318,O_left
258,5,689.025388855649,1334.3170063034206,D_left
259,2,632.0002938436894,1181.74005037057,D_right
259,3,696.2585472967033,1237.4566497009755,O_right
259,4,272.20885905956624,576.2854346026837,O_top
259,1,250.13647150890856,669.331318099109,D_top
259,6,173.71709933886947,1344.682034346199,O_left
259,5,714.157573325244,1348.8464881712125,D_left
260,2,632.0531362854689,1181.9453117080943,D_right
260,3,700.9205246230943,1239.6244059123562,O_right
260,4,295.57125484351286,589.7454769489913,O_top
260,1,269.3840332535992,676.6443335774127,D_top
260,6,175.63107146762658,1349.3044068763184,O_left
260,5,728.9266768977112,1362.08454078238,D_left
261,2,631.9405314505879,1181.9073555221814,D_right
261,3,703.7861774580527,1240.3006158077271,O_right
261,4,322.4458289269372,606.2037863783543,O_top
261,1,277.30738061774366,675.7518026903964,D_top
261,6,171.36745460840442,1359.0434192646378,O_left
261,5,734.3212924333831,1373.8690186654103,D_left
262,2,631.9910616670439,1181.4653950974894,D_right
262,3,704.7161986154376,1240.4989065390464,O_right
262,4,336.369465306711,607.8974992618059,O_top
262,1,284.11994934695446,678.2025954674516,D_top
262,6,165.08925790782928,1370.1202972865735,O_left
262,5,733.6181537683793,1375.8059582762376,D_left
263,2,631.8590992243048,1181.1686273439047,D_right
263,3,705.9094767365295,1240.6493879155594,O_right
263,4,344.9555018675511,609.026670047766,O_top
263,1,286.8168069963468,678.578837965804,D_top
263,6,166.86528703672684,1378.3630378960002,O_left
263,5,735.0858228021441,1375.5549559334852,D_left
264,2,631.5195850624101,1181.273954819388,D_right
264,3,708.1700150644066,1241.2581462031435,O_right
264,4,350.6915358985212,604.365725535041,O_top
264,1,285.8537789982324,684.3561185631379,D_top
264,6,166.53179528570988,1382.7110369880866,O_left
264,5,735.1080420239474,1375.4204789051444,D_left
265,2,629.6070808467437,1181.6322555550923,D_right
265,3,710.0211538703071,1241.2790700074963,O_right
265,4,351.0335489289457,597.4579680196271,O_top
265,1,283.0829890919723,685.2698527557565,D_top
265,6,165.78172342692372,1383.074680757268,O_left
265,5,733.9036842570596,1374.914125825286,D_left
266,2,626.6517001289714,1180.9486508738455,D_right
266,3,713.2924315241149,1242.5746391517876,O_right
266,4,356.90887292340506,596.2772940727817,O_top
266,1,277.91612373376034,683.2892925016566,D_top
266,6,192.0389005682159,1387.7161276586812,O_left
266,5,733.6956130882568,1378.1453274880269,D_left
267,2,626.3530198100802,1181.4966954343458,D_right
267,3,717.2041023008198,1244.0891179655166,O_right
267,4,365.2424577524471,591.9018856916334,O_top
267,1,278.3680235966595,682.9934615410513,D_top
267,6,204.9472300128601,1389.8846253211364,O_left
267,5,733.154342013109,1381.0298197418467,D_left
268,2,625.6829789863178,1180.5189016348202,D_right
268,3,725.90675113315,1249.1146699621795,O_right
268,4,372.08359730271934,585.9249135053824,O_top
268,1,278.52430924837654,680.7394652741822,D_top
268,6,223.21215140278247,1400.5178276816382,O_left
268,5,733.381434962834,1388.3427182030637,D_left
