1,1,617.2311513243512,1427.1956038168205,O_right
1,2,884.4717394010211,547.3087099621363,D_top
1,3,979.2015072408748,513.6500450747887,O_top
1,5,593.5280776755163,1143.5067092365025,D_right
1,6,496.8048774204592,244.41762441814424,D_left
1,7,537.3106704969912,177.29356956281146,O_left
2,1,617.7012820708269,1426.4633775354234,O_right
2,2,884.1596271437664,547.814853181889,D_top
2,3,979.2197529548424,513.7051766449314,O_top
2,5,593.2934309709344,1143.962185437524,D_right
2,6,498.9825855097011,244.1196186638645,D_left
2,7,536.9093063427785,177.99889680404323,O_left
3,1,615.5989376100237,1425.6660842894714,O_right
3,2,885.0196894042078,549.6518759165097,D_top
3,3,979.8198731992998,515.6086077064509,O_top
3,5,594.0549830141262,1145.5082534703972,D_right
3,6,496.7432926370198,245.5854392624111,D_left
3,7,533.7670588642889,174.10387778964258,O_left
4,1,615.3365648694157,1424.809551213854,O_right
4,2,885.0299782785773,550.649049137255,D_top
4,3,980.1900513422586,516.0246309772448,O_top
4,5,594.0199616412048,1146.3537549796176,D_right
4,6,496.4331721445532,245.0710519736854,D_left
4,7,533.634274088106,174.51560076386738,O_left
5,1,615.4523288732282,1422.3816814466363,O_right
5,2,884.7112006310928,551.3500484761829,D_top
5,3,979.9889346619542,516.515630436606,O_top
5,5,594.6935419877306,1145.5105792364964,D_right
5,6,495.8799637453013,245.86690777577388,D_left
5,7,532.9293469504302,175.93349096550526,O_left
6,1,616.2978422236506,1420.4288860061013,O_right
6,2,884.2463159061006,552.1957536249798,D_top
6,3,979.7942917756924,516.827977233947,O_top
6,5,594.9458761832241,1145.1849393120997,D_right
6,6,496.36610080885,247.8363583358468,D_left
6,7,527.8634995404212,179.31438803474973,O_left
7,1,617.261816067309,1411.445285061975,O_right
7,2,882.3704450610705,552.0096192298844,D_top
7,3,979.558102712703,517.1228722856341,O_top
7,5,595.1678184414046,1144.671327679175,D_right
7,6,494.1044832467615,255.50887864159145,D_left
7,7,530.4912147349924,192.1080834596977,O_left
8,1,619.8203684315778,1406.7552686487968,O_right
8,2,881.5778412648207,552.3712794652321,D_top
8,3,979.5009725746372,517.1304234012921,O_top
8,5,595.3054366145249,1144.5296058703757,D_right
8,6,492.4626319556577,259.7995995050108,D_left
8,7,527.1797702906031,190.8435922144159,O_left
9,1,621.5960936886604,1402.000597684798,O_right
9,2,879.328229991172,552.7821535880597,D_top
9,3,979.3374814012378,517.3927842654472,O_top
9,5,595.5120557930701,1144.1194514979345,D_right
9,6,489.9755042114219,261.88438106569816,D_left
9,7,530.7952786181156,198.1003176718092,O_left
10,1,624.2323302174085,1399.1145877593833,O_right
10,2,856.0567956120697,523.1856819158892,D_top
10,3,979.3556905696722,517.4476888694699,O_top
10,5,595.6059446378085,1143.9689303042144,D_right
10,6,488.270616061768,261.5359285108811,D_left
10,7,538.673161037856,208.57364874521983,O_left
11,1,629.3206167052608,1393.45284443022,O_right
11,2,856.2881553205812,533.1231597297224,D_top
11,3,979.4037816460038,517.5387491118046,O_top
11,5,594.3609501027032,1143.6743750659978,D_right
11,6,489.0709761346757,264.3527011939605,D_left
11,7,543.2311393624556,214.4153861210117,O_left
12,1,631.6334766335341,1390.7779528160809,O_right
12,2,853.259129333589,535.9278121064812,D_top
12,3,979.5140242029584,517.277727442769,O_top
12,5,595.0050192181341,1144.1429795795725,D_right
12,6,493.1482285299838,269.2756980127742,D_left
12,7,543.6348608487428,215.60078378061596,O_left
13,1,632.9808029651902,1385.525764350272,O_right
13,2,849.5006883501549,538.753487703026,D_top
13,3,979.0289089931832,518.2244123437607,O_top
13,5,594.7334808091529,1144.9730676157706,D_right
13,6,494.5220616822011,265.99142529714084,D_left
13,7,549.7594357088002,223.69373766753785,O_left
14,1,633.0149742455401,1382.6037374019777,O_right
14,2,847.7098239856127,540.7013622031782,D_top
14,3,978.83822317767,518.5304047791603,O_top
14,5,593.6191289990237,1144.7057644287745,D_right
14,6,497.7091772694914,267.89138613842084,D_left
14,7,557.7673989065,231.6673784021123,O_left
15,1,636.7667764651125,1380.963989801527,O_right
15,2,847.7346878598788,543.3820377381068,D_top
15,3,978.6176430824436,518.8002701926458,O_top
15,5,594.6531495052774,1144.5492001836158,D_right
15,6,502.8254860262469,271.9119383056855,D_left
15,7,549.4827624365909,215.48401642884784,O_left
16,1,636.4027815060838,1377.9626199391737,O_right
16,2,847.5705667454655,544.7169740185606,D_top
16,3,978.594077941572,518.5857537086179,O_top
16,5,595.0533965860183,1144.4601652180556,D_right
16,6,509.5872773816529,277.41111137359326,D_left
16,7,538.9652678101265,200.05912850608505,O_left
17,1,637.0162475397786,1373.8927941916322,O_right
17,2,848.3620490763626,547.0101156983583,D_top
17,3,978.4890016758558,518.7543738200415,O_top
17,5,595.2020305590776,1144.4586528448235,D_right
17,6,512.4012527062558,278.9669102374962,D_left
17,7,539.3845529832071,200.37007977378812,O_left
18,1,636.8958746198759,1369.421426862223,O_right
18,2,848.6075181494525,547.9632147948029,D_top
18,3,978.4318460345276,518.7619725026193,O_top
18,5,595.4350152028661,1144.0851300415911,D_right
18,6,516.1884976263048,279.6472456492695,D_left
18,7,543.3690199683767,204.5062295470844,O_left
19,1,639.1390749022538,1362.42264238938,O_right
19,2,848.4276229288072,549.0289212978304,D_top
19,3,978.193247644459,519.2289822141294,O_top
19,5,595.9447575908824,1143.3468316899637,D_right
19,6,520.3982240248506,272.2894405787115,D_left
19,7,542.3815369185425,205.1968788215052,O_left
20,1,639.6661045845738,1353.2491295072275,O_right
20,2,849.3180349324293,550.8560500243445,D_top
20,3,977.3675391839776,518.112306000741,O_top
20,5,596.1499586445345,1143.017854090605,D_right
20,6,524.886482076447,266.6489313031966,D_left
20,7,547.850623437509,216.11490598625872,O_left
21,1,649.909615988682,1346.5512020210613,O_right
21,2,849.3074129032361,552.1243665404776,D_top
21,3,976.7894885394468,518.028277044935,O_top
21,5,595.6914941582446,1141.3035492357765,D_right
21,6,535.113609953359,272.3509727482749,D_left
21,7,549.964809594421,227.4092399631415,O_left
22,1,655.5261415433862,1343.1737085241643,O_right
22,2,848.1847791360151,551.6428327827969,D_top
22,3,976.6410126903994,518.013514286333,O_top
22,5,597.0588193473694,1140.6131355520706,D_right
22,6,541.4053565780846,272.3769401129938,D_left
22,7,544.9922884383017,226.40815413670785,O_left
23,1,659.7803559635136,1335.0533112186977,O_right
23,2,846.5137081526956,550.7958561459297,D_top
23,3,972.6374502841692,511.6339210106577,O_top
23,5,595.3068543005228,1136.9254748014162,D_right
23,7,566.5258279416674,279.577072081215,O_left
23,6,50.21297349115932,742.6018764640866,D_left
24,1,663.3709943818907,1330.7505296720983,O_right
24,2,845.6175955581934,550.7095715492701,D_top
24,3,971.1037381119856,509.141771096238,O_top
24,5,595.2950725754304,1134.5575893562202,D_right
24,7,571.5914154083877,297.80263670237787,O_left
24,6,63.823263286208096,750.8207481627757,D_left
25,1,665.886660197926,1327.1787048037236,O_right
25,2,844.8625853582886,551.2629601007898,D_top
25,3,970.9010912939148,510.0669357750945,O_top
25,5,591.6682150703136,1127.3216095341927,D_right
25,7,607.1201481518317,349.83851510139874,O_left
25,6,76.7781229212557,758.7360122967494,D_left
26,1,669.1865316925953,1324.0976660673562,O_right
26,2,844.4849850964052,551.8784710415321,D_top
26,3,970.8934004023812,510.4216563876389,O_top
26,5,588.324416471236,1120.7052606848115,D_right
26,7,625.8105261856175,378.1571637776208,O_left
26,6,25.988805147042505,727.9647498829937,D_left
27,1,671.2176714462843,1321.636568643264,O_right
27,2,843.9165550429695,552.5147155896625,D_top
27,3,968.6767106112094,513.8995360332244,O_top
27,5,585.7654587032296,1107.9978034553926,D_right
27,7,632.1859285560528,399.5446636783325,O_left
28,1,672.3974113940975,1320.0907461472596,O_right
28,2,842.5017844407688,552.2052921898293,D_top
28,3,966.3818375053436,515.448408511949,O_top
28,5,584.5117674789503,1101.2996511663257,D_right
28,7,631.4372385275964,412.8320079150288,O_left
29,1,674.7875565655254,1314.7058155195182,O_right
29,2,838.6710676621545,554.470377460125,D_top
29,3,963.4516812525416,519.2170405665765,O_top
29,5,583.5538345923381,1094.8130061138784,D_right
29,7,628.3432066678408,423.44100312352725,O_left
30,1,676.4801762235362,1309.6345991297435,O_right
30,2,834.0167487387162,554.945614531221,D_top
30,3,961.9115764451108,524.0908592537389,O_top
30,5,581.5292295156648,1090.0754598059734,D_right
30,7,626.1804015562948,430.3966766348239,O_left
30,6,38.11787676176134,735.3586595918174,D_left
31,1,679.7235152007377,1305.402103728801,O_right
31,2,831.1802244052805,556.7372753575049,D_top
31,3,960.8618372792008,529.0234581791912,O_top
31,5,581.8901005079227,1089.3237980927472,D_right
31,7,625.2377744233945,446.259957250148,O_left
31,6,13.584647548284012,720.4396664733601,D_left
32,1,680.6723250950773,1304.276853521557,O_right
32,2,830.1334360946305,557.7602194610595,D_top
32,3,959.1694146799992,530.8053718771059,O_top
32,5,582.2578031358335,1088.8993735151246,D_right
32,7,619.8653934747077,460.4960854159709,O_left
33,1,679.6374495376231,1302.3283372270994,O_right
33,2,830.9573889957862,552.9796290953158,D_top
33,3,958.383951579104,536.4954872747262,O_top
33,5,587.0554909955562,1083.774965671961,D_right
33,7,609.4407752792665,494.5987569564791,O_left
33,6,10.617995506271336,718.7178060740778,D_left
34,1,679.5469757205169,1301.2190100065902,O_right
34,2,831.5315321120315,551.0586102825904,D_top
34,3,956.6653940593444,538.6618721415695,O_top
34,5,587.1404463895698,1079.9169956094984,D_right
34,7,606.5630297187336,515.171383065026,O_left
34,6,32.30095545074257,731.8768797393378,D_left
35,1,678.4576566206389,1298.9792387714783,O_right
35,2,830.7191135046896,546.6660858739793,D_top
35,3,956.1052779885708,542.0241146694588,O_top
35,5,584.3737397249097,1073.0635742661889,D_right
35,7,603.3761616973867,537.629392280418,O_left
35,6,36.86970450836721,734.5802104873518,D_left
36,1,676.9440576084475,1298.227650769371,O_right
36,2,831.4809157963296,546.3107208422366,D_top
36,3,955.1126267983474,544.8053650941417,O_top
36,5,583.8164072892004,1070.0221071995854,D_right
36,7,578.8890627737,530.3846393937235,O_left
36,6,42.08729464780952,738.4674478132903,D_left
37,1,676.7036413483469,1297.5222765088558,O_right
37,2,829.1132603272105,556.5805434129643,D_top
37,3,954.5624039285566,546.2819716133425,O_top
37,5,585.1685958185045,1066.5473851397703,D_right
37,7,567.6150552529822,552.5690916873579,O_left
37,6,94.25252150063056,769.56587947407,D_left
38,1,677.8460968939719,1297.178236305156,O_right
38,2,828.8304904777453,562.4322470094886,D_top
38,3,954.701615241737,546.2276770028532,O_top
38,5,585.1914336217895,1063.669825722742,D_right
38,7,566.8558103496824,570.1392225471229,O_left
38,6,52.94437067670183,744.4296716253571,D_left
39,1,677.9039529664105,1297.7477140034605,O_right
39,2,830.3755775957513,568.000476679655,D_top
39,3,951.461808763732,543.8757444922862,O_top
39,5,587.7379261564645,1063.854390445939,D_right
39,7,567.506070598928,586.560715292845,O_left
39,6,119.64724521825686,784.7260592137166,D_left
40,1,679.737136161584,1296.980466373608,O_right
40,2,830.7249757404556,570.3414301833601,D_top
40,3,947.4927888781692,542.3094684582715,O_top
40,5,588.7531832592604,1064.1013344899038,D_right
40,7,557.2114082603314,600.7156382918848,O_left
40,6,124.94460911598144,787.9403230554433,D_left
41,1,683.851798845927,1294.7946321894258,O_right
41,2,828.995082541856,571.222920788032,D_top
41,3,945.4436715484736,545.1764904402115,O_top
41,5,578.8408951038342,1060.075518340651,D_right
41,7,548.0063454190607,633.4431243036072,O_left
41,6,137.30665413805528,795.4148924899013,D_left
42,1,687.0433626225438,1293.203852093484,O_right
42,2,827.5200831796085,572.4636204056291,D_top
42,3,944.1282557433,546.6919319022426,O_top
42,5,574.6159134040386,1059.3091967961177,D_right
42,7,542.5951011030124,649.9901317538502,O_left
42,6,143.76792575706298,799.2772021220019,D_left
43,1,687.9995015422627,1289.3906834603874,O_right
43,2,827.5964125480918,577.9587918639231,D_top
43,3,947.3374895992952,554.6683422237006,O_top
43,5,560.7584498229003,1052.6653878498194,D_right
43,7,530.8835873336751,676.3492123677515,O_left
43,6,114.17864818675817,782.0980184722695,D_left
44,1,688.9216725936784,1287.0565994175204,O_right
44,2,825.7737943668186,579.9633623961753,D_top
44,3,946.5028661786228,555.5003382877811,O_top
44,5,554.90805018899,1051.160930938381,D_right
44,7,528.9166356351687,683.4569697654115,O_left
44,6,121.45023746803268,786.0414292248566,D_left
45,1,694.3676200497933,1280.0434861853564,O_right
45,2,823.534471762346,583.130816141417,D_top
45,3,944.7271792118688,555.5506355829546,O_top
45,5,551.035345436551,1048.2681617140963,D_right
45,7,527.6682041086003,710.8039262168751,O_left
45,6,100.24999630576248,773.0432298277761,D_left
46,1,702.8612632788748,1268.986991709549,O_right
46,2,820.7366379353157,584.2067221632279,D_top
46,3,943.5018126816394,556.1587475284953,O_top
46,5,548.8262512742303,1045.819327696987,D_right
46,7,526.0802169975407,725.7922447036883,O_left
46,6,85.58810676754362,764.1323537557877,D_left
47,1,714.9188017725775,1249.210442322138,O_right
47,2,815.599624842286,585.4900522488156,D_top
47,3,939.833780055892,558.9872295295625,O_top
47,5,551.1003546755602,1045.784443604962,D_right
47,7,522.3892803620746,734.3202085281162,O_left
48,1,720.4073913770783,1240.1041534077356,O_right
48,2,810.9196208343977,587.2682581355997,D_top
48,3,934.655856580715,558.3244557884677,O_top
48,5,553.6769845612479,1045.8867658249492,D_right
48,7,520.9680503844064,736.8301285029038,O_left
48,6,38.70692222401211,734.2940397905055,D_left
49,1,721.7516763127197,1227.1828450398968,O_right
49,2,801.205085474054,586.3940026788637,D_top
49,3,923.6344273821084,557.1956231242385,O_top
49,5,555.4418955309358,1044.9299384282765,D_right
49,7,520.5984847981196,737.2064220047005,O_left
49,6,443.1726213349749,679.5145787600759,D_left
50,1,720.3862691217801,1219.6532432386198,O_right
50,2,795.6586631501731,584.7169528792647,D_top
50,3,916.6213241913516,566.5785454255109,O_top
50,5,555.8230897938184,1042.485971515333,D_right
50,7,518.6309767093936,734.5074779199387,O_left
50,6,443.1025190280984,676.9894941539911,D_left
51,1,726.1223948583113,1210.9257003128655,O_right
51,2,780.5289488744108,571.0777329356681,D_top
51,3,901.57131652523,580.2451173447769,O_top
51,5,564.6297358909719,1035.897114331149,D_right
51,7,519.6926898130889,730.5099330031344,O_left
51,6,453.0959616510362,680.1446138514441,D_left
52,1,734.8977326697843,1210.085797468163,O_right
52,2,765.6354621175554,563.4805656629186,D_top
52,3,893.1025335554735,587.3008110850466,O_top
52,5,574.2626681912277,1033.7850811897936,D_right
52,7,522.7656324875823,729.7678534233471,O_left
52,6,450.2006759082448,674.456208498224,D_left
53,1,744.6129263468,1210.4936499995758,O_right
53,2,745.1571581918541,561.1468938013418,D_top
53,3,883.7900816396984,605.1530352471386,O_top
53,5,583.1388571580867,1029.9302540117835,D_right
53,7,524.3255165547419,699.4930501465068,O_left
53,6,467.8377617470701,680.0016839183058,D_left
54,1,751.9568164398036,1211.7432972229471,O_right
54,2,738.4260727327014,564.5641610865232,D_top
54,3,880.227803780639,617.5682906430019,O_top
54,5,577.9817914161977,1021.347448156319,D_right
54,7,523.1642180492415,694.4144796577716,O_left
54,6,475.9146392735816,682.692203431654,D_left
55,1,759.8874047004732,1212.918257901525,O_right
55,2,737.0163829319292,572.9697563286657,D_top
55,3,890.1225338008419,642.6317846514656,O_top
55,5,597.1865318304617,1026.2537015547434,D_right
55,7,529.1422168977045,681.8142408657957,O_left
55,6,492.4897424313612,692.6471467766203,D_left
56,1,762.0734639692653,1212.5229790235428,O_right
56,2,732.746423634308,577.7494008423423,D_top
56,3,892.9189362425311,653.1585449238731,O_top
56,5,613.657676269637,1025.1384445135727,D_right
56,7,540.4601655218946,672.8152835606522,O_left
56,6,499.840567518463,699.3976084135136,D_left
57,1,762.2075786430352,1211.7945446747956,O_right
57,2,726.3743686512846,591.0888104750987,D_top
57,3,891.5651440445113,663.4687978380839,O_top
57,5,620.6356588494905,1021.1511685625808,D_right
57,7,544.3241884790125,670.1951299903097,O_left
57,6,506.6548341905594,701.9848787620375,D_left
58,1,761.9686187496161,1211.6463386102926,O_right
58,2,719.9435144686877,601.1712576462298,D_top
58,3,890.8959965785867,669.6589712902745,O_top
58,5,631.7538184374233,1018.1613813961987,D_right
58,7,542.717842673728,661.0758080695209,O_left
58,6,508.1467037546035,701.6333069980991,D_left
59,1,762.387268591843,1212.4387746746688,O_right
59,2,710.2565109156535,615.9859170866845,D_top
59,3,883.8279557720298,675.7140932085279,O_top
59,5,639.8748034214112,1018.0921855266238,D_right
59,7,550.0318775147255,632.970103525674,O_left
59,6,511.795758070111,701.5772605915207,D_left
60,1,762.8901498170703,1213.9044470414046,O_right
60,2,710.4499868291812,636.3244776783791,D_top
60,3,883.5388165284817,683.9197130507164,O_top
60,5,642.6908714405065,1018.2266965232012,D_right
60,7,558.2634065684899,613.2971955052849,O_left
60,6,513.3703262364394,702.5958711885496,D_left
61,1,760.2071050209091,1215.311510923874,O_right
61,2,708.4360938570285,659.7499943955254,D_top
61,3,885.1606522433767,691.2082725679477,O_top
61,5,643.7264537709516,1020.4648011067308,D_right
61,7,565.500743306507,604.5485971255767,O_left
61,6,511.9469494676025,694.1974070331113,D_left
62,1,758.0925188648679,1217.5046375848067,O_right
62,2,708.8123857478748,671.5960518110189,D_top
62,3,885.95844579949,693.5858011457557,O_top
62,5,644.4381070374086,1023.0460481188323,D_right
62,7,568.5512667207053,598.7555579118216,O_left
62,6,511.759033884721,688.1212534033829,D_left
63,1,755.2694193596445,1222.9367340952072,O_right
63,2,711.0053398878713,679.923809642537,D_top
63,3,883.8254281969193,690.5777213638663,O_top
63,5,644.4609317238047,1026.4762637823592,D_right
63,7,576.5973886491859,590.4394721557496,O_left
63,6,498.6020490947895,654.5843426594096,D_left
64,1,753.2415998497621,1224.8223100054822,O_right
64,2,717.7409951392069,688.6784938209385,D_top
64,3,883.3819402114644,688.7575179934614,O_top
64,5,643.3619471521739,1029.3973144246386,D_right
64,7,578.373911292679,581.9136259693369,O_left
64,6,499.0849535436202,643.7286199825054,D_left
65,1,750.0001104340943,1225.816820535637,O_right
65,2,721.2183067369368,695.8175009069371,D_top
65,3,882.609612724868,686.3934893180075,O_top
65,5,635.4164228838538,1037.3993913373415,D_right
65,7,590.4812077210432,560.955233267619,O_left
65,6,511.0554198515524,623.6604566227602,D_left
66,1,746.6983549021221,1225.9007986217782,O_right
66,2,717.6380551293712,693.1743848485453,D_top
66,3,878.4092454689372,679.6052630101883,O_top
66,5,631.2817546072015,1044.465961067899,D_right
66,7,585.2128541874271,529.5287134746802,O_left
66,6,521.8558689720501,615.7800750768037,D_left
67,1,739.8247129047287,1225.9489229460555,O_right
67,2,718.1610015296427,694.7256505188084,D_top
67,3,876.1929939557948,672.7473751896808,O_top
67,5,629.8130391691784,1058.887548571076,D_right
67,7,562.905220475506,487.58969022040895,O_left
67,6,495.7726745523327,575.6054570441632,D_left
68,1,735.2618338982652,1227.2760918059332,O_right
68,2,717.7152131994918,693.4496312232735,D_top
68,3,872.87615911426,664.3526269777209,O_top
68,5,630.0941461542109,1067.7761761465572,D_right
68,7,507.9896198587488,402.7195884339136,O_left
68,6,484.6899919133383,554.5614865235583,D_left
69,1,729.9727578704543,1233.274139442546,O_right
69,2,721.079907055809,697.0417003378464,D_top
69,3,869.6911854019645,656.1877139846175,O_top
69,5,635.9842094729488,1077.8054557902778,D_right
69,7,512.0620752849866,383.3219975473047,O_left
69,6,488.1591884059365,544.8228687010064,D_left
70,1,725.3230572086545,1236.487698724438,O_right
70,2,717.1566408654584,692.7576725073487,D_top
70,3,868.4328678238221,651.2534406592378,O_top
70,5,638.2956653372587,1084.1487288329463,D_right
70,7,519.431144193765,374.5179362527248,O_left
70,6,519.7661726683682,560.9000832629278,D_left
71,1,719.3006462946784,1238.9592879057027,O_right
71,2,714.0602679161286,684.5965118177992,D_top
71,3,855.7328752378145,633.2061301585745,O_top
71,5,635.2687468751747,1090.177876388477,D_right
71,7,577.2216132603229,407.8471076368186,O_left
71,6,532.001718068404,543.3755560184579,D_left
72,1,716.2042556287564,1239.591194112355,O_right
72,2,718.0255824951578,682.0463069082158,D_top
72,3,844.9594596989455,619.6308661889605,O_top
72,5,633.9893279364632,1094.818517435447,D_right
72,7,597.0129173087417,409.8189568780396,O_left
72,6,535.7734771242074,521.9459580712684,D_left
73,1,715.1923672631594,1241.4126818300022,O_right
73,2,717.8892353849559,661.420688812353,D_top
73,3,838.9529281777726,612.4568268544754,O_top
73,5,629.4959455039699,1100.4455499143212,D_right
73,7,624.3394083655727,373.9901126321852,O_left
73,6,550.8114063749224,516.0396753674789,D_left
74,1,714.0902909586699,1241.5088079936545,O_right
74,2,738.4176858153588,665.0389599537517,D_top
74,3,836.3624624790033,610.5379838966062,O_top
74,5,627.3816517074678,1103.0468847571085,D_right
74,7,639.9487184380475,361.6851187880373,O_left
74,6,557.9452471792272,512.9097349665434,D_left
75,1,711.4953434767947,1241.1556536819708,O_right
75,2,738.1358663563637,650.4707531441268,D_top
75,3,833.8751733797895,606.5527786344809,O_top
75,5,597.452098635136,1088.0141977397434,D_right
75,7,650.7952345587562,352.0781465696105,O_left
75,6,570.0441382924554,513.3677099121104,D_left
76,1,709.0118613173861,1240.12415502269,O_right
76,2,730.2409612563483,634.6980645455633,D_top
76,3,830.9542548370317,595.0912120939498,O_top
76,5,599.3421675956321,1090.34840428723,D_right
76,7,662.6821077092136,352.2436417745246,O_left
76,6,574.5716790748204,506.2161149341467,D_left
77,1,707.7627965862209,1240.3123199317454,O_right
77,2,730.6904759648241,621.5424301329492,D_top
77,3,811.5236625759517,572.8927797570755,O_top
77,5,589.3119699067321,1086.1967554460698,D_right
77,7,578.3439446396496,240.7170244670888,O_left
77,6,536.8913456524566,442.11748988592245,D_left
78,1,707.8886810359921,1241.3939415943553,O_right
78,2,731.0792586089178,614.8046339372472,D_top
78,3,801.2429145304504,561.9987891471308,O_top
78,5,584.2869314164151,1084.1849335907514,D_right
78,7,615.1203022720281,269.06152650100523,O_left
78,6,532.988043315308,424.37524833330497,D_left
79,1,706.64789487127,1243.8208173237003,O_right
79,2,733.3711555920653,613.3464030400127,D_top
79,3,796.6633068547806,556.1879254121087,O_top
79,5,578.3621155822559,1082.3510351767852,D_right
79,7,630.6055605997353,267.99765562889013,O_left
79,6,527.2841529491379,401.7995829376719,D_left
80,1,706.3054615579542,1244.7209945073148,O_right
80,2,729.557124266873,616.0469612865639,D_top
80,3,789.3292643004197,547.2129666075756,O_top
80,5,577.471075336539,1082.3365698912423,D_right
80,7,639.9950709641666,265.0409566600919,O_left
80,6,568.8201710015602,437.92265290097066,D_left
81,1,707.7450448797609,1246.109818352538,O_right
81,2,719.7010346175948,605.5602804083096,D_top
81,3,781.9641577338484,539.023230278591,O_top
81,5,577.404689502126,1081.8444191709038,D_right
81,7,644.1535396330271,261.9681751596444,O_left
81,6,562.8625550068463,411.5989417771255,D_left
82,1,708.5551772057918,1246.356059027707,O_right
82,2,710.5840474932505,593.4503628007085,D_top
82,3,778.6883458130342,536.0597257437901,O_top
82,5,579.0997743056996,1081.6719169935936,D_right
82,7,646.4783910984912,260.38375972888764,O_left
82,6,570.7992454287142,410.3615550635709,D_left
83,1,708.5119747429217,1245.0320640232055,O_right
83,2,692.3599600737507,569.7862035183598,D_top
83,3,757.368753758907,507.3620666664535,O_top
83,5,580.5944589889857,1080.111144987772,D_right
83,7,641.1869241714033,245.0560800829685,O_left
83,6,559.1441440881977,379.16995627538415,D_left
84,1,709.162651619167,1243.7727088929144,O_right
84,2,683.4730916346599,558.9662141302057,D_top
84,3,747.6327149703258,494.8185808492945,O_top
84,5,578.7644749853372,1076.2141110648463,D_right
84,7,636.1988550775008,236.42732296343743,O_left
84,6,556.278513282603,365.3139536561272,D_left
85,1,711.5563283603466,1241.6653457297498,O_right
85,2,668.6796689219781,537.126450010187,D_top
85,3,723.1042298851085,465.8267990277936,O_top
85,5,573.7425938153112,1066.412102817894,D_right
85,7,631.8387742727087,227.94362021486904,O_left
85,6,569.0854848261155,366.2982569024277,D_left
86,1,713.0715689281973,1240.0831711393644,O_right
86,2,651.7933074987998,513.555074816462,D_top
86,3,715.8328873000552,458.2367506726692,O_top
86,5,560.8761208495905,1048.9637527891136,D_right
86,7,635.0216480950464,230.7075956762585,O_left
86,6,578.5046785355986,366.088186403543,D_left
87,1,715.4307831614295,1238.449575493823,O_right
87,2,634.778001213495,492.1236571388301,D_top
87,3,709.9776548132141,452.55816734956153,O_top
87,5,544.2610183731597,1026.703607459399,D_right
87,7,636.0143906661153,227.59572110461232,O_left
87,6,586.2296673398562,363.2925274400758,D_left
88,1,715.7032815978054,1237.1183322630504,O_right
88,2,629.6249418170776,485.2207949880095,D_top
88,3,702.4971894092531,444.1122122774138,O_top
88,5,540.7515622797127,1018.4550891686628,D_right
88,7,636.6757731653771,226.7657779275404,O_left
88,6,584.6164698425634,354.8266353093617,D_left
89,1,715.0937953334949,1230.552633320415,O_right
89,2,626.991446674138,479.1755376612692,D_top
89,3,685.538358574332,426.1204721177168,O_top
89,5,539.6326209651613,1011.4152912260404,D_right
89,7,634.6514882831467,221.36856485174485,O_left
89,6,570.0944579806654,334.37402230615305,D_left
90,1,717.0714688505897,1226.424297709829,O_right
90,2,625.4878806506239,476.8381721862355,D_top
90,3,675.4408286608747,414.7550085273336,O_top
90,5,543.3584462465111,1009.5282533820936,D_right
90,7,634.4788397067263,220.727837151292,O_left
90,6,547.5522715422612,304.7628107018439,D_left
91,1,721.0688920344857,1217.9132305569285,O_right
91,2,620.3202813466119,480.5553920779848,D_top
91,3,669.964617839504,414.5511907173065,O_top
91,5,545.5523590297341,1005.1775288755258,D_right
91,7,634.3219244832286,218.3356839710575,O_left
91,6,575.3824690292374,332.817736520417,D_left
92,1,724.0946057117582,1212.323604153441,O_right
92,2,624.207265183696,478.608671792222,D_top
92,3,667.6616116162227,416.07125887409154,O_top
92,5,546.3861348224917,999.6031576071766,D_right
92,7,634.8718964114781,218.6397898598038,O_left
92,6,572.8418518469459,327.92672363480915,D_left
93,1,726.792683557143,1207.674049680353,O_right
93,2,608.7024160837667,456.5385666086518,D_top
93,3,661.5229929597568,412.0066823733927,O_top
93,5,548.9033940763852,992.5086903041896,D_right
93,7,632.9385357524333,214.5986139252943,O_left
93,6,555.5194084419685,313.5655559532378,D_left
94,1,728.3819937416025,1205.2489995924911,O_right
94,2,598.6976613469329,445.85773232751626,D_top
94,3,658.1388590476838,409.99157362297154,O_top
94,5,552.6825804500618,988.7286972962978,D_right
94,7,633.3124593951388,214.4246805311033,O_left
94,6,545.7294421991639,304.6938329433126,D_left
95,1,728.3132562791117,1201.6723992759812,O_right
95,2,596.4498419361242,446.0663785652148,D_top
95,3,641.402220771708,392.9988590218172,O_top
95,5,556.0057567846587,984.541165116824,D_right
95,7,634.3107255496388,215.21590726790131,O_left
95,6,537.1745851331106,302.64384527455786,D_left
96,1,726.712885753054,1199.243316745564,O_right
96,2,599.1768911529978,451.4251539760432,D_top
96,3,632.3441926838946,386.45726655425466,O_top
96,5,556.4089948945024,980.4217623464586,D_right
96,7,635.6045612694994,216.5909601860057,O_left
96,6,549.2681292415284,315.29730308436643,D_left
97,1,721.8784438191491,1195.6870358655628,O_right
97,2,601.3554984044923,452.1418974995879,D_top
97,3,623.2621855929035,381.7963311932479,O_top
97,5,543.8955108560402,967.4662963728132,D_right
97,7,634.9234469690274,216.98321263229025,O_left
97,6,561.5308368319855,341.4057592646639,D_left
98,1,721.0575049893417,1194.7205663220254,O_right
98,2,601.1497284688485,450.9725203068933,D_top
98,3,618.1369491362316,377.8759975271564,O_top
98,5,540.1885504150453,962.9293743241002,D_right
98,7,635.2603835749146,218.59553722201596,O_left
99,1,717.9844104302599,1191.2342630046571,O_right
99,2,589.9112333461385,434.3210720663354,D_top
99,3,619.6323562997568,386.4301667426133,O_top
99,5,551.4325347164519,962.9898038222668,D_right
99,7,634.8336590013716,219.95866804170723,O_left
99,6,595.2349658357598,387.77581897650174,D_left
100,1,721.8265945118437,1191.633181999504,O_right
100,2,598.9893022556986,442.2978262834836,D_top
100,3,621.8716053785237,393.9163738477427,O_top
100,5,561.311334476368,962.7295868467602,D_right
100,7,634.0417918207283,221.95189656932453,O_left
100,6,585.0542736015111,367.8472322706304,D_left
101,1,723.243010149029,1188.155680171235,O_right
101,2,601.0646839065371,443.4950501532607,D_top
101,3,616.6697133371333,390.9185731537248,O_top
101,5,567.7029614847191,962.7157382039186,D_right
101,7,632.665471223319,224.48459960239933,O_left
101,6,565.2713970840683,348.1046095983886,D_left
102,1,724.9730505128962,1185.1914102008827,O_right
102,2,604.2250906619445,448.6397777528168,D_top
102,3,610.9623029839128,386.2702523923389,O_top
102,5,570.2951639949423,962.6122165656054,D_right
102,7,631.4234770248961,224.4379801721904,O_left
102,6,561.309665292473,343.65175879123973,D_left
103,1,728.4959006156927,1181.4285201506275,O_right
103,2,588.7642163153513,433.3039803161389,D_top
103,3,608.2117406285237,388.5347844649456,O_top
103,5,576.3278219941757,962.9871454413386,D_right
103,7,630.2716842591192,232.98910594350104,O_left
103,6,541.493142773501,326.6999129677201,D_left
104,1,731.2881692411826,1179.6872953129669,O_right
104,2,573.6924832823032,417.10512554301306,D_top
104,3,609.0256683739733,393.1533262925484,O_top
104,5,578.7004222018273,962.9170938754326,D_right
104,7,627.9617661356322,236.8199366592375,O_left
104,6,533.7791786046564,320.2680716527353,D_left
105,1,733.3810660744047,1179.2243593234462,O_right
105,2,561.4980392200058,399.9697862934,D_top
105,3,606.1372476563987,394.0852391153843,O_top
105,5,581.1653421900671,963.0653091506596,D_right
105,7,626.247179521913,236.97168234942535,O_left
106,1,734.9888218598286,1179.6394661476193,O_right
106,2,563.8363214848075,402.80695408368615,D_top
106,3,604.8819362301988,393.0785345840927,O_top
106,5,582.4319358795624,962.5117934669888,D_right
106,7,626.9798211794896,239.44945375633756,O_left
107,1,735.7141784612753,1179.562418623121,O_right
107,2,564.8545332208724,406.2537537361712,D_top
107,3,603.0628768270948,390.8727325922849,O_top
107,5,583.5046804599968,961.2335146842383,D_right
107,7,619.9330120128458,241.1498351319356,O_left
108,1,736.5347940419817,1178.775125158587,O_right
108,2,565.9649278578631,409.22987139253166,D_top
108,3,602.7877684378246,390.0474004667802,O_top
108,5,583.8695887591675,960.9215203858134,D_right
108,7,584.5381366113935,210.3640147494996,O_left
109,1,738.5000593908919,1175.883631376976,O_right
109,2,543.9843276016219,388.8247571980357,D_top
109,3,605.5542029122656,393.7928909920088,O_top
109,5,584.1505546497496,960.4628891088688,D_right
109,7,561.2823424319345,211.37105467852524,O_left
110,1,740.9834388357943,1173.922492449288,O_right
110,2,557.5152630846759,408.75499483875376,D_top
110,3,603.852360111392,391.5363598022096,O_top
110,5,584.2215519438016,960.4415449957074,D_right
110,7,542.5298543859941,212.0249630822641,O_left
111,1,744.4302237960402,1169.146281793721,O_right
111,2,548.3721611266405,407.9995404953349,D_top
111,3,602.9946595324767,391.13328268873846,O_top
111,5,576.2981112347245,955.0043499805828,D_right
111,7,533.0151405239293,214.4961914545673,O_left
112,1,746.2847006706171,1166.4908463939194,O_right
112,2,538.030979595835,401.8471450325702,D_top
112,3,605.1820796741837,393.1391138091512,O_top
112,5,565.5484362987984,948.1871112667818,D_right
112,7,526.1541679853616,224.4384090507036,O_left
113,1,750.2160898747595,1165.9138593645928,O_right
113,2,557.6530817943518,427.474772190674,D_top
113,3,605.0528009613864,393.5034152995989,O_top
113,5,537.0296403128192,928.7092412682936,D_right
113,7,517.8700068049868,238.442056948635,O_left
114,1,752.9059528655815,1165.7145119525237,O_right
114,2,556.9687465119026,434.9611656615988,D_top
114,3,604.5897589404565,395.0112878207106,O_top
114,5,529.2022418885156,922.321708966387,D_right
114,7,513.6356305480566,244.3032213412281,O_left
115,1,753.6117610260932,1166.0254566282483,O_right
115,2,556.6101262209419,448.6979226815115,D_top
115,3,582.5474550926474,372.15318251211545,O_top
115,5,525.5047591304117,921.6160926824032,D_right
115,6,475.0991932091004,300.43356392279446,D_left
116,1,753.6568273248149,1166.5696168853804,O_right
116,2,549.0182970523482,450.0581586873945,D_top
116,3,573.6889876469126,366.543133174614,O_top
116,5,520.9379078830106,920.8373645421408,D_right
116,6,463.4826281276064,303.6984325287548,D_left
117,1,755.4628450464705,1167.5474537824198,O_right
117,2,539.6228182448857,457.09111262728527,D_top
117,3,565.3685220147643,371.0302752646326,O_top
117,5,518.0109940610357,923.031405583292,D_right
117,6,442.0885981091703,295.9901657322073,D_left
118,1,755.9461962049662,1168.259721722273,O_right
118,2,535.1682867964989,459.5886614445259,D_top
118,3,561.129469079973,370.880915471199,O_top
118,5,517.8232908471466,924.506075134116,D_right
118,6,416.3923638430712,278.4986625459306,D_left
119,1,754.2708586952627,1169.5338177169765,O_right
119,2,539.5897394501578,471.61593982889326,D_top
119,3,556.4997167258012,367.3905394001346,O_top
119,5,513.2977110137459,923.1816448672042,D_right
119,6,16.417461854150122,722.380565015466,D_left
119,6,414.3430375963702,296.6368170045768,D_left
120,1,759.7820512014156,1176.886620452923,O_right
120,2,532.1856941275902,479.0676040079903,D_top
120,3,554.7380204262661,366.5874617845635,O_top
120,5,508.6616468985293,921.7735238918156,D_right
120,6,67.55829279074602,753.2656102263934,D_left
120,6,369.7150197531987,264.3673039433854,D_left
121,1,760.0589885601478,1183.8312941932584,O_right
121,2,523.3903262915377,489.6286165139601,D_top
121,3,552.0002107552873,367.7694629583864,O_top
121,5,490.4792554677319,914.5387751041044,D_right
121,6,367.51601684751967,289.4300986722609,D_left
122,1,760.998654365422,1188.5581367912823,O_right
122,2,513.4399669037297,496.1577434209483,D_top
122,3,552.5582342129861,370.1946996222445,O_top
122,5,471.1583599075276,903.9313285703922,D_right
122,6,465.1308950741805,411.1826051720354,D_left
123,1,750.7269509934118,1188.557186440478,O_right
123,2,504.6206686943498,498.32887816120166,D_top
123,3,551.1138658940482,371.76375771581775,O_top
123,5,450.5400173921473,890.9518466019758,D_right
124,1,740.4775146423464,1189.4523241555603,O_right
124,2,499.8677788434056,503.9806959516761,D_top
124,3,550.2053371652083,371.17556333508446,O_top
124,5,441.58014190130825,885.0994579520484,D_right
125,1,713.0312715860729,1175.613761742435,O_right
125,2,481.5156106136945,494.4492031053079,D_top
125,3,550.919810234927,371.1749339587124,O_top
125,5,430.82049861482176,877.8551710584316,D_right
125,6,332.91838770010565,345.5719110160721,D_left
126,1,696.1837597415083,1167.877891324834,O_right
126,2,471.6384125086523,489.14784111255744,D_top
126,3,548.7626079467974,364.3919239690644,O_top
126,5,424.13066620549233,875.0531851589665,D_right
126,6,287.94723127429404,317.3099517918309,D_left
127,1,687.3190995092199,1163.050621657116,O_right
127,2,464.8498871153195,492.0747280653282,D_top
127,3,544.9212811268495,355.1358888002988,O_top
127,5,418.9356537930681,873.3237505320258,D_right
127,6,260.6649782485981,315.4703788992923,D_left
128,1,682.2614785302668,1160.5800841000842,O_right
128,2,460.579047777073,492.476354750811,D_top
128,3,538.3647592421971,342.6573744758288,O_top
128,5,411.9918243112164,867.4788478039975,D_right
129,1,666.1763230135437,1151.480438413828,O_right
129,2,446.6946777115949,491.2902835690079,D_top
129,3,537.8205256605519,330.345875250388,O_top
129,5,396.6954564073432,855.5112974387475,D_right
130,1,630.5241419336603,1131.569704721779,O_right
130,2,439.5170018521815,492.33429075130783,D_top
130,3,540.9463967451019,325.0831334395376,O_top
130,5,380.4842983861929,843.9047284626153,D_right
130,6,246.44752779587105,362.1676303227835,D_left
131,1,613.2817173687453,1124.612119744548,O_right
131,2,436.5847889518723,495.9939214165552,D_top
131,3,536.7182267846918,309.3109472955658,O_top
131,5,357.0998029888931,827.1855247781347,D_right
131,6,236.6787516841192,379.81842019359607,D_left
132,1,605.415396489155,1123.0141459020706,O_right
132,2,434.95380578345527,496.4380037835637,D_top
132,3,536.8375011538027,303.0666003900906,O_top
132,5,341.0944480634228,815.3554417325118,D_right
132,6,238.0294920923553,389.81515197316304,D_left
133,1,586.3180156742636,1115.1012479869285,O_right
133,2,435.29910460861953,500.2929970578624,D_top
133,3,526.0770251936033,280.58324382298616,O_top
133,5,320.4251186879105,804.6602429732613,D_right
133,6,216.93747366769577,402.7888813786148,D_left
134,1,578.2505830782859,1111.974966093959,O_right
134,2,435.21488367229256,499.6447214801306,D_top
134,3,520.5776376966115,269.26048017692045,O_top
134,5,312.86382074095496,801.4838470197135,D_right
134,6,200.195735077338,410.4067232284889,D_left
135,1,568.7379132489366,1109.4568823300576,O_right
135,2,435.5644447209296,496.33320524314007,D_top
135,3,518.9577389700503,261.69848859443704,O_top
135,5,307.38883071379536,801.6547190718135,D_right
135,6,156.85543425916518,399.9615987530413,D_left
136,1,556.5994345469428,1105.5222364229292,O_right
136,2,425.3425017081664,481.6158116451912,D_top
136,3,517.4614598418987,256.09022507265195,O_top
136,5,307.97139939219915,800.9452351392349,D_right
136,6,157.19014524230897,428.73989286219,D_left
137,1,524.7207345769435,1093.639123342852,O_right
137,2,411.3649330636402,461.1894522983577,D_top
137,3,513.2960062049627,250.44999324129407,O_top
137,5,307.0763179200154,799.2408471673278,D_right
137,6,160.88911906462536,448.5546797237983,D_left
138,1,512.8268678877096,1086.7636024307844,O_right
138,2,408.3934119543568,453.3038725949896,D_top
138,3,505.0968504084133,240.06602206270784,O_top
138,5,305.91732408976964,799.317457454988,D_right
138,6,155.76277120448697,453.3706575395831,D_left
139,1,482.62632170170815,1072.7918246203808,O_right
139,2,407.63317950597576,442.6311786776708,D_top
139,3,484.9396074023443,212.92379896719635,O_top
139,5,306.8620021970991,799.6104621386713,D_right
139,6,108.94807766444823,429.6019350268982,D_left
140,1,473.4243317226649,1066.64488315169,O_right
140,2,410.8973384456412,437.93159874298567,D_top
140,3,472.8699963386632,196.4910655104675,O_top
140,5,308.9032506653723,802.1381574424244,D_right
140,6,123.67050463655237,460.3357286983537,D_left
141,1,461.313736077049,1058.3787553340835,O_right
141,2,416.571937575798,425.4421932663251,D_top
141,3,465.3781887141701,187.27365155131417,O_top
141,5,309.9222675629577,802.58827489376,D_right
141,6,97.21516431923148,494.1134928456583,D_left
142,1,459.5164054422499,1057.2761954909654,O_right
142,2,418.6846632601976,419.5268805703624,D_top
142,3,459.73829610655577,181.93731559971656,O_top
142,5,314.47501584832656,805.5853726607443,D_right
142,6,94.3088146532203,488.7867106093655,D_left
143,1,441.5540181360317,1047.7792036632625,O_right
143,2,377.241789123473,378.30203507303673,D_top
143,3,445.0316462143062,168.6611946959747,O_top
143,5,323.0311040557638,808.1400514383206,D_right
143,6,102.70536794881158,515.6448499686007,D_left
143,7,74.85550150724627,524.8276666050443,O_left
144,1,436.7386754743873,1045.7465042867525,O_right
144,2,354.81314000978125,355.940879069981,D_top
144,3,435.0136815806613,161.06789144283906,O_top
144,5,326.35542407321725,809.1975381918533,D_right
144,6,97.03398220833088,538.9564812836278,D_left
145,1,430.88219670331193,1043.2388946197368,O_right
145,2,342.8712316221359,342.30827442223256,D_top
145,3,410.3803627464141,138.8982933121222,O_top
145,5,332.3446071045826,805.939582222321,D_right
145,6,97.13659056389014,552.9231929035803,D_left
146,1,426.1668865491334,1044.4276115192677,O_right
146,2,341.3897752541848,338.5831465701215,D_top
146,3,391.4848308031872,123.78749999166406,O_top
146,5,336.62446579603136,799.4498944991153,D_right
146,6,95.37733582152208,552.4902655507452,D_left
146,7,31.539680109259105,543.5900149639782,O_left
147,1,402.180825842785,1033.738439290135,O_right
147,2,323.5856077891676,322.41845681079246,D_top
147,3,379.9552341942234,124.3356129048027,O_top
147,5,312.7543807416389,774.4298253125601,D_right
147,6,14.984973889927128,535.6270247147985,D_left
148,1,385.9479797438647,1025.7711647957517,O_right
148,2,317.7628436517661,312.8926952500355,D_top
148,3,374.7413649421741,127.80837228576794,O_top
148,5,309.968482269535,766.7845784182648,D_right
149,1,378.8339665539804,1024.2444773409688,O_right
149,2,306.3004442346614,299.8512838607235,D_top
149,3,368.30463494523866,128.996793719458,O_top
149,5,306.09697494986835,753.4536724725377,D_right
149,6,14.164469026530089,720.430096377579,D_left
150,1,373.6404416692361,1022.292331601506,O_right
150,2,298.45222061590897,290.5212116511098,D_top
150,3,366.2659631055777,129.90351934253948,O_top
150,5,334.6152932058846,762.8331104608783,D_right
151,1,365.5615906043038,1017.1219982252726,O_right
151,2,294.76457131363367,286.3683711373351,D_top
151,3,360.9145783413767,127.13333354356432,O_top
151,5,350.9859718399782,768.6089176869157,D_right
152,1,361.1167589385636,1014.89293094781,O_right
152,2,290.2624845337057,281.74147927379045,D_top
152,3,357.15243310308745,126.39307333395584,O_top
152,5,368.5655286981112,776.6051443723179,D_right
153,1,359.48947241234305,1015.1332047373922,O_right
153,2,288.10673049645294,278.6993270186059,D_top
153,3,353.9445624516732,126.7930497961413,O_top
153,5,389.46505198494174,789.4581910076566,D_right
153,6,1.926351436400328,620.6102559552228,D_left
153,7,53.355699835735216,603.4696703214345,O_left
154,1,355.910655111687,1013.5234751833432,O_right
154,2,282.7281992152675,273.83737737867307,D_top
154,3,352.6606748583848,127.60225470446076,O_top
154,5,400.5397005882368,797.9835726690109,D_right
154,6,34.150653235035804,649.4313328428095,D_left
155,1,342.21347240611857,1003.9554001203444,O_right
155,2,275.6482676426942,265.95586997182767,D_top
155,3,350.6689219606709,127.956319502113,O_top
155,5,403.8932107292981,809.8178991270288,D_right
155,6,68.92350232401492,673.7806256606864,D_left
156,1,333.9273107724721,1000.8391416572846,O_right
156,2,268.6470401791531,258.5898147290117,D_top
156,3,346.8721539271838,124.82028932301075,O_top
156,5,400.1008508550388,828.4728275926349,D_right
156,6,85.6113494641948,673.5764237295995,D_left
157,1,328.11616087012254,993.856022315428,O_right
157,2,276.24042958095094,267.242166993846,D_top
157,3,334.46304722360867,117.64824561957202,O_top
157,5,399.76860036218767,831.2571654086098,D_right
157,6,105.89895134853816,690.6389122394329,D_left
158,1,316.1010750035231,984.2099777706724,O_right
158,2,263.9219348290427,254.11285364703733,D_top
158,3,328.00695280926,112.69206025115643,O_top
158,5,395.5197039876877,835.0682997437136,D_right
158,6,97.8508708874866,685.52057592485,D_left
159,1,315.40009306188324,975.1328223697652,O_right
159,2,275.0053606662191,264.3287829578244,D_top
159,3,319.6159786515366,102.314443573897,O_top
159,5,393.3977940643954,841.0194979530852,D_right
159,6,121.0901232017324,714.081548388627,D_left
160,1,317.7720411376568,975.6122295071666,O_right
160,2,277.7720027864626,264.0363474623131,D_top
160,3,320.22953587836315,102.1011547387288,O_top
160,5,389.3273751596195,846.2276890686006,D_right
160,6,105.06033767688508,709.1869505781257,D_left
160,7,24.927418855120266,631.7295457767963,O_left
161,1,314.7512283550823,967.834874414105,O_right
161,2,287.9630484853646,270.5116225131935,D_top
161,3,319.224209745397,101.44154362064164,O_top
161,5,383.12404958880944,852.0470975363128,D_right
161,6,122.59806747286882,727.5669446662553,D_left
161,7,55.26096462739339,650.391692656327,O_left
162,1,314.34435349878686,963.9814071625932,O_right
162,2,306.11212260968364,287.8715121557508,D_top
162,3,318.7063420907454,101.9332836009499,O_top
162,5,377.90617463984654,856.8416360684245,D_right
162,6,140.73609988703464,744.8908029896311,D_left
162,7,79.48314441395328,665.877750341212,O_left
163,1,303.2770302276527,954.6951517844068,O_right
163,2,317.59025988934485,297.4653856527564,D_top
163,3,328.5055212186449,115.13747841324744,O_top
163,5,370.6048721337372,863.7218547084448,D_right
163,6,164.4349192235623,772.1875884023416,D_left
163,7,66.09414721945488,653.2266633876585,O_left
164,1,299.2948696402625,951.3646141932422,O_right
164,2,323.17270561400625,301.5739581300688,D_top
164,3,331.1260258776278,118.8349189439818,O_top
164,5,359.0753482259525,865.4516174031417,D_right
164,6,185.1147640737951,801.0850992461146,D_left
164,7,29.405395695727208,625.7256111434746,O_left
165,1,286.52177080696265,939.6674965720132,O_right
165,2,328.7914919468297,308.51306624831926,D_top
165,3,335.3140224753472,124.2907500128927,O_top
165,5,336.8627314514631,864.4755234093363,D_right
165,6,187.65073609942203,812.4761996383809,D_left
165,7,21.943222222905018,620.9886739055295,O_left
166,1,266.1591268513053,919.8696974100006,O_right
166,2,329.0374937162855,311.0585887171424,D_top
166,3,336.5564307356108,126.8844913606044,O_top
166,5,314.40923446190925,852.3533344533085,D_right
166,6,195.31179154311897,818.1824719088806,D_left
166,7,20.08664148752668,620.644888195548,O_left
167,1,248.01518227690104,900.2202259078325,O_right
167,2,327.51681965090654,314.7779321131696,D_top
167,3,337.9517679736347,129.40833107677585,O_top
167,5,294.89935719865633,844.8095658610192,D_right
167,6,199.2498896538752,819.9568652305488,D_left
167,7,19.05306834074281,617.2419162566364,O_left
168,1,224.57413247488068,882.8149044419379,O_right
168,2,323.454865461714,313.49347996126903,D_top
168,3,338.44180865631864,130.71358163372162,O_top
168,5,253.20487323148512,822.4454131374043,D_right
168,6,200.0608949852345,821.145676791627,D_left
168,7,20.3933207955098,619.422400502163,O_left
169,1,195.4377326782751,861.4268758815836,O_right
169,2,327.2506192394058,326.34730056532,D_top
169,3,339.95932500674127,135.18435594110483,O_top
169,5,220.3241995815047,808.390245092537,D_right
169,6,199.1396963839381,831.6860137710195,D_left
169,7,17.321183286037222,616.4326068747761,O_left
170,1,186.1181032828116,854.6109987960714,O_right
170,2,325.6089293323867,328.6942805632216,D_top
170,3,337.6611557180665,136.29529489264172,O_top
170,5,212.53489933243756,808.2694273135032,D_right
170,6,194.8981842941062,825.9408548253894,D_left
170,7,18.18980606517352,618.8228567718784,O_left
171,1,161.89124972445498,838.0325470379943,O_right
171,2,324.3570912671315,330.73819147275145,D_top
171,3,339.0495058356451,142.7264153983122,O_top
171,5,239.54238362924173,841.9986554348859,D_right
171,7,17.936447429637862,614.1978520400808,O_left
172,1,149.2612864179356,829.3237938343987,O_right
172,2,329.51952992907155,338.7899459958796,D_top
172,3,339.1853478747784,145.96103169864142,O_top
172,5,251.2341574797528,857.9759932876444,D_right
172,7,17.963843354134163,612.3739838962944,O_left
173,1,121.06483864115516,808.9458666813136,O_right
173,2,337.70977656096704,354.0153415083118,D_top
173,3,338.7860307827947,149.07450772395444,O_top
173,5,265.13796046866685,868.4815613122206,D_right
173,7,15.137804630934983,607.5454298218277,O_left
174,1,98.99353192924973,794.8605730857365,O_right
174,2,340.63606015908977,362.00882610864056,D_top
174,3,338.9957658729898,151.9466726055079,O_top
174,5,271.685703252866,876.6452123311929,D_right
174,7,20.57074605270609,606.2649855102487,O_left
175,2,340.9369319109667,374.389228292096,D_top
175,3,338.1951784712101,157.29290438937906,O_top
175,5,274.1721869592177,883.7994122555286,D_right
175,7,23.447869202414225,607.202218453076,O_left
175,6,173.24682990691085,786.2064352783145,D_left
176,2,344.5927987547569,383.14355891406416,D_top
176,3,336.01438845804813,159.3005220439802,O_top
176,5,267.8099049101827,886.0763202618251,D_right
176,7,24.582008730063624,603.795813118817,O_left
176,6,208.7488790762247,807.2500676755245,D_left
177,2,346.69185294323734,392.8607165658172,D_top
177,3,336.45484025697084,166.91728451589722,O_top
177,5,269.60084575694884,892.2402323445041,D_right
177,7,27.28339159235989,601.0626347952239,O_left
177,6,222.9032673743284,817.0243741443788,D_left
178,2,349.5269955278754,400.7995951530885,D_top
178,3,337.0009060709108,172.37381648824368,O_top
178,5,263.3835051477872,893.8422366021458,D_right
178,7,31.669493556872965,600.7659839838383,O_left
178,6,230.33064083790157,821.3726524607439,D_left
179,2,359.27541260874307,417.8856694086911,D_top
179,3,338.173773177761,179.23521410670853,O_top
179,5,255.53967003329493,897.6220409028808,D_right
179,7,33.93179619712982,599.711151577516,O_left
179,6,236.09063509017864,821.7287127396523,D_left
179,1,74.28990178534795,763.5806396828154,O_right
180,2,364.97918629245584,428.4806033134864,D_top
180,3,339.51199216578965,183.62944711542175,O_top
180,5,251.8054993104595,900.2667209938536,D_right
180,7,38.07361811892335,603.1148328990349,O_left
180,6,238.82236685497867,819.6404336139346,D_left
180,1,54.60431580174493,751.3196535801378,O_right
181,2,371.1183922231136,441.0710861019362,D_top
181,3,337.80846255148134,186.28505818335708,O_top
181,5,249.13924899910455,901.6490691273098,D_right
181,7,36.44307538676785,600.8342688952529,O_left
181,6,243.59039124236256,809.3082798966695,D_left
181,1,113.94012242540953,790.8839710603596,O_right
182,2,373.65161463001743,447.32069044961696,D_top
182,3,336.84927687632944,187.5946045742351,O_top
182,5,244.77365566108165,901.1154020883532,D_right
182,7,36.80196395524652,600.6169831696178,O_left
182,6,244.16780380779636,804.0602830631377,D_left
182,1,151.99118544019203,813.7222289014197,O_right
183,2,371.3750056527138,452.02700314374016,D_top
183,3,336.00908732881305,191.4506637287785,O_top
183,5,232.1229280770737,902.1053873907111,D_right
183,7,33.18811077572041,597.3245180927063,O_left
183,6,255.06857272419012,809.4774656549962,D_left
183,1,175.69115653887008,823.3184281576622,O_right
184,2,369.1374058772719,455.4403128563145,D_top
184,3,333.87476279512896,192.5490967744382,O_top
184,5,220.28431206432143,901.3074636773256,D_right
184,7,33.26216667084058,596.3059965128964,O_left
184,6,260.2673248117886,811.1150155618874,D_left
184,1,177.90331270620374,822.1009202890418,O_right
