1,1,861.1585762312754,1011.9706169902444,D_top
1,2,587.592091921744,1264.394390598083,D_right
1,3,623.4149416362418,1383.3613196249885,O_right
1,4,993.1804687631192,1029.9961599992305,O_top
1,5,566.9016030359165,455.4232633041557,D_left
1,7,596.0977372590279,97.93633987149168,O_left
2,1,860.655200838162,1012.7570896831362,D_top
2,2,593.0878153499679,1266.76400621967,D_right
2,3,626.6054071909005,1380.8127429057904,O_right
2,4,992.189889686895,1029.6016050878982,O_top
2,5,568.2755832695308,455.9298907827255,D_left
2,7,594.988003616578,96.35772113317798,O_left
3,1,858.0475629239561,1012.395000313448,D_top
3,2,595.8649726820395,1266.5687615050729,D_right
3,3,631.9753398408177,1374.797035949037,O_right
3,4,991.7635557726142,1029.8129839626574,O_top
3,5,568.3487284805528,456.0901135212368,D_left
3,7,594.530838317346,96.2773553285515,O_left
4,1,856.4135821525462,1011.5469438707844,D_top
4,2,596.2151198168441,1264.8927699154915,D_right
4,3,634.9464458467833,1370.92706341827,O_right
4,4,991.4892810200192,1030.233209705354,O_top
4,5,568.4782364447384,456.011373993329,D_left
4,7,594.4840396520175,96.3594639423271,O_left
5,1,855.2797873322226,1012.2658021771005,D_top
5,2,597.6624292059357,1261.8965811680505,D_right
5,3,637.6657307829397,1364.723838813988,O_right
5,4,991.2090649655154,1030.662538320203,O_top
5,5,567.9445565983951,454.4975104046808,D_left
5,7,594.0191702565166,97.35158868715976,O_left
6,1,854.1347401864213,1011.8211414103924,D_top
6,2,598.7314107797438,1259.9207749476718,D_right
6,3,639.8118750822834,1360.7778387355197,O_right
6,4,990.5592846308516,1031.6580890267142,O_top
6,5,568.4679777103648,455.1730965429968,D_left
6,7,593.7977317856894,97.56359630660876,O_left
7,1,855.0863985981846,1009.8353372795522,D_top
7,2,601.1229402234142,1256.058185855686,D_right
7,3,641.2013897855044,1354.6768710867889,O_right
7,4,989.890569412163,1034.3500403345597,O_top
7,5,567.8934033688132,454.58495207334073,D_left
7,7,593.5336236943433,98.37994728025616,O_left
8,1,856.6439596181311,1007.212635349178,D_top
8,2,605.6794151041265,1251.0084531021184,D_right
8,3,644.2402549334239,1348.4944516563432,O_right
8,4,989.6386396778868,1035.2747109901757,O_top
8,5,568.4447354718866,455.2128216962934,D_left
8,7,593.4140760834673,98.58968838601466,O_left
9,1,854.085394175939,1007.4124379093948,D_top
9,2,609.7150015078222,1245.2413836464918,D_right
9,3,653.4290724589405,1318.799579338509,O_right
9,4,988.6518607161692,1036.9820862195531,O_top
9,5,567.9259553363529,454.5293075249297,D_left
9,7,591.2125896416461,97.15102735950114,O_left
10,1,852.9540677426135,1007.8703353237726,D_top
10,2,614.7770957966933,1243.9285835148046,D_right
10,3,660.3160916758573,1300.4353079095172,O_right
10,4,987.5888676462172,1038.659320496795,O_top
10,5,568.4958686029602,455.1254260062288,D_left
10,7,589.6818576577095,95.05268200896772,O_left
11,1,854.1948990979787,1005.6160117265196,D_top
11,2,617.5502557430681,1237.650742091108,D_right
11,4,987.558527569938,1038.8525815586347,O_top
11,5,568.816858387831,455.5752424242088,D_left
11,7,591.762279076375,98.66244007431662,O_left
12,1,854.8622584304704,1006.3843329653636,D_top
12,4,984.480253791184,1037.5806774943014,O_top
12,5,568.8766394993647,455.61565344775335,D_left
12,7,590.3183147121777,98.18966196949886,O_left
12,3,680.9104822147013,1272.3030538814871,O_right
13,1,854.5664581924857,1009.652899430358,D_top
13,4,983.3990692554848,1044.636993923447,O_top
13,5,569.3473909638026,455.5238615246213,D_left
13,7,592.8514306364052,104.1578492363808,O_left
13,3,683.2618166794039,1262.8981422360305,O_right
14,1,853.0828473970992,1011.039338605718,D_top
14,4,982.5380885526246,1046.3472026150473,O_top
14,5,569.1024202194621,455.6574561650529,D_left
14,7,595.074882627865,108.5085283524284,O_left
14,3,683.7453984150707,1254.453637152276,O_right
15,1,850.5190607864776,1012.804932345004,D_top
15,4,983.3724057182188,1051.1609117909663,O_top
15,5,568.8595310347844,456.3575707359479,D_left
15,7,595.1462390823897,112.23050790434912,O_left
15,3,694.2355213841012,1244.2874027018204,O_right
16,1,849.5828899485772,1015.205547597052,D_top
16,4,983.1295561693424,1053.5697437642295,O_top
16,5,568.188930323234,456.7909581765956,D_left
16,7,596.0345791310377,116.07970478365606,O_left
16,3,684.0125092202095,1225.794850366563,O_right
16,2,709.3833710824407,1223.8425577559694,D_right
17,1,841.7483500853075,1016.4354646227174,D_top
17,4,980.0665501254742,1058.9359247987727,O_top
17,5,567.3532692841901,458.0765671479785,D_left
17,7,596.2614863330958,120.54905485067138,O_left
17,3,711.9946756650844,1209.6773426219625,O_right
17,2,645.5639249672356,1179.0629716048627,D_right
18,1,838.6714590383925,1018.9836648803292,D_top
18,4,980.5183209196168,1062.7325891376993,O_top
18,5,567.8102859914297,459.1476351839863,D_left
18,7,596.1575609924712,121.5984439682138,O_left
18,3,727.362495628131,1199.585692250978,O_right
18,2,637.6424382778393,1162.6615101506345,D_right
19,1,835.4332788577509,1023.298090270187,D_top
19,4,980.0862142641204,1066.4204710564477,O_top
19,5,566.4254428942122,461.9409938749234,D_left
19,7,597.5961618155643,126.86749175691754,O_left
19,3,744.1324119025159,1182.2658723940986,O_right
19,2,650.5161634400868,1154.0497867678234,D_right
20,1,833.4845076065294,1026.0980935195237,D_top
20,4,978.314713648432,1068.7944257839645,O_top
20,5,565.9284751556888,462.93245458587313,D_left
20,7,599.6191222778815,131.4232381373199,O_left
20,3,739.4135392770485,1161.855023318819,O_right
20,2,652.4048612278857,1142.6140182852305,D_right
21,1,833.0925952293463,1026.8383043869176,D_top
21,4,976.401546723514,1073.062474299064,O_top
21,5,566.3559939707194,464.6188489774506,D_left
21,7,603.517821286523,138.12718853044603,O_left
21,3,750.9772880414278,1138.4624423636476,O_right
21,2,682.4392690116234,1138.9039633090754,D_right
22,1,834.2388147855868,1028.8875677387264,D_top
22,4,975.8678045837396,1074.357402691001,O_top
22,5,567.7158984526977,465.41792407573394,D_left
22,7,603.5562584704147,137.8896662095146,O_left
22,3,756.6090499143102,1125.931687285431,O_right
22,2,691.3582680990785,1134.6393842026614,D_right
23,1,837.119999854983,1033.4573928093837,D_top
23,4,969.23205118121,1080.4809270443336,O_top
23,5,567.9364745626629,466.5998014219056,D_left
23,7,605.0907728197939,140.48503886904746,O_left
23,3,760.4207885087731,1118.7353896889208,O_right
23,2,699.350008899215,1127.828136715543,D_right
24,1,842.1260196062192,1040.049542198117,D_top
24,4,964.677065294446,1085.8161042620577,O_top
24,5,569.1843011753159,471.1103135012775,D_left
24,7,606.2366332052515,142.5572466883859,O_left
24,3,761.3895336591795,1112.9200156401143,O_right
24,2,703.3999389999684,1123.2918285601947,D_right
25,1,844.8320028099237,1044.9355894591622,D_top
25,4,951.1133577303964,1082.914448771386,O_top
25,5,564.8046530664602,472.9383688525604,D_left
25,7,607.5644179051952,147.00517587199775,O_left
25,3,769.6199220127849,1113.9181501997357,O_right
25,2,700.6653471425554,1109.6802938873932,D_right
26,1,845.1053025384749,1045.968868332592,D_top
26,4,949.34197600242,1088.2910855208097,O_top
26,5,559.1319730735943,471.699828951584,D_left
26,7,607.4004874371539,149.4832121272709,O_left
26,3,780.486392387259,1116.7349728689649,O_right
26,2,698.7596504040384,1098.9483882351403,D_right
27,1,845.150257220624,1046.202571723128,D_top
27,4,947.4717788816444,1099.526490055447,O_top
27,5,553.6756641080317,470.1677897825035,D_left
27,7,606.3632059837938,156.1701195279382,O_left
27,3,793.5416915619476,1112.6675920107057,O_right
27,2,700.72988747231,1086.2126247307533,D_right
28,1,845.4093535826687,1042.2058885911365,D_top
28,4,944.7289714823957,1105.3816650193894,O_top
28,5,552.4407932603292,472.7103294898322,D_left
28,7,604.9457415677225,160.8220079606481,O_left
28,3,804.1154554138619,1111.2891883232635,O_right
28,2,698.0180090197163,1080.5281190013095,D_right
29,1,820.5217669129539,1015.3991715597566,D_top
29,4,936.686457360567,1111.1717252004912,O_top
29,5,541.6897355895001,476.428015787562,D_left
29,7,605.21127531338,171.0541216876488,O_left
29,3,819.1516807765461,1114.411719353938,O_right
29,2,696.6790770701491,1074.5506696668515,D_right
30,1,808.4660674162985,1003.9119274164672,D_top
30,4,946.8573115757732,1123.9986920433169,O_top
30,5,536.2866427023502,480.18111983433255,D_left
30,7,604.6671079220566,175.99271545740422,O_left
30,3,823.3227214679863,1114.363981703279,O_right
30,2,693.9621421561812,1073.7284046874724,D_right
31,1,800.7703452297421,1001.2607439823832,D_top
31,4,930.7282641078872,1134.3091204971213,O_top
31,5,529.098731556252,483.6321237072319,D_left
31,7,606.2497374831952,183.99827091826677,O_left
31,3,787.102078402757,1083.1925878576196,O_right
31,2,689.7124302770594,1069.612256536831,D_right
32,1,797.9510484387545,1002.7136728508252,D_top
32,4,916.5665809361252,1144.392841752266,O_top
32,5,524.3253448613121,488.7548999882279,D_left
32,7,608.1982707179334,191.62560852055583,O_left
32,3,773.2770841965879,1069.2898450940097,O_right
32,2,684.3521511888641,1062.7226052764695,D_right
33,1,795.438815488541,1005.859134885463,D_top
33,4,902.9488906827894,1163.8978796156994,O_top
33,5,520.8458859193739,493.4091781157534,D_left
33,7,605.7684474370262,192.4040851679815,O_left
33,3,760.784613149192,1072.4657832377632,O_right
33,2,663.5010136122731,1050.2326956556328,D_right
34,1,793.012613028382,1005.521417359374,D_top
34,4,894.9921535335161,1174.0972736470965,O_top
34,5,517.3799010297206,494.5292154831778,D_left
34,7,604.7528636198372,194.8252984235252,O_left
34,3,760.3332839949761,1063.2083045396798,O_right
34,2,666.8306240269098,1055.2265347479913,D_right
35,1,787.8032506726822,1006.4685311427096,D_top
35,4,882.8251130731209,1186.3550101041103,O_top
35,5,516.281768498397,494.801857531526,D_left
35,7,604.181527451578,198.27654621052835,O_left
35,3,796.8918640069753,1094.4142108601116,O_right
35,2,706.0628120780656,1095.8306367819175,D_right
36,1,783.6739285209749,1010.4395509289578,D_top
36,4,846.0892829056581,1179.4184909166277,O_top
36,5,517.0264323697991,502.0036155963818,D_left
36,7,601.8978025553954,198.63840107807735,O_left
36,3,810.0581560771761,1098.6240633548416,O_right
36,2,713.7378322207958,1091.8601198449014,D_right
37,1,774.8882082250755,1013.506898907197,D_top
37,4,823.7004939824009,1184.4016169722936,O_top
37,5,513.03938144524,512.0436489792196,D_left
37,7,604.7475340235447,206.43714352550887,O_left
37,3,817.429607028138,1098.6938811490106,O_right
37,2,668.4180618352849,1056.029783103541,D_right
38,1,766.1745857275723,1017.1431999145216,D_top
38,4,815.6913884938957,1186.4170545867016,O_top
38,5,503.1890463833639,517.1279638683072,D_left
38,7,607.6744815412527,213.1986219986346,O_left
38,3,806.9746976474254,1091.4864891078746,O_right
38,2,676.7375649614311,1059.5302259117389,D_right
39,1,762.2595102522163,1029.9211843805608,D_top
39,4,800.2080772181805,1197.0431608590056,O_top
39,5,494.1624673693697,517.191362698027,D_left
39,7,614.7754272623129,224.1590367043264,O_left
39,3,785.8574393340946,1075.790646242716,O_right
39,2,653.0632731312218,1053.523771044608,D_right
40,1,764.0582609456742,1037.977544568674,D_top
40,4,788.2203348802525,1209.4159643466933,O_top
40,5,490.2577278573925,520.9461177111058,D_left
40,7,616.8134050963454,227.30871120014723,O_left
40,3,782.0110714755923,1072.128914691152,O_right
40,2,623.6359632210513,1049.244370940376,D_right
41,1,760.708933320957,1035.8565759408646,D_top
41,4,749.0927264998807,1205.6437550482235,O_top
41,5,489.7181962202017,538.6420612163549,D_left
41,7,620.7865920944274,232.134839364414,O_left
41,3,791.8567934101661,1075.9893831393083,O_right
41,2,605.2720638431999,1048.775428491507,D_right
42,1,758.062219089385,1037.2570251021548,D_top
42,4,748.0824294986467,1217.8980265547077,O_top
42,5,484.855099007934,549.0347245355897,D_left
42,7,621.0651469826147,231.338361641822,O_left
42,3,797.2705264688327,1078.4800740039234,O_right
42,2,595.0254160861252,1046.9029371523695,D_right
43,1,742.3625058583765,1030.0776350186557,D_top
43,4,739.1653869133463,1228.859347335078,O_top
43,5,479.10743014542544,563.8483585033182,D_left
43,7,620.4679315688834,229.37475745571845,O_left
43,3,792.3552559932893,1073.6111039807004,O_right
43,2,604.973218338082,1060.009237180415,D_right
44,1,710.8291090072878,1008.3958411679872,D_top
44,4,734.6273651022218,1237.2825552692752,O_top
44,5,472.84196191263146,576.7733685782636,D_left
44,7,620.3004550792949,228.7170212779076,O_left
44,3,794.2580841109898,1075.15396559275,O_right
44,2,601.5985558102733,1074.0078581916146,D_right
45,1,698.9537304950261,1001.417123035864,D_top
45,4,727.3583231277568,1251.360765405116,O_top
45,5,468.0365381777363,590.0764107513567,D_left
45,7,620.3437475172152,228.01031431498552,O_left
45,3,784.2741098802476,1062.115298462615,O_right
45,2,572.0638572422838,1054.9039606702656,D_right
46,1,683.2913289053031,991.0967406662317,D_top
46,4,720.1884761466705,1258.731389293893,O_top
46,5,464.26152557707854,598.4228378257388,D_left
46,7,621.9487349069652,231.85792793193977,O_left
46,3,787.5652749469921,1059.4257707672195,O_right
46,2,584.4763568762642,1067.150700517794,D_right
47,1,684.0921014837961,996.9019146333368,D_top
47,4,713.5975901310528,1264.6620849633962,O_top
47,5,449.976921524171,600.4532360419071,D_left
47,7,620.3158388113595,232.7909868186951,O_left
47,3,798.1598361427488,1057.5078109036835,O_right
47,2,587.0649062781436,1079.5305811175008,D_right
48,1,683.6887037620538,1000.4359501111326,D_top
48,4,707.8553160313072,1266.7733226710145,O_top
48,5,438.1942468409796,600.4294760031723,D_left
48,7,621.455914089423,236.48064538629092,O_left
48,3,800.9872489698184,1054.6148778004044,O_right
48,2,583.6401311033447,1091.2258486749215,D_right
49,1,680.3504639829846,997.9152658543666,D_top
49,4,692.0227996411344,1267.8429132785716,O_top
49,5,426.7785679166029,605.8290486811462,D_left
49,7,620.7546117045506,237.06441638412767,O_left
49,3,804.0633891130656,1052.35817543655,O_right
49,2,583.5976297484318,1098.9324611066145,D_right
50,1,679.8817135919965,998.909310013038,D_top
50,4,671.9173053944309,1266.3822940836517,O_top
50,5,421.6574037723681,609.2778895327647,D_left
50,7,620.4146983830892,237.18068514628305,O_left
50,3,804.4856315128834,1050.5391446269427,O_right
50,2,583.2499928034764,1104.7494174484675,D_right
51,1,679.7637295891822,994.7367084666672,D_top
51,4,657.7797464639497,1270.8411129407432,O_top
51,5,420.6460560870792,620.4098443137483,D_left
51,7,619.9002869501032,237.9124367754132,O_left
51,3,799.8191389882414,1041.8637517535892,O_right
51,2,585.9023188666973,1117.16506616351,D_right
52,1,680.8365692682988,994.4707191088652,D_top
52,4,647.4437376182258,1271.2545775218573,O_top
52,5,416.6274180749571,626.5879065044262,D_left
52,7,618.89825962536,237.12953054022265,O_left
52,3,794.7183468683012,1029.9038925392172,O_right
52,2,585.6932816141483,1123.9591872478252,D_right
53,1,683.0508747259369,991.7251053148048,D_top
53,4,620.7384953945727,1270.1707111818844,O_top
53,5,410.110222432703,642.1087726281575,D_left
53,7,617.391049115651,236.2710320979234,O_left
53,3,792.5044732261383,1013.6858406781872,O_right
53,2,582.2789350183555,1131.9729573595023,D_right
54,1,684.5612795640548,987.2785259302832,D_top
54,4,616.2679150978541,1273.8637434906611,O_top
54,5,408.1358878363694,651.26427485224,D_left
54,7,616.4635114197619,236.1400455932173,O_left
54,3,790.4478567905443,1005.4565468945452,O_right
54,2,579.0833550512689,1135.3229215007418,D_right
55,1,681.1800540148439,980.169129542809,D_top
55,4,604.8912447905145,1282.9732820731626,O_top
55,5,401.8358861432183,655.9103652035279,D_left
55,7,617.0826790841694,239.32342212538663,O_left
55,3,795.9380422368769,992.86288061684,O_right
55,2,575.6273557287144,1140.393018335055,D_right
56,1,676.7737197652767,970.4271194318884,D_top
56,4,596.5743169123161,1289.2426967828535,O_top
56,5,400.9638448684233,661.2490819368055,D_left
56,7,615.5225234973135,238.39771270381223,O_left
56,3,796.0819518482512,985.0158145112432,O_right
56,2,571.2665373939126,1144.4755006910293,D_right
57,1,667.81006275459,951.3973471575508,D_top
57,4,592.2999623666296,1298.3247535361872,O_top
57,5,342.9036487574612,615.3531284486139,D_left
57,7,616.2688519988476,240.7299274412132,O_left
57,3,797.152745521424,976.6250989083998,O_right
57,2,555.1098143433367,1145.201340886725,D_right
58,1,659.3138740810144,934.1760166230392,D_top
58,4,590.5060302368847,1302.3878659353593,O_top
58,5,311.37256362640335,592.2338485207927,D_left
58,7,616.5342753555892,241.5291867436331,O_left
58,3,764.7560475795161,946.5810381294568,O_right
58,2,540.7465832595452,1141.012768621464,D_right
59,1,662.2510489291418,923.2519590640824,D_top
59,4,589.6041818287358,1308.836376200877,O_top
59,5,369.26089438688194,646.6873842261949,D_left
59,7,616.1103486151688,240.0597407360981,O_left
59,3,750.25293695303,929.1662483500696,O_right
59,2,523.3720903216717,1148.2456115266846,D_right
60,1,663.294948299557,919.9691131873684,D_top
60,4,587.8653839752217,1311.9233678155256,O_top
60,5,396.63969764231337,672.6627917758848,D_left
60,7,616.1166958364288,239.73393028333385,O_left
60,3,742.9749089673617,919.4114533286486,O_right
60,2,515.4553284448692,1153.6869305632354,D_right
61,1,668.5709601806053,916.4620840387868,D_top
61,4,586.0202800334994,1321.378787883199,O_top
61,5,399.9470780748938,679.700873895055,D_left
61,7,616.5227290344708,238.71720107291543,O_left
61,3,734.8273095349657,905.7761702283992,O_right
61,2,513.1245065421319,1160.1601450676656,D_right
62,1,671.9801031333346,913.4107950936746,D_top
62,4,582.9974278942495,1326.959799060155,O_top
62,5,414.5281075446236,692.8030054982452,D_left
62,7,617.0376835463212,237.98459115866265,O_left
62,3,728.7702074730946,896.3313819331065,O_right
62,2,510.8601976097376,1165.2170917657963,D_right
63,1,672.1858305302657,908.9319481166642,D_top
63,4,580.933509921444,1332.63202711699,O_top
63,5,405.49045962469216,685.6860601022589,D_left
63,7,616.5608299974866,236.28728420717889,O_left
63,3,710.0138399176378,874.3728354437898,O_right
63,2,507.1003248689239,1174.5102332316535,D_right
64,1,673.6114085177412,908.0370185010676,D_top
64,4,579.7014023265552,1335.9150616266702,O_top
64,5,387.0973346032165,666.9066847467734,D_left
64,7,617.9969905128145,237.4285272154576,O_left
64,3,687.4650676251232,851.2137632088765,O_right
64,2,505.9041113446444,1175.3235015824414,D_right
65,1,672.2196422204893,905.8685128454362,D_top
65,4,577.1863920780479,1336.340453008342,O_top
65,5,396.7578496507026,674.3678110951698,D_left
65,7,618.9014863735814,237.43845717161287,O_left
65,3,676.8977393008483,838.0262085127293,O_right
65,2,504.0260287645987,1180.6113713721008,D_right
66,1,648.3016976970482,887.6543395020882,D_top
66,4,579.3976886949368,1333.7856623989967,O_top
66,5,398.5398165765757,675.6976391038249,D_left
66,7,618.5760691898226,236.11288331364608,O_left
66,3,668.1624571121732,827.9115677660434,O_right
66,2,502.1689657928548,1184.4809141546475,D_right
67,1,613.081810016496,861.8030326018385,D_top
67,4,581.8622193678722,1326.3348414642785,O_top
67,5,391.5476944723269,662.362400332183,D_left
67,7,618.9053729269033,234.44129132455075,O_left
67,3,658.1789659584091,818.6040496830782,O_right
67,2,499.5797672323179,1189.1901710666525,D_right
68,1,598.8290772299092,851.3383822723295,D_top
68,4,582.4700609463482,1326.1140382472256,O_top
68,5,396.10990190500365,660.7384142551638,D_left
68,7,619.2791089827512,233.6377189218434,O_left
68,3,650.7749683895812,812.1017089085598,O_right
68,2,499.3160209836997,1189.8755662126423,D_right
69,1,590.5274248722969,842.0933605361002,D_top
69,4,590.5132606194329,1323.6477223896543,O_top
69,5,395.7608751674611,654.2083966580766,D_left
69,7,618.5237154217641,232.10472342852265,O_left
69,3,605.6096377423345,770.9770042158281,O_right
69,2,498.15041321457255,1191.9349179372302,D_right
70,1,587.5773031123921,839.3672553975912,D_top
70,4,597.401861051591,1318.953418392215,O_top
70,5,397.0242604786255,649.9439863941866,D_left
70,7,620.0059841520377,233.95637172550647,O_left
70,3,577.3133309885234,745.8120166759674,O_right
70,2,498.18303872474365,1192.312437252008,D_right
71,1,585.1118681983104,835.065791458027,D_top
71,4,613.4015510924759,1305.6544531180537,O_top
71,5,400.04151892441126,643.6978276054602,D_left
71,7,631.9059234299046,249.6879159318389,O_left
71,3,556.5342486864815,728.3015606461449,O_right
71,2,496.9709741935326,1194.2747150132184,D_right
72,1,564.8516600003959,817.3222408249752,D_top
72,4,625.7614936583467,1288.8666333437045,O_top
72,5,395.5168375064295,631.2058036224323,D_left
72,7,638.7811411781278,258.03789646057874,O_left
72,3,550.454907043721,723.3865306774234,O_right
72,2,491.00014879734425,1188.3582968524802,D_right
73,1,539.7542291290825,801.3103320223237,D_top
73,4,634.5225884460896,1279.905191449552,O_top
73,5,403.9849910989726,622.4809119990686,D_left
73,7,648.9009391163635,268.5177251007526,O_left
73,3,542.4675329325505,714.7423974500739,O_right
73,2,489.1608611776818,1190.9915069383612,D_right
74,1,524.7973164695517,792.9759373954257,D_top
74,4,638.6738609028555,1273.367971416626,O_top
74,7,656.3606860267136,276.9359048571648,O_left
74,5,7.458745142247114,715.6380064912014,D_left
74,3,539.1969830220543,710.0013668907147,O_right
74,2,492.8541377366474,1177.1242065801082,D_right
75,1,509.5851017672543,786.0003412628789,D_top
75,4,622.7066539084375,1249.4091847553575,O_top
75,7,666.8401028654525,288.4838637361824,O_left
75,5,22.85115232930517,725.0038709024394,D_left
75,3,523.8902994439563,696.713057787287,O_right
75,2,502.6363446824022,1161.1651711479008,D_right
76,1,500.6256948520374,790.0058338455445,D_top
76,4,622.4207543322385,1234.1871399377412,O_top
76,7,670.8687732258911,291.68884029252155,O_left
76,5,18.573614966178784,722.414510657627,D_left
76,3,511.37733732670426,685.1725780005969,O_right
77,1,491.0933520420073,788.3569864641037,D_top
77,4,632.1443217204996,1210.9480301107392,O_top
77,7,672.9537370733916,291.5728539353236,O_left
77,5,63.00596030148355,749.3578397496296,D_left
77,3,501.2250010677574,674.1907775726356,O_right
78,1,452.9107185473349,762.2639690700752,D_top
78,4,634.0814040858663,1198.7723167878612,O_top
78,7,674.0922380483331,292.49367926707765,O_left
78,5,96.90665244937388,769.8783105438689,D_left
78,3,496.04121401437374,668.2280642724678,O_right
79,1,437.68140797377686,756.2773007704259,D_top
79,4,636.5227141299966,1185.349809182649,O_top
79,7,677.0104520291766,290.23027352549275,O_left
79,5,113.06747999413636,779.6946215022485,D_left
79,3,485.55183668056605,659.8675914361302,O_right
79,5,479.209282981015,608.7177079184706,D_left
80,1,433.7435894911023,754.740292529794,D_top
80,4,628.457324297181,1168.7696711310127,O_top
80,7,677.1610531289117,286.6836819970873,O_left
80,5,66.0460187142455,751.8970483064834,D_left
80,3,473.4665585175513,649.680201366705,O_right
80,5,489.378026986728,613.9879499882761,D_left
81,1,424.8334350096567,749.6688865735073,D_top
81,4,637.1440225878832,1145.9823414482064,O_top
81,7,678.6067664504466,288.3636664742063,O_left
81,5,42.32724392832105,737.8331493831157,D_left
81,3,426.8978260497056,611.1296577753477,O_right
81,5,489.53049982341776,611.229327650896,D_left
82,1,418.70996197848496,746.1444951517894,D_top
82,4,640.6831382120755,1133.0272121192093,O_top
82,7,679.2034520975524,289.0584545298226,O_left
82,5,51.014399926711775,743.1452713661539,D_left
82,3,395.2192585482546,585.7401147846773,O_right
82,5,491.37516665492257,607.1090393323285,D_left
83,1,403.83568548082144,734.3289631708654,D_top
83,4,646.1641958720421,1121.810994669366,O_top
83,7,687.0758460609871,299.1408875323791,O_left
83,5,109.40624698291984,777.7849845470954,D_left
83,3,424.05617864242174,619.1370360931974,O_right
83,5,498.50525624780806,592.1564622195712,D_left
84,1,392.5699988396876,726.1614643061988,D_top
84,4,649.5996405041399,1109.088481618186,O_top
84,7,693.5032794521677,307.33120215169447,O_left
84,5,114.04887280644785,780.3226080537277,D_left
84,3,436.6394623808338,633.6727001233884,O_right
84,5,504.30129327318303,585.054134718145,D_left
85,1,369.8666489526054,710.2144072296297,D_top
85,4,625.0219174151583,1076.1655139463485,O_top
85,7,701.5097680737181,322.99655651719456,O_left
85,5,21.33914808686252,724.8540804872395,D_left
85,3,441.2481345892864,639.0227663118073,O_right
85,5,467.5930003108612,534.3174544233239,D_left
86,1,360.2447373117742,700.5262575523914,D_top
86,4,614.8419883729142,1059.087216059586,O_top
86,7,709.0539964869072,336.37349473527206,O_left
86,3,441.5161306407143,639.7105255555255,O_right
86,5,518.7317826783377,569.6174101896711,D_left
87,1,358.85088671534766,696.631536525675,D_top
87,4,619.1961599290454,1032.498175742202,O_top
87,7,712.6631250789142,345.42602270379865,O_left
87,3,400.8643791702988,604.7499853203743,O_right
87,5,563.7734952034951,597.7957225559601,D_left
88,1,358.8350302599537,693.3478240011929,D_top
88,4,621.4716103654209,1019.7155582703951,O_top
88,7,713.5432810493297,349.350966759486,O_left
88,3,375.7585797410045,583.0485661434177,O_right
88,5,582.7595575799918,608.2405032447764,D_left
89,1,361.0920906193252,684.9206576933494,D_top
89,4,625.250253678535,998.1933573927716,O_top
89,7,714.9400743626392,346.5963657561826,O_left
89,3,369.9940569053668,575.9044687925924,O_right
89,5,591.1112176112766,606.2076033496518,D_left
90,1,360.514061623168,680.6179608251557,D_top
90,4,628.7418797121968,989.852740184827,O_top
90,7,715.0814573779389,343.7187651497989,O_left
90,3,367.8897752808668,571.8048704955582,O_right
90,5,598.6499281069389,597.0203907109112,D_left
91,1,362.7805804709831,680.3386889181836,D_top
91,4,632.7203301135806,975.2920545997284,O_top
91,7,714.8755607320904,340.4963375529227,O_left
91,3,362.5936510731557,561.9532877538267,O_right
91,5,602.9604410221531,590.3960060625409,D_left
92,1,364.3244860627513,677.9736374151627,D_top
92,4,634.8796076813021,966.8739958699424,O_top
92,7,719.1558608085605,343.6895717715586,O_left
92,3,331.34958835323954,521.5959189995029,O_right
92,5,603.9050375335663,590.3018999596991,D_left
93,1,363.7897371770592,674.9557019537946,D_top
93,4,637.2037339961529,961.7873088988526,O_top
93,7,722.3896439655891,345.44555785253334,O_left
93,3,341.59753415401724,500.07220220866975,O_right
93,5,607.1266554219831,588.4915308200204,D_left
94,1,362.69430966045934,673.962206190293,D_top
94,4,638.4060131596528,959.8399329563651,O_top
94,7,724.4640619809605,346.5188839227821,O_left
94,3,347.2168559387863,490.17943904433474,O_right
94,5,607.9308260994951,586.2707200801449,D_left
95,1,361.5163600832748,675.2383201743576,D_top
95,4,639.2697095354014,953.3991402921454,O_top
95,7,727.7651875017893,342.25511025500344,O_left
95,3,356.7259293936674,485.1179234656337,O_right
95,5,599.7907319913695,558.2293041922701,D_left
95,2,552.0453528599722,887.5420203966999,D_right
96,1,355.8722782814916,671.7104917578617,D_top
96,4,641.5045918008489,951.2841584603418,O_top
96,7,728.2075088217788,341.6394786577775,O_left
96,3,355.1198159843179,475.0413369621598,O_right
96,5,598.7622266214764,550.7157580965046,D_left
96,2,548.994125078069,881.1251761152312,D_right
97,1,321.8462468314022,643.8164431968798,D_top
97,4,638.70388231919,945.863177477875,O_top
97,7,730.4212689747596,339.73062772364057,O_left
97,3,361.5071643572943,467.8205533369208,O_right
97,5,601.9384151044159,543.2897843456103,D_left
97,2,538.557517206469,861.0168481775482,D_right
98,1,298.4820743601169,623.6191528865141,D_top
98,4,639.8448500635299,946.1547023252648,O_top
98,7,732.0712480745606,337.59949129044014,O_left
98,3,357.98362519116324,455.7470179059362,O_right
98,5,613.6660767143173,545.6872227199433,D_left
98,2,535.1262877216313,855.9050677047541,D_right
99,1,295.727807577343,614.6056194890106,D_top
99,4,645.5682419581971,953.8782443110596,O_top
99,7,734.3873192858073,334.08475022297034,O_left
99,3,338.7715871052592,405.6197235108202,O_right
99,5,626.9694793605988,546.4023225512377,D_left
99,2,527.9841374859872,848.7862564131633,D_right
100,1,295.81661181644057,607.6510134083898,D_top
100,4,648.083726649302,958.9999960617796,O_top
100,7,735.6475706485489,331.6991524545528,O_left
100,3,333.0176707763007,383.7503321335247,O_right
100,5,632.0722320894979,546.321788969398,D_left
100,2,528.3851399129868,848.3420609891093,D_right
101,1,295.7230160364998,590.6848658635154,D_top
101,4,652.0543868586593,969.0331814990932,O_top
101,7,733.9841586909635,334.1132538655759,O_left
101,3,327.1853682205976,362.9690212522465,O_right
101,5,636.0420434058526,536.904509973457,D_left
101,2,530.5662624030696,849.1553272724633,D_right
102,1,294.1932529743041,583.0068818602933,D_top
102,4,657.7617946579181,978.837643104358,O_top
102,7,732.0490318461287,335.0298296438227,O_left
102,3,330.09928943792306,356.0290105866758,O_right
102,5,638.8516878444534,527.0471264975077,D_left
102,2,531.6938104781991,849.163904070874,D_right
103,1,296.8561201381472,567.1763818134092,D_top
103,4,659.5403207085951,985.4878810716244,O_top
103,7,725.7002071370242,334.8750645434363,O_left
103,3,331.8949442592066,335.32512213745207,O_right
103,5,620.1067097379945,479.5910709354045,D_left
103,2,530.8321840841387,846.4963937824672,D_right
104,1,304.35574730579776,558.6760244170711,D_top
104,4,660.7118213097206,987.0341430244414,O_top
104,7,726.9716514126454,330.36106058072335,O_left
104,3,331.8282584833346,323.6737898233092,O_right
104,5,634.878859951419,483.25930395985176,D_left
104,2,528.7872419900963,838.3046508462286,D_right
105,1,191.2689770302992,445.88405738445744,D_top
105,4,664.0707232765417,987.7973263982636,O_top
105,7,725.9380466304333,327.0954280372847,O_left
105,3,316.5634096120653,294.64259013645926,O_right
105,5,621.3276403343418,469.27365657542913,D_left
105,2,516.0876659720269,829.5743276687347,D_right
106,1,155.27630208052855,402.40265898162505,D_top
106,4,665.2796357985541,988.0953728490532,O_top
106,7,720.9426140814616,320.2686046132153,O_left
106,3,311.52182384238955,263.6250989186859,O_right
106,5,631.0711601523166,478.5858687332242,D_left
106,2,467.0125672546629,789.6884231806861,D_right
107,1,274.54609000808284,494.5891620924092,D_top
107,4,664.4081954398766,990.4108031488788,O_top
107,7,715.5227669091553,313.74289924138134,O_left
107,3,314.02839682662875,245.94140171100392,O_right
107,5,631.9645310810434,471.2912404805512,D_left
107,2,509.608409484582,830.7398932984569,D_right
108,4,661.9139859431516,992.1836730453846,O_top
108,7,713.1217238934568,309.8311164144408,O_left
108,3,315.2039886273193,236.8816384413571,O_right
108,5,632.2093573729861,466.65479158642,D_left
108,2,415.7662925652053,757.6745320282826,D_right
108,2,526.7417895576989,859.2667271622747,D_right
109,1,290.9285689670511,484.6412524311831,D_top
109,4,657.7191767678328,1000.5126580446608,O_top
109,7,711.4793505249392,307.86118642569915,O_left
109,3,319.39479272215584,221.70418608276617,O_right
109,5,632.4676535961328,458.9298460888887,D_left
109,2,493.4645189564356,817.8816105379357,D_right
110,1,287.01078073154144,472.0375491106976,D_top
110,4,655.9483637754921,1006.2604271005364,O_top
110,7,712.8960926371462,311.7043712905395,O_left
110,3,319.0594114476597,217.0097978280194,O_right
110,5,631.0975570478199,456.3257344765424,D_left
110,2,510.7562261729343,835.3742759905957,D_right
111,1,292.13030460967644,446.9021619449336,D_top
111,4,656.4816975423694,1011.3395930676936,O_top
111,7,712.0314952645616,315.4701183348347,O_left
111,3,324.5726191515593,199.3680250380509,O_right
111,5,627.2288643563897,447.2008703656802,D_left
111,2,517.1143299305854,848.1837288593133,D_right
112,1,293.6145625467143,432.272278917562,D_top
112,4,655.8460749316531,1014.5797477250684,O_top
112,7,709.6213138666736,316.44092757664475,O_left
112,3,322.4285479168881,188.4586126007124,O_right
112,5,620.9039732015674,439.904759610673,D_left
112,2,515.0609774106491,850.3628436384535,D_right
113,1,298.0571382089351,417.2635369756887,D_top
113,4,659.4146792457842,1019.381864984408,O_top
113,7,703.5274905694442,315.48749402940183,O_left
113,3,311.6130450434825,174.41756882485126,O_right
113,5,614.8471169470065,437.323686618793,D_left
113,2,516.7066857255015,850.2129287885181,D_right
114,1,293.52821877292854,402.74840204440073,D_top
114,4,660.9161289101577,1020.785539322307,O_top
114,7,685.1369464049633,297.0952927192806,O_left
114,3,307.49457713703754,170.03329946303293,O_right
114,5,612.2751783533181,437.1526064012086,D_left
114,2,520.2999989165813,849.9588951434229,D_right
115,1,283.81662375340966,376.8169792501945,D_top
115,4,661.6135504921659,1013.7329116624068,O_top
115,7,666.1234360309348,284.6404912434241,O_left
115,3,288.8101416052369,153.8192795050063,O_right
115,5,612.9647598058917,441.07422376822944,D_left
115,2,520.1804119523061,845.7808530328304,D_right
116,1,274.1485900166075,356.2978005763494,D_top
116,4,666.0001486331882,1009.0472953732336,O_top
116,7,658.373909685612,283.0340033141494,O_left
116,3,283.041088045449,142.28060638523587,O_right
116,5,613.2368837077787,444.1805991236046,D_left
116,2,521.0873321033428,843.7091572348005,D_right
117,1,272.30926321628385,341.58678076600575,D_top
117,4,681.6277972789933,991.82542121371,O_top
117,7,651.4120314055577,283.0564821352382,O_left
117,3,272.50677138089947,125.52118157393394,O_right
117,5,611.9468961125585,443.4918043717702,D_left
117,2,491.92497563671424,820.2230528984121,D_right
118,1,270.98950498903446,328.0387649751608,D_top
118,4,688.6798359228748,980.991513445104,O_top
118,7,646.0745077933663,283.4830950744138,O_left
118,3,267.4862666779827,118.57229981711984,O_right
118,5,611.987386306677,442.3236947275698,D_left
118,2,456.0428988770528,793.1326921206694,D_right
119,1,270.58820101242446,313.942552834716,D_top
119,4,707.2871038931615,970.2024249001604,O_top
119,7,616.3048685450434,257.5611110543708,O_left
119,3,199.38405571605745,49.11658755502742,O_right
119,5,602.100429317224,434.0664376896135,D_left
119,2,498.5444460022132,823.5325936745523,D_right
120,1,259.0233665989991,295.461319685656,D_top
120,4,709.4819148460926,962.126301201012,O_top
120,7,606.2881346877697,252.62886303233705,O_left
120,3,152.77351720680664,3.091691917483094,O_right
120,5,570.2125129987767,404.892203983195,D_left
120,2,506.16310348261845,828.0575460712109,D_right
121,1,266.2582657355264,287.6938326217896,D_top
121,4,715.1986450570242,953.603468500954,O_top
121,7,585.5212598945883,257.4082344889866,O_left
121,5,548.8745680317193,395.1903164848029,D_left
121,2,504.802281922662,832.5302442119331,D_right
122,1,262.90810654878595,273.77744143399707,D_top
122,4,718.6139885088401,948.208907780126,O_top
122,7,571.9606900623902,262.87108497820026,O_left
122,5,537.5379830563495,395.8043900168792,D_left
122,2,495.964941493204,831.127782318887,D_right
123,1,263.2584104964637,265.9914030662105,D_top
123,4,728.0054865582749,925.9831130619128,O_top
123,7,567.5631783920282,279.06622405849373,O_left
123,3,180.08489670475814,40.95288215836337,O_right
123,5,528.3448490948161,407.67509625040407,D_left
123,2,474.2984089763058,818.7504962032341,D_right
124,1,264.584971977991,264.666746231342,D_top
124,4,732.8653716801307,915.2715135478462,O_top
124,7,561.3062797002249,281.85399698479847,O_left
124,3,204.2891299344425,67.7697032838708,O_right
124,5,523.8218588215799,416.7107917837782,D_left
124,2,451.7512698100141,804.4020892553922,D_right
125,1,253.2688643878459,253.51827633941733,D_top
125,4,735.9220206251324,904.3452979133488,O_top
125,7,514.1498609838044,252.24045611456884,O_left
125,5,517.0036887346947,420.4815134105205,D_left
125,2,436.4299985099927,802.5113465580736,D_right
126,1,245.70999009494557,246.2171218293633,D_top
126,4,739.6237779507372,896.1962755403111,O_top
126,7,513.8196045843206,268.2952226030365,O_left
126,5,506.67871699622026,420.0318303589209,D_left
126,2,424.1237378393047,801.6848158474777,D_right
126,3,261.01067856481205,127.88627358287349,O_right
127,1,234.3908699190088,239.4796757438944,D_top
127,4,734.0553426045622,872.7802713438543,O_top
127,7,488.08966169290414,256.7361157872369,O_left
127,5,480.0951409263786,401.4261954810975,D_left
127,2,423.5644049797706,803.4113885855992,D_right
127,3,261.79169821851895,129.27385205757193,O_right
128,1,229.19438612552372,235.81906157217497,D_top
128,4,729.5645865275312,856.8835909288968,O_top
128,7,478.9198165543553,257.7830222580752,O_left
128,5,466.38224418582456,407.5300848094156,D_left
128,2,422.9021898634904,803.1053353168237,D_right
128,3,262.62348435904823,131.5031135758188,O_right
129,1,229.9708903015276,240.31152953741645,D_top
129,4,733.5817257698446,841.5990329299527,O_top
129,7,451.5178268194729,257.5385570249553,O_left
129,5,451.8782993739834,416.8579826146035,D_left
129,2,426.07033356630296,799.5549542746883,D_right
129,3,311.430874451956,177.8143678056437,O_right
130,1,224.5703797569395,235.6121860460812,D_top
130,4,737.7223474365115,829.2637964681907,O_top
130,7,416.489107755828,251.3851975470888,O_left
130,5,441.81111876143575,419.1690800352072,D_left
130,2,429.1404965959506,793.4441634333461,D_right
130,3,291.1156780485687,132.08384654247504,O_right
131,4,744.9739063599128,807.8254539338736,O_top
131,7,398.1198146913599,268.8130611659756,O_left
131,5,428.9498807556904,416.9922401793384,D_left
131,2,414.6722797894701,769.7868542577512,D_right
131,3,293.02865808234503,117.79846139176584,O_right
131,2,421.06158623656216,738.8661107943365,D_right
132,1,238.228925124648,220.19062091580997,D_top
132,4,753.3697429669767,798.7342112055705,O_top
132,7,388.5321790774154,276.1099509399475,O_left
132,5,421.8611838983237,415.6645896184092,D_left
132,2,415.96281540025547,741.5438984634361,D_right
132,3,294.8296229984426,109.65900883386551,O_right
133,4,752.994373890647,780.1413626075997,O_top
133,7,403.7669221976592,324.03639444449925,O_left
133,5,415.0646170212669,412.8708691984319,D_left
133,2,419.92948325936106,727.772512338828,D_right
133,3,296.4809309920735,107.78855996030649,O_right
134,4,729.3169476802204,747.6752567157968,O_top
134,7,403.4490292423595,336.8662542693346,O_left
134,5,412.59104008041,412.9114637169631,D_left
134,2,425.8302928978611,724.4418185238064,D_right
134,3,299.36323410770206,109.88247913353965,O_right
135,4,738.879024950522,734.2754002713518,O_top
135,7,409.3795845248572,371.7226734375513,O_left
135,5,415.4625492586133,420.0545121578729,D_left
135,2,431.640754012081,717.1388691018191,D_right
135,3,311.9753614618081,116.26639495240936,O_right
136,4,750.3849803919767,731.1479103180679,O_top
136,7,400.3743954388515,376.2103987413794,O_left
136,5,391.46682571066737,417.3700370155082,D_left
136,2,435.0735427822185,702.3446084350824,D_right
136,3,326.3172845614769,123.80683585627952,O_right
136,1,273.14107546087723,192.57579117922677,D_top
137,4,758.3678306746351,726.9226236781224,O_top
137,5,381.38657796544777,419.097303510172,D_left
137,2,446.7935415509713,689.7912394438179,D_right
137,3,354.36640356376535,143.9363436166683,O_right
137,1,283.8814692378206,195.09584012602565,D_top
138,4,762.038497509661,724.5734095549883,O_top
138,5,376.1054095873616,422.9154673900752,D_left
138,2,451.5149184829802,666.2429658522097,D_right
138,3,366.464073801419,150.3981819787784,O_right
138,1,292.6227178665176,199.7264040626956,D_top
139,4,769.6072026253534,722.0593982885132,O_top
139,5,370.1055524698953,426.5674094128465,D_left
139,2,480.1390802576141,662.727990033095,D_right
139,3,376.7367772753212,154.15046070707606,O_right
139,1,319.00062347398256,213.2893393829152,D_top
140,4,774.0437925256944,715.6848435074903,O_top
140,5,364.2703441080562,426.5131527839468,D_left
140,2,492.01212380978,658.8273448608334,D_right
140,3,381.74669857166833,155.54717378093417,O_right
140,1,325.53652574937666,214.19758759568137,D_top
141,4,788.0918052728169,725.5615545165431,O_top
141,5,350.9395101295987,420.2932795999413,D_left
141,2,497.9576121194672,655.5449546752046,D_right
141,3,397.4119352706618,169.93011049345358,O_right
141,1,342.4485784307399,234.3745846377232,D_top
142,4,799.7466394446794,726.9546549353141,O_top
142,5,343.9632208168069,422.2406798613324,D_left
142,2,499.2950338179193,648.5997683832283,D_right
142,3,406.5963764175723,178.4887874406654,O_right
142,1,351.43756196672416,243.3428471640163,D_top
142,7,293.5461597593607,469.0181338567176,O_left
143,4,811.5571720316935,728.4999278506382,O_top
143,5,338.52435740097565,440.0854655451661,D_left
143,2,504.4964758629335,642.1748230379973,D_right
143,3,438.0991571747956,214.3008162570297,O_right
143,1,391.0622274022068,283.4761191890953,D_top
143,7,296.15534557334246,498.0016174864352,O_left
144,4,820.6942245812769,731.4879536323937,O_top
144,5,335.3328129509204,448.824313101193,D_left
144,2,491.3813881848783,623.1374695368373,D_right
144,3,455.127699225668,233.29432714956224,O_right
144,1,395.8936347967884,289.703213057151,D_top
144,7,261.52245116215363,484.93948160894047,O_left
145,4,835.1130759908804,734.7255661639228,O_top
145,5,329.75995282286647,447.2192449520716,D_left
145,2,496.59152061469047,627.1323199685916,D_right
145,3,461.7592793523572,242.54787405818692,O_right
145,1,377.6400312995048,264.92045770638174,D_top
145,7,319.15251966624595,473.6531632617902,O_left
146,4,845.6821757114054,736.9836915952774,O_top
146,2,508.4686068017396,627.6517720428826,D_right
146,3,466.1701390683525,248.9687245991476,O_right
146,1,384.6978426309993,274.4696246003088,D_top
146,7,238.94049651468933,503.0449351349647,O_left
146,7,310.06111104142406,482.4807751350007,O_left
147,4,850.9202465295571,738.3284399131552,O_top
147,2,532.9570050028309,639.1324595908856,D_right
147,3,473.2634276673932,260.06539508176064,O_right
147,1,392.7336549063896,285.45609940396633,D_top
147,7,187.3719795379099,495.1270029352374,O_left
147,7,302.0526228058989,489.5577648559855,O_left
148,4,851.8065169832906,739.7586774755164,O_top
148,2,549.4163799452556,648.7721852238762,D_right
148,3,471.236798668693,259.8744249992941,O_right
148,1,403.0706615540934,303.0607051113296,D_top
148,7,175.99666055460335,505.2564353442557,O_left
148,7,300.9598678692411,496.4195915201929,O_left
149,4,853.9694268330511,744.8839814593631,O_top
149,2,560.3318799724168,654.4912061215431,D_right
149,3,492.0754771267358,300.8814483036294,O_right
149,1,416.6309731565392,338.39348572629865,D_top
149,7,194.9654438126889,552.309606953878,O_left
149,7,298.6197428553424,506.01797974336296,O_left
150,4,863.769440469848,757.9122939419167,O_top
150,2,566.0596280878013,658.4907725028771,D_right
150,3,498.7376452743188,325.61988029733004,O_right
150,1,420.39104414147903,355.3397096882745,D_top
150,7,198.35624828549643,573.6746546439364,O_left
150,7,176.53516158470413,400.9033161995944,O_left
151,4,877.3250788512851,782.8739011625329,O_top
151,2,568.3642309794465,659.9122316130085,D_right
151,3,503.6425625249514,344.93313468851585,O_right
151,1,432.7209604809548,378.1036879022772,D_top
151,7,199.4039138925252,595.9561555653976,O_left
151,7,239.54041584382963,467.71738669855466,O_left
152,4,886.0398761031458,792.1158125621573,O_top
152,2,571.1816025625441,659.8429186902024,D_right
152,3,502.588254772357,355.62022558801885,O_right
152,1,420.5320653636914,371.6714213101399,D_top
152,7,209.23032919757344,624.4434270628192,O_left
152,7,249.11315254152,486.7887227269962,O_left
153,4,885.7992701059115,802.946347208333,O_top
153,2,574.8370961322835,655.0530805580628,D_right
153,3,506.93732243891054,376.4025507328081,O_right
153,1,430.392596586593,383.3971440631567,D_top
153,7,210.6884597357113,649.702614744197,O_left
153,7,244.0852881351095,510.1466767277651,O_left
154,4,885.0829401966937,807.3715427043618,O_top
154,2,584.5600066077172,663.8667105837973,D_right
154,3,511.1232711557991,390.500668057681,O_right
154,1,445.33780693506,402.1386344129601,D_top
154,7,207.33053987695777,668.5847668241993,O_left
154,7,237.24069705116364,516.2544784999737,O_left
155,4,883.8490876989249,810.2759539121412,O_top
155,2,604.2576660895857,678.7088700437024,D_right
155,1,471.1436660159619,416.6706898374466,D_top
155,7,198.46954104410443,686.239471546603,O_left
155,7,244.1664593070313,530.2856183245523,O_left
155,3,446.1363813370342,443.93709528411534,O_right
156,4,884.1900493281041,811.7745847842394,O_top
156,2,614.7003923754627,686.9911380344126,D_right
156,1,511.4806039325471,453.2551086956492,D_top
156,7,199.4564974326812,698.343511197512,O_left
156,7,242.79243461036927,537.2475877075989,O_left
156,3,441.2066480898407,446.80581033010645,O_right
157,4,885.4438391335959,807.9663343489443,O_top
157,2,633.167668596546,703.308211804727,D_right
157,1,527.0030678996027,483.5775027603048,D_top
157,7,188.0957632360461,712.5993356886747,O_left
157,7,238.7276693825385,554.0310260453284,O_left
157,3,410.3255759368906,439.2724297350542,O_right
158,4,885.5089731022096,806.5500800892318,O_top
158,2,639.3663677813638,709.6920358364014,D_right
158,1,534.4595790386641,499.31711277206887,D_top
158,7,183.75857169981305,725.3986848049221,O_left
158,7,236.18708749491745,564.5090714306716,O_left
158,3,353.19158457238734,399.8315336134957,O_right
159,4,887.0268331209508,801.0726609098825,O_top
159,2,638.2915728599407,717.1190535888937,D_right
159,1,520.4075131979082,497.0792844302596,D_top
159,7,183.26505901771336,753.550125533089,O_left
159,7,235.2262906602509,590.0006510948095,O_left
160,4,887.2749720226126,799.3602517850192,O_top
160,2,637.0294074098048,724.073440316991,D_right
160,7,195.13676377444528,780.4558306549137,O_left
160,7,237.82888550655412,602.4928088936225,O_left
161,4,885.7506099474474,798.8419650866153,O_top
161,2,635.919383644485,735.0475342173864,D_right
161,7,199.6851350769448,800.1497764291283,O_left
161,7,217.61201972833825,612.4873749463196,O_left
162,4,883.2039665515563,797.2827629287623,O_top
162,2,635.9782623156337,739.6543067201882,D_right
162,7,198.5309428567296,812.0527505267476,O_left
162,7,220.05230164453383,630.5706633947174,O_left
162,3,442.6965335887266,558.3927231256282,O_right
163,4,881.3944271923648,789.2411751920272,O_top
163,2,633.5749562761365,746.5009870635607,D_right
163,7,213.40341944183572,841.8508003138297,O_left
163,7,217.5163248309185,654.3038209487036,O_left
163,3,458.9430047366292,589.287454122449,O_right
164,4,880.687140199169,786.17762233532,O_top
164,2,639.7108522669149,758.9535750975053,D_right
164,7,241.3903890488253,874.257423150563,O_left
164,7,216.33549418756377,668.6713072246156,O_left
164,3,460.64129339710814,611.9526096006043,O_right
165,4,882.1117475167091,781.9631088402597,O_top
165,2,640.5750872588633,767.0096927160326,D_right
165,7,258.63820293023656,905.4811262809832,O_left
165,7,213.13122995712712,681.23064680445,O_left
165,3,396.643793996473,604.2146727768073,O_right
166,4,882.17649834702,778.8527980219183,O_top
166,2,640.3611836963469,770.3677175850374,D_right
166,7,259.8782925068168,917.4248943174078,O_left
166,7,218.8736168888861,694.2048286479144,O_left
166,3,405.0891746744077,643.4906327496908,O_right
167,4,876.1873549534507,769.0166882659599,O_top
167,2,640.2337121798898,770.888101172692,D_right
167,7,252.2242020811344,938.5545955701738,O_left
167,7,112.4826508619268,643.9427340717333,O_left
167,3,411.0779031377347,670.4574150762073,O_right
168,4,873.0330999905542,766.6632813167206,O_top
168,2,639.9456028043434,769.7055304754272,D_right
168,7,248.1378699693013,949.8235036284852,O_left
168,7,68.56767966720872,630.212464542966,O_left
168,3,429.8678981951976,703.0672791744945,O_right
169,4,868.0472445167353,762.5199843153586,O_top
169,2,644.4595495444869,771.9811933045157,D_right
169,7,247.81932795845287,965.839168618587,O_left
169,7,177.50376901957907,733.9907462816477,O_left
169,3,438.2515940872319,723.8565791264476,O_right
169,5,363.9551813143254,692.4746378389905,D_left
170,4,867.0097120845155,762.2254166311537,O_top
170,2,648.6872854649656,774.560621444213,D_right
170,7,241.2553657055538,972.1972645796604,O_left
170,7,197.6480873115414,762.0107321109111,O_left
170,3,440.08147761278417,743.0401981517452,O_right
171,4,865.4291179513841,761.9341331379686,O_top
171,2,649.935567510033,777.5032602657177,D_right
171,7,256.0221594858522,991.3768861855996,O_left
171,7,213.49518072558075,788.8038533094957,O_left
171,3,440.72048416290863,753.23376074548,O_right
171,5,385.26257969552,767.7482837408945,D_left
172,4,863.2289656486896,762.1551262845095,O_top
172,2,650.8291037206398,779.0832106837439,D_right
172,7,258.68691329270547,998.8788875764084,O_left
172,7,216.37144825727825,808.6855289503934,O_left
172,3,438.0207078616051,764.7993858408306,O_right
172,5,387.30131725783735,785.09342276544,D_left
173,4,855.7043083465006,758.7734397672397,O_top
173,2,650.4821887755502,778.8410422825768,D_right
173,7,259.5055021261709,1013.0364713713803,O_left
173,7,208.3043761097585,819.8729015684876,O_left
173,3,428.5183284499322,789.5526109362597,O_right
173,5,379.9371714456526,793.5489944845535,D_left
174,4,853.1768964255275,759.4704317388583,O_top
174,2,650.0154603285464,777.3719844278303,D_right
174,7,257.8289337683431,1021.2153985564972,O_left
174,7,222.08896807104637,839.816517282169,O_left
174,3,425.2254174670048,801.3756812249471,O_right
174,5,385.6389086890208,806.4192611240359,D_left
175,4,841.9528390857605,749.7644534920447,O_top
175,2,652.3911007463263,775.2986839528619,D_right
175,7,250.86876325649348,1038.2367349836848,O_left
175,7,253.31011892512487,891.3810615483083,O_left
175,3,417.5405116092826,809.9825837604252,O_right
175,5,387.649642403949,820.3084723254742,D_left
176,4,835.8142838478229,744.3233937867636,O_top
176,2,653.2573933938745,771.5360502263793,D_right
176,7,254.823784215114,1050.1407229177075,O_left
176,7,260.78452610461727,914.8660137501151,O_left
176,3,414.4261720804201,814.6110442892902,O_right
176,5,370.9277635573921,821.0636875568076,D_left
177,4,830.8316392284341,736.7520252857773,O_top
177,2,649.7035806923325,760.9834855022717,D_right
177,7,232.5403713181027,1062.1858506847227,O_left
177,7,265.3351847584486,938.4634335081486,O_left
177,3,413.398292179465,815.3129496757074,O_right
177,5,373.7379102129533,840.905568607244,D_left
178,4,827.6530698973996,728.9635623377989,O_top
178,2,647.4280386509164,752.395174292294,D_right
178,7,228.2669694452518,1074.357395820089,O_left
178,7,269.13025891366186,953.3521371322324,O_left
178,3,415.2386878415844,817.2585005874303,O_right
178,5,371.6889870291835,849.1836095269055,D_left
179,4,825.7286662312595,719.701127550106,O_top
179,2,633.9902669226493,730.3935555261928,D_right
179,7,253.6579406519628,1110.4989506315485,O_left
179,7,258.58158106670027,960.2093945399066,O_left
179,3,413.18196946159446,814.2479605229662,O_right
179,5,374.5436499263366,851.35639742144,D_left
180,4,825.1321684914944,716.7988520505565,O_top
180,2,626.6068485017431,717.3741452952444,D_right
180,7,259.36224756052724,1125.5654775363275,O_left
180,7,253.6581026678016,963.363676359462,O_left
180,3,413.7852086759529,812.4436533946084,O_right
180,5,373.149977749429,850.1503215076215,D_left
181,4,822.8458272861092,716.5216238595049,O_top
181,2,623.622087313754,709.1852151934133,D_right
181,7,278.22494241954485,1146.6329102003458,O_left
181,7,254.5481900596052,976.9290133956248,O_left
181,3,411.1962864842062,806.2403091199631,O_right
181,5,380.2623743802186,849.6870887589839,D_left
182,4,820.8740311118304,718.6646969782548,O_top
182,2,625.2281129104359,706.9644206917716,D_right
182,7,286.9696970659584,1157.6235996936373,O_left
182,7,257.85736880637506,984.4261772096104,O_left
182,3,415.12688362431606,804.6836737337713,O_right
182,5,374.5382784736141,844.3381446413008,D_left
183,4,820.2206407752743,729.857939904991,O_top
183,2,627.8710232091533,706.2369201793471,D_right
183,7,286.7262495404983,1166.5519228712276,O_left
183,7,252.21661665091816,988.0576474118308,O_left
183,3,412.8996320272935,781.1053457961629,O_right
183,5,368.9755420874186,837.0919300669742,D_left
184,4,822.2080729274788,735.8600660091785,O_top
184,2,628.9690327205246,706.2960308594237,D_right
184,7,285.36119206587074,1171.588063146671,O_left
184,7,258.69686976921645,994.2690264013272,O_left
184,3,418.5553549025957,788.0885156188065,O_right
184,5,372.43219451692266,836.7101598366976,D_left
185,4,815.4225438641305,750.3363035962302,O_top
185,2,629.1370245985194,706.790868712745,D_right
185,7,289.2558576435782,1178.7373960576413,O_left
185,7,257.48434288856254,998.0972975410288,O_left
185,3,434.2401137295776,792.0649579113724,O_right
185,5,352.48472099507444,800.768473024585,D_left
186,4,809.437757712735,761.5687938650491,O_top
186,2,630.7619801805471,707.957236787496,D_right
186,7,290.31876865959725,1183.2890622873233,O_left
186,7,268.3949943242011,1007.1955659725238,O_left
186,3,440.3820341555678,783.9925855946701,O_right
186,5,360.5159757743548,794.0337098783484,D_left
187,4,801.3970129815665,770.2847062928382,O_top
187,2,630.9697067699427,709.3739690185556,D_right
187,7,303.6156277922755,1191.0856303370642,O_left
187,7,275.4431993961271,1018.9995110426491,O_left
187,3,449.2954254815048,777.2859905708051,O_right
187,5,375.5419278527453,791.4215703222206,D_left
188,4,790.1504492127513,769.2265548381014,O_top
188,2,629.4529647563168,711.0077718603384,D_right
188,7,315.7150769979324,1197.5747133712769,O_left
188,7,280.9586835606889,1025.7069201784568,O_left
188,3,453.4436083621729,771.5542633286061,O_right
188,5,378.93874756061575,786.8615262020005,D_left
189,4,772.4682166822553,775.1454716704158,O_top
189,2,628.8710644154488,713.6217011811535,D_right
189,7,342.7112071383275,1210.313518285635,O_left
189,7,294.1487006477647,1035.600924347756,O_left
189,3,451.6528727790392,767.4974089068033,O_right
189,5,402.5408402691205,793.5097884480056,D_left
190,2,625.3443198570097,716.607584625641,D_right
190,7,353.9639069124425,1216.8145699728511,O_left
190,7,300.1502090073169,1040.1210247838928,O_left
190,3,422.05236858458073,745.0706290158103,O_right
190,5,417.7143357479685,799.7709619583852,D_left
190,1,754.1190327817551,806.1766460989752,D_top
191,2,626.7559708301634,727.9556591047864,D_right
191,7,359.87960375927696,1221.880570851487,O_left
191,7,302.26226447395965,1041.40866246343,O_left
191,3,394.05528205620055,723.0479074697301,O_right
191,5,426.9789485987562,803.5850916450485,D_left
191,1,752.5034972189095,820.9074981386501,D_top
192,2,701.1799122945173,793.0371450257265,D_right
192,7,367.2705020225831,1227.427554508928,O_left
192,7,303.23510081820496,1040.7594154010148,O_left
192,3,389.7392719461501,718.3185748984307,O_right
192,5,424.45249591918446,799.5685471246248,D_left
193,2,673.3814400201634,776.6558474861632,D_right
193,7,374.8616782317272,1238.0581778492938,O_left
193,7,303.21827580138773,1038.4251764642788,O_left
193,3,393.07094977084176,719.0388341546213,O_right
193,5,412.9545776028805,786.6074248500984,D_left
193,1,730.275965211737,837.0198630564282,D_top
194,2,655.6119621504603,766.7500041664997,D_right
194,7,385.6643729864425,1246.7335834530145,O_left
194,7,305.8040650793424,1036.5440154318228,O_left
194,3,417.4352832586112,738.0735419926682,O_right
194,5,409.3638668764543,781.7694501968286,D_left
194,1,707.496518251598,836.4667501670202,D_top
195,2,647.7537704082413,769.6450565645152,D_right
195,7,401.91444398932674,1257.012806076311,O_left
195,7,328.74760245070166,1042.04094866238,O_left
195,3,435.22360569918726,746.0916640490586,O_right
195,5,401.8650218755986,774.8482721237218,D_left
195,1,692.768478277484,857.6480713100635,D_top
196,2,639.3125376246685,775.0921310449675,D_right
196,7,413.6355245446522,1264.511585835689,O_left
196,7,345.62090173167894,1045.5074481933204,O_left
196,3,439.7725884922951,745.5620321459775,O_right
196,5,401.2862735203428,772.1645570656991,D_left
196,1,685.8519178723719,881.2117706691788,D_top
197,2,621.1972478272532,804.8068354989612,D_right
197,7,419.34472929055096,1272.6675851198645,O_left
197,7,356.6322485240242,1044.1489957645751,O_left
197,3,415.7980754732551,719.3187122888595,O_right
197,5,406.751693068381,769.6423833508679,D_left
197,1,673.3524183700515,895.6723743507512,D_top
198,2,614.7838264614041,811.7567313793699,D_right
198,7,424.5108998042746,1277.519203435421,O_left
198,7,361.8511347160646,1042.379016963922,O_left
198,3,426.7736773006555,710.844274678032,O_right
198,5,405.9210409998301,767.3933734281261,D_left
198,1,666.4835881396687,899.1984914039083,D_top
199,2,602.5675620576047,822.6675347622986,D_right
199,7,444.920303261598,1284.2479451206473,O_left
199,7,364.67212073681736,1038.003759397156,O_left
199,3,425.1523972976549,705.1459056665881,O_right
199,5,405.6431186024493,760.236392684862,D_left
199,1,627.0968347487766,905.2952899495972,D_top
200,2,602.6538878236267,850.7404139474236,D_right
200,7,459.49374284856754,1289.3922489728784,O_left
200,7,365.59056884832427,1035.770303210366,O_left
200,3,420.3860180323536,690.708975911135,O_right
200,5,408.5548405344927,762.3612967483107,D_left
200,1,608.2629033598062,910.1407520879544,D_top
201,2,581.9635309563758,842.9855764527757,D_right
201,7,486.9274965327173,1298.0448993046614,O_left
201,7,370.5592050439593,1033.7041938277312,O_left
201,3,399.86856594439,661.2170601836465,O_right
201,5,410.5116777464317,757.8016782656289,D_left
201,1,594.5980904694562,937.8085994350891,D_top
202,2,575.4313048655486,842.8388579543225,D_right
202,7,500.5666352594888,1301.9233409406806,O_left
202,7,372.7693481198583,1032.083907805602,O_left
202,3,449.1671102130497,696.4310521651804,O_right
202,5,432.236373957337,764.8604265941473,D_left
202,1,590.3691933284883,949.4599388627817,D_top
203,2,562.174901577712,857.548692792024,D_right
203,7,506.2805593261157,1304.0950750631864,O_left
203,7,366.5799203197426,1020.70138766309,O_left
203,3,465.5822416319383,700.113340401551,O_right
203,5,412.3819512397978,752.842436297692,D_left
203,1,556.7835268785142,956.4762730123434,D_top
204,2,554.494211609154,873.5162671122513,D_right
204,7,508.40058712879727,1306.0540757487222,O_left
204,7,367.05436942168495,1017.441256653012,O_left
204,3,472.6584146969356,699.9506342592223,O_right
204,5,412.5616643548672,738.1418930930457,D_left
204,1,527.1901403507371,955.5746055332656,D_top
205,2,543.5652847090082,886.6086252842722,D_right
205,7,511.1570336082485,1307.4264209549397,O_left
205,7,374.3297229325674,1014.6172198913812,O_left
205,3,481.3423467110883,697.2472725988778,O_right
205,5,406.29481420566856,724.5316886268323,D_left
205,1,511.4907805621252,958.527812967336,D_top
206,2,531.5261926047752,888.9557121258521,D_right
206,7,509.66147275932815,1306.85532347352,O_left
206,7,376.7195747385477,1013.7629402321828,O_left
206,3,484.1536385415204,692.875798463896,O_right
206,5,400.1936286039231,721.7452047509368,D_left
206,1,502.3779593073844,963.8969291867136,D_top
207,2,486.5897121402925,885.5837309772238,D_right
207,7,527.4388513712248,1311.961203974496,O_left
207,7,377.1913060017052,1010.5238584976632,O_left
207,3,493.7021166414806,692.1595294833144,O_right
207,5,391.735415915055,721.0432787247378,D_left
207,1,493.0326477998125,971.9072722049548,D_top
208,2,467.03774215605,886.8218684185138,D_right
208,7,554.0696271741122,1321.1433846222794,O_left
208,7,377.1633445780952,1009.402836899388,O_left
208,3,499.37755107880224,691.7828250035219,O_right
208,5,387.3187946620387,720.8945238916297,D_left
208,1,485.0620283417359,976.353903368294,D_top
209,2,452.5864866935339,891.0519495953884,D_right
209,7,570.1713247923955,1326.644894143414,O_left
209,7,363.93960801877256,999.5561986205792,O_left
209,3,503.92104230449786,689.4024692032837,O_right
209,5,386.6942088107641,723.828672348823,D_left
209,1,437.82882197491983,956.2291655834877,D_top
210,2,441.5694954817521,898.7840691951856,D_right
210,7,585.4502257336156,1333.1021241173455,O_left
210,7,354.9146164548174,993.1634643728648,O_left
210,3,505.3721821867296,688.4979983858473,O_right
210,5,387.27786335014827,725.8312314114828,D_left
210,1,411.79864473344446,945.8448319300928,D_top
211,2,426.63589675413016,902.6400122372854,D_right
211,7,600.8066765778043,1340.5676666957652,O_left
211,7,344.3191341640477,986.2725129046428,O_left
211,3,512.6036886180023,672.6484695316866,O_right
211,5,388.6095238638235,726.8305953878554,D_left
211,1,381.8125131503759,930.9493138916832,D_top
212,2,389.7547119242264,887.5373928805757,D_right
212,7,606.2631643072631,1343.3904683066894,O_left
212,7,338.6383549215318,986.8108259066936,O_left
212,3,518.9824122883714,662.6373533516553,O_right
212,5,389.618419187821,729.0879557845797,D_left
212,1,381.4518730533966,935.7501888375958,D_top
213,2,318.27309075688134,855.4406324399619,D_right
213,7,611.3407559859097,1342.5864503951564,O_left
213,7,332.11578119500314,983.4595119836332,O_left
213,3,527.7292911247308,655.477523585003,O_right
213,5,390.10098222692494,729.9663020797742,D_left
213,1,376.083762310864,936.032629575356,D_top
214,2,280.6956016897957,841.0529171064258,D_right
214,7,612.4367194217081,1342.5720865502574,O_left
214,7,332.94818608311,985.8151396821884,O_left
214,3,531.0830076762318,650.3254420738629,O_right
214,5,390.4467265005397,729.7998685876534,D_left
214,1,373.320670494566,937.84212059782,D_top
215,2,226.8193014003077,813.3829969202652,D_right
215,7,614.1845911759731,1341.5944527292254,O_left
215,7,329.3810110801604,983.933335976822,O_left
215,3,537.0325631173589,641.9480080895954,O_right
215,5,391.03985894591466,728.7834866620129,D_left
215,1,356.4672533744582,932.6772390889574,D_top
216,2,260.77400456314047,843.2762651514346,D_right
216,7,614.0406737186183,1342.1358017014322,O_left
216,7,327.4953962716318,984.6017276251722,O_left
216,3,542.4271956592213,635.411121331834,O_right
216,5,391.6798646634684,728.1127818174068,D_left
216,1,326.2874144620586,918.1849505286845,D_top
217,2,267.6068235905111,854.3232934301739,D_right
217,7,613.8283104428269,1341.9647447777725,O_left
217,7,327.9590895711497,986.7157314799024,O_left
217,3,543.9683297556633,631.6471726827276,O_right
217,5,390.6927866203955,725.6813386634152,D_left
217,1,301.17799835778504,909.6859206664022,D_top
218,2,281.3033149340417,866.4702055954397,D_right
218,7,614.3192576273572,1342.580699833999,O_left
218,7,324.8453497066559,986.1809861685514,O_left
218,3,544.9786742287542,627.6161954340536,O_right
218,5,391.8976930988642,724.6124236049732,D_left
218,1,300.76651858615907,913.4084696347012,D_top
219,2,286.5121166407603,874.9366625715044,D_right
219,7,614.8024059560511,1343.8359714478452,O_left
219,7,323.20253874261203,990.7282255651498,O_left
219,3,549.7115906439467,622.5884519073153,O_right
219,5,392.1288799067879,722.792400602458,D_left
219,1,290.0601581915852,913.5204349891422,D_top
220,2,290.6641976181978,879.3569395107153,D_right
220,7,615.3884897582761,1344.988402294843,O_left
220,7,323.4023697527396,992.911304215157,O_left
220,3,549.451735350728,614.2258531892984,O_right
220,5,392.0710556784243,722.0365715682861,D_left
220,1,287.7000025427399,917.8378513417368,D_top
221,2,279.08382537957,874.4833622617325,D_right
221,7,613.7461529854744,1345.9970601553775,O_left
221,7,323.5887601478881,993.2255995471038,O_left
221,3,553.6848224968048,597.28796705355,O_right
221,5,391.9750815865639,721.773437053756,D_left
221,1,253.59649006501297,903.443724401391,D_top
222,2,253.7496514752102,857.5322089325931,D_right
222,7,613.6231599053535,1347.2575833757423,O_left
222,7,326.79536203821147,997.8390272848246,O_left
222,3,563.3888238818992,595.077761121725,O_right
222,5,392.9095338263379,722.4511148624233,D_left
222,1,228.5161878993333,895.034196457568,D_top
223,2,246.40520419019185,856.0690483638756,D_right
223,7,612.0563664077611,1348.084472756875,O_left
223,7,329.2235801102991,997.979831522058,O_left
223,3,575.3009991540512,576.7618126281191,O_right
223,5,394.2508210462398,723.5653570099925,D_left
223,2,78.02974156982886,770.6343144184661,D_right
224,2,241.0700009752481,855.7425250708937,D_right
224,7,611.3273080281981,1348.2860141971532,O_left
224,7,331.5998095146442,997.203302092132,O_left
224,3,579.8173595569717,571.334918509432,O_right
224,5,393.780215615807,723.2350049386939,D_left
224,2,19.756683047048504,736.9981882988418,D_right
225,2,232.34022062044747,849.5670917725084,D_right
225,7,610.7929234202641,1348.432933568111,O_left
225,7,330.5570622979752,1000.082618050735,O_left
225,3,587.6094941487588,574.0373454038041,O_right
225,5,391.5959258986742,722.280880482606,D_left
226,2,204.53624654353524,828.0719890027806,D_right
226,7,610.270191723474,1348.687120088995,O_left
226,7,331.6048086959187,998.6862323934446,O_left
226,3,593.663196436285,575.3265742885861,O_right
226,5,392.46728015505306,723.2091589075308,D_left
227,2,181.7913042833897,810.9384421145204,D_right
227,7,610.5911195804201,1349.6935140847822,O_left
227,7,328.37071497990223,1000.5413348575988,O_left
227,3,599.6699330309149,573.2026869571912,O_right
227,5,390.77303010583313,724.6892651129847,D_left
228,2,175.23093665190203,804.3216436863614,D_right
228,7,609.2632895018938,1350.3942404581353,O_left
228,7,327.44986024233964,1000.851239330184,O_left
228,3,604.6515731344022,573.2745231794714,O_right
228,5,388.3707971722389,724.5283835359094,D_left
229,2,188.53173201581504,812.7549858676884,D_right
229,7,608.8888711680927,1352.1147715304132,O_left
229,7,326.1020029861747,1002.6295590931124,O_left
229,3,604.9076719507337,566.532338962014,O_right
229,5,375.00002305774825,717.6325166126336,D_left
230,2,192.74156702083343,820.8793077530933,D_right
230,7,608.7382370131725,1352.7285066100403,O_left
230,7,325.90195339072017,1002.8428622007286,O_left
230,3,605.2751929761886,557.6638600241525,O_right
230,5,368.3074350878383,715.8389498137825,D_left
231,2,189.7340545065105,822.5336245389087,D_right
231,7,609.1941821307117,1353.833822367995,O_left
231,7,324.96936226331667,1002.4229458366556,O_left
231,3,611.5140136592973,549.4407758098902,O_right
231,5,357.0394022717683,712.6263264734013,D_left
232,2,187.41883237198,823.6281330141944,D_right
232,7,609.3829928974712,1354.2273195592663,O_left
232,7,324.1907556846811,1003.11434021981,O_left
232,3,615.4676232925354,543.7966213337016,O_right
232,5,351.434325528389,711.6877946755786,D_left
233,2,187.2697344323784,825.7001276002702,D_right
233,7,608.7918251244155,1353.3983498615285,O_left
233,7,324.2996641367216,1004.6770101408732,O_left
233,3,619.2803452455241,539.5341053830927,O_right
233,5,345.99622462810777,708.5872521328033,D_left
234,2,188.08277829685252,827.562424026309,D_right
234,7,608.5746454639333,1353.0482169668785,O_left
234,7,325.4270659371442,1005.2640681664208,O_left
234,3,620.7762757377859,535.8699543111665,O_right
234,5,343.7682572070613,707.8983647628378,D_left
235,2,188.4563101193949,828.8768775705876,D_right
235,7,608.4388616515796,1352.8842391533112,O_left
235,7,326.1833006205527,1006.7224210411672,O_left
235,3,625.5510268683811,527.3165554684313,O_right
235,5,343.7985181635074,708.9064685793363,D_left
236,2,190.28262673412684,831.5705381756649,D_right
236,7,608.0377120122963,1353.3883577321842,O_left
236,7,326.5253265407467,1007.2624062607892,O_left
236,3,631.4111000349664,524.6870022333122,O_right
236,5,344.16365645343353,708.7295170936139,D_left
237,2,186.7761271732709,833.1303171264344,D_right
237,7,607.851312025994,1353.5552750859574,O_left
237,7,325.6070707486126,1007.4469881171888,O_left
237,3,636.7934116700586,522.0775735215567,O_right
237,5,342.3721900034938,707.8856882548998,D_left
238,2,186.54371535413796,834.3559086270312,D_right
238,7,607.7520497949426,1353.58535753909,O_left
238,7,325.8243289922499,1008.321859043287,O_left
238,3,640.2953192385639,522.2328007853466,O_right
238,5,341.7720283130265,707.5570496355632,D_left
