1,1,837.1405470444306,1015.8107304644244,D_top
1,2,637.1757315065165,1367.2680930867689,O_right
1,3,967.931817054168,1037.360325179312,O_top
1,4,584.0964647788431,457.8978707108204,D_left
1,5,617.0048699135871,112.01300981065133,O_left
1,6,615.5860728937303,1273.0503659822818,D_right
2,1,835.5944783331428,1013.2698437851568,D_top
2,2,636.8160078883291,1365.5166868043614,O_right
2,3,967.937841349159,1037.3510712738123,O_top
2,4,582.9356229472041,457.0735187452031,D_left
2,5,617.0151554189108,111.9950453687566,O_left
2,6,616.8996296465094,1281.463592282302,D_right
3,1,833.6630649903375,1010.9251700169408,D_top
3,2,638.6188211168919,1362.2848526602872,O_right
3,3,968.1456856084284,1037.0318021914125,O_top
3,4,583.6458233065149,457.96575690169607,D_left
3,5,616.8197360179096,112.33636068228442,O_left
3,6,621.2527045062862,1278.7322896626306,D_right
4,1,834.6986753526435,1009.9420467010616,D_top
4,2,638.1759691196509,1360.834817388998,O_right
4,3,968.2119572781114,1036.9300024340205,O_top
4,4,582.7975457600077,457.7298591770791,D_left
4,5,616.8112471558471,112.52217734882583,O_left
4,6,622.6269317572238,1277.629641647826,D_right
5,1,836.213707754716,1010.1271731270964,D_top
5,2,639.9625119709475,1361.374011429789,O_right
5,3,968.2270191888364,1036.9068658680492,O_top
5,4,584.153704643345,459.4800049728487,D_left
5,5,616.6209918065949,112.85446856491308,O_left
5,6,623.6096156577044,1276.278925531803,D_right
6,1,834.7845703962453,1011.1526186386697,D_top
6,2,640.7837836209403,1359.2597451186805,O_right
6,3,967.5633549290204,1036.3052981318842,O_top
6,4,583.8340513950496,459.18534036439866,D_left
6,5,617.2938741948401,114.58341422031204,O_left
6,6,620.1932480347722,1272.980588194065,D_right
7,1,834.7073061675654,1012.936790125608,D_top
7,2,640.077378166279,1356.3735045744525,O_right
7,3,965.8490117611324,1035.1797564973742,O_top
7,4,582.9586607890026,458.0160956226094,D_left
7,5,616.6369662423908,113.85209055796126,O_left
7,6,622.2080496624903,1270.873084617953,D_right
8,1,834.2895897896984,1014.2944574240064,D_top
8,2,653.1644807076722,1356.557480015829,O_right
8,3,963.3023408852878,1036.238864450615,O_top
8,4,584.051639268259,457.8342295961952,D_left
8,5,617.1707483452465,115.31033951590274,O_left
8,6,621.2678980883877,1268.6616431083612,D_right
9,1,834.3465428913703,1014.3967118462714,D_top
9,2,663.6050954748722,1356.522652525318,O_right
9,3,961.4241535346376,1036.5699705326822,O_top
9,4,584.358483696652,457.5912049349896,D_left
9,5,617.1881167942829,115.96232773576776,O_left
9,6,620.3003742678835,1266.8182356579096,D_right
10,1,832.5500191656901,1013.4402538084483,D_top
10,2,680.8876351214556,1349.172836120726,O_right
10,3,960.3896642136066,1040.358951205963,O_top
10,4,584.3446196332235,457.6148418878794,D_left
10,5,616.9364628246865,116.40170671324174,O_left
10,6,622.1731507668767,1266.8278450630169,D_right
11,1,831.898294213527,1013.0518311116452,D_top
11,2,694.9843251120816,1351.192753147404,O_right
11,3,956.0059638650066,1040.2329790347642,O_top
11,4,584.2600394277036,457.8990851237318,D_left
11,5,616.5513134317996,117.07416400327764,O_left
11,6,620.7975206721703,1265.9652668134197,D_right
12,1,829.2067935383631,1012.8379357018728,D_top
12,2,698.2643092301109,1356.0181081784688,O_right
12,3,955.2132507620588,1043.6096000001728,O_top
12,4,583.4487029443478,457.18047997420086,D_left
12,5,616.0363841568085,118.3142012739489,O_left
12,6,620.9422496052284,1268.771957725951,D_right
13,1,828.0441393835957,1013.0504825246652,D_top
13,2,701.9160836661117,1356.9279992213253,O_right
13,3,952.2226328708696,1047.490726839933,O_top
13,4,583.8015933270163,457.8402804813624,D_left
13,5,614.9743726279197,117.43879860379091,O_left
13,6,620.9806170181338,1269.7883363640915,D_right
14,1,830.5390770419233,1012.2927498576864,D_top
14,2,701.2957791970315,1358.0509259543746,O_right
14,3,949.6117658313811,1052.7879158192816,O_top
14,4,584.2734742252036,457.45601242570046,D_left
14,5,613.4609344839067,116.6637571240642,O_left
14,6,621.2388016313984,1271.5982060206463,D_right
15,1,831.3593174927223,1014.1538881856432,D_top
15,2,699.4305129026746,1356.0066118470056,O_right
15,3,946.1719030591998,1055.4625954086314,O_top
15,4,584.4537255938407,457.1486931304803,D_left
15,5,612.7386583549978,116.38505570436666,O_left
15,6,622.7986343391115,1272.0849856750538,D_right
16,1,821.4274393322021,1015.4727107464782,D_top
16,2,681.0073705495242,1352.5907100757756,O_right
16,3,941.550823233977,1061.6464183844982,O_top
16,4,585.3886529908887,459.8910898054594,D_left
16,5,612.1998859825924,116.98381737308632,O_left
16,6,622.5290832001969,1273.5139796558556,D_right
17,1,818.0204750758013,1021.473088044429,D_top
17,2,664.9412260093318,1349.5968609369224,O_right
17,3,937.9402679397216,1065.4014302922092,O_top
17,4,585.3158866035616,461.6901158833202,D_left
17,5,611.8842166387234,117.3640510164919,O_left
17,6,621.966830928959,1274.9361638246796,D_right
18,1,815.7914732426646,1027.178016157339,D_top
18,2,629.4593137029004,1338.1785331516896,O_right
18,3,936.7594080352828,1066.497669877645,O_top
18,4,582.7927410391817,464.5945654543677,D_left
18,5,610.8470013696201,116.7768669159378,O_left
18,6,619.1032237930801,1275.506856574056,D_right
19,1,819.4045381311046,1033.9939863589627,D_top
19,2,612.7990477902187,1332.2864898475782,O_right
19,3,934.8611793152288,1066.117539293444,O_top
19,4,581.4952829868487,465.9681758993853,D_left
19,5,610.3514842937818,116.27016743685716,O_left
19,6,610.7876233443185,1275.2820436873333,D_right
20,1,819.0771728405235,1035.0829191468636,D_top
20,2,609.6134299985159,1325.8052132847515,O_right
20,3,929.672200696936,1071.259412396929,O_top
20,4,578.2633932006972,464.4802355498295,D_left
20,5,610.5889674351042,117.57073569808983,O_left
20,6,593.2481366039011,1271.2773382248904,D_right
21,1,815.2614650100155,1037.5469864557142,D_top
21,2,601.6875678760897,1320.966579669869,O_right
21,3,924.909548805666,1072.9825237760117,O_top
21,4,575.7187467042536,462.2139235031712,D_left
21,5,613.1376356591171,121.67019187398652,O_left
21,6,568.0033467994405,1263.0442771338355,D_right
22,1,806.892269462877,1047.4692967400615,D_top
22,2,569.9903564123006,1310.3081698469537,O_right
22,3,921.9227590514176,1075.497359031974,O_top
22,4,573.4199019808,461.6226574415588,D_left
22,5,614.7373479417573,124.66749987896505,O_left
22,6,549.7847800225422,1257.4167573120735,D_right
23,1,802.7916345692515,1052.6833989327663,D_top
23,2,538.4106033811978,1297.7133737769682,O_right
23,3,920.8382296257656,1076.5415835158897,O_top
23,4,571.6498824917077,464.9265921552113,D_left
23,5,616.0543984518913,126.61375180371432,O_left
23,6,542.0142784061923,1255.1827729282704,D_right
24,1,797.6173313346516,1060.354382069993,D_top
24,2,516.8103165064359,1293.1334711793977,O_right
24,3,919.6208718272884,1078.2604353595586,O_top
24,4,552.1299680926717,460.5726035567472,D_left
24,5,616.4360278184378,127.64274331613036,O_left
24,6,539.493790891967,1254.006095331879,D_right
25,1,793.7156389741284,1064.4199577627587,D_top
25,2,512.2730591200477,1296.8014402049178,O_right
25,3,918.9150140880618,1079.347940373014,O_top
25,4,543.5555126118254,462.6347230839588,D_left
25,5,617.3327121897315,129.12492828160828,O_left
25,6,538.1733594281967,1254.6595019803465,D_right
26,1,781.2743204596266,1062.1758947718397,D_top
26,2,502.42843003294126,1295.6049961850276,O_right
26,3,918.118750352274,1079.0589596992747,O_top
26,4,530.3358372546498,460.9495870867318,D_left
26,5,616.2460007262669,126.95759407670823,O_left
26,6,532.0722198733025,1252.8387407023538,D_right
27,1,770.7711295075245,1058.6048797326364,D_top
27,2,498.7994002298216,1293.8631716768798,O_right
27,3,917.7894288846122,1079.2524897313972,O_top
27,4,523.0600278206932,462.9186608040456,D_left
27,5,616.0320877048645,126.48310316924672,O_left
27,6,522.6288085110314,1247.8434622193763,D_right
28,1,756.1947661092315,1063.4922041756265,D_top
28,2,489.0873380655796,1290.76691324764,O_right
28,3,917.579248128038,1080.8313372912703,O_top
28,4,510.7992475178663,472.9624837139869,D_left
28,5,616.6130797346862,126.65615447416428,O_left
28,6,500.1605548328894,1237.842887637169,D_right
29,1,747.1388892910328,1065.2627058546084,D_top
29,2,474.6166106692447,1286.5320174393244,O_right
29,3,917.4167458370264,1081.7085175310444,O_top
29,4,507.266417323545,482.4800039690574,D_left
29,5,616.9445063550834,126.92510887034888,O_left
29,6,485.83309046456185,1231.3796287644925,D_right
30,1,738.6318182119275,1067.9867395232206,D_top
30,2,442.8306515596016,1275.7625167418612,O_right
30,3,917.0637616913835,1082.513376044791,O_top
30,4,502.2226136098666,488.171127399522,D_left
30,5,617.1271909828064,126.9451649907764,O_left
30,6,460.3658717510753,1220.5263251540543,D_right
31,1,736.2861617429867,1070.0968768191472,D_top
31,2,437.0007503507385,1272.7857083900883,O_right
31,3,916.825918138018,1083.1407454525124,O_top
31,4,498.0137099282591,490.4759205125432,D_left
31,5,617.3934849187924,126.9886329254534,O_left
31,6,440.9700277785869,1214.0985840788076,D_right
32,1,733.6142905982373,1069.790451119451,D_top
32,2,420.8038998213568,1268.8729240944992,O_right
32,3,916.8094855438926,1083.2704147241773,O_top
32,4,481.5290277155445,485.2726461232551,D_left
32,5,617.611801595308,126.43849956697714,O_left
32,6,425.9375028707712,1208.3248209317965,D_right
33,1,732.3272572797672,1072.385914696837,D_top
33,2,410.66944371191113,1266.997020376481,O_right
33,3,916.1545063869096,1082.765275594444,O_top
33,4,471.8260518467641,487.4350209235763,D_left
33,5,617.6373923111481,126.3938603280214,O_left
33,6,412.4448306543019,1202.8686185827496,D_right
34,1,718.6350404016498,1075.834116167727,D_top
34,2,400.7191509421683,1266.3097595873317,O_right
34,3,916.4771509911116,1081.6407909941504,O_top
34,4,456.2001351272557,490.5384104742875,D_left
34,5,617.6254128193032,126.24542064853236,O_left
34,6,413.21904982490327,1203.6959702819206,D_right
