1,1,851.8091761426639,545.0627694349007,D_top
1,2,975.5193459149626,508.1966660365941,O_top
1,3,614.9909302990221,1425.5207812649835,O_right
1,4,544.9459363271685,260.5483303523292,O_left
1,5,584.3673984244417,1143.9497912922702,D_right
1,7,511.69428084970536,311.0292741229098,D_left
2,1,846.4463164655102,538.7668623819086,D_top
2,2,975.4919406703488,508.2407017355336,O_top
2,3,616.1954602762368,1425.8855629129523,O_right
2,4,562.2957664668203,294.46820586855927,O_left
2,5,586.0892761932746,1144.3062636393724,D_right
2,7,516.3192908136532,319.393916221301,D_left
3,1,845.268435096526,538.1485010000922,D_top
3,2,974.5824513140874,506.7152523981682,O_top
3,3,616.3805448592468,1425.941614203066,O_right
3,4,566.2084329356285,298.3897151831256,O_left
3,5,585.337765056446,1143.2728251193846,D_right
3,7,521.0558747675725,331.0025950873883,D_left
4,1,843.4424376682296,537.2109165523119,D_top
4,2,974.3149162034224,506.2904412730187,O_top
4,3,614.3412726167667,1425.3240379672404,O_right
4,4,569.8624731193105,299.528146439951,O_left
4,5,584.8138032773996,1143.3130956253112,D_right
4,7,526.6924041736021,343.87630016951607,D_left
5,1,842.9104170877252,536.9017743470547,D_top
5,2,974.2329448262416,506.0800996774959,O_top
5,3,614.6816625653067,1425.4271221650015,O_right
5,4,567.7665331933116,296.4864871201763,O_left
5,5,585.1037572991097,1142.6070556983454,D_right
5,7,531.4062382330978,352.4911560159825,D_left
6,1,843.524827384011,538.6448748038126,D_top
6,2,975.3561460385844,509.5664114829091,O_top
6,3,613.8207812764024,1425.1553009384938,O_right
6,4,569.3666487221559,296.100846150075,O_left
6,5,585.2808763781769,1139.593805169899,D_right
6,7,524.3328399453054,347.16825699634927,D_left
7,1,843.5824681685825,539.7257986425485,D_top
7,2,975.6942541598316,510.9800530912456,O_top
7,3,613.5418698237377,1425.0708322422192,O_right
7,4,568.8306368250127,294.961480196382,O_left
7,5,582.0830687947561,1136.262514513617,D_right
7,7,522.1254406475398,346.3314184160296,D_left
8,1,844.2687178376383,542.1243153401704,D_top
8,2,975.8937758845286,513.8853040929016,O_top
8,3,613.4178650562076,1425.0332772370552,O_right
8,4,566.127423558597,296.2993002831903,O_left
8,5,572.7016381858625,1130.6064240243982,D_right
8,7,524.7327549807193,359.4426473787481,D_left
9,1,844.4400042667179,543.2103994651077,D_top
9,2,974.5687509255572,517.3684754370577,O_top
9,3,613.4518541189146,1425.038013678325,O_right
9,4,566.772245948041,299.00446313087104,O_left
9,5,561.0286844938887,1124.095039619195,D_right
9,7,521.6295760780109,364.026667702199,D_left
10,1,844.1996910043647,544.2845765566792,D_top
10,2,975.4682931407398,516.347222065492,O_top
10,3,613.8411054285125,1424.4890198423398,O_right
10,4,569.3906016410541,300.6621017317338,O_left
10,5,546.547971575685,1114.7914576574456,D_right
10,7,521.9627597840304,379.7811982212327,D_left
11,1,844.3748699300678,544.291070318813,D_top
11,2,975.8784464310946,515.9424970995487,O_top
11,3,614.9014067522397,1424.5663464548768,O_right
11,4,574.7357633804995,298.5277411457064,O_left
11,5,536.3119867994459,1108.7365225244089,D_right
11,7,521.0923046474609,384.59622650803766,D_left
12,1,843.9391709258307,545.3912785504197,D_top
12,2,976.994781624268,516.9392363538152,O_top
12,3,614.3979572625381,1424.3134159856638,O_right
12,4,575.9030963416837,299.18927671471494,O_left
12,5,528.0741813126077,1103.612585771648,D_right
12,7,521.1444957701718,388.1201028017255,D_left
13,1,843.3772872668454,546.3077593579194,D_top
13,2,980.1185953146788,522.850185632224,O_top
13,3,615.1835685173925,1424.5298254239349,O_right
13,4,577.5386353292232,299.6663732762084,O_left
13,5,524.4242309766431,1100.4600280509496,D_right
13,7,522.9692672354729,390.6028511056524,D_left
14,1,841.5990646763627,546.2846385816525,D_top
14,2,980.947320133478,525.6121675947769,O_top
14,3,615.4398679987577,1424.5910198984568,O_right
14,4,580.2710695132698,298.2412560715625,O_left
14,5,525.4902336972648,1098.7265515259207,D_right
14,7,521.633717126589,387.4303404646632,D_left
15,1,840.4028180170244,546.6744143096906,D_top
15,2,980.0751245146196,525.5095883057892,O_top
15,3,615.5266313811666,1424.6284841005452,O_right
15,4,581.6347617623713,296.5114583273629,O_left
15,5,526.5075315377717,1097.523800594956,D_right
15,7,522.577939249067,385.6391854256959,D_left
16,1,840.1547959525058,551.855825568036,D_top
16,2,975.0627354163128,527.191566317791,O_top
16,3,615.8346749290873,1424.0333651136516,O_right
16,4,581.4964410886373,279.54435669253667,O_left
16,5,529.3347131649804,1096.0834855085948,D_right
16,7,509.3837709349966,362.0069757837272,D_left
17,1,840.6467098860594,555.9084292702483,D_top
17,2,970.9549797667954,529.0784564285556,O_top
17,3,615.6388875562632,1424.3960091213448,O_right
17,4,583.2175264380099,274.9756847578817,O_left
17,5,532.4541183625901,1095.329598733669,D_right
17,7,500.10857871779706,340.6993685828885,D_left
18,1,835.9326124127151,553.3826277097746,D_top
18,2,965.0735573104986,528.6353430393373,O_top
18,3,617.172356300003,1423.6743748190408,O_right
18,4,586.4697021275341,270.1393641980272,O_left
18,5,533.4905905766547,1092.6573204822882,D_right
18,7,511.8537830137061,325.52199669209165,D_left
19,1,832.8054915659155,552.319141106871,D_top
19,2,954.2964280115776,517.2050533213337,O_top
19,3,616.8655206835558,1423.1751108464912,O_right
19,4,591.0524326625903,268.23709857417447,O_left
19,5,534.5541895146666,1091.1085588288165,D_right
19,7,504.0918980244775,306.8673576012424,D_left
20,1,822.8029441161,544.0986882836773,D_top
20,2,943.7884315930312,507.0835786225224,O_top
20,3,617.0720038640651,1422.3930845250427,O_right
20,4,595.0529872274701,260.83817701328536,O_left
20,5,526.5460547049137,1080.174962858556,D_right
20,7,501.7671510641447,298.75346928583593,D_left
21,1,812.7161967403256,535.1696561392728,D_top
21,2,938.7420787806803,505.5997769299427,O_top
21,3,616.640818995367,1421.3368851739842,O_right
21,4,599.8245146347334,259.86202008342883,O_left
21,5,512.2817166614917,1065.3590672614123,D_right
21,7,498.6880085491919,287.76103039829485,D_left
22,1,798.648816884955,520.7205285358859,D_top
22,2,927.2584075650803,496.2862217000229,O_top
22,3,616.3961223549813,1420.9106987518496,O_right
22,4,608.1538999802674,263.840185448496,O_left
22,5,486.6425927379573,1040.0418949840448,D_right
22,7,521.7852364972044,307.557445414227,D_left
23,1,787.4336171964618,509.3730907461911,D_top
23,2,909.9069021864528,478.3675162480046,O_top
23,3,616.2922508363393,1420.784014596422,O_right
23,4,600.9362650994833,247.4787839331017,O_left
23,5,471.84185587059017,1024.9759488665218,D_right
23,7,525.4163907729073,303.87753156656413,D_left
24,1,769.9256926980928,491.68336416675896,D_top
24,2,891.5065181277519,461.7128833710861,O_top
24,3,616.2952383173429,1420.7793582283682,O_right
24,4,594.8219369733495,239.67758673812557,O_left
24,5,466.9528411887306,1013.1206256712038,D_right
24,7,517.7294377386022,293.6428741069301,D_left
25,1,760.1693285496962,483.87429661246256,D_top
25,2,879.4331660762729,456.978625056021,O_top
25,3,616.2613152578801,1420.7745054949671,O_right
25,4,600.0482282919467,247.90249485985927,O_left
25,5,462.603348133684,1002.6155320978546,D_right
25,7,526.3712572866501,303.0404892989074,D_left
26,1,752.4053806749879,480.04941523021984,D_top
26,2,866.4127105249516,462.6459974442931,O_top
26,3,616.2862758820297,1420.7933273205315,O_right
26,4,613.7913280658453,268.1053548352276,O_left
26,5,453.6699318413121,987.5868217239162,D_right
26,7,542.11850960032,319.0321210818442,D_left
27,1,748.5341170034432,476.9573023608029,D_top
27,2,855.868905477764,465.0303881815034,O_top
27,3,616.280300937984,1420.802640028644,O_right
27,4,623.9745161947551,284.41790685485074,O_left
27,5,452.7433793113296,981.829832015493,D_right
27,7,550.0610496453342,327.3168734873668,D_left
28,1,744.0879534299249,478.1198118548784,D_top
28,2,846.6639788287767,466.0110111793461,O_top
28,3,615.940817105823,1421.3894884282536,O_right
28,4,616.2943877568252,275.8201641448255,O_left
28,5,436.00210359499545,957.6873349229224,D_right
28,7,554.1877495315676,330.61539133883633,D_left
29,1,742.1544969068334,481.2206302504685,D_top
29,2,834.4515599461332,462.35615774945495,O_top
29,3,616.1309306723883,1421.035452532577,O_right
29,4,609.6160826254984,268.63859563102244,O_left
29,5,429.1189889123113,943.0309748168444,D_right
29,7,554.847099075049,332.6259425909506,D_left
30,1,737.80600535959,481.73495956956265,D_top
30,2,800.2615169751956,432.16638981803646,O_top
30,3,617.1110241281783,1421.1805171600954,O_right
30,4,607.8123043071222,269.1076421148417,O_left
30,5,429.9346471628963,933.0642228985146,D_right
30,7,555.1452599490128,335.25525615702384,D_left
31,1,728.9914655648047,478.76970560429055,D_top
31,2,777.1747993855855,410.9373246258948,O_top
31,3,617.1443075128526,1421.819886961786,O_right
31,4,608.8203398238853,273.7373569836062,O_left
31,5,432.9490199260935,929.3025191165556,D_right
31,7,555.038715760981,336.53881016376283,D_left
32,1,716.071703899805,466.8993421748265,D_top
32,2,760.5485241348066,411.79173660267867,O_top
32,3,617.1205461700007,1422.029640506072,O_right
32,4,611.0154610508524,283.0734694955481,O_left
32,5,436.4460156156972,924.5000739186868,D_right
32,7,560.8993895199679,346.6868576774192,D_left
33,1,702.0078428158984,456.81930515202055,D_top
33,2,752.1098716456614,415.8184258656933,O_top
33,3,617.1285784297872,1422.132257003877,O_right
33,4,618.3792561989687,278.05595443422874,O_left
33,5,438.7562700019807,922.14921704827,D_right
33,7,559.589926997619,348.0180150294595,D_left
34,1,680.0915102177669,441.82634184543934,D_top
34,2,735.6476404637307,415.2010126299845,O_top
34,3,617.1017240757569,1422.1741026855125,O_right
34,4,618.1497542118951,294.73974654781387,O_left
34,5,440.2671497377202,920.902073624712,D_right
34,7,556.7336425821112,347.5162049444403,D_left
35,1,672.7916640736443,439.3674237850825,D_top
35,2,725.5378428379737,417.49408530236593,O_top
35,3,617.0957564696798,1422.183401682008,O_right
35,4,621.3343864914167,300.1267789127257,O_left
35,5,441.5486365301324,920.0378989957388,D_right
35,7,555.958912930587,346.8313680325264,D_left
36,1,664.1994792755743,439.6103376643545,D_top
36,2,712.0647656130294,413.6566075917262,O_top
36,3,613.936776767432,1421.912738360086,O_right
36,4,624.2155036538126,303.87312194751104,O_left
36,5,438.63753958555753,917.2139321737588,D_right
36,7,537.6596189929732,325.9662758972224,D_left
37,1,662.6702755106331,441.6710494713491,D_top
37,2,703.7141324885471,409.4598416656494,O_top
37,3,612.8172188872945,1421.8047843124034,O_right
37,4,622.5662571843455,300.7139555374045,O_left
37,5,437.3786876745089,916.7466774185962,D_right
37,7,589.7123284020029,389.9489256826774,D_left
38,1,655.0699125010191,445.36769049640895,D_top
38,2,696.7501069793549,407.74494459508,O_top
38,3,611.4278765295018,1421.4752383478206,O_right
38,4,607.9123127236257,283.03435027363145,O_left
38,5,434.5581923130362,915.8362324736396,D_right
38,7,599.7113987892985,403.9207175962305,D_left
39,1,650.8445323287821,451.720884813076,D_top
39,2,678.7670246235983,388.5485192458116,O_top
39,3,610.0802319914961,1421.074775173906,O_right
39,4,603.4434259540907,280.53385264273004,O_left
39,5,431.8675896705346,915.0420360830378,D_right
39,7,601.7323210099482,408.03400718208616,D_left
40,1,646.3368428285926,455.1438338380358,D_top
40,2,668.7707157535351,387.686778528476,O_top
40,3,609.5772022418572,1420.9267206601512,O_right
40,4,645.383340218134,333.774221612699,O_left
40,5,429.7018407407779,916.9000054426708,D_right
41,1,644.5908308607274,457.5699376482447,D_top
41,2,665.9951735451187,389.2938689994285,O_top
41,3,609.4581233731777,1420.8791592560249,O_right
41,4,653.533512479777,345.01910208663213,O_left
41,5,430.40899140208,919.1374421375998,D_right
42,1,643.316966700146,461.427884748886,D_top
42,2,658.8616654302192,392.7420742460074,O_top
42,3,609.4045722936479,1420.8460163297996,O_right
42,4,663.7565427590681,350.83269634356475,O_left
42,5,430.4464022085947,922.135568692042,D_right
43,1,639.3824210000395,469.9097181922397,D_top
43,2,654.6313007088648,396.1215437367039,O_top
43,3,611.6404372263648,1420.853050916578,O_right
43,4,668.2919916302444,354.1884909337994,O_left
43,5,431.4946356512868,925.6608057830584,D_right
44,1,634.5197403463118,477.6032222286894,D_top
44,2,654.8895538057129,403.3990281381616,O_top
44,3,613.4064243496761,1421.175918229124,O_right
44,4,670.559822744328,354.3275781350956,O_left
44,5,433.0660064823679,930.6214457210276,D_right
45,1,627.8048398732434,475.4268829656605,D_top
45,2,654.0887389466077,404.3518070899948,O_top
45,3,612.7934033594237,1421.5519941088487,O_right
45,4,678.1917071199753,362.6715768034912,O_left
45,5,433.47467572098896,932.9618331219658,D_right
46,1,570.5387954008282,422.3629657466078,D_top
46,2,649.6557204805189,409.0317611167026,O_top
46,3,612.6085263842893,1421.7242801634495,O_right
46,4,686.8226517355499,371.8546749376163,O_left
46,5,433.27778704186215,934.8005058048204,D_right
46,7,609.1778538315067,450.5317870890087,D_left
47,1,552.3758550945636,406.8228611714677,D_top
47,2,649.1498440983211,412.8607257715744,O_top
47,3,612.5163967709815,1421.7519334574345,O_right
47,4,691.0785263744497,376.4833992984685,O_left
47,5,434.20905338680456,937.182539471635,D_right
47,7,623.3811712824644,468.8619155083227,D_left
48,1,566.9076497329539,417.32949644049137,D_top
48,2,659.6826181092949,429.9555375598293,O_top
48,3,612.863524911947,1421.2106447282054,O_right
48,4,695.4972003734131,372.98099073728736,O_left
48,5,429.4293468371101,941.4688748581328,D_right
48,7,631.7497579990851,472.049642721503,D_left
49,1,575.3722174246981,426.1301288432876,D_top
49,2,656.8390123539641,428.5597542801416,O_top
49,3,613.0011887726498,1420.995980783031,O_right
49,4,702.8509047686968,366.884413539534,O_left
49,5,426.8465179233441,947.7573353030316,D_right
49,7,653.9925029973219,469.0034166749989,D_left
50,1,549.4355620725199,405.4162575278835,D_top
50,2,611.3420165797844,396.74669385419367,O_top
50,3,612.6929489942078,1421.476629564506,O_right
50,4,710.6680600567012,365.3559772167487,O_left
50,5,424.4362653227743,950.7461022002376,D_right
50,7,660.2125957906153,446.4704495103686,D_left
51,1,538.9466862354997,403.16926057080497,D_top
51,2,579.5087027377268,361.3541274169508,O_top
51,3,612.545139034702,1421.6491058666895,O_right
51,4,714.2916461517226,363.1567082273159,O_left
51,5,427.8015081551328,955.0410652967736,D_right
51,7,667.7697026158374,457.2101326452823,D_left
52,1,532.2662470012162,408.7312141114755,D_top
52,2,563.1401456600962,350.8571919338904,O_top
52,3,612.5534859182555,1421.7521042539945,O_right
52,4,720.7792970529848,359.7577788535855,O_left
52,5,436.1346780861319,963.6978476743438,D_right
52,7,672.07554526097,466.37709695871735,D_left
53,1,528.5780717778172,413.25670759273214,D_top
53,2,541.1045364503793,329.9347909322616,O_top
53,3,612.5044274532645,1421.770597622082,O_right
53,4,723.7399869217741,350.86751494026544,O_left
53,5,440.48631979250575,971.5050553751348,D_right
53,7,678.6414555935755,470.0671807165445,D_left
54,1,527.4535429768292,419.782663791268,D_top
54,2,549.1697350459663,342.135030450502,O_top
54,3,611.9579846770303,1420.9390664760442,O_right
54,4,741.616177184926,361.2185379430801,O_left
54,5,445.75952720984833,979.7164067934924,D_right
54,7,684.2573066442344,472.9849892340066,D_left
55,1,527.7284915738917,423.575944178148,D_top
55,2,553.7096942851647,353.3624747125776,O_top
55,3,612.5908309539059,1420.88145735923,O_right
55,4,759.1915920119661,377.2518376020654,O_left
55,5,443.587896566386,982.8862057643216,D_right
55,7,686.0844501379568,473.8880654508541,D_left
56,1,524.1860651411378,424.9598301213388,D_top
56,2,531.5270457756874,340.3028641703199,O_top
56,3,611.9417925514252,1420.6155957877852,O_right
56,4,773.1036595036119,389.8791005788158,O_left
56,5,450.2459405288918,994.3542747109884,D_right
56,7,686.7309053765963,473.917883320811,D_left
57,1,524.0276419094816,428.586323534677,D_top
57,2,518.6535627504982,331.75348556742125,O_top
57,3,611.6541393313117,1420.4827482260744,O_right
57,4,781.5860264564095,397.3570551255499,O_left
57,5,452.64966372855326,998.4726929515148,D_right
57,7,687.0778898912671,475.1912712092125,D_left
58,1,521.9256833484787,434.1876157574659,D_top
58,2,511.9313956755168,323.23810178026315,O_top
58,3,611.5606214907307,1420.4540950535518,O_right
58,4,786.6567936805556,401.94063322176135,O_left
58,5,455.44258877593415,1001.577233661012,D_right
58,7,692.8409376498679,484.1974384073942,D_left
59,1,521.7672742378003,437.9523073596744,D_top
59,2,515.0101784952994,326.124503234264,O_top
59,3,611.566613700996,1420.444748792785,O_right
59,4,787.6523355469259,400.867803098456,O_left
59,5,456.1751659514943,1002.9313528938522,D_right
59,7,700.7614904442278,495.3749661268749,D_left
60,1,520.4300805506178,439.4985304898282,D_top
60,2,516.2562680417298,327.900134322959,O_top
60,3,611.5354377980656,1420.4351964200753,O_right
60,4,789.6019524164851,397.03893642413385,O_left
60,5,455.4573112003408,1003.2653541600272,D_right
60,7,706.8785897263305,502.672904866712,D_left
61,1,521.4806862977507,441.475481021916,D_top
61,2,525.9496956046274,340.81916336764607,O_top
61,3,611.4820698055531,1420.402069484739,O_right
61,4,791.1904981337136,394.6288592750056,O_left
61,5,455.2221508006116,1002.7990742234946,D_right
61,7,710.1751644520002,506.2608761286514,D_left
62,1,523.5291329489294,443.53556540400433,D_top
62,2,517.5203861901524,331.2725796004348,O_top
62,3,611.4850661290612,1420.397395938517,O_right
62,4,793.8392208456702,391.1556507384825,O_left
62,5,453.87268129053393,1002.78602140184,D_right
62,7,710.7307710651298,502.6257149073996,D_left
63,1,522.2939738526874,444.00344026942736,D_top
63,2,514.7073338573562,327.96785977292126,O_top
63,3,611.5162451841411,1420.4069498918357,O_right
63,4,797.4017556561096,391.0587847308416,O_left
63,5,453.3970133747262,1002.7165174419896,D_right
63,7,711.8133525054644,501.64509824055534,D_left
64,1,521.0440317458751,443.7399763657773,D_top
64,2,504.807840407671,318.3699027676705,O_top
64,3,611.513248929554,1420.4116233054788,O_right
64,4,808.076367851995,404.0554401528683,O_left
64,5,453.2539452687743,1002.6318041703944,D_right
64,7,712.748245490185,498.55290629867307,D_left
65,1,519.8427003409474,443.2382496569699,D_top
65,2,499.695062956477,315.5582321564611,O_top
65,3,611.5042601812895,1420.4256435222385,O_right
65,4,820.2143812253389,418.56370158506616,O_left
65,5,453.4656944938389,1002.173505798374,D_right
65,7,715.3429152496786,497.1722594191625,D_left
66,1,513.7088410726404,440.4363800249413,D_top
66,2,491.9901117441683,308.54370992084205,O_top
66,3,612.492112437574,1420.745083469867,O_right
66,4,830.3458532180172,426.4583454536131,O_left
66,5,455.3578252341292,1004.0717633456978,D_right
66,7,727.292564477591,511.47145113271466,D_left
67,1,509.7272276992644,436.5870741362186,D_top
67,2,488.08115553443207,304.62137396101986,O_top
67,3,612.8032660360527,1420.8404170901438,O_right
67,4,832.0550404814078,426.90346391395474,O_left
67,5,455.5866461412636,1004.9748028577836,D_right
67,7,738.2189109170188,524.901367789302,D_left
68,1,500.85601287671614,429.1687115945575,D_top
68,2,490.5033734127462,306.71116267714063,O_top
68,3,612.8995719425858,1420.864339537998,O_right
68,4,830.6919437175658,426.3229811036949,O_left
68,5,458.6465847644217,1006.5115648692944,D_right
68,7,753.5719086189467,544.6460524894961,D_left
69,1,483.5746142442323,413.27807318918775,D_top
69,2,489.5635901767534,303.9100315466454,O_top
69,3,613.3149642542696,1420.3326432098454,O_right
69,4,829.0726760291263,426.1601921577451,O_left
69,5,461.4708928096617,1009.0426927581664,D_right
69,7,759.0018385754211,552.4053676234571,D_left
70,1,480.8432996150069,415.1336042417626,D_top
70,2,481.30845037074255,288.4886133919634,O_top
70,3,613.4526591774156,1420.1179273813502,O_right
70,4,827.7446162386107,428.352950254608,O_left
70,5,462.7064463022237,1011.1134266733666,D_right
70,7,760.5427231231893,556.921100249466,D_left
71,1,484.84673562468737,424.32011692891786,D_top
71,2,475.4044709653746,277.0992118188776,O_top
71,3,613.4724611990298,1420.0290212689004,O_right
71,4,826.335033645259,430.0252605855513,O_left
71,5,463.7660012648718,1012.2020977913656,D_right
71,7,760.8207011332318,558.2742999806761,D_left
72,1,487.7157880364499,429.9592793014844,D_top
72,2,468.0870761564192,257.87902368818783,O_top
72,3,613.4533473343903,1420.000795610852,O_right
72,4,823.4414747681705,435.4578625248531,O_left
72,5,461.91268217089566,1011.2672104620982,D_right
72,7,759.0100583015213,557.9544728638264,D_left
73,1,487.404697530912,430.3405418451485,D_top
73,2,456.1704825216273,234.77864140616825,O_top
73,3,613.4563409545736,1419.9961274320783,O_right
73,4,822.0787050267775,441.3025177489683,O_left
73,5,462.0183652775649,1011.3032254532146,D_right
73,7,756.427875597902,556.1154234705081,D_left
74,1,485.9813783409707,428.2223215121666,D_top
74,2,454.2061780303014,225.26841971951,O_top
74,3,613.4563409545736,1419.9961274320783,O_right
74,4,799.4396709496756,432.62899605402,O_left
74,5,461.9791882765283,1011.2626180023484,D_right
74,7,754.0130471387458,557.3092434049032,D_left
75,1,484.8272587908628,426.57748172570655,D_top
75,2,454.9031847512147,223.28813832039185,O_top
75,3,613.4844353787714,1420.0103491230905,O_right
75,4,793.6049906204452,437.4576507391297,O_left
75,5,462.0104174286705,1011.2109591497924,D_right
75,7,751.1012235196882,556.3019996573473,D_left
76,1,483.2380529481775,425.520667616132,D_top
76,2,474.308744835178,236.78121544430616,O_top
76,3,613.4533473343903,1420.000795610852,O_right
76,4,806.7712184832245,469.820997293761,O_left
76,5,463.14004743643,1010.8175385433034,D_right
76,7,737.2642273468856,542.658618740446,D_left
77,1,479.5697320223698,421.674331248133,D_top
77,2,490.7470663919755,238.56634918868508,O_top
77,3,613.5155217162076,1420.019902110776,O_right
77,4,815.1351312808101,487.9097477100304,O_left
77,5,464.5693134635909,1010.6634730131924,D_right
77,7,730.7465197243499,540.7651722582671,D_left
78,1,472.1788760124798,413.8977599487304,D_top
78,2,491.8569181064652,217.04830406277276,O_top
78,3,613.4503537167848,1420.0054637856065,O_right
78,4,812.9262277923126,500.490982253524,O_left
78,5,466.16812213030505,1010.2259983629096,D_right
78,7,721.8193566427054,544.0069170368188,D_left
79,1,465.1549220590445,401.4587723238181,D_top
79,2,495.8514263720756,213.61522568514792,O_top
79,3,613.4754547400992,1420.024353238476,O_right
79,4,813.5420850817229,508.7774041759053,O_left
79,5,467.4776431777792,1008.9005722257388,D_right
79,7,713.1652027285413,542.1660917756477,D_left
80,1,461.49187978141487,388.9691080547327,D_top
80,2,498.2080428068908,205.48843874831064,O_top
80,3,613.577689270806,1420.039006512662,O_right
80,4,813.4406325278667,519.8255417834322,O_left
80,5,467.1132516733532,1006.7721901010644,D_right
80,7,709.7015904022478,541.9818802182702,D_left
81,1,462.2999871037911,385.89123656574986,D_top
81,2,503.8771643098964,204.69463956308425,O_top
81,3,613.5065412839384,1420.0339058293648,O_right
81,4,814.9370197504794,527.1338931546484,O_left
81,5,467.3198507634508,1006.7459739055832,D_right
81,7,707.1503441332616,542.3263251142816,D_left
82,1,454.2981764424118,371.783336024287,D_top
82,2,506.25032224806495,204.10884146937704,O_top
82,3,614.4103006425155,1420.3060389187222,O_right
82,4,803.7347405709885,524.2683347173912,O_left
82,5,465.7675441763982,1006.2610236988054,D_right
82,7,704.5533479481621,548.5950166843967,D_left
83,1,448.8663074448819,360.2921251830746,D_top
83,2,518.4730266732807,217.8037409224608,O_top
83,3,613.418141772453,1420.6938305116578,O_right
83,4,802.6069016334385,534.4125697284984,O_left
83,5,463.1619206650555,1004.4463835284932,D_right
83,7,699.6861894291008,558.9767040491458,D_left
84,1,452.4907259025164,357.37322455614867,D_top
84,2,526.4691523616385,224.9291082418296,O_top
84,3,613.1179080549538,1420.8139764320747,O_right
84,4,804.0400722193048,550.617007751506,O_left
84,5,457.87757712080776,996.8989200045394,D_right
84,7,689.4147921462512,567.1201345541599,D_left
85,1,458.777208987556,350.47107804126983,D_top
85,2,529.6863360781072,227.4385684168077,O_top
85,3,612.9557857730396,1420.8927314354169,O_right
85,4,801.0697292096944,568.0342915703773,O_left
85,5,452.47367826425824,989.8978466694616,D_right
85,7,688.8747011577343,578.0924011444855,D_left
86,1,477.6675759769829,357.386157989514,D_top
86,2,532.0747312738459,226.19249312737043,O_top
86,3,612.9438137960276,1420.91140004646,O_right
86,4,794.6479747968476,585.8713002548844,O_left
86,5,443.0941178606335,980.0619333895722,D_right
86,7,675.843097796052,588.6685734461278,D_left
87,1,488.3038869518867,362.430627061327,D_top
87,2,533.8456076884239,224.47190509460387,O_top
87,3,612.8947560190338,1420.929875906858,O_right
87,4,785.0502066934622,604.1727706743911,O_left
87,5,420.2788659286761,961.9724357193724,D_right
87,7,668.0371125536645,594.0667660036974,D_left
88,1,503.8468110229296,392.4771284860164,D_top
88,2,534.1999882291782,222.297258693978,O_top
88,3,612.9228629354551,1420.9440699610998,O_right
88,4,780.4309122708986,615.7071683849347,O_left
88,5,420.22351909108505,957.5597020050816,D_right
88,7,660.5056072707442,606.1463127003532,D_left
89,1,494.9846207181114,389.12116160516985,D_top
89,2,534.1713366877028,220.44600937196893,O_top
89,3,612.9318418602411,1420.9300685932185,O_right
89,4,777.4797302204529,625.6813790454542,O_left
89,5,416.1300482891937,952.4365419188812,D_right
89,7,654.8856665098454,614.8130661891153,D_left
90,1,523.1854886864778,418.116078592918,D_top
90,2,533.3612456960299,218.7490895350202,O_top
90,3,612.6588541784249,1421.4717850225798,O_right
90,4,741.8938990600543,612.9304685063888,O_left
90,5,416.6154965662311,951.273513335605,D_right
90,7,653.1361468436962,624.6206406274681,D_left
91,1,539.2483822801933,437.0233221566164,D_top
91,2,532.1513161246911,216.8792308350289,O_top
91,3,612.481114780452,1421.6909296306949,O_right
91,4,758.1033674769253,640.8995935314181,O_left
91,5,415.4388034721734,949.6183826991468,D_right
91,7,651.1762218618048,628.4551470362366,D_left
92,1,506.1136118549148,409.90025124547816,D_top
92,2,530.7349912285418,215.36247562459727,O_top
92,3,611.5423228431769,1421.4711031384604,O_right
92,4,748.8810074965113,674.9961470000411,O_left
92,5,416.53813597845823,948.8310121238496,D_right
92,7,645.7309962604876,636.3722252959732,D_left
93,1,490.12119846815625,396.6039586740615,D_top
93,2,530.8221211537287,215.90598944174408,O_top
93,3,611.4696156717753,1420.8287147209742,O_right
93,4,741.0270159288732,691.9458326514838,O_left
93,5,417.6974485447851,947.4747905553152,D_right
93,7,642.5212244534749,642.744211119155,D_left
94,1,484.8656194061198,385.1562216452849,D_top
94,2,530.5485885484158,216.5596099007593,O_top
94,3,611.8392701962237,1420.0194768828808,O_right
94,4,729.7089007198311,711.7082456422645,O_left
94,5,418.49880400509744,944.9623286239772,D_right
94,7,632.295857112316,655.1845005735263,D_left
95,1,484.2301467120278,386.4253051762263,D_top
95,2,529.1567702166873,216.3881657283565,O_top
95,3,610.9806923134382,1419.4369268760147,O_right
95,4,720.9050210646282,719.0645433285458,O_left
95,5,419.72814185944753,944.1914910831816,D_right
95,7,625.1021369202889,670.3630523512192,D_left
96,1,480.6319643417682,390.56653343989774,D_top
96,2,529.8875845093636,219.631311403652,O_top
96,3,611.4975583237759,1418.1057651219733,O_right
96,4,702.5483381986768,733.5459770537899,O_left
96,5,420.8264752385893,941.53286173742,D_right
96,7,593.4851870395693,658.3954722102055,D_left
97,1,479.3369782992719,392.3309031551761,D_top
97,2,527.6029513311308,220.1581252766682,O_top
97,3,611.0747092897603,1416.7800878667574,O_right
97,4,686.3964770222643,737.5701758962124,O_left
97,5,422.28536518090857,940.728733571854,D_right
97,7,558.5185466337683,639.3710788945721,D_left
98,1,478.6681892128278,393.6583412068833,D_top
98,2,522.0740148710674,218.50453720669088,O_top
98,3,612.3639471922194,1414.066517979439,O_right
98,4,667.2806965266086,754.2936377530149,O_left
98,5,424.5516624114042,941.4900962347148,D_right
98,7,594.8003505820637,699.1205208347903,D_left
99,1,478.24333246640686,394.5611203878771,D_top
99,2,521.026358535396,221.04407475254925,O_top
99,3,614.5136393870541,1412.2909354898577,O_right
99,4,652.8989319403389,767.9437663793362,O_left
99,5,424.1993095477918,942.1964095323468,D_right
99,7,582.5953010018354,703.7892596088437,D_left
100,1,475.98277890568,398.33285706126,D_top
100,2,521.6384395384481,225.56440146801495,O_top
100,3,617.4034619903716,1408.3664477888974,O_right
100,4,637.6965892950881,781.3594623012989,O_left
100,5,427.5663755889511,945.279897822306,D_right
100,7,577.9716993865916,720.5884579331728,D_left
101,1,474.5702544268881,400.7916500632934,D_top
101,2,519.8581164102086,225.19425103063563,O_top
101,3,619.5142276848011,1405.2485947294504,O_right
101,4,631.7666406694706,803.4959857815339,O_left
101,5,429.7586984142376,948.2020522476404,D_right
101,7,577.8653996589429,730.8167076553284,D_left
102,1,475.58058649039697,404.0828431763453,D_top
102,2,521.1564008858062,229.7221742589807,O_top
102,3,622.7875802200226,1400.3170483530648,O_right
102,4,625.829842058758,818.1258436010306,O_left
102,5,433.000075433508,952.4362609445936,D_right
102,7,572.866780344056,744.7716396248466,D_left
103,1,473.7024659642487,404.4213865301935,D_top
103,2,521.8877042605633,233.48200527770263,O_top
103,3,624.6844710283427,1397.357685795353,O_right
103,4,615.8109858294605,827.4861815438833,O_left
103,5,433.6129204417103,954.84238088017,D_right
103,7,557.3621528173396,744.8745046318447,D_left
104,1,457.7819002266597,396.4446766359159,D_top
104,2,530.0183563406713,246.96211746218785,O_top
104,3,625.5137073669105,1394.3084460839236,O_right
104,4,564.249517178438,816.1368429348199,O_left
104,5,431.8698529481306,959.0071691146215,D_right
104,7,533.3639379545781,748.6683764504846,D_left
105,1,443.3083209767556,385.2464725599386,D_top
105,2,551.4843948404,276.2820901306813,O_top
105,3,627.7101917284111,1393.6892585471924,O_right
105,4,549.2973953714348,822.2509890041129,O_left
105,5,431.1457148054844,958.8471131645344,D_right
105,7,517.2853593763242,753.0000106911598,D_left
106,1,453.3165407299567,398.0744892065139,D_top
106,2,548.8880677175164,274.3918296863642,O_top
106,3,632.6289652206937,1392.3074591806865,O_right
106,4,554.728976769938,846.8893613789082,O_left
106,5,432.8505755358021,960.5590415140226,D_right
106,7,510.9316459997098,764.512664412665,D_left
107,1,458.2443425748623,404.927849935652,D_top
107,2,545.6995838362513,271.857270940564,O_top
107,3,635.0647870335598,1390.7139503004037,O_right
107,4,554.074643341386,859.5604290698212,O_left
107,5,433.2147083696896,961.6565150949568,D_right
107,7,501.6813783975024,769.5967528273453,D_left
108,1,462.3417402933953,408.8285844936284,D_top
108,2,544.440208885521,278.0142599483076,O_top
108,3,638.2369909502289,1384.8995097162017,O_right
108,4,526.6001230954453,859.1708760002103,O_left
108,5,432.8774707603686,964.4890081587496,D_right
108,7,479.7669395533187,771.9384496379062,D_left
109,1,465.7194289744364,412.1194272238245,D_top
109,2,544.5724839344894,286.33728016961203,O_top
109,3,640.0324286266184,1380.1255469318592,O_right
109,4,504.7513718781231,853.9507049382541,O_left
109,5,432.00711766931937,966.7342895207348,D_right
109,7,463.20059478311646,780.9262286996335,D_left
110,1,463.5717618728463,409.6399764967617,D_top
110,2,543.8058271342056,295.3598087018013,O_top
110,3,643.7814637261398,1371.7164631957455,O_right
110,4,506.82981790443466,876.2758666361374,O_left
110,5,436.41955895077945,974.6987505437228,D_right
110,7,452.2093426954511,804.257305125229,D_left
111,1,465.9526280981794,412.8566074314805,D_top
111,2,543.6551186002973,300.9970420840555,O_top
111,3,646.1916928355017,1367.0817044044604,O_right
111,4,510.2969133722416,891.1925320941604,O_left
111,5,450.655221850693,984.7518221105936,D_right
111,7,449.8209339547067,819.9100562758069,D_left
112,1,474.1557994808507,432.673638763078,D_top
112,2,538.7859572041402,306.69364235708593,O_top
112,3,651.689027227745,1361.6598489813168,O_right
112,5,471.7275883195677,998.510441057576,D_right
112,4,155.68877689026888,814.2370980945211,O_left
112,7,492.169957557995,867.0633658753004,D_left
113,1,478.6274618674914,435.2671113332744,D_top
113,2,542.0294005968703,319.02584924135715,O_top
113,3,654.9554891510592,1356.041978690126,O_right
113,5,482.0238511011453,1004.0456987437758,D_right
113,7,457.2211241204907,845.3754181220536,D_left
113,4,498.1088889516241,914.7056520200008,O_left
114,1,477.4720092156791,445.819665630191,D_top
114,2,551.9487081322469,345.64464076721544,O_top
114,3,662.0183576798318,1349.978790880996,O_right
114,5,497.1249048099303,1008.2217104573364,D_right
114,7,428.41501010433245,833.5931678948905,D_left
114,4,491.9078250614506,924.560239982132,O_left
115,1,479.0964980878833,457.4585115512628,D_top
115,2,552.8448695379693,355.4780182802613,O_top
115,3,665.0220755475498,1347.038631097858,O_right
115,5,501.269429887777,1010.3795585568656,D_right
115,7,393.4479481889857,819.8907347740657,D_left
115,4,488.49554456217936,928.4767254445932,O_left
116,1,474.3193153140408,463.8528869629291,D_top
116,2,558.7268851596582,369.5256313121328,O_top
116,3,666.3569469519836,1345.5962571389166,O_right
116,5,504.8417068542432,1008.7204248183858,D_right
116,7,385.3596562902351,830.0568882407384,D_left
116,4,482.8154579137066,932.4353687245028,O_left
117,1,470.0134846455557,470.0572521353966,D_top
117,2,562.5475027452261,380.58289238918303,O_top
117,3,669.2160922076035,1344.6711749106094,O_right
117,5,506.35967556695374,1007.3266997880752,D_right
117,7,370.7509486410431,823.9423679865849,D_left
117,4,480.079697716136,936.5401697779284,O_left
118,1,468.3017218015801,483.93148273871566,D_top
118,2,575.7533700689823,410.07124397681054,O_top
118,3,670.2626566802331,1340.8431245159657,O_right
118,5,508.6963025301114,1003.2848156020552,D_right
118,7,362.6571326529287,832.3141245168287,D_left
118,4,466.9504164740838,948.5677865761916,O_left
119,1,468.1317445557439,493.049803718491,D_top
119,2,582.1287318750778,424.658417405329,O_top
119,3,672.0189392868695,1337.3534965500153,O_right
119,5,510.150182332855,1002.0965497046864,D_right
119,7,346.6104440842093,836.1614857092057,D_left
119,4,375.8197798879661,885.9796137164236,O_left
120,1,454.86878850892487,493.7832246678365,D_top
120,2,577.2726352734036,445.9695756348041,O_top
120,3,676.0265206012169,1329.0186637572544,O_right
120,5,509.6975317288504,999.9338992094736,D_right
120,7,295.93656469756223,811.9460468798136,D_left
120,4,403.87192443409714,911.7298104649008,O_left
121,1,443.32262725173024,493.66141737532473,D_top
121,2,573.8307649254166,462.6158253670699,O_top
121,3,678.4182383864031,1324.6513970572664,O_right
121,5,517.8118790975956,1001.7659585536936,D_right
121,4,126.96873626552218,786.6820341086898,O_left
121,7,278.32407580221906,815.4769645985109,D_left
122,1,433.2651223311442,498.89291930233975,D_top
122,2,589.4095143252338,498.9535731664609,O_top
122,3,682.038097115221,1320.6967336030557,O_right
122,5,524.0057048411799,998.721989042428,D_right
122,4,87.06166059209133,761.6850484174946,O_left
123,1,450.8549595826559,526.7618054380807,D_top
123,2,577.6740143661355,498.20340992075455,O_top
123,3,684.0734980968484,1316.1869084847483,O_right
123,5,531.3994001759272,997.5036920446756,D_right
123,4,78.35223465425508,758.9825381584659,O_left
123,4,452.5963666126565,968.7897779072496,O_left
124,1,454.27563476101454,543.8653297624403,D_top
124,2,555.5300048990352,503.8092284288512,O_top
124,3,688.165267871838,1311.2070097569483,O_right
124,5,533.3305357662589,995.3163073904404,D_right
124,4,47.96819359771121,742.2681633509119,O_left
124,4,457.065101326175,978.5799098215796,O_left
125,1,452.4744198278672,553.3078006439018,D_top
125,2,546.0781196169565,508.4364101529011,O_top
125,3,691.4498011871078,1309.8055462775426,O_right
125,5,533.9819260331725,994.0527727073494,D_right
125,4,30.007061957192622,732.154282615404,O_left
125,4,459.34707022111286,983.9100660410556,O_left
126,1,451.5569030396704,574.3229366398001,D_top
126,2,544.0791944982702,528.4896952661143,O_top
126,3,691.1705801338599,1308.2098553550604,O_right
126,5,533.305753078668,990.4554243150058,D_right
126,4,144.64069276304355,800.881277680347,O_left
126,4,457.9439773070512,993.9984088052144,O_left
127,1,451.6977904606102,590.1748637841871,D_top
127,2,572.7569650612508,567.3737842908781,O_top
127,3,691.8857123913563,1307.9085346305776,O_right
127,5,533.4876256280393,989.5675711610548,D_right
127,4,162.64147290134008,811.7207391705568,O_left
127,4,452.6182111185803,997.7704227771188,O_left
128,1,457.7361983827244,615.353970692913,D_top
128,2,582.3497545347873,588.5391859284344,O_top
128,3,694.2100646668832,1304.63564419248,O_right
128,5,532.7751023298122,988.769027972288,D_right
128,4,155.0149745124606,805.1181457162951,O_left
128,4,448.3509862025243,1005.4936886849946,O_left
129,1,460.8996089955954,631.4214469951423,D_top
129,2,583.6392252170385,599.9535302651819,O_top
129,3,695.7182439954655,1302.4021771595767,O_right
129,5,533.5365815282346,988.2088442217675,D_right
129,4,425.54489322567343,998.7260636548737,O_left
129,7,356.2993554314867,905.8954391962236,D_left
130,1,462.5974718262372,646.4826631710268,D_top
130,2,582.8400828972073,610.9929610124856,O_top
130,3,697.0653046420895,1300.3036487264114,O_right
130,5,533.0010612505711,987.6105416016098,D_right
130,4,446.5179894385921,1025.850110906204,O_left
130,7,346.53387249565344,908.4088587916866,D_left
131,1,459.3387055450584,651.9081241247025,D_top
131,2,582.583738285549,618.3050402975567,O_top
131,3,697.5179939270608,1299.6564757893193,O_right
131,5,532.0782812441124,986.9554631993692,D_right
131,4,457.3829763823555,1043.5778787101738,O_left
131,7,342.7918503995128,914.2403927260178,D_left
132,1,457.9342167018672,657.5083984692693,D_top
132,2,581.1594836519956,618.7032642958053,O_top
132,3,696.4455518997086,1299.409793063504,O_right
132,5,532.3608848013713,988.2667033967232,D_right
132,4,483.62624063066136,1066.3600609794462,O_left
132,7,337.6727798717202,915.5972218725358,D_left
133,1,454.91409972756577,659.6032255941458,D_top
133,2,574.9871715134894,613.7707085671441,O_top
133,3,695.5405630739044,1300.296321719873,O_right
133,5,531.2774984007721,987.9733900173268,D_right
133,4,497.5070909154044,1074.971278526885,O_left
133,7,325.35351341048,910.5817089079128,D_left
134,1,450.8189111112182,660.8769874258965,D_top
134,2,551.2286531860215,592.6502949978375,O_top
134,3,695.4110586861027,1302.0097600443687,O_right
134,5,527.0861797227851,988.1247867402146,D_right
134,4,501.55433347317273,1080.7150954032556,O_left
134,7,323.65755170181563,926.3720475548256,D_left
135,1,447.32221662237527,660.4094448170655,D_top
135,2,542.0387518172118,582.9962198766118,O_top
135,3,694.3547559311045,1302.6093594580602,O_right
135,5,523.7993310259856,988.1551887411124,D_right
135,4,504.8585120301197,1084.929765166968,O_left
135,7,335.45627176830754,944.0849113886763,D_left
136,1,449.6386507676745,664.2903644972226,D_top
136,2,532.9463295512938,578.7564698879181,O_top
136,3,694.2671515665019,1302.3387234511908,O_right
136,5,517.1922130915989,989.5175818383466,D_right
136,4,505.7835815027402,1089.318692393582,O_left
136,7,320.3141719955956,941.683755532958,D_left
137,1,451.1047133328904,664.5761130928976,D_top
137,2,528.9168881745288,577.7182109913973,O_top
137,3,692.8002646433254,1302.7030163471711,O_right
137,5,514.6098207744874,989.9468693761644,D_right
137,4,504.3960702832513,1090.0882524971023,O_left
137,7,323.496777871652,943.2212421870996,D_left
138,1,444.63595591803977,645.6465839860504,D_top
138,2,514.3385575041912,570.8554478136341,O_top
138,3,692.8223052011836,1303.5425298126636,O_right
138,5,514.915791651568,990.8511544783375,D_right
138,4,505.59808558297897,1089.6214590992363,O_left
138,7,317.65419314320127,933.540045141973,D_left
139,1,442.8371891775835,630.8361726556722,D_top
139,2,491.66200074800446,553.6179331844933,O_top
139,3,692.8231866299094,1303.890468047227,O_right
139,5,517.0748076272024,992.4156906644048,D_right
139,4,505.07424026283337,1087.764834712228,O_left
139,7,304.47730369664566,920.4420621946126,D_left
140,1,421.2518547980079,610.2758840823718,D_top
140,2,467.3213504107453,542.8689294868801,O_top
140,3,693.3308509651409,1305.0764429492706,O_right
140,5,519.2643367398313,993.9113324908958,D_right
140,4,516.5733469948715,1090.0822510934024,O_left
140,7,304.9042581511743,920.6636751148876,D_left
141,1,409.2737925372708,600.301709690957,D_top
141,2,453.5184622885758,535.6142092290711,O_top
141,3,692.1201533847955,1305.9748902435983,O_right
141,5,520.3309572817514,994.0516135805664,D_right
141,4,532.1179399193938,1096.5937565203224,O_left
141,7,312.26741791086715,927.120680434949,D_left
142,1,396.46853208701486,588.5658059631949,D_top
142,2,441.3221028817628,534.4704677430315,O_top
142,3,689.4796444745926,1308.111074158414,O_right
142,5,519.1638857396698,991.08232659308,D_right
142,4,559.6031927378922,1109.5927229417866,O_left
142,7,349.30511109664366,954.7778197715888,D_left
143,1,400.35943956451655,592.3799478976771,D_top
143,2,436.953294346317,539.0945013561017,O_top
143,3,688.3772214312474,1310.934892204142,O_right
143,5,519.6403447110445,991.4979500295194,D_right
143,4,581.0488786107439,1100.866205395448,O_left
143,7,325.96321842961703,945.9452522515512,D_left
144,1,379.84257283964297,576.1055256901947,D_top
144,2,433.1373169711942,556.6161554990299,O_top
144,3,686.7932158540311,1315.3781744297005,O_right
144,5,501.8255338206392,984.9873282844492,D_right
144,4,593.7340056630067,1092.1783006261055,O_left
144,7,315.5482692229551,940.6967885612128,D_left
145,1,355.1581251872905,556.6234307586226,D_top
145,2,430.6935978141149,562.523719250252,O_top
145,3,685.5432258297215,1317.963581318373,O_right
145,5,486.7721099389119,976.7925543052374,D_right
145,4,599.4076017428274,1086.4392605836108,O_left
145,7,313.98568658883755,938.3247308936192,D_left
146,1,345.88002560133793,554.6717840002086,D_top
146,2,429.2816761304591,554.5246302469101,O_top
146,3,680.754759128803,1318.6199347690144,O_right
146,5,482.2788264099083,975.0370432760138,D_right
146,4,606.346564445759,1078.327072337744,O_left
146,7,313.8677089113286,932.677459977676,D_left
147,1,352.9024697405224,564.3785032478504,D_top
147,2,429.8847531579633,549.4699610467703,O_top
147,3,677.5272765345405,1319.2651475641696,O_right
147,5,471.166732458128,964.5196865946172,D_right
147,4,614.3016212266901,1073.4360995451675,O_left
147,7,320.11406657887267,931.2091895245018,D_left
148,1,365.07171693140026,578.4986965641205,D_top
148,2,421.3185413828984,540.9607182682303,O_top
148,3,667.645615813024,1324.373860042947,O_right
148,5,474.251333144164,968.4725286104896,D_right
148,4,186.5881284157886,826.4009003745444,O_left
148,4,638.8950473815962,1072.1041013954184,O_left
149,1,371.718818422888,585.4393862584124,D_top
149,2,416.3365001342736,534.1643807103815,O_top
149,3,660.261270079807,1330.3250085171528,O_right
149,5,511.96000522805264,992.3927433468364,D_right
149,4,657.8615281120301,1064.8204507317316,O_left
149,7,207.43305835519735,839.7024429159289,D_left
150,1,370.0277878603892,593.174983739341,D_top
150,2,416.4831598478078,530.4227464212312,O_top
150,3,650.6573066891398,1339.722369209561,O_right
150,5,519.1159212113675,997.9367386054216,D_right
150,4,674.8957572235197,1045.8267973636462,O_left
151,1,372.0409837949719,601.1183778827224,D_top
151,2,415.9787336597283,528.5987158537553,O_top
151,3,643.8866452451452,1346.5321628557317,O_right
151,5,521.473368261749,999.3209473563649,D_right
151,4,685.7511396114571,1035.5236124931134,O_left
152,1,372.8195475284479,599.7656602758307,D_top
152,2,419.1023074694185,536.6304549006269,O_top
152,3,633.6966910961609,1357.5976747636898,O_right
152,5,524.2842712049018,1001.024943494234,D_right
152,4,12.953558515579692,716.1488310229672,O_left
152,4,694.0497392645541,1026.8165393434504,O_left
153,1,372.6379009211683,597.5454306079273,D_top
153,2,428.11246946749947,544.7928852546852,O_top
153,3,628.6038661811913,1365.441525456906,O_right
153,5,525.3826786136458,1004.2343657738544,D_right
153,4,703.6140217037189,1019.4534360451622,O_left
153,7,171.5008225202227,718.6375185745881,D_left
154,1,372.18541617888695,600.233926566911,D_top
154,2,429.8343638482202,546.9282630070763,O_top
154,3,616.8398931377604,1371.749722761797,O_right
154,5,528.5845795311515,1008.1689771958868,D_right
154,4,721.8657915485684,1006.4655997764636,O_left
154,7,368.7755210417431,832.4480088966054,D_left
155,1,372.3633048966177,602.9316531873027,D_top
155,2,427.32752183254,543.9766372809116,O_top
155,3,608.3227416633923,1375.064947577349,O_right
155,5,531.8593633666025,1011.9212293436896,D_right
155,4,733.9401071293512,992.957488939076,O_left
155,7,406.4734677626028,843.325936883629,D_left
156,1,395.906723576745,632.1967676585916,D_top
156,2,440.0523284466264,553.9913152530493,O_top
156,3,596.7590249791397,1380.343454980046,O_right
156,5,531.4252199639558,1014.2734110214816,D_right
156,4,749.869273327222,966.975521032344,O_left
156,7,426.9020920774256,838.7942333140435,D_left
157,1,370.2494350602368,614.7990071661656,D_top
157,2,441.4828165811432,563.0604360259231,O_top
157,3,579.1292441129798,1382.6120403991447,O_right
157,5,529.2203651503764,1015.372364607388,D_right
157,4,761.6259625054394,956.3808515384846,O_left
157,7,436.40101560300246,831.3024091443216,D_left
158,1,375.3464530830844,622.6848348181074,D_top
158,2,443.843650122612,565.3274860658,O_top
158,3,567.34659797077,1389.5605468061772,O_right
158,5,526.0226111409285,1020.80157264176,D_right
158,4,769.5172254609286,939.6765292395072,O_left
158,7,440.149431295052,824.7282208285297,D_left
159,1,397.84291345439226,640.6033759044093,D_top
159,2,431.7352539320977,557.0464604426094,O_top
159,3,563.7085772878082,1396.9587018576044,O_right
159,5,524.0460927069811,1023.8447035779136,D_right
159,4,789.8048525214823,936.3841233210048,O_left
159,7,444.5373091919811,816.3219856168322,D_left
160,1,407.6900028022478,645.6836924200092,D_top
160,2,415.783929314926,540.3382820591094,O_top
160,3,553.7513006035994,1403.8692884935238,O_right
160,5,520.9280862728369,1028.5638796439123,D_right
160,4,804.3766365515779,923.6507897861078,O_left
160,7,431.83521330927886,778.4398050452984,D_left
161,1,413.2528232271637,648.343966282141,D_top
161,2,430.1134795727871,545.8259454022856,O_top
161,3,548.138290512188,1409.7316465629235,O_right
161,5,516.3168488397173,1028.7565592677988,D_right
161,4,819.0821191482803,918.8650561616676,O_left
161,7,453.2361683957289,781.2546873994318,D_left
162,1,414.2816532044386,649.0685004858909,D_top
162,2,434.3133186281818,547.6706689815146,O_top
162,3,539.9256192274954,1416.1054236534335,O_right
162,5,509.4681667684834,1031.4087486479632,D_right
162,4,832.4064119727853,912.7534428402888,O_left
162,7,507.91895256863575,792.3648712156709,D_left
163,1,402.1917128731285,639.991069336353,D_top
163,2,443.5438161291444,551.1603083082051,O_top
163,3,533.5730627642332,1420.1712438508669,O_right
163,5,503.7346461991027,1031.791339893857,D_right
163,4,841.2492945375383,902.2329011080988,O_left
163,7,528.1665805214724,793.8612266455198,D_left
164,1,368.5152173615404,603.4411835529567,D_top
164,2,450.41931316641467,553.5364253932079,O_top
164,3,526.4070351005392,1427.5364467091415,O_right
164,5,500.1422720127209,1038.7682309198535,D_right
164,4,849.7093390321891,872.8553089370589,O_left
164,7,538.9132617048638,779.0495015067156,D_left
165,1,366.3488817224174,596.381042210059,D_top
165,2,455.9352564346208,556.199564097601,O_top
165,3,520.1057701798636,1432.5381178706637,O_right
165,5,494.5918221954893,1041.081441986045,D_right
165,4,858.7387366522474,860.5660598808626,O_left
165,7,543.5493860001133,769.452167092876,D_left
166,1,383.3276668948379,596.4993872505185,D_top
166,2,482.1407884664599,578.563295723483,O_top
166,3,503.01757588753816,1437.7232018338962,O_right
166,5,492.64879249938696,1047.4269362411226,D_right
166,4,869.1819106655959,844.3845575357869,O_left
166,7,586.7082045633921,784.2617804496326,D_left
167,1,389.6868475328896,601.0961991546305,D_top
167,2,493.0895534641127,587.9541892746705,O_top
167,3,494.94624782283125,1440.3405106230375,O_right
167,5,492.28229768637306,1050.4874849735356,D_right
167,4,874.7376089506627,835.2966488090119,O_left
167,7,604.689138391684,789.7451571517329,D_left
168,1,419.3669389018992,626.4688378666325,D_top
168,2,497.305200615885,593.0883451110609,O_top
168,3,484.3370068441699,1443.2530036266123,O_right
168,5,487.2772717490645,1050.72134453823,D_right
168,4,879.863825393394,828.834327052578,O_left
168,7,629.359695738493,797.5422129013838,D_left
169,1,439.1142155958622,641.2458572678531,D_top
169,2,502.2294926923584,593.1780557035864,O_top
169,3,479.24362832516925,1446.5667101415609,O_right
169,5,478.2049935568127,1051.018160413573,D_right
169,4,884.1211514750478,824.8259055647429,O_left
169,7,648.7758546806327,795.4721198120469,D_left
170,1,444.5052862846694,645.3012016979951,D_top
170,2,506.74236369515904,581.5858412729282,O_top
170,3,468.09919566229365,1450.1927055190288,O_right
170,5,477.81120796891577,1053.2637968185604,D_right
170,4,889.4359130075756,819.2113049370654,O_left
170,7,660.9996255919831,788.7111330699521,D_left
171,1,446.6865637083548,646.1140597338041,D_top
171,2,511.6650553236148,573.6052830725897,O_top
171,3,452.98525758903617,1450.6417960454903,O_right
171,5,478.39051645046567,1057.788743409258,D_right
171,4,893.6086928498524,813.4666539140294,O_left
171,7,669.9459037240154,780.9965963201151,D_left
172,1,446.8856439618247,643.0745868397586,D_top
172,2,517.1673730076998,562.1241967808137,O_top
172,3,445.0026489841487,1454.9472222845327,O_right
172,5,474.7374939423679,1064.685466331928,D_right
172,4,899.8448209634766,805.9610357858049,O_left
172,7,688.7755261141857,783.9067001074521,D_left
173,1,443.10792284121584,639.4174022720621,D_top
173,2,513.4012351258444,548.8673476293717,O_top
173,3,425.0725402991956,1455.0730626052743,O_right
173,5,468.74858590572177,1070.056834186172,D_right
173,4,904.3537891751878,799.470069994766,O_left
173,7,695.5981136983913,784.1974420457988,D_left
174,1,440.6753595390398,639.287231301595,D_top
174,2,509.424576560519,534.8526013299949,O_top
174,3,418.3638713832905,1458.651007232392,O_right
174,5,459.9269386544862,1075.4792900941538,D_right
174,4,907.9817907671612,791.7216590259848,O_left
174,7,696.6719423032305,782.9234835684672,D_left
175,1,439.773375795845,640.8334464989003,D_top
175,2,511.8238588320579,531.0316303642277,O_top
175,3,411.7071048133637,1460.1553793401083,O_right
175,5,454.4133518838492,1078.0273740168147,D_right
175,4,911.2334353139984,787.7233949992893,O_left
175,7,696.4663325831887,782.589652386903,D_left
176,1,435.7035066525283,643.2138714891772,D_top
176,2,521.7975194877508,532.9558836725546,O_top
176,3,406.3651062274313,1463.426759417733,O_right
176,5,421.8264586231852,1074.4296947959508,D_right
176,4,915.053288418408,775.5612627922754,O_left
176,7,696.1489418862219,782.1507661712141,D_left
177,1,432.5000292548551,644.8196108433744,D_top
177,2,526.0061614396673,530.7226409278464,O_top
177,3,401.2063725786937,1465.8541714441594,O_right
177,5,406.0074963459526,1076.7839802916496,D_right
177,4,916.8115703940338,768.2188535772904,O_left
177,7,694.5560271764391,781.1080530792988,D_left
178,1,425.3384159516408,638.108602343874,D_top
178,2,530.910280360093,526.1608709554486,O_top
178,3,389.25583753488473,1465.0164246477616,O_right
178,5,390.6304596882292,1082.2769614061056,D_right
178,4,921.069366233077,761.69213683713,O_left
178,7,694.627464688222,781.7591071608568,D_left
179,1,417.6250349225703,633.3124566133658,D_top
179,2,532.043423719024,521.5390532648678,O_top
179,3,377.4640075135621,1462.971029351222,O_right
179,5,386.4764017546343,1083.964446337665,D_right
179,4,922.9855665306532,756.8413127853444,O_left
179,7,693.3580281630037,781.1424577783274,D_left
180,1,407.492795533272,641.8746603271327,D_top
180,2,535.2886686713928,519.2468794532135,O_top
180,3,360.9900933537616,1462.887500042598,O_right
180,5,342.8402849760519,1083.5345857174082,D_right
180,4,924.397004516648,751.6931222989465,O_left
180,7,692.5849616275434,780.9618364089589,D_left
181,1,397.9794847036968,646.0576159300264,D_top
181,2,536.1450258722817,516.7948801071661,O_top
181,3,350.7600321863141,1462.590304999486,O_right
181,5,315.7964680400489,1090.0226606762258,D_right
181,4,924.3191240258792,748.457490128684,O_left
181,7,691.7968118907601,781.382304736211,D_left
182,1,391.5429888354353,650.1207645427115,D_top
182,2,536.0029059445012,511.9392164108221,O_top
182,3,343.0773136089764,1464.4073687679704,O_right
182,5,297.4129798598593,1103.610190827011,D_right
182,4,924.25308153882,744.9721541665884,O_left
182,7,692.0600466000008,782.8768940643789,D_left
183,1,387.1067496140869,650.5593200253181,D_top
183,2,539.5811418093998,505.8240344360888,O_top
183,3,341.3777216352844,1463.7681160830573,O_right
183,5,301.8099807188344,1112.325198907414,D_right
183,4,924.8184969207445,742.7536510331448,O_left
183,7,691.7200753535938,783.816396384443,D_left
184,1,384.6106827057546,649.8888378270477,D_top
184,2,544.7709438836235,488.405334913254,O_top
184,3,339.1890130308223,1466.6441497411458,O_right
184,5,292.3157926183493,1118.7094205144392,D_right
184,4,924.3980411929006,736.1198608168731,O_left
184,7,691.6373317441639,783.7592499755159,D_left
185,1,387.2471149408481,648.3567919344474,D_top
185,2,542.1102726765598,475.1292003043469,O_top
185,3,337.3482889998506,1467.3841287157363,O_right
185,5,290.1418001147751,1128.3850486885412,D_right
185,4,925.514335963398,731.8291429582245,O_left
185,7,691.491887664622,783.8044378768657,D_left
186,1,380.6175818241464,652.0943595074941,D_top
186,2,548.2193354646233,470.4454797956543,O_top
186,3,330.9651267790753,1469.9757016307462,O_right
186,5,292.4528678669272,1148.2036988108584,D_right
186,4,931.2131168986303,721.8188596992712,O_left
186,7,690.4603075617435,782.4086803207427,D_left
187,1,377.5997730089079,654.7306110181988,D_top
187,2,551.0727497235888,468.15494351104496,O_top
187,3,329.8845856137281,1471.807310858455,O_right
187,5,293.66933086537654,1160.6559830083231,D_right
187,4,934.608169418576,716.2813585542187,O_left
187,7,689.9148038708184,781.9496075823214,D_left
188,1,375.1490163394104,655.7764732839404,D_top
188,2,554.2495045370046,466.0274011107606,O_top
188,3,331.1519619269817,1467.5026617533786,O_right
188,5,289.19669198387936,1177.022426749978,D_right
188,4,940.8034309036914,706.5222387731019,O_left
188,7,689.938772563501,781.4279894750185,D_left
189,1,372.2493835223874,655.1548362597892,D_top
189,2,554.149266862779,462.7450688956962,O_top
189,3,330.38878965334266,1465.8926297604464,O_right
189,5,280.8037545553785,1196.3719468285865,D_right
189,4,944.6846680539226,700.3617141355344,O_left
189,7,689.7210375905457,781.2043926698727,D_left
190,1,371.3252142051148,654.7687017139157,D_top
190,2,551.4364531546927,459.7344101835853,O_top
190,3,331.89253488941546,1465.384408661874,O_right
190,5,272.6632427421798,1212.3428490813017,D_right
190,4,946.7360045125924,697.0312315663762,O_left
190,7,689.6239117010698,781.0733226423908,D_left
191,1,371.3102825726773,654.1834142634048,D_top
191,2,549.0118380097152,456.77666286662463,O_top
191,3,332.73329217795634,1470.114064730144,O_right
191,5,270.46889498201006,1223.7433072740987,D_right
191,4,947.0197631660768,696.6553157855565,O_left
191,7,690.80322775635,781.7523180252371,D_left
192,1,373.23678649243874,655.2770857435295,D_top
192,2,545.1414355515839,451.8774762911997,O_top
192,3,332.83306692245526,1472.528537965132,O_right
192,5,281.0505371617804,1243.7585576471645,D_right
192,4,945.3457229684964,697.0014858253882,O_left
192,7,693.2878181575903,781.4493128546706,D_left
193,1,373.10278238446176,655.0515615917302,D_top
193,2,546.741213255106,453.6705376194205,O_top
193,3,332.8076036286132,1471.1579249048575,O_right
193,5,280.7065039974033,1256.4227664281896,D_right
193,4,943.9472195262696,698.4753048931494,O_left
193,7,692.5853587643569,781.1536426799656,D_left
194,1,373.3509785091633,654.3174848182241,D_top
194,2,549.0172975162537,451.5206810476108,O_top
194,3,331.9709764177421,1469.6821466151434,O_right
194,5,277.2844416430407,1279.0631952246745,D_right
194,4,943.517207770888,698.7846437406714,O_left
194,7,694.9387445761786,779.330901210834,D_left
195,1,373.5168612276593,654.183108843802,D_top
195,2,548.8349857793137,448.3249133598986,O_top
195,3,330.2860223223284,1468.8203912095655,O_right
195,5,276.20435395059934,1288.6631009926475,D_right
195,4,942.1368627706236,696.6361818863068,O_left
195,7,696.6798792584003,777.2573418765018,D_left
196,1,373.5489229539164,653.9752013140201,D_top
196,2,550.6696225897672,445.7639062282781,O_top
196,3,324.08982166583456,1467.262750397105,O_right
196,5,272.4677838447318,1292.546580320497,D_right
196,4,941.7751069769682,693.229394234721,O_left
196,7,696.1884008680031,775.3673433733618,D_left
