1,1,977.7563049807404,508.4325681521312,O_top
1,2,868.7031882035395,568.7212308516185,D_top
1,3,531.5779612440487,280.1865936655062,D_left
1,4,582.6364738716952,1121.1908028716875,D_right
1,5,603.9087851926644,1440.1428363827729,O_right
1,7,549.6348893134503,127.33064806455327,O_left
2,1,977.7484833778856,508.4451320814594,O_top
2,2,868.7031882035395,568.7212308516185,D_top
2,3,531.5779612440487,280.1865936655062,D_left
2,4,581.1569900395195,1120.368129651324,D_right
2,5,603.9400015581717,1440.1517985225285,O_right
2,7,549.838110297107,126.97268790190792,O_left
3,1,977.211564731335,509.3925551700939,O_top
3,2,868.1594781249563,569.6958365180215,D_top
3,3,531.6191895682817,280.2815233613464,D_left
3,4,582.2574774958761,1120.9800603395825,D_right
3,5,604.3255564025633,1439.4932490501371,O_right
3,7,554.7764248037652,140.54749766460577,O_left
4,1,974.7874725833808,513.0315452236423,O_top
4,2,867.885999940146,569.9543350580839,D_top
4,3,531.8721689873901,279.6735488640394,D_left
4,4,581.2187949607279,1120.4331614859989,D_right
4,5,604.5792352391647,1437.0787820114738,O_right
4,7,556.522667421364,144.24263565487556,O_left
5,1,973.4014554563984,515.1730129034723,O_top
5,2,867.2963563342923,570.818313365614,D_top
5,3,531.8844836105973,279.3183582170661,D_left
5,4,582.178111576771,1120.9435885893615,D_right
5,5,605.0525289192319,1435.7054186979728,O_right
5,7,553.7655116304722,141.61134585526372,O_left
6,1,970.8054286105804,519.2582149148008,O_top
6,2,847.6482351701334,547.3996993065064,D_top
6,3,531.1545534574827,277.9191942119418,D_left
6,4,582.4707600219341,1121.1292889694132,D_right
6,5,606.2259000686724,1435.5509727661006,O_right
6,7,558.5299155927285,156.1010371088336,O_left
7,1,967.2414119449148,514.7517481247535,O_top
7,2,840.5515369734902,542.7139978656268,D_top
7,3,530.8082949226828,277.687223395254,D_left
7,4,582.4101864475874,1121.5550076401937,D_right
7,5,608.0220094337905,1435.287162807205,O_right
7,7,560.9363146736789,162.40547236895367,O_left
8,1,961.6781150217894,498.6012355531436,O_top
8,2,847.0614005568528,561.5380758062676,D_top
8,3,533.3061422189917,280.8398051940292,D_left
8,4,582.373833312352,1121.6955571761528,D_right
8,5,608.0217461418433,1434.366251937601,O_right
8,7,552.2254679548226,159.409892301562,O_left
9,1,961.2874613381036,492.5620563221952,O_top
9,2,847.9957979894942,570.2125395015993,D_top
9,3,533.8251480071181,282.7627103873908,D_left
9,4,582.6026396433523,1121.409337404229,D_right
9,5,608.0211051113162,1434.0791457263426,O_right
9,7,544.2596461435207,152.7923564139633,O_left
10,1,944.5405570543038,471.2370797855128,O_top
10,2,845.0158205217961,575.8185761846134,D_top
10,3,533.0325856746574,287.29785512714733,D_left
10,4,581.0731730788467,1121.3254727959063,D_right
10,5,607.0380372758596,1433.7077969404154,O_right
10,7,548.4676880031104,169.3607666716906,O_left
11,1,937.7166008557008,463.8468402911933,O_top
11,2,842.8669567116766,579.7875879399737,D_top
11,3,533.5306457526965,292.5534683397635,D_left
11,4,580.4863840872403,1121.283224190615,D_right
11,5,606.9816665536312,1433.0447021543102,O_right
11,7,542.6687815047898,167.167949154724,O_left
12,1,932.99480037873,461.9931776869399,O_top
12,2,840.0522220074764,581.6171069376664,D_top
12,3,527.4454979640096,295.2092652761106,D_left
12,4,580.972442966379,1122.5558023478536,D_right
12,5,608.2690033659034,1432.5393994650076,O_right
12,7,552.1272488267253,190.54989378271327,O_left
13,1,929.052434161803,459.9401859738721,O_top
13,2,838.5210478686251,580.4974429554522,D_top
13,3,524.0114826215888,298.5385629980746,D_left
13,4,580.4071420647824,1124.3686879204645,D_right
13,5,608.735255361258,1432.3895484816123,O_right
13,7,544.1365249806646,188.19561520654065,O_left
14,1,910.424439586127,438.9117746825721,O_top
14,2,824.5537873432675,570.8773747039241,D_top
14,3,514.8816331342441,290.54773895209223,D_left
14,4,580.4901150557745,1124.399231166724,D_right
14,5,609.2029324691246,1431.7759488734573,O_right
14,7,564.5573164202522,203.27730855836631,O_left
15,1,895.0129987537682,420.388623571208,O_top
15,2,814.597514916769,565.6872326271149,D_top
15,3,509.7804713774008,287.96655424297546,D_left
15,4,579.8474505637099,1123.1342673801018,D_right
15,5,609.3992888294609,1431.585235647539,O_right
15,7,574.5886405664453,206.86164351925515,O_left
16,1,884.4331384041936,408.6898610101159,O_top
16,2,791.0860926379924,545.5718576786016,D_top
16,3,508.6047754594399,290.02194262568736,D_left
16,4,575.5309379144475,1119.0178563175186,D_right
16,5,609.7707269378333,1430.9486367333236,O_right
16,7,575.7683200118394,205.81079035942872,O_left
17,1,877.8245665949524,397.57365537018575,O_top
17,2,777.7412624976823,534.3259684259377,D_top
17,3,508.6943462747935,293.4225285703552,D_left
17,4,569.4912330601073,1114.9803657979917,D_right
17,5,610.2878797553489,1430.2002613603468,O_right
17,7,577.093212602652,206.85019279836865,O_left
18,1,867.6162685476623,386.0135538959321,O_top
18,2,770.0504595576703,530.2000407437316,D_top
18,3,510.8997014672032,298.5123328612946,D_left
18,4,559.0663098572904,1106.1766910619426,D_right
18,5,611.1737149457936,1428.819582213494,O_right
18,7,578.4276833404655,197.8171723554589,O_left
19,1,862.1633078567952,380.596279851812,O_top
19,2,764.8469038722634,525.3674730188967,D_top
19,3,511.7206893829271,301.11215180255886,D_left
19,4,547.2904401274567,1097.4500205467043,D_right
19,5,611.318634054274,1426.9772389632951,O_right
19,7,582.335374239052,193.69035557450587,O_left
20,1,842.3176479165264,356.1377205710312,O_top
20,2,756.9371057293187,522.576958002959,D_top
20,3,514.9580075862266,304.66857138070424,D_left
20,4,532.4684673320107,1086.9268243250494,D_right
20,5,613.860140789276,1425.7281195008318,O_right
20,7,588.4868202120504,178.92800415141036,O_left
21,1,834.0942847767963,347.2249904096043,O_top
21,2,746.7249272951174,514.7236873082626,D_top
21,3,515.2811599818616,305.60644908105445,D_left
21,4,526.073269578017,1082.044467156666,D_right
21,5,615.7820745645578,1425.610627090861,O_right
21,7,595.0001325628219,171.27266601978977,O_left
22,1,828.5022388302291,349.4574389173843,O_top
22,2,717.624947337246,485.8054350088794,D_top
22,3,522.5659165678672,313.62635693669125,D_left
22,4,525.4027146890684,1080.7530000110664,D_right
22,5,615.8635248153225,1424.7363754400208,O_right
22,7,606.2002351590661,161.14957050362764,O_left
23,1,824.1926808690557,349.5298841051567,O_top
23,2,704.9357291430103,475.13599540362304,D_top
23,3,533.3377626221866,323.7886422276161,D_left
23,4,525.1890862061308,1077.8846807723514,D_right
23,5,615.3226437629772,1423.6217783938257,O_right
23,7,565.9161666803468,84.27503158254001,O_left
24,1,808.6633489749204,336.04639028079777,O_top
24,2,691.3213665769891,479.52682971865,D_top
24,3,502.2378219841339,284.116655799172,D_left
24,4,527.5010377344397,1075.865620867124,D_right
24,5,615.0375723057284,1423.2011857222485,O_right
24,7,599.2302990392452,117.08714791064972,O_left
25,1,783.3197825344602,307.7188290697203,O_top
25,2,682.8661396561921,480.2782634817024,D_top
25,3,494.7894114592134,270.40424479161203,D_left
25,4,530.0608022541063,1075.5510180237247,D_right
25,5,614.9555393172325,1423.0982734512224,O_right
25,7,608.4275075191935,121.1762291214914,O_left
26,1,770.8989089046833,303.32757473547,O_top
26,2,677.285598292039,483.5695419736643,D_top
26,3,546.7620942572433,331.76172465551787,D_left
26,4,532.4958259292307,1075.7946731941404,D_right
26,5,613.5773085248796,1423.3406918267058,O_right
26,7,671.3146586872167,179.4593445609744,O_left
27,1,763.7450157347341,305.2197494504407,O_top
27,2,672.1432946235698,482.7364780284387,D_top
27,3,558.6551698955437,345.4406330856945,D_left
27,4,532.2764955685091,1072.4927598666018,D_right
27,5,609.3394763763206,1422.346862748287,O_right
27,7,695.1459656179876,195.00167910924085,O_left
28,1,753.5364521936879,310.5171680271895,O_top
28,2,657.8087359081088,476.54484284332176,D_top
28,3,519.7557391318616,284.3933796927206,D_left
28,4,532.3661502335019,1063.2397668754006,D_right
28,5,606.8244331011402,1421.7163239119943,O_right
28,7,704.3856239943518,195.1053257577828,O_left
29,1,746.4463187281909,316.87822872111366,O_top
29,2,646.6522910715115,472.861392734344,D_top
29,3,547.676131976752,315.1733096225321,D_left
29,4,499.84803991347167,1036.7918413259576,D_right
29,5,603.9848003254568,1420.9259960700515,O_right
29,7,704.5521665793641,195.56128080263184,O_left
30,1,733.868582076742,311.713821485685,O_top
30,2,613.7187945482244,445.4165437068999,D_top
30,3,569.1500651955116,342.64535490232527,D_left
30,4,484.3835738471602,1016.4988750733702,D_right
30,5,590.9882641046679,1416.334228250858,O_right
30,7,720.82393181724,197.2463504939929,O_left
31,1,717.8514068202387,295.6956691858496,O_top
31,2,604.1843401534245,443.0402462304447,D_top
31,3,576.5289910165488,347.7011622159392,D_left
31,4,482.26581325512615,1010.0454705974892,D_right
31,5,588.3592589153819,1414.6396103140623,O_right
31,7,733.0463299570047,205.9506552060477,O_left
32,1,711.690960294268,311.44214590392664,O_top
32,2,594.3230770495076,439.1992699829085,D_top
32,3,596.126562679875,366.1858504123736,D_left
32,4,487.53799473290377,1006.0786941732184,D_right
32,5,580.6356104455405,1411.9433195988347,O_right
32,7,757.8391746883118,242.75404768944617,O_left
33,1,694.081693751723,303.70965298257494,O_top
33,2,563.1963305433375,421.63979806947066,D_top
33,3,602.7482011987183,368.199016225036,D_left
33,4,494.0846940673076,1005.6137067588256,D_right
33,5,576.8579819372775,1410.6969048404865,O_right
33,7,769.4186502629545,262.2601829258408,O_left
34,1,688.2751779084319,321.7518103484764,O_top
34,2,562.6168504554545,437.536248710627,D_top
34,3,605.0683955394403,368.8979128101234,D_left
34,4,495.1725759015078,994.4153190234964,D_right
34,5,575.8837045067442,1409.6786477420624,O_right
34,7,780.2139420889657,280.9795368309879,O_left
35,1,682.785161172814,330.25146228156217,O_top
35,2,560.9059973866423,443.9504696938504,D_top
35,3,609.1310372857174,371.10344199952334,D_left
35,4,494.4486959238085,989.43474239916,D_right
35,5,576.0138961611607,1408.7898354961974,O_right
35,7,783.1072546740462,287.2751448431358,O_left
36,1,679.6087752988808,339.64448742699653,O_top
36,2,557.0917248345497,448.1631715544455,D_top
36,3,615.6199845080814,375.29994026397816,D_left
36,4,498.336269109088,987.2468271155786,D_right
36,5,575.0935883780979,1408.1779837052754,O_right
36,7,785.0944071410023,293.9964655161072,O_left
37,1,682.1683079350677,349.6756461022636,O_top
37,2,555.4040953583661,451.4892705688141,D_top
37,3,622.1191557856368,381.9026107060215,D_left
37,4,501.4952196489637,987.069966482162,D_right
37,5,572.9183267127961,1407.4052538136607,O_right
37,7,784.9291253629356,295.54249692984433,O_left
38,1,679.405247962135,355.5884014591904,O_top
38,2,556.1147740747755,455.05050133729,D_top
38,3,637.9883062801691,401.5587711010397,D_left
38,4,502.9998853554969,986.4336059132636,D_right
38,5,571.4332552975532,1406.2238853879094,O_right
38,7,782.9808902016472,292.33548440328457,O_left
39,1,678.6526157337872,360.3980376731178,O_top
39,2,556.0121757022806,455.94880241702526,D_top
39,3,649.8489059371892,415.0442814607033,D_left
39,4,503.7934807294785,986.455708017695,D_right
39,5,567.0233748341969,1404.6325305105925,O_right
39,7,782.9157350583141,293.8450942210713,O_left
40,1,669.3036391659825,360.0308124741773,O_top
40,2,554.6494646909925,456.98124000740535,D_top
40,3,650.3389195311523,421.9985314377192,D_left
40,4,500.22798998386577,983.7159321471764,D_right
40,5,554.519796899436,1400.001207898457,O_right
40,7,777.0936027544822,294.06141741389973,O_left
41,1,668.2253262301184,362.2731717000818,O_top
41,2,553.0147882224215,457.8998816995039,D_top
41,3,649.2992723313299,426.433510588704,D_left
41,4,496.0829636532083,981.5684117822592,D_right
41,5,547.8717970881735,1397.681110110616,O_right
41,7,777.1398962751641,301.1333359703176,O_left
42,1,664.5255249890711,369.6512094015271,O_top
42,2,552.6640637476168,465.2871881499896,D_top
42,3,652.3987543700838,435.8055846386103,D_left
42,4,479.5473751699765,971.5863964892696,D_right
42,5,544.0701994941156,1397.153653792264,O_right
42,7,781.0943238308032,315.9761899435403,O_left
43,1,664.2728880796705,374.8622400261972,O_top
43,2,555.8977399498858,473.0929505176055,D_top
43,3,653.5324651945721,444.557746461596,D_left
43,4,471.435021916975,967.752241824827,D_right
43,5,542.9333897286502,1397.0287673593537,O_right
43,7,783.0037780918136,323.7668738742237,O_left
44,1,662.8848503739366,379.3983339305508,O_top
44,2,559.3484073684266,481.1238290161875,D_top
44,3,650.8223320824637,450.579668022457,D_left
44,4,468.7200941699114,969.3359652190962,D_right
44,5,543.0089634753508,1396.4456184730163,O_right
44,7,780.6202147934084,327.6376961937571,O_left
45,1,660.8672548003594,381.05144452483086,O_top
45,2,563.552925095469,487.0458226960664,D_top
45,3,651.0520386353157,453.4633720640736,D_left
45,4,467.7942444514463,970.0057565224524,D_right
45,5,543.1989080518239,1396.2782947898263,O_right
45,7,777.7243933303404,329.37935820666985,O_left
46,1,645.3291286106786,371.8908539808908,O_top
46,2,565.5430188596273,490.3680191946042,D_top
46,3,653.2758029514624,453.8848056527468,D_left
46,4,465.80270033346994,971.4678234080928,D_right
46,5,545.7836358001646,1396.2993580659795,O_right
46,7,767.5310748502891,329.4366206665686,O_left
47,1,638.5520799273354,374.34110470308576,O_top
47,2,560.2960495301243,485.5757131437082,D_top
47,3,654.6531805159991,450.7763771568765,D_left
47,4,464.4988669694391,971.67847899424,D_right
47,5,549.0148685462201,1394.9573423692384,O_right
47,7,764.9962934496383,334.4482513568508,O_left
48,1,628.540886538409,373.356892282798,O_top
48,2,557.1929994261745,481.4067353861448,D_top
48,3,647.0929057378676,438.5565540134161,D_left
48,4,459.1468943845479,968.7880515551202,D_right
48,5,553.1752445891104,1391.9421949205782,O_right
48,7,763.7254269055144,342.1100498475737,O_left
49,2,555.4818575932567,479.0765931690359,D_top
49,3,643.8349123541685,431.6778718990504,D_left
49,4,456.3683853963272,967.8077562589582,D_right
49,5,558.3561540838532,1389.2692103346933,O_right
49,7,766.9961923931392,351.8388965692941,O_left
49,1,129.2699785525894,792.9743023999735,O_top
50,2,561.1560554669686,472.0819521042936,D_top
50,3,646.4175322279971,408.7003688818304,D_left
50,4,451.9328370520118,971.7678780330742,D_right
50,5,562.1042768396859,1389.3497696591887,O_right
50,7,776.7364098404562,368.5149444487534,O_left
50,1,169.74774935894328,818.3478182067869,O_top
51,2,565.2267378524535,470.3775048574728,D_top
51,3,649.8447811813882,401.5267633304731,D_left
51,4,451.5076248217589,974.7866834972236,D_right
51,5,563.5015988660003,1389.4173687015184,O_right
51,7,781.8014140508137,377.39706851305993,O_left
51,1,181.19814226919812,824.9548271681696,O_top
52,2,568.4867441417523,469.0550239280438,D_top
52,3,664.9522526667753,412.8491831194519,D_left
52,4,450.7748082365739,973.803217988725,D_right
52,5,564.4485220104774,1388.896782707764,O_right
52,7,783.3249879527056,380.8262546114992,O_left
52,1,639.8661865414895,421.9840023230831,O_top
53,2,570.5933820510689,468.8464373408172,D_top
53,3,677.3853124998018,422.4286838970751,D_left
53,4,452.4363670583306,973.5729797055996,D_right
53,5,565.1100966536907,1388.1782832401195,O_right
53,7,783.7545617782413,381.7770914049773,O_left
53,1,648.4694292875752,434.36739544864986,O_top
54,2,570.3334871706496,476.8826436827043,D_top
54,3,678.682862000125,433.5590694107034,D_left
54,4,452.8713061296159,972.3000580915984,D_right
54,5,565.6511915066174,1387.326112590384,O_right
54,7,783.0670157842018,381.2565691679208,O_left
54,1,636.3958085725209,424.8915489016596,O_top
55,2,569.5951305864108,481.2232496528901,D_top
55,3,680.1292013314113,436.00374430664345,D_left
55,4,453.4012272242016,971.5292885877008,D_right
55,5,566.5924863283155,1385.908356670592,O_right
55,7,781.9424959239462,380.5085511137204,O_left
55,1,629.6476135387252,420.4028980265976,O_top
56,2,575.8327027474902,490.6085241551343,D_top
56,3,664.9157365738309,422.8216426443896,D_left
56,4,449.6275664607346,969.858479658783,D_right
56,5,568.0413819635229,1383.626503525142,O_right
56,7,785.9569361504492,387.003331023033,O_left
56,1,627.6735053522056,426.22065538777343,O_top
57,2,579.4650131109013,491.72671618592256,D_top
57,3,669.951200516566,430.5523987762741,D_left
57,4,441.7343594454204,966.8535693100828,D_right
57,5,569.3370106914556,1381.650740358916,O_right
57,7,789.0350047199739,389.893966916633,O_left
57,1,624.3450993406937,428.5910339431937,O_top
58,2,582.0271478241034,500.0926910382517,D_top
58,3,701.5339501818969,463.63955893525406,D_left
58,4,435.40065098469057,966.3901200015396,D_right
58,5,570.952532649618,1379.1712060056466,O_right
58,7,789.7061109990325,391.478267232478,O_left
58,1,631.2679186936867,437.7868161955704,O_top
59,2,584.3671501431025,498.5664959397808,D_top
59,3,709.9578240483315,469.8818583629286,D_left
59,4,432.6197802624694,967.0713165600094,D_right
59,5,570.5123591804189,1377.9858254368487,O_right
59,7,789.6427182192444,391.93584204061614,O_left
59,1,631.136626956719,439.62952877523367,O_top
60,2,583.0945527964244,507.5110718417246,D_top
60,3,717.1676206875193,470.5955608871988,D_left
60,4,431.4376998423744,971.0782694344114,D_right
60,5,570.6404828355404,1377.0055676428367,O_right
60,7,782.7788140306517,389.2229860580691,O_left
60,1,626.3462639062894,444.3793725003461,O_top
61,2,585.2338148494616,514.2621950497471,D_top
61,3,720.4071576990481,469.255511302551,D_left
61,4,431.6064367920412,973.5056577862172,D_right
61,5,570.2508138548188,1377.2948760959653,O_right
61,7,772.8653488664501,380.5440832192247,O_left
61,1,627.9876581400512,452.2337323168962,O_top
62,2,591.2757168775444,519.7881740023269,D_top
62,3,730.399894401753,466.26693307752,D_left
62,4,430.80637307727807,974.3885077700028,D_right
62,5,570.4865563590348,1376.8585905083394,O_right
62,7,739.0813667946031,349.1732886246565,O_left
62,1,632.3725481092735,464.9242085573632,O_top
63,2,591.80565086493,524.5950034665339,D_top
63,3,733.4904254761686,456.5962509657485,D_left
63,4,430.8048274611805,974.2783089662026,D_right
63,5,570.1513837843308,1377.3216716313243,O_right
63,7,725.2235298364277,345.3682705701995,O_left
63,1,630.8100072681623,476.5329368304352,O_top
64,2,589.6826674771797,525.9382795473346,D_top
64,3,733.1890735025534,456.6231726271523,D_left
64,4,429.9224727890074,972.5879838616992,D_right
64,5,570.0227768442842,1377.5242690755783,O_right
64,7,724.7573401042574,350.71305404598536,O_left
64,1,632.492971526576,478.8037520841951,O_top
65,2,592.4231289733567,533.9694265703607,D_top
65,3,733.5826699085636,451.6735705277639,D_left
65,4,431.300415229019,972.4365191755188,D_right
65,5,570.9771696676232,1377.96673531827,O_right
65,7,723.2754896688165,354.90060489429084,O_left
65,1,633.2302671088759,479.2590607321637,O_top
66,2,592.1392401524812,543.3553200330063,D_top
66,3,727.138861909912,452.0108079410472,D_left
66,4,434.2354613937394,972.164145143492,D_right
66,5,571.3811333272182,1378.1725406433134,O_right
66,7,728.6411111864572,372.4900415782457,O_left
66,1,634.4708552615083,481.8640506327446,O_top
67,2,590.18598280535,551.3474659727669,D_top
67,3,728.4158198553248,455.9975398196474,D_left
67,4,436.257812214689,972.0530197309488,D_right
67,5,571.4887386212945,1378.2620228913836,O_right
67,7,699.5168065318725,347.2954246710676,O_left
67,1,632.8730767776394,481.9536909891533,O_top
68,2,581.1349766834953,556.2127330249884,D_top
68,3,701.4537824183884,428.21390404801264,D_left
68,4,437.1957463503852,971.6123674925918,D_right
68,5,572.4197126628692,1378.6067961191056,O_right
68,7,609.9923614457426,271.2499523285717,O_left
68,1,627.84644286821,479.44063582534,O_top
69,2,574.7039642052684,557.1162824475949,D_top
69,3,685.3650343781899,416.8759892778021,D_left
69,4,437.8438503931756,972.6621420978112,D_right
69,5,571.4209415235374,1379.0158623426305,O_right
69,7,572.268888816262,249.9671237446888,O_left
69,1,627.2735941985172,480.0147239588511,O_top
70,2,567.6560798113775,563.1133476425775,D_top
70,3,672.1420713785466,424.8991554078089,D_left
70,4,438.7355325963794,971.8486328159894,D_right
70,5,571.2317778497853,1380.6711355726063,O_right
70,7,609.1210792359609,318.71179091759205,O_left
70,1,624.4420291835359,482.5657049706665,O_top
71,2,563.2330436605569,564.38323242657,D_top
71,3,664.0240040253382,427.4848999266272,D_left
71,4,436.06475619673546,970.2401269003652,D_right
71,5,570.8299131169332,1381.8850198241742,O_right
71,7,606.2217516896783,331.9362701862931,O_left
71,1,621.5992521705875,482.4932664984899,O_top
72,2,508.9706771685613,521.4878325283229,D_top
72,4,409.1952668423122,946.3116473114736,D_right
72,5,565.2069597711189,1383.3574672126497,O_right
72,7,635.4711648588037,405.5622917281452,O_left
72,1,622.4648557865045,485.2514490147002,O_top
73,2,482.7387461325725,500.3784356321815,D_top
73,4,403.84598711590354,924.4238628431953,D_right
73,5,562.0936940837702,1383.5736574306898,O_right
73,7,644.0595276969689,433.7046271610597,O_left
73,1,624.5093553406506,487.317550653021,O_top
74,2,472.8465014859881,491.9866347208432,D_top
74,4,403.50516043178334,912.1026687002708,D_right
74,5,560.327630252985,1382.7609829256678,O_right
74,1,623.5339014956014,486.9966263556258,O_top
74,3,622.7686962260384,420.683801730245,D_left
75,2,469.9270565015182,488.55591386868593,D_top
75,4,403.190958629204,904.4152451070058,D_right
75,5,559.6572417475691,1382.4414263788346,O_right
75,1,592.1145982186263,451.08169022412056,O_top
75,3,611.6552943326126,432.9563784519036,D_left
76,2,469.7696549285064,486.5082742600014,D_top
76,4,395.9892262365007,891.8596665373092,D_right
76,5,564.4315881024812,1380.410847608395,O_right
76,1,611.440516270502,477.73593276327614,O_top
77,2,434.68542052950886,447.5038661715562,D_top
77,4,391.0771498964241,883.6557782017634,D_right
77,5,568.291456179279,1378.3025137354427,O_right
77,1,608.9621980198559,471.03782883788574,O_top
77,3,580.5992972360431,443.5566154948314,D_left
78,2,418.0759073475774,427.3945620100936,D_top
78,4,392.4760276304133,875.7024750095644,D_right
78,5,574.019330804005,1372.7861624374866,O_right
78,1,601.4439035752164,469.4169366801964,O_top
78,3,500.56167593730447,381.6876838025549,D_left
79,2,415.59276071756017,422.728914128885,D_top
79,4,397.4875291251551,871.1687120349357,D_right
79,5,578.4667933188425,1368.8909063598794,O_right
79,1,599.4156965290865,477.6257388428541,O_top
79,3,469.1223535299376,370.4687857284603,D_left
80,2,403.3162440339448,411.0264566037246,D_top
80,4,395.9525099863234,860.7500255446624,D_right
80,5,588.5301971629589,1362.006804894559,O_right
80,1,601.1877359289675,486.9268734521267,O_top
80,3,436.0553050600431,352.2605663875261,D_left
80,7,561.8855117165994,485.9591262406249,O_left
81,2,395.5506124239256,415.43719329067767,D_top
81,4,378.5001915369324,843.9703094181641,D_right
81,5,595.5545562544692,1356.0804082083805,O_right
81,1,600.4163560263403,490.38855834327467,O_top
81,3,510.2470858680141,445.18686290076727,D_left
82,2,388.5481163049165,409.83806360192057,D_top
82,4,386.3116995899396,840.3347840074218,D_right
82,5,601.1082793454972,1345.2980376697326,O_right
82,1,607.8062314461062,500.81286035613294,O_top
82,3,510.6876202673225,457.8028245654634,D_left
83,2,384.8528269546047,402.5144596043723,D_top
83,4,389.81966492587054,838.3218186570206,D_right
83,5,607.5556565152398,1336.3107817066402,O_right
83,1,609.4504183941792,519.8344997023352,O_top
83,3,450.615585100604,413.93301800816863,D_left
84,2,405.9028807358462,413.59991254297137,D_top
84,4,391.75345709453,832.8046641525558,D_right
84,5,615.4198620893011,1330.0162304493217,O_right
84,1,609.0504077710436,532.4459759200096,O_top
84,3,420.26117647223305,401.3462685017854,D_left
85,4,392.94018404192576,830.5265098680363,D_right
85,5,617.7725085707401,1326.5731524587047,O_right
85,1,606.5616241030007,542.8308200521834,O_top
85,3,444.86491399825866,442.72202000486885,D_left
86,4,393.539001289443,825.8198790709773,D_right
86,5,623.840836701941,1319.073905131606,O_right
86,1,51.26456391824266,746.4653640945916,O_top
86,1,601.1513480125676,546.9408836720756,O_top
86,3,446.7270862292455,472.635071561105,D_left
86,2,399.6710106538351,400.6493999439738,D_top
87,4,392.6465525289789,820.4571908724376,D_right
87,5,628.6959182995831,1310.2966494233397,O_right
87,1,36.02319612281947,737.3248216436127,O_top
87,1,600.7124799138703,552.9562521196071,O_top
87,3,450.3010676954516,491.50113085416433,D_left
87,2,407.0275179889043,400.32004137446046,D_top
88,4,399.9630811890733,815.4365816279496,D_right
88,5,632.4016913755869,1300.0591456443783,O_right
88,1,48.84118908232443,745.074943563168,O_top
88,1,603.3029204331104,575.1669279915053,O_top
88,3,444.38083599383,500.03371761715937,D_left
88,2,409.3764699165236,401.24556403839534,D_top
89,4,408.1021175219963,816.4686129252302,D_right
89,5,635.9772872981581,1292.768027992723,O_right
89,1,17.37258085078254,726.0464211810018,O_top
89,1,608.8392964004612,592.0550927959242,O_top
89,3,433.063905658786,511.9346761605351,D_left
89,2,413.8821012470663,410.8180043402761,D_top
90,4,419.01332361186735,811.2520066625838,D_right
90,5,649.8421600744476,1291.22076504784,O_right
90,1,617.8591343173846,606.2743228806961,O_top
90,3,439.86266802673737,545.9123961566813,D_left
90,2,396.1956771375807,397.6035517693088,D_top
90,7,396.16184069976623,340.98473200797605,O_left
91,4,429.4985707226434,811.9303650465616,D_right
91,5,649.6407181993933,1287.747909506621,O_right
91,1,621.3342441123701,612.7443037007434,O_top
91,3,444.7716782440776,560.8621408954975,D_left
91,2,387.5232131697143,390.4811891762256,D_top
92,4,439.0384871421524,814.010181774432,D_right
92,5,664.1665160742616,1280.1615110884118,O_right
92,1,621.9946627886245,614.1557170927643,O_top
92,3,440.2060327747741,570.9976692615105,D_left
92,2,376.97948879446966,382.0429499371115,D_top
93,4,445.6620838272564,817.3086073743857,D_right
93,5,673.4048490494008,1274.9396956482187,O_right
93,1,623.4021939972304,617.6552417523893,O_top
93,3,439.1096141096708,575.8968919976853,D_left
93,2,376.3706263983185,381.4824788824724,D_top
93,7,404.0554149236061,355.7320106725303,O_left
94,4,454.5742634263338,822.3174176892287,D_right
94,5,683.9098232940098,1274.5777646050865,O_right
94,1,631.2623863976023,622.0550206156187,O_top
94,3,436.2025187690862,584.0595501559811,D_left
94,2,383.1328317004357,390.8760728711725,D_top
94,7,356.2860553410704,280.89414342509104,O_left
95,4,458.9867752977713,825.8435709586964,D_right
95,5,689.3821544637377,1275.4784775698895,O_right
95,1,639.4317517602759,626.9069619711622,O_top
95,3,461.12104547360815,612.562347200903,D_left
95,2,390.3441613080928,397.4580274222239,D_top
95,7,389.06340332479294,317.26912696981543,O_left
96,4,460.328420245317,827.7487877437943,D_right
96,5,691.656305402341,1273.612486534986,O_right
96,1,652.1990982968673,634.5172106574064,O_top
96,3,474.1474174994989,624.2426344384281,D_left
96,2,389.8221977675521,393.2152149629461,D_top
96,7,362.6996825011369,293.7484655037141,O_left
97,4,457.87378703233975,831.2654091520602,D_right
97,5,692.4297207340866,1271.0166666515515,O_right
97,1,662.0588767384521,640.0451833967675,O_top
97,3,478.7421085280778,624.6325813660385,D_left
97,2,393.4536737968507,395.7061514762576,D_top
97,7,369.2703971765654,302.1655404894765,O_left
98,4,454.1732177420288,838.831658935287,D_right
98,5,692.3327285182879,1268.6300268964558,O_right
98,1,669.8882054438972,646.1972914135197,O_top
98,3,481.6970739680117,618.0561513941228,D_left
98,2,392.50060521008993,392.5890057459475,D_top
98,7,362.67803114654015,298.4548034167375,O_left
99,4,451.81363983359086,841.212260580281,D_right
99,5,692.5986981237822,1267.063638971997,O_right
99,1,674.7306918949882,649.7282335477588,O_top
99,3,487.54280754099295,615.1759567544252,D_left
99,2,394.7225543227973,394.8887764422456,D_top
99,7,341.71663043378754,270.30092502078253,O_left
100,4,450.95422183586464,845.7072612074531,D_right
100,5,699.0533159698441,1265.423870317137,O_right
100,1,677.7700773868376,650.2734997881753,O_top
100,3,498.5971316269124,615.1023174152334,D_left
100,2,396.0313033085205,397.8930852688826,D_top
100,7,340.358692660588,271.5291319968148,O_left
101,4,451.0255237051432,850.209359544625,D_right
101,5,703.779815795614,1266.4809596307657,O_right
101,1,679.1786766668067,648.1608544569355,O_top
101,3,497.3577538997572,611.8532855856798,D_left
101,2,395.64995765383605,398.2113403557983,D_top
101,7,360.5074891528357,293.95960900915213,O_left
102,4,456.59424233274666,858.8312169563611,D_right
102,5,707.3555008587431,1267.5531491889558,O_right
102,1,682.6380591830764,640.6885830387478,O_top
102,3,518.8516681796353,635.6339253420955,D_left
102,2,394.4139092466472,400.56532921875714,D_top
102,7,330.1960030404328,267.6857379073711,O_left
103,4,457.88849473029927,870.1334004317927,D_right
103,5,709.3022996703365,1268.4158387113475,O_right
103,1,686.4735584318536,634.5596561670201,O_top
103,3,525.4153774140069,643.8223392637897,D_left
103,2,391.4474012394388,400.6603213491294,D_top
103,7,375.0516664991123,319.9457887744288,O_left
104,4,460.5891143774559,882.6990022050094,D_right
104,5,708.4581520302809,1269.260624491371,O_right
104,1,691.7697434666051,635.4976763994179,O_top
104,3,528.6937093174445,646.9913494132027,D_left
104,2,387.0167532990849,406.69625640602186,D_top
104,7,381.8261566226426,331.425488549663,O_left
105,4,462.0264786633416,891.3713133483969,D_right
105,5,707.4043169858311,1270.43235450315,O_right
105,1,693.5626497012647,633.6187922090851,O_top
105,3,529.5051353486875,647.692808882013,D_left
105,2,400.7271356061103,427.7035665949495,D_top
105,7,379.0618467407845,327.3416902605688,O_left
106,4,471.2515347404764,903.889665699625,D_right
106,5,704.1732192822514,1273.3463171334326,O_right
106,1,692.4401232875597,632.2150564393093,O_top
106,3,533.4097422158223,649.2296798375846,D_left
106,2,398.1401257246957,431.7282341346626,D_top
106,7,393.9237807650831,341.6458645009428,O_left
107,4,484.2855714865488,917.2078148717454,D_right
107,5,701.9672288076342,1275.841771374615,O_right
107,1,690.5937502210909,632.2194313173388,O_top
107,3,542.5924236091113,655.4625207451098,D_left
107,2,402.7715177231668,440.9377214116159,D_top
107,7,398.9837731232812,347.3129168554874,O_left
108,4,489.23057041851945,928.13038879392,D_right
108,5,700.3477944135666,1278.0135179901197,O_right
108,1,693.0301195854848,641.8572965743592,O_top
108,3,554.3566097780463,666.1595170774381,D_left
108,2,404.1092726179704,447.9558634605302,D_top
108,7,383.63051855177537,332.1429112138309,O_left
109,4,487.81801241089227,935.485801262568,D_right
109,5,698.3984020757872,1278.982339605925,O_right
109,1,695.2188812215809,647.4874574356832,O_top
109,3,559.4722620631622,671.4065312035573,D_left
109,2,404.8740933907257,452.20741621470296,D_top
109,7,374.7456846878924,323.8957476329269,O_left
110,4,485.02462207620187,950.9391303931726,D_right
110,5,696.8201208779467,1278.714652349731,O_right
110,1,695.5478073725528,654.8465783936525,O_top
110,3,561.7905953824563,673.7733858584376,D_left
110,2,397.0331339990227,460.0134172739853,D_top
110,7,355.20508073720123,300.3084061793765,O_left
111,4,486.097478756409,960.527651943306,D_right
111,5,695.1837703871831,1278.471161844377,O_right
111,1,696.033784629009,659.5680173187377,O_top
111,3,560.5082543623831,673.8430660620122,D_left
111,2,389.2166707442453,452.9010119778832,D_top
111,7,336.09904367206315,277.76450492563,O_left
112,4,494.2329251487448,974.111627718786,D_right
112,5,690.391949240478,1281.1745391433408,O_right
112,1,694.5787631823245,658.6784916857814,O_top
112,3,558.2601388918098,681.4144481817762,D_left
112,2,368.0784356925328,439.1905713324037,D_top
112,7,355.68233786120726,300.2369818739254,O_left
113,4,505.1950847984514,987.1081962567084,D_right
113,5,687.7483786052248,1285.3638071729115,O_right
113,1,689.4367153890227,654.998804796686,O_top
113,3,553.5039161739569,687.3209834110363,D_left
113,2,347.474642231952,426.60788854533314,D_top
113,7,365.0408072136902,309.8981678807384,O_left
114,4,508.4863394994665,1003.1289325555194,D_right
114,5,679.7051024882478,1292.531025743376,O_right
114,1,686.0645421448381,645.79941091867,O_top
114,3,554.5828059006374,694.7785472700986,D_left
114,2,330.2518691533078,419.2592798694755,D_top
114,7,354.2267519111421,293.24278955801435,O_left
115,4,510.38694794900425,1012.372001377357,D_right
115,5,674.5155547160891,1296.968346923864,O_right
115,1,679.2032908540998,630.7603029287704,O_top
115,3,556.3409079329524,702.6034493096078,D_left
115,2,324.51570857235845,422.7452807295561,D_top
115,7,345.0222765788796,281.41423716036456,O_left
116,4,512.3092312721404,1023.4208023738208,D_right
116,5,670.5047205466285,1300.0978818012932,O_right
116,1,676.2130709350113,620.361765412293,O_top
116,3,553.2945877359841,718.5113365211556,D_left
116,2,319.1814761176639,427.37017171282525,D_top
116,7,332.62281172091093,265.7682621607811,O_left
117,4,510.0678825285465,1027.6852114749845,D_right
117,5,671.8309897155558,1304.1156894015107,O_right
117,1,675.477262718961,612.7096298741294,O_top
117,3,553.8909444901808,725.0210852367634,D_left
117,2,315.4154243921756,430.51071732550486,D_top
117,7,312.89512116269384,237.4704838428809,O_left
118,4,507.89645188181527,1030.8548958928804,D_right
118,5,672.4421940653622,1308.9143685669026,O_right
118,1,673.5171154494827,609.0726797743981,O_top
118,3,553.5481756710844,729.3918100875609,D_left
118,2,311.08301232060154,436.71578382113415,D_top
118,7,303.2001615463408,220.51380378293777,O_left
119,4,506.123493494534,1031.7041461575172,D_right
119,5,671.7882859919515,1312.1437942547257,O_right
119,1,675.0028974455507,605.9237754928214,O_top
119,3,553.3006963434468,731.2268417145141,D_left
119,2,304.62698565264844,439.9424117083676,D_top
119,7,284.8330115360065,192.47368370165404,O_left
120,4,499.15242928279184,1036.0612877063645,D_right
120,5,667.1441785777859,1318.324117492577,O_right
120,1,656.2294308733717,585.9060849793784,O_top
120,3,553.0136194537378,731.5887414890765,D_left
120,2,296.5742135679924,450.886632764768,D_top
120,7,267.83600433691106,162.55001263651863,O_left
121,4,495.43804770507256,1039.2968433744982,D_right
121,5,663.5817910288084,1321.85962876124,O_right
121,1,642.3009100401949,569.6908476519869,O_top
121,3,554.1010478263386,728.1112699162944,D_left
121,2,295.9311519555304,460.2906136298709,D_top
121,7,259.6421339107565,149.60030878338804,O_left
122,4,493.40803552353833,1044.0121504970468,D_right
122,5,659.7170906996506,1327.06098244632,O_right
122,1,627.1794734891207,556.2864143526156,O_top
122,3,550.6579879181078,718.9783921042434,D_left
122,2,290.928005942338,464.12980170837903,D_top
122,7,272.4529603330282,159.14049976409925,O_left
123,4,492.7802557944137,1047.0141893505224,D_right
123,5,656.1699574264754,1328.8325318547995,O_right
123,1,620.103512328546,554.062301751579,O_top
123,3,549.3412035907049,719.0260020429167,D_left
123,2,301.79440677203115,477.9102589951993,D_top
123,7,276.29483361477,158.05543232087942,O_left
124,4,489.7922497888397,1049.3567059442523,D_right
124,5,653.3334482373363,1330.02304356127,O_right
124,1,608.6058397053221,547.7130507856635,O_top
124,3,525.2507514342086,690.6453980838577,D_left
124,2,341.3354483822977,527.1859644193811,D_top
124,7,263.8494785884733,135.34157592302208,O_left
125,4,488.6278232522105,1048.799943983223,D_right
125,5,651.2429995422467,1330.3398047475582,O_right
125,1,596.2230952162828,538.8000880051718,O_top
125,3,515.3702748966169,678.6822479102582,D_left
125,2,330.28900345326895,524.5055086364538,D_top
125,7,257.99421747348833,122.81012761441264,O_left
126,4,488.6128974518027,1050.7010628748533,D_right
126,5,646.014676105207,1330.2809823140724,O_right
126,1,125.9889034068135,792.5417655152817,O_top
126,1,593.0937458723045,539.2587972711239,O_top
126,3,510.3991389044221,678.4475171302847,D_left
126,7,275.9644255946726,135.4448613190231,O_left
127,4,489.72212184762,1049.2745180876889,D_right
127,5,638.3583318215581,1331.8160579434202,O_right
127,1,134.47244571881674,797.6058830664389,O_top
127,1,579.3536302582568,529.5968558879466,O_top
127,3,508.91315330514266,675.9095372484279,D_left
127,7,279.6568513396916,138.37272951092328,O_left
128,4,489.9713798682463,1051.5265060204456,D_right
128,5,626.1417567738333,1335.8682193140896,O_right
128,1,560.6344628041579,516.2039975029958,O_top
128,3,508.34777755225787,672.838028447546,D_left
128,7,281.94452727364745,133.95229646379326,O_left
128,2,306.67155418998334,437.2446961795336,D_top
129,4,490.3442077943796,1051.8986748086209,D_right
129,5,621.6787914930399,1341.0610221993952,O_right
129,1,550.1595274266942,509.752042763408,O_top
129,3,510.1469739731491,670.7039091544962,D_left
129,7,284.2194031215884,130.70700232415376,O_left
129,2,308.860264435762,436.3566544338125,D_top
130,4,484.50474661318754,1050.02580727275,D_right
130,5,616.5586023728245,1346.658999448142,O_right
130,1,531.6580520782877,498.7981697519097,O_top
130,3,476.6270410792522,642.3659419454567,D_left
130,7,285.3359913880471,121.9694621469866,O_left
130,2,320.9182329905566,437.8723238916999,D_top
131,4,480.2898053016663,1043.7843274063894,D_right
131,5,613.2368709966483,1349.3061526268082,O_right
131,1,523.2945987278414,496.05946390812295,O_top
131,3,463.58649984611225,631.3396645514491,D_left
131,7,288.6137279191579,121.96732066730644,O_left
131,2,319.8200588164993,429.036458263219,D_top
132,4,467.8603791412513,1036.2691919834133,D_right
132,5,610.4476690503813,1352.618743841816,O_right
132,1,512.5554522413922,499.58485771057457,O_top
132,3,446.8638594958456,615.2569747771032,D_left
132,7,285.07580683138264,115.49651487222135,O_left
132,2,323.6406144959672,420.379632971769,D_top
133,4,451.787656202909,1026.225159126073,D_right
133,5,607.1183094906828,1354.0772292332026,O_right
133,1,508.01262647135786,503.4193101207933,O_top
133,3,435.9642667454981,605.1530318718343,D_left
133,7,279.8179285126938,107.89094596505404,O_left
133,2,323.9065063642353,408.08755278251147,D_top
134,4,437.9747433514463,1017.4213583849578,D_right
134,5,601.9676446517423,1355.2236456162386,O_right
134,1,494.55420113194106,501.8156056357937,O_top
134,3,436.6509662417433,602.7891379393852,D_left
134,7,263.3178526239361,86.52120399041317,O_left
134,2,318.37575496584805,386.76984001216186,D_top
135,4,435.3752180384614,1015.0234756267878,D_right
135,5,599.8855296875142,1356.1495740303071,O_right
135,1,482.2484629761509,501.5261814779871,O_top
135,3,431.7173868511765,598.6631414860666,D_left
135,7,251.4574403998785,71.29063627305327,O_left
135,2,275.884237162887,331.8418758412792,D_top
136,4,433.04340423008045,1013.3486235586632,D_right
136,5,593.9639288789442,1355.1901276744245,O_right
136,1,474.6726771813268,511.5624104355345,O_top
136,3,411.7418283244097,579.6282908615516,D_left
136,7,200.8983865357987,14.11372800146724,O_left
136,2,312.804292378925,327.2017283640032,D_top
137,4,430.67625704143376,1012.3676836277756,D_right
137,5,587.5030568196084,1353.8844211540118,O_right
137,1,466.8366914437492,511.40301557185313,O_top
137,3,398.4877483364446,570.8225472994059,D_left
137,7,229.6375503562122,54.09999093382043,O_left
137,2,320.9103791033108,320.64911986893753,D_top
138,4,429.63395043928256,1012.4579923575257,D_right
138,5,557.9959158404724,1346.596875265205,O_right
138,1,467.71718424697366,514.1507405535485,O_top
138,3,387.4081136327646,562.3079775590219,D_left
138,7,239.40214068784883,70.45484526017653,O_left
138,2,332.01537160847323,324.9132973146891,D_top
139,4,429.6821614740618,1012.158814563454,D_right
139,5,531.91983368542,1339.1670221385325,O_right
139,1,466.34535732685913,518.4951096690281,O_top
139,3,387.5683590095165,562.18927008447,D_left
139,7,243.2016639433695,77.2388033381481,O_left
139,2,331.0568440457502,317.95194329555545,D_top
140,4,428.6224242593766,1008.7618137995546,D_right
140,5,541.4150995822706,1345.3660060519528,O_right
140,1,463.9908272641741,532.7003899775331,O_top
140,3,396.8990871108343,565.3793121830219,D_left
140,7,244.38177613236627,79.96743665705007,O_left
140,2,309.4264493085147,293.4057535333317,D_top
141,4,429.4251896276405,1007.6470145666248,D_right
141,5,544.1692326305023,1348.7382196306037,O_right
141,1,462.2675215590269,540.3391394644153,O_top
141,3,388.9897731573511,559.2369530913046,D_left
141,7,242.11750544347885,79.24561006987597,O_left
141,2,297.4315977056569,281.1369802682609,D_top
142,4,424.5685668310834,1002.68601296213,D_right
142,5,541.7467379212317,1351.6756359605586,O_right
142,1,463.1177378551896,547.4184549157743,O_top
142,3,385.24055601229645,558.5410260355692,D_left
142,7,238.12567859163872,77.51902861597343,O_left
142,2,288.2872889438257,269.2896568708353,D_top
143,4,415.8000601909156,997.831466372356,D_right
143,5,540.0391879906466,1354.591508388414,O_right
143,1,460.2635046470778,551.8854265807611,O_top
143,3,383.91815089493934,559.0733702672109,D_left
143,7,228.49734814109004,70.27428917455757,O_left
143,2,284.2797812052994,257.1683953510804,D_top
144,4,404.8875672518796,990.0007165013144,D_right
144,5,533.6730784602033,1356.5998345060584,O_right
144,1,456.8182458650779,553.1807866587988,O_top
144,3,375.4720827005244,561.3474288022903,D_left
144,7,221.06382904455552,70.78798354068729,O_left
144,2,281.63023238226344,251.88175498893864,D_top
145,4,388.5917163614863,976.6068461848356,D_right
145,5,530.1343907812764,1357.5872093438295,O_right
145,1,455.4440606925176,554.649080548838,O_top
145,3,360.72639956927947,554.3436340055205,D_left
145,7,213.5281290395832,69.65266953091738,O_left
145,2,284.6545047335957,253.48898618486007,D_top
146,4,367.614293967872,956.610103226394,D_right
146,5,527.7202405817144,1359.731886792693,O_right
146,1,455.0140330823361,557.337441365042,O_top
146,3,346.7555677728738,548.9386293126134,D_left
146,7,209.27223748688596,71.73855757643278,O_left
146,2,284.62204021732106,253.3333335171318,D_top
147,4,356.0550778298095,946.5134710665496,D_right
147,5,514.2398238164782,1357.6829833103652,O_right
147,1,449.0533247290536,555.5903363940023,O_top
147,3,355.2422787001356,561.6125362412221,D_left
147,7,206.2853589570068,76.02870545597845,O_left
147,2,281.5722870700919,250.26370583220776,D_top
148,4,351.3253810720903,940.2348106573588,D_right
148,5,500.9360967733388,1357.087331882595,O_right
148,1,437.6686797942384,552.9185066124667,O_top
148,3,363.4011572600763,575.0829667274335,D_left
148,7,214.74340097537592,90.80783279714638,O_left
148,2,276.40559627651805,244.2794397103346,D_top
149,4,351.2888338266208,939.5345130720548,D_right
149,5,491.92518861605737,1356.9224036719584,O_right
149,1,434.73247716857634,554.3188873178972,O_top
149,3,367.9690647174672,582.6549019488972,D_left
149,7,217.9113153714005,92.6682554414932,O_left
149,2,275.27707486640344,243.93809885378727,D_top
150,4,345.5789605399003,934.2596268688948,D_right
150,5,487.9875642219664,1360.3830087908448,O_right
150,1,428.3742911864038,557.3259233321668,O_top
150,3,364.4846093704512,585.3392233910153,D_left
150,7,218.5489817369154,109.34526343692764,O_left
150,2,253.62928928486315,223.9301728261512,D_top
151,4,344.0913397788094,932.1511575846916,D_right
151,5,483.6262150889365,1362.1254860958263,O_right
151,1,424.7316853296279,558.3859894138786,O_top
151,3,362.0820779235469,585.9727535157248,D_left
151,7,222.8291853331428,123.021737505357,O_left
151,2,246.76463564782412,217.07684721234045,D_top
152,4,342.30852418388065,931.820858551484,D_right
152,5,480.2962430596618,1363.6259200659822,O_right
152,1,138.25615623320886,799.5509810380265,O_top
152,1,421.2484560165155,560.3953444821201,O_top
152,3,356.63006424031124,591.7531867436738,D_left
152,2,235.89946626634725,212.79161762783184,D_top
153,4,343.02052664296565,932.033075962826,D_right
153,5,480.06324318685256,1365.1230328015497,O_right
153,1,121.09474096433615,790.818597439194,O_top
153,1,417.1821684535225,559.0591015715703,O_top
153,3,355.8731149989336,599.0492769463008,D_left
153,2,238.1839692850748,207.9165854954166,D_top
154,4,341.4700213729304,927.6802297080216,D_right
154,5,477.40709727592855,1365.5395951006094,O_right
154,1,62.66676356579256,755.6314907514768,O_top
154,1,416.9842235220744,558.7797479483901,O_top
154,3,350.0437895566104,604.2020745258307,D_left
154,2,228.92709300507872,203.65698546190745,D_top
155,4,336.9825474701125,923.7138152034566,D_right
155,5,476.2848974194857,1366.280321793926,O_right
155,1,418.7182776717922,560.9027369381486,O_top
155,3,347.8898130557505,608.9248786814068,D_left
155,2,228.25249473898785,204.66334076428177,D_top
156,4,325.66254315695886,915.3922776349248,D_right
156,5,470.9047817400327,1365.6654985819496,O_right
156,1,407.0066428222336,552.572394852809,O_top
156,3,344.94777561665853,614.5356337507978,D_left
157,4,313.83248726224804,909.495209355394,D_right
157,5,465.5479600325768,1364.2559018552652,O_right
157,1,400.4159758902266,548.7939247741608,O_top
157,3,340.08328145062126,616.2253856937555,D_left
157,2,206.80990437355703,194.29317330664003,D_top
158,4,308.9016463266637,908.806071507726,D_right
158,5,454.903404454737,1361.7032048771057,O_right
158,1,399.2894344365905,550.751742604148,O_top
158,3,336.1134401254563,623.3086641503184,D_left
158,2,201.87192765077864,201.49313279551296,D_top
159,4,307.34045361873007,908.7436690962234,D_right
159,5,450.70205187330674,1361.3351844103145,O_right
159,1,401.7220957723322,556.0551513263703,O_top
159,3,333.7814938446099,627.3743624123305,D_left
159,2,202.0919852354076,214.838026466044,D_top
160,4,306.3981201495056,905.7030429329668,D_right
160,5,436.609867746121,1360.3056648404506,O_right
160,1,407.8292395339464,563.4078451950801,O_top
160,3,328.64025014809926,624.6527728005547,D_left
160,2,193.649922590867,218.07783923856607,D_top
160,1,77.43860270472331,764.4470252071476,O_top
161,4,305.39784984700947,904.120719458322,D_right
161,5,429.8488723141196,1360.1762781838477,O_right
161,1,412.56620193031256,568.918103015382,O_top
161,3,320.3897808938128,619.7248290228129,D_left
161,2,186.99432140461755,222.26244675732755,D_top
161,1,81.21225456898401,766.6478783953364,O_top
162,4,301.0143634497877,902.3883040087997,D_right
162,5,428.9082205046303,1367.569705970566,O_right
162,1,416.2734308307562,569.779149102958,O_top
162,3,298.99787457589144,615.2991237408306,D_left
162,2,183.36188045594616,226.57976381086675,D_top
162,7,157.28985897949676,296.4083577509829,O_left
163,4,297.6116946950904,901.2876469744688,D_right
163,5,434.2521680194905,1373.4148312118214,O_right
163,1,414.7685525053511,563.7059841874644,O_top
163,3,284.85824377998495,606.3524302423476,D_left
163,2,188.64543378273288,237.4791508386174,D_top
163,7,159.00493198809022,314.2502969377087,O_left
164,4,294.9811715824577,899.5335043062285,D_right
164,5,432.0700349152683,1378.0314616570593,O_right
164,1,420.5501324844055,560.05606639627,O_top
164,3,260.9460729990534,607.1696768511258,D_left
164,2,189.52944798773257,261.6219671853095,D_top
164,7,132.78853308398942,322.2584978905889,O_left
165,4,294.1711485679987,898.9686391603674,D_right
165,5,429.7294549538765,1380.0511565933227,O_right
165,1,424.200886709328,558.5323287091237,O_top
165,3,251.07629986378336,609.9054644306116,D_left
165,2,184.6005985534645,277.4081724896559,D_top
165,7,86.62776497548684,299.28796458035123,O_left
166,4,296.43829140909463,899.127198176208,D_right
166,5,430.3776898479922,1383.4390040406422,O_right
166,1,430.3214314307287,561.329819050297,O_top
166,3,252.08179319438295,624.5829974939757,D_left
166,2,181.97135233166023,302.0287850353487,D_top
166,7,71.21794591902852,318.9976967318368,O_left
167,4,297.54099592835433,898.7693396497132,D_right
167,5,433.6105462217026,1386.973847849603,O_right
167,1,432.7330597018271,561.7515243219741,O_top
167,3,249.3996200644688,630.1977807522071,D_left
167,2,169.00790527285906,305.58954665518127,D_top
167,1,50.53697392945216,750.746968539805,O_top
168,4,298.77635176601666,899.7104363329462,D_right
168,5,434.26812045210215,1391.6981268255931,O_right
168,1,435.5712391542155,558.5280606413843,O_top
168,3,236.66854291222293,627.3717504368618,D_left
168,2,14.379827519409124,200.05086179593064,D_top
168,1,53.09091394076269,752.6647588289684,O_top
169,4,300.79876778353315,901.6514912246928,D_right
169,5,433.7196254155526,1394.679166789341,O_right
169,1,439.9851752966605,558.216462680701,O_top
169,3,221.1665002226408,618.6082917897661,D_left
169,1,66.42906038323548,760.1438147423627,O_top
170,4,299.66231578217145,901.7975381157114,D_right
170,5,458.31333631761566,1408.580659778826,O_right
170,1,446.9496687412207,553.3258747464704,O_top
170,3,175.06626074859054,591.4608808898507,D_left
170,1,73.49135939069721,764.8204494934726,O_top
170,7,46.1646558913979,369.4023719294368,O_left
171,4,299.5218349610175,901.48414896343,D_right
171,5,464.5109638568573,1415.5944784966186,O_right
171,1,453.76270582014286,555.4462055197292,O_top
171,3,161.95616460654549,588.0341445178665,D_left
171,1,83.21222520983734,770.8465544881025,O_top
172,4,302.37455374293774,902.5464563368894,D_right
172,5,464.8245243549953,1423.227576372515,O_right
172,1,457.559355842453,556.0941570484823,O_top
172,3,146.22347025716186,579.9788021372393,D_left
172,1,28.518327345044952,739.5358935111868,O_top
173,4,298.874853370427,898.4312734059345,D_right
173,5,462.45130925881045,1427.513965305405,O_right
173,1,459.7004128825788,557.1822071039105,O_top
173,3,146.83749019245766,590.6677092478972,D_left
173,2,77.45759292592824,369.10862710906974,D_top
173,7,68.19828930925036,435.0818956575624,O_left
174,4,303.1958955033627,889.6440608859227,D_right
174,5,452.2358660326887,1428.6649754203324,O_right
174,1,462.1524343778405,559.2070598094273,O_top
174,3,146.7922700049177,599.2917314621039,D_left
174,2,13.358849122208238,328.55184494807975,D_top
174,1,13.430508027437494,729.2582809800581,O_top
175,4,313.0897664285328,890.5605787045433,D_right
175,5,443.8949976905401,1429.3077220901705,O_right
175,1,460.3523769743657,557.5490607383631,O_top
175,3,149.09983784634267,604.2349306332183,D_left
175,1,15.60290608119986,730.5011765733099,O_top
176,4,285.4959334175822,868.067661513961,D_right
176,5,425.6550071631925,1431.1824456722368,O_right
176,1,462.6851151633898,558.2905301676698,O_top
176,3,145.51116268298685,606.1452760814976,D_left
176,1,7.155447428849176,726.0592024539138,O_top
177,4,319.10913828125774,877.6537583433304,D_right
177,5,415.8434055356017,1431.777142845716,O_right
177,1,462.57324962412287,557.7408032062621,O_top
177,3,126.76921659161694,598.5352379169731,D_left
177,2,0.3922349958168676,356.5581236645961,D_top
177,1,5.106124306647053,725.8027577502577,O_top
178,4,333.93490045819823,883.0547213639873,D_right
178,5,404.83560033282674,1429.8957528076116,O_right
178,1,461.9029948507867,556.2192738760731,O_top
178,3,124.31525161634995,603.9711160669585,D_left
178,2,106.03856658272794,461.9676094029815,D_top
179,4,338.97088382942087,886.4506550397152,D_right
179,5,392.09659001946,1429.2161903713393,O_right
179,1,462.7202165610249,556.0023286106923,O_top
179,3,122.94471608389765,607.6533793576073,D_left
179,2,143.14578866930532,503.5019260394929,D_top
180,4,335.52262344362697,885.0700323478991,D_right
180,5,364.2690979698373,1427.5978438553252,O_right
180,1,462.77908180278746,554.2650917974362,O_top
180,3,114.51156298162728,600.9654246106547,D_left
180,2,155.0489718007678,529.1597314170748,D_top
180,7,71.50238391930007,603.5916135956579,O_left
181,4,331.9203250631362,880.3970194484396,D_right
181,5,346.0980872458905,1426.516696755344,O_right
181,1,462.020050706312,552.8908103014884,O_top
181,3,105.21209846058588,594.9875569061579,D_left
181,2,167.7417839900242,544.2365703031667,D_top
181,7,83.55934973747783,624.0632048467448,O_left
182,4,336.57065662011905,880.7216867024828,D_right
182,5,327.9281219807016,1426.9859268679977,O_right
182,1,460.9713356109122,551.7122793765084,O_top
182,3,120.3690447097815,601.9855676541512,D_left
182,2,169.70461132908588,552.1176395301386,D_top
182,7,60.08887484401776,623.2877638676081,O_left
183,4,337.682469472034,879.36613196786,D_right
183,5,321.8012120790694,1426.5317921673357,O_right
183,1,460.6249619656825,550.6650054619978,O_top
183,3,124.30518736798987,604.5946971097102,D_left
183,2,183.9775086958154,565.7646795380248,D_top
183,7,73.56298681705213,638.447182167043,O_left
184,4,347.38695441637765,883.0764231294467,D_right
184,5,330.30676850237865,1430.3326079257863,O_right
184,1,459.8712181783464,548.970061658525,O_top
184,3,126.33437470445487,604.9668015372309,D_left
184,2,194.10455208128295,572.2507721324597,D_top
184,7,78.59207858846415,657.9295456031631,O_left
185,4,353.7132677902878,887.4174772597195,D_right
185,5,332.50513706808186,1433.6712515845788,O_right
185,1,460.5983522707992,548.6161112360292,O_top
185,3,125.94519829030044,604.2585460503847,D_left
185,2,207.7545876620873,583.512765459605,D_top
185,7,82.84055147421934,668.5139664164543,O_left
186,4,355.5533333275351,895.5783618388673,D_right
186,5,330.0849499381341,1437.8573033462735,O_right
186,1,462.5149431238593,550.0995138225187,O_top
186,3,119.68871826323836,600.3714903322065,D_left
186,2,221.5148617872397,598.560440760769,D_top
186,7,80.4515092535359,679.0687935289114,O_left
187,4,356.3957706173817,900.0176459440272,D_right
187,5,323.8483445815723,1438.048922365237,O_right
187,1,463.5383255899973,550.2770085553922,O_top
187,3,131.39556827997723,610.4853873135979,D_left
187,2,228.16454703625945,606.1885964867187,D_top
187,1,85.75612224049821,764.2109269749742,O_top
188,4,354.0020288531886,911.9922211896308,D_right
188,5,310.019996325,1441.4757172168918,O_right
188,1,461.185679050732,548.5026003345606,O_top
188,3,125.71810772844698,608.4918938802173,D_left
188,2,231.69858536764647,611.731106751815,D_top
188,1,128.2760721325705,791.7029446760946,O_top
189,4,343.6811231612431,934.00531050415,D_right
189,5,301.9845283461249,1445.0970007486912,O_right
189,1,459.8930868134008,548.1831479849077,O_top
189,3,122.6301260856062,609.2286275872981,D_left
189,2,231.14377341993327,613.4388305243551,D_top
189,1,114.35998022639032,786.6891768606617,O_top
190,4,339.3256058691024,946.6505778281064,D_right
190,5,310.5106516984882,1443.9319548917354,O_right
190,1,458.8022172387363,549.0130659537049,O_top
190,3,117.64059163280312,610.5561171443582,D_left
190,2,222.4487746490393,611.9538475567128,D_top
190,1,87.3851863981313,774.515476735848,O_top
191,4,336.6778828626113,952.92792491363,D_right
191,5,311.8619165129179,1444.1031290470503,O_right
191,1,458.4293079116005,549.3556097736973,O_top
191,3,107.81857191536434,607.5439262844069,D_left
191,2,223.81357142446467,615.3676014437689,D_top
191,1,82.76176930090583,773.9219783275439,O_top
192,4,333.1362334469049,957.5207123149988,D_right
192,5,312.24199061334446,1444.711595899187,O_right
192,1,453.6530694084124,539.7890559396517,O_top
192,3,104.04560194679208,610.0648744388286,D_left
192,2,227.75958984700156,618.1717108488515,D_top
192,7,87.92376189989469,761.0904554185706,O_left
193,4,327.56038961110806,966.1999243987516,D_right
193,5,313.17398829148624,1446.5189013912598,O_right
193,1,456.9282932078311,541.1040919258612,O_top
193,3,98.1596991727492,610.023835918306,D_left
193,2,248.7310366250773,633.1351652772732,D_top
193,7,137.37785219217798,795.1122443542652,O_left
194,4,338.4722956877914,985.598292464152,D_right
194,5,311.2137511930249,1448.8325565062717,O_right
194,1,448.17695353842703,532.1572883077387,O_top
194,3,95.0211703503269,613.0237863254782,D_left
194,2,273.78003709678165,651.6107513180687,D_top
194,7,171.88724597251274,821.1385747036661,O_left
195,4,334.07850611869264,997.2404192738016,D_right
195,5,305.43832543403647,1449.987272821934,O_right
195,1,457.099743642465,542.0166500482935,O_top
195,3,94.6538514980596,615.3388688306335,D_left
195,2,289.8134862358975,664.7839488317035,D_top
195,7,191.97508141016544,836.4299270578433,O_left
196,4,319.06939115578336,1027.6381007119287,D_right
196,5,287.52835351698013,1457.427490028389,O_right
196,1,476.8753586273808,559.082458798933,O_top
196,3,96.90364178051544,618.4687317329445,D_left
196,2,309.55926012740963,680.6862733180254,D_top
196,7,196.11063585369533,842.7935787397673,O_left
197,4,313.486651333951,1043.6895302655128,D_right
197,5,277.816668465206,1454.0685524855778,O_right
197,1,478.5602189974155,563.7698454094473,O_top
197,3,97.59383153393988,619.4774907832451,D_left
197,2,324.15805429943106,691.37009500346,D_top
197,7,197.44031466850964,845.7792534222701,O_left
198,4,307.46044590012406,1054.218214937149,D_right
198,5,271.5427313971453,1454.648249792668,O_right
198,1,478.8262178111167,561.5676926430413,O_top
198,3,98.4446539329283,621.6262535339421,D_left
198,2,329.2669479480087,699.6212304365545,D_top
198,7,197.98067656566985,849.8056995622172,O_left
199,4,302.5413792920814,1062.1457683173458,D_right
199,5,268.24836204932626,1455.3546374724972,O_right
199,1,478.6815657963309,558.3180605610219,O_top
199,3,99.34842489311242,624.2845330134054,D_left
199,2,329.6881389088027,701.673874056277,D_top
199,7,205.8021237621112,859.9935578031999,O_left
200,4,318.5716090757611,1089.483048092304,D_right
200,5,266.7187110681678,1457.7644280656532,O_right
200,1,473.2329208637176,552.7207595558212,O_top
200,3,96.40003715228544,625.118527916057,D_left
200,2,329.06518649930143,705.0685190597122,D_top
200,7,231.48915631057253,879.4819475895221,O_left
201,4,317.3427074758214,1119.7724983484748,D_right
201,5,265.6494474611151,1458.409707215993,O_right
201,1,472.35656852275554,553.1953802518167,O_top
201,3,96.65390246695516,626.2955435756678,D_left
201,2,328.6977217773605,708.1702929487665,D_top
201,7,246.96682818645985,888.7772462143756,O_left
202,4,311.8829350422279,1144.6499944577206,D_right
202,5,263.6232641930436,1457.392624934603,O_right
202,1,496.7992164126455,580.6298942142361,O_top
202,3,94.0512970665404,629.1608097405542,D_left
202,2,325.07018991543094,715.0709352759854,D_top
202,7,265.4833570394363,899.4676162433698,O_left
203,4,305.8056199498295,1162.2585798135815,D_right
203,5,259.6344802752261,1454.653542977615,O_right
203,1,505.4779714092853,592.4905269852272,O_top
203,3,90.45491866500102,629.1086431347129,D_left
203,2,322.5579102777099,723.7214989899651,D_top
203,7,266.7380592759465,902.194423212832,O_left
204,4,295.7379777344187,1185.0166887809746,D_right
204,5,253.5828986701846,1450.2507246895166,O_right
204,1,522.0892582403156,614.4476561320416,O_top
204,3,93.4055423142818,637.2677106570027,D_left
204,2,328.9090387911689,740.8270168986026,D_top
204,7,269.4531925105108,906.6788953069326,O_left
205,4,290.9228729672001,1189.4737855224407,D_right
205,5,250.0007577438504,1452.1659186494055,O_right
205,1,527.7308900844907,620.7139430468407,O_top
205,3,96.05840961420296,642.6296357237558,D_left
205,2,332.6267387088427,752.6515623641473,D_top
205,7,273.08895750252407,910.8050639065784,O_left
206,4,289.10769942487264,1212.180105777693,D_right
206,5,248.8852819889887,1447.2724405042245,O_right
206,1,529.2953422804271,623.2155772312959,O_top
206,3,100.41245874686638,650.4970812530021,D_left
206,2,335.15051654424263,762.9413824263075,D_top
206,7,291.34038697525244,921.4181644287044,O_left
207,4,271.6097038292542,1229.0803166696292,D_right
207,5,248.4354882031656,1445.634002301546,O_right
207,1,552.4695442161494,637.2788432307929,O_top
207,3,107.42255290000486,658.4193127319215,D_left
207,2,339.101454680971,769.6163750324499,D_top
207,7,309.3180945249239,931.0746526975104,O_left
208,4,263.1215402805241,1252.5301484145743,D_right
208,5,247.50733189808824,1446.3011750116063,O_right
208,1,591.8848376890687,683.9399329318412,O_top
208,3,97.93256794365972,653.7644122914078,D_left
208,2,339.24831036288003,771.6952992346388,D_top
208,7,330.8753389287993,943.193064057965,O_left
209,4,255.45061001620888,1271.5738811505398,D_right
209,5,246.61431367648703,1447.2913305808186,O_right
209,1,608.9091422369738,704.1332906797562,O_top
209,3,120.90886688778464,672.0624525152205,D_left
209,2,339.34841344117785,773.7055219747083,D_top
209,7,340.8888302969063,949.3726823479049,O_left
210,4,244.0940200438763,1293.1184498617297,D_right
210,5,246.00096714246817,1441.9946480107078,O_right
210,1,616.8946409969049,723.7789850796722,O_top
210,3,135.63616777526332,687.1334664071052,D_left
210,2,335.72313470133366,782.9895348511203,D_top
210,7,349.6091101822732,953.8861993654464,O_left
211,4,231.333795820947,1299.2730884132252,D_right
211,5,241.63160698327195,1438.4027419773738,O_right
211,1,621.1419664278757,732.89052388559,O_top
211,3,144.2305673011259,697.5699254656979,D_left
211,2,333.55351993263463,789.1824259169998,D_top
211,7,355.2533713617044,955.763079119478,O_left
212,4,225.78595944900465,1306.877325196955,D_right
212,5,225.07808108245143,1435.3520249304129,O_right
212,1,621.5239898601739,735.8563840426285,O_top
212,3,146.9832604101411,704.5745333096952,D_left
212,2,338.8647589577564,805.8765983265338,D_top
212,7,368.8777652170464,959.763982626098,O_left
213,4,190.94229984386615,1301.8080467965317,D_right
213,5,175.4912946077307,1421.4651483197897,O_right
213,1,627.6748013221963,740.5141511345936,O_top
213,3,131.89540653039575,697.0386808137846,D_left
213,2,342.85138606637827,820.6327895782356,D_top
213,7,379.1655314848914,964.2300859891952,O_left
214,4,221.91670374097004,1326.4785623283894,D_right
214,5,149.14389091295627,1413.562032157172,O_right
214,1,643.2341346777157,761.2802487707479,O_top
214,2,348.75186133757217,836.7721221154686,D_top
214,7,395.8112791784218,973.34819823575,O_left
214,1,93.3498443536604,764.983149306148,O_top
215,4,229.48647976623235,1352.9246586007823,D_right
215,5,134.15236735428388,1407.82901333538,O_right
215,1,664.2006952668327,781.9718307731858,O_top
215,2,351.652754846215,843.7351248930469,D_top
215,7,403.7623117234938,977.2139044723784,O_left
215,1,92.78856008195638,763.539281507332,O_top
216,4,229.2930531851296,1369.4992596904797,D_right
216,5,130.10641549359823,1405.1688599233912,O_right
216,1,684.7803482324998,804.8026425474459,O_top
216,2,354.393421098806,847.2211056220901,D_top
216,7,417.3150249271222,983.7579367770156,O_left
217,4,228.74429253596657,1378.8143491713597,D_right
217,5,134.38951287492165,1404.706263172469,O_right
217,1,690.1070927839069,813.987495053949,O_top
217,2,354.8819373250396,848.556762355963,D_top
217,7,418.8655722287916,984.6913576325592,O_left
217,1,48.308828013685925,739.0595426313348,O_top
218,4,224.28152396149488,1383.9335975811684,D_right
218,5,177.9771824323169,1415.8348663219665,O_right
218,1,696.3652257701029,825.7539228040158,O_top
218,2,352.21203176882784,851.0765600223156,D_top
218,7,421.767100656508,987.9942956362048,O_left
218,1,104.7579251584974,776.1214245726511,O_top
219,4,208.59966935552103,1382.9718525169997,D_right
219,5,196.7907939479754,1417.161748507528,O_right
219,1,702.0942832072895,834.1984449286404,O_top
219,2,355.41578537097524,856.2877226482623,D_top
219,7,420.45868619216736,987.241594859004,O_left
219,1,120.75056812909348,787.4646623432442,O_top
220,4,182.55038532588927,1383.1760499243535,D_right
220,5,208.51612383073737,1424.1264687417006,O_right
220,1,723.2245940192404,860.3104629337506,O_top
220,2,357.5432432293964,862.3223436094457,D_top
220,7,438.58650416900207,996.9214757395642,O_left
220,1,109.93061439325368,782.3512527568842,O_top
221,4,152.88696870703262,1377.8946281313013,D_right
221,5,214.9731540810887,1426.7444684394684,O_right
221,1,731.6126331420619,873.594695838521,O_top
221,2,359.36095123330426,864.6993830243399,D_top
221,7,447.4474526704801,1001.164044590462,O_left
221,1,166.36111203121007,817.3884536864832,O_top
222,4,175.85973210921193,1390.734357939717,D_right
222,5,210.4066807318489,1419.158441833067,O_right
222,1,744.1148102271127,894.1309965481402,O_top
222,2,365.2056959979052,864.58275143462,D_top
222,7,467.8720723689881,1011.2874675903416,O_left
222,1,136.90581037673553,798.7708842379726,O_top
223,4,195.4080032428832,1398.7571718770826,D_right
223,5,202.03328307273588,1414.4952288439754,O_right
223,1,754.0462066321348,906.857730673884,O_top
223,2,367.8653799713361,865.4779625025287,D_top
223,7,484.47853784444726,1019.401987115169,O_left
223,1,149.85338304271573,805.5878477731968,O_top
224,4,184.9955169425154,1390.394849163442,D_right
224,5,205.83449530897133,1412.749771851698,O_right
224,1,757.8367575520064,915.1624467758407,O_top
224,3,158.3416085076834,714.3301258671164,D_left
224,2,369.71730617471206,865.7558424274814,D_top
224,7,493.7389519399896,1022.6653963688076,O_left
225,4,149.39615141900217,1379.4244734677677,D_right
225,5,205.82353567642744,1412.6645430261365,O_right
225,1,756.8185484777896,918.6710301507834,O_top
225,3,167.29776005937973,718.9012610062215,D_left
225,2,370.6758692692651,864.7852718334223,D_top
225,7,497.8031285807847,1023.2928729983676,O_left
226,4,173.5546430826961,1383.4932947142895,D_right
226,5,206.11546909557916,1415.2786867043394,O_right
226,1,757.6263757221523,928.7508720468264,O_top
226,3,181.06026468813195,724.8704868441849,D_left
226,2,370.5557555822234,859.0588465714816,D_top
226,7,497.494091756133,1018.3963071098912,O_left
227,4,182.5337426922539,1385.7104555769797,D_right
227,5,205.7802572897632,1416.9680266718783,O_right
227,1,756.4950402747484,936.3509392642392,O_top
227,2,372.4649085102506,855.1536876421957,D_top
227,7,506.9003498065464,1022.2559965919156,O_left
227,1,184.70841088233976,825.7415004052019,O_top
228,4,174.54681833336784,1384.4803003491802,D_right
228,5,203.56310284069045,1417.9608724042314,O_right
228,1,768.6362545759881,958.580754384704,O_top
228,2,375.87055986530174,854.9087720459966,D_top
228,7,530.6952471292933,1031.4687483295947,O_left
228,1,186.73695507017663,826.4691742506632,O_top
229,5,202.8148499386091,1418.374977105154,O_right
229,1,776.2169936706545,972.0459277903104,O_top
229,3,170.63142937329684,705.7621480782952,D_left
229,2,376.8252779658004,853.418733502898,D_top
229,7,544.4075848011648,1037.4002884635331,O_left
229,1,218.4252527999793,844.7799450744816,O_top
230,4,192.43866526317916,1388.875475492052,D_right
230,5,205.51492297686573,1419.980442661679,O_right
230,1,777.1888712333448,985.8195625205996,O_top
230,3,190.9213779869279,705.294197526614,D_left
230,2,377.8283016105148,849.6056082115405,D_top
230,7,567.5256337578688,1047.1461982095136,O_left
231,4,199.5060902402164,1390.565092378778,D_right
231,5,205.99172259302705,1421.3475305902762,O_right
231,1,778.0290859097362,991.530166447126,O_top
231,3,199.0912660634596,703.93122108359,D_left
231,2,378.6006137070255,847.3694941443074,D_top
231,7,575.8311357269661,1050.73898046069,O_left
232,4,199.28255399075127,1392.8464016743403,D_right
232,5,206.1952158650663,1423.4707948192124,O_right
232,1,787.0559065289682,999.9055942304608,O_top
232,3,202.7866373129391,698.9849518884356,D_left
232,2,380.2616797664812,843.8866290192922,D_top
232,7,579.7278448057529,1052.6057448154477,O_left
233,4,204.0470636485581,1394.7516398520029,D_right
233,5,201.74383573890583,1422.4199585106562,O_right
233,1,788.9045491260374,1002.798603566314,O_top
233,3,203.66531346476197,694.7873997545742,D_left
233,2,380.6689336770351,840.6814740791906,D_top
233,7,579.9358936336405,1049.1955243963923,O_left
234,4,203.69989094221887,1394.0650688988294,D_right
234,5,199.0662411818324,1423.4521727820884,O_right
234,1,790.7320638486373,1007.5460666816653,O_top
234,3,204.8627750912093,683.2881228142213,D_left
234,2,378.87917556446087,836.9560762092225,D_top
234,7,580.9342310202613,1045.6413828403147,O_left
235,4,203.1491061769708,1396.1377514610824,D_right
235,5,188.6914540266515,1422.560986503731,O_right
235,1,800.9104425059836,1019.5547193487882,O_top
235,3,198.2141028770749,672.717612258581,D_left
235,2,376.07609832526566,832.9184814379437,D_top
235,7,586.3694563887916,1046.0506958505346,O_left
236,4,202.2797493591923,1399.158427089677,D_right
236,5,208.1415563753009,1429.8374531717643,O_right
236,1,809.8561579923281,1030.6565247806225,O_top
236,3,155.69951322662666,634.6345564544594,D_left
236,2,374.4174590919079,827.958510511295,D_top
236,7,599.672421201055,1047.5685843644278,O_left
