1,1,722.1444570742482,1032.4084668546723,O10
1,2,752.6725761729632,821.5971684863341,D16
1,3,228.30131600188173,637.691985808567,O12
1,4,1408.14695435371,484.1701769463009,O4
1,7,1077.3573597727402,422.3167305218563,D9
1,9,493.3456419055471,456.9700361383107,D10
2,1,722.1378284806733,1032.419318295335,O10
2,2,753.156812137174,824.7495157249047,D16
2,3,226.8923654290554,637.9164738762237,O12
2,4,1409.2028969862336,484.0549182177243,O4
2,7,1076.4068586877934,422.47790705695826,D9
2,9,487.1949952693788,457.8989062091552,D10
3,1,722.6103134182734,1032.353099203256,O10
3,2,752.7211596696524,825.3584289547717,D16
3,3,225.7355426407742,638.0849376764899,O12
3,4,1410.6799041610643,483.8209971141678,O4
3,7,1076.4262272630572,422.475065721969,D9
3,9,481.89502329241566,457.46580902669695,D10
4,1,722.5102648350843,1033.3882356275958,O10
4,2,753.0839642431803,825.4160303243307,D16
4,3,225.07023399893905,638.1818240996217,O12
4,4,1412.3711037076746,483.5750741766975,O4
4,7,1076.5410204831855,423.566220034905,D9
4,9,478.24537538552636,459.9949126567707,D10
5,1,722.454034527704,1033.7228915956055,O10
5,2,752.6895443046908,825.47224621471,D16
5,3,226.02809307897022,639.9514929429106,O12
5,4,1413.4589915807994,483.4168807914562,O4
5,7,1075.9585655479245,428.32865714469875,D9
5,9,475.4244976227382,459.93012494037026,D10
6,1,722.0176450322818,1033.8830314027662,O10
6,2,751.5860713693812,825.6021962201592,D16
6,3,226.10451205301814,640.5757571870232,O12
6,4,1414.373204375922,483.2839420755611,O4
6,7,1075.7912924552718,431.9519281882369,D9
6,9,475.1250608295342,464.1962605606365,D10
7,1,721.8639542698602,1033.9045686604302,O10
7,2,753.2818853020541,826.6163813666341,D16
7,3,227.25231885804664,642.407865483556,O12
7,4,1414.7045143535138,485.0335093806755,O4
7,7,1075.9282593672192,437.1416735449442,D9
7,9,473.96015896387433,465.8236840169368,D10
8,1,720.9983345202178,1034.006075467828,O10
8,2,754.2252128507934,825.6631395895619,D16
8,3,227.37229196111133,643.0621111010144,O12
8,4,1414.7732188922462,485.6727931600036,O4
8,7,1076.2144371532768,439.85269329678664,D9
8,9,473.03716973251835,466.4140455890856,D10
9,1,720.305652972148,1034.1031436681205,O10
9,2,755.7111633050076,826.3792782513162,D16
9,3,229.1579376233866,643.01318263939,O12
9,4,1414.5672064635576,487.68554237005156,O4
9,7,1076.1988979776195,440.770663194384,D9
9,9,471.9244062037754,465.62322189420905,D10
10,1,719.2862349630918,1034.236100833587,O10
10,2,756.7162915856229,826.563240942952,D16
10,3,229.78715821181896,642.9791278430523,O12
10,4,1413.0248191021456,493.8102687950077,O4
10,7,1076.0699155760915,441.00236886293806,D9
10,9,470.16994460086255,466.5635208602633,D10
11,1,718.3229977818214,1033.4597679898839,O10
11,2,756.8477753991741,825.4395555822816,D16
11,3,231.59572957670056,644.4592253122523,O12
11,4,1411.2685278295635,501.29203467114525,O4
11,7,1076.2775058157536,440.971960568311,D9
11,9,467.5296059756048,464.084468523325,D10
12,1,717.1994532460371,1033.2800809268808,O10
12,2,757.0555830699765,826.2013186179706,D16
12,3,232.70533881751365,646.6482162914484,O12
12,4,1409.200319157997,509.21870266179735,O4
12,7,1076.3579756886547,440.85377354075877,D9
12,9,464.53113676914853,464.45763094286707,D10
13,1,716.9699134847243,1034.0755066284576,O10
13,2,757.1128121373832,826.5067334000018,D16
13,3,233.34969571584477,647.3745654500501,O12
13,4,1407.939279919316,513.8986486912829,O4
13,7,1076.1084272849237,442.739795797274,D9
13,9,461.72208981891487,464.8484952486866,D10
14,1,718.8142562022665,1034.0943475204015,O10
14,2,757.1204979410545,826.5737866643924,D16
14,3,232.52151711252324,646.045018304418,O12
14,4,1406.5782444334363,518.8980952218765,O4
14,7,1076.6033125240212,443.2404797361001,D9
14,9,457.029395396466,469.56536855880495,D10
15,1,717.8613429081455,1035.2171816891296,O10
15,2,757.3957040179547,825.3341586340108,D16
15,3,232.96624309229026,647.1062299063817,O12
15,4,1405.2687380970035,525.6642773834876,O4
15,7,1076.666835128661,443.3797126109909,D9
15,9,450.69246471458047,465.87986082803775,D10
16,1,717.6714424498388,1034.7097808979108,O10
16,2,757.3028390037615,823.6386508795939,D16
16,3,233.8838637969247,649.0677411305321,O12
16,4,1403.710658261332,533.0435610150156,O4
16,7,1077.5452748849955,443.2298439584553,D9
16,9,446.9782248596433,469.75073856886263,D10
17,1,719.1277169188805,1034.3078023678038,O10
17,2,757.445874825277,824.2339008901745,D16
17,3,235.57120512897382,649.6017647927179,O12
17,4,1402.705322565854,537.3428017284881,O4
17,7,1078.1668407895584,443.0963752564886,D9
17,9,445.25105939820804,475.3288793392519,D10
18,1,719.135438500438,1033.335995174214,O10
18,2,757.4867368461935,824.4331670057992,D16
18,3,237.27194814465622,649.6203564169876,O12
18,4,1402.6198480468934,538.7348753211293,O4
18,7,1078.3908499152776,442.9574635700459,D9
18,9,441.50560344649773,474.81792771343044,D10
19,1,718.0125546543733,1033.1066087087656,O10
19,2,757.9373263672169,824.437293702172,D16
19,3,238.45955195849567,647.7931214401265,O12
19,4,1402.6079997564811,539.0945590052488,O4
19,7,1078.6021287374506,442.8204026273287,D9
19,9,436.3841135882465,474.10073883208713,D10
20,1,716.6382106819464,1032.28651999409,O10
20,2,758.0941329204712,824.4422820741551,D16
20,3,240.69507722053766,648.5142287869262,O12
20,4,1402.4370490449335,540.7281546536323,O4
20,7,1078.6705445135926,442.7891574831109,D9
20,9,431.1074582236191,472.29182160876024,D10
21,1,714.7704811838415,1031.2750047217264,O10
21,2,758.1318074285589,824.4505809975819,D16
21,3,241.50063259679834,647.0460236814773,O12
21,4,1402.627330439464,541.2183161393083,O4
21,7,1079.2458421736926,442.6412219694289,D9
21,9,428.5865387360109,473.68448104737917,D10
22,1,712.5364743511428,1031.1299026445743,O10
22,2,757.6751757451376,824.5430015809637,D16
22,3,243.56696685470303,647.9443156989943,O12
22,4,1403.151997085693,539.6597346617604,O4
22,7,1079.4340531513556,442.61365702113505,D9
22,9,427.4198744373705,475.26169656183947,D10
23,1,710.1784508320436,1031.2910123883742,O10
23,2,757.0515729801069,824.6318840437311,D16
23,3,246.1237703843951,649.6994614315372,O12
23,4,1403.9064725232695,538.8349798345142,O4
23,7,1079.5103044517043,442.56003389364815,D9
23,9,427.0850373329721,475.8091577584762,D10
24,1,707.3789216500954,1031.6236477627995,O10
24,2,756.5364919185826,825.9342973609671,D16
24,3,251.5738121891793,656.420905696867,O12
24,4,1404.5241951787482,540.0151625705071,O4
24,7,1079.67125254496,442.51523312802755,D9
24,9,427.0811476296538,475.9908146817939,D10
25,1,704.62736048541,1031.1014941209714,O10
25,2,756.3631794098749,826.3954434420164,D16
25,3,257.7845051357437,664.8785870562829,O12
25,4,1404.9412670335562,543.5024398864965,O4
25,7,1078.9017821157963,442.5430096927799,D9
25,9,425.773215869157,475.18691947644015,D10
26,1,701.4655984116132,1028.5418732296155,O10
26,2,755.6559094422528,825.4319213324958,D16
26,3,263.4630796373042,674.0771162852369,O12
26,4,1404.4791228893741,547.9858911201068,O4
26,7,1079.3147657380678,442.46129320329936,D9
26,9,424.248761611589,475.0260502626171,D10
27,1,699.1449883910843,1025.9801867772542,O10
27,2,755.5823298234457,826.3021754150849,D16
27,3,266.71566667298896,680.5634469231272,O12
27,4,1401.1484807535398,559.4619765980622,O4
27,7,1079.4600813382299,442.46124149913624,D9
27,9,422.9450156618822,476.16949554872593,D10
28,1,698.8625322641572,1022.2158851877799,O10
28,2,755.3627117056237,825.419084253366,D16
28,3,269.460849911755,687.4775482291966,O12
28,4,1398.0951214070908,568.5052069101704,O4
28,7,1079.6529421352047,442.4117639923367,D9
28,9,420.51616873601546,477.8166888082215,D10
29,1,702.3862040881503,1018.5564245342662,O10
29,2,754.5567717647401,826.4756074511262,D16
29,3,270.1663279793518,690.1089584399846,O12
29,4,1394.6906791347799,578.2881751598272,O4
29,7,1080.1161349777817,442.428847102588,D9
29,9,416.2687805286287,481.08302181538386,D10
30,1,703.2424870212112,1016.2894503488895,O10
30,2,753.8035164484089,826.8283912710988,D16
30,3,271.032256030118,690.7192086914664,O12
30,4,1393.6436732049426,580.2093521986166,O4
30,7,1080.3211822901364,442.29266183164407,D9
30,9,410.11203701684747,480.7710328708104,D10
31,1,703.1479953346563,1015.7084190850037,O10
31,2,753.7297546518662,828.3368757904334,D16
31,3,273.27950102532526,693.9906473037244,O12
31,4,1392.7045066452622,581.0415750690195,O4
31,7,1080.3545290689917,442.5000734177308,D9
31,9,404.83860986860185,484.3861604859425,D10
32,1,702.5064874552943,1014.5259236144349,O10
32,2,753.3412023536358,826.2805266587307,D16
32,3,275.6307658494531,696.12798142855,O12
32,4,1390.1460586413743,588.7803050855495,O4
32,7,1079.7193312856803,442.3171104457453,D9
32,9,401.2006292925542,487.5718262588528,D10
33,1,701.6414876662316,1013.5368033196371,O10
33,2,752.8670206896192,827.0709043591223,D16
33,3,276.9360303831481,698.7106798814765,O12
33,4,1387.6421486235918,595.1564017187341,O4
33,7,1080.0303181861661,444.5405600446987,D9
33,9,397.65714854621945,489.57195486504946,D10
34,1,701.5702352037149,1013.8760782684101,O10
34,2,752.738302977671,827.0619862421637,D16
34,3,277.01794541494866,699.2484473655543,O12
34,4,1386.6983049175012,597.0094572718667,O4
34,7,1080.4104659539978,442.97996165075995,D9
34,9,397.43667933443874,496.56186536593515,D10
35,1,700.7885033617139,1014.2429488148427,O10
35,2,752.7198853599534,827.1600215666646,D16
35,3,276.54009374957155,699.565740199738,O12
35,4,1385.0170411092638,600.7901415572138,O4
35,7,1080.534909406887,442.4948820799323,D9
35,9,396.77904930859387,502.3922893809974,D10
36,1,699.9235749076615,1013.5824217817686,O10
36,2,752.907729479923,828.3587812645901,D16
36,3,275.59412976673974,698.1242445711963,O12
36,4,1383.7770824497175,603.6158830023242,O4
36,7,1079.8733776379431,442.4219411034443,D9
36,9,396.12987580945327,506.53822028723613,D10
37,1,699.228611127408,1013.3813517136139,O10
37,2,752.5361911747444,828.8197442722557,D16
37,3,275.84180100701855,698.904620906067,O12
37,4,1382.8849469550141,604.5202221199356,O4
37,7,1079.5096090237575,444.21434477228263,D9
37,9,396.89953783088,510.7192368247189,D10
38,1,698.603471998073,1013.4073210026783,O10
38,2,751.5812708439357,826.6950643669292,D16
38,3,275.35249471143146,699.2237357160302,O12
38,4,1381.3368244659232,604.891703700751,O4
38,7,1079.9294557581088,442.90189042863443,D9
38,9,397.36283431401586,514.1408779524638,D10
39,1,697.3841704691564,1012.6816070125528,O10
39,2,750.3132628817176,826.0431547978202,D16
39,3,275.1093270943216,699.2944092444371,O12
39,4,1380.0099276405704,605.0663528142519,O4
39,7,1080.2072027462307,442.43673869143083,D9
39,9,398.2390487985613,517.2060528751625,D10
40,1,696.3459372226258,1011.6190805844046,O10
40,2,747.3943244534249,824.9278490217113,D16
40,3,274.43844948267923,699.3561075932045,O12
40,4,1378.784939075273,605.1438426694598,O4
40,7,1080.3020396225234,442.29546546559527,D9
40,9,398.96325104024726,519.1791734172639,D10
41,1,694.9742243904685,1010.4455677168569,O10
41,2,743.1773988704182,822.4974067130603,D16
41,3,274.15898667692767,699.2901967608506,O12
41,4,1378.1156503347959,605.1247717356123,O4
41,7,1080.2029395474965,444.1340014829304,D9
41,9,399.2958433947165,519.8007778781916,D10
42,1,693.2778807230897,1008.3479792386531,O10
42,2,739.1184095002209,820.7075844145139,D16
42,3,273.7501271979578,699.2430116409571,O12
42,4,1377.1584674175053,605.1141545948642,O4
42,7,1080.1583750612401,444.8394123861968,D9
42,9,400.0670660895853,519.8389337850065,D10
43,1,692.5077741480578,1010.3981339494644,O10
43,2,736.0460021541427,819.0597117617156,D16
43,3,275.08364785681744,700.5381437021981,O12
43,4,1375.417148641164,606.7169471773536,O4
43,7,1080.4069739416705,443.1713854635043,D9
43,9,401.59636921625366,519.5929396952216,D10
44,1,691.0632187426694,1011.3574067817256,O10
44,2,733.8348110968208,817.3521941284612,D16
44,3,275.830205644979,700.9608748887371,O12
44,4,1374.473504069452,605.7979155887627,O4
44,7,1080.3707673604702,442.5401480080832,D9
44,9,401.8736961902052,516.5425193869709,D10
45,1,688.1213193779788,1006.5604273911097,O10
45,2,731.9543760392087,815.6890616369278,D16
45,3,276.6244807545511,701.0404162056137,O12
45,4,1373.423371623506,605.4871910897463,O4
45,7,1080.3739686609144,442.30616266946447,D9
45,9,403.84908358383325,517.0331452947878,D10
46,1,685.4204508353374,1003.0944835839362,O10
46,2,730.8624512246483,815.1488007502492,D16
46,3,276.9775210413511,699.4315189870491,O12
46,4,1371.1240323867446,609.9990283158711,O4
46,7,1080.951900945438,444.02432460511653,D9
46,9,403.6739045452055,518.2932387643357,D10
47,1,684.4444960335223,1001.8425375621661,O10
47,2,730.9517511091229,817.4165064851525,D16
47,3,277.9542114620635,697.1252449603722,O12
47,4,1369.278438342172,614.6834184448395,O4
47,7,1081.3060964948988,442.7639304809432,D9
47,9,402.7288706466573,517.8907314829229,D10
48,1,684.7082522038355,1000.3920034875614,O10
48,2,730.836929447744,817.0996322040334,D16
48,3,278.5191720826923,696.1722337707355,O12
48,4,1367.184929597304,620.9655651881558,O4
48,7,1081.1329090092756,442.3860738692745,D9
48,9,402.10667993436226,518.6963035115465,D10
49,1,683.0172089986826,999.2024093990921,O10
49,2,730.381824148074,817.0812205013456,D16
49,3,278.7206010822337,695.8049888481125,O12
49,4,1365.5537896293038,624.8335650366267,O4
49,7,1081.072093287625,444.1126532729223,D9
49,9,400.99628543140227,518.123314697658,D10
50,1,677.9602438043995,997.5377992610734,O10
50,2,729.3204757665372,817.2048551499635,D16
50,3,278.94391649093194,697.212863969536,O12
50,4,1363.2053129110031,632.1458700699174,O4
50,7,1081.0364616179215,444.7743411294768,D9
50,9,400.01536758870947,517.9423879505312,D10
51,1,670.8693189810663,991.9218572171272,O10
51,2,728.0558713759864,817.3991593896466,D16
51,3,278.1841585510223,699.4339599834709,O12
51,4,1361.6238590296111,637.7001087281191,O4
51,7,1081.7385870978144,444.88318800504857,D9
51,9,399.4089507083566,518.8108407294458,D10
52,1,665.5550700470297,987.3293186221996,O10
52,2,726.9547363553382,816.3606560073205,D16
52,3,276.0937328907341,702.1599327664889,O12
52,4,1359.8408033004866,642.6628434250025,O4
52,7,1082.1311621004916,443.02492512848374,D9
52,9,399.3917915337263,524.9378598051088,D10
53,1,663.4790902194544,985.689773537356,O10
53,2,725.4527992812612,814.8474559946728,D16
53,3,275.17294605412764,706.291831249893,O12
53,4,1359.3730965894158,642.9189262458417,O4
53,7,1081.861989474833,444.187624722272,D9
53,9,400.75446839971625,534.523845557756,D10
54,1,663.1429595369973,985.1498453891393,O10
54,2,723.7824509207522,815.72714609464,D16
54,3,275.3428076220445,713.9943812392163,O12
54,4,1358.37616997692,644.4301776205596,O4
54,7,1081.8853473453764,442.74274719946146,D9
54,9,402.55659019444266,543.5147233811288,D10
55,1,664.444889942175,983.8775160424168,O10
55,2,722.0926795035837,814.9781458025722,D16
55,3,277.37912179223787,721.1611151507713,O12
55,4,1358.081737614565,644.8808158914836,O4
55,7,1082.4818756274321,442.1035936234261,D9
55,9,405.1504181680915,553.9519758675693,D10
56,1,667.8491235480619,985.0962310486893,O10
56,2,721.0189129485934,814.8103339271464,D16
56,3,279.59916981583575,729.6789053133083,O12
56,4,1357.1459522662003,646.4896586417192,O4
56,7,1082.285842299206,443.85017130928685,D9
56,9,406.1209318104787,557.8051893753203,D10
57,1,670.2344260459093,986.4429822153207,O10
57,2,718.6443572047435,813.79364352902,D16
57,3,283.2900863640868,738.3887122206083,O12
57,4,1356.720300432648,645.6099995681451,O4
57,7,1082.2051394815826,444.51853327618306,D9
57,9,406.5783761761067,562.7417311118897,D10
58,1,673.056752405855,984.7433768047524,O10
58,2,714.5662735478883,811.3898738338279,D16
58,3,284.5431791281886,743.0217031387967,O12
58,4,1355.7205257922435,646.741370409959,O4
58,7,1082.4344720166623,444.7601277868395,D9
58,9,408.5110715698448,569.6749749557097,D10
59,1,676.5269601014451,983.8418145686367,O10
59,2,706.3607428719625,810.2256143465112,D16
59,3,284.7179711594114,744.699997787951,O12
59,4,1355.8598302477249,647.0346710644714,O4
59,7,1082.0752557732267,444.9397007830304,D9
59,9,410.3960884595523,575.5643382118799,D10
60,1,679.6144423961962,982.297143828147,O10
60,2,699.7990091198576,811.5570134126106,D16
60,3,284.05913206070153,743.7600421336206,O12
60,4,1357.0512900934439,645.4997007362362,O4
60,7,1082.0769538251304,443.0328638374917,D9
60,9,411.0831014582779,577.6029121367862,D10
61,1,681.1407101761511,977.7646969230116,O10
61,2,693.5766473206709,808.8023310594543,D16
61,3,284.44379076433523,744.6561370724762,O12
61,4,1356.6379822177298,649.143595772544,O4
61,7,1082.0821117485527,444.19775026723397,D9
61,9,411.86023864971804,578.1139320968788,D10
62,1,684.3654835646846,969.8057236207962,O10
62,2,691.0676575251877,806.5508989213955,D16
62,3,282.3608305099882,745.2068567809796,O12
62,4,1353.4716682571257,660.5246829597644,O4
62,7,1081.6429613884768,442.77824510855567,D9
62,9,412.10104969789796,576.3653113027265,D10
63,1,689.2473253298743,961.2729251535474,O10
63,2,695.7669872839704,818.958062407537,D16
63,3,279.0883931360388,744.1263518477067,O12
63,4,1349.8486804982344,669.0608251531521,O4
63,7,1081.3490456837314,442.2270465389339,D9
63,9,412.71445939472375,575.4479719186965,D10
64,1,698.8293625594044,952.965960247416,O10
64,2,693.5662639762563,812.7566972480201,D16
64,3,277.092680938809,743.7120954964541,O12
64,4,1346.2559370140475,676.525689695136,O4
64,7,1081.2375120619658,442.00981651545425,D9
64,9,414.0590642508999,576.6038792390783,D10
65,1,710.340235655719,943.6854514552646,O10
65,2,686.7231174107251,791.7860047471031,D16
65,3,275.07683491264385,743.6683615600735,O12
65,4,1342.9215411705295,683.5285399760933,O4
65,7,1080.6182212696403,442.05804596708913,D9
65,9,415.61736847185455,576.7997283683346,D10
66,1,722.0116074508556,940.3653394943601,O10
66,2,679.2700075495256,773.5834488354384,D16
66,3,277.0888114579367,749.1626755209514,O12
66,4,1340.321088656733,688.8562124931431,O4
66,7,1080.4058884457734,442.06790749929996,D9
66,9,416.7497891100912,576.7149946824755,D10
67,1,734.5117231307906,939.165527446003,O10
67,2,677.9797947037463,769.7434315110526,D16
67,3,281.2056739346777,758.0254096653907,O12
67,4,1338.2487557394854,693.4846807675896,O4
67,7,1079.630519692432,442.18146988443686,D9
67,9,417.1320171393913,574.8432170425733,D10
68,1,745.2058194290579,936.939435881284,O10
68,2,678.6997182219701,766.9946255832821,D16
68,3,284.72030437529736,768.1849834674449,O12
68,4,1335.784661399611,696.6175959365951,O4
68,7,1079.0576165901623,442.24414127389537,D9
68,9,417.7926435255362,573.9788001509881,D10
69,1,752.8550900129321,933.6370014723369,O10
69,2,682.6686177441177,762.8929572275533,D16
69,3,290.55426268382587,778.355144768829,O12
69,4,1334.8935137030055,697.6254576481747,O4
69,7,1077.4447965910078,444.3683929187851,D9
69,9,418.51419095765397,571.6869687244719,D10
70,1,757.5803396363975,927.1338707241235,O10
70,2,687.2876064920713,762.5635842092057,D16
70,3,294.87000855998826,785.9884945341073,O12
70,4,1333.7934462104422,699.3647415818314,O4
70,7,1076.3943572254136,443.4408352237073,D9
70,9,421.0081645233176,572.3558892975071,D10
71,1,760.886002309401,908.6628420743443,O10
71,2,692.1158422976504,763.4430394249483,D16
71,3,297.82793437175616,789.9144993854658,O12
71,4,1332.2823604842004,699.9904230123939,O4
71,7,1075.3163604753634,445.06141699284393,D9
71,9,422.9802424277119,570.5681803698584,D10
72,1,761.6989980781974,874.8030973603163,O10
72,2,696.3456129769387,763.5307921819863,D16
72,3,298.2139543177194,789.9060083389272,O12
72,4,1328.7977813551595,699.2009239289084,O4
72,7,1073.0884478055737,445.89583275673925,D9
72,9,426.40719608742893,569.4181983678841,D10
73,1,763.5929457951096,843.6224905858894,O10
73,2,700.0672227178635,756.6953431896318,D16
73,3,298.6593276207583,791.0469179254492,O12
73,4,1326.0363613299266,698.9657877055887,O4
73,7,1070.8577917230095,446.3917863606181,D9
73,9,430.36032260019203,568.5564151705399,D10
74,1,773.5676076366044,832.4412644558555,O10
74,2,703.961166137996,736.1135818579924,D16
74,3,299.24070907460293,791.2291300962056,O12
74,4,1326.5002946143752,697.2702038557729,O4
74,7,1067.5082335244026,446.9245788978182,D9
74,9,433.43100823402676,567.9453179530336,D10
75,1,784.0281343995534,822.8210368101081,O10
75,2,706.6042265548964,700.7459589144739,D16
75,3,298.91343869381325,791.2448967209527,O12
75,4,1326.9247248806175,697.8117006180279,O4
75,7,1064.7519193318305,447.30701936937857,D9
75,9,436.2369626720245,569.2399863920439,D10
76,1,790.7847611591117,816.7679503929996,O10
76,2,715.2400090637242,682.941711428857,D16
76,3,299.85043884149576,792.3284268548042,O12
76,4,1327.281615310275,699.2273496644775,O4
76,7,1059.7582467956781,449.9193498740416,D9
76,9,438.85898677566087,569.4649360412835,D10
77,1,796.6436824751015,814.4476712141969,O10
77,2,720.4957362614994,671.7885355359151,D16
77,3,298.3013785663027,791.5203859711206,O12
77,4,1327.9963071685206,698.3627993478008,O4
77,7,1054.055211370505,451.4928918254996,D9
77,9,439.825350914852,569.5668448752921,D10
78,1,801.3802717322606,809.8379308365534,O10
78,2,726.9023734094054,670.4556034285195,D16
78,3,297.692434195532,791.1076775767164,O12
78,4,1328.1721599836503,696.6341450758364,O4
78,7,1050.6414354721974,452.1824703197528,D9
78,9,440.1264069166202,567.7590408498049,D10
79,1,804.7381516280689,799.5711195067054,O10
79,2,723.5527845006085,671.1092322129869,D16
79,3,298.70086870994754,793.4915962614001,O12
79,4,1328.1238158505664,694.6534155535668,O4
79,7,1045.6959847051203,452.990802205432,D9
79,9,440.18911929472716,567.0595518369167,D10
80,1,808.0980457592611,783.0265537323424,O10
80,2,729.130865153006,667.6646902096024,D16
80,3,299.30581538054497,797.0110709576434,O12
80,4,1328.1564730367875,689.9596400748158,O4
80,7,1041.2890788102902,451.75746583232547,D9
80,9,440.13792623915765,566.8232496994899,D10
81,1,809.9237477620112,753.2203160374881,O10
81,2,738.787138712257,656.3468407672432,D16
81,3,301.0161637658111,800.8477394914553,O12
81,4,1328.4986282203479,684.1442493657509,O4
81,7,1037.8423450949617,451.5857309710959,D9
81,9,440.0694218889179,566.7519818867938,D10
82,1,812.9796932766567,710.8214742593441,O10
82,2,750.0328306311562,636.9612039560745,D16
82,3,302.250389189431,803.5023366640661,O12
82,4,1328.9506987170212,677.8441472444844,O4
82,7,1034.8123339946453,453.6560040027469,D9
82,9,440.5446992905325,566.682544506984,D10
83,1,820.1072268197944,685.3780283548043,O10
83,2,760.118577218392,629.2517595898739,D16
83,3,303.56238982481585,808.365334664733,O12
83,4,1330.6291120714043,671.2226362277944,O4
83,7,1032.050420085932,454.6932471982853,D9
83,9,441.7784841835067,568.288576486568,D10
84,1,822.0115113328337,673.9050420195837,O10
84,2,768.8607858301949,627.6112730648787,D16
84,3,304.3918075181971,811.3666367716557,O12
84,4,1334.211728067786,661.4858704315083,O4
84,7,1029.6093823824356,453.36192083041476,D9
84,9,442.73662744449814,566.992009888277,D10
85,1,827.4511754623904,669.8018465474414,O10
85,2,783.6703631829681,622.3922015086325,D16
85,3,304.67517730754133,812.4035482454386,O12
85,4,1337.8910441674043,653.3636121748959,O4
85,7,1026.3957646011656,453.19835468524843,D9
85,9,444.14127226982225,562.6953633718235,D10
86,1,827.2270333863382,664.6350485457149,O10
86,2,799.7928040528052,625.6789723187982,D16
86,3,304.7472292037899,812.681302073895,O12
86,4,1341.1014117742552,645.9054423208061,O4
86,7,1024.1776922903673,451.4061370561873,D9
86,9,447.41865122185794,558.8426227849936,D10
87,1,841.9131993706203,662.7852627155548,O10
87,2,809.1089806288129,637.4348516902714,D16
87,3,304.702682298642,812.6422115146971,O12
87,4,1342.8701061990816,641.6929075769286,O4
87,7,1022.0045841987059,442.3257983266617,D9
87,9,450.2449682545972,551.5994117462229,D10
88,1,848.757704819454,656.3092040288252,O10
88,2,815.9347789106506,643.031356323167,D16
88,3,305.63150410146926,812.4635051469834,O12
88,4,1343.4878329183566,640.3221718179628,O4
88,7,1020.1953328810317,437.15241886606805,D9
88,9,454.6666174001905,546.6034721378111,D10
89,1,856.5808779902903,652.0547504141359,O10
89,2,817.735915544276,619.2828771577481,D16
89,3,305.0861351625662,811.0543692071916,O12
89,4,1343.4210471407218,639.9673473625178,O4
89,7,1017.9119688118948,434.5279448773405,D9
89,9,460.20588150204395,542.3180554256109,D10
90,1,858.5857751406878,634.0843426124585,O10
90,2,824.2005896479892,629.7749089331602,D16
90,3,304.8844975378455,810.4905333389546,O12
90,4,1343.132900862098,639.9770591379212,O4
90,7,1015.4371025198524,433.8517087162894,D9
90,9,467.37522923614875,541.894160553079,D10
91,1,855.7936167176935,563.9570424438532,O10
91,2,827.5504551357338,605.5378067162137,D16
91,3,305.0381180167778,810.2251701293332,O12
91,4,1343.123712993935,638.677626546687,O4
91,7,1013.5756199408345,429.9337634981622,D9
91,9,472.1832457269705,539.6679556442315,D10
92,1,859.6673279193344,601.8980765813723,O10
92,2,829.4713701605754,555.3790850662359,D16
92,3,304.76180540744394,811.4957974845121,O12
92,4,1343.8437844277155,635.3281698478272,O4
92,7,1012.442956569771,427.5931075056343,D9
92,9,474.3115243439306,538.8761596080915,D10
93,1,862.1891546920848,593.8758483069281,O10
93,2,834.7623966203495,533.2923300180729,D16
93,3,303.7064287547904,812.072220073628,O12
93,4,1343.865020900249,634.1601192978605,O4
93,7,1012.1558196654556,425.77770887392705,D9
93,9,476.6840960956628,538.3617632557226,D10
94,1,863.1269246220256,578.2392951952942,O10
94,2,836.5715492358661,512.774726725901,D16
94,3,300.09359402538,809.9909072465506,O12
94,4,1344.0668387943617,630.9459955657621,O4
94,7,1012.08393804594,426.16008335420446,D9
94,9,479.2038039175614,534.2656947840082,D10
95,1,866.4012512282291,558.6746617014268,O10
95,2,848.357917796497,533.5084494348312,D16
95,3,297.7836663392949,809.3317542593516,O12
95,4,1344.0960727191432,627.0016636774744,O4
95,7,1012.707111419908,426.33099353363036,D9
95,9,483.39521937496846,530.4560254987286,D10
96,1,860.6907773814286,540.5456650428617,O10
96,3,297.5691347456625,810.3226362374324,O12
96,4,1344.3147097612111,622.717372739466,O4
96,7,1013.547396622549,428.34742527664514,D9
96,9,486.60366596713646,528.8477868489845,D10
97,1,860.6873819205023,525.0369148155102,O10
97,3,297.526706840743,810.6789185154167,O12
97,4,1344.7587776769274,616.7436821701481,O4
97,7,1014.5304733105565,428.0505044996379,D9
97,9,488.88354825867873,528.1551679392028,D10
98,1,859.4722806258393,510.83122788599667,O10
98,3,297.5168098439695,810.7868858277616,O12
98,4,1345.6290046279823,608.616244832809,O4
98,7,1014.8986160012029,428.9774482794433,D9
98,9,488.86998261044295,525.2397800107335,D10
98,14,876.9604797063898,527.3375910249276,D10
99,1,862.2594362315319,516.2275326407872,O10
99,3,297.5317620103226,810.7999604751353,O12
99,4,1345.9363246969097,599.6992224318548,O4
99,7,1015.1027441125213,428.3808512539955,D9
99,9,489.8570863121249,524.078071204422,D10
99,14,879.3112378367726,507.44680418672294,D10
100,1,862.6485188034035,517.0770252602723,O10
100,3,297.533828639692,810.7692241041348,O12
100,4,1347.0204208174537,590.2779494320621,O4
100,7,1015.1919130136761,428.19333995389616,D9
100,9,492.07095164820157,522.4381282947869,D10
100,14,880.616181505853,467.2518214919363,D10
101,1,862.4819493898336,514.2381511654155,O10
101,3,297.7943361463221,810.7014087567408,O12
101,4,1347.2865712313792,585.4029437564056,O4
101,7,1015.8404652405477,428.0109463702278,D9
101,9,494.3880704419196,514.9976446250985,D10
101,14,884.0905216479742,460.95375768823413,D10
102,1,861.0236511526356,501.25963477197286,O10
102,3,295.2067433512527,808.3430285442741,O12
102,4,1347.7360026908905,582.216321634602,O4
102,7,1017.2369035571083,428.8086392162473,D9
102,9,498.9474006914286,508.82963673414724,D10
102,14,885.8811929013401,418.6863198271477,D10
103,1,860.2290905291186,456.44302783534226,O10
103,3,294.12245336148465,806.0960186417242,O12
103,4,1348.4034012592158,581.1450192262326,O4
103,7,1020.0915765641766,429.73933424937087,D9
103,9,504.6150708097003,504.0667233370336,D10
103,14,893.772907175891,476.95556131204995,D10
104,1,864.9229540404846,414.02127974343074,O10
104,3,292.49113798282264,802.7036255071334,O12
104,4,1348.3944934853116,580.9408960163552,O4
104,7,1024.7547117697115,428.64183531619227,D9
104,9,513.2408513934619,502.41125047374237,D10
104,14,896.648111285745,486.5786052018972,D10
105,1,871.3268399885769,398.02312893700866,O10
105,3,291.0353661264017,800.1499249386327,O12
105,4,1347.89372450656,581.0474392849309,O4
105,7,1030.0941407577257,427.6408061255314,D9
105,9,519.5554307517342,500.4224730881482,D10
105,14,897.6323141903847,475.1714598731293,D10
106,1,876.0714628844265,389.32683894413515,O10
106,3,288.2109744221467,794.0007853095838,O12
106,4,1347.4234392803685,581.2693959649752,O4
106,7,1035.5733538626291,427.72901237321753,D9
106,9,524.6996812707245,497.4520661500522,D10
106,14,907.8236508606925,460.3645222316793,D10
107,1,879.4057641609267,384.3767411335774,O10
107,3,283.93302477616504,785.1309313120524,O12
107,4,1346.9390211671073,581.5618050338837,O4
107,7,1041.193431215088,425.33717908902463,D9
107,9,527.6262205455575,494.27775989277706,D10
107,14,911.0683528345484,439.91479033687455,D10
108,1,884.2417897575169,383.8039131625484,O10
108,3,276.8744117526393,771.2199572445219,O12
108,4,1346.221804709354,581.9219685557387,O4
108,7,1046.8534721369674,422.0628412852274,D9
108,9,529.7974540425148,491.1616637723567,D10
108,14,911.6874485696266,418.2372097226493,D10
109,1,888.5977776939233,390.9200353028623,O10
109,3,270.18902205798196,757.7413893050945,O12
109,4,1345.6972422367596,582.151628708038,O4
109,7,1052.2770323939603,423.1877954214439,D9
109,9,532.5104686591814,488.76899110820824,D10
109,14,907.9111539749648,411.13846403110813,D10
110,1,890.1208225194277,394.12240290129273,O10
110,3,265.25661019319443,747.2073657753632,O12
110,4,1344.6813324143297,582.5547722560798,O4
110,7,1055.6788189995282,423.56040748183756,D9
110,9,534.2104393978925,488.9141893131899,D10
110,14,908.7277343920748,402.4531089317766,D10
111,1,893.452609491961,393.1460008970658,O10
111,3,261.9229062822537,739.0467204400302,O12
111,4,1344.9952500577049,581.0036091497677,O4
111,7,1058.4702312828592,424.2611111234612,D9
111,9,536.1263968265392,489.72871752869077,D10
112,1,890.0703855441293,383.6928032714069,O10
112,3,261.0323682377809,736.2332716023689,O12
112,4,1345.3150504610387,580.5976474026014,O4
112,7,1062.6173426326843,422.32450402374207,D9
112,9,537.5160378372167,491.1003447495788,D10
112,14,902.0390958049398,393.7288854984593,D10
113,1,880.1693376348205,357.28124407447257,O10
113,3,262.2130382996447,736.5877667638115,O12
113,4,1347.0297831324094,577.0527165873845,O4
113,7,1065.3626982819785,422.1613634992024,D9
113,9,538.3266467940092,488.5290093947381,D10
113,14,908.8374877191299,391.4338389427968,D10
114,1,876.1516280833962,335.3240047254162,O10
114,3,264.2400738150995,736.7689475980656,O12
114,4,1348.1651479425093,575.7520000241775,O4
114,7,1068.5844331158098,421.84115521011483,D9
114,9,538.6889437473686,483.74871605355344,D10
114,14,912.8068785386189,386.4928491469817,D10
115,1,874.3038319293272,319.52287834978426,O10
115,3,265.05515512395505,736.9557426107397,O12
115,4,1349.2250343450776,573.7178862732505,O4
115,7,1071.735490762966,420.48528099892565,D9
115,9,535.927260328748,461.3737274474627,D10
115,14,914.4938226802287,377.5381535362694,D10
116,1,874.3076102761233,300.50102275531196,O10
116,3,265.941865015227,737.2842191934667,O12
116,4,1349.7727998725559,573.172100918515,O4
116,7,1073.890290024489,415.2050555917432,D9
116,9,536.566421366782,445.5971527364121,D10
116,14,915.3566020724581,367.1975735097046,D10
117,1,875.2283090293947,282.7556181769636,O10
117,3,267.1465025741017,735.6383047471496,O12
117,4,1350.3123673645523,574.2516195597467,O4
117,7,1075.5506575352117,411.7315030008398,D9
117,9,538.3356189452387,438.23774990721756,D10
117,14,919.1532487312458,344.3275754316389,D10
118,1,872.9746580034275,277.5860756427816,O10
118,3,268.01529162639434,733.868297440461,O12
118,4,1350.3398795730743,574.9895904541748,O4
118,7,1076.6223332630207,408.7740628180635,D9
118,9,540.9162749280515,436.8584209566019,D10
118,14,923.1143933045669,321.37278981330286,D10
119,1,872.7120115150952,275.9675372011544,O10
119,3,267.6552979037131,731.7787701985638,O12
119,4,1349.8329588795336,575.3214662952547,O4
119,7,1076.2746584293618,406.7025566856888,D9
119,9,543.9446128186686,435.06280098179855,D10
119,14,926.0788200419609,296.63147064633523,D10
120,1,876.1987371788315,270.61728995248774,O10
120,3,265.4798014697004,726.8329288603461,O12
120,4,1348.9694882150297,577.1510975664801,O4
120,7,1075.645635739629,403.0902908021225,D9
120,9,546.0075751472536,431.30676433156714,D10
120,14,924.5822624490695,271.69671879694425,D10
121,1,881.753309119624,267.27264279039036,O10
121,3,263.30058548057286,722.1965714374,O12
121,4,1348.1093079200941,577.980297880959,O4
121,7,1076.0611455628593,401.69438801183304,D9
121,9,547.6456762606542,428.936069463894,D10
121,14,929.8772600549021,257.21046737385444,D10
122,1,890.3318998085823,257.0087567003378,O10
122,3,258.3034860023213,711.8014599978953,O12
122,4,1347.1814520196788,579.8310124394197,O4
122,7,1076.9199008717292,398.088020125639,D9
122,9,551.0756750376165,424.60361470330605,D10
122,14,935.2912783710727,246.84749551258855,D10
123,1,894.8977972653493,236.7594127285443,O10
123,3,255.06184863423735,705.2050116339792,O12
123,4,1346.1023249539649,582.4179948979884,O4
123,7,1078.4171124661655,394.84505188080766,D9
123,9,554.7605112945722,420.92540211901735,D10
123,14,937.4693507207334,240.0984623241327,D10
124,1,895.6959459144657,214.097872502188,O10
124,3,250.18213895898984,695.0847426420289,O12
124,4,1345.7096259649088,581.4997302003947,O4
124,7,1080.9563443236414,389.9289897284496,D9
124,9,558.3946532397583,418.9003459327178,D10
124,14,928.781754987252,230.41800066509185,D10
125,1,896.9455488762992,198.68449522183582,O10
125,3,248.28892255396977,691.8065999710958,O12
125,4,1344.3082566460223,583.1725631113237,O4
125,7,1083.254925284804,386.33812522507003,D9
125,9,561.2503468609309,419.5895608191882,D10
125,14,936.5254592429866,211.40525784634403,D10
126,3,247.56618362275753,690.4714510014869,O12
126,4,1343.6468601122522,583.5583929191566,O4
126,7,1086.6161891005104,380.2815263062385,D9
126,9,563.1909382716069,418.3814279461627,D10
126,14,927.7764091152345,190.7969550425573,D10
127,3,243.44814426477078,684.4110079101667,O12
127,4,1342.719740036457,585.3808786602676,O4
127,7,1089.219180382896,373.8884412881686,D9
127,9,563.2961204797965,413.0539421587178,D10
127,14,922.9707224260262,165.95226607255108,D10
128,3,238.7019949176716,676.1657223360606,O12
128,4,1341.502764330573,584.6359383847375,O4
128,7,1091.2381814063872,372.4439386573232,D9
128,9,562.6687159127326,411.19423245475906,D10
128,14,933.7350895500745,133.89080381423707,D10
128,1,908.800052099171,110.91629440129269,O10
129,3,236.29371924127446,671.7795319018173,O12
129,4,1339.5301161055484,584.6477247889004,O4
129,7,1091.8916863356137,369.0354252583431,D9
129,9,562.2274408724697,407.5335045299194,D10
129,14,919.29927388815,120.62918481840876,D10
129,1,903.2519288301235,94.02845099538206,O10
130,3,233.7535261716611,665.597559473367,O12
130,4,1336.4926311751403,585.0179566858994,O4
130,7,1092.132868071876,366.90036329128526,D9
130,9,563.750463885073,406.06305919942986,D10
130,14,920.3467481399708,104.30725067644883,D10
130,1,903.5654599136075,91.2711227104671,O10
131,3,232.65363882844557,663.5555475090687,O12
131,4,1333.8260853380373,585.3687695348934,O4
131,7,1092.3093948012845,366.1811185782783,D9
131,9,567.5340217676759,400.9145712901285,D10
131,14,922.8284270462351,95.34776814246068,D10
131,1,900.1586190037787,95.53303962824741,O10
132,3,232.32974924410604,663.0044676011432,O12
132,4,1330.9254649431743,587.3388236060731,O4
132,7,1091.6215685554116,365.14901771960433,D9
132,9,573.741474688129,390.7962356722774,D10
132,14,925.9432263680021,94.15677046805826,D10
132,1,895.1226245749408,66.8667956407211,O10
133,3,232.28075176022662,662.9554889192062,O12
133,4,1328.0698059077588,588.3298084714777,O4
133,7,1090.7052740598276,362.89683123245163,D9
133,9,579.3530491503832,382.19426007047645,D10
133,14,930.8431679833882,102.0101204203022,D10
133,1,895.4001506633679,99.13893302504245,O10
134,3,232.37387638235018,663.1476333857848,O12
134,4,1326.0340283776457,588.8618376026833,O4
134,7,1089.5572326396273,366.4247631942537,D9
134,9,584.2502446097106,377.7062795222655,D10
134,14,933.0888776165009,104.0338505663897,D10
134,1,897.2323780473623,104.58398617244323,O10
135,3,232.21297871761348,663.395329621124,O12
135,4,1324.0407943540665,589.2345760858029,O4
135,7,1088.261932854543,368.9937952069432,D9
135,9,594.862330955278,369.28186036666006,D10
135,14,936.0950959861522,114.69772376176384,D10
135,1,899.6742779544788,98.11812982823493,O10
136,3,233.02318983547596,661.7622324456722,O12
136,4,1322.3292660891764,589.4305765731154,O4
136,7,1087.5018827002748,370.9945401816918,D9
136,9,604.4346790492259,367.664980820349,D10
136,14,937.1026370747841,124.48018793958379,D10
136,1,902.3745919892193,132.83129414952447,O10
137,3,233.3695862903489,661.2436037933231,O12
137,4,1320.4714380051903,589.6476915995701,O4
137,7,1087.649834115412,371.70875595177574,D9
137,9,609.8621408250862,361.3044496505163,D10
137,14,938.776897007501,126.93212781241397,D10
138,3,234.2976435705993,662.6997918591856,O12
138,4,1318.158778556686,588.4149660258768,O4
138,7,1087.251928215581,378.18157904039145,D9
138,9,613.5710544493221,358.80323309596,D10
138,14,941.3898240290364,130.71761034399205,D10
138,1,911.2148033801966,-27.095250337341408,O10
139,3,234.4237537202811,663.3917475957978,O12
139,4,1314.01178295349,589.9504342804681,O4
139,7,1087.7777493207836,383.56551974315346,D9
139,9,615.4070420361109,354.64082665746395,D10
139,14,943.6972637763638,134.98356362167254,D10
139,1,922.8867834817664,-30.563306518584636,O10
140,3,234.0155444691683,662.1421680446854,O12
140,4,1309.7603385189386,590.9214746787173,O4
140,7,1088.4003749828971,385.5359195851952,D9
140,9,620.4481874511129,353.6417187853889,D10
140,14,945.1993928870625,137.94151144719663,D10
140,1,933.0463811559932,67.35794997800585,O10
141,3,232.10608722255375,658.6494150835143,O12
141,4,1305.452723506914,591.6623049491471,O4
141,7,1089.3602286027028,386.16391487517626,D9
141,9,622.6311401185286,338.84000694758595,D10
141,14,946.3523721130903,137.6783027941889,D10
141,1,936.6159439952679,100.98456556288585,O10
142,3,230.65372881528916,655.8089463516676,O12
142,4,1301.9766883909097,593.7103895390668,O4
142,7,1090.460449986306,388.23802376990255,D9
142,9,624.1615404234254,317.00420916612063,D10
142,14,947.3778473934195,136.11364496484677,D10
142,1,936.5687408579544,109.23732207759558,O10
143,3,229.12431388712523,653.3090934608819,O12
143,4,1300.1475466127974,594.5682825618837,O4
143,7,1090.5385237065525,395.1020808616085,D9
143,9,628.5634215127171,305.8857892742071,D10
143,14,944.9872877147491,137.52346202342414,D10
143,1,936.4505570486184,116.3627869822288,O10
144,3,228.64497135531946,649.0116394959406,O12
144,4,1298.5933988282663,593.4853600093234,O4
144,7,1090.7572569827764,398.5991493696603,D9
144,9,633.0748322201335,296.7433660817423,D10
144,1,940.3063433328979,135.79394567019955,O10
145,3,227.4747550432467,645.938784093235,O12
145,4,1296.6653527406502,596.25720579797,O4
145,7,1090.3103498335456,404.8180617563454,D9
145,9,641.2267485933479,293.82049547570153,D10
146,3,225.50564658769656,641.6247103751642,O12
146,4,1295.0109097305042,597.4098940258076,O4
146,7,1089.46746161351,410.10636777131657,D9
146,9,650.7807572015522,293.19877493273503,D10
146,1,939.802218903924,148.86725171874127,O10
147,3,222.7862004489286,633.4986749328481,O12
147,4,1292.8741339244102,595.0070664148154,O4
147,7,1089.0045102658662,412.0427855451085,D9
147,9,660.9965351313348,294.6902426591207,D10
147,1,938.0379122753109,153.69383499859674,O10
148,3,221.5795742450667,627.0625889413869,O12
148,4,1289.1967585263328,597.5550060263415,O4
148,7,1088.816772659349,408.77038841422996,D9
148,9,669.8439810681557,291.1068830626439,D10
148,1,936.6777797077385,158.08597068522215,O10
149,3,219.58012344622102,621.5369923696634,O12
149,4,1285.8823239010992,597.3049818363854,O4
149,7,1088.9383388797478,410.40407872882247,D9
149,9,675.370110414764,290.9241690532845,D10
149,1,934.7882741761638,165.14522694304142,O10
