1,1,752.1759344929899,1060.7672588911505,O10
1,4,70.33991203983992,522.3475999672316,O4
1,7,1065.9578730877881,286.20915881791234,O12
1,8,717.7205580777254,803.9790155522567,D6
1,10,313.06268919658595,488.1273522428576,D9
1,12,1002.5393909574625,305.80897279273063,D10
2,1,752.6651135914586,1060.6988869253476,O10
2,4,71.8418399574404,522.103725310033,O4
2,7,1070.197815304295,282.5867317603932,O12
2,8,714.0966860144958,797.795950816846,D6
2,10,309.9436891226635,492.57654160483617,D9
2,12,1001.6860911673027,307.38624533988263,D10
3,1,752.294755465397,1060.7318889590044,O10
3,4,75.79763428304425,526.2524143786544,O4
3,7,1068.3153173630817,283.7041289268258,O12
3,8,712.6307119928855,789.1545941215439,D6
3,10,306.0377550080728,497.34837200103914,D9
3,12,999.3711492649635,305.35178974807263,D10
4,1,751.7465336094162,1060.8085133796515,O10
4,4,72.99648776800326,520.0477666868992,O4
4,7,1065.5340535163975,285.73998276479324,O12
4,8,718.1215243068452,815.8936160062976,D6
4,10,300.12804684809544,498.37551937838373,D9
4,12,998.69019106711,305.9537284104584,D10
5,1,751.335183579441,1061.793996687563,O10
5,4,73.25234919332536,517.7325110537447,O4
5,7,1063.5462437611698,268.7974332280099,O12
5,8,719.8584171700728,818.4714098350271,D6
5,10,293.96610196326526,498.02115837070033,D9
5,12,996.449080643268,305.2584932052332,D10
6,1,750.2261866122249,1061.3586323366999,O10
6,4,72.79027350693198,515.9742943160585,O4
6,7,1057.9484595733848,250.91482840262353,O12
6,8,718.610881080551,817.8710636493877,D6
6,10,292.27554630009615,501.05981940845015,D9
6,12,997.8800687702268,301.0514579979962,D10
7,1,748.8857859452468,1060.4479870204493,O10
7,4,72.61925182544216,515.428003522874,O4
7,7,1057.495989380814,248.63659097552662,O12
7,8,719.5803227494996,819.7878791079879,D6
7,10,292.59790684950576,507.23507355493996,D9
7,12,994.6497488286346,296.5823004395347,D10
8,1,748.4359232834316,1060.1162035263624,O10
8,4,72.581781416687,515.3191825328803,O4
8,7,1050.3318748655004,249.17450696503653,O12
8,8,720.5702485272727,824.0418959776335,D6
8,10,288.81904681269293,506.8312002712253,D9
8,12,992.180427329479,292.86449120440284,D10
9,1,747.9123317544629,1060.0765816501698,O10
9,4,73.74795106681663,515.2159650100098,O4
9,7,1045.5541034526568,245.1484045484662,O12
9,8,722.1816325968235,835.261977976017,D6
9,10,286.6776625765127,504.66427785739995,D9
9,12,988.7258046067815,296.7519270088956,D10
10,1,747.1304738087828,1060.993849337755,O10
10,4,74.18381971864781,515.1974795996355,O4
10,7,1042.772067070333,245.27058864199148,O12
10,8,724.2238964574166,847.4175955897048,D6
10,10,284.90903961784835,507.00425374839386,D9
10,12,986.1940919584587,300.74245755469576,D10
11,1,745.9359388771774,1060.6254311036407,O10
11,4,76.00558015196005,516.0031959174897,O4
11,7,1038.8109137833142,256.8615242594171,O12
11,8,724.3299277718271,848.3464631014259,D6
11,10,281.63887273199975,507.17243624730287,D9
11,12,985.2894353608242,304.57817713879484,D10
12,1,744.9076559227998,1061.4265754048902,O10
12,4,77.30723787881594,515.2173755642995,O4
12,7,1035.7147990493047,257.9512212531519,O12
12,8,724.9367218014962,851.9039258842874,D6
12,10,278.1863718280603,510.5354907336102,D9
12,12,983.754026790408,307.3655632494939,D10
13,1,743.2438750591334,1061.0581077202426,O10
13,4,80.57099357696261,515.5361321728436,O4
13,7,1035.4866859542672,255.96464031630293,O12
13,8,724.4716475181503,851.9568747287396,D6
13,10,274.2489296832879,514.137860279409,D9
13,12,983.3548389009275,295.87540226813337,D10
14,1,739.9192979091409,1061.287880644707,O10
14,4,82.55025420316842,512.4769924704547,O4
14,7,1034.629558748049,245.871956845122,O12
14,8,723.3795643678138,849.517203060001,D6
14,10,272.2719615032898,516.4898958625898,D9
14,12,982.1077621394193,283.5188538518012,D10
15,1,735.7016129819993,1061.783443212151,O10
15,4,87.22493587776688,511.76523153340037,O4
15,7,1032.7303576455865,253.19090303593387,O12
15,8,722.0191764662155,848.5291424196544,D6
15,10,268.5832309702534,512.7710700264328,D9
15,12,981.0871190614632,275.5097455380428,D10
16,1,732.3889514626161,1060.5236740167315,O10
16,4,90.83950806866073,510.2698127726026,O4
16,7,1029.7397103634062,251.49869456207935,O12
16,8,721.5338974341188,847.9999620040527,D6
16,10,263.9864617767479,510.8179851526061,D9
16,12,980.7687564183907,274.9603196314973,D10
17,1,730.2404556254301,1059.3324126467742,O10
17,4,93.95630607424353,508.4102475120883,O4
17,7,1027.9804471403204,253.4229809639029,O12
17,8,720.8650391411883,847.7359560509693,D6
17,10,260.43293612344604,511.2736357580641,D9
17,12,979.3429468063661,286.7535885600944,D10
18,1,728.3778438192021,1059.0632412978125,O10
18,4,97.30205550552648,509.5467763199161,O4
18,7,1025.422636416605,258.0652207743049,O12
18,8,720.1744801592037,847.6079805987295,D6
18,10,257.1223307015669,510.7781926055689,D9
18,12,976.4188687727027,291.51007786756423,D10
19,1,725.7000958472983,1058.4054492162209,O10
19,4,99.78545954394157,507.73488860096893,O4
19,7,1023.8776701054231,261.07318928934643,O12
19,8,720.5835908878302,848.5739616507118,D6
19,10,256.7600870502696,512.4383051646339,D9
19,12,972.8588675352801,295.98514465980674,D10
20,1,723.6154264045382,1056.6364928984756,O10
20,4,103.92797786918393,508.6391327428403,O4
20,7,1022.0832509285585,263.6402264993926,O12
20,8,720.7185058298394,848.8603938446583,D6
20,10,256.1741685350748,513.10398496214,D9
20,12,970.3451651858643,292.2328004178807,D10
21,1,722.3187695594335,1055.2080174831963,O10
21,4,105.49587802568381,509.0270278874562,O4
21,7,1019.5398781008803,267.1980000794982,O12
21,8,720.5355645641421,850.1473570065316,D6
21,10,255.32007240121575,514.4542031346175,D9
21,12,967.0034458038436,287.76482634398707,D10
22,1,721.7184555616383,1053.859360542708,O10
22,4,111.05341719083664,509.49053133501616,O4
22,7,1017.4603921521975,267.5590720705694,O12
22,8,720.2577354971023,849.3775133744574,D6
22,10,255.93380471987078,516.7859002438254,D9
22,12,965.7622263376323,281.4360992637336,D10
23,1,722.6850123022801,1053.2075098122443,O10
23,4,116.74739299397201,509.1091611929073,O4
23,7,1015.5060175521193,267.8495134949915,O12
23,8,719.9115807134235,850.2494054097655,D6
23,10,255.67378324610797,517.7112222786615,D9
23,12,964.7182094180864,278.01964883617563,D10
24,1,722.9864385600085,1052.140268180812,O10
24,4,123.89957025590371,509.24412771343594,O4
24,7,1014.2194746057477,269.18474319059834,O12
24,8,719.7891036532195,850.5054743252873,D6
24,10,251.69563741179516,511.64332686378606,D9
24,12,964.3794759128136,273.28690641879746,D10
25,1,719.2360488585674,1052.3197350337002,O10
25,4,130.90135246762395,505.6500012227291,O4
25,7,1013.4913939909301,259.18314965523444,O12
25,8,720.2019164402495,850.4997557287867,D6
25,10,250.1020078641501,510.33528878411755,D9
25,12,959.5095040996827,271.11378027313106,D10
26,1,715.3736764736103,1053.6079759098504,O10
26,4,139.2664693498177,503.385555782291,O4
26,7,1012.6769630028068,255.4358394941607,O12
26,8,720.3525963458577,850.438550828215,D6
26,10,250.58703784094416,513.6581607399768,D9
26,12,958.8090143826993,267.81382564061005,D10
27,1,711.5513591783987,1053.5868220866348,O10
27,4,147.45592395632164,500.7779733848931,O4
27,7,1011.6038942501447,261.22179546116325,O12
27,8,720.4033418009769,850.3650502977782,D6
27,10,252.03761740934834,517.691414655881,D9
27,12,953.7700421226838,268.5369398592778,D10
28,1,707.1417752805706,1054.011989228188,O10
28,4,153.59160467238164,501.389233866851,O4
28,7,1010.6540210177955,263.5362733517136,O12
28,8,720.6327913821027,851.445047016343,D6
28,10,252.45694959081825,520.2209071993661,D9
28,12,951.1877942937024,269.02586335058,D10
29,1,700.38499328907,1055.7625634349972,O10
29,4,158.45045283971533,502.2320741309711,O4
29,7,1009.0748958133913,264.581445357637,O12
29,8,720.924699194932,852.9766360633975,D6
29,10,253.0050088338363,522.0400602604765,D9
29,12,950.2123761261727,265.72890976692617,D10
30,1,695.6203932468123,1056.754746678078,O10
30,4,161.70630709269744,501.38577516887517,O4
30,7,1006.5969703788081,267.5853018830162,O12
30,8,720.8284483479439,852.3694506949453,D6
30,10,254.31302470909043,522.5536679435282,D9
30,12,949.2963234438721,264.6799421763315,D10
31,1,691.7328885038814,1057.4422048129768,O10
31,4,164.4048441700095,501.8813935853352,O4
31,7,1001.3537478901434,269.3281879563299,O12
31,8,721.0142369589911,853.2543266488773,D6
31,10,254.62694375188448,524.7315368937558,D9
31,12,947.8060030635871,265.6656170965662,D10
32,1,688.8411004160785,1056.198501428819,O10
32,4,166.2413174301829,505.9953427411229,O4
32,7,1000.5946957520325,269.83135883641006,O12
32,8,720.6211528608975,853.6269314123347,D6
32,10,255.83299828984903,521.4038010069256,D9
32,12,944.7791178582054,266.5107821109776,D10
33,1,686.499113972462,1055.05605867321,O10
33,4,164.76926617215852,502.7886591743376,O4
33,7,1004.1934796066779,267.1083402989403,O12
33,8,720.5032831202276,851.3972955419941,D6
33,10,260.8765531474278,522.382643949414,D9
33,12,937.9289689668102,265.3691107820894,D10
34,1,685.5931372115725,1057.2476486367873,O10
34,4,169.12815504605373,499.83370477287207,O4
34,7,1005.7711246013906,268.33322111733656,O12
34,8,719.3503439796315,849.4933603609097,D6
34,10,259.0313203112158,523.3143845316827,D9
34,12,933.5048072444729,265.28845603795753,D10
35,1,683.4468953251651,1056.6077257538734,O10
35,4,171.82550513018626,498.54153849985477,O4
35,7,1005.6619489033783,271.1836020522635,O12
35,8,717.3496142822357,847.7970143251785,D6
35,10,259.6666805518681,525.3975342005999,D9
35,12,932.7873792441538,265.13118291880625,D10
36,1,681.5851624714713,1056.503256153751,O10
36,4,173.64219386289213,494.80113441535605,O4
36,7,1005.8794139960157,261.73218098549034,O12
36,8,715.9338304071648,846.0250381743265,D6
36,10,263.6470965360833,522.5921918818135,D9
36,12,932.594472387037,265.0806664453396,D10
37,1,679.0527181648681,1055.0003790004557,O10
37,4,177.89048909125327,495.9705248643442,O4
37,7,1004.4600412492903,268.94462488755977,O12
37,8,715.6243074119791,846.5229716776608,D6
37,10,265.55229411733967,523.4123292116979,D9
37,12,931.313792510587,265.2976221728816,D10
38,1,675.6724924638928,1052.2161985240773,O10
38,4,183.2609713103732,494.9029550011764,O4
38,7,1003.2139042959225,277.5256195783204,O12
38,8,716.1930885056124,847.8417718391469,D6
38,10,265.65976524717155,520.9084243677349,D9
38,12,930.339128759409,267.97423810857214,D10
39,1,670.6251954435246,1048.222406809412,O10
39,4,186.19776339909558,493.3190067810288,O4
39,7,1002.7797669239034,281.8885838142943,O12
39,8,715.9812655709401,848.4044015297399,D6
39,10,267.5859457670343,518.6606539237913,D9
39,12,930.0923435037151,270.1154880858093,D10
40,1,663.3722256624592,1044.0070763693334,O10
40,4,186.00521586278728,492.97872445676524,O4
40,7,1001.90065640084,289.3352419641352,O12
40,8,715.4821917912207,846.3563488732367,D6
40,10,274.3124948819643,518.9310238651046,D9
40,12,929.3833689039574,268.774576793423,D10
41,1,664.0680752070848,1037.5456663596153,O10
41,4,188.99446969020025,494.49493266403414,O4
41,7,1001.1815471584832,281.9717747608231,O12
41,8,716.6225024811158,847.7673373248361,D6
41,10,278.065332838891,518.8649859675886,D9
41,12,926.6222511726266,269.8429796912147,D10
42,1,655.3556306615083,1028.3101397220223,O10
42,4,206.8016484766918,493.63975047166565,O4
42,7,1000.0513472630793,292.9671295186338,O12
42,8,718.9951218148182,846.8567337113801,D6
42,10,280.0621791925062,520.730723216851,D9
42,12,925.7468602672672,272.625602557335,D10
43,1,646.7323139031095,1021.9865093688065,O10
43,4,215.3484640446969,493.0916601131484,O4
43,7,998.8277344899103,308.33449776517756,O12
43,8,718.6726642459032,846.7159953723246,D6
43,10,286.0337966918799,517.760259376345,D9
43,12,925.4755031398562,272.53482280306173,D10
44,1,632.8847275003221,1014.676524383841,O10
44,4,222.7089131462985,488.1445218493159,O4
44,7,998.3393558768769,316.1431745869116,O12
44,8,717.4589888563789,845.5942372314349,D6
44,10,289.26146763635387,514.4576642838311,D9
44,12,924.7503111641709,271.40913906516755,D10
45,1,622.0338641654575,1005.2329540768874,O10
45,4,228.4288501569691,492.9061333751366,O4
45,7,997.4773468998085,323.42686857950827,O12
45,8,716.7299431690586,846.3922815247432,D6
45,10,293.8212652604551,512.6357927300797,D9
45,12,925.19163714865,271.9998366928257,D10
46,1,615.0573323486318,998.4103205936835,O10
46,4,233.57043762605335,496.3520476936522,O4
46,7,997.1125543175979,331.3863204871664,O12
46,8,716.9090858496098,846.6202786285769,D6
46,10,299.6947350403297,512.3928331337174,D9
46,12,925.4252299416203,272.1487900971331,D10
47,1,610.8106932370489,995.3173502212816,O10
47,4,241.09182692079395,506.88253945496734,O4
47,7,997.487486450159,339.5795332107023,O12
47,8,716.5402675833973,849.1493694969444,D6
47,10,304.6634620520287,511.88399047061705,D9
47,12,925.5563389596132,273.38795027038776,D10
48,1,607.4117058854454,991.7016873211126,O10
48,4,247.62880254346527,520.2004939755369,O4
48,7,997.643747465438,343.5328153521492,O12
48,8,715.1037940460927,847.9435367068832,D6
48,10,310.38742812707034,511.15340866366347,D9
48,12,925.6581045648069,273.8705773967517,D10
49,1,603.8753695349818,987.9574696032341,O10
49,4,257.9642860984661,533.712028855692,O4
49,7,997.7001133607806,347.00462431962075,O12
49,8,711.9403698171144,845.5244099271589,D6
49,10,315.5379966502093,512.4533577045756,D9
49,12,925.7293913366692,274.0694826884211,D10
50,1,599.070515736065,984.252388954771,O10
50,4,265.41868948588404,539.0332970392584,O4
50,7,998.3233205221615,348.99429549591906,O12
50,8,706.0531713645106,836.8955685715443,D6
50,10,316.39780928483947,510.13714123771115,D9
50,12,924.4945553268278,271.91977968345276,D10
51,1,593.8447647983508,979.5734735605214,O10
51,4,272.7281674089978,547.8591254463971,O4
51,7,998.5783084183363,349.57783972025885,O12
51,8,698.5301564980871,825.8198062535112,D6
51,10,317.71971757544867,500.0757392531686,D9
51,12,921.5180923036888,271.49585661674917,D10
52,1,587.5076149159595,975.599828533796,O10
52,4,276.71206977232157,548.8747171114713,O4
52,7,998.6399189171798,351.7872698614166,O12
52,8,690.4817911943511,817.3794276619082,D6
52,10,317.81764266454593,495.3447848181627,D9
52,12,917.1575342237049,269.4873551101429,D10
53,1,581.6409702632236,970.7858395944456,O10
53,4,281.1914598795513,555.285016503704,O4
53,7,998.7114692607676,351.39540796593127,O12
53,8,679.8459427476351,807.827092649363,D6
53,10,321.90717311455506,498.11471759490234,D9
53,12,913.6651038648661,266.6554491236874,D10
54,1,572.7649800109427,959.851009621193,O10
54,4,283.5622835049384,555.5503639053387,O4
54,7,997.5518463755733,351.30441028589325,O12
54,8,671.0354815024291,799.8864629221302,D6
54,10,327.92195647596384,498.53023001689644,D9
54,12,910.3375957051217,261.1842112394233,D10
55,1,563.4526589106326,950.4346689793018,O10
55,4,287.3822684134685,558.783974920039,O4
55,7,997.1110954587682,351.1071888082692,O12
55,8,664.5546786737789,792.2801503801003,D6
55,10,332.14698524726276,499.4309230012224,D9
55,12,907.8830227605167,260.5116953334457,D10
56,1,555.5929522696101,946.7098839764011,O10
56,4,292.1626684548822,561.1902756198933,O4
56,7,996.3870382405828,349.9969858642719,O12
56,8,659.3988542958788,787.3257516301724,D6
56,10,331.847158258218,492.0857466766538,D9
56,12,905.7943246915742,261.72757463395345,D10
57,1,549.1763459185325,945.0074978262755,O10
57,4,295.1189296474508,558.0503442622457,O4
57,7,995.4647062447045,352.80392984678525,O12
57,8,653.2961147507863,777.0060868710333,D6
57,10,327.342120720921,481.8104232759349,D9
57,12,905.0829091454261,262.2058423947547,D10
58,1,548.9549049527321,943.2055339282356,O10
58,4,302.5237164296701,557.6382938216333,O4
58,7,995.7065236035677,354.71861468252786,O12
58,8,647.9816282858532,772.3455002644858,D6
58,10,327.4728893330024,479.75653417771593,D9
58,12,905.6904039665209,268.2120953085324,D10
59,1,548.4089590160373,938.5684263502635,O10
59,4,309.04583870687804,556.8512008706954,O4
59,7,996.8777049789813,363.69442366590187,O12
59,8,644.604355815368,772.3633553407755,D6
59,10,329.70578745448677,489.9390587134315,D9
59,12,906.1994647666335,276.3449604883597,D10
60,1,545.5573644830021,934.1141211130644,O10
60,4,314.5873271008828,555.8926680165448,O4
60,7,997.8001404437988,374.0112982457469,O12
60,8,641.8232504788886,771.3766820566507,D6
60,10,332.20545958565305,493.47533035037515,D9
60,12,906.84314191425,291.9673579379157,D10
61,1,541.7583182903085,930.926809460479,O10
61,4,318.6888646920503,555.2500116007014,O4
61,7,998.321402295178,399.14904597428625,O12
61,8,639.0739078694136,771.5597645423778,D6
61,10,334.1851995871428,492.82365019669254,D9
61,12,907.238348514924,301.26653237452774,D10
62,1,535.1642291532756,926.3003617582452,O10
62,4,324.6494738380306,556.1401113146551,O4
62,7,999.8864020820029,398.4214775872785,O12
62,8,636.6147321181926,773.3881824085536,D6
62,10,329.876395453081,470.96258436700595,D9
62,12,907.7023976769342,313.71604195154725,D10
63,1,524.708515793925,917.0295683628266,O10
63,4,330.56136652880144,555.7775514487017,O4
63,7,1002.4066204904985,416.246574842651,O12
63,8,634.4399078181214,774.3765844082958,D6
63,10,328.64174390950717,465.55855047348666,D9
63,12,907.9834834513972,320.32115553938644,D10
64,1,515.2369377492106,906.5411091329022,O10
64,4,341.92759132371054,563.4301181732438,O4
64,7,1004.6495057655122,437.8132642996855,O12
64,8,631.8688396686965,771.0533575633922,D6
64,10,331.78982332422,465.1640144934133,D9
64,12,908.8534579662041,328.05662128111464,D10
65,1,506.1187071806339,893.1719670233632,O10
65,4,353.9403391687178,577.7097883365823,O4
65,7,1007.3955416637139,457.54336298910073,O12
65,8,629.0084242104148,767.494675057324,D6
65,10,341.35903717776375,489.69285759371274,D9
65,12,909.8375042760163,330.68234500961586,D10
66,1,497.7223455928632,884.3470182063957,O10
66,4,367.533357838956,594.0322160122029,O4
66,7,1009.992070364913,468.21187388479,O12
66,8,625.8417002849206,761.065931436823,D6
66,10,346.7983998407326,484.3184906396834,D9
66,12,910.1896628708447,331.42052728724127,D10
67,1,492.68212834049797,878.0176043792242,O10
67,4,376.1585610029527,608.1716159507239,O4
67,7,1013.1356639102074,471.61766285902274,O12
67,8,621.0762581156986,749.581461713933,D6
67,10,353.8182404488702,489.57400356962654,D9
67,12,910.9436368388858,331.40764520410613,D10
68,1,486.27432398244827,871.836548048921,O10
68,4,377.9174628356404,608.4425092911841,O4
68,7,1015.9578392116623,474.22706524706325,O12
68,8,616.3127947073973,738.7798691577707,D6
68,10,357.7127896807366,488.39202505912436,D9
68,12,911.2856692265566,332.41783973149927,D10
69,1,481.0109553614028,866.5868541381545,O10
69,4,382.7891973373188,602.3467405050964,O4
69,7,1018.9140201964902,467.24003838063896,O12
69,8,611.6440267411288,726.6897659839296,D6
69,10,372.4408620988791,516.7976758537932,D9
69,12,912.0569238565545,333.65878121045114,D10
70,1,475.7269361545828,862.9423357393919,O10
70,4,395.3221650180451,608.8491735949061,O4
70,7,1021.0493914885797,465.94839197617324,O12
70,8,606.9660372475695,713.9535889168974,D6
70,10,381.5637331094467,532.9281530929605,D9
70,12,912.311210092871,332.9068723790572,D10
71,1,471.7098047738996,860.9150942892913,O10
71,4,399.8582490776044,591.7806728549896,O4
71,7,1023.5765176073149,477.93486818187415,O12
71,8,601.369050508645,699.5197299196982,D6
71,12,912.3287896693746,330.3134875219999,D10
72,1,465.9697659462802,853.6529452835908,O10
72,4,409.42628158715536,603.0893148377086,O4
72,7,1027.1328564074447,497.9356580529636,O12
72,8,595.843656308078,684.1159847738625,D6
72,12,912.3896498236863,331.3910238375407,D10
72,10,379.83735528717216,535.1644212114078,D9
73,1,458.1435734672341,840.6887636637745,O10
73,4,416.08735995714744,607.0879195731171,O4
73,7,1029.74564539998,525.7612001874126,O12
73,8,590.9193731563279,672.8913001893426,D6
73,12,912.5494385857796,336.16741368207107,D10
73,10,367.7251967963992,504.6737383770332,D9
74,1,449.8197883377291,826.481788203161,O10
74,4,419.2487875384787,604.8574567293629,O4
74,7,1030.9592296614126,542.612927735717,O12
74,8,588.3340180433826,667.5858844146723,D6
74,12,912.9142105674719,349.7121396836469,D10
74,10,356.8072449568225,476.8762742883446,D9
75,1,440.7702069531136,814.3415083584001,O10
75,4,425.1115103412111,604.9374860326036,O4
75,7,1031.9579816440707,558.4949078112359,O12
75,8,586.8709819440705,667.6226590838808,D6
75,12,912.6295140647974,362.17569094657557,D10
75,10,364.31013834362074,497.3812018987639,D9
76,1,434.740233134243,806.5736332362551,O10
76,4,437.254075170689,608.5973742041419,O4
76,7,1032.004084451266,570.7647575677723,O12
76,8,585.969881431987,668.0502598283002,D6
76,12,912.0626760778478,372.10867494366227,D10
76,10,361.16042527318876,488.49355172995365,D9
77,1,428.0522642389037,804.6916551209961,O10
77,4,447.5926802626328,608.9837469980466,O4
77,7,1032.9299599924937,576.4531383895273,O12
77,8,584.3921383676951,667.0888437897217,D6
77,12,911.3878123644031,379.84719304380303,D10
77,10,364.1295726599899,488.4848652504947,D9
78,1,421.4134112599324,800.8494198430002,O10
78,4,455.53298762068107,608.4638303458265,O4
78,7,1033.7391053022632,578.2430995807862,O12
78,8,583.5748939490468,665.5244780741638,D6
78,12,909.5133201889117,388.0924923907234,D10
78,10,363.79994683593725,487.7894482899006,D9
79,1,419.23071511758343,796.98901158419,O10
79,4,461.964435272647,611.0270791609856,O4
79,7,1033.3869391907933,580.1244229207199,O12
79,8,582.5204485632876,663.6742430915511,D6
79,12,908.3496218004733,395.0580824674257,D10
79,10,372.55223094577354,499.35343912015844,D9
80,1,418.73659075152005,793.030040780842,O10
80,4,470.50085024118835,614.3769908693779,O4
80,7,1033.253231156975,578.8394845042558,O12
80,8,580.0285125018977,658.7397270152638,D6
80,12,907.3237415060968,397.55426865185126,D10
80,10,380.33508499374705,501.9357467153649,D9
81,1,415.28987654829837,790.9582039231043,O10
81,4,479.21908796437214,618.1307505565372,O4
81,7,1033.017470476599,581.28133254664,O12
81,8,576.6240388597523,657.441873279708,D6
81,12,906.3817214613944,399.3675397220894,D10
81,10,379.1265336841538,506.4848360867022,D9
82,1,408.2477371811668,787.1634645264364,O10
82,4,485.9737070035475,618.9103405773731,O4
82,7,1032.201539429584,597.9264417469185,O12
82,8,573.2439943933842,652.6775131683755,D6
82,12,904.9215193710244,401.0022785176975,D10
82,10,380.9025985253029,508.81877299568964,D9
83,1,404.71996526334254,781.964036223055,O10
83,4,493.95189702139277,621.6584905239768,O4
83,7,1031.055453385248,622.3646314757993,O12
83,8,569.925099626749,644.9495812544122,D6
83,12,903.2733368876895,403.6669191828018,D10
83,10,385.7468826008415,516.8465471681093,D9
84,1,396.2456970800215,775.7550141425027,O10
84,4,497.99588649529977,620.7880746144717,O4
84,7,1029.015345489177,644.7743552597923,O12
84,8,563.4047393871198,631.6114964533169,D6
84,12,902.2599490544128,409.7061630884393,D10
84,10,386.78850832859393,520.9223067688791,D9
85,1,387.1478776731036,767.4197714309524,O10
85,4,499.39642606996085,618.6602652937293,O4
85,7,1027.9356316329386,660.1898484112555,O12
85,8,556.5105948349963,615.6877322349106,D6
85,12,901.8575352752897,410.76211813540925,D10
85,10,389.9097089817908,523.875596221235,D9
86,1,378.17559918773753,758.1680014110082,O10
86,4,500.7362242426698,615.9873737276624,O4
86,7,1026.8414980720868,670.1631883882882,O12
86,8,549.8201410514981,600.2356246688504,D6
86,12,901.8418584122921,414.08631789780486,D10
86,10,391.8343142416889,523.8733545563247,D9
87,1,367.9229730369461,744.1806489343626,O10
87,4,501.2442995694273,606.4228871083023,O4
87,7,1025.5939907721195,682.0487451139641,O12
87,8,543.1570926949211,584.8144163551208,D6
87,12,903.3500451656563,424.8035137138803,D10
87,10,392.5584408378939,525.6821667000181,D9
88,1,357.77170379310274,731.1660988246084,O10
88,4,502.0014176264294,592.2556761191456,O4
88,7,1025.0234736520943,689.0477944140574,O12
88,8,548.1139914496943,573.012196989693,D6
88,12,904.2008391070748,435.54888403159777,D10
88,10,391.8857533468524,525.5013703530119,D9
89,1,348.56049033246137,718.2670441175578,O10
89,4,503.005402849522,574.4459231342515,O4
89,7,1024.3177619831965,691.487519733273,O12
89,8,551.5584761892909,565.2459317749103,D6
89,12,904.7246464681912,445.31707513713184,D10
89,10,391.80648697695716,524.4373203382469,D9
90,1,340.2427647361525,706.6930863079293,O10
90,4,507.1720814532584,563.4912255334957,O4
90,7,1024.4158882842823,694.7097079316706,O12
90,8,550.2031739863924,561.3158424388549,D6
90,12,905.1177484934327,454.52060720503715,D10
90,10,391.944518561949,522.9304250145432,D9
91,1,336.56143517864257,704.4601755453159,O10
91,4,512.5153695972344,557.1027230388484,O4
91,7,1024.1060520048145,692.8641980304809,O12
91,8,553.4241625684693,559.6998126669075,D6
91,12,905.3299033075778,459.6395433460307,D10
91,10,391.8706058359764,520.3929181419259,D9
92,1,334.44458038273626,704.0517293600981,O10
92,4,520.6749758241582,552.0620323863299,O4
92,7,1023.8677161171623,694.6324136655061,O12
92,8,557.0563699639209,557.2360461714204,D6
92,12,904.9624637081906,465.2167201351123,D10
92,10,390.87600926037203,518.5251064988305,D9
93,1,331.1760213457953,701.5193955539589,O10
93,4,527.3838172250511,540.6271890696806,O4
93,7,1024.6500718093955,708.6289802210164,O12
93,8,559.7140624444639,558.2985979899669,D6
93,12,904.9078677492604,468.9366437430711,D10
93,10,391.04959448189885,517.740550012175,D9
94,1,330.29615303911424,700.8936000891379,O10
94,4,530.9982617878246,536.3077601688364,O4
94,7,1025.895542226413,724.120583721787,O12
94,8,559.1149020117092,550.1121556729354,D6
94,12,903.7614901197918,470.2889355999211,D10
94,10,390.5161135585594,517.5150256716914,D9
95,1,328.9380192555804,697.8944773178018,O10
95,4,531.565210513243,529.2828523680687,O4
95,7,1028.0530748540361,735.9156482991198,O12
95,8,561.7761289051215,554.1033379343404,D6
95,12,902.1096014711147,468.7959958318235,D10
95,10,390.2437661751853,517.3379186537146,D9
96,1,326.6226978783218,690.9467991101371,O10
96,4,532.5029387813503,530.4842158435803,O4
96,7,1028.3061897316109,747.8831018596701,O12
96,8,561.9838235225303,543.2232120314594,D6
96,12,899.348300947359,472.1389908024409,D10
96,10,389.57526125766645,517.3708993125824,D9
97,1,326.62310506026444,690.0582559033336,O10
97,4,532.9682594863294,527.2753447652896,O4
97,7,1028.4071078732618,754.6274647179706,O12
97,8,560.5676886039298,528.339416541997,D6
97,12,896.5613873678101,471.575720858062,D10
97,10,388.7210456631752,517.4094188056846,D9
98,1,324.2437692002986,683.9580667739524,O10
98,4,537.647878671304,523.7113255733522,O4
98,7,1028.738997068137,760.6065957872092,O12
98,8,563.879914950783,533.6958453218056,D6
98,12,893.9095226315808,473.29402109448097,D10
98,10,387.8508929041509,517.5371296434827,D9
99,1,322.31726715225864,680.463744796963,O10
99,4,537.8900169784957,520.913893933299,O4
99,7,1028.3753140254216,763.9356330169812,O12
99,8,563.9612180728917,516.4824252377505,D6
99,12,891.7519961401327,472.1954594151096,D10
99,10,387.1772367761318,516.6800759709038,D9
100,1,320.98721258698794,676.2855210784215,O10
100,4,538.1470583829627,517.1937637425367,O4
100,7,1025.9603078988598,766.4848575102744,O12
100,8,565.2202016444544,498.35359485084615,D6
100,12,890.5013824758832,473.62426439612744,D10
100,10,386.1180620539045,517.4874148748609,D9
101,1,319.8645642723453,671.7979448411922,O10
101,4,538.739764803862,515.875883272254,O4
101,7,1023.7362121869776,766.0824918134977,O12
101,8,568.6277402745123,484.56172760254634,D6
101,12,887.917676426019,476.2148891262853,D10
101,10,384.9265427532096,518.8994846986019,D9
102,1,319.9564971470013,668.6995661770995,O10
102,4,539.6729224290339,509.81385400087834,O4
102,7,1021.0048491226285,767.2769509455785,O12
102,8,576.8326070712317,471.81421174473763,D6
102,12,885.2707395249475,477.4856779004693,D10
102,10,385.44783311101037,522.3079614123264,D9
103,1,320.6048801308404,667.6538087228689,O10
103,4,542.3653004808974,503.47398664071727,O4
103,7,1017.8637510079627,766.5395187699324,O12
103,8,582.5747477860589,461.9701708482307,D6
103,12,884.7580937709308,487.11293385703965,D10
103,10,385.63006204730556,523.5332404210357,D9
104,1,321.627771950889,668.9873101296413,O10
104,4,545.1907076784584,497.0294869595662,O4
104,7,1013.3435171238391,767.7498122376412,O12
104,8,587.9724625658425,457.17121200210613,D6
104,12,884.0201519062581,477.6477219132971,D10
104,10,386.9214112217912,525.7133513525339,D9
105,1,321.3210188073711,666.4870441032205,O10
105,4,549.0180190869797,484.54339066336206,O4
105,7,1008.6513255185624,779.6917550888269,O12
105,8,593.0992211543281,456.3492377777425,D6
105,12,884.5533728217025,501.8339093124569,D10
105,10,387.3437556435092,524.5751387537862,D9
106,1,319.9158613846664,662.5728512285356,O10
106,4,554.8281422054898,476.3800698746248,O4
106,7,1005.5442821018128,793.9270415130756,O12
106,8,601.1593057929804,455.4339690004808,D6
106,12,884.6299724379901,519.3871790705313,D10
106,10,387.20386861822203,525.0909071023526,D9
107,1,318.8052281698018,659.6684850154564,O10
107,4,558.3093172886531,469.2566230693394,O4
107,7,1002.9328772135538,804.0045254714347,O12
107,8,600.5574586415462,451.81660606923236,D6
107,12,883.7030509137,527.6428120697693,D10
107,10,385.6542678739402,524.4782804275727,D9
108,1,317.14637916802235,655.623741607391,O10
108,4,560.9248519525796,462.6374634292788,O4
108,7,1001.4561316376313,811.238049524884,O12
108,8,605.5803163504147,456.13552213296606,D6
108,12,883.5649955025893,534.0748260096952,D10
108,10,385.75916567109033,526.0989095764862,D9
109,1,315.9456040488953,652.7042323402861,O10
109,4,563.2235916431478,456.11071939046343,O4
109,7,998.1280651056142,819.9759659830272,O12
109,8,610.4733328501801,461.4297981341512,D6
109,12,884.1819717730677,537.9060698331529,D10
109,10,385.87988088719476,528.6151803686695,D9
110,1,316.58624683230187,651.6020934900649,O10
110,4,562.5970161973053,447.9826932857667,O4
110,7,995.9442087361932,826.6722625409229,O12
110,8,614.094502874515,461.389220176283,D6
110,12,884.971902225603,539.0613654304055,D10
110,10,386.5021684148192,529.4668948830345,D9
111,1,316.7585020223994,649.667592534142,O10
111,4,563.1926855461257,444.0203141863995,O4
111,7,992.947452809013,830.4040635452259,O12
111,8,618.2314035289554,455.1296982713579,D6
111,12,885.8419554438389,539.1494256258903,D10
111,10,385.8337144175081,528.9006600324186,D9
112,1,316.85112930351806,649.0353849783002,O10
112,4,568.0081083473244,442.0921744841862,O4
112,7,976.2752781004139,834.902720660745,O12
112,8,624.7015734174779,454.1104076447205,D6
112,12,886.0904407891703,537.19762835556,D10
112,10,385.8840512783923,529.5361100382254,D9
113,1,317.59739259394007,650.4822664485953,O10
113,4,569.917449212551,439.46069323239163,O4
113,7,969.5613720778083,836.4360948717292,O12
113,8,629.5351428149474,451.50712184836306,D6
113,12,886.8395982334107,537.9686659650308,D10
113,10,385.9018769236841,529.7476663576767,D9
114,1,317.9231276873043,651.1460116505382,O10
114,4,571.1404718334569,438.63421885598524,O4
114,7,965.9807387965644,836.9446810929423,O12
114,8,635.4705133244923,448.0138880067831,D6
114,12,886.5019877355886,536.4720286153796,D10
114,10,385.656296471137,530.7895556898472,D9
115,1,317.5319303057587,651.539464571539,O10
115,4,573.4619700431127,439.2612807779748,O4
115,7,964.2543528928044,838.1548796061694,O12
115,8,638.9528705496605,444.6012452712567,D6
115,12,886.5392489238584,539.2235583134611,D10
115,10,385.8675889709633,532.0409689872587,D9
116,1,317.36730785057085,651.7129430436188,O10
116,4,575.7414185017624,438.37164632411987,O4
116,7,961.5292902870235,838.7475879299989,O12
116,8,640.61073075952,443.3580603779976,D6
116,12,885.865263034224,513.9098187393378,D10
116,10,385.9158285826178,532.4609348996355,D9
117,1,314.4457950577571,648.972227199573,O10
117,4,578.6388432495801,436.8823508714098,O4
117,7,959.7634970357016,844.6168503324333,O12
117,8,643.0214385268465,433.56909225633865,D6
117,12,886.6886120901391,514.5944212963801,D10
117,10,386.27484169957876,533.5176120932623,D9
118,1,310.49034267351306,651.7958208698395,O10
118,4,582.0605748171448,430.9543320557135,O4
118,7,958.4316329369049,857.9788138888665,O12
118,8,641.74381199887,418.86759314949194,D6
118,12,887.8427550922036,520.0777435839909,D10
118,10,385.83298766539,532.1314661039429,D9
119,1,308.58160040946836,654.6700004012512,O10
119,4,584.6229814898581,426.615352087494,O4
119,7,962.3631554262685,866.6015829159413,O12
119,8,643.8644573129983,401.44012144050265,D6
119,12,888.5865380609721,529.1857117980203,D10
119,10,386.2801850308697,533.4102271843757,D9
120,1,306.51011609911853,657.7080122623787,O10
120,4,588.4060699906975,418.4822941986761,O4
120,7,965.510052719907,877.0408495169884,O12
120,8,645.2901865876643,385.23918411359705,D6
120,12,889.583426614128,536.0230956835085,D10
120,10,387.1193820405587,535.7357207024986,D9
121,1,304.2649463250364,659.1300190000151,O10
121,4,592.8864718142106,409.84869507780303,O4
121,7,963.5055732319789,886.5622308641572,O12
121,8,651.4069622965607,379.7449234309106,D6
121,12,890.0284363450038,540.314489529101,D10
121,10,389.5673121166517,541.0138649480047,D9
122,1,302.2994603045343,663.192990823508,O10
122,4,599.3897784557419,406.0321736918838,O4
122,7,957.1213756344375,893.9169566439032,O12
122,8,651.7184275688425,370.57277218402385,D6
122,12,892.0682550205466,546.7697191358973,D10
122,10,391.0614443532653,542.9045562949221,D9
123,1,297.53227596798183,665.2693952531359,O10
123,4,605.5250563365089,398.83414938483804,O4
123,7,950.6366865351765,899.1104126712465,O12
123,8,657.3822000906035,367.7156968316519,D6
123,12,891.6696830289128,559.5012926777973,D10
123,10,396.1928596641079,546.6082962037306,D9
124,1,294.3442334090536,667.849957080312,O10
124,4,609.6925993567638,398.0741824652827,O4
124,7,942.8884584970652,905.7115365017276,O12
124,8,662.001689825173,367.57376379066204,D6
124,12,890.8008562811729,572.5366675520365,D10
124,10,400.4049250704327,549.4223513440485,D9
125,1,293.17503171175923,673.718482233235,O10
125,4,612.8472106050697,397.70400724513297,O4
125,7,936.8271586242244,914.5939684126856,O12
125,8,666.4014993818182,369.6524805911453,D6
125,12,888.424582630689,545.5011196271219,D10
125,10,403.65789451337326,552.0304825392697,D9
126,1,293.63977744698906,677.4033807410923,O10
126,4,615.8689737465019,398.5290826483333,O4
126,7,931.7522937598151,917.1119603280137,O12
126,8,668.7253909234649,371.6142385217566,D6
126,12,887.7580920297129,539.8264699033529,D10
126,10,408.25788765366593,554.3269235496402,D9
127,1,294.9604894788351,681.8321852796882,O10
127,4,619.7111086075961,397.50562467999174,O4
127,7,927.8978751832836,917.0828848770418,O12
127,8,669.6138200440313,373.66055931541615,D6
127,12,886.4680859603582,527.2000630503434,D10
127,10,411.0143880812929,553.1355221632356,D9
128,1,293.6868113615701,685.2979778690293,O10
128,4,623.3893733660389,400.12334407245913,O4
128,7,924.1138340749883,918.2016362380681,O12
128,8,671.7804627642852,375.36634806195417,D6
128,12,886.3581327391964,518.7349309699558,D10
128,10,414.2487539744448,554.1136013942192,D9
129,1,294.9535510332605,686.1930684597119,O10
129,4,626.0277193924338,395.6360086379497,O4
129,7,921.1843248845177,917.6061562447508,O12
129,8,674.3067783690507,368.1875165306532,D6
129,12,887.1019049910706,521.0442379170737,D10
129,10,416.4441644543052,554.206639123753,D9
130,1,295.20661031149405,686.5156312820897,O10
130,4,628.0732422765913,397.0852485387645,O4
130,7,917.6845655531566,917.5606726915673,O12
130,8,675.7641592525266,365.5115013336043,D6
130,12,890.1864339199932,582.5619172123389,D10
130,10,417.72618964131686,554.1226173769018,D9
131,1,295.3382331417373,686.5683830515513,O10
131,4,630.3201386260242,396.4415460545593,O4
131,7,914.9800738385125,919.6512870455294,O12
131,8,676.6027817913006,363.48841305618714,D6
131,12,890.9514829789505,597.1813485927736,D10
131,10,418.067908885858,552.2072800979397,D9
132,1,294.13408335397895,686.6531209017271,O10
132,4,631.6260889555879,396.10467128339303,O4
132,7,911.584014424364,921.629146697117,O12
132,8,677.822264691235,369.2873539299054,D6
132,12,891.379595324268,605.7848924400856,D10
132,10,418.66819791895756,553.1355504918201,D9
133,1,292.00544751432534,685.2717968833203,O10
133,4,632.5858939072099,395.98682027842574,O4
133,7,908.7237668955918,920.431315721117,O12
133,8,677.3484834103591,370.583018349345,D6
133,12,891.5767449099633,621.2938067412061,D10
133,10,417.6594077662594,553.6146503528241,D9
134,1,289.91698059232453,684.818339441349,O10
134,4,633.4360912659806,395.83719915125954,O4
134,7,906.1037166684062,920.0562231059492,O12
134,8,677.7094406926226,370.970395036906,D6
134,12,891.1236089652664,626.9367609125289,D10
134,10,416.6226083553264,553.7870410157553,D9
135,1,285.7782004358707,685.1120468903669,O10
135,4,633.247413664889,397.01559200000355,O4
135,7,900.9412307806032,919.3845103802901,O12
135,8,677.2955517376853,372.3527609741267,D6
135,12,889.7708204173465,625.9781343416178,D10
135,10,415.65384182770663,555.7703687359556,D9
136,1,280.7101799520411,687.2868957295376,O10
136,4,632.5006699426714,394.4151349018539,O4
136,7,894.6831952158703,921.7371853948473,O12
136,8,678.3989113167141,369.49628738636835,D6
136,12,889.0052048560614,631.495550433605,D10
136,10,415.2825619455352,558.3013711384159,D9
137,1,278.1972143668463,688.2264563939017,O10
137,4,631.5813305739855,387.1453307049054,O4
137,7,890.0222668857579,923.9294155201675,O12
137,8,680.7671717815584,369.2928812791003,D6
137,12,886.7412171785335,613.8013511255069,D10
137,10,414.03368649179816,559.4314641439673,D9
138,1,277.73009607407647,688.4918245432156,O10
138,4,628.7853064549097,375.02419824117857,O4
138,7,887.196440158556,926.9073841464295,O12
138,8,682.3770081770062,370.27964355111976,D6
138,12,884.818104953638,606.5558989783659,D10
138,10,414.15144253320517,561.5729271176021,D9
139,1,278.46058169438163,688.4757768359672,O10
139,4,628.8179444063069,376.9815742329727,O4
139,7,886.3859704676787,930.9950953440463,O12
139,8,682.7508787610645,369.6855027063376,D6
139,12,883.244065753745,597.3906302113545,D10
139,10,413.67641759524594,564.2868824028138,D9
140,1,279.03839165256653,688.4099933163066,O10
140,4,627.6265628142463,371.45600811302506,O4
140,7,885.8811031808431,933.5171543759607,O12
140,8,683.3531628897694,372.72687111359204,D6
140,12,880.6309518781305,595.7134682402677,D10
140,10,413.5731402434356,568.894602507268,D9
141,1,279.8370298823177,688.2942378182297,O10
141,4,624.8747686227464,367.5886668048505,O4
141,7,884.5429722060262,933.536783819426,O12
141,8,682.9174799641002,374.0112855916513,D6
141,12,879.938970986124,609.5398900947549,D10
141,10,415.9639000135587,581.0315296801039,D9
142,1,280.98106261068233,688.1643500730595,O10
142,4,622.2461515847133,367.6064498050926,O4
142,7,882.9494896203302,933.6262209737533,O12
142,8,680.5745232049165,372.6984283790372,D6
142,12,878.593359330454,613.1470485892374,D10
142,10,417.4886092579018,588.9507716718971,D9
143,1,281.00913785079644,686.559818924507,O10
143,4,621.6428187188976,369.8735537231367,O4
143,7,881.580405375304,932.690604352407,O12
143,8,680.431786450349,373.18352981059905,D6
143,12,878.1154833900578,623.927549799269,D10
143,10,419.2539744303712,596.932687395791,D9
144,1,281.1077331190326,684.3102173258595,O10
144,4,620.7818947541066,370.93984572560385,O4
144,7,880.8970509488064,934.3440792991186,O12
144,8,679.3826181238131,371.35912735564295,D6
144,12,877.9599973157087,646.4100923881813,D10
144,10,419.9157509085113,601.5607537775314,D9
145,1,280.2146434619123,681.9988823672435,O10
145,4,620.2534555124834,373.7056340965519,O4
145,7,880.398160045339,935.9676388088179,O12
145,8,677.6119553934049,362.1532341657396,D6
145,12,877.2570312280918,660.5586333162332,D10
145,10,419.6264041801314,604.9581981714133,D9
146,1,283.7077929865784,682.1258826139789,O10
146,4,619.8451572731224,376.93662224290773,O4
146,7,880.7230153831641,942.3965872853713,O12
146,8,678.9733838414649,371.5664722871762,D6
146,12,877.2632911064245,670.0068963501102,D10
146,10,418.96338428019294,606.1442343378205,D9
147,1,288.707664424118,680.042535728546,O10
147,4,621.9669504372285,376.7452264164789,O4
147,7,880.9846356713938,951.568679011439,O12
147,8,677.9207107242106,373.0910980002306,D6
147,12,877.1165276441327,670.4088738047714,D10
147,10,418.150539822847,606.4959036368658,D9
148,1,293.3613600665488,680.4545520652774,O10
148,4,619.3271797236246,374.99919167557164,O4
148,7,881.6715968778896,962.485848580516,O12
148,8,676.9845818997018,370.4408980680245,D6
148,12,878.400878744466,675.9296794615435,D10
148,10,417.85060441407256,606.4812858203269,D9
149,1,296.58754426908393,681.9936369111425,O10
149,4,616.6344252234767,372.3684898583162,O4
149,7,882.0774223031674,967.4138476118396,O12
149,8,674.6251459554487,368.60709374012094,D6
149,12,880.0827362013181,680.5021215696615,D10
149,10,417.73908008524296,606.3614613517794,D9
150,1,295.2529365350676,682.9451662613843,O10
150,4,615.4309901486076,373.6561324349288,O4
150,7,881.5369963579113,970.2063382057017,O12
150,8,672.3078948991821,370.34875561810037,D6
150,12,880.4198997823403,676.2464374471066,D10
150,10,417.6836267188015,606.1751142196277,D9
151,1,293.58608559280924,683.5114623228193,O10
151,4,613.8014066016611,374.36543862792706,O4
151,7,881.931654629387,972.9398548991085,O12
151,8,668.0639163606832,373.7188038919397,D6
151,12,881.1106295220297,684.5053389581893,D10
151,10,417.6376301517629,604.3129783396367,D9
152,1,291.91319347055435,683.8982266061546,O10
152,4,612.2013734716102,375.95576944100975,O4
152,7,882.1776789616684,974.7961659074126,O12
152,8,666.1774643912576,372.9217700930426,D6
152,12,880.3983878142179,687.6052020196948,D10
152,10,418.199351600075,605.224496145445,D9
153,1,287.4850604440113,682.9521867026565,O10
153,4,612.0550981225942,378.6783167030436,O4
153,7,882.2988084665271,975.3484179944777,O12
153,8,664.0828722948048,371.63965817762306,D6
153,12,880.6075225620463,688.4961870187063,D10
153,10,418.3952829145583,605.4684283397552,D9
154,1,284.89897711080505,682.6946833875631,O10
154,4,611.0108525471605,377.65529806224686,O4
154,7,882.385094364823,975.4205819275094,O12
154,8,661.3357706794942,370.3777754797943,D6
154,12,882.110353784718,687.002982419325,D10
154,10,418.4651259897349,605.4777127209202,D9
155,1,281.48163606139036,681.362307941637,O10
155,4,611.0747015033829,379.38715173712757,O4
155,7,882.8512063236486,975.291849242329,O12
155,8,658.6579951900585,371.2651783307101,D6
155,12,883.1968838790436,686.1992114855999,D10
155,10,417.94545788095394,605.5339588433241,D9
156,1,279.4440888026311,679.3715578014685,O10
156,4,609.914518317263,380.24466231149626,O4
156,7,883.5677601955751,976.948250492622,O12
156,8,656.5012995649306,371.78074246360495,D6
156,12,883.5954267505775,685.7531440874296,D10
156,10,417.7633624762496,607.2128458659643,D9
157,1,278.8101437147542,673.7005389978225,O10
157,4,609.0935862021735,381.6628587720451,O4
157,7,883.7843454670093,976.5394648212606,O12
157,8,655.7884301723319,371.9598721604024,D6
157,12,884.2382264377725,685.3689554149616,D10
157,10,418.2760025654481,609.4265225188742,D9
158,1,281.98089465826746,669.4422968031447,O10
158,4,608.6450746236452,384.439019479018,O4
158,7,883.8854427620415,976.2939267938997,O12
158,8,654.1682362878801,371.1440245066858,D6
158,12,884.6961473619494,689.4082174696124,D10
158,10,418.4801605351724,610.2290884302068,D9
159,1,285.0913805003782,661.0050225460369,O10
159,4,608.0698748509819,383.35331162629586,O4
159,7,884.3345291829553,976.0835541259788,O12
159,8,653.0591296612687,367.6408602610669,D6
159,12,884.7726400541704,689.4294449564142,D10
159,10,417.9922497785872,610.5709357929983,D9
160,1,292.7463549880294,656.9706787095719,O10
160,4,606.2605318183635,381.0057630703689,O4
160,7,884.9147339557685,975.9073248598885,O12
160,8,652.934816619947,364.1258280621055,D6
160,12,884.872347325786,690.7837946230816,D10
160,10,416.6849732109862,607.4281814153823,D9
161,1,297.22471237860896,653.5364495248439,O10
161,4,605.1863760136488,381.21368510833906,O4
161,7,886.6691276573632,974.5971359788598,O12
161,8,653.3471563552437,358.2534179215723,D6
161,12,885.6062079846325,695.3450634994203,D10
161,10,415.03976152773294,604.5745339016108,D9
162,1,298.88631908710255,647.3026969340931,O10
162,4,602.9587693333524,378.2579231867476,O4
162,7,888.5595657143044,974.795018892444,O12
162,8,651.5071695315794,343.9885854763107,D6
162,12,885.7952925010025,695.5576358955279,D10
162,10,412.1814850385544,602.0425532985971,D9
163,1,295.20486455287045,635.4695666552068,O10
163,4,600.9224689122962,377.3550635270056,O4
163,7,891.2587446278773,975.5100413991458,O12
163,8,646.7195174598371,325.39712800542827,D6
163,12,885.8512973556785,695.5655626870459,D10
163,10,408.2977936828018,596.2858264065122,D9
164,1,295.0476659938973,627.4307162800122,O10
164,4,599.7727711462062,374.91468075774736,O4
164,7,893.5016681125512,975.5942134990772,O12
164,8,637.9452825476333,311.2863149693543,D6
164,12,885.5347255969367,679.7496123919028,D10
164,10,403.4751250372727,589.2658764578065,D9
165,1,296.7940257929316,626.0928229448068,O10
165,4,597.1328974804356,372.14338214026304,O4
165,7,895.4733425989687,974.4970153593981,O12
165,8,633.4468456986713,295.56704980564433,D6
165,12,885.7395759009701,689.6125779061402,D10
165,10,400.5171341510234,585.0088154125265,D9
166,1,299.0295015510517,625.4767421592419,O10
166,4,593.8424051554571,365.90007942083264,O4
166,7,896.5963350916633,973.9602913434085,O12
166,8,633.954316123958,294.5563624590292,D6
166,12,885.702605800625,681.730692647917,D10
166,10,400.19462199804025,577.9224427246359,D9
167,1,301.115529193684,626.9530223029489,O10
167,4,591.3170434433468,357.08097092137973,O4
167,7,897.3348132947765,972.7816633143902,O12
167,8,639.9495597229193,316.4850185237423,D6
167,12,885.5583981799741,685.9402476130275,D10
167,10,402.126497673527,569.548904317453,D9
168,1,302.98310371054663,627.531052022706,O10
168,4,585.8071957102215,346.526491345587,O4
168,7,897.6419622723973,973.2339971263852,O12
168,8,638.6534036472524,321.4938820829074,D6
168,12,884.9096122822432,676.0263556537175,D10
168,10,405.1057031719963,558.7793271172814,D9
169,1,303.6683966301998,627.836633793612,O10
169,4,579.6953454132123,338.57612988337,O4
169,7,897.671231765055,972.4495385646385,O12
169,8,637.531726059536,320.1013221358205,D6
169,12,883.8123070322298,675.1993445553966,D10
169,10,403.28324815803114,551.5442910277543,D9
170,1,304.43106899354973,627.9957173452146,O10
170,4,576.1258805306478,341.7774208494134,O4
170,7,898.1050698143529,973.0318895023861,O12
170,8,631.3036027178905,304.12871331918774,D6
170,12,883.678145483233,689.425757414869,D10
170,10,401.40789773488257,545.4254145940708,D9
171,1,306.29213779524235,627.9369205444355,O10
171,4,572.1829553147202,342.33733643944595,O4
171,7,898.2492127836427,973.2329463085065,O12
171,8,621.3151835787999,288.3067706707086,D6
171,12,883.4094224912856,690.4471191333502,D10
171,10,401.2451673360103,539.4299270546704,D9
172,1,309.4033277840872,631.0636770775567,O10
172,4,569.3020761538141,347.44662988083206,O4
172,7,900.2333297568816,972.078845156781,O12
172,8,614.3329238438887,275.61307040283987,D6
172,12,882.963748553718,693.6920509565836,D10
172,10,400.8345925936932,534.5545921435456,D9
173,1,312.2791725038068,633.7502090787198,O10
173,4,562.4330526230239,345.7321829706499,O4
173,7,902.9222398503439,971.3525339622794,O12
173,8,606.8242953346952,273.0912146652701,D6
173,12,882.8106899043977,694.8673606060565,D10
173,10,399.65816659302044,526.3373232511981,D9
174,1,314.2372539861547,632.9868256608991,O10
174,4,559.1804390093474,341.8805452931253,O4
174,7,905.104046045873,970.9402381376211,O12
174,8,599.5671077722956,273.0764337973385,D6
174,12,882.3403583732857,696.7893279557154,D10
174,10,400.4136576867038,523.3470351521913,D9
175,1,316.63253710527164,634.1491354417998,O10
175,4,553.4271067003717,336.4936129331498,O4
175,7,906.7383246570449,971.5970017769401,O12
175,8,604.1775112402119,292.853368581183,D6
175,12,881.7656974176974,690.3938024218619,D10
175,10,397.8593713701504,514.0244560238563,D9
176,1,320.1794532198852,634.2442368636932,O10
176,4,549.4621839529365,334.8548980653054,O4
176,7,907.6509197560937,969.9164901012747,O12
176,8,605.0998459469971,318.94984124914623,D6
176,12,881.2870607916386,664.4917934855467,D10
176,10,391.04843059229,503.6534089681107,D9
177,1,324.09031775509635,632.2800463117222,O10
177,4,544.8022118901298,333.75629550654384,O4
177,7,908.0404520405565,970.2316744282806,O12
177,8,600.3582802352696,328.5347313797283,D6
177,12,879.0146877931837,634.4676769679369,D10
177,10,387.15552109682085,494.26726113549836,D9
178,1,328.64860543424885,630.9660580491393,O10
178,4,541.991490415843,328.8323848460004,O4
178,7,908.1076283700328,970.3173231347804,O12
178,8,598.6891930727263,332.09445593301274,D6
178,12,875.6774633747618,617.1086207552022,D10
178,10,393.0676033706646,490.82886565421643,D9
179,1,335.39733963554966,633.2130621106563,O10
179,4,526.5984320920121,317.4909659434334,O4
179,7,908.1502583963771,971.293071880861,O12
179,8,594.1474581521591,329.4578011525813,D6
179,12,872.6683347355173,607.974840190667,D10
179,10,388.1027269029356,488.870413026447,D9
180,1,339.16945394427506,630.487296611219,O10
180,4,514.9220902476334,280.0982735526901,O4
180,7,908.4835708883656,970.6869275401406,O12
180,8,591.9401431466113,328.4891821443459,D6
180,12,871.5510255538047,622.6058537313274,D10
180,10,390.39288650094517,484.75540797111057,D9
181,1,345.21065700147346,625.3709311090591,O10
181,4,515.6754408751287,278.9641228520409,O4
181,7,909.3753574930538,970.3398185499747,O12
181,8,591.0376522828944,326.9090031284553,D6
181,12,871.054723818635,643.3660494221031,D10
181,10,396.60862882801274,484.65178386046296,D9
182,1,353.51997557215213,626.0048476007205,O10
182,4,517.887379422826,277.2514215832608,O4
182,7,910.3997998786034,968.2281336708253,O12
182,8,589.3720124422413,328.7930492026629,D6
182,12,868.7599442620167,641.1868501553802,D10
182,10,400.81186561877286,484.5511051432364,D9
183,1,361.2293401412891,627.3153696052374,O10
183,4,517.4738573789056,279.55158501429327,O4
183,7,911.4673847715188,965.4550821910129,O12
183,8,586.9481245114522,329.75003971634504,D6
183,12,866.3313210458736,631.4825914447165,D10
183,10,408.0264408213903,492.7364211166998,D9
184,1,369.88444215577675,630.3482015344638,O10
184,4,515.6212432201158,278.41953160445206,O4
184,7,912.1883457670968,963.3816575939363,O12
184,8,583.4745634899788,323.52531723144807,D6
184,12,864.4347295878347,620.1188994105358,D10
184,10,412.2501465023158,487.8957195268978,D9
185,1,375.08998264930403,629.4767771297306,O10
185,4,513.7817956362646,278.39016803364757,O4
185,7,913.4965847681723,959.6102378260525,O12
185,8,580.7443525861387,329.42648134412326,D6
185,12,862.7172780559649,608.0503295514928,D10
185,10,420.1549305650319,487.18065650850593,D9
186,1,380.9317019001345,633.7303228299144,O10
186,4,510.17869920505416,274.1055176774107,O4
186,7,916.2772821849168,955.9882687805168,O12
186,8,580.0872800127859,327.02796351834667,D6
186,12,860.4605987274389,602.236496304047,D10
186,10,430.43342340585764,488.95177971979234,D9
187,1,385.3050111980876,638.3725859509891,O10
187,4,506.8951476978107,266.7292801118417,O4
187,7,919.3083975129637,953.4199303822592,O12
187,8,580.6988588142952,329.4851781495176,D6
187,12,859.1391997218213,600.2856615546357,D10
187,10,439.89382300097463,483.9867193954782,D9
188,1,388.94358604278915,641.4432680722318,O10
188,4,506.104901822808,265.3618464436958,O4
188,7,922.4191839171641,951.2566592775195,O12
188,8,579.6177768028961,323.65474203905137,D6
188,12,857.5490511987194,598.2769033086264,D10
188,10,447.8765176101065,491.41121503138487,D9
189,1,392.17855060843516,642.2629042045262,O10
189,4,505.4184147390163,260.0639103219251,O4
189,7,925.924381250291,948.214951638498,O12
189,8,576.4980575607874,311.2279463352853,D6
189,12,855.664439322978,601.1529720299179,D10
189,10,452.93445871282233,493.94256213450865,D9
190,1,396.8403157679284,641.9963835814925,O10
190,4,504.3596159382061,254.50834661752654,O4
190,7,929.2927890792631,948.7765458920787,O12
190,8,566.2499875338117,303.03794834917625,D6
190,12,854.0619194715439,604.1062798813753,D10
190,10,455.8618662961314,488.95084878711816,D9
191,1,400.526442053572,641.5541755030449,O10
191,4,505.59733056994304,256.2220300875895,O4
191,7,932.5428142002016,948.7546259945095,O12
191,8,563.261982079509,309.4836252663036,D6
191,12,852.3649356083287,603.8813066074023,D10
191,10,462.2093586295415,483.32036777417835,D9
192,1,405.4590051272329,640.8002094743742,O10
192,4,504.3150013839106,254.68522282132196,O4
192,7,935.7699930063168,949.4315769292751,O12
192,8,562.1307037035411,303.57138783383215,D6
192,12,851.9384161713464,598.9082037501258,D10
192,10,470.3885732945447,473.34489648715413,D9
193,1,411.96489754237933,639.7989831040021,O10
193,4,500.81238126330425,247.03557403920203,O4
193,7,938.0374747016592,947.6652245450359,O12
193,8,560.152560300744,290.7749781763231,D6
193,12,852.236745342057,595.502669203319,D10
193,10,478.0385785302194,472.98563631465527,D9
194,1,421.93414502225534,641.6117398047894,O10
194,4,508.09731300309164,271.745490268012,O4
194,7,939.2138602835398,947.967860384462,O12
194,8,562.6881902644029,291.67067174812763,D6
194,12,852.1781051602624,591.0673027103124,D10
194,10,489.3011931355773,475.71178116688725,D9
195,1,432.92183208876645,649.353740520068,O10
195,4,514.7335124907537,294.3992381104311,O4
195,7,940.3858376064388,946.9858943488837,O12
195,8,571.1154109247063,299.3923406129619,D6
195,12,852.0524765727613,579.4367946406818,D10
195,10,498.8623399923825,478.9352024735646,D9
196,1,440.24004005765926,656.5945617868433,O10
196,4,516.6085888591134,305.33992027730574,O4
196,7,941.4690856459671,941.6997348354147,O12
196,8,573.93740220535,292.8333163679376,D6
196,12,847.9486144771936,555.1593277705394,D10
196,10,508.9525018634781,480.28036787745253,D9
197,1,444.3733988557439,662.3193028513984,O10
197,4,522.4792583536467,296.55609678590764,O4
197,7,942.1674287267407,937.7200677994258,O12
197,8,573.8554499821818,288.1887254379207,D6
197,12,846.3026597986983,544.4401899364173,D10
197,10,518.1771660007055,479.05779461467,D9
198,1,449.89510896957944,671.7225954714376,O10
198,4,528.62866559633,299.83125687355533,O4
198,7,944.0469201203855,937.0347748547118,O12
198,8,573.6557643051945,288.9510043213991,D6
198,12,844.9403463296527,537.2836044754129,D10
198,10,528.1561611870385,478.6133243284881,D9
199,1,453.7754482886657,673.3134830344795,O10
199,4,529.5356430199303,292.5718559834918,O4
199,7,945.1042489329508,938.7646755953612,O12
199,8,573.4593606092924,291.76953675647206,D6
199,12,843.8057038881963,533.2221568578533,D10
199,10,538.856097707951,475.43959492336035,D9
200,1,457.6162516195717,675.0284079707496,O10
200,4,533.6417604943836,306.236470685784,O4
200,7,945.50769332973,943.423990810736,O12
200,8,575.6931203362233,291.32830621188,D6
200,12,843.3192824979704,530.2180551464669,D10
200,10,547.0157587905655,476.59635455188584,D9
201,1,462.3817525260386,676.6207464982484,O10
201,4,541.5963183096787,318.5129805097983,O4
201,7,946.0267685599749,946.1153815588785,O12
201,8,573.3291893550112,288.0500716827929,D6
201,12,843.1899288648037,529.3420289089196,D10
201,10,554.5395997409046,474.44647579881945,D9
202,1,468.5375324761901,679.6244756534409,O10
202,4,542.2214947290134,325.7096963202524,O4
202,7,947.7837223226817,945.9225239549347,O12
202,8,576.7347311495656,286.23821912579643,D6
202,12,843.0652180978881,527.4678274973494,D10
202,10,562.2806714134963,472.8861763443624,D9
203,1,474.69121215709436,686.2920255939529,O10
203,4,536.0992618684553,322.33785246930967,O4
203,7,949.9985606026423,945.6215921920887,O12
203,8,582.4751337007539,284.9469098037128,D6
203,12,843.3117553934617,530.4973666338385,D10
203,10,570.3152337316224,472.52773317650235,D9
204,1,479.8473873009898,686.7293616759224,O10
204,4,523.1642846667,290.39078277039613,O4
204,7,952.7820238502815,944.2477372460938,O12
204,8,584.5563811522896,283.3028240563524,D6
204,12,843.8517242317564,530.0211419263246,D10
204,10,574.1952907445025,468.3053594879134,D9
205,1,484.1498643579791,684.8369316788774,O10
205,4,520.8888898848677,265.89683190113044,O4
205,7,956.152951115923,940.4773997667428,O12
205,8,586.1294347232165,280.20411284160684,D6
205,12,843.5457314188008,530.0856456684908,D10
205,10,577.5806703751155,468.43225130305456,D9
206,1,490.2234794018828,683.3661235560988,O10
206,4,525.9819306958459,262.1931952016517,O4
206,7,959.7979400390969,937.7422716237027,O12
206,8,587.692711263514,274.052272370101,D6
206,12,843.8632087905265,528.4276395492934,D10
206,10,581.7583019472899,472.15605268695924,D9
207,1,495.3546781077103,682.2578267230323,O10
207,4,533.9552190108573,271.21963353153456,O4
207,7,964.3139454033098,934.323002108951,O12
207,8,591.8563952389691,279.7865620932545,D6
207,12,844.1422278494597,529.7004254757913,D10
207,10,583.9126066680227,469.41720635184447,D9
208,1,500.7021650716898,681.2575956340429,O10
208,4,541.1371080699788,283.69061701542955,O4
208,7,968.8329620547875,928.6736656593002,O12
208,8,595.3450562093658,281.7205863982842,D6
208,12,843.7363176961669,530.3559708815513,D10
208,10,589.4114451815117,469.6764688163643,D9
209,1,504.5010044751792,678.9965713728428,O10
209,4,546.2302447493228,294.0436700671643,O4
209,7,975.7737751354639,921.7970649356353,O12
209,8,597.8660374698244,282.2701944684602,D6
209,12,844.1542506479188,530.5930360433308,D10
209,10,593.0696764581686,467.5145916561227,D9
210,1,509.3997363426685,677.5706710313627,O10
210,4,549.4232631203333,291.96827492279687,O4
210,7,985.0080416910783,914.2893029494351,O12
210,8,596.4208136988542,270.795738936332,D6
210,12,844.762330848954,528.9933049701419,D10
210,10,597.880679830094,464.3094588631876,D9
211,1,518.1234775125897,680.6545702060533,O10
211,4,550.337125940899,293.5395683175411,O4
211,7,996.9970573760535,905.1901727670762,O12
211,8,601.1155161731094,269.2956764755372,D6
211,12,845.1835969959868,523.120502780961,D10
211,10,599.5373342554745,465.0480667843777,D9
212,1,526.5824874935465,682.5233897173941,O10
212,4,550.7554915385448,285.6462799706536,O4
212,7,1007.3461724596845,891.6120945484325,O12
212,8,606.3258234833755,276.86255829814974,D6
212,12,846.0943679939219,515.4585118745289,D10
212,10,602.1830895092894,466.9763274703283,D9
213,1,533.4943016004498,687.2934803801993,O10
213,4,547.4779824325176,273.35716998394815,O4
213,7,1013.2209019877878,879.8997406783261,O12
213,8,609.0597395229025,284.4846141739118,D6
213,12,847.3392347725107,508.92298147790206,D10
213,10,603.5417332086602,467.73293164895273,D9
214,1,539.662230420218,694.6019994631598,O10
214,4,547.4572566379018,262.2327031755804,O4
214,7,1017.2744466805196,872.1687273854077,O12
214,8,615.5528295402332,281.77974692737604,D6
214,12,848.5496204736651,501.0080940430435,D10
214,10,609.3583374047616,474.0727899824699,D9
215,1,545.9125519743341,702.7221582255294,O10
215,4,549.6434975004366,259.07598459344433,O4
215,7,1020.2922557912633,868.1569602937758,O12
215,8,619.5949999411166,286.5666114024783,D6
215,12,849.0590826342562,490.7125549564195,D10
215,10,612.8066878068674,481.1833259645027,D9
216,1,550.4516998064984,706.8149730322075,O10
216,4,552.3584496180292,270.2463064320282,O4
216,7,1024.7623760806591,862.0359305965115,O12
216,8,620.0335769802078,286.09601094892383,D6
216,12,848.8195922066966,481.41258044373893,D10
216,10,617.8186687177804,485.1774733567269,D9
217,1,555.9969540186332,713.6037897293322,O10
217,4,562.8549043186388,284.14118758623925,O4
217,7,1031.3014843553535,854.8204929199952,O12
217,8,621.2125468676529,271.0807801996056,D6
217,12,848.7083561416097,478.1182646556391,D10
217,10,622.4019150234064,486.2856125484893,D9
218,1,561.3499048440863,714.0564748225498,O10
218,4,569.6031499808258,300.6905392189678,O4
218,7,1038.27753808603,850.546065727275,O12
218,8,617.5884311819357,279.6003455979151,D6
218,12,848.6406590561884,477.0711457915875,D10
218,10,626.0222832606897,485.320385185863,D9
219,1,565.674243155311,713.7306351391608,O10
219,4,570.9857446646405,314.13855984864495,O4
219,7,1044.8083079562384,849.6575630535451,O12
219,8,613.5415861133629,290.32753336157776,D6
219,12,849.0702639920215,474.89022455072376,D10
219,10,623.7602153114482,486.3899749889915,D9
220,1,568.1049760365242,713.3306477988184,O10
220,4,571.6460617627738,316.67932109504994,O4
220,7,1053.2650923938652,849.7007416544955,O12
220,8,610.475481581432,300.4292263484794,D6
220,12,849.8001335438427,474.104440129392,D10
220,10,625.9967905354176,484.30335112031713,D9
221,1,571.4146557668672,711.2484686794763,O10
221,4,573.7249586859125,314.8137652171951,O4
221,7,1064.4754971685466,845.4257083533842,O12
221,8,600.1058279468467,312.62867839550273,D6
221,12,851.3363531688307,475.70270456113815,D10
221,10,628.205174743315,485.21711250114436,D9
222,1,575.4180546564504,715.854990649538,O10
222,4,573.9660153152842,311.7108231503873,O4
222,7,1076.7837912994562,843.8925243415276,O12
222,8,605.5963971447344,312.3123216861053,D6
222,12,852.4494357430184,476.40757044710585,D10
222,10,629.0357112766679,483.57483034204404,D9
223,1,580.3618567402616,725.6478774117853,O10
223,4,576.5157409280397,319.5585144878901,O4
223,7,1088.4654002726186,841.3261584616685,O12
223,8,607.7253855906303,309.70064271332666,D6
223,12,852.86692839545,476.7694713166492,D10
223,10,631.3646714425378,484.5581707856007,D9
224,1,585.0672403711598,737.2960752311093,O10
224,4,583.4255088426638,342.28226183544774,O4
224,7,1097.8362151844426,838.6484254003466,O12
224,8,610.4080546432602,308.27081118291454,D6
224,12,853.0182995724451,476.9798884765379,D10
224,10,624.0452429785889,487.02018223937176,D9
225,1,588.8391030449543,748.2655803214293,O10
225,4,583.6863295411086,339.6024135225389,O4
225,7,1105.8916935597124,833.8443334106222,O12
225,8,615.2371556089458,300.01323884251275,D6
225,12,853.991097662322,482.7575877819257,D10
225,10,631.8690315540449,486.43556521992,D9
226,1,592.8256939670954,754.6673225940689,O10
226,4,583.1059090222413,338.48098516636367,O4
226,7,1113.8465036233945,828.0968654900363,O12
226,8,618.6032886888702,294.006029204255,D6
226,12,855.0846553316267,479.2105279898366,D10
226,10,635.8413360149715,483.0977231121802,D9
227,1,597.6583904894162,760.5122773645268,O10
227,4,582.5042738990551,327.52744747892217,O4
227,7,1119.587011713374,825.5448424007886,O12
227,8,622.1603956052577,293.90482529495756,D6
227,12,856.7250375125838,479.58143887385785,D10
227,10,639.8466868100527,486.26091638795816,D9
228,1,602.2665621974418,770.2661638044382,O10
228,4,587.2392984570998,329.4473698453884,O4
228,7,1124.9535553264873,818.6592471380186,O12
228,8,621.8591197251562,285.68873330981233,D6
228,12,859.5285847069085,479.46584054809574,D10
228,10,640.823368599851,482.6707887722843,D9
229,1,605.5631562318414,778.8608725786263,O10
229,4,593.5651022013966,312.01935411029865,O4
229,7,1130.0683352513095,813.3928367826453,O12
229,8,625.2809960460232,284.44860436117943,D6
229,12,861.126285419239,479.37932637999194,D10
229,10,633.3199447990146,485.3125761289804,D9
230,1,607.737365137334,788.3786138286537,O10
230,4,584.6913965125398,224.51979503998976,O4
230,7,1137.3698087400332,807.3421416304466,O12
230,8,628.2431800175049,282.62656966672347,D6
230,12,862.2882876262082,479.37762935515786,D10
230,10,637.0471412499585,484.46210804719044,D9
231,1,608.2567108045562,789.1629169582503,O10
231,4,600.0416970058017,259.5091794922324,O4
231,7,1146.0671648483608,801.9971655215066,O12
231,8,632.8020435247964,272.9117886456079,D6
231,12,863.687735716307,477.3393438152916,D10
231,10,641.8257432398797,482.6105815429953,D9
232,1,609.617953829104,790.3722388426487,O10
232,4,602.6561702118938,245.06578829625883,O4
232,7,1153.895488512335,793.5823545460486,O12
232,8,632.539401619406,229.39740652971963,D6
232,12,866.722048696367,471.54075642788405,D10
232,10,645.7992529931203,483.54661675886496,D9
233,1,610.4469109049074,786.5521774095059,O10
233,4,616.0602560844308,273.9053569480317,O4
233,7,1160.76744572896,783.9375697965961,O12
233,8,647.3314963867723,268.6631999947479,D6
233,12,870.4932299535931,465.1299550608149,D10
233,10,646.9689335368423,482.87614905328,D9
234,1,612.4019644030375,785.990071098965,O10
234,7,1166.396893295114,777.593029625955,O12
234,8,651.7064207358958,271.0475669259113,D6
234,12,875.0769487443625,456.533608666256,D10
234,10,648.8472288447779,484.2911679460593,D9
235,1,613.3467973375917,786.8638524418831,O10
235,7,1171.143007344407,771.3010726232898,O12
235,8,656.2527004438599,266.7560389464823,D6
235,12,879.996584302748,447.00756545955886,D10
235,10,650.0624906879182,484.6973305489141,D9
236,1,614.5474195756989,787.0180807709511,O10
236,7,1176.8970501410936,764.9558676748785,O12
236,8,658.6458148632246,261.4774719729506,D6
236,12,885.1194960230505,440.1746651324859,D10
236,10,651.0745256635646,481.9482336751267,D9
237,1,614.4328902818231,783.1403348405195,O10
237,7,1183.1044686791672,759.7593062361898,O12
237,8,659.7184920034603,260.76588045815924,D6
237,12,888.6223993179303,437.5064025831801,D10
237,10,651.588165194771,481.9162743279508,D9
238,1,615.8789582152177,783.9905735700239,O10
238,7,1187.6277313663525,761.4735055476607,O12
238,8,659.9966870413555,260.58643462486623,D6
238,12,890.2918308769298,434.6826415418893,D10
238,10,652.8650935679512,481.81571936851384,D9
239,1,617.4395807011983,786.7224673852297,O10
239,7,1194.6229060965522,760.3385831470026,O12
239,8,663.7220530079552,260.03017551570343,D6
239,12,893.8090712792084,435.29104147555813,D10
239,10,653.4908695021905,479.8120190169548,D9
240,1,620.9504814056921,793.7534762267692,O10
240,7,1202.9629165249996,759.2323505995091,O12
240,8,669.1277004700403,256.87535988216376,D6
240,12,897.3815601160409,436.2641815708125,D10
240,10,654.8925582637156,475.922694347939,D9
241,1,626.5177049711795,798.2898547122251,O10
241,7,1214.1448229863051,760.3198194540698,O12
241,8,676.6572205387431,253.6190884646831,D6
241,12,901.4504153225236,435.3585178648129,D10
241,10,657.1565543654885,468.3078401523837,D9
242,1,632.8516221693042,804.4235770148273,O10
242,7,1225.502244047314,757.3134015919173,O12
242,8,680.9356671854109,240.25874290816503,D6
242,12,905.1066786273908,432.7715807653139,D10
242,10,657.1193640757226,460.5916779084135,D9
243,1,638.2074245379771,807.4529127844687,O10
243,7,1235.0862246449672,749.2296647518153,O12
243,8,683.1124668972543,226.30499628047846,D6
243,12,908.2083390622944,433.595154273721,D10
243,10,658.6784579818258,453.46841536173093,D9
244,1,642.8947626594899,811.9255166272002,O10
244,7,1240.4230349697905,744.8615765639979,O12
244,8,686.3730048778779,210.61125711041322,D6
244,12,910.9575737787864,431.8239614502176,D10
244,10,659.3003046177226,447.89452063419765,D9
245,1,646.678275859766,814.4100988209917,O10
245,7,1244.2805738463594,739.2099694080005,O12
245,8,689.870455883429,202.80388130230804,D6
245,12,912.4706922826274,430.099449606691,D10
245,10,659.302414938007,444.846155691546,D9
246,1,649.2614357640427,816.3191454020113,O10
246,7,1248.4181576162055,731.7210538852311,O12
246,8,695.6118752348076,192.96159357219108,D6
246,12,913.5720497493388,430.42399003312266,D10
246,10,659.6763964682176,442.77588122612576,D9
247,1,650.3288912873735,815.6155618309692,O10
247,7,1253.2800406102228,720.766118164082,O12
247,8,700.2736377177541,178.5329705803648,D6
247,12,913.8185391784883,428.66233368045937,D10
247,10,659.924984184403,443.1019255492375,D9
248,1,650.2341513077739,811.4602767369827,O10
248,7,1258.4529785316026,719.0602827075808,O12
248,8,703.9819973272557,163.36269100156724,D6
248,12,914.3339712759791,425.99202313995875,D10
248,10,660.0391202815911,440.2481028618197,D9
249,1,650.2947095276736,808.4728969463779,O10
249,7,1263.3695485192802,720.7355979684943,O12
249,8,706.7402398975582,153.504728694444,D6
249,12,916.065826511364,420.815496275187,D10
249,10,660.3063439353143,437.18013943246183,D9
250,1,651.2448224316324,809.6926795486513,O10
250,7,1267.591538245143,721.2249766731148,O12
250,8,712.1884890864033,158.98024076637446,D6
250,12,920.5485357204176,414.3525608089233,D10
250,10,661.7107321026115,436.9505427451817,D9
251,1,651.68134908261,808.8601001114522,O10
251,7,1271.9189132168135,722.4719263464486,O12
251,8,725.4992764928701,182.34387215984069,D6
251,12,924.4825215745026,410.73339781559514,D10
251,10,662.7237627526553,440.0120245025451,D9
252,1,652.6975598265776,808.3437445585321,O10
252,7,1276.6033343889767,722.590397974824,O12
252,8,737.9622433276737,204.2967005592476,D6
252,12,928.1891668162567,406.07212431822063,D10
252,10,664.5923587443269,443.02664760943264,D9
252,4,715.4364961172782,137.10659732599814,O4
253,1,655.0200138222717,806.568204962531,O10
253,7,1280.585555403742,725.006961702832,O12
253,8,746.9911894318523,206.72120289956192,D6
253,12,932.9688565658614,400.89161217475765,D10
253,10,665.6754313477115,443.16159986313147,D9
253,4,722.0792750114978,138.64139035313278,O4
254,1,657.5005082867165,806.8859043297942,O10
254,7,1283.3031875370907,724.5047773663827,O12
254,8,750.8687545566823,207.49218884439185,D6
254,12,936.9573812514542,393.60315105523233,D10
254,10,666.074851269408,443.26127314475127,D9
254,4,729.9315762184611,140.1114357064953,O4
255,1,661.5939068723976,806.5582132325983,O10
255,7,1285.7958482933373,722.8929979151842,O12
255,8,748.9136954038291,171.13736248060223,D6
255,12,940.1268674707632,392.81488221305295,D10
255,10,665.5180230783739,439.4188367883102,D9
255,4,749.1445931465454,198.45220272128608,O4
256,1,665.6469517827146,807.278327475134,O10
256,7,1289.6653571732402,720.5955394748369,O12
256,8,758.1808911754513,209.9836634956331,D6
256,12,942.3097886748523,390.3778504353303,D10
256,10,664.5852660459033,434.01437471064395,D9
257,1,669.124559403194,805.9678196757084,O10
257,7,1294.6576434028955,720.5693623787884,O12
257,8,767.2889857421358,237.13607194731694,D6
257,12,943.5413825384846,389.48244664626367,D10
257,10,663.4994971023126,427.9759835711013,D9
258,1,671.7397792741856,805.2512506241274,O10
258,7,1308.0071958535705,718.93417352504,O12
258,8,758.6148871591323,205.09514907327303,D6
258,12,945.1016460589644,389.11434114769986,D10
258,10,661.3820492149019,422.90431423635715,D9
258,17,774.2618549757681,253.19893189302005,O4
259,1,674.485212792996,804.687426151364,O10
259,7,1322.682547425852,719.5220474791398,O12
259,8,755.986640438399,185.92954707564823,D6
259,12,946.7825644320651,389.90316045102935,D10
259,10,658.3543258519082,412.01618651836,D9
259,17,782.6211907525009,257.7869962684152,O4
260,1,674.528065689614,804.6241264886008,O10
260,7,1336.8859903165696,717.2654866199498,O12
260,8,756.846070007665,174.7937268924985,D6
260,12,947.8704463163153,387.161056886868,D10
260,10,656.6119728467472,408.08597864979356,D9
260,17,785.7006839551497,259.85281566991324,O4
261,1,679.6136347863256,803.8258997643005,O10
261,7,1345.6626100351314,718.41766281047,O12
261,8,761.6702048884734,172.91148835454382,D6
261,12,950.0172034807672,388.9661818919158,D10
261,10,654.3905262745625,404.799142269492,D9
261,17,787.3323157433045,257.62799826549104,O4
262,1,684.1710573828235,805.7007481163689,O10
262,7,1351.021079217201,718.6324065335305,O12
262,8,759.50153314292,128.70034369773953,D6
262,12,951.2627516926048,387.6534323824208,D10
262,10,651.4115985797539,398.7294026855454,D9
262,17,788.1943112410862,237.7356267883892,O4
263,1,687.1875329903976,806.2236492361886,O10
263,7,1354.8449179413226,718.4978871916122,O12
263,8,749.4182004039645,27.991032770120054,D6
263,12,952.8527471130744,388.13380945885274,D10
263,10,649.1773061276629,393.60699901841707,D9
263,17,792.4799277979708,228.96430403319127,O4
264,1,689.3520576732949,805.0032537740465,O10
264,7,1356.9730230741864,718.3784155388646,O12
264,12,954.5387875493088,384.1214452116233,D10
264,10,647.4024374142634,389.83073890590805,D9
264,17,793.5775862636062,228.9400569248337,O4
265,1,690.9884799440764,804.4274523462445,O10
265,7,1358.9008605834604,718.188252025388,O12
265,12,956.8969468168359,382.43075190656253,D10
265,10,646.4326073336491,386.474038537157,D9
265,17,793.1561573631209,235.85686851077122,O4
266,1,692.427906659147,804.0792383380542,O10
266,7,1359.8489096538297,718.1096115431912,O12
266,12,960.1003701176006,378.4520815330463,D10
266,10,645.1346903596517,383.37093834319654,D9
266,17,793.7608976116769,248.59221277444743,O4
267,1,693.284510878487,801.3143824636534,O10
267,7,1359.5280657435164,718.1412406817045,O12
267,12,962.9920409494721,371.4399594275044,D10
267,10,644.4826259101787,381.23166186712143,D9
267,17,796.685362599884,255.41759787295194,O4
268,1,693.4962639457264,800.3246582623007,O10
268,7,1357.5826182647188,718.4615256251212,O12
268,12,968.1732457401727,367.29389870531924,D10
268,10,643.8487262998373,381.81191950822625,D9
268,17,800.1935922810178,263.8017416570079,O4
