1,3,1191.0100267306168,465.2413598584637,D9
1,4,755.5772801590318,891.5870152252711,O9
1,6,1344.1109406440069,565.088103382377,O15
1,7,199.58468712990344,576.8356792975129,O6
1,11,415.25719860094097,456.0367800172781,D6
1,12,762.768484342522,764.1708420558571,D10
2,3,1191.330210985557,462.7956959595201,D9
2,4,755.2339347966507,893.0691296365371,O9
2,6,1343.2579375674886,567.254661248608,O15
2,7,199.57534269709382,576.8161706154066,O6
2,11,414.4723722722637,456.12930835464033,D6
2,12,762.2734181909304,760.735887651407,D10
3,3,1191.0922077895902,464.57948685869655,D9
3,4,755.17360948106,893.3368462629307,O9
3,6,1343.258348481149,565.7707359793164,O15
3,7,199.89306647086693,576.7696575535947,O6
3,11,412.89567234750547,453.92346518408834,D6
3,12,761.1843793554686,757.1284025593336,D10
4,3,1191.012426096916,465.2004071841316,D9
4,4,755.1640862346105,893.3998871385974,O9
4,6,1342.535273887999,567.2021462607418,O15
4,7,199.68436371146203,576.82108720345,O6
4,11,411.06346447914547,453.4492521699942,D6
4,12,759.9737846276078,749.9433346597955,D10
5,3,1191.2665102499095,463.27312144978305,D9
5,4,754.49106441708,892.2479881517802,O9
5,6,1341.6032052447745,569.4621206935543,O15
5,7,200.85559715827736,576.6287482070021,O6
5,11,410.51660211170315,453.297149221876,D6
5,12,761.3306648795832,759.6735668417385,D10
6,3,1191.051483118129,462.65314960775726,D9
6,4,753.136924553854,890.8186290801438,O9
6,6,1341.30133582729,570.2186646252966,O15
6,7,200.64196122985072,574.6325094963407,O6
6,11,408.42711373939443,451.34449378894317,D6
6,12,762.8883016142157,774.1879509761824,D10
7,3,1190.9734363983182,462.5016253758108,D9
7,4,751.5616118619656,889.3296857355654,O9
7,6,1340.4179494118748,573.8664781898322,O15
7,7,200.2617556299941,574.0182442505399,O6
7,11,409.44545735999316,455.98886894893224,D6
7,12,763.5892343750372,787.2885491507262,D10
8,3,1190.6687891536744,464.3974789194469,D9
8,4,750.3028837729681,890.079392636098,O9
8,6,1339.7114343389985,576.8007640137749,O15
8,7,198.33691195878518,570.1221039129603,O6
8,11,410.21563191955767,460.8059323662861,D6
8,12,761.8701679667026,792.1569355870539,D10
9,3,1190.8317362585813,463.1738144800567,D9
9,4,747.5146807915282,889.5803761004192,O9
9,6,1339.497229296952,577.7792124743407,O15
9,7,200.26479673700408,574.2062715902484,O6
9,11,410.6464244522918,466.72428945966226,D6
9,12,761.9422535394665,794.9028385231383,D10
10,3,1191.1868200198767,462.6741115181277,D9
10,4,744.7837769119092,889.6567753047674,O9
10,6,1339.3345493899087,579.6598913379864,O15
10,7,201.24275680034162,575.6738684017142,O6
10,11,411.52421277710465,472.9239454945714,D6
10,12,761.4922861887327,795.7790623795945,D10
11,3,1191.3189106866128,462.5122736118611,D9
11,4,741.4783010702248,888.9057360610532,O9
11,6,1338.5387618491952,583.4757923716872,O15
11,7,200.7619338288914,572.5615813489678,O6
11,11,412.80430788592963,478.09221866061574,D6
11,12,760.480881440731,793.4135142570251,D10
12,3,1191.6500598429413,462.42318178728414,D9
12,4,738.7328663792571,890.0171700979429,O9
12,6,1338.1405708853952,586.4165911632957,O15
12,7,199.4534275218758,569.6849065221626,O6
12,11,412.0893248149551,478.10693525201566,D6
12,12,759.3543979246344,793.7744673630135,D10
13,3,1191.7710995920102,462.34440293324354,D9
13,4,736.2092502523072,891.7423260173045,O9
13,6,1337.4731274067005,587.5169820436226,O15
13,7,206.0043886915164,580.9332935764994,O6
13,11,412.10804520978706,478.9185395212601,D6
13,12,757.6263706216138,791.3454468030146,D10
14,3,1191.5667105972816,464.2866926046705,D9
14,4,732.9987801950497,891.6882150531583,O9
14,6,1336.0982385770265,589.6008168446091,O15
14,7,211.1745959457105,590.2857259612927,O6
14,11,412.82158677862645,483.16663254739984,D6
14,12,755.6134329330712,790.5857724591682,D10
15,3,1191.4975533427285,464.98745241017264,D9
15,4,729.9311104756928,890.8046811067724,O9
15,6,1335.1061944433134,590.3714070510068,O15
15,7,214.96205628944475,595.2508384628065,O6
15,11,412.4639966005478,482.76914600203406,D6
15,12,753.4873165031556,790.4156970827613,D10
16,3,1191.4671011296396,465.2152262666451,D9
16,4,727.1076735746677,890.6943689010516,O9
16,6,1334.2498636641567,590.613619828495,O15
16,7,215.80549744299637,598.9084221740359,O6
16,11,412.9371602199151,484.3862193445582,D6
16,12,753.3238915996876,791.4440581100447,D10
17,3,1191.6928831269358,463.43465406100586,D9
17,4,724.579497206077,889.7432757942183,O9
17,6,1333.682966773872,590.6954222476911,O15
17,7,217.10261231745304,601.816206885201,O6
17,11,413.0952564545918,484.9020202841967,D6
17,12,752.1760091376708,790.6462329678328,D10
18,3,1191.541505096856,464.63577515774324,D9
18,4,723.8488763187521,890.5207238420991,O9
18,6,1334.0159741787136,590.5965245902347,O15
18,7,217.28125911646143,602.8603532157883,O6
18,11,413.55156704705297,487.995213814167,D6
18,12,752.2284751903419,790.2219858819885,D10
19,3,1191.4574008328407,463.24524656404816,D9
19,4,723.0034579763013,892.0359717378475,O9
19,6,1334.1723722430152,590.4722558595389,O15
19,7,217.54472522518122,603.104348501014,O6
19,11,413.4426993387139,490.08947129669394,D6
19,12,751.1658823345088,788.8773186952002,D10
20,3,1191.1786784661963,464.5059096326227,D9
20,4,721.4692011121041,890.4839381233736,O9
20,6,1335.0370311204008,590.1949075171824,O15
20,7,218.66318856803488,602.9006448479628,O6
20,11,413.08274263099725,489.8075357765649,D6
20,12,751.2383894053587,788.218417351714,D10
21,3,1190.7899614225178,465.02984702375556,D9
21,4,716.9620512324324,891.6095936107228,O9
21,6,1335.8882026325832,589.9873022720666,O15
21,7,220.93215772843672,604.3025147471568,O6
21,11,412.06638573951716,488.7951443994655,D6
21,12,750.6407022067856,786.7449543802843,D10
22,3,1190.1103329242167,465.2306024269942,D9
22,4,711.534722109063,890.2937833328081,O9
22,6,1337.2690715841727,589.669329787281,O15
22,7,220.948757589448,603.0105656672738,O6
22,11,412.31285234601955,490.18864987941527,D6
22,12,749.9874457166101,786.202264275291,D10
23,3,1189.2795596368694,465.5549117474084,D9
23,4,706.7137612842854,886.9127565364778,O9
23,6,1338.2848760965612,589.5736226550073,O15
23,7,222.00519227263814,602.4125326360438,O6
23,11,412.42367916388736,490.7748309170961,D6
23,12,751.5968483388089,785.8274805827378,D10
24,3,1188.3304929324647,462.05214370923466,D9
24,4,702.1331113533031,884.8642066401036,O9
24,6,1339.6936387627009,589.3024934315384,O15
24,7,223.1343286225923,601.9045593709986,O6
24,11,412.44137493356345,490.8391453240955,D6
24,12,751.9686359492673,786.9306934300364,D10
25,3,1186.9113311030887,462.70778757644626,D9
25,4,695.4233984330324,884.8428431826276,O9
25,6,1341.3674180457947,587.5159639537318,O15
25,7,225.18029865290939,601.4644254599367,O6
25,11,413.71025743359155,494.65827095015,D6
25,12,751.6641307910295,787.421817414899,D10
26,3,1185.2573758730537,461.29731618310217,D9
26,4,687.4147838563928,885.6504477254311,O9
26,6,1342.7707938092258,586.6843398150637,O15
26,7,227.8081385915867,602.7948693069549,O6
26,11,416.00690379269804,499.7215953063946,D6
26,12,749.2637727505661,787.923759115195,D10
27,3,1182.7033846124532,460.99639465053446,D9
27,4,675.9324220233705,889.4408820117166,O9
27,6,1344.3116156820333,586.1727358355811,O15
27,7,237.20072098468708,616.339582521518,O6
27,11,418.98720183136555,508.06605920156215,D6
27,12,748.083845441542,789.3755428067708,D10
28,3,1180.3653608414982,461.113136554222,D9
28,4,665.1784366153443,890.6893731202514,O9
28,6,1345.6327214556018,585.8969702588687,O15
28,7,247.4421900011739,634.0930406413501,O6
28,11,421.30395883331505,514.8184470028224,D6
28,12,745.4175508807823,787.6940538245565,D10
29,3,1177.855429148727,461.4184521356499,D9
29,4,659.5649815563811,891.4102582407751,O9
29,6,1346.8823462413764,585.6655496257011,O15
29,7,255.69864875133152,646.6927633649432,O6
29,11,423.9052950223416,520.826652133993,D6
29,12,741.3066052442011,782.3491668227484,D10
30,3,1174.7893974282897,463.70354842308893,D9
30,4,657.4140762641854,890.6167058488065,O9
30,6,1346.8234886239245,588.6975546708725,O15
30,7,262.8500592034213,659.0741271107462,O6
30,11,425.18695056114825,523.9659573660687,D6
30,12,735.5431415678376,774.4686888325718,D10
31,3,1171.984208261898,464.7858704589374,D9
31,4,654.9505901255026,888.2939112730627,O9
31,6,1346.388807586699,594.4015994365218,O15
31,7,270.67594088897687,672.5531545043604,O6
31,11,425.94526561481723,527.7879236209163,D6
31,12,728.5487636101748,765.4929124716938,D10
32,3,1170.3875667159741,465.3246015814806,D9
32,4,653.7383725753141,887.4880631878765,O9
32,6,1345.7027166240703,599.59918724326,O15
32,7,275.41133681493454,680.4287797346599,O6
32,11,426.18445911030113,529.1166962911229,D6
32,12,719.8078256121869,754.9589973334834,D10
33,3,1169.8404680950155,465.52668899166486,D9
33,4,651.6161290786291,885.2042930670117,O9
33,6,1345.315933192859,603.0240739222883,O15
33,7,279.0422970725934,684.555518908586,O6
33,11,427.12341713887554,532.2095243171998,D6
33,12,710.970231588081,750.4448269032439,D10
34,3,1168.9015371722876,467.47419695218997,D9
34,4,646.6931618624059,878.0231011712231,O9
34,6,1344.6507584853882,607.2690452530619,O15
34,7,281.25883735544903,685.6771146473966,O6
34,11,426.281208942627,531.4840056909744,D6
34,12,705.3268118270879,746.3989002839521,D10
35,3,1167.9616171132857,466.55416852133527,D9
35,4,636.7871951019533,870.6466098500093,O9
35,6,1344.8687325692338,608.791848732928,O15
35,7,283.8429200310288,688.826710781296,O6
35,11,425.6493267694261,532.10727357774,D6
35,12,701.1707009026504,741.1912246849166,D10
36,3,1165.9976688481804,466.3729045461701,D9
36,4,628.3718500943868,863.8308858978705,O9
36,6,1344.472244488885,612.2438710627371,O15
36,7,292.6989508811382,704.3875542104486,O6
36,11,425.4222266309805,534.1117584822882,D6
36,12,698.4957136176464,738.1019219527199,D10
37,3,1163.7875373534503,462.88056903509204,D9
37,4,619.35677274707,852.5178023449455,O9
37,6,1344.3149295988733,613.4659243462285,O15
37,7,301.8389513657905,721.287122894488,O6
37,11,423.28319861419965,530.3506424952708,D6
37,12,694.7766932997226,737.4955567421642,D10
38,3,1159.9096594270625,461.99405052637223,D9
38,4,611.1561413809801,841.6913528709475,O9
38,6,1344.3730627827088,615.294024350657,O15
38,7,313.7818964154205,742.4403606246327,O6
38,11,421.91778383352363,530.8059750278844,D6
38,12,689.5906694958061,732.3064185840738,D10
39,3,1156.035568936126,463.89026735809347,D9
39,4,603.000348664216,832.3072759041969,O9
39,6,1344.8821864541735,615.8755180621987,O15
39,7,323.24859923048695,758.0454623015738,O6
39,11,420.9224118365678,534.7921881199786,D6
39,12,687.1716902582319,730.633811519102,D10
40,3,1153.939768176796,461.0824947546537,D9
40,4,596.7833399101244,826.9826582317295,O9
40,6,1346.3093566212572,615.8663586619374,O15
40,7,330.96947393456145,771.5361643102793,O6
40,11,421.7920933672899,543.5309506037942,D6
40,12,682.4356329036192,732.1991290207566,D10
41,3,1152.2292616341324,456.49548895408657,D9
41,4,589.2210438096364,824.6957786351705,O9
41,6,1347.2114939559424,617.2236820351193,O15
41,7,339.11204700398656,783.8717852184051,O6
41,11,423.35797872460097,553.9196723657697,D6
41,12,678.2357640754688,730.3679971628122,D10
42,3,1150.7365982250922,453.07296717287704,D9
42,4,582.610018658591,823.3488639911737,O9
42,6,1348.044290595811,617.5934398677065,O15
42,7,344.2601705386164,789.327782209193,O6
42,11,424.4968868721942,559.4852028978787,D6
42,12,674.5569060790348,728.7083023771747,D10
43,3,1148.5895262765957,459.4802142197776,D9
43,4,577.2517982717708,822.1851756952061,O9
43,6,1348.0978841110157,617.7162448943635,O15
43,7,347.80157169453236,789.3938997869928,O6
43,11,425.5028191003894,563.2129843679444,D6
43,12,659.7975341851358,728.6996145553442,D10
44,3,1146.9154078063316,465.63136246167767,D9
44,4,578.0969274675355,821.4960532287431,O9
44,6,1347.4923714978204,619.2213534405975,O15
44,7,351.80608586788804,788.6478690064259,O6
44,11,425.3741576132952,566.3555098886469,D6
44,12,647.4380981393724,731.2410888234349,D10
45,3,1145.1860556574497,473.5129081811565,D9
45,4,574.2673699522771,820.70570179652,O9
45,6,1347.7276154470665,619.6595458529306,O15
45,7,354.9719733968537,787.711419304389,O6
45,11,429.09544387576443,572.2268946372436,D6
45,12,636.436167125581,734.6025252759437,D10
46,3,1143.8666498963519,478.3705336544963,D9
46,4,573.1531275659411,812.9878290725869,O9
46,6,1347.4488127069733,621.3089353643903,O15
46,7,362.34485365526734,795.9052638279271,O6
46,11,434.78302207547324,577.2809658298593,D6
46,12,629.55582677794,736.3530098955904,D10
47,3,1143.5589980881614,476.5404426151686,D9
47,4,570.4208291943258,809.1749581544748,O9
47,6,1347.0920313119966,624.7624682694113,O15
47,7,370.59155063979597,805.993041644955,O6
47,11,440.303820792599,587.3488401536875,D6
47,12,623.8010254384894,737.4973388367991,D10
48,3,1142.288448526214,479.5669169814966,D9
48,4,566.9476397258993,805.6909053439334,O9
48,6,1346.7135222516772,628.9113888135164,O15
48,7,379.88446475745826,815.2978884525038,O6
48,11,444.0495665741196,594.2810799862302,D6
48,12,619.5908737143815,736.8977889757647,D10
49,3,1141.4997533048197,478.9172911355163,D9
49,4,561.3750121820282,796.0536446134163,O9
49,6,1346.0722474989,633.347485269201,O15
49,7,387.98657392667803,821.7813270068112,O6
49,11,450.673817813552,602.8269652332576,D6
49,12,615.4700032550446,735.6635155126999,D10
50,3,1139.8676846284004,478.9138263275705,D9
50,4,552.3369080304595,786.9244850708603,O9
50,6,1345.6954906527758,636.4639553269859,O15
50,7,398.12584236098206,832.0367550141183,O6
50,11,456.3484696402188,610.6156148946812,D6
50,12,612.18405696269,735.5473799290208,D10
51,3,1138.2874770359865,480.77403507354705,D9
51,4,543.0320638771527,774.9681830930698,O9
51,6,1344.6948041678675,641.9049685000347,O15
51,7,415.5030190199028,841.2548506626995,O6
51,11,457.4441082601887,598.2208489382401,D6
51,12,609.6698091661841,731.4548852298668,D10
52,3,1136.836665222675,479.81918836812855,D9
52,4,531.8236818630625,767.6780307441718,O9
52,6,1343.8559206966122,646.7513127827498,O15
52,7,422.9726126937998,846.9000937581235,O6
52,11,460.4040805062404,591.0125402612157,D6
52,12,607.1348235459204,728.7710616917784,D10
53,3,1135.0529035769289,481.3062888504633,D9
53,4,522.8306968627212,765.7928084980229,O9
53,6,1343.0772294049127,651.26235562961,O15
53,7,428.76709654647027,848.2583607156926,O6
53,11,467.3376961417392,601.273276676037,D6
53,12,604.0436942794503,726.6390766097747,D10
54,3,1132.7740826067732,482.0807935279762,D9
54,4,517.4347829969944,764.2660568432655,O9
54,6,1342.676467947921,654.2640592125418,O15
54,7,434.843161427062,846.6721571030777,O6
54,11,471.3728015642939,611.5552827496275,D6
54,12,601.576050311399,726.1064448330927,D10
55,3,1130.9572550854587,478.94456258616424,D9
55,4,512.8415669169564,762.9294409977928,O9
55,6,1341.328736757474,658.2410169346723,O15
55,7,442.98265389264054,844.9738385708678,O6
55,11,477.8737292187119,629.6812440562105,D6
55,12,602.1177811100091,727.2549985923022,D10
56,3,1127.2881305839348,483.5236748490543,D9
56,4,509.39577902349146,762.8620376298123,O9
56,6,1340.4568116459532,661.0677076626728,O15
56,7,452.73805528906865,845.6375724588596,O6
56,11,482.7695488639477,637.5071521739035,D6
56,12,603.5024404039282,727.5393097645841,D10
57,3,1122.2345214199986,487.5056193936827,D9
57,4,507.9280831535016,760.238548116818,O9
57,6,1339.0478796519492,663.5314392402337,O15
57,7,458.3404900274619,844.1619373802274,O6
57,11,484.0688298574382,635.3920901926945,D6
57,12,603.4006214637461,726.3282071956006,D10
58,3,1118.0612647636337,491.1072336889705,D9
58,4,504.8873523845348,755.6219734420596,O9
58,6,1337.4566281314062,665.8304751660287,O15
58,7,464.196633666836,846.5854264267275,O6
58,11,488.96691618515035,643.5888801280469,D6
58,12,604.4917320174147,725.751342684969,D10
59,3,1115.35262847498,496.109949819803,D9
59,4,495.62473449837415,741.0514406943488,O9
59,6,1336.705938426075,665.2791967594627,O15
59,7,471.1217115079585,850.3468915325439,O6
59,11,495.7599914685357,652.1926424784646,D6
59,12,604.1766221889725,724.2284170499979,D10
60,3,1113.5907013060769,498.00900526549424,D9
60,4,481.6827789565985,717.9546560887646,O9
60,6,1335.9830507129598,664.984162167446,O15
60,7,480.2245862051689,855.5615907354942,O6
60,11,502.62062914260565,660.9415470728798,D6
60,12,608.2032685559396,723.0496053742731,D10
61,3,1112.4907185183015,497.08149245448436,D9
61,4,472.0072123077766,710.0515450488449,O9
61,6,1335.751177213377,664.848667560368,O15
61,7,491.4595961194244,860.0025600816234,O6
61,11,506.92221114106013,671.7619775854765,D6
61,12,609.587293901098,721.3585531581663,D10
62,3,1111.6563731128479,496.60914728923814,D9
62,4,463.7175591914913,701.9038066784108,O9
62,6,1334.2571166562384,664.8327871075345,O15
62,7,501.11899027708114,864.3049325660298,O6
62,11,514.3585310399703,690.1278097705485,D6
62,12,607.4225877785827,721.0694671656078,D10
63,3,1110.309502777747,496.6272137235906,D9
63,4,459.93999625209165,702.4666337594476,O9
63,6,1333.047742499828,663.5468081346678,O15
63,7,509.2687002978013,869.9595836782257,O6
63,11,514.5842314304147,681.9840000705532,D6
63,12,603.4750586513048,718.6594801123429,D10
64,3,1108.9188490349181,500.1512594761367,D9
64,4,451.1757167110973,690.0759572084452,O9
64,6,1331.946733218486,663.0124229655179,O15
64,7,515.6132367018082,873.7805339085137,O6
64,11,513.043505943327,675.3790453022729,D6
64,12,600.7472853430951,716.4386279562606,D10
65,3,1106.990261152505,508.79464974483085,D9
65,4,446.693685207485,686.0128897785306,O9
65,6,1330.4204716632453,664.4463390204731,O15
65,7,520.8527190713704,873.5013292348534,O6
65,11,514.0317832674566,683.592325619699,D6
65,12,594.8435914678023,706.3779043421532,D10
66,3,1105.1329349606065,515.4461727089333,D9
66,4,436.80318407857186,671.549769604013,O9
66,6,1329.4637259077142,664.8754803419661,O15
66,7,526.0992780652984,872.6211616951202,O6
66,11,517.4505295281826,695.0984290627516,D6
66,12,592.6006313258844,692.0508687592148,D10
67,3,1103.5871271818396,518.0126326808186,D9
67,4,425.83191438331534,649.3711376762076,O9
67,6,1328.5483709652474,663.6692374800268,O15
67,7,530.9813764522512,872.925427047038,O6
67,11,518.040674747351,688.6660564625357,D6
67,12,589.7914585807105,671.6819283156645,D10
68,3,1101.8856756291866,526.1826719444933,D9
68,4,419.6746791591778,635.1044076975245,O9
68,6,1326.5658303612963,665.0760919846274,O15
68,7,534.7324789958575,875.1418991370967,O6
68,11,518.9272360185582,678.1326826864753,D6
68,12,589.7047857891301,654.5174414670295,D10
69,3,1100.7048313057594,528.7428781180374,D9
69,4,424.7151175779586,660.7720557960475,O9
69,6,1326.088171705501,663.7143514727371,O15
69,7,539.2518711819295,876.2601212178403,O6
69,11,514.4860866973772,671.019870974317,D6
69,12,590.2208639785978,636.3888718304931,D10
70,3,1099.6019306563728,531.8361819243249,D9
70,4,423.5458614234542,667.5548946588798,O9
70,6,1325.8258680579872,663.5672287892847,O15
70,7,547.4229206157862,881.8491693455211,O6
70,11,516.8370783924989,672.9334758639058,D6
70,12,592.1709302674875,623.3068239976462,D10
71,3,1099.7990107733785,532.5865924315355,D9
71,4,419.5965024166048,666.001325015275,O9
71,6,1325.5651804889537,663.3582186122584,O15
71,7,559.6902215087689,883.4752425794231,O6
71,11,521.5638949413162,674.374186197305,D6
71,12,591.5293058507906,603.5429785735628,D10
72,3,1099.8059171249586,532.718524297921,D9
72,4,414.1526882443422,664.5503352721204,O9
72,6,1325.1247831802445,661.864031794623,O15
72,7,575.7464078123497,884.6117269922671,O6
72,11,537.4998141799756,714.3975144958164,D6
72,12,591.9178421228969,589.2839733550251,D10
73,3,1100.3840381870045,534.3606791563897,D9
73,4,404.89466298955665,658.8425538207274,O9
73,6,1324.3899652628145,662.8179421234529,O15
73,7,586.5103919290135,883.0818495336135,O6
73,11,539.3742410758048,710.2335935641723,D6
73,12,593.5031887745159,580.660391455322,D10
74,3,1100.5334054546408,534.8883041102973,D9
74,4,392.92905356397284,651.53022137496,O9
74,6,1323.6693356542762,663.2296238989111,O15
74,7,611.9148242496383,879.3673432879123,O6
74,11,542.0378830786177,704.8615190249618,D6
74,12,592.8683002434672,579.8171767806747,D10
75,3,1100.8956667886207,535.0060601365705,D9
75,4,382.05491010739684,644.9466746221207,O9
75,6,1323.754946048018,661.9988358391963,O15
75,7,627.305859611094,879.3693926092387,O6
75,11,543.3498604274783,704.1178241883381,D6
75,12,593.3242493573365,585.0777450267994,D10
76,3,1100.7976160717253,535.0392430152783,D9
76,4,372.00470522610306,635.1607659561633,O9
76,6,1323.4687588230656,662.9655287034525,O15
76,7,630.6010572524514,878.4611805642164,O6
76,11,547.7395583284209,703.1649779768999,D6
76,12,589.3110783409737,588.0034537168057,D10
77,3,1100.498047968056,535.0259854390978,D9
77,4,363.3288737402122,625.4974634560964,O9
77,6,1323.0277046432825,664.7688936078981,O15
77,7,636.653830125834,873.8884985061253,O6
77,11,552.0988731944822,703.7455485263465,D6
77,12,587.8792358256891,580.6415102481054,D10
78,3,1099.9989405779445,536.6873347029971,D9
78,4,348.66243587963646,616.8511218317126,O9
78,6,1322.7890460966364,666.8152172665048,O15
78,7,643.8017808314223,863.4597314147167,O6
78,11,561.0197462575342,701.3325940386817,D6
78,12,583.7993743227576,576.9148954012235,D10
79,3,1099.1761666411142,535.634524371736,D9
79,4,334.28499168231235,609.8495082125343,O9
79,6,1322.3944934740366,668.9395337790606,O15
79,7,650.9451723364206,846.5198732936287,O6
79,11,567.4709213878083,687.8726858805384,D6
79,12,572.9986227480707,551.7966607011663,D10
80,3,1098.3476046061248,536.9084169303071,D9
80,4,321.71621971378806,603.1993154313351,O9
80,6,1321.3648658870038,672.5355871403628,O15
80,7,656.5489447137104,817.1548279965843,O6
80,11,568.5040649278064,668.5817481795351,D6
80,12,577.8831944145978,561.8242887315943,D10
81,3,1097.9397674063875,537.3455131861455,D9
81,4,310.68310063356057,600.1564086975229,O9
81,6,1321.0120035180323,673.8485230920853,O15
81,7,669.7887281713228,803.0106610395749,O6
81,11,598.6770005829791,682.2696109110991,D6
81,12,581.990155399034,575.726646799167,D10
82,3,1097.4234887320754,537.439425083271,D9
82,4,303.0723664453367,599.8303797588122,O9
82,6,1321.4896888945614,672.7916417774919,O15
82,7,688.7759186947814,795.9660719282799,O6
82,11,616.5166440438326,684.4391632235001,D6
82,12,571.9768492156232,530.1463876753338,D10
83,3,1096.9514446512417,535.8632409278956,D9
83,4,298.9957812341698,601.9815138243226,O9
83,6,1321.4097683485797,672.4682579295115,O15
83,7,705.6288348429568,793.4553672439225,O6
83,11,627.5245367828222,684.6689180322986,D6
83,12,563.9202555511183,487.61725009710284,D10
84,3,1096.5297838052743,536.9458116591824,D9
84,4,295.5788298864214,603.3566552427995,O9
84,6,1321.4040144617202,672.3168311813598,O15
84,7,718.3393062918784,791.7968059073627,O6
84,11,636.1066673437778,682.5969822521394,D6
84,12,571.9575454195352,520.8113231873863,D10
85,3,1095.7257030593428,535.8142623686301,D9
85,4,291.46827060192726,600.9446596829439,O9
85,6,1321.4153120901492,672.2695297375611,O15
85,7,726.6240248639085,786.9936441029428,O6
85,11,643.0173058710118,678.2245655092171,D6
85,12,576.1297364953264,526.0828772562356,D10
86,3,1095.7450086643998,535.2812483177935,D9
86,4,285.4160421165149,595.5100895822651,O9
86,6,1321.4591715540087,672.2175570465411,O15
86,7,733.7913255690701,776.9718202405509,O6
86,11,652.588873540523,669.4094796581762,D6
86,12,581.4651952768185,529.8172194627036,D10
87,3,1095.6202962992982,535.1288773345367,D9
87,4,278.31501701988907,587.071657137667,O9
87,6,1321.135103278774,673.6181039624267,O15
87,7,735.5985364561946,739.7831612448217,O6
87,11,663.1577723535395,655.7637959002664,D6
87,12,584.5217031844243,533.1799233111669,D10
88,3,1095.3432657915307,535.0175604312819,D9
88,4,273.02967894676027,582.6358801357646,O9
88,6,1321.048834635402,674.0559534400103,O15
88,7,741.6310741610014,711.3619215030271,O6
88,11,668.0709832010851,636.0374731203573,D6
88,12,586.5066620207615,530.7590198910656,D10
89,3,1095.1235262565408,533.3042575463224,D9
89,4,266.54400487458037,578.1788136001913,O9
89,6,1320.789059601038,674.2450889908555,O15
89,7,756.147762968801,700.9377413894949,O6
89,11,681.4688320777195,643.1131534850756,D6
89,12,591.9172999565152,533.0275752544293,D10
90,3,1095.313593639758,532.5736738249385,D9
90,4,257.8175683549487,573.8909713207669,O9
90,6,1320.685044418959,674.2751871769157,O15
90,7,769.7648969135341,696.275231304095,O6
90,11,695.9738529905776,645.8630600717315,D6
90,12,592.7236450051302,535.9174597372626,D10
91,3,1094.9955012322537,532.3727905192379,D9
91,4,247.73773298133773,571.6225156190836,O9
91,6,1320.9912360327485,672.8935335401758,O15
91,7,775.917912086895,691.8257545178724,O6
91,11,708.6321407920133,647.5176394500912,D6
91,12,593.8332226074177,533.3663284550063,D10
92,3,1095.5573666129021,532.2150503310846,D9
92,4,243.44072845144052,576.6169746010823,O9
92,6,1320.8705536766977,672.3780856333952,O15
92,7,786.2042194640993,687.9312691675735,O6
92,11,717.6970568157195,650.691433387206,D6
92,12,594.7602765896489,532.4054224624479,D10
93,3,1096.440791456999,532.0676001054645,D9
93,4,238.3412864079829,577.3009295200046,O9
93,6,1320.4836579766682,673.6050819703692,O15
93,7,790.9001075824232,680.7327371616569,O6
93,11,727.6437019166888,647.836199580651,D6
93,12,594.4189738775897,526.6760023956995,D10
94,3,1097.6156438201303,531.8967959546263,D9
94,4,233.59343338348899,574.526023749682,O9
94,6,1320.3650523157066,674.0476261591853,O15
94,7,798.9468009311967,668.530483687094,O6
94,11,741.3997519364545,640.6820534983701,D6
94,12,594.3439543170168,517.1974374508856,D10
95,3,1099.1318248708342,531.6763682438685,D9
95,4,228.15869027413783,572.2348330527428,O9
95,6,1320.3156696302117,674.2218138745341,O15
95,7,803.3153888777365,642.5632194504984,O6
95,11,747.7164815218512,629.9241418825028,D6
95,12,595.1484816591724,509.7120445400536,D10
96,3,1100.3430625829194,533.2478724765477,D9
96,4,223.57106521698572,571.9239346552347,O9
96,6,1320.2785844522928,674.3334517969633,O15
96,7,805.8860029467362,598.7962731017916,O6
96,11,751.910555403073,619.2388562067418,D6
96,12,594.7469552413733,501.4618935311572,D10
97,3,1101.5076056477485,533.6097288825994,D9
97,4,218.80133201784943,570.4861803675832,O9
97,6,1320.8170079523923,674.149948151669,O15
97,7,808.0411859348227,583.8285076675431,O6
97,11,753.8680115657129,605.2961262721752,D6
97,12,595.2859919894117,487.70148896374184,D10
98,3,1102.7047067011472,533.7201210224666,D9
98,4,214.1946141793729,570.5315149861922,O9
98,6,1320.9764651603682,674.1726591013248,O15
98,7,807.3815370330547,563.6589499643442,O6
98,11,767.1192537249386,585.0061027862968,D6
98,12,596.3611867400566,475.6954211492509,D10
99,3,1103.6985662077827,533.5567029586516,D9
99,4,206.84686023188752,567.6117331392899,O9
99,6,1321.7957680528511,673.9640730110514,O15
99,7,811.4627740053855,550.6464085239138,O6
99,11,774.0630098026105,564.9107386444724,D6
99,12,597.183433144702,465.19333027216214,D10
100,3,1104.7123941771629,533.5420308262273,D9
100,4,200.2806151726322,566.3574955854024,O9
100,6,1322.317875605756,673.9803716380345,O15
100,7,812.7313021214721,541.2491050343612,O6
100,11,770.2271956034674,551.5714205738501,D6
100,12,597.3162900904822,455.59342183787146,D10
101,3,1106.315452613462,529.8709328757772,D9
101,4,194.72092374011768,561.5535705635258,O9
101,6,1323.101850100465,672.4692114853613,O15
101,7,816.9299915024167,537.6353945533135,O6
101,11,774.3687025105247,542.3958208448087,D6
101,12,598.6658169274933,449.8049893118719,D10
102,3,1108.1093896556804,528.3718449746312,D9
102,4,186.82165159358556,552.2251555609625,O9
102,6,1323.6272552183466,671.9067206274063,O15
102,7,820.5295303777808,531.2334458260782,O6
102,11,782.189976124252,536.686354937676,D6
102,12,600.9208334572976,447.7459017014221,D10
103,3,1109.7252678713248,527.6601180547157,D9
103,4,177.8989223078701,538.9869774427967,O9
103,6,1324.0830654598724,671.6128983286426,O15
103,7,817.9849712876302,486.5786671936015,O6
103,11,783.3426324889151,533.3047977071724,D6
103,12,604.3017605888421,444.78787910079376,D10
104,3,1111.3947334154345,527.2265680848893,D9
104,4,171.29061935041778,528.652399741758,O9
104,6,1324.508623965406,671.4452393067313,O15
104,7,815.4535868049246,424.4472015008446,O6
104,11,783.313363773464,534.1485530959351,D6
104,12,608.0310184727233,441.54271262576043,D10
105,3,1113.3701044540928,526.8820734502394,D9
105,4,165.00514138931715,515.5804732966483,O9
105,6,1324.5769853085458,672.7597855457406,O15
105,7,823.2160950958461,414.2207701542257,O6
105,11,789.7192288593507,533.6733757457899,D6
105,12,613.2384921014141,438.98900649204245,D10
106,3,1114.8543166389168,526.6853292788239,D9
106,4,160.59594867632092,512.0955860075329,O9
106,6,1325.1430094185391,671.8569115829033,O15
106,7,826.2293406490232,394.0883311576702,O6
106,11,792.7465479899279,531.8927394323731,D6
106,12,617.493836626378,437.9034421222602,D10
107,3,1116.161776317131,526.4952048976264,D9
107,4,153.58575788476608,502.6739925502814,O9
107,6,1325.3233493739021,671.5112433100577,O15
107,7,827.4623284172304,385.46524346481493,O6
107,11,796.8840227722612,525.6897020185528,D6
107,12,621.7601161013076,439.3833422776913,D10
108,3,1117.3949893253005,529.6106082740888,D9
108,4,144.61095526500762,493.001618119957,O9
108,6,1325.8912974584416,671.231764463946,O15
108,7,830.4091907039239,385.33662044083616,O6
108,11,801.4338117931569,515.8731558673385,D6
108,12,624.1645892053804,440.9042328749063,D10
109,3,1118.061092445622,530.8241435790566,D9
109,4,139.11246604360176,484.72169514315357,O9
109,6,1326.4142295727474,669.7841743082648,O15
109,7,832.0675850360541,371.4951121656586,O6
109,11,804.9656986776794,492.0293690457486,D6
109,12,625.3948382857179,440.56315390183437,D10
110,3,1118.5171938339083,531.2889881276723,D9
110,4,135.6379171068893,481.05461049512195,O9
110,6,1326.3382163783374,669.3064084915368,O15
110,7,837.3250079751886,362.14249282351864,O6
110,11,812.823857979422,480.09341790781184,D6
110,12,628.0428675126723,443.29775156185616,D10
111,3,1118.7809624752292,533.0879999005056,D9
111,4,133.71083115590298,483.29054719565977,O9
111,6,1327.1199163946487,664.8736873648509,O15
111,7,838.9334358401569,351.58883118209775,O6
111,11,819.5434680513779,453.261247337352,D6
111,12,628.7950499121702,440.405073605438,D10
112,3,1118.834150226617,533.7800186647627,D9
112,4,132.50022020474367,485.51014388989734,O9
112,6,1327.746908461747,661.7964621402368,O15
112,7,841.4443047978009,349.1645940761535,O6
112,11,824.9306115597283,439.79385936140454,D6
112,12,627.6758654570284,429.44681462689005,D10
113,3,1118.567144140854,534.02673755479,D9
113,4,132.09432221389932,488.7044076936379,O9
113,6,1328.3385553955616,659.1921556744215,O15
113,7,844.3876582691137,342.96151234535057,O6
113,11,825.2732492634461,429.3290149068986,D6
113,12,625.6105900175382,410.96282859529003,D10
114,3,1118.1653178273607,534.1607244316918,D9
114,4,132.66898445020735,491.1378571878519,O9
114,6,1328.9014062094127,656.8162722166605,O15
114,7,845.694993385203,337.929746397353,O6
114,11,829.366102864327,421.24717291405324,D6
114,12,621.9066819330302,382.8425762196793,D10
115,3,1118.1210920266137,532.5214250154856,D9
115,4,133.0037298077394,492.13565385247597,O9
115,6,1329.1807563366997,654.5829175068998,O15
115,7,844.6379469000243,324.44847349721863,O6
115,11,836.1811064140802,413.7491325186289,D6
115,12,619.9073446163928,366.7132705858747,D10
116,3,1117.7846269441743,531.9262620146516,D9
116,4,132.2865167882096,490.6352862694858,O9
116,6,1329.6988163786475,650.9480808979091,O15
116,7,845.4755548789238,300.2057151334427,O6
116,11,846.6792101710447,410.1952532175252,D6
116,12,620.6458126625728,355.12074118554324,D10
117,3,1116.8295736596297,531.7997286262304,D9
117,4,132.6772990352134,491.1831978173406,O9
117,6,1330.356716101381,646.7250735920977,O15
117,7,843.4369825079427,286.0442581760404,O6
117,11,851.6128199784166,396.71902260200096,D6
117,12,623.070270966459,345.14134930943146,D10
118,3,1116.1688573282463,531.8009771129109,D9
118,4,131.9481699002252,489.4728526909618,O9
118,6,1330.1834092799272,643.8636011114266,O15
118,7,844.8873064645247,226.35002756186063,O6
118,11,852.8993530352142,383.59501057345585,D6
118,12,625.9603543597992,342.65440596219776,D10
119,3,1115.0780664914807,531.9784851963873,D9
119,4,130.38242023314115,486.0335656230341,O9
119,6,1328.7265350926652,641.7145309579843,O15
119,7,847.0494732854104,173.0902076789761,O6
119,11,854.944752801152,370.2655539378113,D6
119,12,627.2111032272576,336.3695562960927,D10
120,3,1114.6804104919524,531.9983689040939,D9
120,4,130.61346543448286,483.6068411492825,O9
120,6,1326.4505773248218,641.1850593463183,O15
120,7,850.8140744212958,158.75156502993798,O6
120,11,858.0573962715996,357.74914779251475,D6
120,12,629.4869987056983,330.5364117136362,D10
121,3,1113.3977797811544,535.5335280184305,D9
121,4,131.0717055818394,480.66900420315324,O9
121,6,1324.2135150707986,639.8541666435553,O15
121,7,853.2922046171017,137.75575692983946,O6
121,11,859.9523064656428,349.0163529926689,D6
121,12,631.5519437478988,321.53626211760223,D10
122,3,1112.5124706720744,538.5268590378973,D9
122,4,129.37440284526934,475.69696258596906,O9
122,6,1321.0629139092998,641.1336730937335,O15
122,7,852.8985506813707,106.33104777005225,O6
122,11,861.7701746434224,337.05802923722814,D6
122,12,635.7605961513237,316.6902284168485,D10
123,3,1112.787955327049,536.2260820393991,D9
123,4,128.569941596598,470.7772529059912,O9
123,6,1318.4320408419753,641.8612560263056,O15
123,7,853.3695123198854,82.02818406101443,O6
123,11,862.6202439410232,328.51586945925294,D6
123,12,637.8477704615524,310.46042493618256,D10
124,3,1112.3100405462528,538.7631865026017,D9
124,4,127.32492673325689,466.9962960257796,O9
124,6,1316.440526211426,642.3538988689398,O15
124,7,853.1295092764974,67.60974558186149,O6
124,11,863.5106869392615,316.61278407845333,D6
124,12,640.8434985910346,310.382529042936,D10
125,3,1112.6615448296764,539.6519936863674,D9
125,4,125.91036241423957,463.70380490345894,O9
125,6,1314.2393868408587,642.8289899848622,O15
125,7,852.5297577544512,27.344810128746445,O6
125,11,864.0102123656593,306.84012671922966,D6
125,12,645.2203155515019,304.30515702651127,D10
126,3,1112.5611444154572,540.0046645847451,D9
126,4,126.2105513032782,461.42187555028255,O9
126,6,1312.4775299532866,643.1774310349055,O15
126,7,850.3006711979701,-10.215087367929923,O6
126,11,864.6811604674116,303.5193817535034,D6
126,12,649.4554236680611,294.7837337984378,D10
127,3,1112.402240804763,538.4676170746843,D9
127,4,127.30679188265522,462.6077743153275,O9
127,6,1310.8360068718716,643.4926945236678,O15
127,7,850.9016560695459,-52.422539090614436,O6
127,11,865.417768992686,302.5389225749098,D6
127,12,655.2172285040896,285.9997791609273,D10
128,3,1111.3138996399327,538.0422665659539,D9
128,4,127.77419906540928,463.21192087165076,O9
128,6,1309.5057204094644,643.7949448519938,O15
128,7,851.9950724073954,-48.31607868611959,O6
128,11,865.7450530088807,293.39825215593766,D6
128,12,660.8360384788866,280.0669573584393,D10
129,3,1109.7431277898606,536.3666155161734,D9
129,4,128.70075106453714,462.3535408127788,O9
129,6,1309.3590233466387,642.4663278239136,O15
129,7,853.124899053051,-46.17751817408453,O6
129,11,865.034084652419,276.4248686810948,D6
129,12,664.5684917144105,276.66788180163985,D10
130,3,1107.563520218851,535.9847735418522,D9
130,4,130.44112560079824,462.9858282799566,O9
130,6,1309.3245351057194,642.0261402253107,O15
130,7,855.9340700556156,-40.06013562208116,O6
130,11,864.5517478495042,268.0270258440269,D6
130,12,668.7854753361271,277.69157192435534,D10
131,3,1105.2837466604442,537.6936963724195,D9
131,4,133.06513739431043,464.0626838515919,O9
131,6,1309.2009505093965,640.4359861856713,O15
131,7,857.6209474323574,-38.45410729864647,O6
131,11,863.3012172369143,258.1649426884597,D6
131,12,671.2988044376207,276.8836449040887,D10
132,3,1102.8343796566623,540.2150163232308,D9
132,4,133.92007551566095,463.5042819266647,O9
132,6,1309.1303309690477,636.9957166965943,O15
132,7,859.9825534564145,-30.823119561836013,O6
132,11,862.0166679425838,252.5362028511041,D6
132,12,668.9784861413523,273.67565792428945,D10
133,3,1099.8111717050847,543.1512606448359,D9
133,4,134.36491347143,462.26144686745414,O9
133,6,1309.0741406872103,632.8614217419588,O15
133,7,862.2336964700389,-13.324158816795244,O6
133,11,861.3352731362878,248.4124551416682,D6
133,12,667.0181518812865,271.5460993364554,D10
134,3,1097.1085397366887,546.1451735691198,D9
134,4,134.85036367446432,461.8530800849709,O9
134,6,1308.8423561235638,631.3798024983424,O15
134,7,862.66970862498,-29.56312520633775,O6
134,11,861.4287630209399,242.29896056448183,D6
134,12,666.8496739954098,270.8898229577165,D10
135,3,1095.2994070238292,549.0380567683576,D9
135,4,134.2503415831071,460.7627697488692,O9
135,6,1308.7671310047626,626.567516234244,O15
135,7,868.3707769571846,8.31426112645592,O6
135,11,861.156310697583,235.48653986317453,D6
135,12,667.8747839599183,269.4272273431612,D10
136,3,1093.5975536047833,553.5569866428925,D9
136,4,134.8273973938944,461.3994787963506,O9
136,6,1308.11535550782,623.4068863968139,O15
136,7,872.0573852717407,26.84273589458711,O6
136,11,860.347715382143,233.37647181144587,D6
136,12,669.513494268892,268.8550339572251,D10
137,3,1091.9390086448188,558.6545962028566,D9
137,4,135.02135867374813,461.6594549144076,O9
137,6,1307.7823091944724,614.9763969630742,O15
137,7,877.8612247099218,56.92496666863387,O6
137,11,859.3767365765863,232.96983975234903,D6
137,12,670.5254295203034,267.50152341165534,D10
138,3,1090.0405689112824,564.0318834773859,D9
138,4,134.60882652993158,460.83013753698333,O9
138,6,1305.1827329763955,610.8187594807848,O15
138,7,881.8186513078599,62.165311341374775,O6
138,11,858.8197855008808,229.54315737022193,D6
138,12,672.9873717353182,268.11818477000645,D10
139,3,1088.8838109927835,570.903147829493,D9
139,4,133.70551301482382,459.63867097646556,O9
139,6,1301.0090427253215,608.3116709568459,O15
139,7,883.6799177005921,-0.4733335968826338,O6
139,11,857.6949538543936,223.7126505479326,D6
139,12,675.6272608027286,266.98635098713305,D10
140,3,1087.439740833713,573.5393609221456,D9
140,4,132.98405793561744,457.1136670326277,O9
140,6,1295.9492955386352,606.488311721462,O15
140,7,885.7664807299409,37.4168595011212,O6
140,11,855.6625112862171,216.9996088436749,D6
140,12,678.3242839954956,265.18843833418407,D10
141,3,1085.116192269154,577.8803436760512,D9
141,4,130.3838788315813,455.4165842250167,O9
141,6,1291.106534045008,604.809798947065,O15
141,7,885.5914123558156,47.61144967119683,O6
141,11,854.0128083463967,210.99835590161717,D6
141,12,679.8315901485623,259.5816635042254,D10
142,3,1083.5138272643896,579.4427046549472,D9
142,4,130.13851664198128,453.58498535827147,O9
142,6,1287.3467732077872,604.4630240842569,O15
142,7,886.7287502174976,47.999479953155685,O6
142,11,852.9217915643158,200.03199681997322,D6
142,12,681.3783265145777,251.08284826418168,D10
143,3,1081.2503847728547,581.7795769834829,D9
143,4,128.5527377862956,449.8773038833965,O9
143,6,1284.459156087862,606.20408583506,O15
143,7,887.7548600053418,48.07472189170178,O6
143,11,852.0940037362857,188.52482996736106,D6
143,12,682.9930802213067,246.63937991500725,D10
144,3,1079.9639116252117,581.0158561505939,D9
144,4,129.32808441348988,447.27154891751945,O9
144,6,1282.5070773428129,607.0047248811653,O15
144,7,887.0977171406186,39.27645316292126,O6
144,11,851.6900734909667,181.8610387295001,D6
144,12,683.6420383557221,241.31316917063992,D10
145,3,1077.9706891190747,580.8919254227872,D9
145,4,130.5526975926696,446.2583965058728,O9
145,6,1280.9269795809785,606.0598153998868,O15
145,7,883.7420294574038,28.935685758447164,O6
145,11,851.5871543695015,179.69296535629272,D6
145,12,684.6228091751218,235.57095202484143,D10
146,3,1076.0670779992554,582.6019183479361,D9
146,4,129.01604372511622,441.8234476316976,O9
146,6,1279.2777931645912,607.5373286181521,O15
146,7,888.6154245239416,5.992687027290287,O6
146,11,850.1205995244734,178.13344848681254,D6
146,12,686.2593610956893,238.47942874135478,D10
147,3,1074.6245268222638,581.66365536384,D9
147,4,128.52583723460387,435.7497285389564,O9
147,6,1275.9685667114668,608.4997535184252,O15
147,7,891.4533169554061,-1.3445033441634648,O6
147,11,848.6231984672166,172.73669468115585,D6
147,12,688.1312092760702,239.49172392352557,D10
148,3,1072.9771022488571,583.0315204792975,D9
148,4,130.49125158933794,432.1088180739059,O9
148,6,1272.8270996171784,607.7474192916422,O15
148,7,887.0099143620636,-9.250411742317509,O6
148,11,846.5637015669515,168.57319731677237,D6
148,12,690.7271451064455,239.74907266733845,D10
149,3,1071.0774484843034,582.1236046232013,D9
149,4,133.45046699745785,429.4551409407639,O9
149,6,1269.7597862004588,606.294303983875,O15
149,7,889.3609543918005,-20.500337803495295,O6
149,11,844.189753386288,162.24294223313447,D6
149,12,693.39807790211,238.4515458805515,D10
150,3,1068.4540822880515,581.9652610185593,D9
150,4,135.6755627883132,426.1301713510957,O9
150,6,1267.1320038087413,606.0180450317232,O15
150,7,890.2170461391544,-27.740791607095076,O6
150,11,843.1670026639501,157.42710267830137,D6
150,12,695.0182502331306,237.95652890671712,D10
151,3,1066.7789756080701,583.5529717279115,D9
151,4,140.81006068431788,425.46879812038605,O9
151,6,1265.463779369325,606.0401191137621,O15
151,7,891.0365624277675,-36.693631683160156,O6
151,11,841.3142629646057,153.37090474312743,D6
151,12,696.9924684877681,233.89005908805822,D10
152,3,1064.1505622637817,584.3456677222863,D9
152,4,143.5031364097213,425.169448342692,O9
152,6,1263.9768393890622,604.6388640596462,O15
152,7,892.5869763439193,-46.582756060920126,O6
152,11,840.0062777048953,152.15850967939355,D6
152,12,698.6441700442881,229.6590122031065,D10
153,3,1061.3996515674835,583.2921463382453,D9
153,4,144.4180515131018,424.0834150390077,O9
153,6,1263.6025874533527,601.1295988067226,O15
153,7,895.1570284223682,-56.820938891267105,O6
153,11,838.6505803881995,148.03340780610986,D6
153,12,700.7005288375159,229.23809721065626,D10
154,3,1058.077683823698,583.145133431658,D9
154,4,146.81150804765107,426.77628261604923,O9
154,6,1262.8257079981295,598.3927323470176,O15
154,7,898.1234779339518,-67.28081792058511,O6
154,11,835.9751138969038,144.23969830385278,D6
154,12,701.5972047352012,230.37737376810995,D10
155,3,1055.4441651064467,583.2751980570652,D9
155,4,147.77962716100103,426.70757112806035,O9
155,6,1262.1807064610489,594.4487155780421,O15
155,7,900.733861776786,-69.54530266018158,O6
155,11,834.2392730171765,141.80511590701863,D6
155,12,702.8294212189154,233.27081973056272,D10
156,3,1054.0709356910859,581.802058176161,D9
156,4,148.43545798321298,426.7100911066728,O9
156,6,1261.0963103426739,588.6043917738659,O15
156,7,903.1715565475915,-70.28390083521698,O6
156,11,832.300102023412,141.33831939520007,D6
156,12,704.0569753930071,235.62132558339536,D10
157,3,1052.3805729795156,583.0721583330786,D9
157,4,151.0658927053398,426.494657521725,O9
157,6,1257.6772413128879,585.3888939532172,O15
157,7,903.820899952612,-78.3963308399187,O6
157,11,830.8788064509656,140.18548572312676,D6
157,12,704.4852258210143,236.62529229575935,D10
158,3,1051.810938548551,585.0935190666854,D9
158,4,150.92808931330094,422.0413359948751,O9
158,6,1254.1330997217349,579.9464812792304,O15
158,7,904.6691766737815,-82.99844292104638,O6
158,11,830.4420221898494,141.19282678845516,D6
158,12,704.2085723495037,234.55764693331116,D10
159,3,1051.676821074395,585.8835635767986,D9
159,4,153.1269642545405,418.98028716305515,O9
159,6,1250.0302262348512,576.8364782414773,O15
159,7,904.8425814407402,-87.70109964364023,O6
159,11,830.3237172156361,141.7873251216257,D6
159,12,703.8767190560283,232.606581245405,D10
160,3,1051.819872997898,586.1314889571929,D9
160,4,155.60384481689115,416.49962894854605,O9
160,6,1247.0788984577446,574.4216965981334,O15
160,7,904.2381845320745,-84.15536799712173,O6
160,11,829.5728476398175,140.86804832023728,D6
160,12,703.1764288731323,233.24711274572715,D10
161,3,1051.0651570805853,587.9043243350594,D9
161,4,159.95019707257387,415.098850116684,O9
161,6,1244.8213304619412,570.6431909874141,O15
161,7,903.7644534425957,-90.92539485247364,O6
161,11,828.646878501932,140.73393039462957,D6
161,12,702.8664416573059,233.4907973524438,D10
