0,1,565.20,396.00,73.80,118.80,1.00,-1,-1,-1
0,2,504.90,410.85,49.50,149.40,1.00,-1,-1,-1
0,3,910.80,375.30,55.80,147.60,0.99,-1,-1,-1
0,4,310.27,310.95,32.40,88.20,1.00,-1,-1,-1
0,5,821.70,371.92,58.50,117.67,1.00,-1,-1,-1
0,6,436.27,314.77,39.37,100.35,0.99,-1,-1,-1
0,7,1006.20,507.60,117.00,284.40,1.00,-1,-1,-1
0,8,731.70,316.35,38.70,45.45,0.97,-1,-1,-1
1,1,564.81,395.99,73.80,118.80,1.00,-1,-1,-1
1,2,504.12,410.26,50.28,150.38,1.00,-1,-1,-1
1,3,911.19,375.30,56.97,147.99,0.99,-1,-1,-1
1,4,310.28,311.14,32.40,88.20,1.00,-1,-1,-1
1,5,821.31,372.31,61.62,117.28,1.00,-1,-1,-1
1,6,436.47,314.96,39.18,99.96,0.99,-1,-1,-1
1,7,1006.20,507.21,117.00,284.40,1.00,-1,-1,-1
1,8,731.70,316.35,38.70,45.45,0.97,-1,-1,-1
2,1,564.74,397.05,74.50,118.10,1.00,-1,-1,-1
2,2,503.29,409.29,51.11,151.07,1.00,-1,-1,-1
2,3,910.57,377.24,56.47,147.89,0.99,-1,-1,-1
2,4,310.28,310.82,32.40,88.20,1.00,-1,-1,-1
2,5,820.56,373.62,66.28,118.10,0.99,-1,-1,-1
2,6,438.09,314.82,38.26,99.89,1.00,-1,-1,-1
2,7,1006.90,507.51,115.59,286.51,1.00,-1,-1,-1
2,8,731.35,316.53,38.70,45.10,0.95,-1,-1,-1
3,1,565.08,397.73,74.72,117.53,1.00,-1,-1,-1
3,2,500.66,408.66,53.40,151.27,1.00,-1,-1,-1
3,3,910.02,379.22,58.70,147.15,1.00,-1,-1,-1
3,4,310.28,310.56,32.40,88.54,1.00,-1,-1,-1
3,5,819.66,374.70,67.14,118.70,0.99,-1,-1,-1
3,6,438.59,314.79,37.64,99.88,1.00,-1,-1,-1
3,7,1006.44,507.60,116.54,286.48,1.00,-1,-1,-1
3,8,731.25,316.59,38.70,44.99,0.95,-1,-1,-1
4,1,567.50,398.77,71.47,116.21,1.00,-1,-1,-1
4,2,498.85,410.15,55.43,149.32,1.00,-1,-1,-1
4,3,909.52,381.65,60.39,145.09,1.00,-1,-1,-1
4,4,310.61,310.50,32.07,88.65,1.00,-1,-1,-1
4,5,818.72,377.85,69.21,119.04,0.99,-1,-1,-1
4,6,438.37,314.29,38.14,100.54,0.99,-1,-1,-1
4,7,1006.27,507.64,116.87,287.08,1.00,-1,-1,-1
4,8,731.55,316.78,38.70,45.30,0.95,-1,-1,-1
5,1,568.64,399.89,69.70,115.30,1.00,-1,-1,-1
5,2,496.07,412.77,57.97,146.87,1.00,-1,-1,-1
5,3,909.04,382.54,61.26,144.58,1.00,-1,-1,-1
5,4,310.88,310.47,31.63,88.68,0.99,-1,-1,-1
5,5,816.84,379.65,73.60,119.62,1.00,-1,-1,-1
5,6,438.42,314.12,38.16,100.77,0.99,-1,-1,-1
5,7,1006.85,507.63,115.69,285.33,1.00,-1,-1,-1
5,8,731.65,316.67,38.70,45.40,0.95,-1,-1,-1
6,1,568.34,402.30,69.78,114.54,1.00,-1,-1,-1
6,2,495.41,414.15,58.23,143.97,1.00,-1,-1,-1
6,3,908.26,382.77,61.52,144.44,1.00,-1,-1,-1
6,4,310.97,310.47,31.17,88.69,0.99,-1,-1,-1
6,5,816.78,382.58,64.93,117.14,0.99,-1,-1,-1
6,6,437.79,314.38,38.50,100.52,0.99,-1,-1,-1
6,7,1007.05,507.63,115.28,285.32,1.00,-1,-1,-1
6,8,731.68,316.79,38.70,45.44,0.95,-1,-1,-1
7,1,567.91,404.67,71.73,113.06,1.00,-1,-1,-1
7,2,494.66,413.81,65.52,142.84,1.00,-1,-1,-1
7,3,908.01,382.78,61.57,144.11,1.00,-1,-1,-1
7,4,311.17,310.47,30.70,88.68,1.00,-1,-1,-1
7,5,816.54,383.84,60.54,115.90,1.00,-1,-1,-1
7,6,439.43,315.56,36.76,98.87,0.98,-1,-1,-1
7,7,1007.13,507.61,115.15,285.31,1.00,-1,-1,-1
7,8,731.71,316.66,38.70,45.76,0.95,-1,-1,-1
8,1,569.59,408.43,70.61,109.30,0.99,-1,-1,-1
8,2,495.57,413.84,71.62,140.78,1.00,-1,-1,-1
8,3,907.34,382.28,61.56,144.47,1.00,-1,-1,-1
8,4,310.94,310.82,30.86,88.98,1.00,-1,-1,-1
8,5,816.19,384.24,59.03,115.46,0.99,-1,-1,-1
8,6,438.17,314.95,38.01,99.81,0.99,-1,-1,-1
8,7,1007.16,507.61,115.12,285.29,1.00,-1,-1,-1
8,8,731.73,316.63,38.70,45.87,0.96,-1,-1,-1
9,1,572.94,410.95,67.14,106.74,1.00,-1,-1,-1
9,2,496.25,414.41,76.28,139.47,1.00,-1,-1,-1
9,3,907.10,381.28,61.52,145.08,1.00,-1,-1,-1
9,4,310.69,310.92,31.23,89.39,1.00,-1,-1,-1
9,5,816.40,384.29,71.61,115.63,1.00,-1,-1,-1
9,6,437.86,315.91,38.60,98.64,1.00,-1,-1,-1
9,7,1007.16,507.59,115.12,284.68,1.00,-1,-1,-1
9,8,731.42,316.45,39.31,46.22,0.95,-1,-1,-1
10,1,578.20,411.14,62.16,106.50,0.99,-1,-1,-1
10,2,496.31,417.35,85.44,132.31,1.00,-1,-1,-1
10,3,906.13,379.96,60.58,146.22,1.00,-1,-1,-1
10,4,310.32,311.26,31.68,89.54,1.00,-1,-1,-1
10,5,816.18,383.93,74.73,116.00,1.00,-1,-1,-1
10,6,437.76,316.42,39.73,97.90,1.00,-1,-1,-1
10,7,1007.16,507.56,115.12,285.04,1.00,-1,-1,-1
10,8,731.62,316.52,38.93,46.04,0.95,-1,-1,-1
11,1,579.99,410.52,60.42,107.09,0.99,-1,-1,-1
11,2,496.32,419.63,86.28,129.14,1.00,-1,-1,-1
11,3,905.17,379.61,58.39,146.52,0.99,-1,-1,-1
11,4,309.99,311.35,31.85,89.89,0.99,-1,-1,-1
11,5,815.81,383.90,75.95,116.31,1.00,-1,-1,-1
11,6,437.69,316.42,40.44,97.94,1.00,-1,-1,-1
11,7,1006.54,507.56,116.33,285.20,1.00,-1,-1,-1
11,8,731.68,316.39,38.78,45.97,0.95,-1,-1,-1
12,1,581.16,407.81,62.99,107.96,0.99,-1,-1,-1
12,2,495.50,421.94,97.25,125.02,1.00,-1,-1,-1
12,3,903.61,381.87,53.89,143.33,0.99,-1,-1,-1
12,4,309.87,311.98,32.21,89.42,1.00,-1,-1,-1
12,5,816.26,384.00,73.43,115.98,1.00,-1,-1,-1
12,6,438.10,316.11,42.93,98.27,0.99,-1,-1,-1
12,7,1006.89,507.28,115.58,287.67,1.00,-1,-1,-1
12,8,731.69,316.34,38.73,45.94,0.97,-1,-1,-1
13,1,580.98,404.63,63.90,109.53,0.99,-1,-1,-1
13,2,494.96,421.78,103.14,124.88,1.00,-1,-1,-1
13,3,903.10,384.67,52.23,141.38,0.99,-1,-1,-1
13,4,309.87,312.19,32.34,89.23,1.00,-1,-1,-1
13,5,816.79,383.83,69.96,116.01,1.00,-1,-1,-1
13,6,438.45,315.97,43.42,98.40,1.00,-1,-1,-1
13,7,1008.26,507.15,114.09,288.58,1.00,-1,-1,-1
13,8,731.73,316.31,38.70,45.93,0.97,-1,-1,-1
14,1,583.52,399.27,62.48,109.84,0.99,-1,-1,-1
14,2,500.31,417.44,102.68,129.19,1.00,-1,-1,-1
14,3,901.09,390.68,51.05,137.51,0.99,-1,-1,-1
14,4,308.65,312.59,33.29,89.16,0.99,-1,-1,-1
14,5,816.99,384.22,60.15,115.58,0.99,-1,-1,-1
14,6,439.43,315.34,42.13,99.36,1.00,-1,-1,-1
14,7,1007.55,507.13,114.74,288.92,1.00,-1,-1,-1
14,8,731.73,316.32,38.70,45.92,0.97,-1,-1,-1
15,1,584.42,395.74,65.02,109.68,0.99,-1,-1,-1
15,2,507.15,413.59,99.42,133.05,1.00,-1,-1,-1
15,3,901.63,396.07,49.43,132.60,0.99,-1,-1,-1
15,4,307.92,312.28,33.64,90.33,0.99,-1,-1,-1
15,5,816.15,384.77,56.97,115.57,0.99,-1,-1,-1
15,6,440.12,315.54,41.30,99.12,1.00,-1,-1,-1
15,7,1006.69,507.12,114.99,289.03,1.00,-1,-1,-1
15,8,731.74,316.47,38.69,45.62,0.97,-1,-1,-1
16,1,587.08,392.49,69.50,108.29,1.00,-1,-1,-1
16,2,527.04,409.31,81.66,137.66,0.99,-1,-1,-1
16,3,902.46,398.74,47.65,130.08,0.99,-1,-1,-1
16,4,306.46,313.20,34.95,89.57,1.00,-1,-1,-1
16,5,815.24,385.70,55.92,115.72,1.00,-1,-1,-1
16,6,441.41,317.26,40.83,97.54,1.00,-1,-1,-1
16,7,1006.35,507.41,115.09,289.05,1.00,-1,-1,-1
16,8,731.73,316.53,38.69,45.50,0.97,-1,-1,-1
17,1,589.52,390.86,74.11,107.03,1.00,-1,-1,-1
17,2,546.06,407.13,70.38,139.42,0.99,-1,-1,-1
17,3,902.82,398.11,46.44,131.05,0.99,-1,-1,-1
17,4,305.20,313.57,36.32,89.28,1.00,-1,-1,-1
17,5,814.95,386.17,55.59,116.23,1.00,-1,-1,-1
17,6,442.34,317.62,40.50,96.94,1.00,-1,-1,-1
17,7,1005.66,507.51,116.34,287.85,1.00,-1,-1,-1
17,8,731.74,316.55,38.70,45.46,0.97,-1,-1,-1
18,1,592.41,391.36,79.35,104.33,1.00,-1,-1,-1
18,2,563.55,406.03,63.92,139.52,0.99,-1,-1,-1
18,3,901.71,393.62,46.67,133.57,0.99,-1,-1,-1
18,4,303.95,313.42,37.71,89.47,1.00,-1,-1,-1
18,5,814.23,386.19,56.11,116.58,1.00,-1,-1,-1
18,6,443.24,317.91,40.38,96.43,1.00,-1,-1,-1
18,7,1005.39,507.26,116.82,288.59,1.00,-1,-1,-1
18,8,731.72,316.57,38.70,45.44,0.97,-1,-1,-1
19,1,596.10,392.36,79.68,101.68,1.00,-1,-1,-1
19,2,568.31,407.43,68.12,137.77,1.00,-1,-1,-1
19,3,899.83,389.82,48.91,134.24,0.99,-1,-1,-1
19,4,303.37,313.06,38.24,89.83,1.00,-1,-1,-1
19,5,814.00,386.03,59.35,117.15,1.00,-1,-1,-1
19,6,446.12,317.57,38.09,96.25,0.99,-1,-1,-1
19,7,1005.31,507.47,116.99,287.67,1.00,-1,-1,-1
19,8,731.73,316.58,38.70,45.44,0.97,-1,-1,-1
20,1,604.41,392.44,73.94,100.75,0.99,-1,-1,-1
20,2,570.45,410.51,82.69,135.18,1.00,-1,-1,-1
20,3,896.43,386.25,53.01,126.78,1.00,-1,-1,-1
20,4,302.65,313.03,38.43,89.68,1.00,-1,-1,-1
20,5,813.58,386.82,62.91,117.08,0.99,-1,-1,-1
20,6,450.49,317.10,34.77,96.79,1.00,-1,-1,-1
20,7,1005.23,507.25,117.04,287.92,1.00,-1,-1,-1
20,8,731.69,316.42,38.70,45.74,0.97,-1,-1,-1
21,1,608.52,391.44,70.99,101.80,0.99,-1,-1,-1
21,2,572.46,409.74,94.71,135.55,0.99,-1,-1,-1
21,3,894.91,383.80,54.84,122.58,1.00,-1,-1,-1
21,4,302.15,312.72,38.77,89.91,1.00,-1,-1,-1
21,5,813.46,388.14,66.01,116.00,0.99,-1,-1,-1
21,6,452.86,317.07,33.73,96.70,1.00,-1,-1,-1
21,7,1005.24,507.16,117.06,288.60,1.00,-1,-1,-1
21,8,731.70,316.36,38.70,45.85,0.97,-1,-1,-1
22,1,597.55,387.52,86.76,105.52,1.00,-1,-1,-1
22,2,578.89,408.89,101.36,135.70,0.98,-1,-1,-1
22,3,893.74,380.66,55.56,122.51,1.00,-1,-1,-1
22,4,301.63,312.91,36.84,89.70,0.99,-1,-1,-1
22,5,810.79,391.63,72.43,113.22,0.98,-1,-1,-1
22,6,454.68,316.47,34.46,96.98,1.00,-1,-1,-1
22,7,1005.22,507.17,117.06,289.47,1.00,-1,-1,-1
22,8,731.68,316.50,38.70,45.60,0.97,-1,-1,-1
23,1,601.10,384.59,82.29,108.39,0.99,-1,-1,-1
23,2,592.96,418.83,93.38,124.60,0.99,-1,-1,-1
23,3,893.37,378.15,55.84,122.98,0.99,-1,-1,-1
23,4,301.68,312.97,35.76,89.61,1.00,-1,-1,-1
23,5,809.25,393.49,70.36,111.26,0.99,-1,-1,-1
23,6,455.65,316.24,35.95,96.79,1.00,-1,-1,-1
23,7,1005.26,507.42,117.06,289.17,1.00,-1,-1,-1
23,8,731.71,316.39,38.70,45.80,0.97,-1,-1,-1
24,1,618.14,379.86,77.77,112.88,0.99,-1,-1,-1
24,2,621.60,416.40,88.50,127.58,0.98,-1,-1,-1
24,3,894.43,372.63,55.93,127.28,1.00,-1,-1,-1
24,4,301.53,313.02,35.05,89.88,1.00,-1,-1,-1
24,5,808.63,395.37,71.18,109.65,0.99,-1,-1,-1
24,6,457.42,317.21,41.25,95.24,1.00,-1,-1,-1
24,7,1005.27,507.26,117.06,289.66,1.00,-1,-1,-1
24,8,731.71,316.52,38.70,45.58,0.97,-1,-1,-1
25,1,627.02,376.17,74.17,115.02,1.00,-1,-1,-1
25,2,636.93,416.12,80.62,128.02,0.99,-1,-1,-1
25,3,893.41,369.69,55.66,117.64,0.99,-1,-1,-1
25,4,301.69,313.16,34.79,90.27,1.00,-1,-1,-1
25,5,808.72,395.24,70.88,109.52,0.99,-1,-1,-1
25,6,459.10,318.46,45.90,93.45,1.00,-1,-1,-1
25,7,1005.29,507.45,117.06,289.22,1.00,-1,-1,-1
25,8,731.73,316.54,38.70,45.49,0.97,-1,-1,-1
26,1,637.09,373.33,64.97,112.61,0.98,-1,-1,-1
26,2,651.12,415.25,76.90,128.37,0.99,-1,-1,-1
26,3,889.76,366.36,58.20,114.98,0.99,-1,-1,-1
26,4,302.19,313.06,34.09,90.71,1.00,-1,-1,-1
26,5,811.98,392.46,67.79,111.30,1.00,-1,-1,-1
26,6,460.70,319.07,50.16,92.20,1.00,-1,-1,-1
26,7,1005.26,507.52,117.05,289.04,1.00,-1,-1,-1
26,8,731.70,316.55,38.70,45.45,0.98,-1,-1,-1
27,1,644.13,372.02,60.84,113.71,0.99,-1,-1,-1
27,2,658.98,413.26,77.37,130.77,0.99,-1,-1,-1
27,3,887.30,364.92,53.92,112.87,1.00,-1,-1,-1
27,4,302.74,313.02,33.83,90.88,1.00,-1,-1,-1
27,5,814.21,389.76,65.95,113.01,1.00,-1,-1,-1
27,6,462.48,319.13,51.87,92.05,1.00,-1,-1,-1
27,7,1005.29,507.25,117.04,288.97,1.00,-1,-1,-1
27,8,731.73,316.55,38.70,45.44,0.98,-1,-1,-1
28,1,652.28,372.62,55.72,112.79,0.99,-1,-1,-1
28,2,669.63,408.37,68.54,133.47,0.99,-1,-1,-1
28,3,873.63,362.35,61.85,114.01,0.99,-1,-1,-1
28,4,303.20,312.84,33.74,91.23,1.00,-1,-1,-1
28,5,818.61,385.32,59.26,110.27,0.99,-1,-1,-1
28,6,462.25,318.99,53.66,92.02,1.00,-1,-1,-1
28,7,1005.28,507.46,117.03,288.95,1.00,-1,-1,-1
28,8,731.71,316.55,38.70,45.14,0.97,-1,-1,-1
29,1,657.75,373.37,54.62,114.05,0.99,-1,-1,-1
29,2,673.93,405.93,77.67,126.82,0.99,-1,-1,-1
29,3,872.00,358.93,59.79,116.13,0.99,-1,-1,-1
29,4,303.70,312.79,33.71,91.36,0.99,-1,-1,-1
29,5,822.47,381.36,54.21,110.57,1.00,-1,-1,-1
29,6,462.98,318.34,52.06,92.92,1.00,-1,-1,-1
29,7,1005.28,507.24,117.03,289.53,1.00,-1,-1,-1
29,8,732.01,316.71,38.10,45.03,0.97,-1,-1,-1
30,1,662.23,373.44,57.42,113.63,0.99,-1,-1,-1
30,2,678.50,401.72,85.24,123.64,0.99,-1,-1,-1
30,3,870.32,356.11,56.48,116.22,0.99,-1,-1,-1
30,4,305.06,312.78,33.70,91.41,1.00,-1,-1,-1
30,5,822.84,375.17,57.50,112.79,0.99,-1,-1,-1
30,6,463.48,318.56,55.43,92.38,0.99,-1,-1,-1
30,7,1005.28,507.19,117.03,289.75,1.00,-1,-1,-1
30,8,731.81,316.79,38.48,44.99,0.97,-1,-1,-1
31,1,663.74,373.04,66.85,113.89,1.00,-1,-1,-1
31,2,682.37,398.98,89.37,127.93,0.99,-1,-1,-1
31,3,868.94,354.95,51.27,110.46,0.99,-1,-1,-1
31,4,306.21,312.76,33.10,91.41,1.00,-1,-1,-1
31,5,822.70,370.34,55.61,116.43,1.00,-1,-1,-1
31,6,465.69,319.66,57.26,91.29,1.00,-1,-1,-1
31,7,1005.30,507.13,117.02,289.82,1.00,-1,-1,-1
31,8,731.77,316.64,38.62,45.28,0.97,-1,-1,-1
32,1,665.38,370.73,74.25,115.91,0.98,-1,-1,-1
32,2,697.59,394.33,66.26,132.61,0.99,-1,-1,-1
32,3,863.56,352.52,48.70,104.36,0.98,-1,-1,-1
32,4,307.46,313.05,32.58,90.82,1.00,-1,-1,-1
32,5,818.56,362.11,57.35,123.39,0.99,-1,-1,-1
32,6,477.32,323.22,54.51,88.50,1.00,-1,-1,-1
32,7,1005.26,507.14,117.02,288.67,1.00,-1,-1,-1
32,8,731.99,316.60,38.08,45.39,0.98,-1,-1,-1
33,1,667.64,368.84,72.74,117.68,1.00,-1,-1,-1
33,2,707.66,392.14,56.47,133.66,0.99,-1,-1,-1
33,3,857.80,350.02,51.51,104.07,0.98,-1,-1,-1
33,4,308.59,313.14,32.09,90.59,0.99,-1,-1,-1
33,5,817.70,358.99,56.79,126.02,0.99,-1,-1,-1
33,6,487.63,324.82,50.95,87.47,1.00,-1,-1,-1
33,7,1005.29,507.40,117.02,287.62,1.00,-1,-1,-1
33,8,731.82,316.70,38.47,45.43,0.98,-1,-1,-1
34,1,680.24,364.51,64.40,117.02,1.00,-1,-1,-1
34,2,717.61,392.42,51.56,121.82,0.99,-1,-1,-1
34,3,851.32,345.12,56.04,106.14,0.97,-1,-1,-1
34,4,309.82,313.19,30.71,90.51,0.99,-1,-1,-1
34,5,816.72,355.27,51.79,124.11,0.99,-1,-1,-1
34,6,493.79,325.26,50.76,86.52,0.99,-1,-1,-1
34,7,1005.25,507.54,117.01,287.24,1.00,-1,-1,-1
34,8,731.71,316.62,38.62,46.34,0.97,-1,-1,-1
35,1,687.72,359.61,59.18,117.33,0.99,-1,-1,-1
35,2,726.64,393.71,45.54,115.15,0.99,-1,-1,-1
35,3,842.32,346.81,62.96,102.16,0.97,-1,-1,-1
35,4,310.62,313.18,30.21,90.47,1.00,-1,-1,-1
35,5,802.68,335.44,62.37,142.35,0.99,-1,-1,-1
35,6,495.70,326.11,55.43,85.29,1.00,-1,-1,-1
35,7,1005.27,507.25,117.01,288.28,1.00,-1,-1,-1
35,8,732.00,316.70,38.08,46.08,0.98,-1,-1,-1
36,1,692.01,347.64,54.86,124.09,1.00,-1,-1,-1
36,2,730.34,394.25,55.68,114.06,1.00,-1,-1,-1
36,3,835.20,340.31,67.91,101.63,0.94,-1,-1,-1
36,4,311.77,313.19,30.04,90.76,1.00,-1,-1,-1
36,5,787.38,329.06,77.04,143.96,0.96,-1,-1,-1
36,6,499.81,324.46,61.15,86.98,0.99,-1,-1,-1
36,7,1005.28,507.47,117.01,287.50,1.00,-1,-1,-1
36,8,727.92,316.61,42.06,47.47,0.95,-1,-1,-1
37,1,696.73,343.94,50.24,126.16,0.99,-1,-1,-1
37,2,732.84,394.18,61.98,115.85,1.00,-1,-1,-1
37,3,829.91,338.19,58.60,94.24,0.67,-1,-1,-1
37,4,312.50,313.05,30.00,91.16,1.00,-1,-1,-1
37,5,802.62,337.03,60.76,131.79,0.95,-1,-1,-1
37,6,504.77,325.78,60.58,84.94,1.00,-1,-1,-1
37,7,1005.88,507.56,115.82,287.20,1.00,-1,-1,-1
37,8,726.45,316.29,43.50,49.45,0.96,-1,-1,-1
37,9,756.45,321.07,62.10,49.95,0.88,-1,-1,-1
38,1,699.99,341.01,45.50,126.79,0.99,-1,-1,-1
38,2,736.05,394.20,81.25,116.85,1.00,-1,-1,-1
38,3,821.97,335.70,50.76,92.81,0.39,-1,-1,-1
38,4,313.46,314.49,29.99,90.13,0.99,-1,-1,-1
38,5,809.03,336.52,54.99,126.84,0.97,-1,-1,-1
38,6,519.09,325.06,53.27,86.60,0.99,-1,-1,-1
38,7,1005.49,507.01,116.56,288.29,1.00,-1,-1,-1
38,8,730.48,316.47,40.02,51.66,0.89,-1,-1,-1
39,1,702.46,340.02,42.67,126.10,0.99,-1,-1,-1
39,2,739.36,394.40,91.84,118.61,1.00,-1,-1,-1
39,3,816.58,335.69,51.06,94.51,0.91,-1,-1,-1
39,4,313.82,314.61,30.31,89.73,1.00,-1,-1,-1
39,5,808.14,339.90,51.82,120.21,0.97,-1,-1,-1
39,6,535.35,324.66,42.87,87.52,0.99,-1,-1,-1
39,7,1005.98,507.11,115.66,289.29,1.00,-1,-1,-1
39,8,731.89,316.41,38.57,52.79,0.95,-1,-1,-1
40,1,703.03,345.96,41.17,117.83,1.00,-1,-1,-1
40,2,745.34,395.26,92.64,119.15,0.99,-1,-1,-1
40,3,802.69,332.60,60.82,97.59,0.89,-1,-1,-1
40,4,314.63,315.25,31.03,88.99,0.99,-1,-1,-1
40,5,799.48,334.33,55.04,124.39,0.96,-1,-1,-1
40,6,541.86,325.69,47.47,86.99,1.00,-1,-1,-1
40,7,1005.52,506.87,116.51,290.27,1.00,-1,-1,-1
40,8,732.05,316.83,38.04,47.70,0.96,-1,-1,-1
41,1,703.41,347.81,40.12,114.87,0.99,-1,-1,-1
41,2,752.96,395.60,87.69,119.67,1.00,-1,-1,-1
41,3,792.38,325.27,67.63,103.54,0.97,-1,-1,-1
41,4,315.25,315.47,31.60,89.31,0.99,-1,-1,-1
41,5,798.01,345.81,54.38,111.70,0.88,-1,-1,-1
41,6,543.80,325.61,52.94,87.10,1.00,-1,-1,-1
41,7,1005.39,506.77,116.83,290.63,1.00,-1,-1,-1
41,8,731.85,316.84,38.45,45.59,0.96,-1,-1,-1
42,1,704.31,346.28,39.21,115.46,0.99,-1,-1,-1
42,2,768.23,394.55,73.82,121.07,1.00,-1,-1,-1
42,3,775.69,312.50,78.27,135.28,0.99,-1,-1,-1
42,4,316.04,316.00,32.12,89.44,0.99,-1,-1,-1
42,6,549.00,321.69,67.07,90.43,0.99,-1,-1,-1
42,7,1005.33,506.72,116.96,291.36,1.00,-1,-1,-1
42,8,732.35,316.68,38.01,45.15,0.96,-1,-1,-1
43,1,706.06,346.03,37.09,114.78,0.99,-1,-1,-1
43,2,778.42,392.95,62.51,122.79,0.99,-1,-1,-1
43,3,768.76,307.01,81.45,147.41,0.99,-1,-1,-1
43,4,316.62,316.00,32.31,89.49,0.99,-1,-1,-1
43,6,556.20,318.72,68.78,91.67,0.99,-1,-1,-1
43,7,1005.30,506.67,117.00,291.02,1.00,-1,-1,-1
43,8,732.25,316.59,37.84,44.99,0.96,-1,-1,-1
44,1,709.68,343.00,32.65,116.48,0.99,-1,-1,-1
44,2,787.31,391.18,54.01,124.92,0.99,-1,-1,-1
44,3,765.62,306.31,63.57,96.51,0.86,-1,-1,-1
44,4,317.84,316.29,31.50,90.10,0.99,-1,-1,-1
44,6,579.10,317.43,51.86,90.96,0.99,-1,-1,-1
44,7,1005.30,506.65,117.02,290.89,1.00,-1,-1,-1
44,8,731.90,316.70,38.38,44.64,0.98,-1,-1,-1
44,5,789.32,342.85,50.99,106.42,0.90,-1,-1,-1
45,1,709.44,341.36,32.54,115.34,0.99,-1,-1,-1
45,2,791.84,388.20,51.14,129.56,0.99,-1,-1,-1
45,3,764.96,310.96,49.03,64.28,0.78,-1,-1,-1
45,4,318.13,316.26,32.69,90.04,1.00,-1,-1,-1
45,6,594.19,318.02,39.52,87.42,0.97,-1,-1,-1
45,7,1005.90,506.97,117.02,289.05,1.00,-1,-1,-1
45,8,732.07,316.62,37.99,44.52,0.98,-1,-1,-1
45,5,786.73,341.33,44.13,101.08,0.97,-1,-1,-1
46,1,707.44,340.21,33.79,114.61,0.99,-1,-1,-1
46,2,795.31,389.57,50.24,131.46,1.00,-1,-1,-1
46,3,768.56,313.38,34.07,60.48,0.91,-1,-1,-1
46,4,318.95,316.40,31.07,89.72,0.99,-1,-1,-1
46,6,607.38,316.17,36.75,88.48,0.99,-1,-1,-1
46,7,1006.13,507.10,117.03,288.95,1.00,-1,-1,-1
46,8,732.14,316.45,37.85,44.78,0.97,-1,-1,-1
46,5,782.12,339.16,43.14,101.48,0.98,-1,-1,-1
47,1,705.79,339.85,34.86,114.04,0.99,-1,-1,-1
47,2,795.28,390.75,51.23,132.46,1.00,-1,-1,-1
47,3,764.70,311.91,32.24,60.82,0.89,-1,-1,-1
47,4,319.84,316.00,30.42,89.90,0.99,-1,-1,-1
47,6,614.69,314.93,34.66,88.86,0.98,-1,-1,-1
47,7,1006.20,506.88,117.01,288.91,1.00,-1,-1,-1
47,8,732.16,316.55,37.79,44.88,0.98,-1,-1,-1
47,5,780.05,337.54,42.22,102.25,0.98,-1,-1,-1
48,1,703.63,339.80,38.93,114.44,1.00,-1,-1,-1
48,2,797.23,391.98,51.62,133.26,1.00,-1,-1,-1
48,3,757.68,312.15,33.11,77.67,0.95,-1,-1,-1
48,4,321.65,314.68,31.40,90.86,0.99,-1,-1,-1
48,6,621.24,312.87,40.42,89.61,0.98,-1,-1,-1
48,7,1006.25,506.81,117.02,289.50,1.00,-1,-1,-1
48,8,731.58,316.61,38.97,45.22,0.97,-1,-1,-1
48,5,776.65,332.37,41.94,102.57,0.99,-1,-1,-1
49,1,703.14,340.26,39.83,113.99,1.00,-1,-1,-1
49,2,798.32,391.42,52.40,134.26,1.00,-1,-1,-1
49,3,751.12,318.62,39.82,78.65,0.73,-1,-1,-1
49,4,322.62,315.64,32.64,90.33,0.99,-1,-1,-1
49,6,626.51,311.50,52.77,89.59,0.99,-1,-1,-1
49,7,1006.25,507.05,117.01,288.51,1.00,-1,-1,-1
49,8,731.37,316.61,36.46,45.06,0.96,-1,-1,-1
49,5,773.08,328.22,43.10,103.01,0.99,-1,-1,-1
50,1,703.46,340.15,42.55,112.94,1.00,-1,-1,-1
50,2,798.81,392.21,54.53,133.58,1.00,-1,-1,-1
50,4,323.65,316.72,32.82,88.63,0.99,-1,-1,-1
50,6,640.22,314.99,48.37,72.06,0.95,-1,-1,-1
50,7,1006.22,507.11,117.01,288.74,1.00,-1,-1,-1
50,8,730.95,315.98,41.56,52.45,0.90,-1,-1,-1
50,5,767.33,325.68,42.35,98.11,0.99,-1,-1,-1
51,1,703.85,340.16,42.43,112.25,1.00,-1,-1,-1
51,2,798.87,392.54,55.32,133.58,1.00,-1,-1,-1
51,4,324.46,317.43,32.29,87.69,0.99,-1,-1,-1
51,6,647.81,316.84,46.59,78.64,0.96,-1,-1,-1
51,7,1006.20,507.15,117.00,288.83,1.00,-1,-1,-1
51,8,735.35,314.51,36.49,56.51,0.44,-1,-1,-1
51,5,763.18,325.01,43.31,94.74,0.99,-1,-1,-1
51,3,734.91,314.41,40.39,81.16,0.61,-1,-1,-1
52,1,704.87,339.61,46.49,111.40,0.99,-1,-1,-1
52,2,798.73,392.98,56.82,134.44,0.99,-1,-1,-1
52,4,325.04,317.40,41.61,89.15,0.99,-1,-1,-1
52,6,655.12,316.19,45.28,80.83,0.99,-1,-1,-1
52,7,1005.60,506.87,117.00,286.48,1.00,-1,-1,-1
52,8,740.66,316.16,30.55,53.35,0.55,-1,-1,-1
52,5,757.58,326.09,47.87,92.04,1.00,-1,-1,-1
52,3,727.06,312.37,38.64,82.00,0.93,-1,-1,-1
53,1,705.50,339.43,48.00,111.11,0.99,-1,-1,-1
53,2,798.26,393.00,58.56,135.49,0.99,-1,-1,-1
53,4,325.38,317.96,45.41,88.80,0.99,-1,-1,-1
53,6,659.32,314.01,43.56,84.09,0.99,-1,-1,-1
53,7,1005.36,506.76,117.00,285.01,1.00,-1,-1,-1
53,8,741.24,316.27,29.07,63.79,0.76,-1,-1,-1
53,5,755.24,326.41,45.51,91.11,0.99,-1,-1,-1
53,3,722.93,311.49,36.79,85.26,0.95,-1,-1,-1
54,1,706.04,338.64,46.86,111.31,1.00,-1,-1,-1
54,2,798.59,393.59,60.39,135.86,1.00,-1,-1,-1
54,4,325.93,318.75,46.75,88.38,0.99,-1,-1,-1
54,6,663.88,310.24,40.46,88.27,0.99,-1,-1,-1
54,7,1005.29,506.71,117.00,285.66,1.00,-1,-1,-1
54,8,740.49,316.30,29.24,74.36,0.95,-1,-1,-1
54,5,749.78,325.82,40.92,90.83,0.99,-1,-1,-1
54,3,713.76,309.55,36.13,91.44,0.98,-1,-1,-1
55,1,705.93,338.51,45.79,111.69,1.00,-1,-1,-1
55,2,798.04,393.82,61.67,135.68,1.00,-1,-1,-1
55,4,326.10,319.48,46.69,87.92,1.00,-1,-1,-1
55,6,667.29,304.00,37.43,94.53,1.00,-1,-1,-1
55,7,1005.25,506.99,117.00,284.14,1.00,-1,-1,-1
55,8,736.51,316.17,33.01,82.54,0.95,-1,-1,-1
55,5,746.08,325.35,40.44,89.27,0.98,-1,-1,-1
55,3,709.77,309.81,33.47,82.61,0.72,-1,-1,-1
56,1,706.45,338.19,46.55,112.74,0.99,-1,-1,-1
56,2,795.99,394.05,63.90,135.44,0.99,-1,-1,-1
56,4,326.58,319.88,47.47,87.46,1.00,-1,-1,-1
56,6,671.25,297.87,33.84,99.80,0.99,-1,-1,-1
56,7,1005.24,506.79,116.99,282.97,1.00,-1,-1,-1
56,8,734.24,315.97,36.07,78.82,0.95,-1,-1,-1
56,5,740.62,326.60,44.55,85.10,0.99,-1,-1,-1
56,3,702.47,305.86,31.88,82.48,0.97,-1,-1,-1
57,1,707.52,338.11,46.24,112.85,0.99,-1,-1,-1
57,2,793.11,394.15,66.48,135.32,0.99,-1,-1,-1
57,4,326.88,320.04,48.03,87.29,0.99,-1,-1,-1
57,6,673.52,297.65,30.69,99.28,0.99,-1,-1,-1
57,7,1005.24,506.73,116.99,283.16,1.00,-1,-1,-1
57,8,733.34,316.19,37.86,75.86,0.75,-1,-1,-1
57,5,734.33,324.68,50.64,85.47,1.00,-1,-1,-1
57,3,697.69,302.84,32.61,82.74,0.90,-1,-1,-1
58,1,709.38,338.39,46.10,112.89,1.00,-1,-1,-1
58,2,785.59,394.03,73.23,135.70,1.00,-1,-1,-1
58,4,327.42,320.22,47.34,86.94,1.00,-1,-1,-1
58,6,673.95,296.04,32.23,98.70,0.99,-1,-1,-1
58,7,1005.24,506.70,116.99,284.43,1.00,-1,-1,-1
58,8,732.71,316.56,39.72,74.34,0.51,-1,-1,-1
58,5,730.82,318.87,54.12,91.09,0.99,-1,-1,-1
58,3,690.09,299.80,32.87,76.89,0.37,-1,-1,-1
59,1,710.67,338.97,48.41,112.62,1.00,-1,-1,-1
59,2,777.62,393.11,80.32,136.43,1.00,-1,-1,-1
59,4,327.60,320.29,47.32,86.81,0.99,-1,-1,-1
59,6,673.48,296.38,32.72,94.61,0.97,-1,-1,-1
59,7,1005.25,507.00,116.99,284.33,1.00,-1,-1,-1
59,8,737.64,316.57,33.54,72.24,0.18,-1,-1,-1
59,5,729.84,316.65,54.96,92.56,0.99,-1,-1,-1
59,3,684.22,297.18,38.43,84.12,0.17,-1,-1,-1
60,1,711.71,337.28,49.27,114.30,1.00,-1,-1,-1
60,2,768.80,393.21,87.62,136.24,1.00,-1,-1,-1
60,4,328.09,319.86,47.57,87.07,0.99,-1,-1,-1
60,6,673.68,296.00,31.73,92.68,0.98,-1,-1,-1
60,7,1005.25,507.11,116.99,284.30,1.00,-1,-1,-1
60,8,736.65,316.58,33.99,69.30,0.96,-1,-1,-1
61,1,712.38,337.12,49.00,114.34,1.00,-1,-1,-1
61,2,774.14,393.55,81.07,135.56,1.00,-1,-1,-1
61,4,328.55,319.70,47.64,87.17,0.99,-1,-1,-1
61,6,673.23,296.36,33.84,92.53,0.93,-1,-1,-1
61,7,1005.26,507.17,116.99,284.30,1.00,-1,-1,-1
61,8,733.34,316.44,37.13,65.13,0.90,-1,-1,-1
62,1,713.20,338.43,49.46,113.16,1.00,-1,-1,-1
62,2,775.91,395.79,75.12,132.91,1.00,-1,-1,-1
62,4,329.29,319.64,48.52,86.92,0.99,-1,-1,-1
62,6,670.38,297.16,40.50,91.27,0.98,-1,-1,-1
62,7,1005.25,506.91,116.99,286.09,1.00,-1,-1,-1
62,8,732.41,316.41,38.27,59.57,0.98,-1,-1,-1
63,1,714.37,339.39,49.04,112.12,1.00,-1,-1,-1
63,2,774.52,397.53,74.00,131.29,1.00,-1,-1,-1
63,4,329.99,319.77,48.25,86.53,0.99,-1,-1,-1
63,6,672.14,298.25,34.62,89.89,0.98,-1,-1,-1
63,7,1005.26,506.80,116.99,286.18,1.00,-1,-1,-1
63,8,731.77,316.54,38.72,59.36,0.99,-1,-1,-1
64,1,717.17,339.61,47.68,110.53,1.00,-1,-1,-1
64,2,766.62,401.31,80.69,128.44,1.00,-1,-1,-1
64,4,330.85,320.57,47.52,86.09,0.99,-1,-1,-1
64,6,670.78,300.80,34.95,84.87,0.99,-1,-1,-1
64,7,1005.29,506.76,117.00,286.80,1.00,-1,-1,-1
64,8,732.43,316.44,38.29,61.71,0.98,-1,-1,-1
65,1,718.76,338.77,46.55,109.94,1.00,-1,-1,-1
65,2,763.11,403.29,83.71,126.49,1.00,-1,-1,-1
65,4,331.41,321.13,46.63,85.63,0.99,-1,-1,-1
65,6,669.99,303.46,34.47,75.64,0.98,-1,-1,-1
65,7,1005.26,506.72,117.00,287.03,1.00,-1,-1,-1
65,8,734.15,316.38,36.92,66.14,0.98,-1,-1,-1
65,10,679.05,324.22,40.50,63.00,0.87,-1,-1,-1
65,3,647.52,294.41,27.88,55.76,0.74,-1,-1,-1
66,1,722.34,337.26,44.32,110.03,0.99,-1,-1,-1
66,2,763.51,403.82,80.26,125.93,1.00,-1,-1,-1
66,4,331.18,322.22,47.46,84.87,0.99,-1,-1,-1
66,6,666.65,305.55,54.04,85.86,0.97,-1,-1,-1
66,7,1005.87,506.69,117.01,287.12,1.00,-1,-1,-1
66,8,734.86,316.06,36.38,73.91,0.98,-1,-1,-1
66,3,642.69,296.16,24.19,49.88,0.49,-1,-1,-1
67,1,724.19,336.40,43.49,109.78,0.99,-1,-1,-1
67,2,753.04,403.54,88.85,125.91,1.00,-1,-1,-1
67,4,330.88,322.91,49.23,84.60,0.99,-1,-1,-1
67,6,665.64,304.78,43.35,81.56,0.95,-1,-1,-1
67,7,1006.06,506.69,117.00,287.15,1.00,-1,-1,-1
67,8,735.08,315.79,36.17,81.43,0.98,-1,-1,-1
67,3,637.04,296.32,24.61,63.82,0.16,-1,-1,-1
68,1,725.78,335.50,40.78,107.91,0.99,-1,-1,-1
68,2,741.93,403.56,91.98,123.97,0.99,-1,-1,-1
68,4,330.23,324.97,53.10,82.71,0.99,-1,-1,-1
68,6,662.23,305.66,53.38,80.10,0.97,-1,-1,-1
68,7,1006.19,506.68,117.01,286.56,1.00,-1,-1,-1
68,8,736.41,315.83,34.90,83.87,0.97,-1,-1,-1
68,3,630.36,295.76,27.88,70.81,0.97,-1,-1,-1
68,11,652.05,319.72,32.40,78.75,0.96,-1,-1,-1
69,1,725.94,335.05,40.40,107.82,0.99,-1,-1,-1
69,2,741.45,404.90,73.10,121.92,1.00,-1,-1,-1
69,4,329.91,327.54,52.57,79.91,1.00,-1,-1,-1
69,6,659.78,304.77,56.74,79.89,0.99,-1,-1,-1
69,7,1006.19,506.71,117.01,286.34,1.00,-1,-1,-1
69,8,736.87,316.01,34.41,85.65,0.98,-1,-1,-1
69,3,625.64,296.42,27.82,72.62,0.97,-1,-1,-1
69,11,646.62,318.47,33.84,81.27,0.94,-1,-1,-1
70,1,726.27,334.45,41.50,103.61,0.99,-1,-1,-1
70,2,734.36,406.13,71.74,120.74,0.99,-1,-1,-1
70,4,328.90,331.06,47.92,76.46,1.00,-1,-1,-1
70,6,655.93,303.24,59.21,80.13,0.98,-1,-1,-1
70,7,1006.21,507.01,117.02,286.25,1.00,-1,-1,-1
70,8,736.45,315.94,34.84,85.71,0.98,-1,-1,-1
70,3,619.08,296.43,25.41,63.65,0.95,-1,-1,-1
70,11,632.26,319.10,48.48,81.07,0.98,-1,-1,-1
71,1,725.74,334.82,41.32,101.14,0.99,-1,-1,-1
71,2,726.60,406.38,76.77,121.39,0.99,-1,-1,-1
71,4,328.63,332.88,46.94,74.62,0.99,-1,-1,-1
71,6,652.34,305.33,60.15,76.95,0.95,-1,-1,-1
71,7,1006.19,507.10,117.01,285.63,1.00,-1,-1,-1
71,8,735.68,315.88,35.59,85.65,0.98,-1,-1,-1
71,3,614.82,295.65,25.12,58.61,0.94,-1,-1,-1
71,11,622.73,321.55,54.41,70.53,0.92,-1,-1,-1
72,1,725.21,334.23,40.06,107.55,1.00,-1,-1,-1
72,2,711.59,406.45,88.52,128.54,1.00,-1,-1,-1
72,4,328.55,335.04,66.72,72.47,0.99,-1,-1,-1
72,6,641.54,302.95,57.05,80.04,1.00,-1,-1,-1
72,7,1006.80,507.14,117.01,287.77,1.00,-1,-1,-1
72,8,733.34,315.73,37.65,84.69,0.98,-1,-1,-1
72,3,603.09,292.75,33.01,72.12,0.96,-1,-1,-1
72,11,606.16,319.77,62.24,77.03,0.91,-1,-1,-1
73,1,724.36,334.31,40.21,109.26,1.00,-1,-1,-1
73,2,701.13,406.31,93.54,131.63,0.99,-1,-1,-1
73,4,328.78,336.21,68.95,71.13,0.99,-1,-1,-1
73,6,638.34,302.23,54.50,82.04,1.00,-1,-1,-1
73,7,1007.03,507.15,117.01,287.99,1.00,-1,-1,-1
73,8,733.04,315.81,37.85,79.86,0.98,-1,-1,-1
73,3,595.81,291.78,37.27,77.62,0.97,-1,-1,-1
73,11,594.50,318.50,60.15,78.39,0.95,-1,-1,-1
74,1,723.76,333.77,39.68,108.75,1.00,-1,-1,-1
74,2,687.37,407.41,83.02,133.41,0.98,-1,-1,-1
74,4,329.77,337.05,58.32,70.39,0.98,-1,-1,-1
74,6,626.84,301.68,63.50,81.33,0.99,-1,-1,-1
74,7,1007.13,507.15,117.00,288.65,1.00,-1,-1,-1
74,8,734.14,316.15,36.73,71.29,0.98,-1,-1,-1
74,3,588.30,292.26,36.34,79.89,0.98,-1,-1,-1
74,11,579.96,319.45,53.84,78.92,0.96,-1,-1,-1
75,1,721.35,332.53,41.31,106.48,1.00,-1,-1,-1
75,2,674.78,408.98,82.62,132.91,0.99,-1,-1,-1
75,4,330.13,337.14,57.08,70.17,0.99,-1,-1,-1
75,6,614.90,299.82,71.74,81.37,0.98,-1,-1,-1
75,7,1007.14,507.16,117.01,288.31,1.00,-1,-1,-1
75,8,735.43,316.28,35.09,66.15,0.98,-1,-1,-1
75,3,582.32,293.34,36.44,72.40,0.96,-1,-1,-1
75,11,572.41,320.26,48.41,79.12,0.99,-1,-1,-1
76,1,719.88,331.18,41.91,106.82,1.00,-1,-1,-1
76,2,651.12,408.08,83.06,134.46,0.99,-1,-1,-1
76,4,330.56,335.76,53.69,71.35,1.00,-1,-1,-1
76,6,608.34,300.33,68.52,77.52,0.98,-1,-1,-1
76,7,1007.13,507.45,117.01,286.98,1.00,-1,-1,-1
76,8,736.53,316.47,33.87,60.63,0.98,-1,-1,-1
76,3,578.18,294.28,34.14,70.68,0.96,-1,-1,-1
76,11,559.36,318.25,54.29,81.34,0.95,-1,-1,-1
77,1,719.62,330.40,42.14,107.25,1.00,-1,-1,-1
77,2,648.38,405.66,74.33,136.80,1.00,-1,-1,-1
77,4,330.87,334.78,51.72,72.41,1.00,-1,-1,-1
77,6,607.77,299.79,59.36,74.54,0.94,-1,-1,-1
77,7,1007.13,507.57,117.00,287.07,1.00,-1,-1,-1
77,8,736.95,316.55,33.42,58.09,0.97,-1,-1,-1
77,3,575.45,294.19,34.37,70.03,0.95,-1,-1,-1
77,11,550.98,317.22,44.85,69.81,0.45,-1,-1,-1
78,1,717.42,329.09,44.01,107.12,1.00,-1,-1,-1
78,2,626.94,403.54,83.21,133.56,1.00,-1,-1,-1
78,4,331.10,332.58,50.67,74.63,1.00,-1,-1,-1
78,6,611.13,300.37,41.46,75.91,0.98,-1,-1,-1
78,7,1007.11,507.02,117.00,287.71,1.00,-1,-1,-1
78,8,737.07,316.26,33.27,58.21,0.96,-1,-1,-1
78,3,566.61,292.82,31.50,59.64,0.11,-1,-1,-1
78,11,534.16,318.11,45.98,77.76,0.88,-1,-1,-1
79,1,715.77,328.47,45.30,107.67,1.00,-1,-1,-1
79,2,617.02,402.42,83.86,133.46,0.99,-1,-1,-1
79,4,331.08,328.81,50.87,78.72,1.00,-1,-1,-1
79,6,611.54,300.74,36.49,77.02,0.98,-1,-1,-1
79,7,1007.13,507.40,117.00,286.15,1.00,-1,-1,-1
79,8,736.84,316.47,33.82,61.38,0.98,-1,-1,-1
79,3,565.13,293.11,36.44,67.23,0.75,-1,-1,-1
79,11,527.16,319.86,38.53,77.27,0.95,-1,-1,-1
80,1,714.25,327.66,45.21,108.17,1.00,-1,-1,-1
80,2,602.10,402.00,74.67,133.40,1.00,-1,-1,-1
80,4,331.06,325.04,50.94,82.89,0.99,-1,-1,-1
80,6,604.06,301.03,43.06,77.15,1.00,-1,-1,-1
80,7,1007.13,507.55,117.00,286.75,1.00,-1,-1,-1
80,8,734.66,316.24,35.82,63.13,0.98,-1,-1,-1
80,3,557.93,292.60,41.51,69.31,0.86,-1,-1,-1
80,11,515.63,317.86,32.82,80.97,0.98,-1,-1,-1
81,1,713.67,327.54,43.39,108.07,1.00,-1,-1,-1
81,2,590.48,401.70,58.54,132.93,1.00,-1,-1,-1
81,4,331.02,323.31,51.55,84.22,0.99,-1,-1,-1
81,6,598.18,301.01,47.91,77.52,0.99,-1,-1,-1
81,7,1007.12,507.31,117.00,286.98,1.00,-1,-1,-1
81,8,734.42,316.01,35.98,66.20,0.97,-1,-1,-1
81,3,552.34,290.95,44.66,71.89,0.33,-1,-1,-1
81,11,508.88,316.83,30.94,82.34,0.97,-1,-1,-1
82,1,712.01,327.97,44.48,107.13,1.00,-1,-1,-1
82,2,574.37,400.26,60.63,134.37,1.00,-1,-1,-1
82,4,331.05,322.65,51.77,85.29,0.99,-1,-1,-1
82,6,585.60,301.01,57.92,77.37,0.99,-1,-1,-1
82,7,1006.54,507.21,117.00,287.06,1.00,-1,-1,-1
82,8,732.00,316.23,38.40,55.05,0.98,-1,-1,-1
82,3,544.12,289.75,35.85,73.15,0.95,-1,-1,-1
82,11,488.99,314.67,44.64,87.56,0.99,-1,-1,-1
83,1,710.48,328.01,45.46,106.79,0.99,-1,-1,-1
83,2,556.46,398.70,70.41,135.35,0.99,-1,-1,-1
83,4,330.69,322.72,52.15,85.39,0.99,-1,-1,-1
83,6,577.87,300.86,64.60,77.02,0.98,-1,-1,-1
83,7,1006.28,507.19,117.00,287.10,1.00,-1,-1,-1
83,8,730.18,316.32,39.88,54.93,0.98,-1,-1,-1
83,3,540.61,289.60,29.25,73.02,0.95,-1,-1,-1
83,11,481.26,312.99,45.56,90.40,1.00,-1,-1,-1
84,1,708.77,327.90,44.66,106.06,0.99,-1,-1,-1
84,2,535.70,397.09,84.19,134.08,0.99,-1,-1,-1
84,4,331.47,324.55,50.80,83.64,1.00,-1,-1,-1
84,6,571.45,300.08,52.46,73.91,0.96,-1,-1,-1
84,7,1006.20,507.47,117.01,287.11,1.00,-1,-1,-1
84,8,732.39,316.35,37.56,49.37,0.97,-1,-1,-1
84,3,536.24,288.98,25.01,72.34,0.95,-1,-1,-1
84,11,471.82,310.48,39.49,93.79,0.93,-1,-1,-1
85,1,706.97,328.76,41.96,103.70,1.00,-1,-1,-1
85,2,524.57,397.67,87.44,130.60,1.00,-1,-1,-1
85,4,332.38,325.12,49.07,83.24,1.00,-1,-1,-1
85,6,568.96,301.14,43.43,61.84,0.96,-1,-1,-1
85,7,1006.19,507.27,117.01,287.11,1.00,-1,-1,-1
85,8,732.73,316.52,37.20,46.75,0.98,-1,-1,-1
85,3,529.58,289.50,28.23,71.75,0.89,-1,-1,-1
85,11,459.82,313.70,44.76,88.71,0.98,-1,-1,-1
85,12,531.00,290.25,24.30,58.50,0.83,-1,-1,-1
86,1,704.50,326.98,40.92,102.82,1.00,-1,-1,-1
86,2,519.79,398.95,73.87,127.93,0.99,-1,-1,-1
86,4,334.07,322.64,45.08,85.74,0.99,-1,-1,-1
86,6,565.83,302.19,35.70,59.23,0.97,-1,-1,-1
86,7,1006.17,507.48,117.00,287.11,1.00,-1,-1,-1
86,8,732.86,316.56,37.05,45.31,0.98,-1,-1,-1
86,3,524.07,289.99,24.44,57.56,0.91,-1,-1,-1
86,11,445.91,312.77,55.20,88.97,0.98,-1,-1,-1
87,1,702.74,326.33,39.34,102.52,0.99,-1,-1,-1
87,2,518.02,398.23,58.57,127.85,1.00,-1,-1,-1
87,4,335.77,321.27,39.57,86.96,0.99,-1,-1,-1
87,6,563.79,303.29,31.78,54.35,0.97,-1,-1,-1
87,7,1006.17,507.57,116.99,287.12,1.00,-1,-1,-1
87,8,732.02,316.57,38.18,44.88,0.98,-1,-1,-1
87,3,520.94,290.23,22.23,51.14,0.86,-1,-1,-1
87,11,434.41,313.46,64.70,90.52,0.98,-1,-1,-1
88,1,700.62,324.61,36.94,104.52,0.99,-1,-1,-1
88,2,511.26,394.08,56.96,131.42,0.99,-1,-1,-1
88,4,337.16,311.96,39.88,96.21,0.96,-1,-1,-1
88,6,560.40,302.08,29.93,54.68,0.98,-1,-1,-1
88,7,1006.17,507.30,116.99,286.52,1.00,-1,-1,-1
88,8,731.43,316.72,38.60,44.49,0.98,-1,-1,-1
88,3,514.70,290.16,21.53,51.40,0.96,-1,-1,-1
88,11,425.35,315.36,60.82,78.46,0.73,-1,-1,-1
89,1,700.52,323.81,35.46,104.98,0.99,-1,-1,-1
89,2,505.72,389.71,60.83,134.68,0.99,-1,-1,-1
89,4,338.20,300.63,43.68,107.33,0.99,-1,-1,-1
89,6,558.17,300.40,29.38,69.72,0.98,-1,-1,-1
89,7,1006.16,507.49,116.98,285.72,1.00,-1,-1,-1
89,8,731.78,316.60,38.16,44.72,0.98,-1,-1,-1
89,3,510.27,291.81,20.69,50.27,0.87,-1,-1,-1
89,11,403.72,316.43,78.51,84.78,0.99,-1,-1,-1
90,1,696.52,322.53,38.06,105.16,1.00,-1,-1,-1
90,2,492.86,386.06,72.93,136.21,1.00,-1,-1,-1
90,4,340.04,295.50,44.15,103.36,0.98,-1,-1,-1
90,6,554.73,297.24,28.62,77.75,0.99,-1,-1,-1
90,7,1006.18,507.27,116.99,286.00,1.00,-1,-1,-1
90,8,732.24,316.43,37.99,45.46,0.98,-1,-1,-1
90,3,503.64,292.77,22.98,62.99,0.99,-1,-1,-1
90,11,391.25,323.26,78.29,80.11,0.99,-1,-1,-1
91,1,691.29,321.62,42.51,105.23,1.00,-1,-1,-1
91,2,484.36,384.39,80.19,137.38,0.99,-1,-1,-1
91,4,340.40,288.95,45.24,105.58,0.99,-1,-1,-1
91,6,554.03,295.88,27.15,81.17,0.99,-1,-1,-1
91,7,1006.17,507.20,116.99,286.72,1.00,-1,-1,-1
91,8,732.40,316.37,37.91,45.77,0.97,-1,-1,-1
91,3,499.58,293.50,24.33,65.80,0.99,-1,-1,-1
91,11,385.92,325.37,66.40,78.82,0.99,-1,-1,-1
92,1,684.20,322.95,49.92,103.17,1.00,-1,-1,-1
92,2,472.57,384.28,84.87,136.47,0.99,-1,-1,-1
92,4,337.14,284.11,46.85,106.95,0.99,-1,-1,-1
92,6,543.82,294.94,37.53,82.79,0.99,-1,-1,-1
92,7,1006.18,507.17,117.00,288.16,1.00,-1,-1,-1
92,8,732.49,316.21,37.88,45.91,0.96,-1,-1,-1
92,3,494.15,292.10,26.63,67.54,0.99,-1,-1,-1
92,11,384.71,328.25,58.59,76.85,1.00,-1,-1,-1
93,1,681.13,323.65,52.83,102.40,1.00,-1,-1,-1
93,2,468.96,385.05,78.78,132.69,0.99,-1,-1,-1
93,4,337.03,282.19,45.40,108.01,0.98,-1,-1,-1
93,6,539.50,294.89,41.24,83.10,1.00,-1,-1,-1
93,7,1006.19,507.18,117.01,288.72,1.00,-1,-1,-1
93,8,732.52,316.31,37.87,45.70,0.97,-1,-1,-1
93,3,491.30,291.25,27.51,69.35,0.98,-1,-1,-1
93,11,384.42,329.13,51.70,75.83,1.00,-1,-1,-1
94,1,679.69,325.27,52.89,100.62,1.00,-1,-1,-1
94,2,465.30,386.31,74.27,129.13,1.00,-1,-1,-1
94,4,335.34,282.00,47.23,109.22,0.99,-1,-1,-1
94,6,537.32,295.34,42.87,82.28,0.99,-1,-1,-1
94,7,1006.78,507.16,117.01,288.90,1.00,-1,-1,-1
94,8,732.53,316.35,37.85,45.64,0.97,-1,-1,-1
94,3,486.64,290.49,29.60,71.46,0.97,-1,-1,-1
94,11,384.90,328.36,46.02,76.99,0.99,-1,-1,-1
95,1,679.24,325.73,50.54,100.28,0.99,-1,-1,-1
95,2,460.14,385.89,66.51,128.11,1.00,-1,-1,-1
95,4,335.17,283.60,47.60,107.59,1.00,-1,-1,-1
95,6,536.64,295.22,42.93,81.91,1.00,-1,-1,-1
95,7,1007.01,507.45,117.01,288.97,1.00,-1,-1,-1
95,8,732.25,316.35,37.85,45.64,0.97,-1,-1,-1
95,3,483.53,291.19,28.12,57.52,0.95,-1,-1,-1
95,11,384.67,327.12,40.51,77.73,0.99,-1,-1,-1
96,1,679.18,325.15,46.02,100.16,1.00,-1,-1,-1
96,2,455.37,382.47,57.95,129.55,1.00,-1,-1,-1
96,4,340.54,287.74,43.02,106.58,0.99,-1,-1,-1
96,6,535.68,295.04,42.32,81.43,0.99,-1,-1,-1
96,7,1007.09,507.25,117.01,288.99,1.00,-1,-1,-1
96,8,731.84,316.35,38.44,45.66,0.97,-1,-1,-1
96,3,479.04,292.76,27.47,52.12,0.97,-1,-1,-1
96,11,384.32,323.19,35.70,81.30,0.99,-1,-1,-1
97,1,679.02,324.79,43.02,100.14,1.00,-1,-1,-1
97,2,453.64,380.03,53.61,130.09,1.00,-1,-1,-1
97,4,340.83,292.94,42.74,103.19,0.99,-1,-1,-1
97,6,535.49,294.84,41.46,81.20,0.99,-1,-1,-1
97,7,1007.13,507.17,117.00,289.58,1.00,-1,-1,-1
97,8,731.72,316.34,38.65,46.28,0.96,-1,-1,-1
97,3,476.66,293.42,26.63,50.37,0.93,-1,-1,-1
97,11,383.86,321.85,35.16,82.05,0.99,-1,-1,-1
98,1,678.70,324.03,39.47,100.46,1.00,-1,-1,-1
98,2,454.11,377.92,47.59,129.73,0.99,-1,-1,-1
98,4,346.28,306.91,33.90,92.89,0.97,-1,-1,-1
98,6,535.79,294.00,38.14,80.79,1.00,-1,-1,-1
98,7,1007.12,507.15,117.00,289.23,1.00,-1,-1,-1
98,8,732.23,316.46,38.14,45.64,0.97,-1,-1,-1
98,3,473.52,294.22,24.51,49.50,0.96,-1,-1,-1
98,11,382.35,319.36,35.98,85.00,0.99,-1,-1,-1
99,1,678.42,323.94,37.57,100.28,1.00,-1,-1,-1
99,2,453.54,377.67,43.99,127.34,1.00,-1,-1,-1
99,4,347.43,315.79,33.11,86.41,0.99,-1,-1,-1
99,6,536.17,293.60,34.99,80.00,1.00,-1,-1,-1
99,7,1007.15,507.44,117.00,288.47,1.00,-1,-1,-1
99,8,731.88,316.55,38.53,45.70,0.97,-1,-1,-1
99,3,471.13,294.24,23.09,50.76,0.76,-1,-1,-1
99,11,382.04,317.90,31.66,87.27,0.98,-1,-1,-1
99,13,470.25,293.17,25.20,68.40,0.94,-1,-1,-1
100,1,678.05,323.92,33.82,100.23,0.99,-1,-1,-1
100,2,450.51,378.25,42.76,122.26,1.00,-1,-1,-1
100,4,351.67,317.63,29.09,85.41,0.99,-1,-1,-1
100,6,526.25,292.28,43.08,80.86,0.99,-1,-1,-1
100,7,1006.55,507.57,118.20,287.00,1.00,-1,-1,-1
100,8,732.02,316.73,38.09,45.44,0.97,-1,-1,-1
100,3,463.33,293.33,27.53,63.31,0.98,-1,-1,-1
100,11,381.17,317.05,28.83,90.17,0.99,-1,-1,-1
101,1,678.06,323.91,31.87,100.52,0.99,-1,-1,-1
101,2,447.82,378.50,43.07,119.76,1.00,-1,-1,-1
101,4,352.96,318.21,27.44,84.17,0.99,-1,-1,-1
101,6,528.97,291.94,39.09,80.87,0.99,-1,-1,-1
101,7,1006.33,507.90,118.64,286.43,1.00,-1,-1,-1
101,8,732.11,316.64,37.91,45.35,0.97,-1,-1,-1
101,3,458.62,292.31,30.13,68.55,0.99,-1,-1,-1
101,11,380.30,317.16,29.63,91.26,0.99,-1,-1,-1
102,1,678.09,324.18,29.98,100.04,0.99,-1,-1,-1
102,2,443.91,375.72,46.99,120.26,1.00,-1,-1,-1
102,4,353.12,316.78,26.65,86.83,0.99,-1,-1,-1
102,6,519.43,290.76,48.64,81.44,0.99,-1,-1,-1
102,7,1006.23,507.72,118.79,283.26,1.00,-1,-1,-1
102,8,732.12,316.73,37.84,45.03,0.98,-1,-1,-1
102,3,452.59,292.39,34.59,71.04,0.99,-1,-1,-1
102,11,379.86,317.47,28.34,91.95,0.99,-1,-1,-1
103,1,678.19,324.16,29.40,99.87,0.99,-1,-1,-1
103,2,442.79,373.10,49.11,121.52,1.00,-1,-1,-1
103,4,352.84,315.96,26.45,88.41,0.99,-1,-1,-1
103,6,515.26,290.21,51.91,81.93,0.99,-1,-1,-1
103,7,1006.22,507.64,118.84,282.05,0.99,-1,-1,-1
103,8,732.16,316.78,37.82,44.92,0.98,-1,-1,-1
103,3,449.33,292.60,37.33,71.98,0.99,-1,-1,-1
103,11,379.30,317.92,27.95,91.59,0.99,-1,-1,-1
104,1,677.93,323.24,29.25,100.11,0.99,-1,-1,-1
104,2,441.47,370.35,52.18,123.22,0.99,-1,-1,-1
104,4,352.51,315.73,25.50,88.74,0.99,-1,-1,-1
104,6,513.33,290.14,56.05,82.10,1.00,-1,-1,-1
104,7,1007.38,507.61,117.67,282.82,1.00,-1,-1,-1
104,8,732.15,316.78,37.81,44.89,0.98,-1,-1,-1
104,3,447.01,293.51,38.16,72.58,0.99,-1,-1,-1
104,11,378.22,320.44,27.56,88.76,0.99,-1,-1,-1
105,1,674.78,321.89,32.34,100.50,0.99,-1,-1,-1
105,2,440.68,368.67,54.38,124.32,0.99,-1,-1,-1
105,4,351.43,315.80,25.86,88.57,0.99,-1,-1,-1
105,6,512.96,290.03,59.37,82.14,0.99,-1,-1,-1
105,7,1006.65,507.60,118.42,281.92,1.00,-1,-1,-1
105,8,732.17,316.80,37.80,44.89,0.98,-1,-1,-1
105,3,446.43,293.19,38.32,73.92,0.99,-1,-1,-1
105,11,379.51,319.98,24.37,80.48,0.79,-1,-1,-1
105,14,378.45,332.10,24.75,76.95,0.97,-1,-1,-1
106,1,674.56,320.50,32.24,100.06,0.99,-1,-1,-1
106,2,440.32,368.68,54.22,122.38,1.00,-1,-1,-1
106,4,350.85,315.35,26.02,89.12,0.99,-1,-1,-1
106,6,512.61,290.01,62.36,81.84,0.99,-1,-1,-1
106,7,1006.37,507.30,118.71,281.61,1.00,-1,-1,-1
106,8,732.16,316.66,37.80,45.19,0.98,-1,-1,-1
106,3,445.90,293.35,36.48,74.39,0.99,-1,-1,-1
106,11,377.21,319.95,26.85,85.62,0.99,-1,-1,-1
107,1,674.86,319.25,32.23,99.60,0.98,-1,-1,-1
107,2,440.07,369.22,53.56,120.00,1.00,-1,-1,-1
107,4,350.50,315.18,26.12,88.74,0.99,-1,-1,-1
107,6,512.88,290.19,63.51,81.71,0.99,-1,-1,-1
107,7,1006.27,507.19,118.81,281.50,1.00,-1,-1,-1
107,8,732.18,316.62,37.80,45.31,0.98,-1,-1,-1
107,3,445.35,293.29,35.99,74.80,0.99,-1,-1,-1
107,11,376.33,319.96,27.59,87.36,1.00,-1,-1,-1
108,1,674.10,318.35,33.44,97.94,1.00,-1,-1,-1
108,2,438.61,369.17,53.30,116.42,1.00,-1,-1,-1
108,4,351.42,314.04,25.27,90.40,0.99,-1,-1,-1
108,6,515.09,290.12,62.76,81.94,0.99,-1,-1,-1
108,7,1006.23,507.45,118.84,280.88,0.99,-1,-1,-1
108,8,732.18,316.75,37.80,45.06,0.98,-1,-1,-1
108,3,443.05,292.67,32.40,75.21,0.99,-1,-1,-1
108,11,375.32,319.96,29.41,88.03,0.99,-1,-1,-1
109,1,673.55,318.03,34.48,97.33,0.98,-1,-1,-1
109,2,437.86,368.28,52.60,115.43,1.00,-1,-1,-1
109,4,352.05,313.45,24.69,91.02,0.99,-1,-1,-1
109,6,517.25,290.25,62.38,81.72,0.99,-1,-1,-1
109,7,1006.22,507.55,118.85,281.86,0.99,-1,-1,-1
109,8,732.18,316.80,37.80,44.98,0.98,-1,-1,-1
109,3,440.88,291.84,31.87,75.90,1.00,-1,-1,-1
109,11,374.84,319.51,30.68,88.87,0.99,-1,-1,-1
110,1,672.77,317.62,35.46,97.41,0.99,-1,-1,-1
110,2,437.52,365.86,47.71,116.00,1.00,-1,-1,-1
110,4,352.25,313.77,24.50,90.96,0.99,-1,-1,-1
110,6,526.59,290.43,54.62,81.63,0.99,-1,-1,-1
110,7,1006.20,507.58,118.84,281.06,0.99,-1,-1,-1
110,8,732.17,316.80,37.80,44.95,0.98,-1,-1,-1
110,3,438.37,291.05,32.57,77.58,0.99,-1,-1,-1
110,11,374.70,318.57,32.64,90.35,0.99,-1,-1,-1
111,1,671.92,318.10,35.84,97.46,0.99,-1,-1,-1
111,2,437.72,363.98,45.06,117.00,1.00,-1,-1,-1
111,4,352.47,313.32,24.46,91.53,0.99,-1,-1,-1
111,6,532.35,290.54,48.91,81.58,0.99,-1,-1,-1
111,7,1006.20,507.60,118.84,283.14,1.00,-1,-1,-1
111,8,731.88,316.81,38.39,44.94,0.98,-1,-1,-1
111,3,437.10,291.80,32.98,76.74,0.99,-1,-1,-1
111,11,374.54,318.39,33.97,90.60,0.99,-1,-1,-1
112,1,671.03,318.29,36.57,96.59,1.00,-1,-1,-1
112,2,438.02,361.51,43.69,117.69,1.00,-1,-1,-1
112,4,352.22,312.54,24.78,92.04,0.99,-1,-1,-1
112,6,536.94,290.13,43.11,82.15,1.00,-1,-1,-1
112,7,1006.79,507.30,117.64,283.94,1.00,-1,-1,-1
112,8,732.06,316.81,38.03,44.95,0.98,-1,-1,-1
112,3,435.40,293.26,32.39,76.65,0.99,-1,-1,-1
112,11,374.65,317.43,35.07,91.27,1.00,-1,-1,-1
113,1,670.13,318.09,37.44,96.58,1.00,-1,-1,-1
113,2,437.88,360.51,43.85,117.53,1.00,-1,-1,-1
113,4,352.27,312.42,24.61,91.93,0.99,-1,-1,-1
113,6,538.57,290.00,39.79,82.36,1.00,-1,-1,-1
113,7,1007.02,507.49,117.20,284.24,1.00,-1,-1,-1
113,8,732.13,316.82,37.88,44.95,0.97,-1,-1,-1
113,3,434.59,294.14,31.55,76.57,0.99,-1,-1,-1
113,11,375.03,317.69,35.20,91.21,0.99,-1,-1,-1
114,1,669.81,318.04,37.76,96.58,1.00,-1,-1,-1
114,2,437.58,361.10,43.64,115.40,0.99,-1,-1,-1
114,4,351.97,312.39,24.87,91.88,0.99,-1,-1,-1
114,6,539.10,290.13,35.53,82.13,0.99,-1,-1,-1
114,7,1006.52,507.57,118.23,284.35,1.00,-1,-1,-1
114,8,732.16,316.83,37.83,44.95,0.98,-1,-1,-1
114,3,433.51,294.64,31.53,77.10,0.99,-1,-1,-1
114,11,375.06,318.71,33.79,89.98,0.99,-1,-1,-1
115,1,670.01,318.03,36.71,96.60,0.99,-1,-1,-1
115,2,437.38,361.81,44.04,111.46,1.00,-1,-1,-1
115,4,351.71,312.95,24.98,91.27,0.99,-1,-1,-1
115,6,539.26,290.76,32.83,81.44,0.99,-1,-1,-1
115,7,1006.32,507.59,118.62,283.20,0.99,-1,-1,-1
115,8,732.17,316.83,37.81,44.96,0.98,-1,-1,-1
115,3,432.91,294.80,31.22,77.27,0.99,-1,-1,-1
115,11,375.42,318.18,32.92,90.69,0.99,-1,-1,-1
116,1,670.42,318.33,35.69,96.61,0.99,-1,-1,-1
116,2,437.79,361.21,44.96,111.23,1.00,-1,-1,-1
116,4,351.45,314.34,25.33,89.84,0.99,-1,-1,-1
116,6,539.28,291.00,31.38,81.17,0.99,-1,-1,-1
116,7,1006.24,507.60,118.76,283.96,0.99,-1,-1,-1
116,8,732.17,316.82,37.80,44.96,0.98,-1,-1,-1
116,3,431.73,295.00,30.66,77.31,1.00,-1,-1,-1
116,11,374.69,318.43,32.59,89.76,0.99,-1,-1,-1
117,1,670.61,318.14,35.30,96.93,0.99,-1,-1,-1
117,2,438.29,361.02,45.02,110.58,1.00,-1,-1,-1
117,4,351.06,314.56,25.77,89.60,0.99,-1,-1,-1
117,6,539.27,290.94,30.97,81.07,0.99,-1,-1,-1
117,7,1006.22,507.60,118.81,284.25,0.99,-1,-1,-1
117,8,732.17,316.82,37.80,44.97,0.98,-1,-1,-1
117,3,430.93,294.91,30.29,77.30,0.98,-1,-1,-1
117,11,374.44,318.82,32.76,89.39,0.99,-1,-1,-1
