0,1,994.50,377.10,52.20,153.00,1.00,-1,-1,-1
0,2,248.85,370.57,38.70,115.42,1.00,-1,-1,-1
0,3,741.60,355.05,49.50,131.85,1.00,-1,-1,-1
0,4,316.57,364.72,48.60,107.77,1.00,-1,-1,-1
0,5,394.20,326.92,40.05,81.90,1.00,-1,-1,-1
0,6,1063.80,448.20,108.00,243.00,0.98,-1,-1,-1
0,7,375.07,317.70,42.30,88.65,0.99,-1,-1,-1
0,8,990.00,621.45,102.60,272.70,0.99,-1,-1,-1
0,9,735.30,316.35,36.90,56.70,0.97,-1,-1,-1
1,1,994.50,377.10,52.20,153.00,1.00,-1,-1,-1
1,2,248.85,370.57,38.70,115.43,1.00,-1,-1,-1
1,3,741.60,355.05,49.50,131.85,1.00,-1,-1,-1
1,4,316.57,364.72,48.60,107.78,1.00,-1,-1,-1
1,5,394.20,326.92,40.05,81.90,1.00,-1,-1,-1
1,6,1063.80,448.20,108.00,243.00,0.98,-1,-1,-1
1,7,375.07,317.70,42.30,88.65,0.99,-1,-1,-1
1,8,989.22,621.84,102.60,271.92,0.99,-1,-1,-1
1,9,735.30,316.35,36.90,56.70,0.97,-1,-1,-1
2,1,991.69,377.28,56.41,152.82,1.00,-1,-1,-1
2,2,248.70,370.57,39.05,115.42,1.00,-1,-1,-1
2,3,741.26,356.45,50.20,130.09,1.00,-1,-1,-1
2,4,316.25,364.72,48.95,107.77,1.00,-1,-1,-1
2,5,393.87,325.34,46.36,82.95,1.00,-1,-1,-1
2,6,1065.20,448.55,106.59,242.29,0.99,-1,-1,-1
2,7,375.45,318.40,45.46,87.95,0.99,-1,-1,-1
2,8,989.08,621.55,102.59,272.48,0.97,-1,-1,-1
2,9,735.31,316.18,36.90,55.30,0.97,-1,-1,-1
3,1,990.80,377.33,57.75,152.42,1.00,-1,-1,-1
3,2,248.46,370.58,39.50,115.42,1.00,-1,-1,-1
3,3,740.80,356.89,51.10,129.55,1.00,-1,-1,-1
3,4,315.95,364.55,49.06,107.60,1.00,-1,-1,-1
3,5,394.54,324.85,49.03,83.28,1.00,-1,-1,-1
3,6,1065.64,448.66,106.16,242.08,0.99,-1,-1,-1
3,7,376.04,318.97,46.13,87.38,0.99,-1,-1,-1
3,8,989.06,621.80,102.60,272.68,0.97,-1,-1,-1
3,9,735.30,316.12,36.90,55.21,0.97,-1,-1,-1
4,1,989.27,377.18,59.39,152.46,1.00,-1,-1,-1
4,2,248.73,370.75,39.97,115.25,1.00,-1,-1,-1
4,3,740.01,357.17,53.35,129.58,0.99,-1,-1,-1
4,4,315.88,365.01,49.09,107.38,0.99,-1,-1,-1
4,5,396.08,325.40,52.66,82.70,1.00,-1,-1,-1
4,6,1065.74,448.35,106.05,242.01,0.99,-1,-1,-1
4,7,376.58,320.81,46.27,85.88,0.99,-1,-1,-1
4,8,989.06,621.55,102.60,272.72,0.97,-1,-1,-1
4,9,735.30,315.95,36.90,57.54,0.98,-1,-1,-1
5,1,988.78,377.44,59.89,152.17,1.00,-1,-1,-1
5,2,248.97,370.80,40.44,114.88,1.00,-1,-1,-1
5,3,738.80,357.07,55.98,129.78,1.00,-1,-1,-1
5,4,315.68,365.15,49.41,107.31,0.99,-1,-1,-1
5,5,396.92,325.77,54.81,82.81,0.99,-1,-1,-1
5,6,1065.75,448.24,106.04,240.73,1.00,-1,-1,-1
5,7,376.73,322.04,45.94,85.09,0.99,-1,-1,-1
5,8,987.77,621.79,103.89,272.74,0.96,-1,-1,-1
5,9,735.30,316.04,36.90,54.84,0.97,-1,-1,-1
6,1,988.04,377.22,59.98,152.70,1.00,-1,-1,-1
6,2,250.32,369.85,39.34,115.70,1.00,-1,-1,-1
6,3,737.76,356.38,58.72,130.19,1.00,-1,-1,-1
6,4,315.48,365.50,49.83,106.97,0.99,-1,-1,-1
6,5,397.99,328.26,56.98,79.38,0.99,-1,-1,-1
6,6,1066.35,447.89,104.79,240.28,0.99,-1,-1,-1
6,7,377.72,325.43,46.72,82.62,0.98,-1,-1,-1
6,8,987.94,621.86,104.33,272.10,0.97,-1,-1,-1
6,9,735.30,316.08,36.90,52.87,0.97,-1,-1,-1
7,1,987.21,376.83,59.96,153.21,1.00,-1,-1,-1
7,2,250.95,369.05,39.23,116.46,1.00,-1,-1,-1
7,3,736.80,355.65,60.30,130.20,0.99,-1,-1,-1
7,4,315.25,365.62,50.28,106.86,0.99,-1,-1,-1
7,5,398.96,328.69,57.13,78.77,0.99,-1,-1,-1
7,6,1066.56,447.76,104.36,240.16,0.99,-1,-1,-1
7,7,378.05,326.25,53.08,81.48,0.96,-1,-1,-1
7,8,987.41,621.89,104.47,271.88,0.96,-1,-1,-1
7,9,735.29,315.94,36.90,52.52,0.97,-1,-1,-1
8,1,985.72,377.29,59.90,152.47,1.00,-1,-1,-1
8,2,251.02,369.08,40.11,116.12,1.00,-1,-1,-1
8,3,736.45,354.76,60.84,130.20,1.00,-1,-1,-1
8,4,314.27,367.35,51.96,105.13,1.00,-1,-1,-1
8,5,399.76,329.60,55.87,79.50,1.00,-1,-1,-1
8,6,1066.61,448.02,104.23,241.35,0.99,-1,-1,-1
8,7,378.18,328.04,53.08,79.87,0.94,-1,-1,-1
8,8,987.22,621.28,104.51,274.25,0.96,-1,-1,-1
8,9,735.29,315.89,36.90,55.54,0.97,-1,-1,-1
9,1,984.62,377.78,59.84,152.20,1.00,-1,-1,-1
9,2,250.71,369.89,40.73,114.62,1.00,-1,-1,-1
9,3,736.35,353.70,60.39,129.15,1.00,-1,-1,-1
9,4,313.45,368.47,53.47,104.05,0.99,-1,-1,-1
9,5,400.77,331.77,53.48,78.27,0.98,-1,-1,-1
9,6,1066.02,448.13,105.44,241.81,0.99,-1,-1,-1
9,7,379.22,330.05,57.99,78.42,0.90,-1,-1,-1
9,8,987.18,621.37,104.53,273.30,0.97,-1,-1,-1
9,9,734.98,316.04,37.51,57.81,0.96,-1,-1,-1
10,1,983.04,378.11,59.79,151.64,1.00,-1,-1,-1
10,2,251.34,373.13,40.37,112.07,1.00,-1,-1,-1
10,3,735.74,352.26,59.56,127.69,1.00,-1,-1,-1
10,4,311.97,371.18,55.52,101.38,0.99,-1,-1,-1
10,5,402.18,333.04,51.56,77.82,1.00,-1,-1,-1
10,6,1065.78,448.17,105.90,241.37,1.00,-1,-1,-1
10,8,987.18,621.41,104.53,272.92,0.97,-1,-1,-1
10,9,734.87,316.11,38.34,59.86,0.97,-1,-1,-1
11,1,983.11,378.38,58.54,151.59,1.00,-1,-1,-1
11,2,251.57,374.90,40.21,110.84,1.00,-1,-1,-1
11,3,735.25,351.28,59.19,125.20,1.00,-1,-1,-1
11,4,306.29,372.58,61.55,99.96,0.99,-1,-1,-1
11,5,402.82,333.30,51.39,77.68,1.00,-1,-1,-1
11,6,1066.30,448.04,104.87,241.37,0.99,-1,-1,-1
11,8,986.00,621.43,105.72,272.79,0.97,-1,-1,-1
11,9,734.83,316.13,39.24,61.52,0.97,-1,-1,-1
12,1,982.56,378.03,56.83,152.04,1.00,-1,-1,-1
12,2,251.02,376.58,40.74,109.05,1.00,-1,-1,-1
12,3,733.28,349.41,57.81,124.60,0.99,-1,-1,-1
12,4,301.13,374.72,66.67,98.11,0.99,-1,-1,-1
12,5,402.26,330.47,66.13,80.37,0.99,-1,-1,-1
12,6,1065.26,447.99,105.69,240.77,1.00,-1,-1,-1
12,8,987.32,621.74,104.95,271.54,0.98,-1,-1,-1
12,9,734.80,316.13,38.39,62.43,0.97,-1,-1,-1
13,1,981.81,377.89,56.16,152.21,1.00,-1,-1,-1
13,2,250.22,376.82,41.23,108.72,1.00,-1,-1,-1
13,3,731.97,348.43,57.25,124.72,0.99,-1,-1,-1
13,4,300.50,375.42,66.99,97.48,0.99,-1,-1,-1
13,5,401.84,329.38,67.03,81.38,1.00,-1,-1,-1
13,6,1065.48,448.28,105.99,242.07,0.98,-1,-1,-1
13,8,988.44,621.86,103.43,271.08,0.99,-1,-1,-1
13,9,734.81,316.11,38.04,62.17,0.97,-1,-1,-1
14,1,982.15,377.98,53.49,152.43,0.99,-1,-1,-1
14,2,249.91,374.57,41.10,109.98,1.00,-1,-1,-1
14,3,730.30,348.07,55.81,124.49,1.00,-1,-1,-1
14,4,295.99,374.37,70.49,98.50,0.99,-1,-1,-1
14,5,404.30,327.42,66.49,82.65,0.98,-1,-1,-1
14,6,1065.54,448.24,106.08,242.10,0.99,-1,-1,-1
14,8,988.83,621.90,102.83,269.72,0.99,-1,-1,-1
14,9,734.81,315.94,37.90,70.91,0.99,-1,-1,-1
15,1,982.36,377.86,51.27,152.36,1.00,-1,-1,-1
15,2,249.80,372.72,40.46,111.52,1.00,-1,-1,-1
15,3,729.43,347.83,53.45,124.27,1.00,-1,-1,-1
15,4,294.00,372.50,71.24,100.70,0.99,-1,-1,-1
15,5,412.81,324.94,56.90,83.72,0.99,-1,-1,-1
15,6,1065.59,448.22,106.14,241.52,1.00,-1,-1,-1
15,8,988.42,621.91,103.83,269.21,0.98,-1,-1,-1
15,9,734.53,315.89,37.85,75.80,0.99,-1,-1,-1
16,1,983.06,377.51,49.25,152.34,1.00,-1,-1,-1
16,2,249.89,372.28,41.10,107.05,1.00,-1,-1,-1
16,3,728.22,346.56,52.55,125.41,1.00,-1,-1,-1
16,4,296.58,368.77,66.56,103.63,0.99,-1,-1,-1
16,5,427.00,323.39,58.95,83.83,0.93,-1,-1,-1
16,6,1065.59,448.36,106.15,241.75,0.99,-1,-1,-1
16,8,988.23,621.91,104.20,269.63,0.98,-1,-1,-1
16,9,734.40,315.71,37.83,77.47,0.98,-1,-1,-1
17,1,982.75,377.53,48.56,152.47,1.00,-1,-1,-1
17,2,249.97,371.53,42.23,105.04,0.99,-1,-1,-1
17,3,726.94,346.26,52.84,125.40,1.00,-1,-1,-1
17,4,298.81,365.90,63.09,105.33,0.99,-1,-1,-1
17,5,435.80,321.20,58.63,85.63,0.88,-1,-1,-1
17,6,1065.61,448.85,106.16,241.38,0.99,-1,-1,-1
17,8,988.80,621.90,103.15,269.80,0.98,-1,-1,-1
17,9,734.10,315.79,38.41,78.65,0.98,-1,-1,-1
18,1,982.03,377.38,48.33,152.68,1.00,-1,-1,-1
18,2,250.71,370.45,49.70,104.18,1.00,-1,-1,-1
18,3,726.18,346.75,52.35,124.52,1.00,-1,-1,-1
18,4,298.92,361.51,62.34,106.58,1.00,-1,-1,-1
18,5,443.06,320.65,55.92,86.89,0.98,-1,-1,-1
18,6,1065.59,448.89,106.15,241.40,0.99,-1,-1,-1
18,8,988.97,621.60,102.73,270.47,0.98,-1,-1,-1
18,9,734.26,315.81,38.03,80.20,0.99,-1,-1,-1
18,10,475.20,319.72,40.50,74.70,0.76,-1,-1,-1
19,1,981.81,377.18,48.28,152.89,0.99,-1,-1,-1
19,2,250.89,368.47,49.13,105.25,0.99,-1,-1,-1
19,3,725.67,346.84,52.78,124.34,1.00,-1,-1,-1
19,4,299.92,358.73,61.46,105.86,1.00,-1,-1,-1
19,5,455.21,321.40,42.61,83.23,0.96,-1,-1,-1
19,6,1065.62,448.75,106.17,241.84,0.99,-1,-1,-1
19,8,989.08,622.08,102.60,270.72,0.98,-1,-1,-1
19,9,733.76,315.84,38.49,78.73,0.99,-1,-1,-1
19,10,475.94,318.98,39.77,76.14,0.91,-1,-1,-1
20,1,980.51,376.67,48.28,152.83,1.00,-1,-1,-1
20,2,250.34,365.29,48.22,107.47,1.00,-1,-1,-1
20,3,725.18,346.72,54.13,124.44,1.00,-1,-1,-1
20,4,300.60,355.86,60.80,104.68,0.99,-1,-1,-1
20,5,467.29,321.68,36.09,82.69,0.88,-1,-1,-1
20,6,1065.60,449.00,106.15,241.43,0.99,-1,-1,-1
20,8,989.08,621.97,102.53,270.23,0.98,-1,-1,-1
20,9,733.85,315.83,38.06,77.20,0.98,-1,-1,-1
20,10,481.31,320.52,41.72,73.66,0.71,-1,-1,-1
21,1,980.07,376.47,48.32,152.81,0.99,-1,-1,-1
21,2,249.25,362.58,49.30,110.54,0.99,-1,-1,-1
21,3,725.93,347.03,54.66,124.19,1.00,-1,-1,-1
21,4,298.80,354.01,62.65,103.63,0.99,-1,-1,-1
21,5,470.02,321.72,39.56,83.97,0.95,-1,-1,-1
21,6,1065.62,448.79,106.18,241.86,0.99,-1,-1,-1
21,8,989.12,621.93,102.54,270.64,0.99,-1,-1,-1
21,9,733.90,315.72,37.90,76.26,0.97,-1,-1,-1
21,10,485.49,321.82,43.06,72.11,0.30,-1,-1,-1
22,1,978.71,375.96,48.34,152.94,0.99,-1,-1,-1
22,2,249.57,358.87,56.67,105.67,0.99,-1,-1,-1
22,3,727.43,347.28,54.25,123.96,1.00,-1,-1,-1
22,4,298.88,353.46,63.91,99.95,1.00,-1,-1,-1
22,6,1064.41,448.42,107.36,240.24,1.00,-1,-1,-1
22,8,988.51,621.91,103.72,271.39,0.98,-1,-1,-1
22,9,734.51,316.24,37.23,71.43,0.97,-1,-1,-1
22,10,474.20,319.40,71.13,81.30,0.99,-1,-1,-1
23,1,977.65,376.07,48.39,152.69,0.99,-1,-1,-1
23,2,250.68,356.20,58.61,104.67,1.00,-1,-1,-1
23,3,728.35,346.98,54.11,124.32,1.00,-1,-1,-1
23,4,299.54,353.84,63.80,97.65,0.99,-1,-1,-1
23,6,1063.99,448.27,107.83,239.02,1.00,-1,-1,-1
23,8,988.92,621.91,103.01,271.67,0.98,-1,-1,-1
23,9,734.76,316.33,36.99,70.41,0.98,-1,-1,-1
23,10,473.06,317.76,77.60,82.65,1.00,-1,-1,-1
24,1,976.67,375.96,48.42,153.04,1.00,-1,-1,-1
24,2,251.56,352.58,57.65,105.22,1.00,-1,-1,-1
24,3,729.89,346.72,53.46,124.03,1.00,-1,-1,-1
24,4,299.36,355.55,64.03,95.02,0.99,-1,-1,-1
24,6,1063.83,448.21,108.01,238.58,1.00,-1,-1,-1
24,8,989.07,621.90,102.74,271.18,0.99,-1,-1,-1
24,9,735.14,316.51,36.91,69.14,0.99,-1,-1,-1
24,10,488.87,316.36,65.15,85.18,0.99,-1,-1,-1
25,1,976.33,375.92,48.45,152.88,0.99,-1,-1,-1
25,2,252.63,350.84,56.32,103.65,1.00,-1,-1,-1
25,3,731.38,346.78,52.02,123.47,0.99,-1,-1,-1
25,4,298.71,356.83,66.47,93.47,0.99,-1,-1,-1
25,6,1064.38,448.48,106.88,238.42,1.00,-1,-1,-1
25,8,989.13,621.90,102.64,270.99,0.98,-1,-1,-1
25,9,735.28,316.42,36.88,72.26,0.99,-1,-1,-1
25,10,500.17,316.01,53.74,85.44,0.99,-1,-1,-1
26,1,976.23,374.86,47.27,153.55,0.99,-1,-1,-1
26,2,254.09,350.40,54.87,102.47,1.00,-1,-1,-1
26,3,732.54,345.77,50.87,123.42,1.00,-1,-1,-1
26,4,300.10,356.40,62.99,93.54,0.99,-1,-1,-1
26,6,1064.57,447.98,106.45,238.96,0.99,-1,-1,-1
26,8,989.14,621.88,102.60,269.13,0.99,-1,-1,-1
26,9,735.33,316.23,36.87,73.70,0.99,-1,-1,-1
26,10,515.39,316.36,40.13,79.10,0.98,-1,-1,-1
26,5,501.30,325.51,26.97,66.92,0.97,-1,-1,-1
27,1,976.22,374.18,46.84,153.81,0.99,-1,-1,-1
27,2,255.21,350.92,54.28,101.16,1.00,-1,-1,-1
27,3,732.66,345.40,50.46,123.41,1.00,-1,-1,-1
27,4,302.47,355.22,60.37,94.50,0.99,-1,-1,-1
27,6,1064.65,448.40,106.29,238.58,1.00,-1,-1,-1
27,8,989.15,621.89,102.59,268.43,0.99,-1,-1,-1
27,9,735.34,316.32,36.87,74.53,0.99,-1,-1,-1
27,10,522.99,318.56,34.79,72.82,0.96,-1,-1,-1
27,5,501.69,324.77,29.62,65.28,0.98,-1,-1,-1
28,1,975.62,373.77,46.69,153.75,0.99,-1,-1,-1
28,2,257.58,352.35,49.89,99.18,1.00,-1,-1,-1
28,3,732.10,344.97,49.71,122.81,1.00,-1,-1,-1
28,4,302.33,352.69,63.02,95.78,0.99,-1,-1,-1
28,6,1064.66,448.24,106.22,239.03,1.00,-1,-1,-1
28,8,989.13,621.86,102.58,269.36,0.98,-1,-1,-1
28,9,735.05,316.19,37.46,76.59,0.99,-1,-1,-1
28,10,533.10,321.87,36.48,70.22,0.97,-1,-1,-1
28,5,498.09,323.17,47.82,66.96,0.99,-1,-1,-1
29,1,975.43,372.45,46.65,154.03,0.99,-1,-1,-1
29,2,258.42,352.48,47.84,99.09,1.00,-1,-1,-1
29,3,730.97,344.97,50.05,120.37,1.00,-1,-1,-1
29,4,306.20,351.01,60.74,95.69,0.99,-1,-1,-1
29,6,1064.68,448.06,106.19,239.38,0.99,-1,-1,-1
29,8,989.13,621.89,102.58,269.14,0.99,-1,-1,-1
29,9,735.22,316.29,37.10,76.20,0.97,-1,-1,-1
29,10,537.77,322.39,39.48,72.46,0.99,-1,-1,-1
29,5,496.84,320.65,54.37,70.60,0.98,-1,-1,-1
30,1,974.17,371.82,46.64,153.08,0.99,-1,-1,-1
30,2,262.23,351.62,44.65,98.48,0.99,-1,-1,-1
30,3,729.35,345.28,51.38,118.25,1.00,-1,-1,-1
30,4,313.17,348.13,57.71,94.48,1.00,-1,-1,-1
30,6,1064.67,447.84,106.17,239.35,0.99,-1,-1,-1
30,8,989.09,621.88,102.56,269.05,0.98,-1,-1,-1
30,9,735.29,316.32,36.95,76.60,0.97,-1,-1,-1
30,10,545.59,324.05,39.36,72.35,0.98,-1,-1,-1
30,5,489.45,318.21,47.73,71.38,0.98,-1,-1,-1
31,1,973.72,371.60,46.66,152.43,1.00,-1,-1,-1
31,2,266.50,351.54,42.57,94.69,1.00,-1,-1,-1
31,3,727.86,345.43,52.48,117.49,1.00,-1,-1,-1
31,4,319.67,346.99,54.16,92.24,1.00,-1,-1,-1
31,6,1064.68,447.77,106.18,239.36,0.99,-1,-1,-1
31,8,989.11,621.90,102.58,269.04,0.98,-1,-1,-1
31,9,735.01,316.20,37.50,78.21,0.99,-1,-1,-1
31,10,551.92,326.81,39.85,69.91,0.97,-1,-1,-1
31,5,485.30,320.77,43.12,68.12,0.93,-1,-1,-1
32,1,968.78,371.54,50.25,151.28,1.00,-1,-1,-1
32,2,274.32,351.40,40.00,87.21,1.00,-1,-1,-1
32,3,726.70,344.59,51.72,117.83,1.00,-1,-1,-1
32,4,326.93,346.61,52.26,87.20,0.99,-1,-1,-1
32,6,1064.66,447.74,106.18,239.95,0.99,-1,-1,-1
32,8,987.90,622.19,103.77,269.02,0.96,-1,-1,-1
32,9,734.60,316.45,37.70,76.16,0.99,-1,-1,-1
32,10,557.95,329.03,53.16,68.70,0.99,-1,-1,-1
32,5,477.33,317.68,49.10,71.76,0.99,-1,-1,-1
33,1,965.26,371.83,52.74,150.56,1.00,-1,-1,-1
33,2,279.08,350.93,38.80,85.45,1.00,-1,-1,-1
33,3,725.99,344.44,50.83,117.84,1.00,-1,-1,-1
33,4,330.97,346.38,51.93,85.36,1.00,-1,-1,-1
33,6,1064.69,447.73,106.19,240.18,0.99,-1,-1,-1
33,8,987.48,622.31,104.23,269.63,0.96,-1,-1,-1
33,9,734.75,316.41,37.19,74.73,0.99,-1,-1,-1
33,10,561.48,329.80,57.92,67.68,0.99,-1,-1,-1
33,5,472.41,315.71,46.20,64.51,0.90,-1,-1,-1
34,1,960.44,372.25,56.02,149.10,1.00,-1,-1,-1
34,2,281.75,350.34,42.46,83.97,0.99,-1,-1,-1
34,3,725.74,344.54,49.90,117.70,1.00,-1,-1,-1
34,4,335.54,347.26,53.06,83.52,1.00,-1,-1,-1
34,6,1064.68,447.87,106.19,239.80,0.99,-1,-1,-1
34,8,987.31,622.34,104.39,269.25,0.96,-1,-1,-1
34,9,734.82,316.39,36.99,73.58,0.99,-1,-1,-1
34,10,560.20,331.11,63.78,66.11,0.99,-1,-1,-1
34,5,468.16,315.45,53.61,70.95,0.99,-1,-1,-1
35,1,958.60,372.42,57.28,148.27,1.00,-1,-1,-1
35,2,282.48,349.21,48.14,84.75,0.99,-1,-1,-1
35,3,725.36,344.73,49.56,117.53,1.00,-1,-1,-1
35,4,339.77,347.29,55.00,82.61,0.99,-1,-1,-1
35,6,1064.69,448.08,106.19,240.13,0.99,-1,-1,-1
35,8,988.44,622.67,103.26,269.13,0.99,-1,-1,-1
35,9,734.53,316.52,37.52,71.65,0.99,-1,-1,-1
35,10,559.48,332.89,66.14,64.05,0.99,-1,-1,-1
35,5,461.90,314.90,59.64,73.37,0.98,-1,-1,-1
36,1,957.93,372.18,56.60,148.57,1.00,-1,-1,-1
36,2,283.30,345.96,57.13,87.50,1.00,-1,-1,-1
36,3,726.13,344.81,48.24,117.18,1.00,-1,-1,-1
36,4,345.71,345.96,56.92,83.54,1.00,-1,-1,-1
36,6,1064.09,448.16,107.38,239.65,1.00,-1,-1,-1
36,8,988.87,622.48,102.83,269.68,0.98,-1,-1,-1
36,9,734.42,316.57,37.71,70.93,0.99,-1,-1,-1
36,10,558.66,336.10,65.89,59.96,0.99,-1,-1,-1
36,5,455.01,313.99,63.07,74.04,0.98,-1,-1,-1
37,1,958.33,371.95,55.12,148.55,1.00,-1,-1,-1
37,2,284.18,343.73,62.61,89.44,1.00,-1,-1,-1
37,3,726.75,344.84,47.76,117.07,1.00,-1,-1,-1
37,4,348.91,344.43,60.60,85.12,1.00,-1,-1,-1
37,6,1064.46,447.74,106.64,239.92,0.99,-1,-1,-1
37,8,989.03,622.70,102.66,268.10,0.99,-1,-1,-1
37,9,734.40,316.43,37.78,70.36,0.99,-1,-1,-1
37,10,555.28,334.71,66.79,60.71,0.99,-1,-1,-1
37,5,451.32,314.39,57.42,71.93,0.99,-1,-1,-1
38,1,956.76,372.03,55.73,148.42,0.99,-1,-1,-1
38,2,291.17,341.31,60.73,86.65,1.00,-1,-1,-1
38,3,727.25,344.71,47.60,117.50,1.00,-1,-1,-1
38,4,351.70,342.57,62.00,85.74,1.00,-1,-1,-1
38,6,1064.61,447.89,106.37,239.74,0.99,-1,-1,-1
38,8,989.09,622.81,102.62,268.72,0.98,-1,-1,-1
38,9,734.64,316.38,37.22,69.87,0.99,-1,-1,-1
38,10,548.34,333.91,61.94,61.30,0.99,-1,-1,-1
38,5,447.86,316.54,43.43,68.71,0.94,-1,-1,-1
39,1,956.24,371.90,55.93,148.52,1.00,-1,-1,-1
39,2,298.74,338.91,56.33,86.82,0.99,-1,-1,-1
39,3,727.80,344.66,47.55,117.66,1.00,-1,-1,-1
39,4,356.98,340.98,58.45,86.00,1.00,-1,-1,-1
39,6,1064.67,447.93,106.25,239.65,0.99,-1,-1,-1
39,8,989.12,622.82,102.58,270.12,0.98,-1,-1,-1
39,9,735.10,316.36,37.00,70.89,0.99,-1,-1,-1
39,10,542.39,331.15,60.96,63.66,1.00,-1,-1,-1
39,5,441.21,315.39,43.10,68.71,0.96,-1,-1,-1
40,1,956.09,372.31,54.81,147.83,1.00,-1,-1,-1
40,2,312.28,335.22,46.77,86.61,1.00,-1,-1,-1
40,3,728.90,344.78,47.54,117.29,1.00,-1,-1,-1
40,4,363.95,339.06,52.20,84.63,1.00,-1,-1,-1
40,6,1064.69,448.40,106.20,239.47,1.00,-1,-1,-1
40,8,989.12,622.82,102.56,270.66,0.98,-1,-1,-1
40,9,735.25,316.34,36.92,71.28,0.99,-1,-1,-1
40,10,531.28,325.36,67.60,69.00,0.99,-1,-1,-1
40,5,433.69,316.16,46.96,67.52,0.99,-1,-1,-1
41,1,955.49,372.47,54.36,147.58,0.99,-1,-1,-1
41,2,322.12,333.46,40.80,86.25,1.00,-1,-1,-1
41,3,729.60,344.69,48.15,117.31,1.00,-1,-1,-1
41,4,367.71,338.09,48.61,84.43,1.00,-1,-1,-1
41,6,1064.70,448.13,106.19,239.56,0.99,-1,-1,-1
41,8,989.12,622.53,102.57,270.86,0.98,-1,-1,-1
41,9,735.31,316.19,36.89,71.73,0.99,-1,-1,-1
41,10,528.85,322.90,68.94,71.30,0.99,-1,-1,-1
41,5,428.38,316.18,49.80,67.39,0.99,-1,-1,-1
42,1,954.71,372.84,51.81,146.90,1.00,-1,-1,-1
42,2,333.06,331.09,35.93,84.95,0.99,-1,-1,-1
42,3,729.85,344.67,49.58,117.33,1.00,-1,-1,-1
42,4,371.34,337.49,47.70,79.89,1.00,-1,-1,-1
42,6,1065.29,448.48,106.19,241.23,0.98,-1,-1,-1
42,8,989.12,622.72,102.58,270.94,0.98,-1,-1,-1
42,9,735.01,316.29,36.88,73.09,0.99,-1,-1,-1
42,10,527.21,318.75,63.06,71.33,0.99,-1,-1,-1
42,5,419.28,316.81,43.95,62.56,0.99,-1,-1,-1
43,1,953.88,372.83,50.83,146.51,1.00,-1,-1,-1
43,2,339.39,330.30,34.33,83.59,1.00,-1,-1,-1
43,3,729.94,344.68,50.12,117.34,1.00,-1,-1,-1
43,4,373.26,337.04,48.03,78.50,1.00,-1,-1,-1
43,6,1065.53,448.47,106.20,242.31,0.99,-1,-1,-1
43,8,989.13,622.80,102.59,270.96,0.98,-1,-1,-1
43,9,735.20,316.20,36.88,73.31,0.99,-1,-1,-1
43,10,526.51,317.47,50.28,70.15,0.99,-1,-1,-1
43,5,412.27,316.47,42.01,62.28,0.98,-1,-1,-1
44,1,953.01,372.98,50.48,146.52,1.00,-1,-1,-1
44,2,345.91,330.39,35.77,81.60,0.99,-1,-1,-1
44,3,729.98,344.69,50.92,117.35,1.00,-1,-1,-1
44,4,378.24,336.77,51.20,77.12,0.99,-1,-1,-1
44,6,1065.61,448.46,106.20,242.69,0.99,-1,-1,-1
44,8,989.13,622.52,102.59,270.95,0.98,-1,-1,-1
44,9,735.29,316.16,36.88,73.97,0.99,-1,-1,-1
44,10,525.59,316.43,41.96,70.56,0.99,-1,-1,-1
44,5,409.04,321.06,30.29,54.32,0.75,-1,-1,-1
45,1,952.73,373.19,49.16,146.09,1.00,-1,-1,-1
45,2,347.53,332.00,41.47,76.96,0.99,-1,-1,-1
45,3,730.28,344.99,51.22,117.07,1.00,-1,-1,-1
45,4,381.00,337.16,52.96,75.75,0.99,-1,-1,-1
45,6,1065.65,448.16,106.21,243.14,0.99,-1,-1,-1
45,8,989.14,622.72,102.60,271.55,0.98,-1,-1,-1
45,9,735.31,316.15,36.89,70.97,0.99,-1,-1,-1
45,10,522.96,315.47,41.25,71.60,0.99,-1,-1,-1
45,5,401.18,319.94,28.81,63.50,0.92,-1,-1,-1
46,1,952.08,372.81,48.67,146.39,1.00,-1,-1,-1
46,2,356.62,333.44,48.96,76.53,0.98,-1,-1,-1
46,3,730.99,345.25,50.74,116.82,1.00,-1,-1,-1
46,4,386.34,336.87,54.53,74.69,0.99,-1,-1,-1
46,6,1065.66,448.33,106.21,242.99,0.99,-1,-1,-1
46,8,989.15,622.78,102.60,272.36,0.98,-1,-1,-1
46,9,735.33,316.14,36.89,70.11,0.99,-1,-1,-1
46,10,516.18,314.70,44.83,71.68,1.00,-1,-1,-1
46,5,393.04,318.17,29.37,67.15,0.93,-1,-1,-1
47,1,951.87,372.66,48.50,146.51,1.00,-1,-1,-1
47,2,363.23,333.80,50.55,76.10,0.99,-1,-1,-1
47,3,731.25,345.33,50.55,116.73,1.00,-1,-1,-1
47,4,391.06,334.81,53.66,76.16,1.00,-1,-1,-1
47,6,1065.66,448.25,106.20,243.08,0.99,-1,-1,-1
47,8,989.14,622.80,102.60,272.66,0.98,-1,-1,-1
47,9,735.34,316.12,36.89,69.79,0.99,-1,-1,-1
47,10,511.18,314.27,48.45,72.00,0.99,-1,-1,-1
47,5,388.62,316.55,28.96,69.80,0.90,-1,-1,-1
48,1,951.23,372.60,48.46,146.26,0.99,-1,-1,-1
48,2,367.71,334.13,53.44,76.60,0.99,-1,-1,-1
48,3,731.64,345.37,50.47,116.40,1.00,-1,-1,-1
48,4,393.15,331.84,56.00,74.63,1.00,-1,-1,-1
48,6,1066.25,448.50,105.01,243.69,0.99,-1,-1,-1
48,8,989.14,622.80,102.60,272.16,0.98,-1,-1,-1
48,9,735.34,316.12,36.89,72.68,0.99,-1,-1,-1
48,10,500.83,314.16,56.28,72.70,0.99,-1,-1,-1
48,5,378.41,315.93,40.14,75.19,0.97,-1,-1,-1
49,1,950.42,372.59,48.45,146.18,0.99,-1,-1,-1
49,2,370.17,334.40,53.42,75.92,0.99,-1,-1,-1
49,3,732.37,345.08,49.25,116.59,1.00,-1,-1,-1
49,4,394.72,330.45,58.02,75.60,0.99,-1,-1,-1
49,6,1066.47,448.31,105.75,243.32,0.99,-1,-1,-1
49,8,989.13,622.80,102.59,271.97,0.98,-1,-1,-1
49,9,735.63,315.82,36.89,76.10,0.99,-1,-1,-1
49,10,492.67,313.83,58.72,75.60,0.98,-1,-1,-1
49,5,369.16,315.24,43.20,76.68,0.89,-1,-1,-1
49,11,495.00,315.22,53.10,57.60,0.81,-1,-1,-1
49,12,375.07,316.57,31.05,68.40,0.81,-1,-1,-1
50,1,949.54,372.43,48.46,145.71,0.99,-1,-1,-1
50,2,376.10,331.67,51.04,77.22,0.99,-1,-1,-1
50,3,731.43,344.82,49.99,116.51,1.00,-1,-1,-1
50,4,398.83,327.13,55.60,79.57,1.00,-1,-1,-1
50,6,1065.94,448.24,106.03,243.18,0.99,-1,-1,-1
50,8,989.12,622.51,102.59,271.90,0.98,-1,-1,-1
50,9,735.44,316.00,36.89,76.53,0.98,-1,-1,-1
50,10,485.69,313.88,51.66,76.40,0.97,-1,-1,-1
50,5,361.34,318.16,46.20,76.37,0.97,-1,-1,-1
51,1,948.64,372.38,48.47,145.55,0.99,-1,-1,-1
51,2,381.55,330.21,50.62,78.62,0.99,-1,-1,-1
51,3,731.07,344.57,50.26,116.64,1.00,-1,-1,-1
51,4,405.62,325.91,49.22,79.29,1.00,-1,-1,-1
51,6,1065.74,448.22,106.13,243.12,0.99,-1,-1,-1
51,8,989.11,622.70,102.59,271.87,0.98,-1,-1,-1
51,9,735.36,316.21,36.89,76.38,0.98,-1,-1,-1
51,10,483.10,315.67,43.06,74.64,0.96,-1,-1,-1
51,5,355.95,322.37,49.08,72.40,0.98,-1,-1,-1
52,1,947.13,371.62,48.47,145.64,0.99,-1,-1,-1
52,2,390.07,328.49,42.78,78.87,0.99,-1,-1,-1
52,3,729.44,343.43,51.54,117.44,1.00,-1,-1,-1
52,4,412.00,324.60,43.97,77.11,0.98,-1,-1,-1
52,6,1065.64,447.61,106.16,244.87,0.98,-1,-1,-1
52,8,988.48,622.77,103.76,274.23,0.98,-1,-1,-1
52,9,735.32,316.14,36.89,79.56,0.99,-1,-1,-1
52,10,481.83,316.54,37.30,74.22,0.99,-1,-1,-1
52,5,351.86,317.86,41.47,77.99,1.00,-1,-1,-1
53,1,946.00,371.19,48.50,146.13,0.99,-1,-1,-1
53,2,393.85,327.61,40.53,78.09,0.98,-1,-1,-1
53,3,729.10,342.88,51.44,117.89,1.00,-1,-1,-1
53,4,412.09,324.06,46.29,75.99,0.99,-1,-1,-1
53,6,1065.61,447.69,106.19,245.53,0.98,-1,-1,-1
53,8,988.27,622.51,104.23,274.53,0.98,-1,-1,-1
53,9,735.00,316.13,37.49,81.03,0.99,-1,-1,-1
53,10,478.98,316.91,36.72,74.05,0.99,-1,-1,-1
53,5,349.86,316.43,38.02,80.28,0.99,-1,-1,-1
54,1,941.42,369.85,52.09,147.80,0.99,-1,-1,-1
54,2,399.96,327.46,38.85,79.30,0.99,-1,-1,-1
54,3,727.20,343.27,52.58,117.76,1.00,-1,-1,-1
54,4,418.46,324.95,45.23,75.59,1.00,-1,-1,-1
54,6,1065.58,447.73,106.20,245.76,0.98,-1,-1,-1
54,8,988.17,622.71,104.39,273.43,0.98,-1,-1,-1
54,9,735.17,316.28,37.12,81.87,0.99,-1,-1,-1
54,10,474.06,317.65,37.80,74.27,0.99,-1,-1,-1
54,5,348.75,314.85,35.25,81.15,0.99,-1,-1,-1
55,1,936.86,369.36,55.73,149.03,1.00,-1,-1,-1
55,2,403.11,327.45,37.96,79.46,0.98,-1,-1,-1
55,3,724.13,343.14,54.77,118.01,1.00,-1,-1,-1
55,4,420.96,325.94,47.61,74.26,0.99,-1,-1,-1
55,6,1064.99,447.45,106.21,246.44,0.98,-1,-1,-1
55,8,987.56,622.80,104.45,272.42,0.98,-1,-1,-1
55,9,734.93,316.05,37.57,80.70,0.99,-1,-1,-1
55,10,472.41,318.10,36.38,74.94,1.00,-1,-1,-1
55,5,345.04,313.38,37.33,82.61,0.99,-1,-1,-1
56,1,930.49,369.34,61.73,149.66,1.00,-1,-1,-1
56,2,407.49,327.91,38.59,79.54,0.95,-1,-1,-1
56,3,722.05,343.54,55.02,117.97,1.00,-1,-1,-1
56,4,422.02,325.59,49.66,76.79,0.99,-1,-1,-1
56,6,1064.15,447.36,107.40,246.11,0.98,-1,-1,-1
56,8,987.88,622.56,104.47,274.44,0.98,-1,-1,-1
56,9,734.80,316.11,37.74,79.63,0.99,-1,-1,-1
56,10,471.67,318.56,35.27,75.78,0.99,-1,-1,-1
56,5,341.63,311.35,38.63,84.89,0.99,-1,-1,-1
57,1,926.38,371.55,65.20,147.95,0.99,-1,-1,-1
57,2,410.65,327.53,36.42,79.57,0.97,-1,-1,-1
57,3,721.03,343.70,55.09,117.94,1.00,-1,-1,-1
57,4,422.38,326.09,53.09,75.95,0.98,-1,-1,-1
57,6,1064.46,447.61,106.67,245.94,0.99,-1,-1,-1
57,8,988.06,622.73,104.48,275.16,0.98,-1,-1,-1
57,9,734.81,316.14,37.81,78.90,0.99,-1,-1,-1
57,10,471.93,319.05,34.28,75.49,0.99,-1,-1,-1
57,5,340.16,310.47,38.25,86.60,0.99,-1,-1,-1
58,1,917.97,376.43,73.37,143.56,0.99,-1,-1,-1
58,2,414.92,327.11,35.00,79.88,0.99,-1,-1,-1
58,3,719.78,343.31,55.69,118.37,1.00,-1,-1,-1
58,4,429.52,326.76,49.64,75.63,0.96,-1,-1,-1
58,6,1064.57,447.70,106.37,245.86,0.99,-1,-1,-1
58,8,988.12,622.79,104.47,276.02,0.98,-1,-1,-1
58,9,734.81,316.14,37.83,75.93,0.98,-1,-1,-1
58,10,472.47,320.56,33.35,73.59,0.99,-1,-1,-1
58,5,337.91,311.44,39.26,88.67,0.99,-1,-1,-1
59,1,913.03,379.16,78.78,140.40,1.00,-1,-1,-1
59,2,418.23,326.66,34.84,79.70,0.97,-1,-1,-1
59,3,718.15,342.12,56.50,119.27,1.00,-1,-1,-1
59,4,427.19,326.43,57.70,79.11,0.73,-1,-1,-1
59,6,1064.62,447.73,106.27,245.83,0.99,-1,-1,-1
59,8,988.15,622.81,104.46,275.74,0.98,-1,-1,-1
59,9,734.81,315.99,37.83,76.60,0.99,-1,-1,-1
59,10,471.52,320.83,34.29,73.15,0.99,-1,-1,-1
59,5,337.03,312.84,37.57,89.14,1.00,-1,-1,-1
59,13,435.82,327.60,36.23,60.75,0.89,-1,-1,-1
60,1,909.41,380.44,82.08,139.85,1.00,-1,-1,-1
60,2,425.36,326.22,32.36,78.45,0.17,-1,-1,-1
60,3,717.27,341.52,54.44,116.65,1.00,-1,-1,-1
60,4,429.16,324.84,56.15,81.27,1.00,-1,-1,-1
60,6,1064.65,447.43,106.23,245.21,0.98,-1,-1,-1
60,8,988.17,622.80,104.46,275.02,0.98,-1,-1,-1
60,9,733.92,316.22,38.43,70.59,0.97,-1,-1,-1
60,10,471.84,319.57,34.64,74.18,0.99,-1,-1,-1
60,5,335.30,316.04,35.08,88.69,0.99,-1,-1,-1
61,1,907.46,381.34,82.23,139.53,1.00,-1,-1,-1
61,3,716.38,342.06,52.43,115.34,1.00,-1,-1,-1
61,4,429.91,324.11,55.27,82.40,1.00,-1,-1,-1
61,6,1064.66,447.77,106.21,244.53,0.99,-1,-1,-1
61,8,988.17,622.81,104.46,275.34,0.98,-1,-1,-1
61,9,732.70,316.47,39.24,69.81,0.98,-1,-1,-1
61,10,472.64,318.51,34.19,75.45,1.00,-1,-1,-1
61,5,334.40,318.90,34.14,89.35,0.99,-1,-1,-1
62,1,903.65,381.05,82.49,140.33,0.99,-1,-1,-1
62,3,714.88,340.92,49.85,115.16,1.00,-1,-1,-1
62,4,431.28,320.62,54.61,85.75,0.99,-1,-1,-1
62,6,1064.07,447.46,107.40,244.12,0.99,-1,-1,-1
62,8,988.77,622.82,103.26,271.89,0.96,-1,-1,-1
62,9,733.72,316.26,38.37,55.00,0.95,-1,-1,-1
62,10,471.50,316.34,35.86,77.99,0.99,-1,-1,-1
62,5,332.37,322.19,35.03,88.09,1.00,-1,-1,-1
62,2,429.42,321.79,28.95,82.86,0.78,-1,-1,-1
63,1,899.65,381.36,82.23,140.21,1.00,-1,-1,-1
63,3,714.37,340.66,48.29,115.10,1.00,-1,-1,-1
63,4,431.70,319.89,54.34,86.72,1.00,-1,-1,-1
63,6,1063.85,447.65,107.83,243.37,0.98,-1,-1,-1
63,8,988.99,622.82,102.80,272.36,0.98,-1,-1,-1
63,9,733.52,316.34,38.62,48.30,0.96,-1,-1,-1
63,10,470.82,315.37,37.06,78.37,0.99,-1,-1,-1
63,5,331.72,323.59,35.65,87.56,0.99,-1,-1,-1
63,2,429.12,320.55,32.27,84.47,0.67,-1,-1,-1
64,1,891.56,381.16,77.13,140.48,1.00,-1,-1,-1
64,3,713.03,341.47,48.35,115.38,1.00,-1,-1,-1
64,4,435.66,320.10,49.49,86.19,0.99,-1,-1,-1
64,6,1063.79,447.72,108.00,243.08,0.98,-1,-1,-1
64,8,989.11,623.12,102.64,270.16,0.96,-1,-1,-1
64,9,733.49,316.03,38.71,49.03,0.93,-1,-1,-1
64,10,472.40,315.17,36.94,78.78,0.99,-1,-1,-1
64,5,330.89,324.27,38.56,87.03,1.00,-1,-1,-1
64,2,430.08,320.72,35.35,84.76,0.96,-1,-1,-1
65,1,878.68,380.45,74.13,141.49,1.00,-1,-1,-1
65,3,711.96,341.93,47.79,115.20,1.00,-1,-1,-1
65,4,440.24,322.56,44.05,86.25,0.92,-1,-1,-1
65,6,1063.77,447.74,108.06,242.98,0.98,-1,-1,-1
65,8,989.14,623.22,102.58,270.53,0.98,-1,-1,-1
65,9,733.76,316.41,38.15,45.80,0.96,-1,-1,-1
65,10,473.05,315.69,37.49,78.63,0.99,-1,-1,-1
65,5,330.60,324.35,40.51,87.11,1.00,-1,-1,-1
65,2,430.34,320.52,37.40,85.73,0.97,-1,-1,-1
66,1,863.88,379.88,75.97,142.18,1.00,-1,-1,-1
66,3,711.32,343.31,47.60,113.95,1.00,-1,-1,-1
66,4,437.97,320.74,58.83,90.08,0.99,-1,-1,-1
66,6,1063.78,447.45,108.09,243.54,0.98,-1,-1,-1
66,8,989.17,623.26,102.58,270.67,0.98,-1,-1,-1
66,9,734.78,316.39,37.33,46.11,0.94,-1,-1,-1
66,10,472.46,316.66,42.42,78.55,0.99,-1,-1,-1
66,5,330.46,323.49,43.29,88.00,1.00,-1,-1,-1
66,2,432.51,319.18,42.95,88.43,0.95,-1,-1,-1
67,1,855.58,378.74,78.97,143.34,1.00,-1,-1,-1
67,3,710.79,343.06,48.14,114.38,1.00,-1,-1,-1
67,4,444.12,324.67,57.51,85.71,0.98,-1,-1,-1
67,6,1063.76,447.18,108.08,243.91,0.98,-1,-1,-1
67,8,989.15,623.26,102.57,270.75,0.98,-1,-1,-1
67,9,734.83,316.52,37.02,45.33,0.96,-1,-1,-1
67,10,472.77,317.30,45.93,78.51,0.99,-1,-1,-1
67,5,330.43,322.66,44.65,88.91,1.00,-1,-1,-1
67,2,434.83,322.29,42.46,85.95,0.96,-1,-1,-1
68,1,846.75,378.44,84.17,143.93,1.00,-1,-1,-1
68,3,709.43,341.47,48.95,115.75,1.00,-1,-1,-1
68,4,446.73,326.72,55.59,85.70,0.99,-1,-1,-1
68,6,1063.76,447.83,108.07,243.91,0.99,-1,-1,-1
68,8,989.13,623.27,102.56,269.60,0.98,-1,-1,-1
68,9,734.85,316.25,36.91,46.72,0.95,-1,-1,-1
68,10,475.45,317.69,45.65,78.78,0.99,-1,-1,-1
68,5,330.34,321.28,45.45,90.42,1.00,-1,-1,-1
68,2,438.67,321.47,39.42,87.31,0.97,-1,-1,-1
69,1,839.72,378.78,87.00,143.12,1.00,-1,-1,-1
69,3,708.03,340.58,48.67,115.97,1.00,-1,-1,-1
69,4,446.27,327.91,55.23,88.66,0.99,-1,-1,-1
69,6,1063.73,447.49,108.06,244.50,0.98,-1,-1,-1
69,8,988.50,622.98,103.75,269.77,0.96,-1,-1,-1
69,9,735.13,316.16,36.87,47.85,0.96,-1,-1,-1
69,10,475.12,317.39,46.64,78.87,1.00,-1,-1,-1
69,5,330.65,321.03,39.37,90.39,0.98,-1,-1,-1
69,2,440.47,321.76,37.69,86.92,0.90,-1,-1,-1
70,1,835.45,379.49,82.61,143.41,1.00,-1,-1,-1
70,3,704.87,338.76,52.16,115.76,1.00,-1,-1,-1
70,4,441.59,329.39,58.63,88.58,1.00,-1,-1,-1
70,6,1063.76,447.64,108.06,245.33,0.99,-1,-1,-1
70,8,988.89,623.16,103.03,268.67,0.96,-1,-1,-1
70,9,734.95,316.27,36.86,46.81,0.97,-1,-1,-1
70,10,478.47,316.39,43.54,79.49,0.99,-1,-1,-1
70,5,330.18,321.53,43.29,90.35,0.99,-1,-1,-1
71,1,833.82,380.21,75.96,142.18,1.00,-1,-1,-1
71,3,703.14,337.05,48.21,110.92,1.00,-1,-1,-1
71,4,440.41,329.52,59.02,89.12,1.00,-1,-1,-1
71,6,1063.16,447.43,109.24,245.63,0.98,-1,-1,-1
71,8,988.43,623.24,103.93,270.04,0.98,-1,-1,-1
71,9,734.58,316.33,37.46,45.87,0.96,-1,-1,-1
71,10,479.25,316.03,43.45,79.41,0.99,-1,-1,-1
71,5,330.27,322.91,46.61,88.83,1.00,-1,-1,-1
72,1,833.56,378.08,57.54,145.58,1.00,-1,-1,-1
72,3,701.02,335.51,44.16,112.41,1.00,-1,-1,-1
72,4,437.53,327.35,48.91,91.95,0.99,-1,-1,-1
72,6,1064.14,447.32,108.51,245.74,0.98,-1,-1,-1
72,8,988.86,622.96,103.10,270.56,0.99,-1,-1,-1
72,9,734.74,316.49,37.09,46.78,0.96,-1,-1,-1
72,10,481.31,315.00,42.23,80.26,0.99,-1,-1,-1
72,5,331.91,327.16,43.63,84.65,1.00,-1,-1,-1
72,2,445.75,322.01,32.34,80.87,0.92,-1,-1,-1
73,1,832.83,376.54,47.76,146.11,0.99,-1,-1,-1
73,3,699.40,335.85,43.31,112.06,1.00,-1,-1,-1
73,4,435.60,326.51,42.45,93.30,0.99,-1,-1,-1
73,6,1064.50,447.29,108.21,246.36,0.98,-1,-1,-1
73,8,989.02,622.85,102.76,271.36,0.99,-1,-1,-1
73,9,734.81,316.55,36.95,48.04,0.95,-1,-1,-1
73,10,482.70,314.47,41.74,80.86,0.99,-1,-1,-1
73,5,334.07,329.20,37.24,83.05,1.00,-1,-1,-1
73,2,446.73,322.28,29.77,80.46,0.90,-1,-1,-1
74,1,826.77,374.19,44.95,145.72,1.00,-1,-1,-1
74,3,697.66,335.88,42.42,111.95,0.99,-1,-1,-1
74,4,433.80,326.34,42.07,93.50,0.99,-1,-1,-1
74,6,1064.67,447.59,108.10,245.41,0.98,-1,-1,-1
74,8,989.10,622.82,102.65,271.07,0.99,-1,-1,-1
74,9,734.55,316.43,37.50,60.41,0.94,-1,-1,-1
74,10,484.11,316.65,42.16,79.02,1.00,-1,-1,-1
74,5,334.83,333.55,32.85,79.16,1.00,-1,-1,-1
74,2,449.08,323.43,29.48,84.85,0.97,-1,-1,-1
75,1,819.17,374.19,47.48,143.48,0.99,-1,-1,-1
75,3,696.76,335.60,42.12,112.51,0.99,-1,-1,-1
75,4,433.21,327.00,40.40,92.37,0.99,-1,-1,-1
75,6,1064.69,447.70,108.05,245.04,0.99,-1,-1,-1
75,8,989.10,622.80,102.59,272.15,0.99,-1,-1,-1
75,9,734.73,316.25,37.70,67.27,0.96,-1,-1,-1
75,10,483.13,317.04,45.86,79.18,0.99,-1,-1,-1
75,5,334.16,335.57,32.96,77.42,1.00,-1,-1,-1
75,2,452.90,323.83,27.55,86.15,0.98,-1,-1,-1
76,1,802.21,376.91,58.85,143.22,1.00,-1,-1,-1
76,3,694.98,335.97,42.65,111.84,0.99,-1,-1,-1
76,4,425.50,330.09,48.90,90.12,1.00,-1,-1,-1
76,6,1064.72,447.60,108.03,244.74,0.99,-1,-1,-1
76,8,989.71,622.81,102.59,271.96,0.99,-1,-1,-1
76,9,734.81,316.19,37.78,67.97,0.93,-1,-1,-1
76,10,486.50,319.88,46.66,77.76,1.00,-1,-1,-1
76,5,334.25,337.19,33.93,77.43,1.00,-1,-1,-1
76,2,455.25,323.28,28.94,86.65,0.99,-1,-1,-1
77,1,794.75,378.83,62.77,141.93,1.00,-1,-1,-1
77,3,694.07,335.84,42.86,111.60,1.00,-1,-1,-1
77,4,420.66,332.60,53.96,87.75,1.00,-1,-1,-1
77,6,1064.71,447.72,108.02,244.19,0.99,-1,-1,-1
77,8,989.92,622.52,102.58,273.07,0.99,-1,-1,-1
77,9,734.83,316.31,37.81,66.47,0.89,-1,-1,-1
77,10,488.42,319.75,48.12,78.71,1.00,-1,-1,-1
77,5,334.30,338.63,34.90,76.56,1.00,-1,-1,-1
77,2,456.02,322.90,30.32,86.54,0.98,-1,-1,-1
78,1,788.06,384.03,64.42,139.65,1.00,-1,-1,-1
78,3,693.52,334.60,42.36,111.81,0.99,-1,-1,-1
78,4,418.17,334.60,56.62,85.64,1.00,-1,-1,-1
78,6,1064.74,448.03,108.03,243.97,0.97,-1,-1,-1
78,8,990.04,622.68,102.59,272.88,0.99,-1,-1,-1
78,9,735.16,316.35,37.22,56.78,0.93,-1,-1,-1
78,10,489.18,319.71,50.41,79.35,1.00,-1,-1,-1
78,5,335.27,341.39,34.98,74.75,1.00,-1,-1,-1
78,2,457.74,322.47,31.75,85.90,0.98,-1,-1,-1
79,1,785.13,387.75,63.86,137.30,1.00,-1,-1,-1
79,3,692.76,332.95,42.18,112.49,1.00,-1,-1,-1
79,4,417.50,335.58,57.09,84.56,1.00,-1,-1,-1
79,6,1064.73,448.45,108.01,243.89,0.97,-1,-1,-1
79,8,990.06,622.75,102.58,272.81,0.99,-1,-1,-1
79,9,734.69,316.35,37.60,64.24,0.92,-1,-1,-1
79,10,490.60,319.21,50.70,79.89,0.99,-1,-1,-1
79,5,335.65,343.22,37.11,73.21,0.99,-1,-1,-1
79,2,459.20,322.13,37.59,85.35,0.99,-1,-1,-1
80,1,784.63,388.77,60.64,136.14,1.00,-1,-1,-1
80,3,691.06,330.97,42.13,111.26,1.00,-1,-1,-1
80,4,417.67,336.17,57.21,84.17,1.00,-1,-1,-1
80,6,1064.12,448.13,107.99,243.99,0.99,-1,-1,-1
80,8,990.04,622.71,102.56,272.75,0.99,-1,-1,-1
80,9,734.53,316.32,37.73,68.37,0.95,-1,-1,-1
80,10,494.97,318.97,47.85,80.67,1.00,-1,-1,-1
80,5,336.46,344.08,41.10,72.67,0.99,-1,-1,-1
80,2,458.30,322.41,45.17,86.92,1.00,-1,-1,-1
81,1,785.11,387.93,58.16,136.94,1.00,-1,-1,-1
81,3,690.47,329.81,42.12,111.11,1.00,-1,-1,-1
81,4,418.34,336.68,57.52,83.74,1.00,-1,-1,-1
81,6,1064.51,448.47,107.99,243.90,0.98,-1,-1,-1
81,8,990.06,622.44,102.56,272.74,0.99,-1,-1,-1
81,9,734.77,316.32,37.19,60.61,0.94,-1,-1,-1
81,10,497.81,318.45,45.50,81.27,0.99,-1,-1,-1
81,5,336.73,344.51,44.91,73.43,1.00,-1,-1,-1
81,2,459.65,322.68,47.58,86.63,1.00,-1,-1,-1
82,1,784.66,386.54,56.62,136.79,1.00,-1,-1,-1
82,3,689.43,329.57,41.54,109.85,0.99,-1,-1,-1
82,4,420.18,337.91,48.27,81.18,0.99,-1,-1,-1
82,6,1065.24,448.58,106.80,243.24,0.99,-1,-1,-1
82,8,990.07,622.60,102.56,272.69,0.98,-1,-1,-1
82,9,735.19,316.48,36.98,53.84,0.94,-1,-1,-1
82,10,501.60,317.67,42.19,81.47,0.99,-1,-1,-1
82,5,336.94,344.19,52.62,74.32,0.99,-1,-1,-1
82,2,457.13,323.55,51.36,86.20,1.00,-1,-1,-1
83,1,782.56,385.86,57.86,136.63,1.00,-1,-1,-1
83,3,689.35,330.27,40.73,108.80,0.99,-1,-1,-1
83,4,424.25,338.51,42.05,79.34,1.00,-1,-1,-1
83,6,1065.52,448.51,106.36,243.47,0.99,-1,-1,-1
83,8,990.07,622.72,102.58,271.53,0.99,-1,-1,-1
83,9,735.30,316.56,36.91,48.88,0.95,-1,-1,-1
83,10,503.77,316.95,41.58,82.14,0.99,-1,-1,-1
83,5,337.33,343.89,55.94,76.48,0.99,-1,-1,-1
83,2,457.10,323.44,52.02,86.65,1.00,-1,-1,-1
84,1,777.46,386.35,62.47,135.24,1.00,-1,-1,-1
84,3,689.37,334.33,40.45,104.53,1.00,-1,-1,-1
84,4,429.05,339.47,37.54,80.21,0.99,-1,-1,-1
84,6,1065.62,448.34,106.20,243.71,0.99,-1,-1,-1
84,8,990.06,622.78,102.58,270.48,0.99,-1,-1,-1
84,9,735.05,316.76,37.48,46.23,0.96,-1,-1,-1
84,10,506.02,317.14,41.97,82.38,1.00,-1,-1,-1
84,5,343.51,343.62,53.11,79.96,1.00,-1,-1,-1
84,2,462.57,322.98,46.98,87.40,0.99,-1,-1,-1
85,1,773.03,387.55,65.92,134.29,1.00,-1,-1,-1
85,3,689.11,336.93,40.96,102.04,1.00,-1,-1,-1
85,4,432.27,340.69,34.79,78.45,0.99,-1,-1,-1
85,6,1065.66,448.28,106.14,243.81,0.99,-1,-1,-1
85,8,989.46,622.81,102.58,271.88,0.98,-1,-1,-1
85,9,734.96,316.82,37.69,45.36,0.97,-1,-1,-1
85,10,511.29,317.65,39.73,81.87,0.99,-1,-1,-1
85,5,353.37,343.48,46.28,80.99,1.00,-1,-1,-1
85,2,470.07,321.17,40.04,89.46,0.98,-1,-1,-1
86,1,771.73,390.98,68.41,131.57,1.00,-1,-1,-1
86,3,687.85,338.34,42.35,101.17,0.99,-1,-1,-1
86,4,432.81,340.80,37.32,78.12,0.99,-1,-1,-1
86,6,1065.67,448.12,106.12,244.00,0.98,-1,-1,-1
86,8,989.83,622.83,102.58,270.64,0.99,-1,-1,-1
86,9,734.62,316.85,37.77,45.71,0.97,-1,-1,-1
86,10,515.93,318.89,43.18,81.67,0.99,-1,-1,-1
86,5,361.02,343.53,43.79,81.68,0.99,-1,-1,-1
86,2,478.36,320.62,35.47,89.94,0.99,-1,-1,-1
87,1,771.69,392.82,69.94,129.97,1.00,-1,-1,-1
87,3,686.83,339.42,43.47,100.28,0.99,-1,-1,-1
87,4,429.24,340.80,43.43,78.62,0.99,-1,-1,-1
87,6,1065.69,448.02,106.13,244.07,0.98,-1,-1,-1
87,8,989.98,622.80,102.58,270.16,0.99,-1,-1,-1
87,9,734.51,316.98,37.80,45.57,0.97,-1,-1,-1
87,10,518.75,319.78,44.38,81.29,0.99,-1,-1,-1
87,5,364.91,343.35,44.12,82.52,0.99,-1,-1,-1
87,2,481.46,321.28,34.52,89.22,0.99,-1,-1,-1
88,1,771.28,394.38,75.73,128.21,1.00,-1,-1,-1
88,3,686.50,340.12,43.90,99.69,0.99,-1,-1,-1
88,4,430.10,341.70,48.38,84.81,1.00,-1,-1,-1
88,6,1065.73,447.84,106.15,244.55,0.98,-1,-1,-1
88,8,990.09,622.80,102.60,269.99,0.99,-1,-1,-1
88,9,734.49,316.89,37.82,45.55,0.97,-1,-1,-1
88,10,521.52,320.73,48.37,80.24,0.99,-1,-1,-1
88,5,372.08,342.56,44.24,85.77,1.00,-1,-1,-1
88,2,484.62,322.17,34.21,88.34,0.99,-1,-1,-1
89,1,771.17,395.05,80.76,127.74,1.00,-1,-1,-1
89,3,685.21,340.34,45.24,99.51,1.00,-1,-1,-1
89,4,428.87,342.72,52.22,86.22,1.00,-1,-1,-1
89,6,1065.72,447.75,106.15,245.32,0.98,-1,-1,-1
89,8,990.10,622.78,102.60,269.93,0.99,-1,-1,-1
89,9,734.47,316.99,37.82,45.88,0.96,-1,-1,-1
89,10,523.95,321.95,50.45,80.74,1.00,-1,-1,-1
89,5,375.30,342.22,47.83,86.41,0.99,-1,-1,-1
89,2,485.32,322.63,36.55,87.70,0.99,-1,-1,-1
90,1,771.24,394.21,85.56,128.66,1.00,-1,-1,-1
90,3,685.34,339.65,44.58,100.98,0.99,-1,-1,-1
90,4,436.29,343.98,47.53,85.30,1.00,-1,-1,-1
90,6,1065.73,448.01,106.17,245.02,0.98,-1,-1,-1
90,8,990.12,622.78,102.61,270.52,0.99,-1,-1,-1
90,9,734.47,316.87,37.82,46.02,0.96,-1,-1,-1
90,10,528.28,323.44,47.82,79.14,1.00,-1,-1,-1
90,5,389.00,343.10,43.40,89.86,0.99,-1,-1,-1
90,2,488.19,324.59,36.22,84.48,0.99,-1,-1,-1
91,1,771.08,392.81,88.57,130.08,1.00,-1,-1,-1
91,3,685.43,339.23,44.32,101.85,0.99,-1,-1,-1
91,4,438.36,344.87,47.70,85.22,1.00,-1,-1,-1
91,6,1065.73,447.81,106.18,245.49,0.98,-1,-1,-1
91,8,990.13,622.77,102.62,270.15,0.99,-1,-1,-1
91,9,734.47,316.97,37.82,46.09,0.97,-1,-1,-1
91,10,531.34,324.28,44.91,78.23,0.99,-1,-1,-1
91,5,399.61,343.71,38.13,91.44,0.99,-1,-1,-1
91,2,490.06,325.48,36.08,82.95,0.99,-1,-1,-1
92,1,772.24,389.29,87.42,132.42,1.00,-1,-1,-1
92,3,685.47,339.06,44.20,102.20,1.00,-1,-1,-1
92,4,444.54,346.35,44.95,85.18,1.00,-1,-1,-1
92,6,1064.50,448.05,107.36,245.07,0.99,-1,-1,-1
92,8,989.49,623.07,102.60,268.82,0.99,-1,-1,-1
92,9,734.45,316.56,37.82,49.13,0.93,-1,-1,-1
92,10,534.16,321.27,44.40,81.50,1.00,-1,-1,-1
92,5,408.27,344.94,38.40,95.22,0.99,-1,-1,-1
92,2,494.23,323.99,33.03,81.50,0.99,-1,-1,-1
93,1,772.55,387.36,89.76,133.91,1.00,-1,-1,-1
93,3,686.11,338.54,44.16,102.65,1.00,-1,-1,-1
93,4,448.23,347.78,44.31,86.05,1.00,-1,-1,-1
93,6,1064.06,448.14,107.81,244.92,0.99,-1,-1,-1
93,8,989.27,622.90,102.61,268.93,0.99,-1,-1,-1
93,9,734.45,316.41,37.81,50.26,0.92,-1,-1,-1
93,10,533.91,320.74,46.61,82.41,1.00,-1,-1,-1
93,5,413.38,346.27,38.49,95.79,0.99,-1,-1,-1
93,2,496.57,322.06,31.86,82.79,0.99,-1,-1,-1
94,1,787.97,385.60,80.26,136.10,1.00,-1,-1,-1
94,3,686.37,338.49,44.74,102.83,0.99,-1,-1,-1
94,4,454.04,350.21,44.36,84.60,1.00,-1,-1,-1
94,6,1063.88,447.58,107.98,244.85,0.99,-1,-1,-1
94,8,989.77,623.12,102.60,267.78,0.99,-1,-1,-1
94,9,734.44,316.36,37.81,50.40,0.96,-1,-1,-1
94,10,539.62,321.13,44.50,82.16,1.00,-1,-1,-1
94,5,420.66,348.53,38.23,88.37,0.99,-1,-1,-1
94,2,498.84,318.98,32.70,83.87,0.99,-1,-1,-1
95,1,802.94,384.33,70.76,139.00,1.00,-1,-1,-1
95,3,686.49,338.75,45.54,102.91,0.99,-1,-1,-1
95,4,447.94,351.83,56.75,84.63,0.99,-1,-1,-1
95,6,1063.82,447.66,108.04,244.23,0.99,-1,-1,-1
95,8,989.37,622.91,102.61,267.95,0.99,-1,-1,-1
95,9,734.44,316.33,37.81,51.33,0.95,-1,-1,-1
95,10,543.23,323.05,48.46,79.69,0.99,-1,-1,-1
95,5,424.64,350.88,42.38,81.13,0.99,-1,-1,-1
95,2,501.38,318.11,34.20,84.00,1.00,-1,-1,-1
96,1,819.35,382.42,61.61,139.79,0.99,-1,-1,-1
96,3,686.24,340.66,47.02,104.13,0.99,-1,-1,-1
96,4,445.36,352.72,67.07,88.20,0.99,-1,-1,-1
96,6,1063.78,447.57,108.05,244.43,0.99,-1,-1,-1
96,8,989.79,622.84,102.60,268.02,0.99,-1,-1,-1
96,9,734.44,316.35,37.81,50.21,0.95,-1,-1,-1
96,10,547.41,325.00,52.75,78.13,1.00,-1,-1,-1
96,5,425.66,353.88,46.32,87.06,0.99,-1,-1,-1
96,2,504.03,317.53,38.90,82.86,1.00,-1,-1,-1
97,1,828.25,381.99,57.78,138.02,1.00,-1,-1,-1
97,3,685.29,341.51,50.50,104.30,0.99,-1,-1,-1
97,4,446.36,352.60,70.41,90.11,0.99,-1,-1,-1
97,6,1063.80,447.67,108.06,244.07,0.99,-1,-1,-1
97,8,989.39,622.81,102.61,268.06,0.99,-1,-1,-1
97,9,734.44,316.50,37.81,48.88,0.96,-1,-1,-1
97,10,549.84,326.31,53.86,77.26,1.00,-1,-1,-1
97,5,424.05,355.79,51.15,88.22,0.99,-1,-1,-1
97,2,505.59,318.38,43.49,81.24,1.00,-1,-1,-1
98,1,839.58,382.77,57.19,138.51,0.99,-1,-1,-1
98,3,684.31,347.03,62.70,100.82,0.99,-1,-1,-1
98,4,456.99,352.08,61.71,91.72,1.00,-1,-1,-1
98,6,1063.76,447.90,108.05,243.50,0.99,-1,-1,-1
98,8,989.18,622.84,102.60,268.69,0.99,-1,-1,-1
98,9,734.39,316.42,37.81,48.37,0.95,-1,-1,-1
98,10,554.38,326.79,50.23,76.65,1.00,-1,-1,-1
98,5,437.70,357.83,42.52,87.47,0.98,-1,-1,-1
98,2,507.20,322.34,47.56,77.04,1.00,-1,-1,-1
99,1,846.48,384.83,62.62,137.80,1.00,-1,-1,-1
99,3,684.52,350.31,70.05,100.09,1.00,-1,-1,-1
99,4,464.23,351.83,55.95,92.31,0.99,-1,-1,-1
99,6,1063.80,447.82,108.05,243.14,0.99,-1,-1,-1
99,8,989.74,622.84,102.61,268.34,0.99,-1,-1,-1
99,9,734.42,316.53,37.81,46.99,0.97,-1,-1,-1
99,10,557.24,327.23,48.11,76.13,1.00,-1,-1,-1
99,5,445.57,359.43,36.86,86.27,0.97,-1,-1,-1
99,2,509.51,324.74,47.53,75.18,0.99,-1,-1,-1
100,1,853.24,389.77,78.69,133.66,1.00,-1,-1,-1
100,3,684.29,349.66,74.26,103.12,1.00,-1,-1,-1
100,4,470.09,351.23,58.01,93.40,0.99,-1,-1,-1
100,6,1063.77,448.07,108.04,243.02,0.99,-1,-1,-1
100,8,990.50,622.82,101.41,268.82,0.99,-1,-1,-1
100,9,734.38,316.55,37.81,46.78,0.96,-1,-1,-1
100,10,559.64,326.59,45.50,76.86,1.00,-1,-1,-1
100,5,452.10,359.95,36.79,86.11,0.98,-1,-1,-1
100,2,507.12,326.78,50.90,76.07,1.00,-1,-1,-1
101,1,856.46,394.97,85.75,128.47,0.99,-1,-1,-1
101,3,683.99,349.71,75.96,104.55,1.00,-1,-1,-1
101,4,474.53,351.00,58.73,94.38,0.98,-1,-1,-1
101,6,1063.80,448.33,108.04,243.42,0.99,-1,-1,-1
101,8,990.24,622.83,102.16,268.99,0.99,-1,-1,-1
101,9,734.42,316.57,37.81,47.01,0.97,-1,-1,-1
101,10,560.43,325.92,45.14,77.44,0.99,-1,-1,-1
101,5,454.88,360.12,38.59,85.45,0.97,-1,-1,-1
101,2,507.07,327.24,51.06,74.32,0.98,-1,-1,-1
102,1,857.75,401.41,90.12,120.49,1.00,-1,-1,-1
102,3,684.37,347.58,78.26,106.87,1.00,-1,-1,-1
102,4,483.11,353.78,61.89,93.85,0.98,-1,-1,-1
102,6,1064.95,448.55,106.85,242.54,0.99,-1,-1,-1
102,8,989.48,622.51,102.44,270.86,0.98,-1,-1,-1
102,9,734.66,316.85,37.81,45.62,0.95,-1,-1,-1
102,10,562.66,323.67,42.60,79.45,0.99,-1,-1,-1
102,5,453.77,358.75,54.22,87.29,0.99,-1,-1,-1
102,2,502.28,325.97,55.09,75.21,0.99,-1,-1,-1
103,1,857.85,405.14,92.12,116.51,1.00,-1,-1,-1
103,3,686.30,347.23,77.99,107.15,1.00,-1,-1,-1
103,4,489.30,356.21,60.20,93.02,0.98,-1,-1,-1
103,6,1065.43,448.35,106.39,242.19,0.99,-1,-1,-1
103,8,989.24,622.70,102.55,270.35,0.99,-1,-1,-1
103,9,733.62,316.23,39.00,73.21,0.91,-1,-1,-1
103,10,563.42,322.87,41.65,80.50,1.00,-1,-1,-1
103,5,456.79,357.52,58.06,89.44,0.99,-1,-1,-1
103,2,498.53,324.64,57.18,76.15,0.99,-1,-1,-1
104,1,857.68,408.09,92.83,115.01,1.00,-1,-1,-1
104,3,698.55,344.40,64.57,109.91,1.00,-1,-1,-1
104,4,496.59,358.13,61.21,87.94,0.98,-1,-1,-1
104,6,1065.00,448.28,106.23,242.08,0.99,-1,-1,-1
104,8,989.13,622.48,102.59,271.36,0.98,-1,-1,-1
104,9,733.80,316.03,39.44,78.63,0.96,-1,-1,-1
104,10,564.17,322.69,41.33,80.31,0.99,-1,-1,-1
104,5,466.37,357.44,51.95,89.96,0.99,-1,-1,-1
104,2,492.66,321.59,48.33,78.62,0.99,-1,-1,-1
105,1,857.70,409.52,92.15,114.08,1.00,-1,-1,-1
105,3,707.97,342.27,54.45,111.81,0.99,-1,-1,-1
105,4,498.34,359.38,59.21,88.39,0.97,-1,-1,-1
105,6,1065.39,448.52,106.16,242.04,0.99,-1,-1,-1
105,8,989.05,622.67,102.59,269.35,0.99,-1,-1,-1
105,9,733.85,316.04,39.60,79.94,0.99,-1,-1,-1
105,10,563.44,322.60,42.44,79.93,0.99,-1,-1,-1
105,5,472.53,357.65,46.69,84.54,0.94,-1,-1,-1
105,2,488.83,319.37,43.80,80.73,0.99,-1,-1,-1
106,1,856.94,409.95,92.37,113.21,1.00,-1,-1,-1
106,3,715.96,340.42,54.06,113.40,0.99,-1,-1,-1
106,4,498.50,361.00,72.09,93.02,0.99,-1,-1,-1
106,6,1065.50,448.46,106.14,242.47,0.99,-1,-1,-1
106,8,989.00,622.74,102.59,269.17,0.99,-1,-1,-1
106,9,734.13,316.04,39.07,79.49,0.99,-1,-1,-1
106,10,563.38,322.57,44.05,79.48,1.00,-1,-1,-1
106,5,475.19,358.91,47.68,88.77,0.96,-1,-1,-1
106,2,482.21,318.09,43.43,80.66,0.99,-1,-1,-1
107,1,856.27,408.70,92.10,115.23,1.00,-1,-1,-1
107,3,720.39,339.59,52.11,113.98,0.99,-1,-1,-1
107,4,508.04,364.54,67.33,91.53,0.99,-1,-1,-1
107,6,1065.57,448.45,106.14,242.64,0.99,-1,-1,-1
107,8,989.02,622.78,102.60,269.70,0.99,-1,-1,-1
107,9,734.28,316.22,38.86,80.91,0.99,-1,-1,-1
107,10,563.92,321.70,45.25,80.20,1.00,-1,-1,-1
107,5,476.44,359.53,52.13,90.27,0.93,-1,-1,-1
107,2,479.34,317.65,43.30,77.66,0.99,-1,-1,-1
108,1,855.00,405.36,92.80,119.15,1.00,-1,-1,-1
108,3,724.04,340.18,55.10,113.88,1.00,-1,-1,-1
108,4,501.07,367.52,76.78,89.72,0.99,-1,-1,-1
108,6,1065.58,448.61,106.15,242.85,0.99,-1,-1,-1
108,8,989.02,623.10,102.60,269.89,0.99,-1,-1,-1
108,9,734.62,316.31,38.18,81.39,0.99,-1,-1,-1
108,10,562.59,320.65,48.07,81.06,0.99,-1,-1,-1
108,5,486.81,362.57,45.84,86.72,0.93,-1,-1,-1
108,2,477.71,319.04,39.05,81.02,0.99,-1,-1,-1
109,1,852.94,403.17,93.31,122.14,1.00,-1,-1,-1
109,3,726.76,341.44,58.54,113.52,0.99,-1,-1,-1
109,4,500.00,369.47,78.54,88.43,1.00,-1,-1,-1
109,6,1065.58,448.36,106.15,243.54,0.99,-1,-1,-1
109,8,989.60,622.93,102.60,270.58,0.99,-1,-1,-1
109,9,734.44,316.32,38.52,80.92,0.99,-1,-1,-1
109,10,564.06,319.65,47.40,81.68,1.00,-1,-1,-1
109,5,494.16,365.94,46.68,87.12,0.28,-1,-1,-1
109,2,475.58,322.89,39.29,77.85,0.92,-1,-1,-1
110,1,850.01,400.09,93.73,125.21,1.00,-1,-1,-1
110,3,732.68,345.00,61.60,111.29,1.00,-1,-1,-1
110,4,504.54,369.20,74.03,89.15,1.00,-1,-1,-1
110,6,1064.99,448.41,106.15,243.66,0.99,-1,-1,-1
110,8,990.42,622.85,101.40,269.65,0.99,-1,-1,-1
110,9,734.68,316.45,38.05,61.55,0.98,-1,-1,-1
110,10,565.18,319.10,47.10,81.91,1.00,-1,-1,-1
110,5,496.39,367.72,48.74,88.75,0.92,-1,-1,-1
110,2,463.03,322.29,51.52,75.99,0.98,-1,-1,-1
111,1,846.74,397.45,90.62,128.15,1.00,-1,-1,-1
111,3,736.62,347.29,63.94,110.41,0.99,-1,-1,-1
111,4,502.97,368.05,76.79,90.90,1.00,-1,-1,-1
111,6,1065.36,448.44,106.16,243.70,0.99,-1,-1,-1
111,8,990.74,622.84,100.96,268.70,0.99,-1,-1,-1
111,9,734.46,316.38,37.87,54.65,0.98,-1,-1,-1
111,10,565.55,319.24,46.99,81.99,1.00,-1,-1,-1
111,5,498.26,369.12,50.67,88.48,0.93,-1,-1,-1
111,2,462.14,323.00,47.58,74.71,0.95,-1,-1,-1
112,1,840.98,395.58,89.06,130.14,1.00,-1,-1,-1
112,3,743.32,348.77,60.79,109.47,0.99,-1,-1,-1
112,4,510.49,367.49,72.60,85.65,0.98,-1,-1,-1
112,6,1065.57,448.30,106.20,243.26,0.99,-1,-1,-1
112,8,989.15,622.85,103.22,271.32,0.97,-1,-1,-1
112,9,734.42,316.39,38.41,50.57,0.98,-1,-1,-1
112,10,564.20,321.14,52.27,81.12,1.00,-1,-1,-1
112,5,495.97,372.19,67.07,88.96,0.98,-1,-1,-1
112,2,452.63,322.57,55.67,76.66,1.00,-1,-1,-1
113,1,836.94,393.98,81.57,131.77,1.00,-1,-1,-1
113,3,746.93,349.72,58.25,109.12,0.99,-1,-1,-1
113,4,512.12,368.67,66.63,85.42,0.87,-1,-1,-1
113,6,1065.57,448.25,106.19,243.10,0.99,-1,-1,-1
113,8,988.47,623.14,104.04,271.12,0.97,-1,-1,-1
113,9,734.35,316.69,39.20,51.44,0.95,-1,-1,-1
113,10,563.37,323.02,55.34,79.59,1.00,-1,-1,-1
113,5,493.41,372.97,78.94,91.20,0.98,-1,-1,-1
113,2,448.70,322.96,58.14,77.09,1.00,-1,-1,-1
114,1,831.40,391.34,72.50,134.13,0.99,-1,-1,-1
114,3,748.46,349.34,57.89,109.57,1.00,-1,-1,-1
114,4,509.58,373.16,78.36,94.35,0.98,-1,-1,-1
114,6,1065.61,448.10,106.20,243.18,0.99,-1,-1,-1
114,8,988.26,623.27,104.36,271.03,0.97,-1,-1,-1
114,9,734.37,317.12,38.32,46.53,0.98,-1,-1,-1
114,10,562.19,328.86,58.27,73.02,1.00,-1,-1,-1
114,5,480.67,374.72,80.40,86.16,0.93,-1,-1,-1
114,2,445.42,322.10,52.75,78.44,0.99,-1,-1,-1
115,1,827.17,389.75,61.65,135.60,1.00,-1,-1,-1
115,3,748.89,349.44,58.95,109.45,1.00,-1,-1,-1
115,4,515.23,377.05,76.73,97.29,0.99,-1,-1,-1
115,6,1065.60,448.03,106.20,243.22,0.99,-1,-1,-1
115,8,988.74,623.30,103.28,270.40,0.96,-1,-1,-1
115,9,734.35,316.93,37.98,45.70,0.98,-1,-1,-1
115,10,559.39,331.19,61.68,71.15,1.00,-1,-1,-1
115,5,484.51,377.25,74.13,94.29,0.98,-1,-1,-1
115,2,442.81,319.97,48.55,80.44,0.99,-1,-1,-1
116,1,820.18,387.69,58.65,137.31,0.99,-1,-1,-1
116,3,747.46,350.34,59.93,109.11,1.00,-1,-1,-1
116,4,517.77,383.04,75.90,94.52,0.99,-1,-1,-1
116,6,1066.18,447.85,106.20,243.09,0.99,-1,-1,-1
116,8,988.92,623.61,102.86,270.77,0.96,-1,-1,-1
116,9,734.33,316.86,37.85,44.84,0.98,-1,-1,-1
116,10,557.11,333.34,63.57,69.91,0.99,-1,-1,-1
116,5,493.53,382.32,62.53,93.27,0.96,-1,-1,-1
116,2,438.63,317.53,38.45,82.66,0.99,-1,-1,-1
117,1,814.82,386.62,60.97,138.23,1.00,-1,-1,-1
117,3,746.20,352.58,60.88,106.90,1.00,-1,-1,-1
117,4,517.46,385.74,74.92,97.69,0.98,-1,-1,-1
117,6,1066.39,447.93,106.18,243.20,0.99,-1,-1,-1
117,8,988.97,623.42,102.69,271.50,0.98,-1,-1,-1
117,9,734.31,316.97,37.80,44.28,0.98,-1,-1,-1
117,10,555.32,336.80,63.71,66.76,0.99,-1,-1,-1
117,5,495.36,386.02,59.01,91.05,0.98,-1,-1,-1
117,2,435.44,315.40,33.90,85.26,0.99,-1,-1,-1
118,1,806.00,384.78,68.53,140.31,1.00,-1,-1,-1
118,3,745.32,353.12,60.64,106.66,0.99,-1,-1,-1
118,4,514.86,389.19,75.10,106.00,0.99,-1,-1,-1
118,6,1066.45,448.12,106.19,243.69,0.99,-1,-1,-1
118,8,988.98,623.35,102.63,271.18,0.98,-1,-1,-1
118,9,734.59,317.01,37.19,43.82,0.98,-1,-1,-1
118,10,548.22,336.02,65.45,68.42,0.99,-1,-1,-1
118,5,492.28,389.90,60.21,89.72,0.98,-1,-1,-1
118,2,430.80,315.92,32.99,85.67,0.97,-1,-1,-1
119,1,798.19,383.69,75.33,141.21,1.00,-1,-1,-1
119,3,744.00,351.81,62.31,110.02,0.99,-1,-1,-1
119,4,513.52,392.36,75.14,109.85,0.99,-1,-1,-1
119,6,1066.47,448.04,106.20,243.42,0.99,-1,-1,-1
119,8,989.00,623.33,102.61,271.64,0.98,-1,-1,-1
119,9,734.40,316.89,37.56,44.31,0.97,-1,-1,-1
119,10,543.47,335.90,53.99,70.83,0.98,-1,-1,-1
119,5,483.45,393.24,68.31,85.18,0.98,-1,-1,-1
119,2,427.03,317.06,34.47,84.91,0.99,-1,-1,-1
120,1,794.69,382.39,74.56,142.98,1.00,-1,-1,-1
120,3,743.50,349.51,62.34,116.56,0.99,-1,-1,-1
120,4,512.41,399.10,77.48,107.17,0.99,-1,-1,-1
120,6,1066.49,447.99,106.18,243.30,0.99,-1,-1,-1
120,8,989.01,623.28,102.59,270.61,0.98,-1,-1,-1
120,9,734.66,316.67,37.70,46.34,0.97,-1,-1,-1
120,10,536.30,335.63,47.79,71.75,0.99,-1,-1,-1
120,5,477.39,398.29,61.16,95.00,0.91,-1,-1,-1
120,2,422.35,319.40,36.82,85.48,0.99,-1,-1,-1
121,1,792.32,381.69,71.86,143.33,1.00,-1,-1,-1
121,3,743.20,349.26,64.70,120.79,0.98,-1,-1,-1
121,4,508.38,404.10,81.28,103.35,1.00,-1,-1,-1
121,6,1066.49,448.31,106.21,243.57,0.99,-1,-1,-1
121,8,987.83,623.33,103.80,270.83,0.98,-1,-1,-1
121,9,735.01,316.64,37.16,46.80,0.98,-1,-1,-1
121,10,530.40,335.25,48.85,72.12,0.99,-1,-1,-1
121,5,470.96,402.88,63.32,96.85,0.95,-1,-1,-1
121,2,418.13,320.96,38.60,85.09,0.99,-1,-1,-1
122,1,791.66,380.11,62.38,143.27,1.00,-1,-1,-1
122,3,741.34,351.45,70.23,125.03,0.99,-1,-1,-1
122,4,499.62,410.31,89.64,96.77,0.98,-1,-1,-1
122,6,1066.50,448.27,106.19,243.82,0.99,-1,-1,-1
122,8,987.39,623.02,104.23,269.12,0.96,-1,-1,-1
122,9,734.89,316.59,36.96,47.89,0.98,-1,-1,-1
122,10,520.33,335.78,52.82,69.30,0.98,-1,-1,-1
122,5,466.99,407.75,81.10,95.51,0.94,-1,-1,-1
122,2,410.97,324.90,40.17,80.78,1.00,-1,-1,-1
123,1,791.41,378.36,53.71,144.40,1.00,-1,-1,-1
123,3,738.89,352.87,74.05,126.35,0.99,-1,-1,-1
123,4,498.19,414.17,90.60,93.18,0.98,-1,-1,-1
123,6,1066.50,448.25,106.20,243.92,0.99,-1,-1,-1
123,8,987.24,623.20,104.40,268.49,0.96,-1,-1,-1
123,9,734.83,316.72,36.89,48.02,0.98,-1,-1,-1
123,10,514.91,335.03,55.45,70.05,0.99,-1,-1,-1
123,5,464.13,411.45,84.37,94.50,0.94,-1,-1,-1
123,2,405.83,325.36,39.89,80.31,1.00,-1,-1,-1
124,1,787.69,376.83,44.95,142.13,0.99,-1,-1,-1
124,3,735.62,355.00,64.68,126.07,0.99,-1,-1,-1
124,4,481.49,416.63,103.01,89.74,0.99,-1,-1,-1
124,6,1066.49,447.93,106.18,243.94,0.99,-1,-1,-1
124,8,987.18,623.24,104.44,268.23,0.96,-1,-1,-1
124,9,734.53,316.60,37.46,49.26,0.98,-1,-1,-1
124,10,510.04,333.67,55.87,73.02,0.99,-1,-1,-1
124,5,453.84,414.77,86.32,107.15,0.83,-1,-1,-1
124,2,398.74,329.67,43.62,77.14,0.99,-1,-1,-1
125,1,785.36,376.01,41.56,147.75,0.99,-1,-1,-1
125,3,732.06,356.41,63.06,125.02,1.00,-1,-1,-1
125,4,459.91,417.72,117.15,88.49,0.54,-1,-1,-1
125,6,1066.50,448.10,106.19,243.94,0.99,-1,-1,-1
125,8,987.18,623.26,104.46,267.55,0.97,-1,-1,-1
125,9,734.42,316.58,37.68,49.43,0.98,-1,-1,-1
125,10,506.83,332.60,56.02,78.53,0.99,-1,-1,-1
125,5,444.14,417.73,113.02,115.12,0.98,-1,-1,-1
125,2,394.85,327.05,46.14,79.90,1.00,-1,-1,-1
126,1,777.51,376.44,47.22,151.14,0.99,-1,-1,-1
126,3,729.01,357.20,64.90,124.57,1.00,-1,-1,-1
126,6,1066.49,447.86,106.19,244.53,0.99,-1,-1,-1
126,8,987.77,622.95,103.27,267.30,0.97,-1,-1,-1
126,9,734.38,316.55,37.76,49.79,0.98,-1,-1,-1
126,10,502.79,334.61,47.20,79.76,0.99,-1,-1,-1
126,5,430.22,422.19,121.51,117.19,1.00,-1,-1,-1
126,2,391.47,325.48,47.99,85.33,1.00,-1,-1,-1
127,1,771.41,376.82,52.49,151.69,1.00,-1,-1,-1
127,3,726.72,357.65,64.98,126.88,0.99,-1,-1,-1
127,6,1066.50,447.79,106.20,244.17,0.99,-1,-1,-1
127,8,987.42,623.17,104.02,267.23,0.96,-1,-1,-1
127,9,734.35,316.56,37.79,51.11,0.98,-1,-1,-1
127,10,498.37,335.87,42.34,77.02,0.98,-1,-1,-1
127,5,419.04,427.20,116.36,114.91,0.98,-1,-1,-1
127,2,390.10,325.20,48.41,87.68,1.00,-1,-1,-1
