0,1,982.80,380.25,57.60,153.00,1.00,-1,-1,-1
0,2,315.00,368.10,52.65,102.60,0.99,-1,-1,-1
0,3,249.07,369.67,40.95,114.52,1.00,-1,-1,-1
0,4,1046.70,440.77,100.80,248.62,0.99,-1,-1,-1
0,5,778.50,353.02,40.50,132.52,1.00,-1,-1,-1
0,6,396.90,322.42,39.60,73.35,1.00,-1,-1,-1
0,7,360.45,309.60,36.00,86.40,0.99,-1,-1,-1
0,8,735.30,315.45,33.30,66.60,0.98,-1,-1,-1
0,9,961.20,648.00,102.60,278.10,0.87,-1,-1,-1
1,1,981.23,380.64,59.16,152.61,1.00,-1,-1,-1
1,2,315.00,368.49,53.43,102.21,0.99,-1,-1,-1
1,3,249.08,369.48,40.95,114.72,1.00,-1,-1,-1
1,4,1047.47,440.58,100.80,250.77,0.99,-1,-1,-1
1,5,778.89,353.22,40.50,132.33,0.99,-1,-1,-1
1,6,394.95,322.23,41.55,73.74,1.00,-1,-1,-1
1,7,361.23,309.99,35.22,86.01,0.99,-1,-1,-1
1,8,735.30,315.45,33.30,67.38,0.96,-1,-1,-1
1,9,961.19,648.39,102.60,276.93,0.89,-1,-1,-1
2,1,980.95,380.36,59.43,152.18,1.00,-1,-1,-1
2,2,314.84,369.26,54.26,101.79,0.99,-1,-1,-1
2,3,249.62,369.62,40.60,114.92,1.00,-1,-1,-1
2,4,1050.40,440.55,97.99,253.93,1.00,-1,-1,-1
2,5,779.30,354.14,41.20,131.76,0.99,-1,-1,-1
2,6,397.37,323.08,39.48,72.75,1.00,-1,-1,-1
2,7,361.55,309.18,34.73,86.29,0.99,-1,-1,-1
2,8,734.94,315.63,34.00,62.62,0.98,-1,-1,-1
2,9,961.18,648.10,102.59,272.15,0.88,-1,-1,-1
3,1,980.22,380.60,59.49,151.72,1.00,-1,-1,-1
3,2,315.12,369.84,54.51,101.32,0.99,-1,-1,-1
3,3,249.60,369.67,40.49,114.99,1.00,-1,-1,-1
3,4,1051.31,440.37,97.11,254.73,1.00,-1,-1,-1
3,5,779.43,354.58,42.10,131.42,0.99,-1,-1,-1
3,6,397.34,322.99,39.45,72.78,1.00,-1,-1,-1
3,7,361.80,308.75,34.60,86.73,0.99,-1,-1,-1
3,8,734.84,315.68,34.22,61.82,0.98,-1,-1,-1
3,9,961.88,648.00,101.22,270.69,0.88,-1,-1,-1
4,1,978.01,380.68,59.48,151.25,0.99,-1,-1,-1
4,2,316.39,370.33,52.92,100.85,0.99,-1,-1,-1
4,3,249.94,369.68,40.46,115.00,1.00,-1,-1,-1
4,4,1052.85,441.13,95.56,251.74,1.00,-1,-1,-1
4,5,779.46,354.37,40.42,131.66,1.00,-1,-1,-1
4,6,397.65,322.95,39.80,72.81,1.00,-1,-1,-1
4,7,362.89,309.62,33.90,85.87,0.99,-1,-1,-1
4,8,734.81,315.69,34.28,62.68,0.98,-1,-1,-1
4,9,962.10,647.96,100.78,271.01,0.89,-1,-1,-1
5,1,976.67,380.71,58.19,151.11,0.99,-1,-1,-1
5,2,317.29,370.15,52.36,101.04,1.00,-1,-1,-1
5,3,250.19,369.68,40.46,115.00,1.00,-1,-1,-1
5,4,1053.97,441.40,95.11,250.03,1.00,-1,-1,-1
5,5,779.46,354.12,39.80,131.92,1.00,-1,-1,-1
5,6,397.72,322.77,40.57,73.15,1.00,-1,-1,-1
5,7,368.94,308.96,28.13,86.22,0.99,-1,-1,-1
5,8,734.82,315.86,34.28,62.04,0.98,-1,-1,-1
5,9,962.17,647.97,100.66,272.51,0.90,-1,-1,-1
6,1,973.07,380.56,48.82,149.97,1.00,-1,-1,-1
6,2,318.56,369.89,51.85,100.95,1.00,-1,-1,-1
6,3,250.62,369.83,40.14,114.84,1.00,-1,-1,-1
6,4,1056.82,441.48,93.73,248.79,1.00,-1,-1,-1
6,5,779.14,354.02,39.59,132.00,0.98,-1,-1,-1
6,6,399.16,322.22,44.59,73.91,1.00,-1,-1,-1
6,7,372.20,309.19,27.57,86.97,0.99,-1,-1,-1
6,8,734.83,315.75,34.27,62.82,0.98,-1,-1,-1
6,9,964.07,648.59,99.37,268.03,0.91,-1,-1,-1
7,1,970.54,380.82,44.12,149.59,1.00,-1,-1,-1
7,2,319.25,369.33,51.69,101.41,0.99,-1,-1,-1
7,3,250.71,369.88,40.04,114.78,1.00,-1,-1,-1
7,4,1056.51,441.51,95.82,248.38,1.00,-1,-1,-1
7,5,778.71,353.98,40.16,132.05,1.00,-1,-1,-1
7,6,400.23,321.41,46.62,74.80,1.00,-1,-1,-1
7,7,370.95,310.06,32.00,85.70,0.98,-1,-1,-1
7,8,734.83,315.71,34.26,63.43,0.98,-1,-1,-1
7,9,964.11,648.84,100.19,267.73,0.92,-1,-1,-1
8,1,963.84,381.22,48.11,148.85,0.99,-1,-1,-1
8,2,320.44,368.20,52.26,102.19,0.99,-1,-1,-1
8,3,251.09,369.90,39.70,114.76,1.00,-1,-1,-1
8,4,1056.96,441.67,97.81,248.39,1.00,-1,-1,-1
8,5,777.95,353.81,40.98,132.21,1.00,-1,-1,-1
8,6,401.25,321.88,47.96,74.20,1.00,-1,-1,-1
8,7,369.30,314.39,36.95,82.14,0.99,-1,-1,-1
8,8,734.84,315.54,34.25,63.67,0.98,-1,-1,-1
8,9,962.88,649.52,101.72,267.05,0.90,-1,-1,-1
9,1,958.11,381.67,52.97,148.61,0.99,-1,-1,-1
9,2,321.25,367.19,53.09,96.11,0.99,-1,-1,-1
9,3,251.16,369.92,39.58,114.75,1.00,-1,-1,-1
9,4,1056.49,441.26,99.78,250.11,1.00,-1,-1,-1
9,5,777.36,354.20,41.89,131.82,1.00,-1,-1,-1
9,6,401.72,322.22,48.15,73.67,1.00,-1,-1,-1
9,7,368.14,317.69,39.46,80.23,1.00,-1,-1,-1
9,8,734.84,315.48,34.25,63.16,0.98,-1,-1,-1
9,9,963.03,650.40,102.31,268.70,0.91,-1,-1,-1
10,1,945.43,382.74,65.42,147.93,1.00,-1,-1,-1
10,2,322.73,366.20,57.92,98.16,1.00,-1,-1,-1
10,3,251.18,369.94,39.55,114.75,1.00,-1,-1,-1
10,4,1056.86,441.72,100.53,250.15,1.00,-1,-1,-1
10,5,776.85,354.51,43.42,131.22,1.00,-1,-1,-1
10,6,402.47,323.27,47.89,72.86,1.00,-1,-1,-1
10,7,366.76,321.00,42.19,77.72,0.99,-1,-1,-1
10,8,734.83,315.46,34.24,63.28,0.97,-1,-1,-1
10,9,963.08,650.71,102.53,267.53,0.91,-1,-1,-1
11,1,939.51,383.28,71.21,147.55,1.00,-1,-1,-1
11,2,323.97,365.55,61.14,98.59,1.00,-1,-1,-1
11,3,250.86,369.93,39.84,114.75,1.00,-1,-1,-1
11,4,1056.36,441.88,102.00,250.17,1.00,-1,-1,-1
11,5,776.64,354.61,44.00,131.31,0.99,-1,-1,-1
11,6,402.56,323.96,47.74,72.86,1.00,-1,-1,-1
11,7,366.59,322.28,42.96,76.55,0.99,-1,-1,-1
11,8,734.82,315.45,34.24,63.04,0.97,-1,-1,-1
11,9,963.07,650.81,102.61,266.53,0.91,-1,-1,-1
12,1,929.39,383.76,81.48,146.53,1.00,-1,-1,-1
12,2,326.75,365.64,62.11,98.16,1.00,-1,-1,-1
12,3,251.94,369.94,39.06,114.76,1.00,-1,-1,-1
12,4,1056.77,441.92,102.55,250.18,1.00,-1,-1,-1
12,5,776.60,354.33,45.39,131.64,0.99,-1,-1,-1
12,6,399.32,324.81,50.92,71.96,0.99,-1,-1,-1
12,7,367.24,323.15,41.78,76.78,0.99,-1,-1,-1
12,8,734.54,315.59,34.84,66.27,0.96,-1,-1,-1
12,9,964.90,651.14,101.45,263.18,0.92,-1,-1,-1
13,1,924.24,383.94,86.68,145.86,1.00,-1,-1,-1
13,2,328.82,365.68,61.57,98.02,1.00,-1,-1,-1
13,3,252.33,369.94,38.77,114.76,1.00,-1,-1,-1
13,4,1056.87,441.95,102.73,250.19,1.00,-1,-1,-1
13,5,776.57,354.54,45.90,131.17,0.99,-1,-1,-1
13,6,398.23,325.27,51.81,71.93,0.99,-1,-1,-1
13,7,366.58,324.32,41.55,76.91,0.99,-1,-1,-1
13,8,734.41,315.80,35.05,67.75,0.96,-1,-1,-1
13,9,964.95,651.56,101.00,262.56,0.92,-1,-1,-1
14,1,920.64,383.68,88.77,146.84,1.00,-1,-1,-1
14,2,330.77,366.30,59.84,97.68,1.00,-1,-1,-1
14,3,252.63,369.93,38.67,114.76,1.00,-1,-1,-1
14,4,1057.50,441.65,102.79,250.20,1.00,-1,-1,-1
14,5,776.00,354.45,46.08,131.45,0.99,-1,-1,-1
14,6,397.51,325.72,51.82,72.23,0.99,-1,-1,-1
14,7,365.60,326.66,39.96,72.76,0.99,-1,-1,-1
14,8,734.38,315.87,35.13,68.02,0.96,-1,-1,-1
14,9,964.37,651.70,102.04,263.59,0.91,-1,-1,-1
15,1,918.49,383.88,88.09,146.03,1.00,-1,-1,-1
15,2,331.91,366.23,58.84,97.86,1.00,-1,-1,-1
15,3,252.43,369.91,38.93,114.75,1.00,-1,-1,-1
15,4,1058.28,441.39,102.78,250.64,1.00,-1,-1,-1
15,5,775.48,354.57,46.71,131.40,0.99,-1,-1,-1
15,6,396.20,325.12,52.66,73.84,0.99,-1,-1,-1
15,7,366.55,328.37,36.92,69.09,1.00,-1,-1,-1
15,8,734.36,315.90,35.15,66.62,0.95,-1,-1,-1
15,9,964.11,651.73,102.41,261.60,0.91,-1,-1,-1
16,1,917.29,383.04,83.09,146.34,0.99,-1,-1,-1
16,2,333.50,365.92,56.66,98.54,1.00,-1,-1,-1
16,3,252.51,370.20,39.04,114.46,1.00,-1,-1,-1
16,4,1057.98,441.58,103.96,249.92,1.00,-1,-1,-1
16,5,775.31,354.91,46.94,131.09,0.99,-1,-1,-1
16,6,396.16,326.38,51.50,72.96,0.99,-1,-1,-1
16,7,366.15,331.24,37.57,66.28,1.00,-1,-1,-1
16,8,734.38,315.91,35.16,65.78,0.95,-1,-1,-1
16,9,965.23,651.43,101.37,260.29,0.92,-1,-1,-1
17,1,916.76,382.42,76.54,146.17,1.00,-1,-1,-1
17,2,334.48,365.21,55.21,99.39,1.00,-1,-1,-1
17,3,252.53,370.31,39.08,114.34,1.00,-1,-1,-1
17,4,1058.42,441.50,104.39,250.09,1.00,-1,-1,-1
17,5,774.94,355.18,47.01,130.82,0.99,-1,-1,-1
17,6,395.54,326.25,50.11,73.52,1.00,-1,-1,-1
17,7,365.85,332.19,37.50,65.97,0.99,-1,-1,-1
17,8,734.37,315.91,35.15,66.95,0.96,-1,-1,-1
17,9,965.63,651.61,100.97,258.64,0.91,-1,-1,-1
18,1,915.61,380.84,65.49,147.16,0.99,-1,-1,-1
18,2,335.74,364.96,53.77,99.72,0.99,-1,-1,-1
18,3,252.71,370.36,39.40,114.30,1.00,-1,-1,-1
18,4,1058.60,441.17,105.73,250.74,1.00,-1,-1,-1
18,5,773.96,355.73,47.61,130.28,0.99,-1,-1,-1
18,6,395.20,328.72,42.39,71.05,0.99,-1,-1,-1
18,7,365.91,332.49,38.65,65.61,0.99,-1,-1,-1
18,8,734.40,315.91,35.15,68.56,0.97,-1,-1,-1
18,9,966.39,651.96,100.83,253.86,0.92,-1,-1,-1
19,1,914.21,379.06,52.41,147.54,0.99,-1,-1,-1
19,2,336.26,364.73,53.24,100.29,0.99,-1,-1,-1
19,3,252.59,370.23,39.82,114.14,1.00,-1,-1,-1
19,4,1058.62,441.50,106.22,250.55,1.00,-1,-1,-1
19,5,772.97,355.93,49.00,130.08,0.99,-1,-1,-1
19,6,392.99,329.80,39.34,70.10,0.98,-1,-1,-1
19,7,365.90,332.53,41.14,66.76,0.99,-1,-1,-1
19,8,734.38,316.06,35.14,68.58,0.96,-1,-1,-1
19,9,966.64,651.79,100.77,254.53,0.92,-1,-1,-1
20,1,908.41,377.50,46.17,150.66,0.99,-1,-1,-1
20,2,336.88,365.24,53.06,99.91,0.99,-1,-1,-1
20,3,252.85,370.18,39.98,114.07,1.00,-1,-1,-1
20,4,1058.60,442.66,106.38,249.12,1.00,-1,-1,-1
20,5,770.86,356.00,51.26,129.70,1.00,-1,-1,-1
20,6,390.23,329.73,40.23,71.57,0.96,-1,-1,-1
20,7,366.77,330.85,44.97,69.32,0.96,-1,-1,-1
20,8,734.37,315.97,35.14,70.04,0.97,-1,-1,-1
20,9,966.71,651.70,100.76,253.62,0.93,-1,-1,-1
21,1,903.82,376.93,46.01,152.14,1.00,-1,-1,-1
21,2,337.34,365.89,53.00,99.02,0.99,-1,-1,-1
21,3,252.91,370.16,40.04,114.06,1.00,-1,-1,-1
21,4,1058.58,443.10,106.43,248.60,1.00,-1,-1,-1
21,5,769.18,355.87,52.70,130.02,1.00,-1,-1,-1
21,6,385.64,331.03,44.19,70.93,0.97,-1,-1,-1
21,7,368.50,330.78,45.03,68.82,0.97,-1,-1,-1
21,8,734.36,315.93,35.14,70.59,0.97,-1,-1,-1
21,9,967.32,651.98,99.57,249.75,0.93,-1,-1,-1
22,1,888.15,377.76,60.93,151.06,1.00,-1,-1,-1
22,2,338.23,366.75,52.39,97.79,1.00,-1,-1,-1
22,3,252.80,369.41,40.36,113.30,1.00,-1,-1,-1
22,4,1058.55,442.81,107.61,249.14,1.00,-1,-1,-1
22,5,766.51,355.82,54.40,129.25,1.00,-1,-1,-1
22,7,374.01,333.72,51.11,71.35,1.00,-1,-1,-1
22,8,734.36,315.93,35.13,64.01,0.97,-1,-1,-1
22,9,966.34,652.07,101.51,260.37,0.93,-1,-1,-1
23,1,879.74,378.40,68.17,150.64,1.00,-1,-1,-1
23,2,339.11,367.05,51.56,97.33,1.00,-1,-1,-1
23,3,253.04,368.81,39.88,113.32,1.00,-1,-1,-1
23,4,1058.52,443.01,108.03,249.06,1.00,-1,-1,-1
23,5,764.34,355.65,55.60,129.12,0.99,-1,-1,-1
23,7,377.18,334.76,52.83,72.00,1.00,-1,-1,-1
23,8,734.36,315.91,35.12,65.69,0.96,-1,-1,-1
23,9,967.13,652.11,101.05,261.34,0.93,-1,-1,-1
24,1,871.70,379.83,76.61,149.27,1.00,-1,-1,-1
24,2,340.51,366.85,50.06,97.46,0.99,-1,-1,-1
24,3,253.33,367.68,40.29,114.52,1.00,-1,-1,-1
24,4,1057.93,442.76,109.35,249.32,1.00,-1,-1,-1
24,5,760.66,354.37,56.04,128.77,1.00,-1,-1,-1
24,7,378.67,335.12,55.19,79.05,0.99,-1,-1,-1
24,8,734.10,315.75,35.71,67.46,0.97,-1,-1,-1
24,9,968.05,651.80,99.67,261.11,0.95,-1,-1,-1
25,1,864.65,381.44,83.35,148.01,1.00,-1,-1,-1
25,2,341.55,366.64,48.91,97.67,0.99,-1,-1,-1
25,3,252.51,367.12,42.22,115.12,1.00,-1,-1,-1
25,4,1057.66,442.83,109.83,249.28,1.00,-1,-1,-1
25,5,757.47,353.46,56.18,128.20,1.00,-1,-1,-1
25,7,379.19,335.53,57.79,82.81,1.00,-1,-1,-1
25,8,734.26,316.00,35.34,61.05,0.96,-1,-1,-1
25,9,967.75,651.69,99.15,260.43,0.95,-1,-1,-1
26,1,861.95,382.32,83.28,147.25,1.00,-1,-1,-1
26,2,342.48,364.14,48.21,100.14,0.99,-1,-1,-1
26,3,252.91,366.88,47.01,115.35,0.99,-1,-1,-1
26,4,1057.57,442.55,109.99,249.28,1.00,-1,-1,-1
26,5,747.51,354.59,61.46,125.02,1.00,-1,-1,-1
26,7,384.04,338.35,57.94,82.29,0.99,-1,-1,-1
26,8,734.33,315.92,35.19,52.94,0.93,-1,-1,-1
26,9,967.63,650.75,98.96,264.35,0.95,-1,-1,-1
27,1,861.21,382.21,81.39,147.41,0.99,-1,-1,-1
27,2,343.56,362.21,47.37,101.80,1.00,-1,-1,-1
27,3,253.65,366.55,49.69,115.43,0.99,-1,-1,-1
27,4,1057.54,442.73,110.04,249.27,1.00,-1,-1,-1
27,5,742.10,355.34,64.58,123.22,1.00,-1,-1,-1
27,7,390.58,340.36,55.34,81.15,1.00,-1,-1,-1
27,8,734.37,315.91,35.14,50.38,0.95,-1,-1,-1
27,9,967.01,650.11,98.91,262.27,0.95,-1,-1,-1
28,1,860.30,381.26,72.67,148.08,1.00,-1,-1,-1
28,2,345.86,359.11,48.90,104.49,1.00,-1,-1,-1
28,3,255.49,366.85,52.74,115.02,0.99,-1,-1,-1
28,4,1057.51,442.80,110.04,249.27,1.00,-1,-1,-1
28,5,735.99,355.01,69.21,122.59,1.00,-1,-1,-1
28,7,394.41,340.92,58.36,80.98,0.99,-1,-1,-1
28,8,734.36,315.89,35.12,55.56,0.91,-1,-1,-1
28,9,966.14,649.86,98.89,262.65,0.94,-1,-1,-1
29,1,860.69,379.71,62.38,149.22,1.00,-1,-1,-1
29,2,348.49,357.07,49.18,105.80,1.00,-1,-1,-1
29,3,256.97,366.55,55.63,115.60,1.00,-1,-1,-1
29,4,1057.53,442.82,110.02,249.27,1.00,-1,-1,-1
29,5,732.54,355.63,71.58,121.02,1.00,-1,-1,-1
29,7,396.14,340.37,62.05,81.77,0.99,-1,-1,-1
29,8,734.40,315.89,35.11,62.60,0.96,-1,-1,-1
29,9,965.26,650.06,100.09,266.35,0.91,-1,-1,-1
30,1,860.55,378.22,53.45,150.85,1.00,-1,-1,-1
30,2,351.93,354.24,46.91,108.34,1.00,-1,-1,-1
30,3,258.06,365.67,58.74,116.86,0.99,-1,-1,-1
30,4,1057.49,442.67,109.99,249.43,1.00,-1,-1,-1
30,5,731.20,355.70,73.04,120.93,1.00,-1,-1,-1
30,7,400.42,339.66,66.31,83.53,0.99,-1,-1,-1
30,8,734.37,315.74,35.10,59.86,0.98,-1,-1,-1
30,9,962.51,649.85,102.91,270.69,0.88,-1,-1,-1
31,1,861.16,377.38,49.72,151.75,1.00,-1,-1,-1
31,2,353.66,352.49,45.45,110.02,1.00,-1,-1,-1
31,3,258.68,365.39,61.08,117.03,1.00,-1,-1,-1
31,4,1057.52,442.61,109.98,249.48,1.00,-1,-1,-1
31,5,730.53,354.69,73.57,121.96,1.00,-1,-1,-1
31,7,408.76,337.93,65.29,85.64,0.99,-1,-1,-1
31,8,734.40,315.84,35.11,55.97,0.97,-1,-1,-1
31,9,962.12,649.48,102.81,271.73,0.89,-1,-1,-1
32,1,860.53,376.75,48.54,151.78,0.99,-1,-1,-1
32,2,348.89,338.66,50.12,123.50,0.99,-1,-1,-1
32,3,261.03,365.56,61.97,117.38,0.99,-1,-1,-1
32,4,1058.10,443.16,108.77,248.31,1.00,-1,-1,-1
32,5,729.19,349.82,66.20,127.14,1.00,-1,-1,-1
32,7,433.55,338.67,51.41,86.13,0.98,-1,-1,-1
32,8,734.10,316.16,35.70,59.10,0.94,-1,-1,-1
32,9,963.14,647.83,100.38,262.64,0.88,-1,-1,-1
33,1,859.52,376.54,48.82,151.78,0.99,-1,-1,-1
33,2,346.38,331.69,52.92,130.37,0.99,-1,-1,-1
33,3,262.70,365.52,62.56,117.35,0.99,-1,-1,-1
33,4,1058.35,443.23,108.31,248.31,1.00,-1,-1,-1
33,5,728.57,348.17,62.51,128.35,1.00,-1,-1,-1
33,7,444.17,338.53,48.98,87.46,0.97,-1,-1,-1
33,8,734.01,316.14,35.92,61.66,0.94,-1,-1,-1
33,9,962.99,646.62,100.65,263.90,0.89,-1,-1,-1
34,1,857.71,375.89,49.58,151.77,0.99,-1,-1,-1
34,2,344.03,331.65,54.89,129.83,1.00,-1,-1,-1
34,3,263.89,365.68,63.62,117.48,0.99,-1,-1,-1
34,4,1058.41,443.40,108.14,247.87,1.00,-1,-1,-1
34,5,727.80,347.42,57.52,127.77,1.00,-1,-1,-1
34,7,449.81,335.55,58.54,91.75,0.99,-1,-1,-1
34,8,734.24,316.29,35.41,62.05,0.96,-1,-1,-1
34,9,963.52,645.00,99.57,267.93,0.85,-1,-1,-1
35,1,858.09,375.08,48.68,152.06,0.99,-1,-1,-1
35,2,342.50,331.94,56.82,129.63,0.99,-1,-1,-1
35,3,264.89,365.77,65.14,117.53,0.99,-1,-1,-1
35,4,1058.46,443.33,108.07,248.17,1.00,-1,-1,-1
35,5,727.04,347.18,55.66,127.55,1.00,-1,-1,-1
35,7,455.84,336.01,61.76,87.59,0.99,-1,-1,-1
35,8,734.35,316.21,35.81,62.79,0.96,-1,-1,-1
35,9,966.73,644.44,95.58,265.31,0.86,-1,-1,-1
36,1,857.75,375.39,48.39,151.57,0.99,-1,-1,-1
36,2,352.88,344.11,47.15,118.11,1.00,-1,-1,-1
36,3,264.84,366.13,67.14,117.24,0.99,-1,-1,-1
36,4,1057.87,443.31,109.24,248.28,1.00,-1,-1,-1
36,5,724.69,348.61,55.02,125.97,1.00,-1,-1,-1
36,7,462.95,334.42,75.08,89.41,0.97,-1,-1,-1
36,8,734.68,316.20,34.78,69.23,0.98,-1,-1,-1
36,9,969.16,643.35,92.88,264.88,0.90,-1,-1,-1
37,1,856.80,376.27,48.92,150.93,1.00,-1,-1,-1
37,2,357.21,350.27,43.67,112.50,0.99,-1,-1,-1
37,3,264.79,366.26,67.02,117.13,0.99,-1,-1,-1
37,4,1057.66,443.74,109.68,248.18,0.99,-1,-1,-1
37,5,723.31,349.92,54.19,124.33,1.00,-1,-1,-1
37,7,465.75,334.99,84.56,90.07,0.99,-1,-1,-1
37,8,734.81,316.32,34.38,63.96,0.96,-1,-1,-1
37,9,970.66,642.67,90.69,262.34,0.90,-1,-1,-1
38,1,852.62,380.94,58.16,146.37,0.99,-1,-1,-1
38,2,358.80,354.06,43.45,109.54,1.00,-1,-1,-1
38,3,267.82,368.55,63.12,113.95,1.00,-1,-1,-1
38,4,1057.58,443.77,109.84,248.29,1.00,-1,-1,-1
38,5,722.91,350.44,53.30,124.31,0.99,-1,-1,-1
38,7,468.68,335.81,91.82,90.59,0.94,-1,-1,-1
38,8,734.57,316.24,34.83,72.47,0.98,-1,-1,-1
38,9,970.58,642.44,91.14,263.17,0.88,-1,-1,-1
39,1,847.18,384.98,66.49,142.68,1.00,-1,-1,-1
39,2,359.77,356.65,43.09,107.25,1.00,-1,-1,-1
39,3,271.22,371.68,60.02,109.89,0.99,-1,-1,-1
39,4,1057.56,443.93,109.89,248.19,1.00,-1,-1,-1
39,5,723.14,350.80,52.38,124.17,0.99,-1,-1,-1
39,7,481.31,336.28,87.06,89.87,0.99,-1,-1,-1
39,8,734.49,316.22,35.00,73.19,0.97,-1,-1,-1
39,9,969.94,642.09,91.33,261.70,0.84,-1,-1,-1
40,1,839.46,390.96,75.44,137.41,1.00,-1,-1,-1
40,2,360.23,359.86,44.81,103.84,1.00,-1,-1,-1
40,3,273.96,376.76,59.44,104.76,1.00,-1,-1,-1
40,4,1057.55,443.95,109.91,248.15,1.00,-1,-1,-1
40,5,724.83,350.17,51.47,122.48,1.00,-1,-1,-1
40,7,511.51,337.92,62.23,89.56,0.97,-1,-1,-1
40,8,734.16,316.19,35.66,74.87,0.97,-1,-1,-1
40,9,969.09,641.95,92.64,265.92,0.88,-1,-1,-1
41,1,834.37,393.59,80.74,135.35,1.00,-1,-1,-1
41,2,361.10,363.11,45.73,100.47,1.00,-1,-1,-1
41,3,274.77,379.01,60.70,102.44,1.00,-1,-1,-1
41,4,1057.51,443.97,109.88,248.14,1.00,-1,-1,-1
41,5,725.49,349.78,52.36,122.00,1.00,-1,-1,-1
41,7,526.40,338.34,51.26,89.72,0.99,-1,-1,-1
41,8,734.31,316.16,35.32,75.77,0.98,-1,-1,-1
41,9,969.90,642.20,91.93,268.68,0.88,-1,-1,-1
42,1,829.59,394.51,83.45,134.04,1.00,-1,-1,-1
42,2,363.19,366.73,46.10,97.43,1.00,-1,-1,-1
42,3,273.59,380.88,65.60,102.11,0.99,-1,-1,-1
42,4,1057.52,444.42,109.88,247.09,1.00,-1,-1,-1
42,5,723.38,350.70,58.70,117.80,1.00,-1,-1,-1
42,7,537.24,339.41,62.30,89.17,0.99,-1,-1,-1
42,8,734.99,316.02,34.59,72.01,0.98,-1,-1,-1
42,9,968.43,642.91,94.09,275.63,0.91,-1,-1,-1
43,1,826.30,394.03,85.60,134.37,1.00,-1,-1,-1
43,2,365.41,368.90,45.35,95.16,1.00,-1,-1,-1
43,3,272.39,382.25,69.73,100.68,0.99,-1,-1,-1
43,4,1057.50,444.59,109.86,246.69,1.00,-1,-1,-1
43,5,722.60,351.80,62.72,115.48,1.00,-1,-1,-1
43,7,543.30,340.53,58.10,88.35,0.99,-1,-1,-1
43,8,734.33,316.11,35.51,72.85,0.97,-1,-1,-1
43,9,967.85,643.19,94.89,277.65,0.92,-1,-1,-1
44,1,819.98,392.45,82.98,136.20,1.00,-1,-1,-1
44,2,367.97,370.53,45.36,93.48,1.00,-1,-1,-1
44,3,272.00,383.45,72.77,99.15,1.00,-1,-1,-1
44,4,1058.10,444.66,108.66,246.57,1.00,-1,-1,-1
44,5,720.60,354.02,66.04,112.25,1.00,-1,-1,-1
44,7,551.66,342.27,67.11,88.63,0.98,-1,-1,-1
44,8,734.08,315.99,35.85,70.20,0.95,-1,-1,-1
44,9,966.45,642.74,96.39,277.22,0.90,-1,-1,-1
45,1,806.25,390.32,86.45,138.70,1.00,-1,-1,-1
45,2,370.24,370.73,44.78,92.92,1.00,-1,-1,-1
45,3,271.86,383.81,75.08,98.63,1.00,-1,-1,-1
45,4,1057.72,444.36,109.39,247.11,1.00,-1,-1,-1
45,5,718.71,356.94,68.47,108.67,1.00,-1,-1,-1
45,7,559.02,345.55,67.42,86.35,0.99,-1,-1,-1
45,8,734.00,316.08,35.97,68.24,0.94,-1,-1,-1
45,9,964.73,642.55,98.12,279.94,0.90,-1,-1,-1
46,1,789.67,388.74,79.17,140.12,1.00,-1,-1,-1
46,2,372.63,368.77,46.66,94.15,0.99,-1,-1,-1
46,3,273.01,382.98,79.68,99.10,1.00,-1,-1,-1
46,4,1057.58,444.54,109.67,246.75,1.00,-1,-1,-1
46,5,716.53,357.83,71.13,108.18,1.00,-1,-1,-1
46,7,564.71,351.12,66.85,80.97,0.99,-1,-1,-1
46,8,734.25,316.09,35.43,56.38,0.96,-1,-1,-1
46,9,964.08,643.09,98.79,281.55,0.88,-1,-1,-1
47,1,782.59,388.55,74.82,140.22,1.00,-1,-1,-1
47,2,375.42,367.39,47.64,94.93,0.99,-1,-1,-1
47,3,276.34,381.42,78.88,99.61,1.00,-1,-1,-1
47,4,1057.50,444.30,109.76,247.19,1.00,-1,-1,-1
47,5,715.72,358.13,70.99,108.35,1.00,-1,-1,-1
47,7,566.29,353.15,67.14,78.95,0.99,-1,-1,-1
47,8,733.45,316.10,35.81,62.39,0.96,-1,-1,-1
47,9,963.81,643.27,99.02,279.14,0.89,-1,-1,-1
48,1,771.72,389.96,75.59,137.01,1.00,-1,-1,-1
48,2,380.79,364.75,46.55,95.87,1.00,-1,-1,-1
48,3,286.47,378.41,71.20,100.44,0.99,-1,-1,-1
48,4,1057.47,444.51,109.80,246.78,1.00,-1,-1,-1
48,5,713.68,357.61,72.62,109.08,0.99,-1,-1,-1
48,7,566.87,353.83,66.62,78.25,1.00,-1,-1,-1
48,8,734.02,316.09,35.36,64.77,0.95,-1,-1,-1
48,9,964.90,644.26,97.92,275.81,0.90,-1,-1,-1
48,10,572.85,347.85,61.20,69.75,0.94,-1,-1,-1
49,1,768.19,391.68,72.29,133.70,0.99,-1,-1,-1
49,2,382.04,362.99,48.51,96.55,1.00,-1,-1,-1
49,3,299.40,375.77,61.65,102.86,1.00,-1,-1,-1
49,4,1057.45,444.59,109.80,246.63,1.00,-1,-1,-1
49,5,710.32,356.80,76.11,109.69,1.00,-1,-1,-1
49,7,566.51,352.66,66.37,78.93,0.99,-1,-1,-1
49,8,734.24,315.95,35.18,73.38,0.97,-1,-1,-1
49,9,964.13,644.93,98.67,275.70,0.89,-1,-1,-1
49,10,571.41,339.38,61.91,78.03,0.99,-1,-1,-1
50,1,759.60,393.52,71.60,131.90,0.99,-1,-1,-1
50,2,375.53,362.49,65.89,93.26,0.99,-1,-1,-1
50,3,320.34,372.89,49.30,104.53,1.00,-1,-1,-1
50,4,1057.45,444.62,109.83,246.59,1.00,-1,-1,-1
50,5,703.86,355.14,74.58,112.20,1.00,-1,-1,-1
50,7,563.12,348.60,68.61,82.81,0.98,-1,-1,-1
50,8,734.89,315.89,34.53,72.93,0.95,-1,-1,-1
50,9,964.45,646.10,98.97,273.89,0.90,-1,-1,-1
50,10,568.34,334.96,63.44,83.91,0.98,-1,-1,-1
51,1,757.27,394.48,67.73,133.06,1.00,-1,-1,-1
51,2,377.58,362.76,70.82,89.91,1.00,-1,-1,-1
51,3,329.34,371.65,47.31,105.02,0.99,-1,-1,-1
51,4,1057.45,444.63,109.82,246.56,1.00,-1,-1,-1
51,5,699.04,354.51,74.46,114.33,0.99,-1,-1,-1
51,7,560.29,347.22,71.17,84.55,0.99,-1,-1,-1
51,8,734.87,315.88,34.28,62.71,0.95,-1,-1,-1
51,9,964.59,647.11,99.06,271.97,0.90,-1,-1,-1
51,10,567.00,332.35,63.26,85.75,0.98,-1,-1,-1
52,1,756.99,396.01,60.76,134.13,1.00,-1,-1,-1
52,2,387.58,362.70,69.65,86.59,0.99,-1,-1,-1
52,3,339.71,371.63,52.80,105.36,1.00,-1,-1,-1
52,4,1057.43,444.33,109.83,247.18,1.00,-1,-1,-1
52,5,691.34,352.64,78.49,117.38,0.99,-1,-1,-1
52,7,553.74,345.49,55.31,84.05,0.99,-1,-1,-1
52,8,734.51,316.03,34.79,52.59,0.98,-1,-1,-1
52,9,965.21,648.41,99.10,268.29,0.93,-1,-1,-1
52,10,564.25,329.61,60.47,91.09,0.99,-1,-1,-1
53,1,756.10,395.97,58.21,136.32,1.00,-1,-1,-1
53,2,391.76,361.33,70.87,87.25,1.00,-1,-1,-1
53,3,344.65,372.12,57.86,105.63,1.00,-1,-1,-1
53,4,1057.48,444.21,109.82,247.37,1.00,-1,-1,-1
53,5,687.42,351.95,79.99,116.18,0.99,-1,-1,-1
53,7,548.23,344.54,62.66,84.44,0.99,-1,-1,-1
53,8,734.46,316.26,34.98,47.75,0.98,-1,-1,-1
53,9,965.52,648.85,99.10,268.06,0.93,-1,-1,-1
53,10,564.19,329.07,56.87,92.85,1.00,-1,-1,-1
54,1,753.70,395.06,58.01,139.55,0.99,-1,-1,-1
54,2,396.62,359.80,69.59,89.34,1.00,-1,-1,-1
54,3,347.36,374.56,63.03,107.96,1.00,-1,-1,-1
54,4,1057.47,444.04,109.84,247.93,1.00,-1,-1,-1
54,5,683.85,351.41,78.23,120.77,0.99,-1,-1,-1
54,7,542.32,344.49,58.41,84.29,0.99,-1,-1,-1
54,8,734.36,316.18,35.06,47.53,0.98,-1,-1,-1
54,9,966.78,649.06,97.92,264.46,0.95,-1,-1,-1
54,10,562.54,331.44,56.39,93.36,1.00,-1,-1,-1
55,1,752.47,394.53,57.98,140.60,1.00,-1,-1,-1
55,2,401.70,358.80,67.69,90.13,0.99,-1,-1,-1
55,3,349.43,375.78,65.05,108.53,1.00,-1,-1,-1
55,4,1057.51,444.10,109.83,247.65,1.00,-1,-1,-1
55,5,683.00,353.11,65.66,122.01,0.99,-1,-1,-1
55,7,529.77,344.47,66.39,85.11,0.99,-1,-1,-1
55,8,734.72,316.16,34.49,47.49,0.98,-1,-1,-1
55,9,966.73,649.96,98.65,261.27,0.94,-1,-1,-1
55,10,562.80,334.71,56.27,91.57,0.99,-1,-1,-1
56,1,752.14,394.47,57.41,140.57,1.00,-1,-1,-1
56,2,410.38,356.94,67.92,92.25,1.00,-1,-1,-1
56,3,356.68,376.10,61.49,109.19,1.00,-1,-1,-1
56,4,1058.11,443.84,109.84,248.76,1.00,-1,-1,-1
56,5,680.05,356.86,61.19,119.11,0.99,-1,-1,-1
56,7,526.80,343.58,66.87,86.31,0.99,-1,-1,-1
56,8,734.81,316.15,34.28,49.40,0.98,-1,-1,-1
56,9,967.28,650.32,97.75,258.95,0.95,-1,-1,-1
56,10,559.75,339.34,59.42,88.04,1.00,-1,-1,-1
57,1,752.22,394.26,57.23,140.69,1.00,-1,-1,-1
57,2,418.48,356.38,66.64,92.76,0.99,-1,-1,-1
57,3,361.10,375.90,59.09,110.01,1.00,-1,-1,-1
57,4,1058.35,444.02,108.63,247.98,1.00,-1,-1,-1
57,5,672.01,360.23,64.70,117.50,1.00,-1,-1,-1
57,7,522.18,342.78,69.34,86.17,0.99,-1,-1,-1
57,8,735.18,316.28,34.20,47.39,0.98,-1,-1,-1
57,9,967.51,650.40,97.38,256.31,0.94,-1,-1,-1
57,10,557.85,342.76,61.74,84.79,1.00,-1,-1,-1
58,1,752.35,393.43,57.82,141.77,1.00,-1,-1,-1
58,2,430.29,355.76,65.21,93.27,0.99,-1,-1,-1
58,3,367.27,376.72,60.59,108.55,1.00,-1,-1,-1
58,4,1057.85,444.10,109.39,247.69,1.00,-1,-1,-1
58,5,668.06,365.66,65.89,113.62,1.00,-1,-1,-1
58,7,512.55,341.31,58.08,86.40,0.99,-1,-1,-1
58,8,735.29,316.18,34.18,47.92,0.98,-1,-1,-1
58,9,966.99,650.45,98.45,258.40,0.94,-1,-1,-1
58,10,554.76,345.08,65.02,82.95,0.99,-1,-1,-1
59,1,752.83,392.98,58.67,142.61,1.00,-1,-1,-1
59,2,440.50,356.32,62.40,94.64,0.99,-1,-1,-1
59,3,371.55,378.10,59.95,108.11,1.00,-1,-1,-1
59,4,1058.27,444.13,108.49,247.56,1.00,-1,-1,-1
59,5,666.45,368.90,66.96,110.94,1.00,-1,-1,-1
59,7,503.73,341.08,52.03,86.18,1.00,-1,-1,-1
59,8,735.07,316.31,34.17,47.52,0.98,-1,-1,-1
59,9,966.23,650.14,100.04,260.98,0.94,-1,-1,-1
59,10,554.28,345.76,65.67,82.56,0.99,-1,-1,-1
60,1,752.81,392.20,63.18,142.91,1.00,-1,-1,-1
60,2,447.79,358.59,70.62,94.28,1.00,-1,-1,-1
60,3,374.87,381.42,58.20,106.00,1.00,-1,-1,-1
60,4,1058.45,444.13,108.14,247.52,1.00,-1,-1,-1
60,5,665.40,370.19,70.92,110.12,1.00,-1,-1,-1
60,7,497.38,341.44,51.26,86.09,0.99,-1,-1,-1
60,8,735.30,316.19,34.17,47.71,0.98,-1,-1,-1
60,9,966.55,651.19,100.64,265.56,0.91,-1,-1,-1
60,10,549.16,343.53,69.44,83.94,1.00,-1,-1,-1
61,1,753.11,391.75,67.76,143.17,1.00,-1,-1,-1
61,2,450.58,361.41,75.38,92.66,1.00,-1,-1,-1
61,3,376.91,382.81,55.41,105.06,1.00,-1,-1,-1
61,4,1058.50,444.14,108.02,247.50,1.00,-1,-1,-1
61,5,665.35,370.31,73.57,110.45,1.00,-1,-1,-1
61,7,491.92,340.84,54.72,86.64,0.99,-1,-1,-1
61,8,735.37,316.00,34.17,49.61,0.98,-1,-1,-1
61,9,965.48,650.40,102.04,264.35,0.93,-1,-1,-1
61,10,545.51,342.83,71.43,84.14,0.99,-1,-1,-1
62,1,753.30,391.85,78.15,143.25,1.00,-1,-1,-1
62,2,452.66,364.98,76.70,90.25,1.00,-1,-1,-1
62,3,377.27,382.07,54.37,105.01,1.00,-1,-1,-1
62,4,1059.14,443.68,107.97,248.85,1.00,-1,-1,-1
62,5,665.18,368.04,78.07,113.14,1.00,-1,-1,-1
62,7,480.26,337.78,64.25,90.11,1.00,-1,-1,-1
62,8,735.11,316.05,34.18,48.85,0.98,-1,-1,-1
62,9,965.67,650.37,101.37,259.73,0.94,-1,-1,-1
62,10,533.42,341.77,76.24,80.93,1.00,-1,-1,-1
63,1,753.33,391.45,82.72,143.43,1.00,-1,-1,-1
63,2,453.49,366.61,76.58,90.57,1.00,-1,-1,-1
63,3,376.71,380.72,54.31,106.05,1.00,-1,-1,-1
63,4,1059.34,443.23,107.95,249.67,1.00,-1,-1,-1
63,5,665.69,366.27,81.52,115.05,1.00,-1,-1,-1
63,7,474.16,335.76,67.80,91.70,0.99,-1,-1,-1
63,8,734.96,316.07,34.18,49.47,0.98,-1,-1,-1
63,9,965.11,650.67,102.29,258.60,0.94,-1,-1,-1
63,10,529.60,341.34,74.07,80.61,0.99,-1,-1,-1
64,1,754.54,390.84,84.57,143.34,1.00,-1,-1,-1
64,2,456.40,367.47,73.99,90.99,1.00,-1,-1,-1
64,3,376.37,377.95,53.69,108.38,1.00,-1,-1,-1
64,4,1059.41,443.05,107.95,249.97,1.00,-1,-1,-1
64,5,675.47,362.74,78.24,118.00,0.99,-1,-1,-1
64,7,467.30,334.83,53.79,92.59,0.98,-1,-1,-1
64,8,735.21,315.92,34.18,49.12,0.98,-1,-1,-1
64,9,964.90,650.77,102.62,259.40,0.93,-1,-1,-1
64,10,523.82,342.07,58.96,79.90,1.00,-1,-1,-1
65,1,756.22,389.87,84.11,143.44,1.00,-1,-1,-1
65,2,458.19,367.04,71.43,90.57,0.98,-1,-1,-1
65,3,375.92,375.88,53.18,108.81,1.00,-1,-1,-1
65,4,1059.43,442.98,107.96,250.08,1.00,-1,-1,-1
65,5,683.67,359.92,73.88,120.87,1.00,-1,-1,-1
65,7,462.14,335.25,43.06,89.09,0.97,-1,-1,-1
65,8,735.29,316.01,34.19,49.89,0.97,-1,-1,-1
65,9,964.83,650.79,102.74,260.32,0.93,-1,-1,-1
65,10,518.96,341.90,53.36,80.85,0.99,-1,-1,-1
66,1,761.28,388.17,79.79,143.32,1.00,-1,-1,-1
66,2,459.31,366.54,70.12,91.31,1.00,-1,-1,-1
66,3,375.19,372.85,50.89,110.59,1.00,-1,-1,-1
66,4,1059.43,442.96,107.96,250.11,1.00,-1,-1,-1
66,5,698.29,357.66,63.75,124.60,0.99,-1,-1,-1
66,7,454.16,334.99,44.80,83.50,0.88,-1,-1,-1
66,8,735.33,315.89,34.19,51.67,0.97,-1,-1,-1
66,9,964.80,650.79,102.76,260.68,0.94,-1,-1,-1
66,10,512.74,340.47,52.86,76.13,0.98,-1,-1,-1
67,1,766.26,386.51,75.64,144.00,1.00,-1,-1,-1
67,2,459.12,365.46,69.75,92.19,0.99,-1,-1,-1
67,3,375.06,370.11,47.30,111.70,0.99,-1,-1,-1
67,4,1059.39,442.96,107.96,250.11,1.00,-1,-1,-1
67,5,706.65,356.67,57.98,126.74,0.99,-1,-1,-1
67,7,447.84,334.49,38.67,71.94,0.94,-1,-1,-1
67,8,735.02,315.87,34.19,50.87,0.98,-1,-1,-1
67,9,964.76,651.09,102.76,267.66,0.91,-1,-1,-1
67,10,507.32,338.86,55.18,74.95,0.99,-1,-1,-1
68,1,777.16,383.95,67.41,146.18,1.00,-1,-1,-1
68,2,458.94,362.18,70.18,96.38,1.00,-1,-1,-1
68,3,373.36,366.38,46.95,113.87,0.99,-1,-1,-1
68,4,1059.36,442.96,107.94,250.09,1.00,-1,-1,-1
68,5,711.33,357.44,56.68,128.40,1.00,-1,-1,-1
68,7,435.11,331.60,46.73,74.05,0.97,-1,-1,-1
68,8,734.62,315.84,34.78,51.45,0.97,-1,-1,-1
68,9,963.54,650.87,103.91,271.16,0.90,-1,-1,-1
68,10,500.41,337.19,58.42,76.36,0.98,-1,-1,-1
69,1,784.33,382.01,61.80,147.44,1.00,-1,-1,-1
69,2,459.15,360.12,69.59,97.37,0.99,-1,-1,-1
69,3,371.90,363.73,46.86,115.71,0.99,-1,-1,-1
69,4,1059.34,443.00,107.96,250.09,1.00,-1,-1,-1
69,5,714.67,359.56,56.29,127.55,1.00,-1,-1,-1
69,7,425.83,330.26,52.95,75.64,0.99,-1,-1,-1
69,8,734.73,316.01,34.41,51.67,0.97,-1,-1,-1
69,9,962.50,650.84,105.53,270.72,0.89,-1,-1,-1
69,10,489.93,336.79,67.33,81.68,0.99,-1,-1,-1
70,1,791.82,379.96,55.47,148.33,1.00,-1,-1,-1
70,2,456.93,356.98,69.50,99.20,0.99,-1,-1,-1
70,3,371.06,361.88,46.87,113.16,1.00,-1,-1,-1
70,4,1058.76,443.00,109.16,250.07,0.99,-1,-1,-1
70,5,717.95,362.31,59.89,124.95,1.00,-1,-1,-1
70,7,409.18,329.66,62.14,84.97,0.99,-1,-1,-1
70,8,735.10,315.93,34.27,51.75,0.97,-1,-1,-1
70,9,960.96,650.80,107.32,273.47,0.87,-1,-1,-1
70,10,484.35,336.80,54.33,81.91,0.99,-1,-1,-1
71,1,794.30,378.79,53.95,148.80,1.00,-1,-1,-1
71,2,454.46,356.10,68.27,100.47,0.99,-1,-1,-1
71,3,370.66,361.69,47.81,109.91,1.00,-1,-1,-1
71,4,1058.51,442.71,109.62,249.77,0.99,-1,-1,-1
71,5,719.62,364.12,63.56,123.47,1.00,-1,-1,-1
71,7,403.08,329.31,58.66,87.80,0.97,-1,-1,-1
71,8,735.20,316.06,34.22,49.70,0.98,-1,-1,-1
71,9,960.36,650.80,107.99,273.30,0.87,-1,-1,-1
71,10,478.50,336.84,45.75,80.80,0.99,-1,-1,-1
72,1,796.34,377.64,53.49,149.99,1.00,-1,-1,-1
72,2,448.09,356.83,62.40,97.70,0.99,-1,-1,-1
72,3,371.73,362.90,46.09,106.86,1.00,-1,-1,-1
72,4,1058.45,442.89,109.80,249.34,1.00,-1,-1,-1
72,5,725.49,363.90,62.64,123.49,1.00,-1,-1,-1
72,7,374.80,330.41,64.88,87.46,0.99,-1,-1,-1
72,8,734.98,316.11,34.20,48.61,0.97,-1,-1,-1
72,9,961.37,650.18,107.06,273.19,0.86,-1,-1,-1
72,10,471.04,335.11,43.55,83.94,0.99,-1,-1,-1
73,1,796.90,377.08,53.39,150.28,1.00,-1,-1,-1
73,2,443.49,358.02,54.74,100.18,0.99,-1,-1,-1
73,3,372.80,363.67,45.15,105.43,1.00,-1,-1,-1
73,4,1058.38,442.97,109.85,249.19,1.00,-1,-1,-1
73,5,728.49,363.21,61.67,124.08,1.00,-1,-1,-1
73,7,362.47,329.52,66.61,89.36,0.99,-1,-1,-1
73,8,734.85,315.97,34.20,48.22,0.97,-1,-1,-1
73,9,961.72,650.55,106.66,273.73,0.85,-1,-1,-1
73,10,467.15,334.59,42.89,85.11,1.00,-1,-1,-1
74,1,797.95,377.02,52.79,149.61,1.00,-1,-1,-1
74,2,439.15,360.33,50.59,96.38,0.99,-1,-1,-1
74,3,372.00,362.43,46.04,105.81,0.99,-1,-1,-1
74,4,1058.37,442.97,109.85,249.11,1.00,-1,-1,-1
74,5,731.93,360.52,58.30,118.95,0.99,-1,-1,-1
74,7,355.21,329.16,64.37,90.35,0.99,-1,-1,-1
74,8,734.84,315.89,34.19,57.09,0.98,-1,-1,-1
74,9,961.87,650.34,105.29,272.40,0.89,-1,-1,-1
74,10,460.46,332.46,46.44,88.77,1.00,-1,-1,-1
75,1,798.21,376.92,52.63,148.90,1.00,-1,-1,-1
75,2,437.02,361.74,48.64,92.17,1.00,-1,-1,-1
75,3,367.15,361.30,49.08,105.22,0.99,-1,-1,-1
75,4,1058.36,443.00,109.86,249.10,1.00,-1,-1,-1
75,5,733.33,357.26,57.05,122.86,0.99,-1,-1,-1
75,7,349.98,329.38,63.97,91.59,0.97,-1,-1,-1
75,8,735.09,315.75,34.19,59.95,0.98,-1,-1,-1
75,9,962.53,650.01,104.78,269.81,0.88,-1,-1,-1
75,10,455.60,330.25,46.65,91.02,0.99,-1,-1,-1
76,1,798.85,376.92,52.62,148.61,1.00,-1,-1,-1
76,2,428.48,362.12,53.73,90.60,0.99,-1,-1,-1
76,3,370.79,359.10,44.08,101.86,1.00,-1,-1,-1
76,4,1058.37,442.86,109.86,249.24,1.00,-1,-1,-1
76,5,735.28,354.45,55.40,123.23,0.99,-1,-1,-1
76,7,360.48,329.49,42.12,74.45,0.78,-1,-1,-1
76,8,735.22,315.83,34.19,60.82,0.98,-1,-1,-1
76,9,961.01,648.68,105.76,269.40,0.84,-1,-1,-1
76,10,450.61,328.83,38.78,83.43,0.98,-1,-1,-1
77,1,799.62,377.40,52.65,148.34,1.00,-1,-1,-1
77,2,423.99,360.90,56.46,91.24,0.98,-1,-1,-1
77,3,373.21,356.66,41.12,101.53,1.00,-1,-1,-1
77,4,1058.37,443.12,109.85,249.29,1.00,-1,-1,-1
77,5,736.17,352.82,54.82,123.66,1.00,-1,-1,-1
77,7,351.26,328.97,47.21,80.76,0.88,-1,-1,-1
77,8,734.67,315.88,34.79,65.18,0.96,-1,-1,-1
77,9,962.81,647.60,103.75,270.43,0.85,-1,-1,-1
77,10,447.51,328.79,34.92,81.84,0.98,-1,-1,-1
78,1,800.45,378.34,55.71,147.48,1.00,-1,-1,-1
78,2,423.38,356.97,54.15,95.39,0.99,-1,-1,-1
78,3,374.98,354.25,37.61,102.63,0.99,-1,-1,-1
78,4,1058.96,443.23,109.82,249.31,1.00,-1,-1,-1
78,5,736.70,351.77,55.84,123.37,1.00,-1,-1,-1
78,7,343.68,329.91,47.79,81.49,1.00,-1,-1,-1
78,8,734.77,315.73,35.01,69.39,0.97,-1,-1,-1
78,9,962.89,646.01,102.95,277.35,0.79,-1,-1,-1
78,10,442.68,330.55,32.61,77.96,0.95,-1,-1,-1
79,1,801.31,379.48,55.65,146.40,1.00,-1,-1,-1
79,2,431.97,352.74,43.08,99.28,0.99,-1,-1,-1
79,3,375.89,351.49,36.11,103.35,1.00,-1,-1,-1
79,4,1059.18,443.12,109.81,249.16,1.00,-1,-1,-1
79,5,736.52,352.61,56.84,122.36,1.00,-1,-1,-1
79,7,337.42,330.19,49.83,82.08,0.99,-1,-1,-1
79,8,735.10,315.69,34.50,66.79,0.98,-1,-1,-1
79,9,961.13,645.13,105.05,280.82,0.80,-1,-1,-1
79,10,438.43,333.41,33.22,82.30,0.82,-1,-1,-1
80,1,801.83,381.08,55.64,145.40,1.00,-1,-1,-1
80,2,433.21,343.78,41.19,105.73,0.99,-1,-1,-1
80,3,375.37,347.17,38.14,105.73,1.00,-1,-1,-1
80,4,1059.22,443.22,109.79,249.26,1.00,-1,-1,-1
80,5,735.45,352.93,58.41,121.97,1.00,-1,-1,-1
80,7,334.86,328.16,49.11,84.38,0.99,-1,-1,-1
80,8,734.60,315.65,34.89,67.38,0.96,-1,-1,-1
80,9,960.43,644.49,105.81,283.00,0.84,-1,-1,-1
80,10,431.81,330.25,31.89,82.96,0.76,-1,-1,-1
81,1,801.40,381.86,56.25,144.87,1.00,-1,-1,-1
81,2,432.17,339.68,41.75,107.33,0.99,-1,-1,-1
81,3,375.96,344.60,37.95,107.51,1.00,-1,-1,-1
81,4,1059.26,443.39,109.80,248.84,1.00,-1,-1,-1
81,5,733.82,352.94,60.20,122.26,0.99,-1,-1,-1
81,7,334.62,325.69,46.41,87.01,0.99,-1,-1,-1
81,8,734.44,315.64,35.04,69.32,0.97,-1,-1,-1
81,9,960.80,643.67,104.94,284.37,0.84,-1,-1,-1
81,10,428.96,330.55,29.93,83.50,0.41,-1,-1,-1
82,1,799.09,382.12,58.85,144.38,1.00,-1,-1,-1
82,2,430.11,338.95,43.37,103.25,0.99,-1,-1,-1
82,3,376.73,342.16,35.18,104.07,1.00,-1,-1,-1
82,4,1059.24,443.59,108.59,248.54,1.00,-1,-1,-1
82,5,731.36,352.48,62.05,122.82,0.99,-1,-1,-1
82,7,335.38,321.33,39.55,89.76,0.99,-1,-1,-1
82,8,734.35,315.46,34.50,62.81,0.98,-1,-1,-1
82,9,965.68,642.46,98.62,277.77,0.91,-1,-1,-1
82,10,421.23,330.48,32.51,80.14,0.94,-1,-1,-1
83,1,796.78,382.11,61.01,144.35,1.00,-1,-1,-1
83,2,429.58,337.51,43.84,102.47,0.99,-1,-1,-1
83,3,377.01,341.56,34.52,102.12,1.00,-1,-1,-1
83,4,1059.27,443.68,108.16,248.42,1.00,-1,-1,-1
83,5,728.65,351.63,63.94,122.87,0.99,-1,-1,-1
83,7,336.39,318.60,36.38,91.37,1.00,-1,-1,-1
83,8,733.45,315.59,35.49,61.89,0.93,-1,-1,-1
83,9,967.61,642.05,96.23,275.76,0.92,-1,-1,-1
83,10,417.79,330.55,31.85,78.84,0.95,-1,-1,-1
84,1,791.76,381.79,65.91,144.94,1.00,-1,-1,-1
84,2,424.86,335.38,49.20,100.67,0.99,-1,-1,-1
84,3,378.15,342.29,34.01,95.40,1.00,-1,-1,-1
84,4,1059.25,443.71,108.00,248.38,1.00,-1,-1,-1
84,5,722.89,349.69,66.98,122.74,0.98,-1,-1,-1
84,7,336.40,316.97,34.75,91.97,0.99,-1,-1,-1
84,8,733.39,315.63,35.86,51.98,0.96,-1,-1,-1
84,9,968.27,641.02,95.39,275.59,0.91,-1,-1,-1
84,10,410.67,332.83,35.93,78.07,0.97,-1,-1,-1
85,1,788.43,381.69,68.93,145.17,1.00,-1,-1,-1
85,2,419.74,333.94,56.02,97.88,0.98,-1,-1,-1
85,3,379.63,341.93,32.33,94.12,1.00,-1,-1,-1
85,4,1059.28,443.72,107.96,248.36,1.00,-1,-1,-1
85,5,719.25,347.95,62.37,120.16,0.99,-1,-1,-1
85,7,335.79,316.43,34.90,93.04,1.00,-1,-1,-1
85,8,730.15,315.67,38.95,47.43,0.97,-1,-1,-1
85,9,970.94,641.55,92.71,269.57,0.91,-1,-1,-1
85,10,405.27,334.16,38.51,77.80,0.98,-1,-1,-1
86,1,785.65,381.05,70.10,146.15,1.00,-1,-1,-1
86,2,414.21,334.37,65.57,93.51,0.99,-1,-1,-1
86,3,380.12,339.56,32.70,95.22,0.99,-1,-1,-1
86,4,1059.27,443.73,107.94,248.36,1.00,-1,-1,-1
86,5,715.06,345.67,56.24,117.08,1.00,-1,-1,-1
86,7,333.35,317.42,36.85,91.96,0.99,-1,-1,-1
86,8,729.50,315.52,39.53,46.61,0.98,-1,-1,-1
86,9,970.06,643.29,94.18,270.88,0.90,-1,-1,-1
86,10,400.71,335.55,38.96,77.11,0.99,-1,-1,-1
87,1,783.72,380.53,71.69,146.52,1.00,-1,-1,-1
87,2,411.49,335.10,70.24,91.58,0.99,-1,-1,-1
87,3,380.14,338.03,33.46,95.05,0.99,-1,-1,-1
87,4,1058.69,443.88,107.95,248.20,1.00,-1,-1,-1
87,5,713.24,346.38,52.71,114.89,0.99,-1,-1,-1
87,7,332.42,319.08,37.57,90.32,1.00,-1,-1,-1
87,8,731.61,315.48,37.41,46.98,0.96,-1,-1,-1
87,9,970.36,645.14,93.56,268.99,0.89,-1,-1,-1
87,10,398.74,336.24,38.26,75.67,0.96,-1,-1,-1
88,1,780.94,379.75,67.65,146.06,1.00,-1,-1,-1
88,2,410.82,336.80,69.23,89.08,0.99,-1,-1,-1
88,3,379.66,336.48,37.06,92.92,0.99,-1,-1,-1
88,4,1058.44,443.79,107.96,248.29,1.00,-1,-1,-1
88,5,711.99,344.28,47.78,116.06,0.99,-1,-1,-1
88,7,331.58,321.85,37.57,86.98,0.99,-1,-1,-1
88,8,732.75,315.48,35.95,50.22,0.74,-1,-1,-1
88,9,969.81,645.56,94.55,267.09,0.91,-1,-1,-1
88,10,398.20,337.10,37.39,71.83,0.96,-1,-1,-1
88,11,732.15,315.22,36.90,76.50,0.94,-1,-1,-1
89,1,778.73,378.71,64.18,146.93,1.00,-1,-1,-1
89,2,410.13,337.32,70.14,88.19,0.99,-1,-1,-1
89,3,379.09,336.26,39.25,90.95,0.99,-1,-1,-1
89,4,1058.40,443.90,107.96,248.18,0.99,-1,-1,-1
89,5,712.28,344.42,42.26,116.36,0.98,-1,-1,-1
89,7,331.74,324.27,36.99,84.50,1.00,-1,-1,-1
89,8,733.53,315.48,35.40,49.92,0.96,-1,-1,-1
89,9,969.63,645.11,94.95,265.20,0.92,-1,-1,-1
89,10,397.04,337.54,38.25,67.05,0.98,-1,-1,-1
90,1,774.02,377.87,57.44,147.40,1.00,-1,-1,-1
90,2,421.26,336.63,55.38,88.50,0.99,-1,-1,-1
90,3,378.55,337.75,45.31,88.74,1.00,-1,-1,-1
90,4,1058.38,443.94,109.16,248.14,0.99,-1,-1,-1
90,5,709.19,345.40,41.75,115.30,0.99,-1,-1,-1
90,7,331.89,326.53,35.28,82.07,1.00,-1,-1,-1
90,8,733.81,315.62,35.19,50.42,0.94,-1,-1,-1
90,9,969.54,644.34,95.12,267.52,0.92,-1,-1,-1
90,10,393.18,336.90,41.81,72.52,0.98,-1,-1,-1
91,1,769.21,377.55,56.15,147.58,1.00,-1,-1,-1
91,2,417.79,335.62,57.34,89.86,0.99,-1,-1,-1
91,3,378.61,338.33,48.47,87.98,1.00,-1,-1,-1
91,4,1058.96,443.50,108.42,248.88,1.00,-1,-1,-1
91,5,702.57,344.29,47.90,115.97,1.00,-1,-1,-1
91,7,332.05,327.49,34.66,81.19,0.99,-1,-1,-1
91,8,733.91,315.51,35.12,49.43,0.97,-1,-1,-1
91,9,968.89,643.75,95.19,269.01,0.92,-1,-1,-1
91,10,391.90,336.51,43.13,72.31,0.99,-1,-1,-1
92,1,765.44,376.82,54.48,148.24,1.00,-1,-1,-1
92,2,416.23,333.29,57.21,88.59,0.99,-1,-1,-1
92,3,379.18,339.28,50.02,85.94,1.00,-1,-1,-1
92,4,1058.57,443.18,109.31,249.02,1.00,-1,-1,-1
92,5,693.02,345.51,56.93,114.44,0.99,-1,-1,-1
92,7,331.87,328.23,34.15,79.98,1.00,-1,-1,-1
92,8,734.24,315.29,35.09,57.50,0.98,-1,-1,-1
92,9,969.20,643.81,95.21,269.58,0.91,-1,-1,-1
92,10,395.61,335.24,40.47,70.76,0.98,-1,-1,-1
93,1,763.25,376.59,53.91,148.48,1.00,-1,-1,-1
93,2,417.18,331.73,55.96,88.14,1.00,-1,-1,-1
93,3,379.27,339.41,51.48,85.23,1.00,-1,-1,-1
93,4,1058.45,443.81,109.65,247.43,1.00,-1,-1,-1
93,5,686.00,347.22,63.79,112.98,0.99,-1,-1,-1
93,7,331.57,328.08,34.30,80.16,1.00,-1,-1,-1
93,8,734.08,315.52,35.68,64.01,0.95,-1,-1,-1
93,9,969.93,643.56,94.05,269.81,0.91,-1,-1,-1
93,10,397.22,334.80,39.37,69.59,0.97,-1,-1,-1
94,1,761.00,376.50,53.12,147.97,1.00,-1,-1,-1
94,2,419.69,329.52,53.06,90.09,1.00,-1,-1,-1
94,3,381.85,337.49,49.17,83.81,0.99,-1,-1,-1
94,4,1058.38,443.75,109.78,247.43,1.00,-1,-1,-1
94,5,680.37,347.87,67.74,112.46,0.99,-1,-1,-1
94,7,331.49,326.95,34.07,81.45,1.00,-1,-1,-1
94,8,734.29,315.47,35.30,62.17,0.98,-1,-1,-1
94,9,969.58,643.77,94.82,269.31,0.90,-1,-1,-1
94,10,397.60,334.77,44.34,68.58,0.91,-1,-1,-1
95,1,760.59,376.35,51.65,147.32,1.00,-1,-1,-1
95,2,421.16,328.91,51.81,91.42,1.00,-1,-1,-1
95,3,384.80,335.77,46.71,83.95,0.99,-1,-1,-1
95,4,1058.38,443.73,109.83,247.43,1.00,-1,-1,-1
95,5,677.63,349.48,68.20,110.49,1.00,-1,-1,-1
95,7,331.53,325.80,33.71,82.83,1.00,-1,-1,-1
95,8,734.39,315.46,35.16,63.63,0.98,-1,-1,-1
95,9,969.47,643.86,95.12,269.72,0.91,-1,-1,-1
95,10,397.29,334.79,43.57,70.64,0.41,-1,-1,-1
96,1,761.43,376.29,48.70,145.59,1.00,-1,-1,-1
96,2,420.93,329.01,50.91,91.64,1.00,-1,-1,-1
96,3,389.76,334.86,41.57,83.43,1.00,-1,-1,-1
96,4,1058.36,443.71,109.85,247.43,1.00,-1,-1,-1
96,5,676.95,348.87,64.29,107.67,1.00,-1,-1,-1
96,7,331.57,324.62,34.50,83.96,1.00,-1,-1,-1
96,8,734.40,315.59,35.11,59.53,0.97,-1,-1,-1
96,9,968.21,643.59,96.44,270.47,0.91,-1,-1,-1
96,10,402.88,334.94,40.26,73.49,0.27,-1,-1,-1
97,1,762.19,375.99,46.43,145.53,0.99,-1,-1,-1
97,2,421.49,329.41,49.08,91.13,1.00,-1,-1,-1
97,3,391.93,334.12,38.97,83.28,0.99,-1,-1,-1
97,4,1058.39,443.71,109.86,247.44,1.00,-1,-1,-1
97,5,676.91,347.90,62.05,107.57,1.00,-1,-1,-1
97,7,331.64,323.74,35.10,84.98,0.99,-1,-1,-1
97,8,734.14,315.51,35.09,57.54,0.97,-1,-1,-1
97,9,968.96,643.49,95.76,270.75,0.90,-1,-1,-1
98,1,761.58,375.14,45.05,145.06,0.99,-1,-1,-1
98,2,420.65,330.62,47.96,87.36,0.99,-1,-1,-1
98,3,393.43,333.71,40.84,84.47,1.00,-1,-1,-1
98,4,1058.39,443.70,109.85,247.44,1.00,-1,-1,-1
98,5,677.01,347.68,53.45,109.66,1.00,-1,-1,-1
98,7,332.01,323.10,35.63,85.66,1.00,-1,-1,-1
98,8,734.03,315.62,35.09,56.78,0.97,-1,-1,-1
98,9,969.82,643.74,94.30,269.07,0.91,-1,-1,-1
98,10,405.93,336.07,38.35,79.30,0.60,-1,-1,-1
99,1,760.19,374.54,45.24,146.68,1.00,-1,-1,-1
99,2,420.05,332.80,47.27,86.85,0.99,-1,-1,-1
99,3,393.80,334.05,43.56,84.93,1.00,-1,-1,-1
99,4,1058.41,443.70,109.85,247.45,1.00,-1,-1,-1
99,5,677.31,347.32,45.03,111.65,1.00,-1,-1,-1
99,7,332.47,322.59,36.72,86.21,1.00,-1,-1,-1
99,8,734.30,315.67,35.09,57.69,0.98,-1,-1,-1
99,9,969.56,643.86,94.96,270.82,0.90,-1,-1,-1
99,10,402.60,335.74,39.46,77.09,0.12,-1,-1,-1
100,1,756.08,374.18,47.17,146.84,1.00,-1,-1,-1
100,2,418.64,334.21,49.18,85.78,0.98,-1,-1,-1
100,3,394.36,334.50,44.89,83.64,1.00,-1,-1,-1
100,4,1058.40,443.55,109.84,248.19,1.00,-1,-1,-1
100,5,675.66,346.89,43.40,113.16,1.00,-1,-1,-1
100,7,333.12,323.29,38.31,85.52,1.00,-1,-1,-1
100,8,734.40,315.69,35.09,52.99,0.98,-1,-1,-1
100,9,968.85,643.59,95.21,267.91,0.92,-1,-1,-1
100,10,402.98,335.75,41.61,73.53,0.43,-1,-1,-1
101,1,751.03,374.07,51.48,146.91,1.00,-1,-1,-1
101,2,420.19,334.45,47.21,86.30,0.99,-1,-1,-1
101,3,394.51,334.85,46.27,82.28,0.99,-1,-1,-1
101,4,1058.41,443.36,109.84,248.92,1.00,-1,-1,-1
101,5,675.16,347.18,42.28,113.30,1.00,-1,-1,-1
101,7,333.36,324.31,38.92,84.36,0.99,-1,-1,-1
101,8,734.43,315.85,35.09,49.29,0.98,-1,-1,-1
101,9,968.59,643.52,95.31,268.60,0.92,-1,-1,-1
101,10,401.96,335.46,43.87,73.09,0.53,-1,-1,-1
102,1,743.10,374.49,58.88,146.77,1.00,-1,-1,-1
102,2,421.59,334.25,46.31,83.52,1.00,-1,-1,-1
102,3,394.83,335.77,49.71,81.19,0.99,-1,-1,-1
102,4,1058.39,443.43,108.64,248.15,1.00,-1,-1,-1
102,5,672.58,348.35,43.18,113.20,1.00,-1,-1,-1
102,7,332.46,327.56,47.34,81.53,1.00,-1,-1,-1
102,8,734.44,315.92,35.09,48.60,0.98,-1,-1,-1
102,9,969.07,644.67,95.35,266.48,0.88,-1,-1,-1
102,10,403.77,336.26,45.03,69.04,0.67,-1,-1,-1
103,1,738.38,374.65,63.42,147.03,1.00,-1,-1,-1
103,2,422.26,333.26,45.85,81.59,0.99,-1,-1,-1
103,3,394.93,335.96,52.16,81.42,1.00,-1,-1,-1
103,4,1058.41,443.46,108.19,247.86,1.00,-1,-1,-1
103,5,671.44,348.78,43.53,113.17,1.00,-1,-1,-1
103,7,331.71,330.12,53.43,78.96,1.00,-1,-1,-1
103,8,734.44,316.08,35.09,47.15,0.98,-1,-1,-1
103,9,969.26,645.11,95.37,266.29,0.88,-1,-1,-1
103,10,404.08,336.55,46.35,67.52,0.51,-1,-1,-1
104,1,736.52,375.46,64.69,146.67,1.00,-1,-1,-1
104,2,419.92,331.66,48.27,80.61,1.00,-1,-1,-1
104,3,395.50,335.27,54.25,81.83,1.00,-1,-1,-1
104,4,1058.38,443.47,108.01,247.75,1.00,-1,-1,-1
104,5,670.78,348.93,43.09,113.46,1.00,-1,-1,-1
104,7,331.67,330.57,55.15,78.33,1.00,-1,-1,-1
104,8,734.43,315.98,35.09,46.35,0.98,-1,-1,-1
104,9,969.29,645.27,95.36,266.23,0.88,-1,-1,-1
105,1,736.19,375.76,64.59,146.84,1.00,-1,-1,-1
105,2,419.97,331.54,48.27,81.19,1.00,-1,-1,-1
105,3,395.43,335.47,54.76,81.41,1.00,-1,-1,-1
105,4,1058.40,443.32,107.96,248.16,1.00,-1,-1,-1
105,5,670.04,348.09,42.95,114.46,0.99,-1,-1,-1
105,7,331.40,330.12,56.66,79.02,1.00,-1,-1,-1
105,8,734.73,316.09,34.50,46.10,0.98,-1,-1,-1
105,9,968.14,645.32,96.56,270.99,0.87,-1,-1,-1
106,1,735.58,376.32,65.08,146.45,1.00,-1,-1,-1
106,2,420.13,331.35,49.62,81.73,1.00,-1,-1,-1
106,3,395.49,335.24,54.63,81.27,1.00,-1,-1,-1
106,4,1058.39,443.41,107.94,247.87,1.00,-1,-1,-1
106,5,669.21,347.32,42.32,115.28,0.99,-1,-1,-1
106,7,332.85,328.28,61.19,80.19,0.99,-1,-1,-1
106,8,734.54,315.97,34.87,47.55,0.98,-1,-1,-1
106,9,967.69,645.33,97.00,271.01,0.88,-1,-1,-1
107,1,734.86,376.10,64.67,146.75,1.00,-1,-1,-1
107,2,420.50,331.46,50.13,81.95,1.00,-1,-1,-1
107,3,395.50,335.18,54.25,81.24,1.00,-1,-1,-1
107,4,1058.41,443.45,107.94,247.76,1.00,-1,-1,-1
107,5,668.99,347.19,42.12,115.44,0.99,-1,-1,-1
107,7,340.15,326.56,57.64,76.19,0.99,-1,-1,-1
107,8,734.47,315.93,35.01,48.40,0.98,-1,-1,-1
107,9,967.54,645.34,97.18,271.60,0.88,-1,-1,-1
108,1,730.84,375.86,66.81,147.02,1.00,-1,-1,-1
108,2,419.89,332.85,54.91,76.69,1.00,-1,-1,-1
108,3,395.30,334.87,54.95,82.14,1.00,-1,-1,-1
108,4,1058.39,443.46,107.95,247.72,1.00,-1,-1,-1
108,5,668.95,344.77,41.46,117.86,0.99,-1,-1,-1
108,7,355.50,326.34,47.53,74.05,0.98,-1,-1,-1
108,8,734.43,315.92,35.07,47.84,0.98,-1,-1,-1
108,9,968.66,645.64,96.06,269.44,0.87,-1,-1,-1
109,1,727.37,375.48,68.76,147.71,1.00,-1,-1,-1
109,2,419.27,334.02,59.39,78.38,0.99,-1,-1,-1
109,3,395.25,334.17,54.90,82.48,1.00,-1,-1,-1
109,4,1058.41,443.76,107.96,248.00,1.00,-1,-1,-1
109,5,669.02,343.14,41.24,119.50,0.99,-1,-1,-1
109,7,363.18,326.73,48.39,71.78,0.99,-1,-1,-1
109,8,734.44,315.92,35.09,47.64,0.98,-1,-1,-1
109,9,969.11,645.74,95.63,268.61,0.88,-1,-1,-1
110,1,722.34,375.62,68.90,147.67,1.00,-1,-1,-1
110,2,424.29,334.40,56.47,76.90,1.00,-1,-1,-1
110,3,395.36,331.52,55.14,85.00,1.00,-1,-1,-1
110,4,1058.41,443.72,107.95,248.25,1.00,-1,-1,-1
110,5,669.09,341.48,41.18,119.23,0.99,-1,-1,-1
110,7,366.31,326.39,51.65,71.30,0.99,-1,-1,-1
110,8,734.74,315.90,34.50,46.68,0.98,-1,-1,-1
110,9,969.27,645.47,95.45,265.91,0.89,-1,-1,-1
111,1,719.31,375.68,69.50,147.65,1.00,-1,-1,-1
111,2,426.97,334.55,55.20,75.17,1.00,-1,-1,-1
111,3,394.95,330.97,55.50,85.95,0.99,-1,-1,-1
111,4,1058.42,443.71,107.95,248.36,1.00,-1,-1,-1
111,5,669.16,340.27,41.77,117.92,0.99,-1,-1,-1
111,7,367.14,325.20,62.12,72.37,0.98,-1,-1,-1
111,8,734.86,316.04,34.28,46.33,0.98,-1,-1,-1
111,9,969.34,645.66,95.39,263.71,0.90,-1,-1,-1
112,1,718.54,375.84,66.77,148.39,1.00,-1,-1,-1
112,2,428.43,331.85,54.84,81.83,0.99,-1,-1,-1
112,3,394.64,331.50,56.50,85.43,0.99,-1,-1,-1
112,4,1058.43,443.84,107.95,248.84,1.00,-1,-1,-1
112,5,668.03,338.64,44.39,112.94,0.99,-1,-1,-1
112,7,371.35,322.96,69.67,74.58,0.95,-1,-1,-1
112,8,734.61,316.09,34.79,47.12,0.98,-1,-1,-1
112,9,968.76,645.43,95.36,259.32,0.93,-1,-1,-1
113,1,718.66,375.77,63.88,149.11,1.00,-1,-1,-1
113,2,434.25,330.77,49.38,83.34,0.99,-1,-1,-1
113,3,394.92,332.35,57.45,84.63,0.99,-1,-1,-1
113,4,1058.43,443.91,107.97,249.02,1.00,-1,-1,-1
113,5,666.44,338.07,46.54,111.65,0.99,-1,-1,-1
113,7,372.06,320.24,75.57,77.21,0.37,-1,-1,-1
113,8,734.80,315.97,34.40,47.72,0.97,-1,-1,-1
113,9,968.55,645.36,95.37,256.50,0.93,-1,-1,-1
114,1,720.94,375.74,59.15,149.37,1.00,-1,-1,-1
114,2,442.05,328.73,44.44,86.28,1.00,-1,-1,-1
114,3,398.70,328.81,52.52,84.02,1.00,-1,-1,-1
114,4,1058.44,443.93,107.97,249.08,1.00,-1,-1,-1
114,5,667.03,339.99,47.37,109.08,1.00,-1,-1,-1
114,8,734.88,315.92,34.25,47.36,0.98,-1,-1,-1
114,9,969.66,645.92,94.18,251.29,0.95,-1,-1,-1
114,10,424.35,315.70,39.59,81.09,0.90,-1,-1,-1
115,1,722.51,375.74,56.76,149.47,1.00,-1,-1,-1
115,2,447.24,327.97,41.45,86.24,0.98,-1,-1,-1
115,3,402.87,329.43,47.77,82.01,1.00,-1,-1,-1
115,4,1058.43,443.94,107.98,249.12,1.00,-1,-1,-1
115,5,667.57,341.64,48.86,106.64,0.99,-1,-1,-1
115,8,734.89,315.91,34.19,47.53,0.98,-1,-1,-1
115,9,970.67,646.15,93.74,254.84,0.92,-1,-1,-1
115,10,428.51,313.84,42.62,81.97,0.96,-1,-1,-1
116,1,722.23,376.78,57.15,149.05,1.00,-1,-1,-1
116,2,455.57,325.93,37.94,87.66,0.96,-1,-1,-1
116,3,410.76,329.54,42.31,81.25,0.99,-1,-1,-1
116,4,1058.43,443.80,107.97,249.26,1.00,-1,-1,-1
116,5,668.40,342.27,51.74,105.76,1.00,-1,-1,-1
116,8,734.91,315.91,34.17,47.60,0.97,-1,-1,-1
116,9,970.45,646.81,93.57,252.59,0.94,-1,-1,-1
116,10,433.92,311.57,43.11,81.69,0.96,-1,-1,-1
117,1,721.55,378.52,59.12,147.55,1.00,-1,-1,-1
117,2,457.98,325.04,38.70,88.20,0.95,-1,-1,-1
117,3,414.57,329.32,38.18,80.98,0.99,-1,-1,-1
117,4,1058.44,443.89,107.99,249.17,1.00,-1,-1,-1
117,5,668.14,341.16,53.99,106.98,1.00,-1,-1,-1
117,8,734.60,315.91,34.77,48.82,0.96,-1,-1,-1
117,9,970.36,647.37,93.53,251.20,0.94,-1,-1,-1
117,10,438.87,309.74,40.92,80.09,0.96,-1,-1,-1
118,1,721.07,383.50,63.41,142.35,1.00,-1,-1,-1
118,2,458.78,325.91,42.66,88.67,0.98,-1,-1,-1
118,3,416.91,328.36,34.91,81.19,1.00,-1,-1,-1
118,4,1058.46,443.93,107.99,249.13,1.00,-1,-1,-1
118,5,669.81,338.67,52.57,108.64,0.99,-1,-1,-1
118,8,734.52,315.77,34.99,60.17,0.95,-1,-1,-1
118,9,969.76,647.87,94.71,257.91,0.92,-1,-1,-1
118,10,448.63,310.29,35.19,80.32,0.95,-1,-1,-1
119,1,722.92,387.94,65.62,140.54,1.00,-1,-1,-1
119,2,461.94,327.15,48.18,87.07,0.99,-1,-1,-1
119,3,418.19,328.32,33.26,80.98,1.00,-1,-1,-1
119,4,1058.46,443.95,108.00,249.12,1.00,-1,-1,-1
119,5,671.66,335.38,50.77,111.08,0.99,-1,-1,-1
119,8,734.46,315.59,35.08,66.48,0.95,-1,-1,-1
119,9,969.51,648.07,95.17,259.25,0.92,-1,-1,-1
119,10,456.04,309.67,31.63,75.09,0.80,-1,-1,-1
120,1,726.92,393.57,67.63,136.14,1.00,-1,-1,-1
120,2,465.43,328.97,56.57,84.94,0.99,-1,-1,-1
120,3,418.56,328.16,35.67,80.91,1.00,-1,-1,-1
120,4,1058.47,443.77,108.00,249.25,1.00,-1,-1,-1
120,5,676.26,333.68,47.09,109.34,1.00,-1,-1,-1
120,8,734.46,315.77,35.11,55.55,0.96,-1,-1,-1
120,9,969.43,648.09,95.34,254.42,0.94,-1,-1,-1
120,10,463.52,307.07,35.03,78.77,0.76,-1,-1,-1
121,1,729.35,394.55,68.97,136.20,1.00,-1,-1,-1
121,2,468.96,328.16,62.65,85.03,0.99,-1,-1,-1
121,3,418.80,328.40,36.46,80.89,1.00,-1,-1,-1
121,4,1058.45,443.85,108.00,249.15,1.00,-1,-1,-1
121,5,678.60,331.12,45.06,108.08,1.00,-1,-1,-1
121,8,734.44,315.69,35.12,50.44,0.96,-1,-1,-1
121,9,969.38,648.09,95.40,255.59,0.93,-1,-1,-1
121,10,467.13,305.27,40.24,97.05,0.91,-1,-1,-1
122,1,731.24,391.82,74.13,136.25,1.00,-1,-1,-1
122,2,469.04,326.66,71.26,85.65,0.99,-1,-1,-1
122,3,419.19,330.13,38.02,79.10,1.00,-1,-1,-1
122,4,1058.47,443.86,107.99,248.50,1.00,-1,-1,-1
122,5,678.87,328.39,45.55,106.71,1.00,-1,-1,-1
122,8,734.78,315.65,34.52,53.86,0.97,-1,-1,-1
122,9,969.39,648.34,95.42,256.02,0.93,-1,-1,-1
123,1,733.33,389.26,80.07,136.32,1.00,-1,-1,-1
123,2,473.59,325.66,70.37,86.48,0.99,-1,-1,-1
123,3,419.06,330.65,38.62,78.44,0.99,-1,-1,-1
123,4,1058.45,443.88,108.00,248.27,1.00,-1,-1,-1
123,5,678.89,327.72,45.73,105.62,1.00,-1,-1,-1
123,8,734.85,315.78,34.30,54.15,0.98,-1,-1,-1
123,9,969.35,648.16,95.42,257.41,0.93,-1,-1,-1
124,1,736.97,385.55,75.61,130.99,1.00,-1,-1,-1
124,2,477.66,322.61,69.27,86.79,0.99,-1,-1,-1
124,3,418.79,330.96,38.56,78.21,1.00,-1,-1,-1
124,4,1058.43,443.88,107.99,248.19,1.00,-1,-1,-1
124,5,679.77,327.20,44.01,104.04,1.00,-1,-1,-1
124,8,734.87,315.82,34.22,51.00,0.96,-1,-1,-1
124,9,969.32,648.07,95.42,257.36,0.93,-1,-1,-1
124,10,495.34,302.67,34.47,82.88,0.89,-1,-1,-1
125,1,739.33,383.37,73.63,127.96,1.00,-1,-1,-1
125,2,481.15,319.85,65.88,88.09,0.99,-1,-1,-1
125,3,418.16,330.35,36.77,78.14,1.00,-1,-1,-1
125,4,1058.41,444.05,108.00,247.73,1.00,-1,-1,-1
125,5,680.97,324.81,43.36,105.28,1.00,-1,-1,-1
125,8,734.86,316.00,34.19,47.92,0.97,-1,-1,-1
125,9,969.31,648.36,95.42,257.95,0.93,-1,-1,-1
125,10,500.63,300.56,35.42,79.54,0.96,-1,-1,-1
126,1,743.15,378.44,66.33,130.10,1.00,-1,-1,-1
126,2,489.45,315.84,56.80,91.53,0.99,-1,-1,-1
126,3,416.35,328.14,37.01,79.33,1.00,-1,-1,-1
126,4,1058.40,443.94,107.99,248.01,1.00,-1,-1,-1
126,5,681.98,321.40,43.14,107.84,1.00,-1,-1,-1
126,8,734.85,315.73,34.18,48.31,0.96,-1,-1,-1
126,9,969.28,648.74,95.41,252.23,0.96,-1,-1,-1
126,10,509.03,301.27,35.67,76.38,0.91,-1,-1,-1
127,1,745.80,374.31,61.62,132.70,1.00,-1,-1,-1
127,2,493.69,314.98,51.92,91.94,0.99,-1,-1,-1
127,3,414.92,326.77,36.51,79.19,0.99,-1,-1,-1
127,4,1058.39,444.07,108.00,247.66,1.00,-1,-1,-1
127,5,680.83,319.91,44.27,107.92,0.99,-1,-1,-1
127,8,734.84,315.67,34.18,48.46,0.96,-1,-1,-1
127,9,969.28,648.60,95.42,250.06,0.96,-1,-1,-1
128,1,746.70,368.64,59.94,133.42,1.00,-1,-1,-1
128,2,499.08,313.83,50.83,91.48,1.00,-1,-1,-1
128,3,412.87,325.39,32.43,79.74,0.99,-1,-1,-1
128,4,1058.40,444.13,108.00,247.53,1.00,-1,-1,-1
128,5,678.91,319.27,46.48,105.58,0.99,-1,-1,-1
128,8,734.85,315.81,34.18,47.02,0.98,-1,-1,-1
128,9,969.29,648.85,95.42,248.68,0.96,-1,-1,-1
129,1,747.59,366.25,58.76,125.38,1.00,-1,-1,-1
129,2,502.08,313.31,51.07,91.28,1.00,-1,-1,-1
129,3,410.50,323.12,30.90,82.02,0.99,-1,-1,-1
129,4,1058.40,444.30,108.01,247.63,1.00,-1,-1,-1
129,5,677.59,319.26,48.49,102.59,0.99,-1,-1,-1
129,8,734.55,315.88,34.78,47.69,0.97,-1,-1,-1
129,9,969.30,648.95,95.42,248.80,0.96,-1,-1,-1
129,10,529.27,301.25,36.67,77.40,0.96,-1,-1,-1
130,1,751.22,363.61,55.31,123.55,1.00,-1,-1,-1
130,2,504.55,316.57,51.17,87.93,1.00,-1,-1,-1
130,3,407.04,321.70,30.42,82.01,0.99,-1,-1,-1
130,4,1057.82,444.23,109.20,248.13,1.00,-1,-1,-1
130,5,676.19,318.57,50.43,99.08,0.99,-1,-1,-1
130,8,734.73,315.91,34.41,49.74,0.95,-1,-1,-1
130,9,969.31,648.99,95.43,248.28,0.96,-1,-1,-1
130,10,536.09,299.01,41.74,79.64,0.96,-1,-1,-1
131,1,754.66,363.03,52.21,122.33,0.99,-1,-1,-1
131,2,504.71,320.13,52.42,84.22,1.00,-1,-1,-1
131,3,405.07,320.46,29.97,82.88,0.99,-1,-1,-1
131,4,1057.58,444.36,109.65,247.86,1.00,-1,-1,-1
131,5,675.06,318.23,51.75,96.60,1.00,-1,-1,-1
131,8,734.79,315.93,34.27,50.50,0.96,-1,-1,-1
131,9,969.30,649.01,95.42,248.11,0.96,-1,-1,-1
131,10,536.05,294.69,48.00,84.56,0.99,-1,-1,-1
132,1,757.37,359.86,50.54,120.72,1.00,-1,-1,-1
132,2,506.44,325.12,51.69,79.51,0.99,-1,-1,-1
132,3,400.86,320.01,31.99,80.84,0.99,-1,-1,-1
132,4,1058.69,443.80,108.63,248.96,1.00,-1,-1,-1
132,5,676.95,317.69,51.09,93.91,1.00,-1,-1,-1
132,8,734.82,316.08,34.22,48.43,0.98,-1,-1,-1
132,9,970.50,649.60,94.24,243.31,0.96,-1,-1,-1
132,10,551.14,294.54,40.55,83.50,0.86,-1,-1,-1
133,1,758.55,356.63,50.01,122.00,1.00,-1,-1,-1
133,2,506.66,327.40,50.81,77.18,0.99,-1,-1,-1
133,3,398.95,319.56,32.71,80.05,0.99,-1,-1,-1
133,4,1059.10,443.59,108.23,249.37,1.00,-1,-1,-1
133,5,678.00,318.13,50.80,92.36,1.00,-1,-1,-1
133,8,734.53,316.12,34.79,48.52,0.98,-1,-1,-1
133,9,971.53,649.20,92.58,241.52,0.97,-1,-1,-1
133,10,561.21,295.12,36.40,81.84,0.96,-1,-1,-1
134,1,759.82,352.64,51.10,123.86,0.99,-1,-1,-1
134,2,505.71,329.25,49.88,75.16,0.99,-1,-1,-1
134,3,395.60,318.95,35.68,80.05,0.99,-1,-1,-1
134,4,1058.65,443.93,108.07,248.78,1.00,-1,-1,-1
134,5,680.46,319.22,49.49,90.64,1.00,-1,-1,-1
134,8,734.71,315.97,34.42,56.02,0.99,-1,-1,-1
134,9,971.90,649.33,91.97,240.31,0.97,-1,-1,-1
134,10,570.69,293.74,36.76,79.09,0.22,-1,-1,-1
135,1,762.33,349.30,49.72,124.44,0.99,-1,-1,-1
135,2,504.04,329.45,49.54,72.94,0.99,-1,-1,-1
135,3,393.79,318.76,36.79,79.76,1.00,-1,-1,-1
135,4,1058.48,444.08,108.02,248.55,1.00,-1,-1,-1
135,5,679.61,320.43,50.16,89.45,1.00,-1,-1,-1
135,8,734.48,315.79,34.87,57.59,0.97,-1,-1,-1
135,9,972.03,649.69,91.75,240.50,0.97,-1,-1,-1
135,10,575.97,291.94,46.46,82.23,0.71,-1,-1,-1
136,1,765.00,346.63,51.70,119.92,0.99,-1,-1,-1
136,2,501.22,328.71,50.03,70.96,0.99,-1,-1,-1
136,3,393.84,316.62,36.35,81.15,1.00,-1,-1,-1
136,4,1059.00,444.28,108.00,248.02,1.00,-1,-1,-1
136,5,678.97,321.80,50.41,87.86,1.00,-1,-1,-1
136,8,734.38,315.84,35.04,53.31,0.98,-1,-1,-1
136,9,972.06,649.82,91.68,239.43,0.96,-1,-1,-1
136,10,580.83,291.14,48.80,84.26,0.98,-1,-1,-1
137,1,766.24,345.61,48.84,118.08,0.99,-1,-1,-1
137,2,498.66,328.28,51.41,70.61,0.99,-1,-1,-1
137,3,393.98,315.87,35.88,80.48,0.99,-1,-1,-1
137,4,1059.21,443.78,107.99,249.01,1.00,-1,-1,-1
137,5,679.92,322.19,49.31,87.34,0.99,-1,-1,-1
137,8,734.07,315.89,35.10,52.40,0.98,-1,-1,-1
137,9,972.08,649.87,91.66,239.65,0.97,-1,-1,-1
137,10,583.37,291.05,50.31,84.14,0.99,-1,-1,-1
138,1,768.10,344.26,48.40,112.77,0.99,-1,-1,-1
138,2,495.87,326.73,49.57,71.45,0.99,-1,-1,-1
138,3,393.77,315.90,34.80,76.95,0.99,-1,-1,-1
138,4,1059.27,443.42,107.99,249.83,1.00,-1,-1,-1
138,5,679.08,322.77,50.67,86.89,1.00,-1,-1,-1
138,8,734.53,315.90,34.53,49.68,0.98,-1,-1,-1
138,9,972.06,649.88,91.67,239.78,0.96,-1,-1,-1
138,10,592.67,295.63,42.31,74.61,0.90,-1,-1,-1
139,1,768.43,343.41,46.44,111.46,1.00,-1,-1,-1
139,2,492.37,323.74,50.66,74.50,1.00,-1,-1,-1
139,3,393.78,315.20,33.79,75.60,0.99,-1,-1,-1
139,4,1059.31,443.88,107.99,248.94,1.00,-1,-1,-1
139,5,679.37,322.99,51.17,87.08,1.00,-1,-1,-1
139,8,734.13,315.90,34.90,50.15,0.98,-1,-1,-1
139,9,972.06,649.87,91.68,239.26,0.96,-1,-1,-1
139,10,599.03,296.12,43.11,76.70,0.98,-1,-1,-1
140,1,768.13,341.62,45.15,110.44,1.00,-1,-1,-1
140,2,489.59,318.89,42.76,79.20,0.99,-1,-1,-1
140,3,394.13,312.66,33.11,76.94,1.00,-1,-1,-1
140,4,1059.30,443.88,107.98,249.05,1.00,-1,-1,-1
140,5,679.17,323.33,51.35,86.89,1.00,-1,-1,-1
140,8,733.97,315.86,35.04,49.13,0.98,-1,-1,-1
140,9,972.04,649.83,91.68,240.29,0.97,-1,-1,-1
140,10,613.02,295.35,55.19,76.81,0.77,-1,-1,-1
141,1,768.28,340.63,44.72,111.03,1.00,-1,-1,-1
141,2,488.52,316.97,38.97,80.99,0.99,-1,-1,-1
141,3,394.01,311.05,34.38,77.74,0.99,-1,-1,-1
141,4,1059.31,443.17,107.98,249.83,1.00,-1,-1,-1
141,5,679.11,323.50,51.41,87.46,1.00,-1,-1,-1
141,8,734.23,316.04,34.50,47.24,0.98,-1,-1,-1
141,9,972.04,649.84,91.70,240.70,0.97,-1,-1,-1
141,10,619.67,294.22,39.62,77.46,0.83,-1,-1,-1
142,1,768.28,340.18,45.22,107.69,1.00,-1,-1,-1
142,2,489.44,312.13,37.76,79.35,0.99,-1,-1,-1
142,3,394.42,309.58,36.61,77.16,1.00,-1,-1,-1
142,4,1059.31,443.79,107.98,248.93,1.00,-1,-1,-1
142,5,676.41,321.16,53.79,90.99,1.00,-1,-1,-1
142,8,734.62,316.09,34.29,45.93,0.98,-1,-1,-1
142,9,972.63,650.73,91.71,242.67,0.94,-1,-1,-1
142,10,628.17,293.21,37.77,80.39,0.88,-1,-1,-1
142,12,642.60,292.50,31.50,79.20,0.81,-1,-1,-1
143,1,768.24,340.42,46.03,106.50,1.00,-1,-1,-1
143,2,489.77,309.44,37.39,78.69,0.99,-1,-1,-1
143,3,394.89,309.69,38.62,75.75,0.99,-1,-1,-1
143,4,1059.31,444.04,107.99,248.58,1.00,-1,-1,-1
143,5,675.70,321.19,54.09,91.43,1.00,-1,-1,-1
143,8,734.77,316.13,34.22,46.07,0.98,-1,-1,-1
143,9,972.86,651.07,91.72,243.41,0.94,-1,-1,-1
143,10,638.84,291.84,37.22,82.36,0.61,-1,-1,-1
144,1,767.30,339.04,48.75,106.73,1.00,-1,-1,-1
144,2,489.90,307.86,36.08,78.44,0.98,-1,-1,-1
144,3,396.11,309.61,41.12,72.53,0.99,-1,-1,-1
144,4,1059.31,444.11,107.99,248.45,1.00,-1,-1,-1
144,5,670.14,317.94,58.30,95.17,0.99,-1,-1,-1
144,8,734.23,315.98,34.79,47.94,0.97,-1,-1,-1
144,9,972.94,651.18,91.74,243.70,0.94,-1,-1,-1
144,10,640.88,292.34,43.72,82.52,0.86,-1,-1,-1
145,1,768.99,338.29,49.76,106.86,0.99,-1,-1,-1
145,2,489.34,307.03,35.66,78.94,0.99,-1,-1,-1
145,3,399.90,310.56,38.38,69.21,0.99,-1,-1,-1
145,4,1059.32,444.15,108.00,248.40,1.00,-1,-1,-1
145,5,669.21,316.01,51.29,97.16,0.99,-1,-1,-1
145,8,734.03,316.08,35.00,48.05,0.97,-1,-1,-1
145,9,972.97,651.22,91.74,243.82,0.94,-1,-1,-1
145,10,642.61,289.47,40.92,85.22,0.69,-1,-1,-1
145,13,663.30,301.05,27.90,67.95,0.87,-1,-1,-1
146,1,769.90,337.46,50.75,103.06,0.99,-1,-1,-1
146,2,488.52,305.87,38.64,77.65,0.99,-1,-1,-1
146,3,407.46,308.32,32.11,70.49,1.00,-1,-1,-1
146,4,1059.31,444.16,107.99,248.39,1.00,-1,-1,-1
146,5,667.37,313.95,47.03,94.70,1.00,-1,-1,-1
146,8,733.96,316.11,35.08,47.20,0.98,-1,-1,-1
146,9,972.97,651.52,91.75,243.27,0.94,-1,-1,-1
146,10,662.80,296.28,31.78,71.05,0.95,-1,-1,-1
147,1,769.63,337.55,52.31,99.86,0.99,-1,-1,-1
147,2,488.24,304.47,36.74,78.05,0.99,-1,-1,-1
147,3,412.44,306.67,28.10,71.86,0.99,-1,-1,-1
147,4,1059.31,444.18,108.00,248.38,1.00,-1,-1,-1
147,5,664.89,314.10,46.76,93.72,0.99,-1,-1,-1
147,8,733.93,316.15,35.11,46.88,0.97,-1,-1,-1
147,9,972.97,651.66,91.76,243.06,0.94,-1,-1,-1
147,10,672.56,299.82,26.14,61.33,0.75,-1,-1,-1
148,1,770.37,338.40,53.48,97.84,0.99,-1,-1,-1
148,2,488.14,304.74,36.02,76.12,0.99,-1,-1,-1
148,3,416.46,304.15,25.49,73.89,0.99,-1,-1,-1
148,4,1059.30,444.20,108.00,248.38,1.00,-1,-1,-1
148,5,657.99,315.83,50.91,90.67,0.99,-1,-1,-1
148,8,734.21,315.71,35.12,59.94,0.96,-1,-1,-1
148,9,972.95,651.70,91.76,244.77,0.94,-1,-1,-1
149,1,771.22,338.76,52.76,96.56,0.99,-1,-1,-1
149,2,487.81,305.83,35.79,73.89,1.00,-1,-1,-1
149,3,417.89,302.95,24.67,74.96,0.99,-1,-1,-1
149,4,1059.30,444.20,108.00,248.38,1.00,-1,-1,-1
149,5,649.70,318.78,57.64,91.63,0.99,-1,-1,-1
149,8,734.61,315.99,34.53,51.74,0.98,-1,-1,-1
149,9,972.35,651.72,92.96,246.01,0.93,-1,-1,-1
149,10,683.54,297.16,31.98,60.51,0.69,-1,-1,-1
150,1,771.52,339.08,51.29,94.64,0.99,-1,-1,-1
150,2,488.01,307.04,35.13,72.16,1.00,-1,-1,-1
150,3,418.00,301.66,26.64,75.67,0.99,-1,-1,-1
150,4,1059.30,444.20,108.01,248.38,1.00,-1,-1,-1
150,5,645.12,323.14,61.36,89.60,0.99,-1,-1,-1
150,8,734.78,316.27,34.30,47.35,0.98,-1,-1,-1
150,9,972.13,651.72,93.42,247.06,0.93,-1,-1,-1
150,10,685.76,299.76,32.69,59.79,0.12,-1,-1,-1
151,1,772.51,338.59,49.52,94.31,0.99,-1,-1,-1
151,2,488.11,307.65,34.91,70.94,1.00,-1,-1,-1
151,3,418.20,301.04,28.51,75.94,0.99,-1,-1,-1
151,4,1059.32,444.18,108.01,248.38,1.00,-1,-1,-1
151,5,643.65,324.78,60.01,90.64,1.00,-1,-1,-1
151,8,734.85,316.20,34.22,45.76,0.98,-1,-1,-1
151,9,972.06,651.70,93.58,247.46,0.93,-1,-1,-1
151,10,689.14,299.46,34.66,59.53,0.59,-1,-1,-1
152,1,774.37,336.32,47.05,96.37,0.99,-1,-1,-1
152,2,487.86,308.05,34.85,70.21,1.00,-1,-1,-1
152,3,420.74,302.17,25.99,74.56,1.00,-1,-1,-1
152,4,1058.74,443.72,109.20,249.13,1.00,-1,-1,-1
152,5,642.93,324.92,59.38,94.01,1.00,-1,-1,-1
152,8,734.59,316.31,34.19,44.90,0.99,-1,-1,-1
152,9,972.05,651.67,93.64,241.07,0.95,-1,-1,-1
152,10,695.75,298.75,37.69,71.25,0.96,-1,-1,-1
152,14,679.05,300.60,30.60,72.90,0.74,-1,-1,-1
153,1,775.01,334.89,46.14,97.16,0.99,-1,-1,-1
153,2,488.07,307.90,34.85,69.67,0.99,-1,-1,-1
153,3,421.64,303.53,25.61,73.13,1.00,-1,-1,-1
153,4,1058.51,444.14,109.64,248.22,1.00,-1,-1,-1
153,5,642.44,323.33,60.87,97.63,0.99,-1,-1,-1
153,8,734.17,316.35,34.78,44.89,0.98,-1,-1,-1
153,9,972.02,651.65,93.66,239.22,0.95,-1,-1,-1
153,10,698.21,298.06,38.86,75.95,0.98,-1,-1,-1
154,1,774.30,332.44,45.22,96.91,0.99,-1,-1,-1
154,2,488.45,305.89,33.66,70.71,1.00,-1,-1,-1
154,3,422.37,304.21,25.80,72.30,1.00,-1,-1,-1
154,4,1058.42,443.70,109.80,249.07,1.00,-1,-1,-1
154,5,646.97,326.19,60.83,96.09,0.99,-1,-1,-1
154,8,734.02,316.20,35.00,45.50,0.98,-1,-1,-1
154,9,971.42,651.64,94.84,239.75,0.95,-1,-1,-1
154,10,699.81,307.74,36.99,70.46,0.63,-1,-1,-1
154,15,699.75,292.95,22.50,66.15,0.86,-1,-1,-1
155,1,773.40,330.81,48.54,97.15,0.99,-1,-1,-1
155,2,488.59,304.86,33.24,70.81,1.00,-1,-1,-1
155,3,423.19,303.74,24.97,72.31,0.99,-1,-1,-1
155,4,1058.38,443.98,109.85,248.65,1.00,-1,-1,-1
155,5,662.30,327.45,50.81,95.76,0.98,-1,-1,-1
155,8,734.55,316.15,34.49,46.03,0.98,-1,-1,-1
155,9,971.77,651.64,94.10,238.78,0.95,-1,-1,-1
155,10,696.85,307.49,33.77,72.19,0.95,-1,-1,-1
155,15,697.23,290.24,26.82,75.51,0.97,-1,-1,-1
156,1,768.68,330.24,53.83,96.37,0.99,-1,-1,-1
156,2,488.95,304.65,33.11,72.06,0.99,-1,-1,-1
156,3,424.51,301.19,26.82,73.51,0.99,-1,-1,-1
156,4,1058.97,444.10,108.68,248.49,1.00,-1,-1,-1
156,5,659.53,329.54,59.29,93.84,0.99,-1,-1,-1
156,8,734.76,316.28,34.29,46.24,0.98,-1,-1,-1
156,9,971.32,651.64,95.00,240.22,0.95,-1,-1,-1
156,10,699.34,306.67,31.86,75.72,0.88,-1,-1,-1
156,15,697.76,287.91,27.60,80.89,0.97,-1,-1,-1
157,1,764.87,330.54,58.14,93.70,1.00,-1,-1,-1
157,2,489.39,306.09,31.87,68.98,0.99,-1,-1,-1
157,3,424.67,299.98,28.07,73.97,0.99,-1,-1,-1
157,4,1058.60,444.29,109.43,247.98,1.00,-1,-1,-1
157,5,660.66,330.92,63.63,92.20,0.99,-1,-1,-1
157,8,734.83,316.19,34.22,46.31,0.99,-1,-1,-1
157,9,971.15,651.64,95.33,240.77,0.95,-1,-1,-1
157,10,699.77,308.67,31.14,72.72,0.83,-1,-1,-1
157,15,697.96,287.06,28.58,80.59,0.98,-1,-1,-1
158,1,756.82,330.70,64.96,92.74,1.00,-1,-1,-1
158,2,489.24,308.36,31.44,68.11,0.99,-1,-1,-1
158,3,424.84,299.56,27.38,73.25,1.00,-1,-1,-1
158,4,1058.46,444.37,109.71,247.79,1.00,-1,-1,-1
158,5,667.41,332.61,57.39,90.69,0.99,-1,-1,-1
158,8,734.86,316.17,34.19,46.04,0.98,-1,-1,-1
158,9,971.10,651.65,95.46,240.99,0.94,-1,-1,-1
158,10,703.71,310.35,34.49,74.68,0.74,-1,-1,-1
158,15,697.04,287.34,30.19,81.27,0.98,-1,-1,-1
159,1,753.36,331.08,70.99,92.71,1.00,-1,-1,-1
159,2,489.80,309.48,28.26,67.21,0.98,-1,-1,-1
159,3,424.99,299.27,26.52,73.58,1.00,-1,-1,-1
159,4,1058.41,444.39,109.81,247.72,1.00,-1,-1,-1
159,5,671.19,330.94,57.68,92.23,0.99,-1,-1,-1
159,8,734.87,316.44,34.19,45.64,0.99,-1,-1,-1
159,9,970.49,651.64,96.68,242.87,0.94,-1,-1,-1
159,10,706.86,308.47,32.82,74.80,0.87,-1,-1,-1
159,15,695.16,287.79,35.69,84.62,0.98,-1,-1,-1
160,1,751.97,327.65,67.30,95.14,0.99,-1,-1,-1
160,2,488.11,311.56,29.01,66.30,0.99,-1,-1,-1
160,3,425.61,300.52,25.59,72.22,0.99,-1,-1,-1
160,4,1058.38,444.39,109.84,247.69,1.00,-1,-1,-1
160,5,672.81,327.03,64.31,95.78,0.99,-1,-1,-1
160,8,734.87,316.10,34.18,45.79,0.90,-1,-1,-1
160,9,970.84,651.62,95.95,241.79,0.95,-1,-1,-1
160,10,710.85,306.39,30.87,79.50,0.91,-1,-1,-1
160,15,691.90,288.58,41.11,87.29,0.98,-1,-1,-1
161,1,751.20,326.39,65.01,96.05,0.99,-1,-1,-1
161,2,486.95,312.16,30.47,68.10,0.99,-1,-1,-1
161,3,426.11,302.21,25.25,70.51,0.99,-1,-1,-1
161,4,1058.39,444.38,109.85,247.69,1.00,-1,-1,-1
161,5,673.70,323.04,70.72,99.46,0.99,-1,-1,-1
161,8,733.39,315.81,35.97,45.55,0.98,-1,-1,-1
161,9,970.99,651.61,95.66,241.38,0.94,-1,-1,-1
161,10,709.12,305.88,39.27,82.70,0.10,-1,-1,-1
161,15,690.31,288.73,43.86,90.02,0.98,-1,-1,-1
162,1,753.59,323.88,57.02,96.42,0.99,-1,-1,-1
162,2,485.93,311.78,31.02,69.96,0.99,-1,-1,-1
162,3,426.40,303.02,25.74,71.08,0.99,-1,-1,-1
162,4,1059.57,443.79,108.66,248.88,1.00,-1,-1,-1
162,5,677.67,319.47,74.39,102.61,0.98,-1,-1,-1
162,8,732.82,315.56,37.80,45.76,0.48,-1,-1,-1
162,9,972.23,652.50,94.35,244.21,0.92,-1,-1,-1
162,10,712.83,311.73,42.64,80.74,0.27,-1,-1,-1
162,15,689.66,289.25,42.09,87.70,0.99,-1,-1,-1
163,1,754.01,321.78,55.05,97.76,0.99,-1,-1,-1
163,2,485.26,311.77,31.25,70.67,0.99,-1,-1,-1
163,3,426.50,303.47,25.93,71.01,0.99,-1,-1,-1
163,4,1060.03,443.56,108.21,249.33,1.00,-1,-1,-1
163,5,681.27,317.80,76.39,102.93,0.99,-1,-1,-1
163,8,733.20,315.61,36.77,45.54,0.15,-1,-1,-1
163,9,972.11,651.94,95.05,244.68,0.94,-1,-1,-1
163,10,717.91,313.77,46.85,82.52,0.54,-1,-1,-1
163,15,689.17,289.75,40.58,82.76,0.99,-1,-1,-1
164,1,752.95,311.41,52.55,105.65,0.99,-1,-1,-1
164,2,485.60,311.75,31.35,71.54,0.99,-1,-1,-1
164,3,426.64,303.19,26.00,71.88,0.99,-1,-1,-1
164,4,1060.17,443.47,108.04,249.49,1.00,-1,-1,-1
164,5,687.51,316.00,77.13,101.85,0.99,-1,-1,-1
164,9,971.45,652.01,96.49,245.44,0.94,-1,-1,-1
164,10,723.50,314.66,44.65,82.58,0.56,-1,-1,-1
164,15,690.77,289.94,37.56,81.73,0.99,-1,-1,-1
165,1,751.08,302.52,47.96,110.61,0.99,-1,-1,-1
165,2,486.36,312.16,31.39,71.28,0.99,-1,-1,-1
165,3,426.97,303.07,26.04,72.22,1.00,-1,-1,-1
165,4,1059.05,443.87,109.17,249.40,1.00,-1,-1,-1
165,5,693.12,314.00,68.12,100.21,0.99,-1,-1,-1
165,9,971.81,652.03,95.85,243.34,0.93,-1,-1,-1
165,10,725.37,312.92,41.84,85.48,0.69,-1,-1,-1
165,15,692.06,290.45,35.68,81.05,0.99,-1,-1,-1
166,1,749.21,289.27,42.52,120.33,0.98,-1,-1,-1
166,2,488.15,311.42,31.41,72.07,0.99,-1,-1,-1
166,3,426.79,302.87,26.95,72.65,0.99,-1,-1,-1
166,4,1058.63,444.02,109.60,249.36,1.00,-1,-1,-1
166,5,701.05,308.21,57.00,103.13,0.99,-1,-1,-1
166,9,971.96,652.32,95.60,241.94,0.92,-1,-1,-1
166,10,726.24,310.93,39.51,88.00,0.88,-1,-1,-1
166,15,691.06,290.78,35.55,80.48,0.99,-1,-1,-1
167,1,748.60,295.80,40.02,109.92,0.99,-1,-1,-1
167,2,489.12,310.99,31.43,72.07,0.99,-1,-1,-1
167,3,426.70,302.81,27.58,72.81,0.99,-1,-1,-1
167,4,1059.06,443.64,108.57,249.50,1.00,-1,-1,-1
167,5,705.71,305.50,51.58,99.52,0.98,-1,-1,-1
167,9,972.00,652.44,95.50,241.41,0.93,-1,-1,-1
167,10,727.92,312.17,36.79,86.92,0.63,-1,-1,-1
167,15,691.00,290.61,36.68,80.86,0.99,-1,-1,-1
168,1,747.51,296.04,37.98,105.05,0.99,-1,-1,-1
168,2,490.11,309.92,35.60,74.13,0.99,-1,-1,-1
168,3,427.41,302.78,27.82,73.17,0.99,-1,-1,-1
168,4,1058.64,443.49,109.37,249.54,1.00,-1,-1,-1
168,5,710.98,303.63,47.27,96.86,0.99,-1,-1,-1
168,9,972.63,652.77,95.45,243.00,0.91,-1,-1,-1
168,10,735.12,310.29,32.70,89.35,0.19,-1,-1,-1
168,15,690.43,291.28,37.08,79.80,0.99,-1,-1,-1
169,1,745.90,296.10,39.91,103.55,0.99,-1,-1,-1
169,2,490.73,307.94,37.12,76.08,1.00,-1,-1,-1
169,3,428.67,302.80,27.62,73.01,0.99,-1,-1,-1
169,4,1058.48,443.47,109.67,249.56,1.00,-1,-1,-1
169,5,714.20,302.27,45.22,97.37,0.99,-1,-1,-1
169,9,973.44,652.64,94.24,241.83,0.92,-1,-1,-1
169,10,733.47,307.13,33.05,91.70,0.13,-1,-1,-1
169,15,690.49,291.56,38.38,79.70,0.99,-1,-1,-1
170,1,746.90,296.07,35.69,99.99,0.99,-1,-1,-1
170,2,491.57,306.61,37.72,77.40,0.99,-1,-1,-1
170,3,430.05,302.98,27.83,73.24,0.99,-1,-1,-1
170,4,1059.61,443.48,108.59,249.56,1.00,-1,-1,-1
170,5,724.66,302.43,40.15,102.32,0.99,-1,-1,-1
170,9,973.75,652.89,93.78,240.18,0.92,-1,-1,-1
170,15,690.26,291.97,35.35,79.06,0.99,-1,-1,-1
171,1,747.38,296.18,33.54,98.05,0.97,-1,-1,-1
171,2,492.15,306.41,38.52,78.48,1.00,-1,-1,-1
171,3,430.96,303.35,27.91,73.03,0.99,-1,-1,-1
171,4,1060.02,443.49,108.18,249.56,1.00,-1,-1,-1
171,5,728.71,303.26,40.47,103.87,0.99,-1,-1,-1
171,9,973.85,653.29,93.62,239.57,0.92,-1,-1,-1
171,15,689.87,291.53,34.69,79.42,0.99,-1,-1,-1
172,1,748.54,300.10,27.79,90.10,0.95,-1,-1,-1
172,2,494.72,305.80,38.24,80.63,1.00,-1,-1,-1
172,3,432.35,303.54,27.34,72.95,0.99,-1,-1,-1
172,4,1059.00,443.53,109.22,249.55,1.00,-1,-1,-1
172,5,729.64,306.18,40.59,103.27,0.99,-1,-1,-1
172,9,973.89,652.57,93.56,240.54,0.95,-1,-1,-1
172,15,688.55,291.84,35.04,78.66,0.99,-1,-1,-1
173,1,749.33,302.91,25.27,84.34,0.83,-1,-1,-1
173,2,497.44,306.27,36.35,80.85,0.99,-1,-1,-1
173,3,433.57,303.72,26.53,72.92,1.00,-1,-1,-1
173,4,1058.60,443.52,109.61,249.55,1.00,-1,-1,-1
173,5,733.18,308.36,37.60,102.42,0.99,-1,-1,-1
173,9,973.89,652.86,93.54,243.30,0.93,-1,-1,-1
173,15,687.46,291.91,33.38,78.98,0.99,-1,-1,-1
174,2,503.28,305.72,33.20,82.08,0.99,-1,-1,-1
174,3,435.22,303.62,27.12,73.20,0.99,-1,-1,-1
174,4,1058.47,443.49,109.76,249.54,1.00,-1,-1,-1
174,5,737.40,307.71,34.71,103.86,1.00,-1,-1,-1
174,9,973.90,652.95,93.54,244.34,0.93,-1,-1,-1
174,15,685.88,291.77,35.76,79.40,0.99,-1,-1,-1
174,8,723.87,303.17,28.15,91.01,0.98,-1,-1,-1
175,2,505.09,305.79,33.23,82.82,1.00,-1,-1,-1
175,3,436.36,304.31,27.64,72.42,0.99,-1,-1,-1
175,4,1058.40,443.62,109.81,249.40,1.00,-1,-1,-1
175,5,739.56,307.17,36.38,103.80,0.99,-1,-1,-1
175,9,972.68,652.68,94.74,242.36,0.96,-1,-1,-1
175,15,684.12,291.55,36.03,79.56,0.99,-1,-1,-1
175,8,722.83,303.10,29.20,96.07,0.96,-1,-1,-1
176,2,507.82,304.79,33.24,84.54,1.00,-1,-1,-1
176,3,437.23,305.00,30.34,72.12,1.00,-1,-1,-1
176,4,1058.39,443.81,109.83,249.19,0.99,-1,-1,-1
176,5,740.58,306.67,39.37,104.94,0.99,-1,-1,-1
176,9,972.24,652.56,95.19,242.19,0.95,-1,-1,-1
176,15,683.19,291.59,34.34,79.62,1.00,-1,-1,-1
176,8,722.85,303.83,30.02,97.48,0.97,-1,-1,-1
177,2,509.37,303.98,33.85,86.05,1.00,-1,-1,-1
177,3,438.10,305.11,31.63,72.31,1.00,-1,-1,-1
177,4,1058.38,443.74,109.83,249.26,1.00,-1,-1,-1
177,5,741.75,306.21,42.25,104.77,0.99,-1,-1,-1
177,9,972.06,652.23,95.36,243.92,0.95,-1,-1,-1
177,15,681.95,291.62,34.27,79.94,1.00,-1,-1,-1
177,8,722.86,304.18,29.73,98.22,0.98,-1,-1,-1
178,2,512.00,302.97,34.08,88.94,1.00,-1,-1,-1
178,3,439.30,305.16,32.71,72.68,1.00,-1,-1,-1
178,4,1058.39,444.03,109.83,248.69,1.00,-1,-1,-1
178,5,742.71,307.11,48.62,103.20,0.99,-1,-1,-1
178,9,972.01,652.11,95.41,243.97,0.95,-1,-1,-1
178,15,680.95,291.64,34.25,80.06,1.00,-1,-1,-1
178,8,721.70,309.44,29.02,93.62,0.99,-1,-1,-1
178,1,742.16,308.80,25.08,74.43,0.70,-1,-1,-1
179,2,513.51,302.75,34.76,90.31,1.00,-1,-1,-1
179,3,440.29,305.04,32.55,73.12,1.00,-1,-1,-1
179,4,1058.38,444.13,109.83,248.48,0.99,-1,-1,-1
179,5,743.60,307.77,51.61,102.28,1.00,-1,-1,-1
179,9,971.98,652.07,95.44,244.57,0.95,-1,-1,-1
179,15,680.29,291.50,36.02,80.70,1.00,-1,-1,-1
179,8,719.13,312.18,30.61,91.05,0.99,-1,-1,-1
179,1,741.28,307.36,26.47,73.42,0.91,-1,-1,-1
180,2,516.13,304.45,34.43,89.93,1.00,-1,-1,-1
180,3,442.00,304.56,32.02,73.58,0.99,-1,-1,-1
180,4,1058.99,443.88,109.83,248.99,1.00,-1,-1,-1
180,5,745.01,308.20,51.69,101.63,1.00,-1,-1,-1
180,9,972.00,652.36,95.44,242.41,0.95,-1,-1,-1
180,15,680.09,291.32,35.51,80.64,1.00,-1,-1,-1
180,8,709.38,312.53,37.69,90.57,0.99,-1,-1,-1
180,1,739.84,306.18,32.81,82.31,0.98,-1,-1,-1
181,2,517.91,305.55,33.70,89.44,1.00,-1,-1,-1
181,3,443.16,304.36,31.21,73.76,0.99,-1,-1,-1
181,4,1059.20,443.77,109.83,249.19,1.00,-1,-1,-1
181,5,745.71,308.49,52.26,100.79,1.00,-1,-1,-1
181,9,971.98,652.46,95.44,241.59,0.95,-1,-1,-1
181,15,679.72,291.37,35.89,80.61,1.00,-1,-1,-1
181,8,706.58,311.34,38.09,91.49,0.99,-1,-1,-1
181,1,737.60,305.32,37.34,88.28,0.98,-1,-1,-1
182,2,521.22,306.11,32.22,88.92,1.00,-1,-1,-1
182,3,446.40,303.82,27.77,74.41,1.00,-1,-1,-1
182,4,1059.28,443.57,109.82,249.41,1.00,-1,-1,-1
182,5,751.72,308.30,48.40,99.57,1.00,-1,-1,-1
182,9,971.97,652.48,95.44,242.48,0.95,-1,-1,-1
182,15,679.92,291.23,34.85,80.30,0.99,-1,-1,-1
182,8,706.66,310.58,36.46,93.81,1.00,-1,-1,-1
182,1,736.16,305.70,35.98,90.93,0.99,-1,-1,-1
183,2,523.57,305.72,31.67,89.28,1.00,-1,-1,-1
183,3,448.49,303.74,25.80,74.36,1.00,-1,-1,-1
183,4,1059.30,443.49,109.82,249.50,1.00,-1,-1,-1
183,5,755.74,308.22,46.22,98.23,1.00,-1,-1,-1
183,9,971.96,652.49,95.43,240.44,0.95,-1,-1,-1
183,15,680.01,291.31,33.84,80.18,0.99,-1,-1,-1
183,8,706.21,310.42,35.77,94.66,1.00,-1,-1,-1
183,1,735.63,306.01,34.69,90.78,0.99,-1,-1,-1
