0,1,533.25,407.70,97.20,118.80,1.00,-1,-1,-1
0,2,854.10,390.15,73.80,109.80,1.00,-1,-1,-1
0,3,921.60,398.92,81.00,127.58,1.00,-1,-1,-1
0,4,400.27,318.82,51.75,98.10,0.99,-1,-1,-1
0,5,488.70,416.70,51.30,149.40,1.00,-1,-1,-1
0,6,307.12,310.95,32.85,88.20,1.00,-1,-1,-1
0,7,1067.40,445.72,102.60,244.58,0.99,-1,-1,-1
0,8,735.30,315.67,34.20,66.15,0.98,-1,-1,-1
0,9,-20.31,631.35,121.72,111.60,0.93,-1,-1,-1
0,10,983.70,654.75,100.80,227.70,0.91,-1,-1,-1
1,1,535.59,406.33,95.63,118.60,1.00,-1,-1,-1
1,2,850.18,391.52,78.48,108.82,0.99,-1,-1,-1
1,3,912.21,401.08,90.37,125.42,1.00,-1,-1,-1
1,4,403.21,318.82,49.01,98.10,0.99,-1,-1,-1
1,5,489.09,416.30,51.29,149.40,1.00,-1,-1,-1
1,6,306.94,311.33,33.24,87.81,1.00,-1,-1,-1
1,7,1066.59,446.13,104.15,243.40,0.99,-1,-1,-1
1,8,735.29,315.68,34.20,64.98,0.98,-1,-1,-1
1,9,-19.73,631.32,120.91,103.79,0.92,-1,-1,-1
1,10,984.45,654.36,100.79,231.60,0.91,-1,-1,-1
2,1,539.88,404.86,93.25,116.64,1.00,-1,-1,-1
2,2,844.04,393.15,84.76,108.30,0.99,-1,-1,-1
2,3,898.54,403.20,104.04,122.93,1.00,-1,-1,-1
2,4,406.58,318.99,45.32,97.39,1.00,-1,-1,-1
2,5,490.57,416.40,52.00,147.46,1.00,-1,-1,-1
2,6,307.44,312.28,33.30,86.68,1.00,-1,-1,-1
2,7,1066.46,446.00,104.42,243.01,0.99,-1,-1,-1
2,8,734.94,315.49,34.90,64.07,0.98,-1,-1,-1
2,9,-18.63,631.68,119.65,101.74,0.92,-1,-1,-1
2,10,984.59,654.27,99.39,230.87,0.92,-1,-1,-1
3,1,541.48,404.26,91.85,116.20,1.00,-1,-1,-1
3,2,840.04,394.15,86.17,106.95,1.00,-1,-1,-1
3,3,890.92,402.94,110.38,123.43,0.99,-1,-1,-1
3,4,408.19,319.05,43.59,97.52,0.99,-1,-1,-1
3,5,491.00,416.45,52.90,146.86,1.00,-1,-1,-1
3,6,307.92,312.22,32.98,86.69,1.00,-1,-1,-1
3,7,1066.42,445.95,104.48,242.92,0.99,-1,-1,-1
3,8,734.81,315.61,35.12,67.28,0.97,-1,-1,-1
3,9,-18.32,631.80,119.28,101.28,0.91,-1,-1,-1
3,10,984.61,654.26,98.95,230.56,0.92,-1,-1,-1
4,1,538.86,403.47,95.54,116.11,1.00,-1,-1,-1
4,2,835.66,394.26,94.80,106.71,0.99,-1,-1,-1
4,3,882.66,401.65,109.59,124.49,0.99,-1,-1,-1
4,4,408.93,319.26,42.86,97.58,1.00,-1,-1,-1
4,5,491.80,416.99,55.16,149.22,1.00,-1,-1,-1
4,6,308.59,312.71,33.20,86.39,1.00,-1,-1,-1
4,7,1066.48,446.12,104.49,243.08,0.99,-1,-1,-1
4,8,734.83,315.67,35.18,65.06,0.98,-1,-1,-1
4,9,-18.84,631.54,119.93,101.24,0.89,-1,-1,-1
4,10,984.67,653.95,98.86,229.13,0.92,-1,-1,-1
5,1,537.92,403.24,96.12,116.12,1.00,-1,-1,-1
5,2,833.24,393.61,99.27,108.29,0.99,-1,-1,-1
5,3,878.07,400.22,105.08,124.23,0.99,-1,-1,-1
5,4,409.54,319.31,42.39,97.28,1.00,-1,-1,-1
5,5,492.33,417.64,57.78,150.83,1.00,-1,-1,-1
5,6,309.08,312.84,34.24,85.98,1.00,-1,-1,-1
5,7,1063.88,446.02,107.05,242.34,0.99,-1,-1,-1
5,8,734.80,315.68,35.18,64.86,0.98,-1,-1,-1
5,9,-18.65,631.74,119.63,100.65,0.90,-1,-1,-1
5,10,984.62,653.85,98.84,228.65,0.92,-1,-1,-1
6,1,537.28,403.36,95.08,115.98,1.00,-1,-1,-1
6,2,831.65,393.51,83.84,109.01,0.98,-1,-1,-1
6,3,864.43,398.77,74.49,126.04,0.97,-1,-1,-1
6,4,410.36,319.18,41.33,97.50,1.00,-1,-1,-1
6,5,494.05,419.59,59.92,151.86,1.00,-1,-1,-1
6,6,310.36,313.04,35.23,85.54,1.00,-1,-1,-1
6,7,1063.04,446.13,107.94,241.62,0.99,-1,-1,-1
6,8,735.15,315.85,34.55,65.11,0.96,-1,-1,-1
6,9,-18.48,631.84,119.38,98.58,0.91,-1,-1,-1
6,10,984.04,653.82,100.13,231.03,0.91,-1,-1,-1
7,1,537.00,403.58,93.44,116.42,1.00,-1,-1,-1
7,2,831.05,393.77,77.61,109.89,0.96,-1,-1,-1
7,3,853.91,398.27,64.90,126.07,0.96,-1,-1,-1
7,4,410.54,319.27,41.03,97.27,1.00,-1,-1,-1
7,5,495.24,420.43,61.87,152.36,1.00,-1,-1,-1
7,6,311.24,312.78,36.18,85.71,1.00,-1,-1,-1
7,7,1062.72,446.17,108.22,241.37,0.99,-1,-1,-1
7,8,734.93,315.91,34.94,66.45,0.97,-1,-1,-1
7,9,-18.41,631.85,119.30,98.53,0.90,-1,-1,-1
7,10,983.16,653.82,101.83,234.35,0.91,-1,-1,-1
8,1,536.33,404.00,91.61,115.98,1.00,-1,-1,-1
8,3,831.18,395.20,79.63,129.29,1.00,-1,-1,-1
8,4,411.24,319.33,40.36,97.19,1.00,-1,-1,-1
8,5,497.80,423.78,63.15,151.91,1.00,-1,-1,-1
8,6,312.95,312.09,38.33,86.40,1.00,-1,-1,-1
8,7,1062.70,446.34,108.30,241.14,1.00,-1,-1,-1
8,8,734.91,315.78,35.07,63.58,0.98,-1,-1,-1
8,9,-18.83,631.89,119.44,98.56,0.92,-1,-1,-1
8,10,983.53,653.82,101.24,234.95,0.93,-1,-1,-1
9,1,535.73,404.15,90.96,115.52,1.00,-1,-1,-1
9,3,822.07,394.24,84.74,130.61,0.99,-1,-1,-1
9,4,411.40,319.31,40.16,97.17,1.00,-1,-1,-1
9,5,499.59,425.72,62.39,153.38,1.00,-1,-1,-1
9,6,313.68,311.64,39.70,86.97,1.00,-1,-1,-1
9,7,1062.66,445.94,108.29,242.14,0.99,-1,-1,-1
9,8,734.86,315.87,35.12,62.79,0.98,-1,-1,-1
9,9,-18.54,631.85,119.03,98.00,0.93,-1,-1,-1
9,10,983.60,653.81,101.00,235.14,0.93,-1,-1,-1
9,2,822.45,395.52,63.43,108.95,0.68,-1,-1,-1
10,1,538.33,404.85,88.31,115.66,1.00,-1,-1,-1
10,3,813.59,393.63,90.39,130.18,0.99,-1,-1,-1
10,4,411.94,319.20,39.52,97.46,1.00,-1,-1,-1
10,5,502.97,429.90,60.84,150.45,1.00,-1,-1,-1
10,6,315.01,312.12,40.22,86.58,1.00,-1,-1,-1
10,7,1062.73,445.94,108.28,242.06,0.99,-1,-1,-1
10,8,734.89,315.77,35.14,62.83,0.98,-1,-1,-1
10,9,-18.62,631.91,119.22,98.43,0.92,-1,-1,-1
10,10,983.72,653.82,100.92,233.97,0.93,-1,-1,-1
10,2,807.17,394.17,65.31,109.48,0.81,-1,-1,-1
11,1,542.31,405.39,84.90,114.53,1.00,-1,-1,-1
11,3,806.28,392.83,92.53,134.78,0.99,-1,-1,-1
11,4,411.89,318.96,39.63,97.58,1.00,-1,-1,-1
11,5,503.24,431.99,72.18,149.02,0.99,-1,-1,-1
11,6,316.03,312.57,42.14,86.13,1.00,-1,-1,-1
11,7,1062.12,445.80,109.44,241.90,1.00,-1,-1,-1
11,8,734.86,315.87,35.14,63.15,0.98,-1,-1,-1
11,9,-18.68,631.86,119.10,98.62,0.91,-1,-1,-1
11,10,983.09,653.83,102.07,234.72,0.93,-1,-1,-1
11,2,791.30,393.09,73.85,112.69,0.91,-1,-1,-1
12,1,542.88,405.16,89.26,114.25,1.00,-1,-1,-1
12,3,793.42,392.56,95.06,137.06,0.97,-1,-1,-1
12,4,412.23,318.75,39.70,97.92,1.00,-1,-1,-1
12,5,497.91,434.37,85.69,147.43,1.00,-1,-1,-1
12,6,318.22,312.91,42.28,85.67,1.00,-1,-1,-1
12,7,1062.56,445.73,108.68,241.83,1.00,-1,-1,-1
12,8,734.61,315.76,35.74,62.38,0.98,-1,-1,-1
12,9,-18.55,631.58,118.93,99.31,0.91,-1,-1,-1
12,10,982.93,653.52,102.51,234.37,0.93,-1,-1,-1
12,2,771.79,393.87,93.21,112.97,0.95,-1,-1,-1
13,1,544.82,405.19,90.80,114.33,1.00,-1,-1,-1
13,3,785.56,393.66,81.95,137.31,0.97,-1,-1,-1
13,4,413.03,318.78,39.44,97.75,1.00,-1,-1,-1
13,5,495.09,435.31,94.47,146.70,1.00,-1,-1,-1
13,6,319.58,313.29,41.41,85.20,1.00,-1,-1,-1
13,7,1062.71,446.01,108.35,241.52,1.00,-1,-1,-1
13,8,734.77,315.85,35.36,64.52,0.98,-1,-1,-1
13,9,-18.70,631.72,118.72,99.59,0.92,-1,-1,-1
13,10,982.82,653.40,102.65,236.03,0.93,-1,-1,-1
13,2,761.22,394.60,100.05,112.03,0.98,-1,-1,-1
14,1,544.11,404.17,96.17,116.00,0.99,-1,-1,-1
14,3,767.57,395.00,92.01,130.24,0.82,-1,-1,-1
14,4,413.83,318.67,39.07,98.28,1.00,-1,-1,-1
14,5,494.21,435.45,100.88,145.97,1.00,-1,-1,-1
14,6,321.18,312.70,40.44,85.93,1.00,-1,-1,-1
14,7,1062.81,445.94,108.22,241.24,1.00,-1,-1,-1
14,8,734.90,315.74,35.21,59.67,0.97,-1,-1,-1
14,9,-19.25,631.20,119.60,101.49,0.91,-1,-1,-1
14,10,982.25,653.63,102.70,236.02,0.93,-1,-1,-1
14,2,748.50,395.76,88.87,111.04,0.88,-1,-1,-1
14,11,774.90,400.05,59.40,132.30,0.84,-1,-1,-1
15,1,546.66,402.86,95.84,117.24,0.99,-1,-1,-1
15,3,761.28,394.02,97.02,120.19,0.94,-1,-1,-1
15,4,414.48,319.17,38.35,97.88,1.00,-1,-1,-1
15,5,495.11,433.90,103.98,147.53,1.00,-1,-1,-1
15,6,322.40,312.57,39.75,86.21,1.00,-1,-1,-1
15,7,1062.80,445.93,108.14,241.16,1.00,-1,-1,-1
15,8,734.88,315.83,35.15,60.54,0.97,-1,-1,-1
15,9,-19.40,631.23,119.75,101.63,0.91,-1,-1,-1
15,10,982.55,653.74,102.70,236.02,0.94,-1,-1,-1
15,2,746.53,394.97,78.26,128.03,0.96,-1,-1,-1
16,1,553.03,400.86,92.72,119.18,1.00,-1,-1,-1
16,3,746.90,395.05,83.40,130.20,0.99,-1,-1,-1
16,4,415.52,319.65,38.10,97.43,1.00,-1,-1,-1
16,5,499.21,430.86,104.54,150.49,0.99,-1,-1,-1
16,6,324.24,310.57,37.97,87.80,1.00,-1,-1,-1
16,7,1062.83,446.04,108.10,240.66,1.00,-1,-1,-1
16,8,734.92,315.69,35.12,59.95,0.97,-1,-1,-1
16,9,-19.63,630.91,120.32,102.86,0.91,-1,-1,-1
16,10,982.71,653.73,102.68,237.17,0.94,-1,-1,-1
16,2,750.72,392.84,77.31,116.50,0.99,-1,-1,-1
17,1,561.35,399.24,86.10,121.11,1.00,-1,-1,-1
17,3,729.55,393.50,87.43,136.38,0.99,-1,-1,-1
17,4,416.40,320.28,37.73,96.96,1.00,-1,-1,-1
17,5,500.49,428.37,106.91,153.55,0.99,-1,-1,-1
17,6,325.09,309.37,37.28,89.00,1.00,-1,-1,-1
17,7,1062.82,445.96,108.08,240.96,1.00,-1,-1,-1
17,8,734.88,315.80,35.11,58.55,0.96,-1,-1,-1
17,9,-19.90,630.81,120.52,103.93,0.91,-1,-1,-1
17,10,982.73,653.47,102.67,236.42,0.94,-1,-1,-1
17,2,748.59,391.00,70.96,110.10,0.95,-1,-1,-1
18,1,567.49,398.50,81.16,121.68,1.00,-1,-1,-1
18,3,702.74,393.93,97.62,130.18,0.99,-1,-1,-1
18,4,416.73,318.88,40.03,97.99,1.00,-1,-1,-1
18,5,510.69,424.61,90.66,156.90,1.00,-1,-1,-1
18,6,326.75,309.39,35.22,88.86,1.00,-1,-1,-1
18,7,1062.85,445.78,108.07,240.91,0.99,-1,-1,-1
18,8,734.30,316.00,35.71,71.07,0.97,-1,-1,-1
18,9,-18.33,631.39,118.31,102.55,0.91,-1,-1,-1
18,10,983.37,653.67,101.48,234.92,0.94,-1,-1,-1
18,2,738.99,390.34,62.31,109.57,0.95,-1,-1,-1
19,1,570.80,398.58,77.59,121.58,1.00,-1,-1,-1
19,3,688.77,395.82,91.22,123.88,0.99,-1,-1,-1
19,4,417.25,318.84,41.17,97.78,1.00,-1,-1,-1
19,5,517.64,422.92,83.49,158.76,0.99,-1,-1,-1
19,6,328.19,309.45,33.23,89.09,1.00,-1,-1,-1
19,7,1062.86,445.73,108.07,240.91,0.99,-1,-1,-1
19,8,734.06,315.95,35.93,74.83,0.96,-1,-1,-1
19,9,-17.78,631.68,117.47,102.01,0.91,-1,-1,-1
19,10,983.61,653.78,101.03,234.35,0.94,-1,-1,-1
19,2,734.06,390.29,55.37,106.23,0.99,-1,-1,-1
20,1,572.81,400.60,73.28,122.26,0.99,-1,-1,-1
20,3,679.60,397.03,82.94,118.93,0.99,-1,-1,-1
20,4,419.51,319.03,39.56,97.40,1.00,-1,-1,-1
20,5,525.86,423.05,77.88,157.81,0.99,-1,-1,-1
20,6,331.00,310.12,30.67,87.69,1.00,-1,-1,-1
20,7,1062.90,445.74,108.08,240.91,0.99,-1,-1,-1
20,8,734.00,315.97,36.02,75.52,0.96,-1,-1,-1
20,9,-17.52,631.55,117.15,101.80,0.91,-1,-1,-1
20,10,983.74,653.55,100.87,233.53,0.94,-1,-1,-1
20,2,718.21,390.92,59.63,111.65,0.99,-1,-1,-1
21,1,573.30,403.58,74.93,122.37,0.99,-1,-1,-1
21,3,676.58,397.47,69.91,116.86,0.99,-1,-1,-1
21,4,421.31,319.97,39.98,95.77,1.00,-1,-1,-1
21,5,527.71,423.84,89.34,159.65,1.00,-1,-1,-1
21,6,332.31,310.51,31.03,87.15,1.00,-1,-1,-1
21,7,1062.83,446.06,108.07,240.63,1.00,-1,-1,-1
21,8,733.89,315.97,36.04,72.27,0.96,-1,-1,-1
21,9,-18.52,631.17,118.24,102.33,0.90,-1,-1,-1
21,10,983.69,653.48,100.81,233.24,0.94,-1,-1,-1
21,2,706.40,392.32,64.56,115.66,0.99,-1,-1,-1
22,1,572.57,407.81,80.38,123.72,0.99,-1,-1,-1
22,3,674.35,395.93,62.58,120.24,0.99,-1,-1,-1
22,4,424.23,319.70,42.37,95.76,1.00,-1,-1,-1
22,5,529.89,427.66,98.96,155.01,1.00,-1,-1,-1
22,6,333.70,310.64,32.08,87.84,1.00,-1,-1,-1
22,7,1062.86,446.00,108.06,240.97,1.00,-1,-1,-1
22,8,733.91,315.80,36.05,72.39,0.97,-1,-1,-1
22,9,-18.91,631.30,118.80,101.93,0.90,-1,-1,-1
22,10,983.72,653.43,100.78,234.31,0.93,-1,-1,-1
22,2,693.15,395.63,71.14,114.71,0.99,-1,-1,-1
23,1,574.55,410.43,80.62,125.55,0.99,-1,-1,-1
23,3,671.50,394.77,55.75,125.96,0.99,-1,-1,-1
23,4,427.56,319.59,42.38,96.06,1.00,-1,-1,-1
23,5,531.48,431.53,104.49,149.59,1.00,-1,-1,-1
23,6,334.26,310.53,33.07,88.69,1.00,-1,-1,-1
23,7,1062.83,445.99,108.05,241.11,1.00,-1,-1,-1
23,8,733.87,315.73,36.04,71.83,0.97,-1,-1,-1
23,9,-18.90,631.33,118.57,101.78,0.90,-1,-1,-1
23,10,983.68,653.42,100.77,234.73,0.93,-1,-1,-1
23,2,683.89,397.65,77.70,113.27,0.99,-1,-1,-1
24,1,576.74,411.11,79.55,127.40,1.00,-1,-1,-1
24,3,663.66,394.92,54.29,133.11,0.98,-1,-1,-1
24,4,429.88,318.94,43.41,95.58,0.99,-1,-1,-1
24,5,536.31,438.53,108.36,145.89,1.00,-1,-1,-1
24,6,335.03,310.77,34.94,88.72,1.00,-1,-1,-1
24,7,1062.84,445.97,108.04,241.16,1.00,-1,-1,-1
24,8,733.88,315.84,36.04,71.29,0.97,-1,-1,-1
24,9,-18.51,631.63,118.04,101.13,0.91,-1,-1,-1
24,10,984.28,653.40,100.77,234.88,0.93,-1,-1,-1
24,2,672.55,399.73,87.68,111.67,0.99,-1,-1,-1
25,1,575.08,410.19,83.97,131.03,1.00,-1,-1,-1
25,3,656.30,395.73,54.55,124.68,0.99,-1,-1,-1
25,4,433.20,320.81,48.04,92.42,1.00,-1,-1,-1
25,5,540.16,444.59,106.96,141.97,1.00,-1,-1,-1
25,6,336.16,311.35,35.36,88.13,1.00,-1,-1,-1
25,7,1062.85,445.98,108.04,241.18,1.00,-1,-1,-1
25,8,734.47,315.90,35.44,68.69,0.97,-1,-1,-1
25,9,-18.90,631.49,118.46,101.48,0.90,-1,-1,-1
25,10,985.11,653.42,99.59,236.12,0.93,-1,-1,-1
25,2,667.91,401.12,91.62,110.45,0.99,-1,-1,-1
26,1,572.42,408.35,96.69,133.84,0.99,-1,-1,-1
26,3,652.88,398.03,50.98,138.87,0.98,-1,-1,-1
26,4,436.30,321.67,51.34,90.93,1.00,-1,-1,-1
26,5,544.51,450.08,105.08,136.92,1.00,-1,-1,-1
26,6,337.74,311.71,34.94,88.20,1.00,-1,-1,-1
26,7,1062.86,446.27,108.04,240.00,1.00,-1,-1,-1
26,8,734.12,315.92,35.81,69.77,0.96,-1,-1,-1
26,9,-19.07,631.14,118.89,102.21,0.90,-1,-1,-1
26,10,984.23,653.41,100.34,238.36,0.93,-1,-1,-1
26,2,666.72,402.20,89.77,106.40,0.99,-1,-1,-1
27,1,572.51,407.58,100.91,135.19,1.00,-1,-1,-1
27,3,650.63,400.07,51.12,143.13,0.99,-1,-1,-1
27,4,438.32,322.68,52.92,89.51,1.00,-1,-1,-1
27,5,544.30,450.76,106.58,136.34,1.00,-1,-1,-1
27,6,338.42,311.79,34.46,88.82,1.00,-1,-1,-1
27,7,1062.85,446.36,108.02,239.56,1.00,-1,-1,-1
27,8,734.56,315.89,35.35,68.68,0.97,-1,-1,-1
27,9,-18.94,631.22,118.59,102.49,0.90,-1,-1,-1
27,10,983.86,653.39,100.61,238.62,0.93,-1,-1,-1
27,2,666.69,402.68,88.88,104.44,0.99,-1,-1,-1
28,1,592.16,409.17,89.46,134.34,0.99,-1,-1,-1
28,3,647.25,401.91,51.85,143.19,0.96,-1,-1,-1
28,4,440.19,323.80,60.40,88.40,1.00,-1,-1,-1
28,5,545.87,445.49,108.25,139.81,0.99,-1,-1,-1
28,6,338.91,312.11,33.98,88.45,0.99,-1,-1,-1
28,7,1062.82,445.66,108.01,240.74,0.99,-1,-1,-1
28,8,734.11,316.04,35.77,70.34,0.97,-1,-1,-1
28,9,-19.35,630.95,119.22,104.97,0.90,-1,-1,-1
28,10,984.29,653.40,100.71,243.44,0.94,-1,-1,-1
28,2,667.53,402.83,84.97,100.11,1.00,-1,-1,-1
29,1,606.38,410.81,71.16,130.57,0.99,-1,-1,-1
29,3,646.94,403.20,49.12,143.13,0.99,-1,-1,-1
29,4,440.80,323.44,64.23,89.23,1.00,-1,-1,-1
29,5,545.26,442.60,106.50,141.71,1.00,-1,-1,-1
29,6,339.37,312.08,33.51,88.31,1.00,-1,-1,-1
29,7,1062.26,445.69,108.01,240.90,1.00,-1,-1,-1
29,8,734.28,316.09,35.93,70.66,0.97,-1,-1,-1
29,9,-20.17,630.85,120.59,108.25,0.93,-1,-1,-1
29,10,984.49,653.40,100.76,246.42,0.94,-1,-1,-1
29,2,667.68,402.99,83.96,98.39,1.00,-1,-1,-1
30,1,609.51,412.77,74.02,125.95,0.99,-1,-1,-1
30,3,645.99,401.78,48.84,147.01,0.99,-1,-1,-1
30,4,441.41,322.71,66.20,90.15,1.00,-1,-1,-1
30,5,541.96,441.18,94.52,139.49,1.00,-1,-1,-1
30,6,339.96,312.08,32.74,88.26,1.00,-1,-1,-1
30,7,1062.65,445.69,108.01,241.55,1.00,-1,-1,-1
30,8,734.35,316.10,35.99,70.77,0.97,-1,-1,-1
30,9,-20.46,630.56,121.11,110.66,0.93,-1,-1,-1
30,10,985.18,653.39,99.59,248.11,0.93,-1,-1,-1
30,2,668.25,403.94,83.56,97.20,0.99,-1,-1,-1
31,1,611.77,414.41,73.03,128.40,1.00,-1,-1,-1
31,3,644.59,400.51,50.64,148.01,0.99,-1,-1,-1
31,4,441.45,321.69,67.08,90.82,1.00,-1,-1,-1
31,5,536.79,440.77,82.87,136.72,1.00,-1,-1,-1
31,6,340.43,311.65,32.45,88.83,1.00,-1,-1,-1
31,7,1062.81,445.57,108.01,241.95,1.00,-1,-1,-1
31,8,734.38,316.13,36.01,71.39,0.97,-1,-1,-1
31,9,-19.51,630.74,119.87,107.48,0.90,-1,-1,-1
31,10,984.84,653.41,100.35,247.54,0.94,-1,-1,-1
31,2,668.69,403.98,82.77,96.81,0.99,-1,-1,-1
32,1,612.15,418.25,77.56,130.48,0.99,-1,-1,-1
32,3,644.22,400.74,52.52,142.91,0.97,-1,-1,-1
32,4,453.60,320.27,55.21,91.67,1.00,-1,-1,-1
32,5,526.63,437.89,73.63,137.82,1.00,-1,-1,-1
32,6,340.90,311.20,32.65,89.04,1.00,-1,-1,-1
32,7,1062.89,445.67,108.01,241.94,1.00,-1,-1,-1
32,8,734.12,316.00,36.02,71.61,0.97,-1,-1,-1
32,9,-18.79,630.84,119.11,105.59,0.89,-1,-1,-1
32,10,985.33,653.42,99.44,247.27,0.94,-1,-1,-1
32,2,668.21,402.91,82.44,97.47,0.99,-1,-1,-1
33,1,611.89,420.08,79.20,130.52,0.99,-1,-1,-1
33,3,644.49,401.82,53.24,143.98,0.97,-1,-1,-1
33,4,462.69,319.09,45.85,92.60,1.00,-1,-1,-1
33,5,518.92,434.24,69.91,141.09,1.00,-1,-1,-1
33,6,341.31,310.97,33.03,88.82,1.00,-1,-1,-1
33,7,1062.88,445.54,108.00,242.09,1.00,-1,-1,-1
33,8,734.28,316.06,36.02,71.09,0.97,-1,-1,-1
33,9,-18.53,630.80,118.82,104.28,0.89,-1,-1,-1
33,10,985.45,653.40,99.09,247.73,0.94,-1,-1,-1
33,2,669.96,402.61,78.72,97.60,0.99,-1,-1,-1
34,1,611.71,419.26,81.61,131.40,0.98,-1,-1,-1
34,3,644.21,402.66,57.12,142.12,0.94,-1,-1,-1
34,4,469.61,317.48,41.93,94.14,1.00,-1,-1,-1
34,5,511.71,427.85,70.03,145.88,1.00,-1,-1,-1
34,6,342.08,311.50,35.26,88.73,1.00,-1,-1,-1
34,7,1062.91,445.48,108.00,242.12,1.00,-1,-1,-1
34,8,734.68,316.08,35.42,67.61,0.97,-1,-1,-1
34,9,-18.60,630.80,119.30,106.16,0.88,-1,-1,-1
34,10,986.14,653.07,98.97,248.45,0.93,-1,-1,-1
34,2,672.13,402.33,76.05,97.23,0.99,-1,-1,-1
35,1,612.09,417.86,80.18,130.39,0.98,-1,-1,-1
35,3,647.87,403.69,56.24,141.23,0.98,-1,-1,-1
35,4,472.66,316.26,42.57,95.02,0.99,-1,-1,-1
35,5,508.95,423.38,71.38,145.36,0.99,-1,-1,-1
35,6,342.29,312.11,36.08,88.10,0.99,-1,-1,-1
35,7,1062.88,445.61,107.99,242.00,1.00,-1,-1,-1
35,8,734.79,315.92,35.19,65.97,0.98,-1,-1,-1
35,9,-19.00,630.48,119.88,107.46,0.90,-1,-1,-1
35,10,985.75,653.25,98.92,248.11,0.93,-1,-1,-1
35,2,674.55,402.20,75.07,96.23,0.99,-1,-1,-1
36,1,615.72,415.52,76.02,132.36,0.99,-1,-1,-1
36,3,654.58,402.01,56.49,136.70,0.98,-1,-1,-1
36,4,477.63,315.40,41.58,96.23,0.99,-1,-1,-1
36,5,505.34,418.46,67.66,140.99,1.00,-1,-1,-1
36,6,342.37,312.98,36.41,88.16,1.00,-1,-1,-1
36,7,1062.90,445.37,108.00,241.65,1.00,-1,-1,-1
36,8,734.85,315.88,35.11,66.59,0.98,-1,-1,-1
36,9,-18.85,630.70,119.40,106.16,0.88,-1,-1,-1
36,10,985.63,653.33,98.93,249.14,0.92,-1,-1,-1
36,2,681.60,402.16,69.29,94.98,0.99,-1,-1,-1
37,1,619.71,414.80,71.40,134.12,0.99,-1,-1,-1
37,3,659.52,401.07,57.19,138.57,0.97,-1,-1,-1
37,4,481.73,316.14,41.25,94.63,0.99,-1,-1,-1
37,5,509.45,416.08,60.77,139.91,0.99,-1,-1,-1
37,6,342.64,313.33,36.23,88.78,1.00,-1,-1,-1
37,7,1062.90,445.59,108.01,241.22,1.00,-1,-1,-1
37,8,734.86,316.04,35.08,65.93,0.98,-1,-1,-1
37,9,-18.80,630.83,119.23,105.65,0.88,-1,-1,-1
37,10,986.17,653.38,98.93,250.09,0.92,-1,-1,-1
37,2,685.65,401.71,65.89,95.00,1.00,-1,-1,-1
38,1,627.20,414.65,67.88,133.75,0.99,-1,-1,-1
38,3,664.38,398.64,59.22,144.60,0.99,-1,-1,-1
38,4,484.90,318.53,50.96,91.61,1.00,-1,-1,-1
38,5,514.34,411.67,52.01,136.54,0.99,-1,-1,-1
38,6,343.02,314.33,35.56,88.72,1.00,-1,-1,-1
38,7,1062.90,445.83,108.00,241.20,1.00,-1,-1,-1
38,8,734.87,315.95,35.08,65.09,0.97,-1,-1,-1
38,9,-17.59,631.45,117.68,103.67,0.94,-1,-1,-1
38,10,986.37,653.41,98.94,249.84,0.90,-1,-1,-1
38,2,682.47,397.35,69.70,99.53,0.98,-1,-1,-1
39,1,631.31,413.70,61.72,134.76,0.99,-1,-1,-1
39,3,666.22,394.66,61.15,150.51,0.99,-1,-1,-1
39,4,486.67,320.35,57.06,89.87,1.00,-1,-1,-1
39,5,517.11,408.59,46.59,135.89,0.99,-1,-1,-1
39,6,342.98,314.85,35.59,88.69,1.00,-1,-1,-1
39,7,1063.49,445.63,106.81,241.20,0.99,-1,-1,-1
39,8,734.85,315.91,35.07,63.28,0.97,-1,-1,-1
39,9,-17.14,631.69,117.09,102.92,0.94,-1,-1,-1
39,10,986.43,653.41,98.94,250.30,0.90,-1,-1,-1
39,2,682.56,393.24,69.83,103.70,0.96,-1,-1,-1
40,1,636.74,410.09,53.24,138.66,0.99,-1,-1,-1
40,3,669.89,401.56,65.39,144.61,0.99,-1,-1,-1
40,4,490.10,323.29,60.72,85.62,1.00,-1,-1,-1
40,5,516.04,403.95,47.74,127.28,1.00,-1,-1,-1
40,6,342.98,314.76,35.60,88.97,1.00,-1,-1,-1
40,7,1063.74,445.53,106.37,241.19,0.99,-1,-1,-1
40,8,734.88,315.90,35.08,61.41,0.97,-1,-1,-1
40,9,-16.90,631.50,116.75,102.64,0.95,-1,-1,-1
40,10,986.49,653.40,98.96,249.85,0.90,-1,-1,-1
40,2,671.58,385.70,80.71,112.16,0.92,-1,-1,-1
41,1,640.67,406.21,51.74,142.90,0.99,-1,-1,-1
41,3,668.99,405.07,70.44,141.44,0.99,-1,-1,-1
41,4,495.31,324.97,63.88,85.27,0.99,-1,-1,-1
41,5,517.28,400.46,46.22,128.35,1.00,-1,-1,-1
41,6,342.81,314.99,36.49,88.49,1.00,-1,-1,-1
41,7,1063.23,445.63,107.40,241.64,1.00,-1,-1,-1
41,8,734.89,315.88,35.08,60.74,0.97,-1,-1,-1
41,9,-17.39,631.40,117.49,104.33,0.94,-1,-1,-1
41,10,986.49,653.38,98.96,248.47,0.92,-1,-1,-1
41,2,660.83,380.66,91.41,116.39,0.92,-1,-1,-1
42,1,644.36,401.20,43.70,145.67,0.99,-1,-1,-1
42,3,668.04,407.84,79.78,137.24,1.00,-1,-1,-1
42,4,501.54,326.43,60.58,83.06,1.00,-1,-1,-1
42,5,517.73,397.75,44.58,120.64,1.00,-1,-1,-1
42,6,342.13,315.62,36.82,87.70,1.00,-1,-1,-1
42,7,1063.00,445.35,107.78,241.50,1.00,-1,-1,-1
42,8,734.87,315.84,35.08,59.62,0.97,-1,-1,-1
42,9,-17.74,631.31,117.77,104.38,0.93,-1,-1,-1
42,10,986.46,653.34,98.96,247.93,0.92,-1,-1,-1
42,2,656.22,379.10,74.52,98.31,0.97,-1,-1,-1
43,1,645.65,397.99,42.45,146.25,0.98,-1,-1,-1
43,3,671.84,410.38,81.79,129.63,1.00,-1,-1,-1
43,4,503.59,326.05,61.45,83.49,1.00,-1,-1,-1
43,5,517.58,395.69,42.87,118.42,1.00,-1,-1,-1
43,6,341.72,315.58,36.94,87.70,1.00,-1,-1,-1
43,7,1062.94,445.11,107.93,241.90,1.00,-1,-1,-1
43,8,734.87,315.85,35.08,62.87,0.98,-1,-1,-1
43,9,-17.74,631.31,117.77,104.40,0.93,-1,-1,-1
43,10,986.46,653.35,98.96,245.93,0.93,-1,-1,-1
43,2,652.08,375.73,65.36,95.43,0.98,-1,-1,-1
44,1,648.88,391.52,47.30,144.66,0.99,-1,-1,-1
44,3,677.69,412.52,85.95,122.53,1.00,-1,-1,-1
44,4,508.34,322.15,59.43,88.48,1.00,-1,-1,-1
44,5,517.52,392.76,44.93,117.86,1.00,-1,-1,-1
44,6,341.40,315.71,36.68,87.11,1.00,-1,-1,-1
44,7,1062.91,445.48,107.99,241.31,1.00,-1,-1,-1
44,8,734.87,315.87,35.08,65.23,0.98,-1,-1,-1
44,9,-17.45,631.62,117.46,104.40,0.94,-1,-1,-1
44,10,986.45,653.67,98.97,244.57,0.92,-1,-1,-1
44,2,642.91,373.56,75.49,103.74,0.90,-1,-1,-1
45,1,647.58,388.48,59.65,141.92,0.99,-1,-1,-1
45,3,683.13,412.62,86.41,118.78,1.00,-1,-1,-1
45,4,513.01,321.72,55.62,86.81,1.00,-1,-1,-1
45,5,517.83,389.51,49.30,119.09,1.00,-1,-1,-1
45,6,341.00,315.74,36.88,87.49,1.00,-1,-1,-1
45,7,1062.92,445.46,108.01,241.23,0.99,-1,-1,-1
45,8,734.89,315.85,35.09,63.51,0.98,-1,-1,-1
45,9,-17.53,631.12,117.64,105.00,0.94,-1,-1,-1
45,10,986.47,653.76,98.97,244.06,0.92,-1,-1,-1
45,2,639.02,371.76,78.10,107.10,0.95,-1,-1,-1
46,1,643.84,385.50,61.91,137.12,1.00,-1,-1,-1
46,3,701.94,412.18,77.90,117.06,1.00,-1,-1,-1
46,4,519.11,320.83,55.31,93.33,1.00,-1,-1,-1
46,5,519.11,384.83,55.60,122.61,1.00,-1,-1,-1
46,6,340.82,315.62,36.65,87.34,1.00,-1,-1,-1
46,7,1062.92,445.48,108.02,241.20,0.99,-1,-1,-1
46,8,734.29,316.03,35.68,66.42,0.96,-1,-1,-1
46,9,-17.28,631.56,117.27,104.04,0.95,-1,-1,-1
46,10,986.47,653.53,98.98,245.67,0.92,-1,-1,-1
46,2,627.16,370.87,70.40,101.69,0.96,-1,-1,-1
47,1,642.59,385.07,62.29,134.08,1.00,-1,-1,-1
47,3,713.99,410.92,72.51,117.59,1.00,-1,-1,-1
47,4,526.30,320.81,52.81,95.42,1.00,-1,-1,-1
47,5,519.03,381.85,62.00,121.43,0.99,-1,-1,-1
47,6,340.61,315.58,36.56,87.58,1.00,-1,-1,-1
47,7,1062.93,445.93,108.02,240.74,1.00,-1,-1,-1
47,8,734.08,315.95,35.91,68.07,0.96,-1,-1,-1
47,9,-17.22,631.75,117.13,103.67,0.95,-1,-1,-1
47,10,986.48,653.45,98.99,246.28,0.92,-1,-1,-1
47,2,627.91,370.51,58.59,99.94,0.95,-1,-1,-1
48,1,643.76,385.17,86.32,131.29,0.99,-1,-1,-1
48,3,719.20,407.44,78.99,119.66,1.00,-1,-1,-1
48,4,530.34,324.63,57.28,90.97,1.00,-1,-1,-1
48,5,519.02,379.84,64.00,116.08,1.00,-1,-1,-1
48,6,340.69,315.29,35.63,87.97,1.00,-1,-1,-1
48,7,1063.53,446.12,108.02,240.57,1.00,-1,-1,-1
48,8,734.59,316.25,35.40,55.82,0.95,-1,-1,-1
48,9,-18.02,631.25,118.57,108.29,0.94,-1,-1,-1
48,10,987.08,654.03,97.80,244.12,0.92,-1,-1,-1
48,2,628.28,369.42,60.73,102.45,0.97,-1,-1,-1
49,1,648.68,386.64,91.21,129.52,0.98,-1,-1,-1
49,3,721.02,404.95,85.87,121.68,0.99,-1,-1,-1
49,4,533.19,325.24,59.45,91.88,1.00,-1,-1,-1
49,5,520.39,378.63,55.62,114.11,1.00,-1,-1,-1
49,6,340.52,314.88,34.97,88.42,1.00,-1,-1,-1
49,7,1063.73,446.21,108.02,240.51,1.00,-1,-1,-1
49,8,734.76,316.20,35.20,50.43,0.96,-1,-1,-1
49,9,-16.91,631.66,117.19,107.09,0.90,-1,-1,-1
49,10,986.67,653.96,98.55,245.11,0.91,-1,-1,-1
49,2,626.78,367.73,61.97,104.70,0.97,-1,-1,-1
50,1,651.13,389.18,92.17,126.03,0.99,-1,-1,-1
50,3,753.18,401.90,65.81,115.63,0.99,-1,-1,-1
50,4,536.46,326.32,57.96,89.84,1.00,-1,-1,-1
50,5,524.62,373.71,45.94,116.78,0.99,-1,-1,-1
50,6,340.16,314.84,34.73,88.29,1.00,-1,-1,-1
50,7,1063.80,446.21,108.02,240.49,1.00,-1,-1,-1
50,8,734.82,316.32,35.13,48.39,0.96,-1,-1,-1
50,9,-17.71,631.18,118.30,108.38,0.93,-1,-1,-1
50,10,986.52,653.91,98.83,244.88,0.91,-1,-1,-1
50,2,623.05,363.59,50.42,107.90,0.99,-1,-1,-1
51,1,652.37,387.71,89.60,127.19,0.99,-1,-1,-1
51,3,753.38,400.87,75.34,113.20,0.99,-1,-1,-1
51,4,540.20,327.26,54.94,88.75,1.00,-1,-1,-1
51,5,523.90,369.12,45.65,120.32,0.99,-1,-1,-1
51,6,339.88,314.62,34.64,88.54,1.00,-1,-1,-1
51,7,1063.83,446.18,108.01,240.49,1.00,-1,-1,-1
51,8,734.85,316.32,35.10,47.12,0.94,-1,-1,-1
51,9,-16.85,631.53,117.07,105.90,0.91,-1,-1,-1
51,10,986.45,653.85,98.93,245.40,0.91,-1,-1,-1
51,2,619.35,359.52,47.22,111.31,0.99,-1,-1,-1
52,1,653.61,385.12,96.52,127.35,1.00,-1,-1,-1
52,3,771.94,398.56,72.36,114.06,0.99,-1,-1,-1
52,4,538.94,326.71,56.18,88.95,1.00,-1,-1,-1
52,5,526.99,367.94,43.71,110.31,0.99,-1,-1,-1
52,6,339.72,315.28,34.31,87.45,1.00,-1,-1,-1
52,7,1063.80,446.18,108.00,240.50,1.00,-1,-1,-1
52,8,734.82,316.17,35.09,48.00,0.96,-1,-1,-1
52,9,-16.54,631.67,116.62,104.94,0.91,-1,-1,-1
52,10,986.38,653.86,98.97,245.01,0.91,-1,-1,-1
52,2,619.21,357.16,43.71,107.64,1.00,-1,-1,-1
53,1,657.76,382.99,96.89,121.14,0.99,-1,-1,-1
53,3,781.02,397.30,71.06,114.26,0.99,-1,-1,-1
53,4,539.04,325.92,56.04,89.32,1.00,-1,-1,-1
53,5,529.69,367.28,42.44,104.40,1.00,-1,-1,-1
53,6,339.56,315.71,34.49,86.73,1.00,-1,-1,-1
53,7,1063.22,446.18,108.01,240.50,1.00,-1,-1,-1
53,8,734.84,316.13,35.09,51.39,0.92,-1,-1,-1
53,9,-17.62,631.47,117.63,103.97,0.94,-1,-1,-1
53,10,986.99,653.85,97.80,244.86,0.92,-1,-1,-1
53,2,618.08,355.62,42.66,105.39,0.99,-1,-1,-1
54,1,666.52,380.26,90.02,115.63,0.99,-1,-1,-1
54,3,786.21,395.35,81.37,115.88,1.00,-1,-1,-1
54,4,537.13,324.40,57.15,91.25,0.99,-1,-1,-1
54,5,532.44,366.22,40.78,101.76,1.00,-1,-1,-1
54,6,339.18,315.84,34.86,86.77,1.00,-1,-1,-1
54,7,1062.98,446.18,108.00,240.51,0.99,-1,-1,-1
54,8,734.23,315.96,35.68,59.44,0.92,-1,-1,-1
54,9,-18.21,631.65,118.16,102.42,0.94,-1,-1,-1
54,10,987.19,653.85,97.36,244.81,0.92,-1,-1,-1
54,2,614.29,353.61,45.56,102.14,0.99,-1,-1,-1
55,1,676.80,377.80,81.15,114.60,0.99,-1,-1,-1
55,3,789.04,393.49,91.85,117.11,1.00,-1,-1,-1
55,4,533.40,323.84,59.34,91.38,0.99,-1,-1,-1
55,5,533.41,364.57,45.84,100.43,0.98,-1,-1,-1
55,6,338.77,315.91,35.30,86.78,1.00,-1,-1,-1
55,7,1062.93,446.18,108.01,240.51,0.99,-1,-1,-1
55,8,734.62,315.91,35.32,55.67,0.96,-1,-1,-1
55,9,-18.44,631.76,118.53,102.44,0.94,-1,-1,-1
55,10,987.31,654.15,97.20,242.41,0.93,-1,-1,-1
55,2,612.17,353.12,46.56,99.10,0.99,-1,-1,-1
56,1,687.53,373.34,75.25,117.95,0.99,-1,-1,-1
56,3,797.50,391.05,103.86,120.88,0.99,-1,-1,-1
56,4,524.86,321.86,53.74,89.94,0.99,-1,-1,-1
56,5,532.84,360.12,54.53,103.09,1.00,-1,-1,-1
56,6,338.13,315.65,36.06,87.09,0.99,-1,-1,-1
56,7,1063.46,446.35,108.01,240.37,1.00,-1,-1,-1
56,8,734.74,315.90,35.18,51.00,0.96,-1,-1,-1
56,9,-18.39,631.81,118.37,102.46,0.94,-1,-1,-1
56,10,987.30,654.29,97.15,242.10,0.93,-1,-1,-1
56,2,612.06,350.47,45.19,100.71,0.99,-1,-1,-1
57,1,692.22,368.91,74.32,121.73,0.99,-1,-1,-1
57,3,806.11,389.42,108.18,123.62,0.99,-1,-1,-1
57,4,521.33,320.35,50.21,94.46,0.99,-1,-1,-1
57,5,534.07,357.21,56.20,100.80,1.00,-1,-1,-1
57,6,337.81,315.53,36.06,87.21,0.99,-1,-1,-1
57,7,1063.12,446.23,108.01,240.45,0.99,-1,-1,-1
57,8,734.53,315.88,35.72,49.55,0.96,-1,-1,-1
57,9,-17.99,631.81,118.01,101.28,0.95,-1,-1,-1
57,10,987.35,654.30,97.13,242.59,0.93,-1,-1,-1
57,2,611.91,348.94,44.11,101.59,0.99,-1,-1,-1
58,1,699.51,364.21,83.06,125.41,0.98,-1,-1,-1
58,3,824.61,386.50,102.53,126.73,0.99,-1,-1,-1
58,4,524.03,320.38,40.93,88.54,0.99,-1,-1,-1
58,5,541.39,353.67,49.40,93.93,0.99,-1,-1,-1
58,6,337.09,315.63,36.93,86.96,0.99,-1,-1,-1
58,7,1062.96,446.95,108.00,239.15,1.00,-1,-1,-1
58,8,734.73,316.04,35.33,54.83,0.97,-1,-1,-1
58,9,-17.83,631.80,117.86,102.05,0.95,-1,-1,-1
58,10,986.74,654.31,98.32,246.95,0.91,-1,-1,-1
58,2,609.79,347.11,43.77,101.04,1.00,-1,-1,-1
59,1,706.17,361.92,82.75,123.29,0.99,-1,-1,-1
59,3,840.92,383.23,93.85,130.40,0.99,-1,-1,-1
59,4,524.68,320.29,38.22,86.13,0.98,-1,-1,-1
59,5,546.48,350.67,47.72,93.03,1.00,-1,-1,-1
59,6,336.09,315.69,37.56,86.87,1.00,-1,-1,-1
59,7,1063.52,447.21,108.01,238.66,1.00,-1,-1,-1
59,8,734.82,316.09,35.18,51.77,0.96,-1,-1,-1
59,9,-17.68,631.83,117.82,101.75,0.96,-1,-1,-1
59,10,986.54,654.33,98.78,248.59,0.92,-1,-1,-1
59,2,608.81,346.36,43.07,95.17,0.99,-1,-1,-1
60,1,718.30,358.32,71.92,113.67,0.99,-1,-1,-1
60,3,874.10,378.09,72.02,135.15,0.99,-1,-1,-1
60,4,518.40,321.01,45.78,86.78,1.00,-1,-1,-1
60,5,551.20,346.18,41.09,95.22,1.00,-1,-1,-1
60,6,335.24,315.99,38.08,86.24,1.00,-1,-1,-1
60,7,1063.70,447.02,108.01,239.09,0.99,-1,-1,-1
60,8,735.12,316.27,34.53,59.57,0.98,-1,-1,-1
60,9,-17.72,631.82,117.80,102.24,0.95,-1,-1,-1
60,10,986.41,654.04,98.94,250.40,0.91,-1,-1,-1
60,2,608.80,344.20,40.42,90.80,0.99,-1,-1,-1
61,1,728.98,357.42,60.62,107.86,0.99,-1,-1,-1
61,3,891.95,376.02,64.00,137.67,0.99,-1,-1,-1
61,4,513.58,321.59,50.98,86.43,1.00,-1,-1,-1
61,5,554.12,342.10,39.84,98.46,1.00,-1,-1,-1
61,6,335.69,316.86,37.11,84.81,0.99,-1,-1,-1
61,7,1063.79,446.94,108.01,239.25,0.99,-1,-1,-1
61,8,735.26,316.20,34.28,59.74,0.98,-1,-1,-1
61,9,-16.50,631.83,116.60,100.65,0.94,-1,-1,-1
61,10,986.40,654.23,99.01,250.47,0.92,-1,-1,-1
61,2,606.15,342.74,41.99,88.95,0.99,-1,-1,-1
62,1,743.03,356.75,47.59,106.00,0.99,-1,-1,-1
62,3,904.88,371.22,65.43,141.82,0.99,-1,-1,-1
62,4,510.48,321.68,53.67,85.11,1.00,-1,-1,-1
62,5,556.26,338.75,38.20,97.63,0.99,-1,-1,-1
62,6,335.71,319.29,35.82,83.68,1.00,-1,-1,-1
62,7,1063.79,446.91,108.01,239.32,1.00,-1,-1,-1
62,8,735.28,316.31,34.19,57.14,0.98,-1,-1,-1
62,9,-15.82,631.84,115.83,99.45,0.94,-1,-1,-1
62,10,985.18,654.30,100.22,251.07,0.91,-1,-1,-1
62,2,604.32,341.21,43.13,86.20,1.00,-1,-1,-1
63,1,749.86,355.05,43.45,106.63,0.99,-1,-1,-1
63,3,911.76,369.13,69.90,141.34,0.99,-1,-1,-1
63,4,509.01,321.41,55.31,84.93,1.00,-1,-1,-1
63,5,557.25,337.32,38.89,95.25,1.00,-1,-1,-1
63,6,336.21,321.54,35.03,82.07,1.00,-1,-1,-1
63,7,1063.23,447.19,108.01,238.75,1.00,-1,-1,-1
63,8,735.31,316.35,34.16,59.07,0.98,-1,-1,-1
63,9,-15.52,631.84,115.57,99.01,0.94,-1,-1,-1
63,10,985.35,654.32,99.49,250.09,0.91,-1,-1,-1
63,2,603.14,343.34,43.59,82.19,0.99,-1,-1,-1
64,1,756.60,349.99,41.03,110.53,0.98,-1,-1,-1
64,3,922.60,368.27,78.39,138.30,0.99,-1,-1,-1
64,4,508.18,320.71,53.62,86.98,1.00,-1,-1,-1
64,5,561.47,336.93,37.33,90.18,0.99,-1,-1,-1
64,6,336.84,322.96,36.24,80.88,0.99,-1,-1,-1
64,7,1063.58,447.01,108.00,239.13,0.99,-1,-1,-1
64,8,734.71,316.37,35.35,64.14,0.94,-1,-1,-1
64,9,-16.53,631.83,116.69,98.87,0.96,-1,-1,-1
64,10,985.39,654.03,99.20,249.10,0.92,-1,-1,-1
64,2,602.75,340.18,40.21,85.13,1.00,-1,-1,-1
65,1,757.74,345.50,45.05,113.64,0.99,-1,-1,-1
65,3,937.46,370.10,72.40,135.28,1.00,-1,-1,-1
65,4,507.36,320.60,54.08,86.86,1.00,-1,-1,-1
65,5,565.11,336.93,36.18,85.28,0.99,-1,-1,-1
65,6,337.40,323.15,35.22,81.07,0.98,-1,-1,-1
65,7,1063.75,446.92,108.01,239.28,0.99,-1,-1,-1
65,8,734.51,316.23,35.79,70.34,0.97,-1,-1,-1
65,9,-16.67,631.83,116.82,98.83,0.96,-1,-1,-1
65,10,985.45,654.21,99.09,248.72,0.92,-1,-1,-1
65,2,601.82,335.95,39.55,89.19,0.85,-1,-1,-1
65,12,590.40,319.05,51.30,106.65,0.96,-1,-1,-1
66,1,759.36,343.59,51.79,108.04,1.00,-1,-1,-1
66,3,958.46,370.58,57.58,134.11,1.00,-1,-1,-1
66,4,503.26,319.66,57.76,85.33,1.00,-1,-1,-1
66,5,566.91,336.89,37.03,84.21,0.99,-1,-1,-1
66,6,338.06,321.38,35.71,82.65,0.99,-1,-1,-1
66,7,1063.79,446.89,108.00,239.34,1.00,-1,-1,-1
66,8,734.43,316.30,35.96,71.09,0.95,-1,-1,-1
66,9,-16.72,631.79,116.84,99.43,0.96,-1,-1,-1
66,10,985.44,653.98,99.03,249.16,0.93,-1,-1,-1
66,2,590.26,319.20,48.48,104.90,0.97,-1,-1,-1
67,1,761.37,342.88,54.27,105.89,1.00,-1,-1,-1
67,3,972.43,371.12,50.59,134.25,1.00,-1,-1,-1
67,4,501.46,319.17,59.14,84.76,0.99,-1,-1,-1
67,5,567.80,335.13,38.55,85.42,0.99,-1,-1,-1
67,6,338.46,319.98,36.20,83.56,0.99,-1,-1,-1
67,7,1063.84,446.88,108.00,239.37,1.00,-1,-1,-1
67,8,734.71,316.20,35.43,72.47,0.96,-1,-1,-1
67,9,-16.89,631.81,117.01,99.66,0.96,-1,-1,-1
67,10,985.48,654.20,99.02,248.73,0.93,-1,-1,-1
67,2,586.81,312.30,50.40,111.27,0.99,-1,-1,-1
68,1,769.21,338.47,50.01,108.47,1.00,-1,-1,-1
68,3,985.43,368.99,53.75,136.06,0.99,-1,-1,-1
68,4,500.23,318.54,60.80,84.55,0.99,-1,-1,-1
68,5,572.22,330.62,36.76,88.02,0.98,-1,-1,-1
68,6,340.99,318.97,35.19,84.20,0.99,-1,-1,-1
68,7,1063.83,447.17,107.99,239.38,1.00,-1,-1,-1
68,8,734.51,316.15,35.22,72.10,0.97,-1,-1,-1
68,9,-17.41,631.48,117.81,100.35,0.96,-1,-1,-1
68,10,985.47,653.97,100.20,248.55,0.90,-1,-1,-1
68,2,595.27,320.51,41.43,97.67,0.98,-1,-1,-1
69,1,775.03,335.59,46.46,109.73,0.99,-1,-1,-1
69,3,991.45,367.04,58.37,137.32,0.99,-1,-1,-1
69,4,500.09,317.88,60.85,85.08,1.00,-1,-1,-1
69,5,576.83,328.88,34.86,81.88,0.98,-1,-1,-1
69,6,342.69,318.75,34.51,81.49,0.99,-1,-1,-1
69,7,1063.85,447.56,108.01,238.79,1.00,-1,-1,-1
69,8,734.74,316.13,35.15,64.61,0.98,-1,-1,-1
69,9,-17.36,631.71,117.83,100.62,0.96,-1,-1,-1
69,10,986.09,653.88,99.47,248.48,0.90,-1,-1,-1
69,2,599.53,324.09,36.92,87.15,0.98,-1,-1,-1
70,1,783.09,333.26,42.72,110.52,0.99,-1,-1,-1
70,3,995.72,365.47,75.48,137.78,1.00,-1,-1,-1
70,4,503.33,316.73,57.32,86.18,1.00,-1,-1,-1
70,5,578.71,326.05,34.81,78.63,0.99,-1,-1,-1
70,6,347.24,317.74,33.65,78.94,0.98,-1,-1,-1
70,7,1063.85,447.41,108.00,239.16,1.00,-1,-1,-1
70,8,734.54,316.12,35.12,67.33,0.96,-1,-1,-1
70,9,-17.43,631.45,117.97,101.91,0.95,-1,-1,-1
70,10,986.33,653.84,99.18,247.26,0.89,-1,-1,-1
70,2,601.97,325.35,34.79,83.35,0.99,-1,-1,-1
71,1,786.94,331.73,46.48,111.15,1.00,-1,-1,-1
71,3,998.78,364.31,85.02,138.83,1.00,-1,-1,-1
71,4,505.27,316.47,54.09,86.31,1.00,-1,-1,-1
71,5,582.93,319.59,32.39,83.71,0.97,-1,-1,-1
71,6,349.79,314.35,37.28,81.05,0.99,-1,-1,-1
71,7,1063.90,447.64,108.02,238.72,1.00,-1,-1,-1
71,8,734.48,316.10,35.11,67.69,0.95,-1,-1,-1
71,9,-17.64,631.41,118.19,102.99,0.95,-1,-1,-1
71,10,986.46,653.84,99.08,246.22,0.90,-1,-1,-1
71,2,598.44,323.99,39.12,83.61,0.98,-1,-1,-1
72,1,790.94,331.25,48.29,109.60,1.00,-1,-1,-1
72,3,1001.72,366.60,96.82,135.95,1.00,-1,-1,-1
72,4,506.06,316.51,51.64,86.06,1.00,-1,-1,-1
72,6,352.48,311.46,40.28,81.22,0.99,-1,-1,-1
72,7,1063.27,447.13,109.18,239.14,1.00,-1,-1,-1
72,8,734.45,316.09,35.10,68.09,0.95,-1,-1,-1
72,9,-17.25,631.58,117.80,101.63,0.96,-1,-1,-1
72,10,986.45,653.82,99.01,245.81,0.90,-1,-1,-1
72,2,591.72,308.72,45.21,97.93,1.00,-1,-1,-1
73,1,793.71,331.96,49.01,107.83,1.00,-1,-1,-1
73,3,1004.34,368.76,103.85,133.02,1.00,-1,-1,-1
73,4,506.64,314.65,50.14,88.05,1.00,-1,-1,-1
73,6,354.03,310.72,43.75,80.71,0.99,-1,-1,-1
73,7,1063.61,447.27,108.45,239.31,1.00,-1,-1,-1
73,8,734.42,316.13,35.10,69.40,0.96,-1,-1,-1
73,9,-17.34,631.43,117.80,101.10,0.96,-1,-1,-1
73,10,985.84,653.85,100.19,246.86,0.90,-1,-1,-1
73,2,589.95,299.22,45.88,106.11,0.99,-1,-1,-1
74,1,796.64,333.97,50.48,105.08,0.99,-1,-1,-1
74,3,1015.60,372.77,98.94,128.77,1.00,-1,-1,-1
74,4,506.29,312.64,50.81,89.97,1.00,-1,-1,-1
74,6,355.92,309.43,44.83,80.22,0.99,-1,-1,-1
74,7,1063.15,446.73,109.34,239.95,1.00,-1,-1,-1
74,8,734.72,316.14,35.09,65.77,0.98,-1,-1,-1
74,9,-16.90,631.36,117.33,101.49,0.96,-1,-1,-1
74,10,985.62,653.86,100.62,247.85,0.91,-1,-1,-1
74,2,592.83,303.68,41.47,98.36,0.98,-1,-1,-1
75,1,799.64,335.41,49.87,103.48,1.00,-1,-1,-1
75,3,1027.30,374.15,88.53,126.43,0.99,-1,-1,-1
75,4,506.44,310.74,51.67,92.17,1.00,-1,-1,-1
75,6,360.32,309.15,42.08,76.16,0.99,-1,-1,-1
75,7,1062.99,447.13,109.69,239.62,1.00,-1,-1,-1
75,8,734.82,316.16,35.10,62.19,0.98,-1,-1,-1
75,9,-16.82,631.68,117.19,101.05,0.96,-1,-1,-1
75,10,986.14,653.59,99.61,247.05,0.91,-1,-1,-1
75,2,592.58,304.58,40.87,94.64,0.96,-1,-1,-1
75,5,590.70,303.31,29.88,73.62,0.88,-1,-1,-1
76,1,802.08,335.22,47.85,103.21,1.00,-1,-1,-1
76,3,1048.17,373.41,67.41,125.29,1.00,-1,-1,-1
76,4,508.61,308.84,49.03,93.29,1.00,-1,-1,-1
76,6,369.61,311.97,34.67,72.20,0.97,-1,-1,-1
76,7,1063.53,447.23,108.64,239.48,1.00,-1,-1,-1
76,8,735.16,316.29,34.51,55.67,0.98,-1,-1,-1
76,9,-16.85,631.50,117.28,101.46,0.96,-1,-1,-1
76,10,986.35,653.74,99.23,246.14,0.92,-1,-1,-1
76,2,594.03,303.81,39.45,91.73,0.99,-1,-1,-1
76,5,594.01,300.67,29.06,72.84,0.80,-1,-1,-1
77,1,801.53,335.79,49.49,102.24,0.99,-1,-1,-1
77,3,1057.11,372.24,57.70,127.00,1.00,-1,-1,-1
77,4,512.18,306.97,45.57,94.58,0.99,-1,-1,-1
77,6,375.58,312.71,32.06,71.10,0.99,-1,-1,-1
77,7,1063.69,447.27,108.23,239.42,1.00,-1,-1,-1
77,8,734.96,316.18,34.88,58.31,0.98,-1,-1,-1
77,9,-16.88,631.41,117.31,101.62,0.96,-1,-1,-1
77,10,986.38,653.79,99.08,245.79,0.92,-1,-1,-1
77,2,596.42,303.33,37.71,90.63,0.97,-1,-1,-1
77,5,595.34,299.35,27.58,72.29,0.54,-1,-1,-1
78,1,800.10,331.05,48.32,101.31,0.98,-1,-1,-1
78,3,1063.45,369.68,50.79,129.15,0.99,-1,-1,-1
78,4,520.32,303.47,38.74,96.81,0.99,-1,-1,-1
78,6,379.98,312.36,36.22,71.36,0.98,-1,-1,-1
78,7,1063.17,447.25,108.08,239.40,1.00,-1,-1,-1
78,8,735.18,316.11,34.43,62.47,0.98,-1,-1,-1
78,9,-17.75,631.67,117.92,102.87,0.94,-1,-1,-1
78,10,986.41,654.08,99.03,246.27,0.90,-1,-1,-1
78,2,601.62,302.32,35.85,87.82,0.98,-1,-1,-1
78,5,597.88,300.02,25.20,63.32,0.59,-1,-1,-1
79,1,799.63,328.46,47.87,101.00,0.98,-1,-1,-1
79,3,1064.92,367.88,48.62,131.16,0.99,-1,-1,-1
79,4,528.75,302.04,31.77,97.35,0.99,-1,-1,-1
79,6,381.79,312.71,40.19,70.88,0.98,-1,-1,-1
79,7,1062.95,446.99,108.02,239.39,1.00,-1,-1,-1
79,8,735.25,316.12,34.25,64.04,0.98,-1,-1,-1
79,9,-17.61,631.47,117.70,103.93,0.94,-1,-1,-1
79,10,986.39,654.22,99.00,246.45,0.90,-1,-1,-1
79,2,603.22,301.94,34.57,87.67,0.98,-1,-1,-1
79,5,601.17,300.44,21.83,57.11,0.16,-1,-1,-1
80,1,794.87,323.20,50.10,103.01,0.99,-1,-1,-1
80,3,1067.03,366.77,46.72,132.08,0.99,-1,-1,-1
80,4,536.14,301.99,27.59,98.70,0.98,-1,-1,-1
80,6,385.13,309.68,46.32,73.46,1.00,-1,-1,-1
80,7,1063.49,447.19,108.00,239.39,1.00,-1,-1,-1
80,8,734.70,315.98,34.79,70.23,0.97,-1,-1,-1
80,9,-16.90,631.71,117.01,104.33,0.90,-1,-1,-1
80,10,986.41,653.99,99.00,246.52,0.91,-1,-1,-1
80,2,605.64,303.53,31.67,84.33,0.98,-1,-1,-1
80,5,603.15,303.14,20.72,54.49,0.12,-1,-1,-1
81,1,791.01,319.97,51.50,102.89,0.99,-1,-1,-1
81,3,1066.70,365.65,47.46,132.86,0.99,-1,-1,-1
81,4,538.87,302.89,27.85,96.85,0.99,-1,-1,-1
81,6,390.46,307.10,49.02,70.86,0.97,-1,-1,-1
81,7,1063.08,446.97,107.98,239.38,1.00,-1,-1,-1
81,8,734.49,315.94,34.99,70.85,0.96,-1,-1,-1
81,9,-17.25,631.78,117.35,103.87,0.94,-1,-1,-1
81,10,986.39,654.19,98.99,244.17,0.90,-1,-1,-1
81,2,607.13,304.08,30.02,83.39,0.98,-1,-1,-1
81,5,603.06,303.94,21.68,57.53,0.15,-1,-1,-1
82,1,788.58,317.06,49.12,103.15,0.99,-1,-1,-1
82,3,1068.89,365.40,46.53,133.60,0.99,-1,-1,-1
82,4,539.63,306.29,35.66,93.72,0.99,-1,-1,-1
82,6,403.97,306.01,41.92,72.31,0.99,-1,-1,-1
82,7,1062.93,447.06,107.99,239.53,1.00,-1,-1,-1
82,8,735.00,316.23,34.48,57.07,0.93,-1,-1,-1
82,9,-17.34,631.85,117.47,104.28,0.94,-1,-1,-1
82,10,986.40,654.29,98.99,246.87,0.87,-1,-1,-1
82,2,607.93,304.97,30.12,82.77,0.98,-1,-1,-1
83,1,785.73,315.89,49.97,102.68,0.99,-1,-1,-1
83,3,1070.01,365.20,46.27,134.61,0.99,-1,-1,-1
83,4,540.04,307.45,39.77,91.91,0.99,-1,-1,-1
83,6,412.05,305.77,36.89,71.95,0.99,-1,-1,-1
83,7,1062.88,447.09,107.98,239.59,1.00,-1,-1,-1
83,8,735.20,316.35,34.28,49.64,0.93,-1,-1,-1
83,9,-16.75,631.85,116.95,105.62,0.90,-1,-1,-1
83,10,986.99,654.33,98.99,246.69,0.88,-1,-1,-1
83,2,608.49,305.04,30.18,82.87,0.98,-1,-1,-1
84,1,781.45,316.14,53.23,98.33,1.00,-1,-1,-1
84,3,1071.45,364.27,45.00,135.87,0.99,-1,-1,-1
84,4,539.80,310.15,50.06,89.73,1.00,-1,-1,-1
84,6,424.73,304.21,30.08,73.33,0.97,-1,-1,-1
84,7,1062.87,446.82,107.97,239.91,1.00,-1,-1,-1
84,8,734.69,316.22,34.80,65.25,0.89,-1,-1,-1
84,9,-16.36,631.83,116.59,105.52,0.90,-1,-1,-1
84,10,987.81,654.34,97.79,245.44,0.89,-1,-1,-1
84,2,608.99,302.40,32.68,84.13,0.98,-1,-1,-1
85,1,780.98,317.54,53.87,96.40,1.00,-1,-1,-1
85,3,1073.60,363.93,43.36,136.04,0.99,-1,-1,-1
85,4,539.98,310.86,55.70,88.02,1.00,-1,-1,-1
85,6,431.14,304.82,28.30,72.08,0.99,-1,-1,-1
85,7,1062.85,447.01,107.97,239.74,1.00,-1,-1,-1
85,8,734.48,316.18,35.00,66.53,0.78,-1,-1,-1
85,9,-16.14,631.81,116.28,104.89,0.90,-1,-1,-1
85,10,987.50,654.35,98.53,244.37,0.84,-1,-1,-1
85,2,610.61,302.33,31.22,82.53,0.98,-1,-1,-1
85,13,735.75,316.35,33.30,46.80,0.81,-1,-1,-1
86,1,775.21,319.03,59.96,93.92,1.00,-1,-1,-1
86,3,1075.42,365.02,42.84,135.51,0.99,-1,-1,-1
86,4,542.11,310.68,56.46,87.70,1.00,-1,-1,-1
86,6,434.43,304.06,37.49,71.62,0.99,-1,-1,-1
86,7,1062.84,447.09,107.98,239.68,1.00,-1,-1,-1
86,8,734.98,316.32,34.48,54.83,0.92,-1,-1,-1
86,9,-16.17,631.53,116.18,106.42,0.91,-1,-1,-1
86,10,987.37,654.37,98.82,243.99,0.84,-1,-1,-1
86,2,604.18,300.87,37.36,83.75,0.98,-1,-1,-1
86,14,622.80,301.95,26.10,72.00,0.94,-1,-1,-1
87,1,770.81,320.83,63.37,90.31,0.99,-1,-1,-1
87,3,1075.32,365.14,42.70,135.58,0.99,-1,-1,-1
87,4,544.35,310.60,55.56,87.59,1.00,-1,-1,-1
87,6,437.83,302.90,42.26,72.65,1.00,-1,-1,-1
87,7,1062.85,447.10,107.98,239.64,1.00,-1,-1,-1
87,8,735.19,316.36,34.28,48.82,0.95,-1,-1,-1
87,9,-16.15,631.41,116.16,106.98,0.91,-1,-1,-1
87,10,987.33,654.34,98.93,243.24,0.83,-1,-1,-1
87,2,602.30,300.50,38.33,83.61,0.98,-1,-1,-1
87,14,623.18,302.32,27.54,72.00,0.94,-1,-1,-1
88,1,767.30,320.16,63.58,89.34,0.98,-1,-1,-1
88,3,1075.75,366.67,43.92,134.11,0.99,-1,-1,-1
88,4,550.31,311.01,51.67,87.57,1.00,-1,-1,-1
88,6,445.37,302.33,43.20,73.05,0.99,-1,-1,-1
88,7,1062.84,446.95,107.99,239.49,1.00,-1,-1,-1
88,8,734.34,316.36,35.40,62.71,0.79,-1,-1,-1
88,9,-16.78,631.68,116.76,104.23,0.95,-1,-1,-1
88,10,987.30,654.34,98.98,242.39,0.84,-1,-1,-1
88,2,603.77,300.39,40.46,82.98,0.98,-1,-1,-1
88,14,622.54,302.56,28.49,72.35,0.90,-1,-1,-1
89,1,763.35,319.48,66.50,89.65,0.99,-1,-1,-1
89,3,1075.83,367.56,44.39,133.25,0.99,-1,-1,-1
89,4,555.55,311.60,48.85,86.98,0.99,-1,-1,-1
89,6,452.75,302.44,38.50,72.31,0.98,-1,-1,-1
89,7,1062.84,446.88,107.99,239.43,1.00,-1,-1,-1
89,8,734.63,316.36,35.23,52.59,0.80,-1,-1,-1
89,9,-16.97,631.76,116.98,103.16,0.95,-1,-1,-1
89,10,987.29,654.32,98.99,242.67,0.84,-1,-1,-1
89,2,605.52,300.39,38.98,82.75,0.98,-1,-1,-1
89,14,621.65,302.11,29.51,72.46,0.91,-1,-1,-1
