0,1,557.55,401.62,86.40,114.07,1.00,-1,-1,-1
0,2,508.50,416.70,65.70,140.40,1.00,-1,-1,-1
0,3,838.80,386.77,103.50,134.32,1.00,-1,-1,-1
0,4,421.42,322.42,49.27,98.55,1.00,-1,-1,-1
0,5,309.15,310.50,30.15,89.55,1.00,-1,-1,-1
0,6,1003.50,501.75,120.60,294.30,1.00,-1,-1,-1
0,7,814.05,384.97,76.50,121.73,0.99,-1,-1,-1
0,8,732.15,316.35,37.80,45.00,0.97,-1,-1,-1
1,1,558.34,401.83,86.40,114.66,1.00,-1,-1,-1
1,2,508.90,416.51,65.70,140.59,1.00,-1,-1,-1
1,3,838.42,387.76,103.89,132.96,0.99,-1,-1,-1
1,4,420.85,319.31,49.47,102.06,1.00,-1,-1,-1
1,5,309.17,310.70,30.15,89.55,1.00,-1,-1,-1
1,6,1004.29,501.36,120.60,299.76,1.00,-1,-1,-1
1,7,814.06,384.98,79.62,122.89,0.99,-1,-1,-1
1,8,732.16,316.55,37.80,45.00,0.97,-1,-1,-1
2,1,559.57,402.92,87.10,113.35,1.00,-1,-1,-1
2,2,508.66,415.61,67.80,141.84,1.00,-1,-1,-1
2,3,839.43,388.46,103.60,132.19,0.99,-1,-1,-1
2,4,421.33,319.30,50.73,101.97,1.00,-1,-1,-1
2,5,309.40,310.75,29.80,89.19,1.00,-1,-1,-1
2,6,1005.14,501.99,120.59,302.07,1.00,-1,-1,-1
2,7,815.12,383.94,79.47,123.79,0.98,-1,-1,-1
2,8,732.19,316.42,37.80,45.35,0.94,-1,-1,-1
3,1,559.90,403.41,88.00,112.42,1.00,-1,-1,-1
3,2,508.53,415.31,69.14,142.25,1.00,-1,-1,-1
3,3,843.16,390.36,99.38,130.95,1.00,-1,-1,-1
3,4,421.94,319.34,50.28,101.88,1.00,-1,-1,-1
3,5,309.41,310.73,29.69,89.09,1.00,-1,-1,-1
3,6,1005.37,502.19,120.60,301.37,1.00,-1,-1,-1
3,7,815.44,382.90,81.40,124.06,0.99,-1,-1,-1
3,8,732.17,316.52,37.80,45.46,0.94,-1,-1,-1
4,1,560.34,403.36,90.26,112.31,1.00,-1,-1,-1
4,2,508.21,414.23,71.50,143.00,1.00,-1,-1,-1
4,3,843.68,391.43,98.04,131.08,1.00,-1,-1,-1
4,4,423.34,319.04,49.26,101.81,1.00,-1,-1,-1
4,5,309.45,310.73,29.66,89.06,1.00,-1,-1,-1
4,6,1006.78,502.22,120.60,298.38,1.00,-1,-1,-1
4,7,815.56,383.41,80.71,123.28,0.99,-1,-1,-1
4,8,732.19,316.55,37.80,45.82,0.96,-1,-1,-1
5,1,561.99,402.37,92.27,113.29,1.00,-1,-1,-1
5,2,508.66,413.90,71.64,143.24,1.00,-1,-1,-1
5,3,843.73,391.43,96.38,132.46,1.00,-1,-1,-1
5,4,426.81,318.96,45.83,101.47,0.99,-1,-1,-1
5,5,309.22,310.72,29.98,89.38,1.00,-1,-1,-1
5,6,1006.55,502.57,121.89,296.70,1.00,-1,-1,-1
5,7,815.53,383.79,77.21,123.17,0.99,-1,-1,-1
5,8,732.15,316.57,37.80,45.93,0.96,-1,-1,-1
6,1,566.90,401.07,89.85,113.96,1.00,-1,-1,-1
6,2,508.84,413.50,70.99,143.30,1.00,-1,-1,-1
6,3,843.06,392.02,97.17,134.22,1.00,-1,-1,-1
6,4,433.53,319.10,38.77,101.02,1.00,-1,-1,-1
6,5,309.31,310.56,29.78,89.50,1.00,-1,-1,-1
6,6,1007.70,502.38,121.08,295.50,1.00,-1,-1,-1
6,7,814.86,383.94,76.59,123.13,1.00,-1,-1,-1
6,8,732.15,316.57,37.80,45.97,0.97,-1,-1,-1
7,1,569.27,399.98,89.50,114.82,1.00,-1,-1,-1
7,2,509.20,413.23,70.70,143.45,1.00,-1,-1,-1
7,3,843.40,392.20,96.88,134.85,1.00,-1,-1,-1
7,4,436.67,319.16,36.14,101.17,0.99,-1,-1,-1
7,5,309.32,310.66,29.71,89.24,1.00,-1,-1,-1
7,6,1008.70,502.92,120.78,292.62,1.00,-1,-1,-1
7,7,814.93,383.23,75.77,123.88,0.99,-1,-1,-1
7,8,732.13,316.58,37.80,45.97,0.97,-1,-1,-1
8,1,571.30,398.82,88.74,115.90,1.00,-1,-1,-1
8,2,509.34,413.44,69.95,143.48,1.00,-1,-1,-1
8,3,843.19,392.06,97.75,135.22,1.00,-1,-1,-1
8,4,438.70,319.34,36.60,100.00,0.99,-1,-1,-1
8,5,309.34,310.54,29.69,89.44,1.00,-1,-1,-1
8,6,1009.04,502.77,120.67,292.83,1.00,-1,-1,-1
8,7,814.95,380.35,76.12,126.45,0.99,-1,-1,-1
8,8,732.13,316.56,37.80,45.66,0.97,-1,-1,-1
9,1,572.25,398.12,88.45,116.59,1.00,-1,-1,-1
9,2,509.98,413.70,68.43,143.33,1.00,-1,-1,-1
9,3,841.55,391.39,100.23,135.64,1.00,-1,-1,-1
9,4,439.89,319.42,36.79,100.18,0.99,-1,-1,-1
9,5,309.17,310.50,29.99,89.52,1.00,-1,-1,-1
9,6,1009.12,502.74,120.62,293.57,1.00,-1,-1,-1
9,7,815.24,379.02,76.26,128.29,0.99,-1,-1,-1
9,8,732.11,316.57,37.80,45.54,0.97,-1,-1,-1
10,1,571.93,397.29,88.33,117.14,1.00,-1,-1,-1
10,2,509.90,414.58,67.85,142.51,1.00,-1,-1,-1
10,3,843.03,390.98,99.06,136.24,1.00,-1,-1,-1
10,4,443.02,318.70,39.12,101.16,0.99,-1,-1,-1
10,5,309.25,310.65,29.80,89.25,1.00,-1,-1,-1
10,6,1009.12,503.03,120.61,292.05,1.00,-1,-1,-1
10,7,815.65,378.55,75.72,129.85,0.99,-1,-1,-1
10,8,732.10,316.58,37.80,45.79,0.96,-1,-1,-1
11,1,571.14,396.85,88.28,117.48,1.00,-1,-1,-1
11,2,509.87,415.22,68.23,141.89,1.00,-1,-1,-1
11,3,841.17,389.92,101.04,137.35,1.00,-1,-1,-1
11,4,443.47,318.59,41.16,101.23,0.99,-1,-1,-1
11,5,309.14,310.70,30.03,89.45,1.00,-1,-1,-1
11,6,1009.10,502.84,120.60,291.52,0.99,-1,-1,-1
11,7,815.20,378.86,75.53,131.16,0.99,-1,-1,-1
11,8,732.10,316.59,37.80,45.89,0.96,-1,-1,-1
12,1,569.60,396.11,87.65,117.60,1.00,-1,-1,-1
12,2,510.16,415.61,69.57,141.51,1.00,-1,-1,-1
12,3,842.28,390.57,97.00,136.11,1.00,-1,-1,-1
12,4,445.34,320.05,44.03,99.46,1.00,-1,-1,-1
12,5,309.41,310.86,29.81,89.22,1.00,-1,-1,-1
12,6,1009.68,503.09,120.58,291.36,1.00,-1,-1,-1
12,7,814.43,381.10,74.87,129.85,0.99,-1,-1,-1
12,8,732.11,316.60,37.80,45.62,0.97,-1,-1,-1
13,1,568.39,395.55,88.02,118.22,1.00,-1,-1,-1
13,2,510.29,415.75,70.66,141.36,1.00,-1,-1,-1
13,3,841.50,390.20,90.59,136.52,1.00,-1,-1,-1
13,4,446.16,320.45,45.27,99.09,1.00,-1,-1,-1
13,5,309.53,310.93,29.73,89.14,1.00,-1,-1,-1
13,6,1009.90,503.14,120.59,290.11,1.00,-1,-1,-1
13,7,814.45,382.55,72.83,128.70,0.99,-1,-1,-1
13,8,732.13,316.59,37.80,45.52,0.97,-1,-1,-1
14,1,567.05,395.05,88.75,117.84,1.00,-1,-1,-1
14,2,510.06,415.20,71.66,141.90,1.00,-1,-1,-1
14,3,843.07,391.09,86.40,135.31,1.00,-1,-1,-1
14,4,447.44,320.14,44.15,100.76,1.00,-1,-1,-1
14,5,309.60,310.95,29.70,89.10,1.00,-1,-1,-1
14,6,1009.98,502.85,120.59,289.67,1.00,-1,-1,-1
14,7,814.18,382.95,70.87,128.39,0.99,-1,-1,-1
14,8,731.86,316.43,38.40,45.78,0.97,-1,-1,-1
15,1,566.51,394.60,89.02,118.58,1.00,-1,-1,-1
15,2,509.66,415.00,73.21,142.11,1.00,-1,-1,-1
15,3,845.17,392.02,84.04,134.84,1.00,-1,-1,-1
15,4,448.12,320.04,43.40,101.98,1.00,-1,-1,-1
15,5,309.61,310.96,29.69,89.09,1.00,-1,-1,-1
15,6,1010.59,502.74,120.60,290.73,1.00,-1,-1,-1
15,7,813.77,382.66,70.18,129.01,0.98,-1,-1,-1
15,8,731.74,316.37,38.62,45.87,0.97,-1,-1,-1
16,1,566.61,394.16,89.12,119.44,1.00,-1,-1,-1
16,2,508.93,414.34,74.96,142.78,1.00,-1,-1,-1
16,3,856.38,394.77,69.72,133.77,0.99,-1,-1,-1
16,4,450.86,320.60,40.87,101.26,1.00,-1,-1,-1
16,5,309.63,310.98,29.69,89.09,1.00,-1,-1,-1
16,6,1010.81,503.01,120.60,289.96,1.00,-1,-1,-1
16,7,813.94,383.01,72.98,128.78,0.99,-1,-1,-1
16,8,732.02,316.37,38.11,45.91,0.97,-1,-1,-1
17,1,566.94,393.88,89.16,119.90,1.00,-1,-1,-1
17,2,508.93,413.80,75.03,143.03,1.00,-1,-1,-1
17,3,868.78,397.29,56.95,133.97,0.98,-1,-1,-1
17,4,452.71,320.52,39.31,100.68,1.00,-1,-1,-1
17,5,309.62,310.99,29.69,89.09,1.00,-1,-1,-1
17,6,1010.89,503.12,120.60,289.69,1.00,-1,-1,-1
17,7,814.01,383.89,75.20,128.24,1.00,-1,-1,-1
17,8,731.82,316.52,38.51,45.92,0.97,-1,-1,-1
18,1,568.55,393.78,87.97,120.05,1.00,-1,-1,-1
18,2,509.25,413.29,74.44,143.72,1.00,-1,-1,-1
18,3,877.67,399.84,50.10,133.89,0.99,-1,-1,-1
18,4,454.99,320.62,38.30,100.75,0.99,-1,-1,-1
18,5,309.64,310.98,29.69,89.09,1.00,-1,-1,-1
18,6,1010.90,503.13,120.60,289.01,1.00,-1,-1,-1
18,7,811.97,385.25,76.65,126.97,1.00,-1,-1,-1
18,8,731.75,316.41,38.66,45.92,0.96,-1,-1,-1
19,1,569.74,393.60,86.92,120.25,1.00,-1,-1,-1
19,2,509.35,412.65,73.60,144.12,1.00,-1,-1,-1
19,3,880.37,401.35,48.03,132.97,0.99,-1,-1,-1
19,4,454.67,320.50,39.63,101.08,0.99,-1,-1,-1
19,5,309.62,310.97,29.69,89.09,1.00,-1,-1,-1
19,6,1010.89,502.83,120.61,289.37,1.00,-1,-1,-1
19,7,811.48,387.84,77.79,124.40,1.00,-1,-1,-1
19,8,731.42,316.51,38.71,45.92,0.96,-1,-1,-1
20,1,570.19,393.25,86.54,120.60,1.00,-1,-1,-1
20,2,510.01,412.27,71.48,144.71,1.00,-1,-1,-1
20,3,882.71,399.78,48.56,134.42,0.99,-1,-1,-1
20,4,456.61,320.75,38.93,100.31,0.99,-1,-1,-1
20,5,309.63,310.97,29.70,89.09,1.00,-1,-1,-1
20,6,1010.90,502.70,120.61,289.52,1.00,-1,-1,-1
20,7,813.39,392.85,79.40,120.27,1.00,-1,-1,-1
20,8,731.61,316.40,38.73,45.92,0.96,-1,-1,-1
21,1,570.61,393.29,86.39,120.58,1.00,-1,-1,-1
21,2,509.93,411.84,70.66,144.93,1.00,-1,-1,-1
21,3,887.15,397.68,61.61,137.05,0.99,-1,-1,-1
21,4,458.00,320.54,38.22,100.32,0.99,-1,-1,-1
21,5,309.61,310.96,29.70,89.09,1.00,-1,-1,-1
21,6,1010.86,502.37,120.61,289.60,1.00,-1,-1,-1
21,7,815.56,396.52,81.18,118.14,1.00,-1,-1,-1
21,8,731.36,316.36,38.73,45.92,0.96,-1,-1,-1
22,1,569.25,393.47,88.73,120.41,1.00,-1,-1,-1
22,2,510.18,411.24,69.15,145.74,1.00,-1,-1,-1
22,3,886.50,393.93,71.36,138.62,1.00,-1,-1,-1
22,4,460.40,319.87,40.84,99.73,0.99,-1,-1,-1
22,5,309.74,310.81,29.70,89.39,1.00,-1,-1,-1
22,6,1010.23,502.25,121.80,290.83,1.00,-1,-1,-1
22,7,816.09,402.22,83.60,115.43,1.00,-1,-1,-1
22,8,731.56,316.35,38.73,45.92,0.97,-1,-1,-1
23,1,568.14,393.69,90.20,119.89,1.00,-1,-1,-1
23,2,509.97,411.02,68.59,146.04,1.00,-1,-1,-1
23,3,886.36,392.03,76.29,137.59,1.00,-1,-1,-1
23,4,461.54,319.61,41.20,99.81,0.99,-1,-1,-1
23,5,309.78,310.75,29.70,89.51,1.00,-1,-1,-1
23,6,1009.99,502.50,122.24,291.31,1.00,-1,-1,-1
23,7,816.29,404.71,83.35,113.71,1.00,-1,-1,-1
23,8,731.63,316.34,38.73,45.91,0.97,-1,-1,-1
24,1,566.85,394.07,91.94,119.38,1.00,-1,-1,-1
24,2,509.92,410.79,67.80,146.59,1.00,-1,-1,-1
24,3,887.59,391.42,76.34,128.41,0.99,-1,-1,-1
24,4,462.22,319.50,41.35,99.84,0.99,-1,-1,-1
24,5,309.81,310.72,29.70,89.55,1.00,-1,-1,-1
24,6,1009.35,502.56,122.43,291.49,1.00,-1,-1,-1
24,7,818.46,405.97,87.34,112.36,1.00,-1,-1,-1
24,8,731.69,316.16,38.73,46.21,0.97,-1,-1,-1
25,1,565.16,394.22,93.18,119.18,1.00,-1,-1,-1
25,2,510.18,410.71,66.90,146.78,1.00,-1,-1,-1
25,3,889.35,391.35,74.25,124.10,0.99,-1,-1,-1
25,4,463.29,319.46,40.81,99.85,0.98,-1,-1,-1
25,5,309.67,310.70,30.00,89.56,1.00,-1,-1,-1
25,6,1009.06,502.88,122.48,290.96,1.00,-1,-1,-1
25,7,822.42,405.75,87.67,111.61,0.99,-1,-1,-1
25,8,731.69,316.24,38.73,46.02,0.97,-1,-1,-1
26,1,563.03,394.72,93.64,118.95,1.00,-1,-1,-1
26,2,510.87,410.09,65.98,147.43,1.00,-1,-1,-1
26,3,895.49,389.35,67.19,123.95,0.99,-1,-1,-1
26,4,464.81,319.73,38.81,98.97,0.99,-1,-1,-1
26,5,309.61,310.69,30.11,89.56,1.00,-1,-1,-1
26,6,1008.93,502.69,122.49,291.35,1.00,-1,-1,-1
26,7,831.85,404.38,78.39,108.96,1.00,-1,-1,-1
26,8,731.67,316.27,38.72,45.95,0.97,-1,-1,-1
27,1,562.23,395.08,93.20,118.71,1.00,-1,-1,-1
27,2,511.43,409.88,65.05,147.66,1.00,-1,-1,-1
27,3,895.85,387.30,66.84,124.98,0.99,-1,-1,-1
27,4,466.22,319.86,36.84,98.93,0.99,-1,-1,-1
27,5,309.59,310.70,30.15,89.56,1.00,-1,-1,-1
27,6,1008.88,502.93,122.49,290.90,1.00,-1,-1,-1
27,7,841.69,402.76,68.48,106.66,1.00,-1,-1,-1
27,8,731.67,316.30,38.72,45.92,0.97,-1,-1,-1
28,1,561.66,395.21,92.43,118.32,1.00,-1,-1,-1
28,2,512.85,410.10,62.92,147.73,1.00,-1,-1,-1
28,3,900.44,382.05,62.24,124.80,0.99,-1,-1,-1
28,4,467.91,319.60,34.91,99.52,0.99,-1,-1,-1
28,5,309.60,310.71,30.17,89.56,1.00,-1,-1,-1
28,6,1008.89,503.00,122.49,290.13,1.00,-1,-1,-1
28,7,851.16,400.12,62.39,105.11,0.99,-1,-1,-1
28,8,731.69,316.30,38.72,45.91,0.98,-1,-1,-1
29,1,562.05,395.58,91.52,117.28,1.00,-1,-1,-1
29,2,513.67,410.51,62.14,147.15,1.00,-1,-1,-1
29,3,902.00,378.34,59.86,119.67,0.99,-1,-1,-1
29,4,469.68,319.67,33.00,99.45,0.99,-1,-1,-1
29,5,309.60,310.72,30.17,89.56,1.00,-1,-1,-1
29,6,1008.87,502.77,122.47,290.45,1.00,-1,-1,-1
29,7,855.50,398.25,63.56,106.73,0.99,-1,-1,-1
29,8,731.69,316.33,38.71,45.90,0.97,-1,-1,-1
30,1,562.83,396.03,91.16,116.29,1.00,-1,-1,-1
30,2,513.37,411.87,62.49,145.14,1.00,-1,-1,-1
30,3,903.68,366.97,59.64,124.77,1.00,-1,-1,-1
30,4,471.50,319.27,31.72,99.72,0.99,-1,-1,-1
30,5,309.62,310.74,30.17,89.56,1.00,-1,-1,-1
30,6,1008.89,502.98,122.46,288.78,1.00,-1,-1,-1
30,7,860.28,394.41,60.30,110.81,1.00,-1,-1,-1
30,8,731.70,316.35,38.71,45.90,0.97,-1,-1,-1
31,1,564.90,396.18,89.23,115.93,1.00,-1,-1,-1
31,2,512.93,412.38,63.24,144.37,1.00,-1,-1,-1
31,3,899.64,360.28,64.12,129.56,1.00,-1,-1,-1
31,4,472.06,319.24,31.92,99.53,1.00,-1,-1,-1
31,5,309.62,310.72,30.16,89.55,1.00,-1,-1,-1
31,6,1008.87,503.07,122.44,288.76,1.00,-1,-1,-1
31,7,863.68,391.51,57.30,113.82,0.99,-1,-1,-1
31,8,731.69,316.35,38.71,45.90,0.98,-1,-1,-1
32,1,567.85,396.20,87.90,115.79,1.00,-1,-1,-1
32,2,512.81,410.74,66.52,144.07,1.00,-1,-1,-1
32,3,889.10,358.66,78.91,129.33,1.00,-1,-1,-1
32,4,473.19,319.06,33.24,98.56,1.00,-1,-1,-1
32,5,309.98,310.99,29.86,89.25,1.00,-1,-1,-1
32,6,1007.69,502.74,123.62,292.31,1.00,-1,-1,-1
32,7,856.57,386.83,63.22,117.34,0.99,-1,-1,-1
32,8,732.03,316.61,38.11,45.30,0.97,-1,-1,-1
33,1,571.31,396.21,85.60,115.76,1.00,-1,-1,-1
33,2,513.30,409.24,71.26,144.57,1.00,-1,-1,-1
33,3,885.45,359.82,83.06,127.61,0.99,-1,-1,-1
33,4,473.52,318.70,34.33,98.80,1.00,-1,-1,-1
33,5,310.07,311.09,29.75,89.14,1.00,-1,-1,-1
33,6,1007.82,502.34,122.87,294.25,1.00,-1,-1,-1
33,7,857.72,383.90,61.06,118.69,0.99,-1,-1,-1
33,8,732.12,316.57,37.88,45.38,0.97,-1,-1,-1
34,1,572.91,394.86,83.55,117.09,1.00,-1,-1,-1
34,2,511.50,408.82,76.53,145.20,0.99,-1,-1,-1
34,3,885.54,358.59,71.19,115.91,0.99,-1,-1,-1
34,4,474.21,318.27,36.53,97.99,1.00,-1,-1,-1
34,5,310.14,311.13,29.71,89.09,1.00,-1,-1,-1
34,6,1007.29,502.47,123.77,293.19,1.00,-1,-1,-1
34,7,861.69,381.92,56.00,110.08,0.99,-1,-1,-1
34,8,731.87,316.55,38.40,45.40,0.97,-1,-1,-1
35,1,575.24,392.91,81.61,118.79,1.00,-1,-1,-1
35,2,509.60,407.68,81.44,146.19,1.00,-1,-1,-1
35,3,884.65,357.58,61.30,110.36,0.99,-1,-1,-1
35,4,474.40,318.44,37.95,98.60,1.00,-1,-1,-1
35,5,310.10,311.17,29.69,89.08,1.00,-1,-1,-1
35,6,1007.09,502.88,124.11,292.21,1.00,-1,-1,-1
35,7,865.21,382.35,51.05,104.40,0.99,-1,-1,-1
35,8,732.05,316.58,38.00,45.42,0.97,-1,-1,-1
36,1,578.82,389.54,78.50,122.09,1.00,-1,-1,-1
36,2,508.01,408.76,83.37,144.19,0.99,-1,-1,-1
36,3,878.68,357.00,64.63,107.23,0.99,-1,-1,-1
36,4,476.19,318.53,39.08,97.94,1.00,-1,-1,-1
36,5,310.41,311.21,29.39,89.08,1.00,-1,-1,-1
36,6,1007.03,503.04,124.23,291.82,1.00,-1,-1,-1
36,7,866.96,381.03,50.67,101.46,0.98,-1,-1,-1
36,8,732.13,316.60,37.85,45.43,0.97,-1,-1,-1
37,1,580.36,387.84,76.78,123.49,1.00,-1,-1,-1
37,2,508.50,409.49,83.51,143.43,1.00,-1,-1,-1
37,3,880.87,356.74,60.98,106.65,0.94,-1,-1,-1
37,4,477.69,318.72,40.10,97.69,1.00,-1,-1,-1
37,5,310.33,311.22,29.58,89.08,1.00,-1,-1,-1
37,6,1007.00,502.82,124.27,292.28,1.00,-1,-1,-1
37,7,866.24,365.38,53.68,115.68,0.99,-1,-1,-1
37,8,732.14,316.76,37.80,45.13,0.97,-1,-1,-1
38,1,582.10,386.17,76.21,125.33,0.99,-1,-1,-1
38,2,513.07,408.88,78.87,146.73,1.00,-1,-1,-1
38,3,880.58,363.55,59.52,97.54,0.93,-1,-1,-1
38,4,480.28,319.24,43.39,98.21,1.00,-1,-1,-1
38,5,310.31,311.22,29.65,89.08,1.00,-1,-1,-1
38,6,1007.01,502.72,124.28,292.45,1.00,-1,-1,-1
38,7,863.87,364.76,55.95,115.75,0.99,-1,-1,-1
38,8,732.15,316.67,37.78,45.32,0.97,-1,-1,-1
39,1,583.57,385.25,74.22,126.31,1.00,-1,-1,-1
39,2,518.13,408.05,72.19,147.37,1.00,-1,-1,-1
39,3,870.41,358.21,69.06,101.65,0.87,-1,-1,-1
39,4,481.22,319.42,45.21,97.51,1.00,-1,-1,-1
39,5,310.58,311.20,29.38,89.09,1.00,-1,-1,-1
39,6,1006.99,502.68,124.28,292.51,1.00,-1,-1,-1
39,7,860.81,358.66,59.22,122.07,0.99,-1,-1,-1
39,8,732.13,316.62,37.77,45.40,0.97,-1,-1,-1
40,1,586.20,384.05,68.66,127.54,1.00,-1,-1,-1
40,2,515.16,407.44,75.13,147.61,1.00,-1,-1,-1
40,4,483.00,319.04,44.77,97.25,1.00,-1,-1,-1
40,5,310.69,311.19,29.28,89.09,1.00,-1,-1,-1
40,6,1008.20,502.38,123.07,292.54,1.00,-1,-1,-1
40,7,852.34,351.21,65.14,127.34,0.99,-1,-1,-1
40,8,732.14,316.75,37.77,45.43,0.97,-1,-1,-1
41,1,587.36,383.31,64.81,128.28,1.00,-1,-1,-1
41,2,512.91,406.91,76.15,148.29,1.00,-1,-1,-1
41,4,485.37,318.88,43.39,97.16,1.00,-1,-1,-1
41,5,311.00,311.02,28.94,89.39,1.00,-1,-1,-1
41,6,1007.43,502.56,123.81,293.14,1.00,-1,-1,-1
41,7,847.91,349.69,64.55,125.46,0.99,-1,-1,-1
41,8,732.11,316.79,37.77,45.44,0.97,-1,-1,-1
42,1,587.71,381.28,62.30,129.42,1.00,-1,-1,-1
42,2,517.94,407.30,69.45,147.94,1.00,-1,-1,-1
42,4,489.49,319.70,41.64,94.75,1.00,-1,-1,-1
42,5,311.42,311.23,28.51,88.91,0.99,-1,-1,-1
42,6,1007.75,502.62,124.08,293.37,1.00,-1,-1,-1
42,7,841.73,347.04,67.79,123.90,0.99,-1,-1,-1
42,8,732.12,316.79,37.78,45.15,0.97,-1,-1,-1
43,1,587.77,379.82,61.51,130.27,1.00,-1,-1,-1
43,2,520.54,407.77,66.78,147.20,1.00,-1,-1,-1
43,4,492.18,320.78,40.96,92.04,1.00,-1,-1,-1
43,5,311.71,311.04,28.36,89.03,0.99,-1,-1,-1
43,6,1007.87,502.34,124.18,293.44,1.00,-1,-1,-1
43,7,840.27,345.43,61.51,120.16,0.98,-1,-1,-1
43,8,732.11,316.80,37.78,45.04,0.97,-1,-1,-1
44,1,588.06,376.78,61.31,128.94,1.00,-1,-1,-1
44,2,521.46,408.25,65.84,146.32,1.00,-1,-1,-1
44,4,493.43,323.29,49.66,92.27,1.00,-1,-1,-1
44,5,312.29,310.96,28.31,89.07,0.99,-1,-1,-1
44,6,1007.93,502.24,124.22,293.47,1.00,-1,-1,-1
44,7,834.32,346.74,61.93,115.70,0.99,-1,-1,-1
44,8,732.12,316.80,37.78,45.00,0.97,-1,-1,-1
44,9,831.15,335.92,42.30,96.75,0.78,-1,-1,-1
45,1,588.73,374.05,61.31,128.54,0.99,-1,-1,-1
45,2,521.75,408.75,65.53,145.98,1.00,-1,-1,-1
45,4,494.47,326.31,54.39,90.27,1.00,-1,-1,-1
45,5,312.78,310.79,28.30,89.09,0.99,-1,-1,-1
45,6,1007.94,502.50,124.23,292.87,1.00,-1,-1,-1
45,7,831.93,346.47,62.07,114.31,0.98,-1,-1,-1
45,8,732.11,316.96,37.78,44.98,0.97,-1,-1,-1
45,9,826.10,335.02,37.98,92.79,0.83,-1,-1,-1
46,1,590.17,370.83,59.54,128.23,1.00,-1,-1,-1
46,2,519.12,409.67,66.65,145.71,1.00,-1,-1,-1
46,4,499.04,328.47,58.59,88.64,1.00,-1,-1,-1
46,5,313.58,310.87,28.59,89.09,0.99,-1,-1,-1
46,6,1007.96,502.61,124.23,293.24,1.00,-1,-1,-1
46,7,829.92,346.61,55.60,107.35,0.99,-1,-1,-1
46,8,732.13,316.86,37.79,44.98,0.97,-1,-1,-1
46,9,798.19,328.51,64.38,97.64,0.90,-1,-1,-1
47,1,590.95,368.93,57.13,128.23,1.00,-1,-1,-1
47,2,516.94,409.88,67.08,145.75,1.00,-1,-1,-1
47,4,500.58,329.69,61.94,87.46,1.00,-1,-1,-1
47,5,313.86,311.06,29.30,89.09,0.99,-1,-1,-1
47,6,1008.56,502.63,123.04,292.78,1.00,-1,-1,-1
47,7,827.71,346.80,45.61,104.73,0.98,-1,-1,-1
47,8,732.13,316.83,37.79,44.98,0.98,-1,-1,-1
47,9,784.11,327.07,75.32,99.22,0.94,-1,-1,-1
48,1,592.73,366.96,52.62,129.56,1.00,-1,-1,-1
48,2,514.60,410.27,66.67,145.18,1.00,-1,-1,-1
48,4,500.58,327.71,66.07,89.48,1.00,-1,-1,-1
48,5,313.95,312.79,33.40,88.50,0.99,-1,-1,-1
48,6,1008.20,502.67,123.79,293.21,1.00,-1,-1,-1
48,7,820.20,347.87,44.69,102.92,0.98,-1,-1,-1
48,8,731.83,316.83,38.38,44.98,0.97,-1,-1,-1
48,9,772.57,305.53,79.13,114.57,0.43,-1,-1,-1
49,1,593.95,365.80,50.47,130.49,1.00,-1,-1,-1
49,2,513.44,410.09,64.12,144.96,1.00,-1,-1,-1
49,4,502.23,326.94,66.57,89.94,1.00,-1,-1,-1
49,5,313.58,317.74,37.46,83.51,1.00,-1,-1,-1
49,6,1008.07,502.65,124.07,293.35,1.00,-1,-1,-1
49,7,816.04,342.83,45.05,107.17,0.99,-1,-1,-1
49,8,732.03,316.96,38.02,44.69,0.97,-1,-1,-1
49,9,767.73,295.16,77.97,123.29,0.77,-1,-1,-1
50,1,596.22,364.86,47.93,131.41,1.00,-1,-1,-1
50,2,513.35,410.20,60.15,144.73,1.00,-1,-1,-1
50,4,511.14,324.42,61.55,88.35,0.99,-1,-1,-1
50,5,314.15,320.26,41.88,81.30,0.99,-1,-1,-1
50,6,1008.04,502.67,124.17,292.81,1.00,-1,-1,-1
50,7,808.54,338.10,48.92,110.80,0.99,-1,-1,-1
50,8,732.12,316.88,37.88,44.87,0.98,-1,-1,-1
50,9,767.84,307.33,60.96,81.79,0.91,-1,-1,-1
51,1,597.28,364.39,47.14,131.59,1.00,-1,-1,-1
51,2,513.95,410.21,58.09,144.35,1.00,-1,-1,-1
51,4,515.82,326.58,59.98,84.16,0.99,-1,-1,-1
51,5,314.52,321.27,44.49,80.83,1.00,-1,-1,-1
51,6,1008.61,502.95,124.20,291.41,1.00,-1,-1,-1
51,7,804.13,335.17,49.71,111.60,0.99,-1,-1,-1
51,8,732.16,316.98,37.82,44.65,0.98,-1,-1,-1
51,9,768.94,314.08,49.84,61.32,0.84,-1,-1,-1
52,1,597.90,364.27,43.83,131.05,1.00,-1,-1,-1
52,2,514.17,410.66,57.40,144.06,1.00,-1,-1,-1
52,4,536.40,323.87,47.56,87.20,1.00,-1,-1,-1
52,5,314.24,320.38,50.01,81.90,0.99,-1,-1,-1
52,6,1009.42,503.06,123.02,289.69,1.00,-1,-1,-1
52,7,797.54,333.25,54.22,105.40,0.99,-1,-1,-1
52,8,732.17,317.02,37.80,44.56,0.97,-1,-1,-1
52,9,770.64,305.92,39.19,91.80,0.94,-1,-1,-1
53,1,598.67,364.13,42.13,130.67,1.00,-1,-1,-1
53,2,514.24,410.82,57.19,143.96,1.00,-1,-1,-1
53,4,544.69,322.46,45.65,90.06,1.00,-1,-1,-1
53,5,314.26,319.43,52.20,82.91,1.00,-1,-1,-1
53,6,1009.70,502.80,122.57,290.84,1.00,-1,-1,-1
53,7,793.39,332.50,47.81,98.14,1.00,-1,-1,-1
53,8,732.16,317.03,37.79,44.53,0.98,-1,-1,-1
53,9,769.91,303.49,34.77,76.73,0.70,-1,-1,-1
54,1,599.20,363.98,42.26,130.37,1.00,-1,-1,-1
54,2,514.28,410.43,57.16,144.38,1.00,-1,-1,-1
54,4,549.14,320.31,49.40,92.05,1.00,-1,-1,-1
54,5,315.65,318.02,51.10,83.31,0.98,-1,-1,-1
54,6,1010.41,502.70,122.41,290.69,1.00,-1,-1,-1
54,7,791.48,329.41,41.38,98.60,0.98,-1,-1,-1
54,8,732.16,317.04,37.79,44.82,0.92,-1,-1,-1
54,9,760.82,299.35,36.19,92.14,0.88,-1,-1,-1
55,1,600.29,363.96,41.13,129.35,1.00,-1,-1,-1
55,2,514.00,410.13,57.18,144.69,1.00,-1,-1,-1
55,4,551.27,319.64,52.47,91.64,0.99,-1,-1,-1
55,5,321.83,316.56,46.55,80.20,0.99,-1,-1,-1
55,6,1010.09,502.66,123.55,290.04,1.00,-1,-1,-1
55,7,788.84,325.35,38.50,101.81,0.99,-1,-1,-1
55,8,731.87,317.03,36.01,44.34,0.92,-1,-1,-1
55,9,756.84,302.24,35.37,95.64,0.96,-1,-1,-1
56,1,602.81,362.81,38.95,128.96,1.00,-1,-1,-1
56,2,513.92,409.57,57.22,145.25,1.00,-1,-1,-1
56,4,558.94,316.13,53.65,86.43,0.96,-1,-1,-1
56,5,329.06,315.08,41.96,79.64,0.99,-1,-1,-1
56,6,1010.57,502.95,122.79,288.02,1.00,-1,-1,-1
56,7,786.84,321.10,35.06,104.20,0.99,-1,-1,-1
56,8,731.77,316.58,34.72,44.46,0.59,-1,-1,-1
56,9,750.76,306.79,33.81,94.59,0.99,-1,-1,-1
57,1,604.27,361.22,37.63,130.29,1.00,-1,-1,-1
57,2,513.88,409.81,57.26,145.02,1.00,-1,-1,-1
57,4,572.03,313.45,46.45,78.36,0.98,-1,-1,-1
57,5,338.87,314.70,36.85,79.45,0.98,-1,-1,-1
57,6,1010.72,502.76,122.50,288.46,1.00,-1,-1,-1
57,7,784.42,318.55,35.89,105.72,0.99,-1,-1,-1
57,8,731.72,316.72,31.83,44.20,0.67,-1,-1,-1
57,9,747.03,310.86,33.92,91.62,0.99,-1,-1,-1
58,1,608.43,359.02,34.74,128.57,0.99,-1,-1,-1
58,2,512.62,409.89,58.50,144.94,1.00,-1,-1,-1
58,4,584.94,312.81,44.11,76.04,0.98,-1,-1,-1
58,5,344.35,312.45,39.98,80.60,1.00,-1,-1,-1
58,6,1010.74,502.68,122.40,288.05,1.00,-1,-1,-1
58,7,779.93,317.08,36.18,101.58,0.99,-1,-1,-1
58,9,737.85,313.12,39.55,88.54,0.49,-1,-1,-1
59,1,610.18,356.89,37.65,127.76,0.99,-1,-1,-1
59,2,510.71,409.78,60.76,145.35,1.00,-1,-1,-1
59,4,596.62,314.78,45.80,83.88,0.98,-1,-1,-1
59,5,347.11,311.48,42.18,80.45,0.99,-1,-1,-1
59,6,1010.77,502.66,122.36,288.50,1.00,-1,-1,-1
59,7,768.97,316.67,43.69,96.36,1.00,-1,-1,-1
59,9,730.01,311.35,44.95,87.59,0.98,-1,-1,-1
60,1,611.06,355.25,42.16,125.66,0.99,-1,-1,-1
60,2,508.83,409.60,62.79,145.06,1.00,-1,-1,-1
60,4,604.79,315.17,44.00,86.89,0.99,-1,-1,-1
60,5,349.53,310.69,47.98,78.92,1.00,-1,-1,-1
60,6,1010.78,502.66,122.36,288.09,1.00,-1,-1,-1
60,7,757.20,318.17,52.47,95.07,1.00,-1,-1,-1
60,9,725.34,310.87,43.74,83.60,0.99,-1,-1,-1
60,8,741.69,316.96,28.35,62.38,0.67,-1,-1,-1
61,1,611.37,354.39,44.43,124.88,1.00,-1,-1,-1
61,2,507.83,409.83,64.74,144.95,1.00,-1,-1,-1
61,4,608.08,315.36,42.71,87.80,0.99,-1,-1,-1
61,5,353.12,311.47,49.07,75.95,0.99,-1,-1,-1
61,6,1010.78,502.65,122.36,287.34,1.00,-1,-1,-1
61,7,751.11,319.23,57.13,94.34,0.99,-1,-1,-1
61,9,721.79,309.84,35.48,82.63,0.98,-1,-1,-1
61,8,742.21,317.00,29.22,60.25,0.44,-1,-1,-1
62,1,611.43,354.70,47.09,123.70,1.00,-1,-1,-1
62,2,505.72,409.31,69.57,145.51,1.00,-1,-1,-1
62,4,612.33,313.81,43.48,88.73,0.99,-1,-1,-1
62,5,363.67,311.46,45.44,73.96,0.99,-1,-1,-1
62,6,1010.19,502.35,123.55,290.66,1.00,-1,-1,-1
62,7,749.32,318.62,57.96,94.41,1.00,-1,-1,-1
62,9,715.32,306.33,33.30,85.27,0.99,-1,-1,-1
62,8,736.66,317.01,34.32,51.06,0.96,-1,-1,-1
63,1,611.10,354.87,48.13,123.28,1.00,-1,-1,-1
63,2,503.47,408.96,73.12,146.17,1.00,-1,-1,-1
63,4,614.26,313.08,39.57,83.78,0.98,-1,-1,-1
63,5,371.48,311.16,40.88,73.56,0.99,-1,-1,-1
63,6,1009.95,502.24,124.01,291.91,1.00,-1,-1,-1
63,7,746.54,318.60,59.95,94.18,0.99,-1,-1,-1
63,9,712.05,303.72,31.97,87.42,0.93,-1,-1,-1
63,8,732.98,316.86,37.26,46.86,0.67,-1,-1,-1
63,10,729.45,317.02,43.20,69.75,0.73,-1,-1,-1
64,1,610.93,355.84,49.11,122.54,1.00,-1,-1,-1
64,2,499.18,408.81,79.66,146.41,1.00,-1,-1,-1
64,4,615.75,309.49,41.22,83.65,0.98,-1,-1,-1
64,5,379.16,311.49,35.13,73.75,0.99,-1,-1,-1
64,6,1009.86,502.18,124.16,292.38,1.00,-1,-1,-1
64,7,743.89,318.02,54.43,89.62,0.98,-1,-1,-1
64,9,700.61,299.23,38.96,91.46,0.85,-1,-1,-1
64,8,731.75,316.79,35.62,45.08,0.31,-1,-1,-1
65,1,611.08,357.76,49.48,120.79,0.99,-1,-1,-1
65,2,496.64,408.63,84.45,146.65,1.00,-1,-1,-1
65,4,616.20,307.32,41.18,84.21,0.98,-1,-1,-1
65,5,383.38,311.49,35.60,73.85,0.99,-1,-1,-1
65,6,1009.21,502.18,124.23,293.15,1.00,-1,-1,-1
65,7,734.17,316.98,59.23,88.57,0.99,-1,-1,-1
65,9,695.39,296.84,34.56,87.45,0.97,-1,-1,-1
66,1,611.41,355.93,49.03,122.71,1.00,-1,-1,-1
66,2,495.67,408.54,88.60,146.74,1.00,-1,-1,-1
66,4,618.25,300.27,40.58,89.18,0.99,-1,-1,-1
66,5,388.42,310.42,32.39,72.42,1.00,-1,-1,-1
66,6,1008.97,502.16,124.24,292.83,1.00,-1,-1,-1
66,7,731.82,316.77,51.26,88.53,0.95,-1,-1,-1
66,9,681.29,296.44,44.19,84.56,0.99,-1,-1,-1
67,1,612.09,354.27,48.84,124.18,1.00,-1,-1,-1
67,2,498.15,408.99,86.25,146.91,1.00,-1,-1,-1
67,4,618.79,298.87,40.38,88.12,0.99,-1,-1,-1
67,5,391.39,309.63,33.75,71.61,0.99,-1,-1,-1
67,6,1009.49,502.48,124.25,292.70,1.00,-1,-1,-1
67,7,729.54,316.61,44.67,87.65,0.96,-1,-1,-1
67,9,673.53,296.55,46.81,83.47,0.91,-1,-1,-1
68,1,614.99,353.04,47.58,123.26,1.00,-1,-1,-1
68,2,505.08,414.78,81.10,139.25,1.00,-1,-1,-1
68,4,617.05,297.64,43.94,86.79,0.98,-1,-1,-1
68,5,393.90,309.16,36.62,67.11,0.99,-1,-1,-1
68,6,1009.09,502.27,124.24,292.64,1.00,-1,-1,-1
68,7,719.58,315.51,50.48,89.18,0.90,-1,-1,-1
68,9,664.97,291.22,46.75,88.46,0.95,-1,-1,-1
69,1,617.52,351.61,46.50,121.87,1.00,-1,-1,-1
69,2,507.50,420.86,79.62,134.94,1.00,-1,-1,-1
69,4,615.79,296.26,45.81,87.76,0.98,-1,-1,-1
69,5,394.85,305.53,39.45,71.64,1.00,-1,-1,-1
69,6,1009.55,502.25,124.26,293.21,1.00,-1,-1,-1
69,7,714.45,314.59,47.14,84.41,0.98,-1,-1,-1
69,9,661.52,291.97,45.51,87.65,0.98,-1,-1,-1
69,8,735.65,316.37,34.38,50.39,0.93,-1,-1,-1
70,1,621.45,349.73,44.29,121.21,0.99,-1,-1,-1
70,2,505.16,426.19,82.59,130.22,1.00,-1,-1,-1
70,4,613.73,294.28,47.12,74.52,0.96,-1,-1,-1
70,5,396.72,303.50,41.98,71.72,0.99,-1,-1,-1
70,6,1009.72,502.22,124.24,292.23,1.00,-1,-1,-1
70,7,706.44,313.65,37.17,85.07,0.96,-1,-1,-1
70,9,660.51,286.71,43.20,92.05,0.95,-1,-1,-1
70,8,733.27,316.35,36.73,47.29,0.93,-1,-1,-1
71,1,624.66,347.71,41.64,120.83,1.00,-1,-1,-1
71,2,502.52,427.62,85.43,129.30,1.00,-1,-1,-1
71,4,612.80,294.12,45.88,72.38,0.99,-1,-1,-1
71,5,400.19,302.15,41.25,70.58,0.99,-1,-1,-1
71,6,1009.76,502.20,124.23,292.45,1.00,-1,-1,-1
71,7,701.01,313.49,35.99,85.93,0.99,-1,-1,-1
71,9,658.95,285.35,42.85,92.51,0.99,-1,-1,-1
71,8,731.93,316.49,38.04,46.11,0.97,-1,-1,-1
72,1,625.17,344.16,42.53,121.44,1.00,-1,-1,-1
72,2,486.46,425.67,99.26,129.02,1.00,-1,-1,-1
72,4,612.35,295.95,37.65,78.17,0.99,-1,-1,-1
72,5,404.52,299.59,40.92,75.28,1.00,-1,-1,-1
72,6,1009.80,502.20,124.23,293.11,1.00,-1,-1,-1
72,7,689.30,313.92,43.23,85.69,1.00,-1,-1,-1
72,9,655.04,286.39,44.48,88.83,0.98,-1,-1,-1
72,8,732.03,316.54,37.96,45.37,0.92,-1,-1,-1
73,1,625.88,343.19,42.85,121.10,1.00,-1,-1,-1
73,2,479.79,424.92,101.17,128.98,1.00,-1,-1,-1
73,4,611.29,297.50,35.65,82.54,0.99,-1,-1,-1
73,5,406.14,297.68,41.07,77.86,0.99,-1,-1,-1
73,6,1009.79,502.52,124.23,293.37,1.00,-1,-1,-1
73,7,681.21,314.73,48.99,84.13,1.00,-1,-1,-1
73,9,653.36,286.78,35.18,81.36,0.89,-1,-1,-1
73,8,732.04,316.59,37.92,45.70,0.90,-1,-1,-1
74,1,627.33,343.35,42.99,118.73,1.00,-1,-1,-1
74,2,470.56,421.90,92.68,129.61,0.99,-1,-1,-1
74,4,609.71,300.49,36.27,75.47,0.99,-1,-1,-1
74,5,408.17,293.79,41.41,81.78,0.99,-1,-1,-1
74,6,1009.82,502.65,124.23,292.85,1.00,-1,-1,-1
74,7,671.41,313.12,42.88,68.81,0.81,-1,-1,-1
74,9,647.37,290.27,30.51,78.83,0.90,-1,-1,-1
74,8,731.79,316.47,38.49,45.53,0.92,-1,-1,-1
75,1,628.05,344.78,43.65,116.21,1.00,-1,-1,-1
75,2,464.19,420.71,86.63,129.30,1.00,-1,-1,-1
75,4,605.14,301.87,38.32,71.07,0.99,-1,-1,-1
75,5,408.89,291.27,41.53,83.86,0.99,-1,-1,-1
75,6,1009.79,502.39,124.23,293.27,1.00,-1,-1,-1
75,7,664.19,313.17,37.61,60.99,0.85,-1,-1,-1
75,9,643.02,293.79,30.33,80.09,0.96,-1,-1,-1
75,8,731.64,316.39,38.12,45.17,0.93,-1,-1,-1
76,1,628.03,347.77,45.09,112.88,1.00,-1,-1,-1
76,2,455.08,415.90,81.92,132.95,0.99,-1,-1,-1
76,4,599.66,302.21,40.27,71.99,0.99,-1,-1,-1
76,5,410.30,289.18,42.15,85.52,0.99,-1,-1,-1
76,6,1009.81,502.27,124.22,294.59,1.00,-1,-1,-1
76,7,651.66,314.84,35.08,63.18,0.89,-1,-1,-1
76,9,635.51,294.78,29.66,75.16,0.86,-1,-1,-1
76,8,731.64,316.36,37.96,45.03,0.93,-1,-1,-1
77,1,627.92,348.59,46.22,111.99,1.00,-1,-1,-1
77,2,453.04,411.87,77.12,136.56,0.99,-1,-1,-1
77,4,594.85,302.47,43.95,71.73,0.99,-1,-1,-1
77,5,410.96,286.94,45.31,87.88,0.99,-1,-1,-1
77,6,1009.78,502.23,124.22,293.33,1.00,-1,-1,-1
77,7,642.93,315.80,33.62,71.58,0.94,-1,-1,-1
77,9,630.54,293.00,31.95,77.00,0.87,-1,-1,-1
77,8,731.59,316.33,37.90,45.29,0.94,-1,-1,-1
78,1,628.48,348.01,46.66,110.78,1.00,-1,-1,-1
78,2,438.58,408.02,75.82,132.63,0.99,-1,-1,-1
78,4,588.79,302.13,38.48,72.27,0.98,-1,-1,-1
78,5,411.68,287.02,44.49,87.60,0.99,-1,-1,-1
78,6,1009.80,502.49,124.22,292.81,1.00,-1,-1,-1
78,7,632.46,314.26,32.52,68.70,0.46,-1,-1,-1
78,9,623.26,291.35,35.13,77.06,0.96,-1,-1,-1
78,8,731.63,316.33,37.87,45.38,0.94,-1,-1,-1
79,1,628.59,346.31,46.82,107.07,1.00,-1,-1,-1
79,2,431.19,405.38,71.27,128.71,1.00,-1,-1,-1
79,4,584.42,302.31,37.35,72.20,0.94,-1,-1,-1
79,5,412.16,287.87,42.65,86.57,0.99,-1,-1,-1
79,6,1009.78,502.62,124.23,293.23,1.00,-1,-1,-1
79,9,619.69,290.45,34.03,75.01,0.99,-1,-1,-1
79,8,731.29,316.35,38.45,45.42,0.93,-1,-1,-1
80,1,629.53,342.03,46.88,106.04,0.99,-1,-1,-1
80,2,427.74,403.83,53.65,127.25,1.00,-1,-1,-1
80,4,576.62,302.23,41.83,73.39,0.96,-1,-1,-1
80,5,412.77,292.83,40.72,81.70,0.99,-1,-1,-1
80,6,1009.80,502.64,124.23,294.55,1.00,-1,-1,-1
80,9,613.62,291.50,31.17,73.05,0.88,-1,-1,-1
80,8,731.51,316.35,38.07,45.43,0.93,-1,-1,-1
81,1,630.10,338.97,47.48,106.63,0.99,-1,-1,-1
81,2,424.74,403.28,45.42,126.16,1.00,-1,-1,-1
81,4,571.79,302.47,38.80,61.37,0.96,-1,-1,-1
81,5,413.13,295.53,37.87,78.59,0.99,-1,-1,-1
81,6,1009.77,502.67,124.22,295.08,1.00,-1,-1,-1
81,9,609.79,292.19,30.07,70.85,0.85,-1,-1,-1
81,8,731.26,316.48,38.52,45.44,0.95,-1,-1,-1
82,1,632.42,336.97,47.11,106.58,1.00,-1,-1,-1
82,2,403.79,399.81,63.65,128.17,1.00,-1,-1,-1
82,4,565.24,302.73,38.11,56.60,0.98,-1,-1,-1
82,5,414.63,296.70,38.04,76.83,1.00,-1,-1,-1
82,6,1009.81,502.94,124.21,292.27,1.00,-1,-1,-1
82,9,606.23,291.24,28.47,71.90,0.98,-1,-1,-1
82,8,731.24,316.67,38.68,45.14,0.95,-1,-1,-1
82,7,588.22,311.46,39.66,77.98,0.99,-1,-1,-1
83,1,634.10,335.08,46.96,107.21,1.00,-1,-1,-1
83,2,395.68,397.09,68.83,130.14,0.99,-1,-1,-1
83,4,560.19,302.82,37.87,53.52,0.98,-1,-1,-1
83,5,415.05,296.84,37.81,76.50,0.99,-1,-1,-1
83,6,1009.79,503.07,124.21,291.22,1.00,-1,-1,-1
83,9,602.06,290.46,27.91,71.41,0.90,-1,-1,-1
83,8,731.18,316.76,38.74,45.04,0.95,-1,-1,-1
83,7,582.24,310.27,37.68,79.74,0.98,-1,-1,-1
84,1,635.33,334.74,51.65,103.29,1.00,-1,-1,-1
84,2,384.05,394.36,70.12,124.37,0.99,-1,-1,-1
84,4,554.88,300.96,34.78,64.60,0.98,-1,-1,-1
84,5,414.72,296.77,37.73,76.09,1.00,-1,-1,-1
84,6,1009.80,502.82,124.22,292.00,1.00,-1,-1,-1
84,9,596.20,289.29,26.51,63.13,0.88,-1,-1,-1
84,8,731.49,316.65,38.16,44.99,0.95,-1,-1,-1
84,7,576.67,310.00,32.04,80.66,0.98,-1,-1,-1
85,1,636.58,335.46,53.94,100.34,0.99,-1,-1,-1
85,2,378.80,392.80,63.58,122.48,1.00,-1,-1,-1
85,4,549.94,300.66,32.38,70.39,0.97,-1,-1,-1
85,5,414.62,296.45,37.41,75.96,1.00,-1,-1,-1
85,6,1009.78,503.05,124.22,292.93,1.00,-1,-1,-1
85,9,592.42,289.36,24.78,57.81,0.80,-1,-1,-1
85,8,731.56,316.62,37.94,44.99,0.95,-1,-1,-1
85,7,571.19,308.47,31.05,81.86,0.99,-1,-1,-1
86,1,636.81,338.83,56.56,95.65,1.00,-1,-1,-1
86,2,375.95,388.70,50.75,125.42,1.00,-1,-1,-1
86,4,543.13,301.15,32.17,78.51,0.98,-1,-1,-1
86,5,414.45,295.17,36.70,77.11,1.00,-1,-1,-1
86,6,1009.81,503.13,124.22,293.25,1.00,-1,-1,-1
86,9,586.70,289.43,24.83,56.71,0.94,-1,-1,-1
86,8,731.65,316.63,37.85,44.98,0.96,-1,-1,-1
86,7,555.78,306.92,41.10,82.28,0.99,-1,-1,-1
87,1,636.24,340.85,58.15,92.77,1.00,-1,-1,-1
87,2,372.88,385.56,45.59,126.98,0.99,-1,-1,-1
87,4,539.29,301.86,30.28,76.93,0.93,-1,-1,-1
87,5,414.12,294.50,36.44,77.85,1.00,-1,-1,-1
87,6,1009.78,503.15,124.21,292.21,0.99,-1,-1,-1
87,9,582.04,289.58,24.87,56.41,0.91,-1,-1,-1
87,8,731.33,316.75,38.42,44.98,0.96,-1,-1,-1
87,7,547.55,305.57,42.85,81.82,0.98,-1,-1,-1
88,1,632.56,340.36,61.04,93.34,0.99,-1,-1,-1
88,2,360.86,381.94,50.19,123.27,1.00,-1,-1,-1
88,4,532.26,302.04,28.38,64.77,0.93,-1,-1,-1
88,5,413.57,294.27,36.96,78.13,1.00,-1,-1,-1
88,6,1009.78,502.84,124.21,292.97,1.00,-1,-1,-1
88,9,575.42,289.96,26.13,65.00,0.96,-1,-1,-1
88,8,731.55,316.65,38.03,44.98,0.96,-1,-1,-1
88,7,541.56,304.95,40.71,82.48,0.94,-1,-1,-1
89,1,629.61,338.81,63.29,93.31,0.97,-1,-1,-1
89,2,356.53,380.49,48.91,118.12,1.00,-1,-1,-1
89,4,525.83,300.69,28.38,57.26,0.88,-1,-1,-1
89,5,413.10,295.50,37.46,76.76,0.99,-1,-1,-1
89,6,1009.76,503.03,124.21,292.11,0.99,-1,-1,-1
89,9,571.58,290.06,27.78,67.67,0.88,-1,-1,-1
89,8,731.28,316.74,38.48,44.99,0.96,-1,-1,-1
89,7,540.23,304.13,36.20,83.59,0.98,-1,-1,-1
90,1,624.23,336.78,66.43,92.44,0.99,-1,-1,-1
90,2,349.12,379.81,48.76,114.69,0.99,-1,-1,-1
90,4,506.01,299.80,37.64,53.12,0.84,-1,-1,-1
90,5,412.58,298.89,36.76,73.83,1.00,-1,-1,-1
90,6,1009.81,502.79,124.21,292.33,1.00,-1,-1,-1
90,9,563.65,289.00,32.51,69.34,0.98,-1,-1,-1
90,8,731.27,316.66,38.65,45.28,0.96,-1,-1,-1
90,7,537.40,303.75,33.16,81.33,0.99,-1,-1,-1
91,1,620.02,334.50,66.50,93.10,1.00,-1,-1,-1
91,2,345.52,379.00,45.08,113.21,1.00,-1,-1,-1
91,4,501.40,298.37,37.44,70.69,0.93,-1,-1,-1
91,5,412.24,300.27,35.90,72.45,0.99,-1,-1,-1
91,6,1009.78,503.01,124.22,292.46,0.99,-1,-1,-1
91,9,558.31,286.79,34.29,71.17,0.86,-1,-1,-1
91,8,731.19,316.60,38.71,45.40,0.96,-1,-1,-1
91,7,533.88,303.16,32.67,80.72,0.98,-1,-1,-1
92,1,614.67,329.18,59.50,96.67,1.00,-1,-1,-1
92,2,338.22,375.88,45.63,113.77,1.00,-1,-1,-1
92,4,493.16,298.98,37.86,75.34,0.97,-1,-1,-1
92,5,413.11,300.01,34.37,73.47,1.00,-1,-1,-1
92,6,1009.80,503.08,124.20,291.29,1.00,-1,-1,-1
92,9,553.61,287.42,32.17,64.55,0.98,-1,-1,-1
92,8,731.53,316.58,38.13,45.14,0.93,-1,-1,-1
92,7,522.91,303.71,38.56,79.57,1.00,-1,-1,-1
93,1,610.97,325.87,57.19,98.92,0.99,-1,-1,-1
93,2,332.70,373.25,47.05,115.24,1.00,-1,-1,-1
93,4,484.57,297.82,40.33,79.02,0.98,-1,-1,-1
93,5,413.63,297.60,31.38,76.26,0.99,-1,-1,-1
93,6,1009.77,503.11,124.19,290.88,1.00,-1,-1,-1
93,9,550.79,287.96,28.87,65.25,0.95,-1,-1,-1
93,8,731.60,316.54,37.91,45.05,0.93,-1,-1,-1
93,7,517.39,304.20,40.63,78.83,0.99,-1,-1,-1
94,1,606.10,323.23,47.32,100.38,0.99,-1,-1,-1
94,2,326.92,371.38,48.20,112.68,1.00,-1,-1,-1
94,4,483.46,298.87,34.41,62.77,0.78,-1,-1,-1
94,5,414.01,292.22,27.18,81.12,0.99,-1,-1,-1
94,6,1009.79,503.12,124.20,290.70,1.00,-1,-1,-1
94,9,548.55,293.28,24.54,58.04,0.49,-1,-1,-1
94,8,731.66,316.57,37.83,45.01,0.94,-1,-1,-1
94,7,508.69,306.42,46.61,75.85,0.99,-1,-1,-1
95,1,603.36,321.81,41.55,101.25,0.99,-1,-1,-1
95,2,324.18,370.73,47.76,109.65,1.00,-1,-1,-1
95,4,467.94,290.62,51.64,82.07,0.91,-1,-1,-1
95,5,414.38,288.67,25.75,83.56,0.99,-1,-1,-1
95,6,1009.78,503.13,124.20,290.08,1.00,-1,-1,-1
95,9,545.19,289.86,23.60,53.70,0.62,-1,-1,-1
95,8,731.65,316.56,37.80,45.00,0.94,-1,-1,-1
95,7,507.21,307.55,46.17,74.72,0.99,-1,-1,-1
96,1,599.31,322.67,37.12,98.03,0.99,-1,-1,-1
96,2,322.57,371.06,46.11,106.61,1.00,-1,-1,-1
96,4,467.03,292.21,42.48,64.53,0.68,-1,-1,-1
96,5,415.63,284.41,24.05,81.88,0.98,-1,-1,-1
96,6,1009.78,503.13,124.21,289.84,1.00,-1,-1,-1
96,9,540.46,288.36,21.44,50.35,0.65,-1,-1,-1
96,8,731.66,316.56,37.79,45.00,0.94,-1,-1,-1
96,7,506.85,304.97,44.15,77.03,0.99,-1,-1,-1
97,1,591.89,322.35,39.05,97.99,1.00,-1,-1,-1
97,2,320.80,370.50,46.41,106.30,0.99,-1,-1,-1
97,4,465.36,292.92,39.11,56.09,0.18,-1,-1,-1
97,5,417.03,280.86,24.18,80.88,0.93,-1,-1,-1
97,6,1009.79,503.42,124.20,289.15,1.00,-1,-1,-1
97,9,538.15,287.70,20.06,49.57,0.65,-1,-1,-1
97,8,731.68,316.72,37.79,44.99,0.94,-1,-1,-1
97,7,507.12,302.55,42.10,79.35,0.99,-1,-1,-1
98,1,578.51,325.82,49.50,94.09,1.00,-1,-1,-1
98,2,316.78,366.99,47.73,109.25,1.00,-1,-1,-1
98,4,447.94,288.72,51.92,76.14,0.82,-1,-1,-1
98,5,416.91,272.57,28.61,89.08,0.96,-1,-1,-1
98,6,1009.81,503.21,124.18,288.88,1.00,-1,-1,-1
98,9,534.43,292.27,18.99,43.46,0.63,-1,-1,-1
98,8,731.43,316.76,38.38,44.99,0.95,-1,-1,-1
98,7,507.55,299.41,40.68,82.29,0.99,-1,-1,-1
99,1,573.72,331.05,53.10,89.91,1.00,-1,-1,-1
99,2,314.35,363.90,48.24,111.41,1.00,-1,-1,-1
99,4,439.10,288.52,49.18,83.01,0.98,-1,-1,-1
99,5,417.13,269.04,28.67,93.80,0.98,-1,-1,-1
99,6,1009.81,503.16,124.20,288.79,1.00,-1,-1,-1
99,9,530.78,288.84,19.31,45.26,0.24,-1,-1,-1
99,8,731.60,316.82,38.61,44.99,0.95,-1,-1,-1
99,7,507.89,296.70,40.13,84.87,0.99,-1,-1,-1
100,1,571.70,336.78,54.04,84.13,0.99,-1,-1,-1
100,2,312.61,362.01,45.47,109.15,1.00,-1,-1,-1
100,4,434.39,295.86,48.22,78.41,0.99,-1,-1,-1
100,5,417.50,268.24,29.59,92.78,0.97,-1,-1,-1
100,6,1009.81,503.13,124.20,288.77,1.00,-1,-1,-1
100,9,522.87,288.81,22.52,52.86,0.61,-1,-1,-1
100,8,731.68,316.67,38.69,44.99,0.96,-1,-1,-1
100,7,508.52,295.64,36.92,85.55,0.99,-1,-1,-1
101,1,571.13,338.75,54.38,82.08,0.99,-1,-1,-1
101,2,312.23,361.43,44.11,107.10,1.00,-1,-1,-1
101,4,433.56,299.61,45.91,75.88,0.99,-1,-1,-1
101,5,417.46,268.67,30.54,91.12,0.97,-1,-1,-1
101,6,1009.83,503.12,124.21,288.77,1.00,-1,-1,-1
101,9,516.62,288.84,25.93,54.09,0.64,-1,-1,-1
101,8,731.71,316.78,38.72,44.99,0.96,-1,-1,-1
101,7,509.07,294.43,35.67,86.66,0.99,-1,-1,-1
102,1,571.10,339.72,55.06,81.41,1.00,-1,-1,-1
102,2,310.29,362.66,44.55,102.00,1.00,-1,-1,-1
102,4,433.02,301.20,39.01,74.84,0.99,-1,-1,-1
102,5,419.06,274.38,29.73,93.09,0.97,-1,-1,-1
102,6,1009.85,503.10,124.23,288.77,0.99,-1,-1,-1
102,9,513.68,289.59,23.36,51.96,0.98,-1,-1,-1
102,8,732.03,316.67,38.14,44.99,0.95,-1,-1,-1
102,7,509.41,299.72,35.84,81.20,0.99,-1,-1,-1
103,1,570.96,339.56,56.44,81.54,1.00,-1,-1,-1
103,2,309.13,362.85,45.91,100.14,1.00,-1,-1,-1
103,4,433.44,301.61,39.03,74.38,0.98,-1,-1,-1
103,5,420.15,278.72,29.70,91.75,0.97,-1,-1,-1
103,6,1009.84,503.09,124.20,288.77,1.00,-1,-1,-1
103,9,512.36,289.41,22.80,53.54,0.96,-1,-1,-1
103,8,731.87,316.61,38.51,45.29,0.95,-1,-1,-1
103,7,510.28,301.53,34.70,79.01,0.99,-1,-1,-1
104,1,571.34,340.32,56.94,80.73,1.00,-1,-1,-1
104,2,311.08,359.85,44.64,101.94,1.00,-1,-1,-1
104,4,432.43,300.52,35.72,75.33,0.99,-1,-1,-1
104,5,419.98,288.09,28.20,82.91,0.97,-1,-1,-1
104,6,1009.84,503.06,124.17,289.96,0.99,-1,-1,-1
104,9,506.34,288.71,23.19,55.29,0.97,-1,-1,-1
104,8,731.84,316.55,38.64,45.40,0.95,-1,-1,-1
104,7,511.40,301.39,33.05,78.80,1.00,-1,-1,-1
105,1,571.59,339.69,57.68,81.41,0.99,-1,-1,-1
105,2,314.37,356.74,43.26,104.43,0.99,-1,-1,-1
105,4,432.55,298.95,33.04,76.83,0.99,-1,-1,-1
105,5,419.83,293.19,27.63,78.79,0.99,-1,-1,-1
105,6,1009.84,503.06,124.17,289.83,0.99,-1,-1,-1
105,9,504.50,288.02,21.56,52.74,0.98,-1,-1,-1
105,8,732.10,316.55,38.10,45.74,0.95,-1,-1,-1
105,7,512.83,300.92,31.84,79.03,1.00,-1,-1,-1
106,1,575.83,333.74,60.86,85.30,1.00,-1,-1,-1
106,2,317.18,353.42,44.90,106.59,1.00,-1,-1,-1
106,4,431.39,296.90,32.27,78.53,0.99,-1,-1,-1
106,5,418.21,295.61,28.34,76.74,0.99,-1,-1,-1
106,6,1009.82,503.08,124.18,289.80,0.99,-1,-1,-1
106,9,501.29,288.68,20.32,52.03,0.98,-1,-1,-1
106,8,732.16,316.41,37.89,47.05,0.95,-1,-1,-1
106,7,514.31,300.02,29.59,79.42,0.99,-1,-1,-1
107,1,580.12,330.96,60.33,86.16,1.00,-1,-1,-1
107,2,318.85,351.34,46.97,106.83,1.00,-1,-1,-1
107,4,430.84,295.97,32.02,78.56,0.99,-1,-1,-1
107,5,416.90,296.30,29.49,76.32,0.99,-1,-1,-1
107,6,1009.83,503.08,124.19,290.37,1.00,-1,-1,-1
107,9,498.20,289.39,20.49,51.48,0.97,-1,-1,-1
107,8,731.91,316.36,38.41,49.60,0.94,-1,-1,-1
107,7,515.59,300.00,28.17,79.27,0.99,-1,-1,-1
108,1,592.17,323.99,50.12,91.85,0.99,-1,-1,-1
108,2,321.85,350.51,46.01,102.77,0.99,-1,-1,-1
108,4,430.31,295.21,34.26,78.80,0.99,-1,-1,-1
108,5,416.53,296.69,29.35,76.50,0.99,-1,-1,-1
108,6,1009.82,503.38,124.20,290.58,0.99,-1,-1,-1
108,9,494.47,289.98,21.77,52.18,0.97,-1,-1,-1
108,8,731.80,316.36,38.02,47.95,0.95,-1,-1,-1
108,7,517.95,299.43,25.22,79.81,0.99,-1,-1,-1
108,11,491.85,290.02,26.10,65.25,0.86,-1,-1,-1
109,1,603.23,318.63,45.87,96.00,0.99,-1,-1,-1
109,2,324.90,350.43,43.54,99.72,0.99,-1,-1,-1
109,4,430.35,294.48,36.69,79.74,0.99,-1,-1,-1
109,5,416.41,296.47,27.80,76.60,0.99,-1,-1,-1
109,6,1009.25,503.19,125.39,290.66,0.99,-1,-1,-1
109,9,491.15,290.48,23.41,54.52,0.99,-1,-1,-1
109,8,731.78,316.49,37.86,46.37,0.95,-1,-1,-1
109,7,519.18,299.21,23.58,80.01,0.99,-1,-1,-1
110,1,614.12,315.41,41.95,96.45,0.99,-1,-1,-1
110,2,327.32,350.90,42.90,98.63,1.00,-1,-1,-1
110,4,430.17,293.91,37.33,80.93,0.99,-1,-1,-1
110,5,416.82,296.49,26.60,76.35,0.99,-1,-1,-1
110,6,1009.62,503.11,124.64,290.68,1.00,-1,-1,-1
110,9,486.82,289.92,25.77,60.37,0.99,-1,-1,-1
110,8,731.77,316.54,37.81,46.07,0.95,-1,-1,-1
110,7,519.29,299.58,23.74,79.79,0.99,-1,-1,-1
111,1,618.79,313.34,40.62,96.89,0.99,-1,-1,-1
111,2,328.04,350.22,46.30,98.57,1.00,-1,-1,-1
111,4,430.06,293.70,36.25,81.36,0.99,-1,-1,-1
111,5,417.12,296.46,25.56,76.59,0.98,-1,-1,-1
111,6,1009.16,503.09,125.54,288.91,1.00,-1,-1,-1
111,9,483.78,289.28,27.25,65.15,0.99,-1,-1,-1
111,8,731.47,316.56,38.38,45.66,0.94,-1,-1,-1
111,7,519.32,299.43,24.43,80.00,0.99,-1,-1,-1
112,1,626.80,313.94,38.33,95.28,0.99,-1,-1,-1
112,2,330.55,347.49,46.95,99.18,1.00,-1,-1,-1
112,4,429.62,293.95,35.97,80.60,0.99,-1,-1,-1
112,5,416.85,296.30,25.81,76.10,0.98,-1,-1,-1
112,6,1010.16,503.40,124.71,288.86,1.00,-1,-1,-1
112,9,480.64,288.33,27.85,68.47,0.98,-1,-1,-1
112,8,731.31,316.58,38.60,45.21,0.96,-1,-1,-1
112,7,519.89,299.25,24.71,80.08,0.99,-1,-1,-1
113,1,631.41,314.70,38.84,93.74,0.99,-1,-1,-1
113,2,331.74,345.62,49.85,100.03,1.00,-1,-1,-1
113,4,429.28,294.07,35.27,80.26,1.00,-1,-1,-1
113,5,416.50,296.36,25.91,75.63,0.98,-1,-1,-1
113,6,1010.55,503.52,124.38,289.42,1.00,-1,-1,-1
113,9,478.72,288.10,28.64,66.35,0.99,-1,-1,-1
113,8,731.28,316.74,38.68,45.04,0.96,-1,-1,-1
113,7,520.14,298.90,24.85,80.41,0.99,-1,-1,-1
114,1,637.77,318.32,40.89,89.87,0.99,-1,-1,-1
114,2,335.29,343.34,50.94,97.70,0.99,-1,-1,-1
114,4,429.16,293.98,34.40,80.40,0.98,-1,-1,-1
114,5,416.01,296.51,25.36,76.07,0.99,-1,-1,-1
114,6,1010.68,503.26,124.26,289.65,1.00,-1,-1,-1
114,9,476.59,288.01,29.51,71.56,0.99,-1,-1,-1
114,8,731.23,316.65,38.71,44.98,0.96,-1,-1,-1
114,7,520.48,298.92,24.32,80.53,0.98,-1,-1,-1
115,1,641.81,319.47,42.84,88.69,0.94,-1,-1,-1
115,2,339.96,342.72,49.90,95.32,1.00,-1,-1,-1
115,4,429.26,293.53,34.08,81.02,0.99,-1,-1,-1
115,5,415.59,296.72,24.86,76.54,0.99,-1,-1,-1
115,6,1010.75,503.46,124.22,289.13,1.00,-1,-1,-1
115,9,475.06,288.56,29.83,72.92,0.99,-1,-1,-1
115,8,731.26,316.63,38.72,44.96,0.97,-1,-1,-1
115,7,520.66,298.95,24.14,80.27,0.98,-1,-1,-1
116,1,643.14,321.25,56.60,87.37,0.96,-1,-1,-1
116,2,350.84,341.92,45.03,93.57,0.99,-1,-1,-1
116,4,428.83,293.06,34.72,81.82,1.00,-1,-1,-1
116,5,414.31,296.61,25.60,77.33,0.99,-1,-1,-1
116,6,1010.74,503.54,124.20,288.36,1.00,-1,-1,-1
116,9,473.95,288.48,28.78,73.99,0.99,-1,-1,-1
116,8,731.23,316.60,38.72,44.96,0.97,-1,-1,-1
116,7,520.37,300.14,24.70,78.69,0.97,-1,-1,-1
117,1,644.67,320.27,60.99,88.39,0.98,-1,-1,-1
117,2,358.12,340.92,42.81,93.87,0.99,-1,-1,-1
117,4,428.49,293.03,35.25,81.81,1.00,-1,-1,-1
117,5,413.33,296.40,26.46,78.22,0.99,-1,-1,-1
117,6,1010.77,503.55,124.19,289.24,1.00,-1,-1,-1
117,9,473.46,288.73,27.75,73.78,0.99,-1,-1,-1
117,8,731.57,316.59,38.72,44.96,0.97,-1,-1,-1
117,7,520.62,300.59,24.32,78.08,0.97,-1,-1,-1
118,1,650.86,319.18,57.33,89.68,0.99,-1,-1,-1
118,2,368.34,338.35,39.28,95.52,0.99,-1,-1,-1
118,4,428.17,292.73,35.31,81.78,0.99,-1,-1,-1
118,5,409.79,296.16,29.15,78.57,0.99,-1,-1,-1
118,6,1010.74,503.57,124.19,288.42,1.00,-1,-1,-1
118,9,472.72,288.40,26.15,73.94,0.99,-1,-1,-1
118,8,731.64,316.58,38.72,44.97,0.97,-1,-1,-1
118,7,522.15,299.86,22.99,63.21,0.84,-1,-1,-1
118,12,521.55,311.62,22.50,67.05,0.98,-1,-1,-1
119,1,659.14,318.62,50.34,90.17,1.00,-1,-1,-1
119,2,373.84,335.93,39.58,97.34,0.99,-1,-1,-1
119,4,428.90,292.76,34.88,81.74,1.00,-1,-1,-1
119,5,408.67,296.49,29.59,79.29,0.99,-1,-1,-1
119,6,1010.15,503.56,124.18,288.68,1.00,-1,-1,-1
119,9,471.74,288.11,25.53,74.54,0.99,-1,-1,-1
119,8,731.71,316.72,38.72,44.97,0.96,-1,-1,-1
119,7,522.77,299.39,22.51,62.55,0.76,-1,-1,-1
119,12,521.58,309.99,22.50,68.85,0.98,-1,-1,-1
120,1,671.24,317.10,40.21,92.43,0.99,-1,-1,-1
120,2,378.51,334.80,44.26,95.68,1.00,-1,-1,-1
120,4,429.34,292.80,34.27,81.42,1.00,-1,-1,-1
120,5,407.49,297.35,30.05,76.61,1.00,-1,-1,-1
120,6,1009.93,503.56,124.19,288.21,1.00,-1,-1,-1
120,9,469.63,288.01,26.51,74.73,0.99,-1,-1,-1
120,8,731.71,316.63,38.72,44.97,0.96,-1,-1,-1
120,7,522.34,298.49,22.35,74.12,0.99,-1,-1,-1
121,1,677.95,315.38,35.12,94.16,0.99,-1,-1,-1
121,2,382.11,334.90,45.92,93.85,1.00,-1,-1,-1
121,4,429.57,292.98,34.34,81.27,1.00,-1,-1,-1
121,5,406.67,297.99,30.80,75.27,1.00,-1,-1,-1
121,6,1009.85,503.55,124.19,288.61,1.00,-1,-1,-1
121,9,468.36,288.13,26.87,75.35,1.00,-1,-1,-1
121,8,731.74,316.60,38.71,44.97,0.96,-1,-1,-1
121,7,522.52,298.19,22.32,78.00,0.99,-1,-1,-1
122,1,682.79,312.99,36.12,97.17,0.99,-1,-1,-1
122,2,391.64,335.92,41.34,89.88,0.99,-1,-1,-1
122,4,430.11,293.37,33.03,81.50,1.00,-1,-1,-1
122,5,405.04,298.97,30.79,75.38,0.99,-1,-1,-1
122,6,1010.43,503.57,124.20,288.77,0.99,-1,-1,-1
122,9,467.35,288.20,27.01,76.14,0.99,-1,-1,-1
122,8,732.04,316.60,38.12,44.68,0.97,-1,-1,-1
122,7,522.85,298.23,21.71,79.01,0.99,-1,-1,-1
123,1,685.87,314.14,37.05,95.97,0.99,-1,-1,-1
123,2,397.93,336.20,37.92,88.43,0.98,-1,-1,-1
123,4,430.35,293.67,32.54,81.57,0.99,-1,-1,-1
123,5,403.72,299.62,31.94,75.14,0.99,-1,-1,-1
123,6,1010.63,503.57,124.20,288.83,0.99,-1,-1,-1
123,9,466.77,288.52,27.05,76.41,0.99,-1,-1,-1
123,8,731.55,316.75,38.49,44.57,0.97,-1,-1,-1
123,7,523.28,298.26,21.51,79.38,0.99,-1,-1,-1
