0,1,247.05,369.22,47.70,114.08,1.00,-1,-1,-1
0,2,753.75,358.20,44.10,127.35,1.00,-1,-1,-1
0,3,332.77,366.30,50.40,101.25,0.99,-1,-1,-1
0,4,997.20,377.10,54.00,154.80,1.00,-1,-1,-1
0,5,389.02,323.32,43.20,78.30,1.00,-1,-1,-1
0,6,344.92,313.65,33.75,81.90,0.99,-1,-1,-1
0,7,1055.70,457.20,100.80,246.60,1.00,-1,-1,-1
0,8,735.30,320.40,30.60,40.50,0.75,-1,-1,-1
1,1,247.05,369.22,47.70,114.08,1.00,-1,-1,-1
1,2,753.75,358.00,44.10,127.94,1.00,-1,-1,-1
1,3,332.78,366.30,50.40,101.25,0.99,-1,-1,-1
1,4,997.20,377.10,54.00,154.80,1.00,-1,-1,-1
1,5,388.83,323.32,43.59,78.30,1.00,-1,-1,-1
1,6,344.93,313.85,33.75,81.51,0.99,-1,-1,-1
1,7,1055.70,456.81,100.80,246.60,1.00,-1,-1,-1
1,8,735.30,320.40,30.60,40.89,0.77,-1,-1,-1
2,1,247.46,369.39,46.29,114.24,1.00,-1,-1,-1
2,2,753.77,357.44,44.10,128.90,1.00,-1,-1,-1
2,3,333.88,366.29,51.45,100.89,1.00,-1,-1,-1
2,4,996.50,376.75,53.99,155.14,1.00,-1,-1,-1
2,5,388.49,323.32,44.70,77.94,1.00,-1,-1,-1
2,6,346.90,314.23,34.80,80.73,0.98,-1,-1,-1
2,7,1056.40,456.74,100.79,246.58,1.00,-1,-1,-1
2,8,735.32,320.40,30.60,40.95,0.76,-1,-1,-1
3,1,247.88,369.46,45.51,114.30,1.00,-1,-1,-1
3,2,753.76,357.79,44.10,128.69,1.00,-1,-1,-1
3,3,334.86,366.82,51.44,99.24,1.00,-1,-1,-1
3,4,996.27,376.47,54.00,155.43,1.00,-1,-1,-1
3,5,389.19,323.33,44.38,77.84,1.00,-1,-1,-1
3,6,348.50,314.87,35.81,78.78,0.99,-1,-1,-1
3,7,1056.62,456.73,100.80,246.59,1.00,-1,-1,-1
3,8,735.31,320.40,30.60,40.97,0.80,-1,-1,-1
4,1,248.53,369.32,44.63,114.81,1.00,-1,-1,-1
4,2,754.42,357.43,43.44,128.76,1.00,-1,-1,-1
4,3,335.83,367.16,54.72,98.88,0.99,-1,-1,-1
4,4,993.56,377.06,55.33,153.85,1.00,-1,-1,-1
4,5,389.95,324.34,43.90,77.81,1.00,-1,-1,-1
4,6,350.14,315.24,44.57,81.89,1.00,-1,-1,-1
4,7,1058.66,457.40,98.14,245.92,0.99,-1,-1,-1
4,8,735.31,320.25,30.60,40.97,0.81,-1,-1,-1
5,1,249.02,369.11,44.05,115.14,1.00,-1,-1,-1
5,2,754.31,357.30,43.22,129.09,1.00,-1,-1,-1
5,3,337.05,367.59,56.12,98.80,0.99,-1,-1,-1
5,4,991.40,377.26,57.04,153.32,1.00,-1,-1,-1
5,5,389.20,324.67,44.70,78.13,1.00,-1,-1,-1
5,6,351.41,315.34,47.86,83.23,1.00,-1,-1,-1
5,7,1058.03,457.62,98.56,245.71,0.99,-1,-1,-1
5,8,735.30,320.19,30.60,40.97,0.84,-1,-1,-1
6,1,250.15,369.03,42.61,115.25,1.00,-1,-1,-1
6,2,754.58,357.11,43.15,129.04,1.00,-1,-1,-1
6,3,338.70,368.51,54.43,98.01,0.99,-1,-1,-1
6,4,987.57,377.81,58.87,152.67,1.00,-1,-1,-1
6,5,391.45,325.71,42.16,78.24,1.00,-1,-1,-1
6,6,354.35,316.45,46.77,82.45,1.00,-1,-1,-1
6,7,1057.13,457.38,99.99,245.01,1.00,-1,-1,-1
6,8,735.29,320.17,30.60,40.96,0.80,-1,-1,-1
7,1,250.81,368.98,41.82,115.28,1.00,-1,-1,-1
7,2,754.35,356.88,43.13,129.48,1.00,-1,-1,-1
7,3,339.25,368.34,54.34,97.91,1.00,-1,-1,-1
7,4,982.58,378.15,61.94,152.00,1.00,-1,-1,-1
7,5,391.93,326.52,40.89,77.36,1.00,-1,-1,-1
7,6,355.59,316.20,44.90,82.46,0.99,-1,-1,-1
7,7,1056.81,457.28,100.52,244.78,1.00,-1,-1,-1
7,8,735.29,320.16,30.60,40.96,0.85,-1,-1,-1
8,1,251.82,368.81,40.96,114.81,1.00,-1,-1,-1
8,2,754.57,356.51,43.13,129.63,1.00,-1,-1,-1
8,3,341.11,368.41,53.36,97.74,1.00,-1,-1,-1
8,4,976.02,378.42,66.60,151.61,1.00,-1,-1,-1
8,5,392.10,327.26,40.15,77.03,1.00,-1,-1,-1
8,6,359.18,314.72,42.85,84.28,0.99,-1,-1,-1
8,7,1056.66,457.25,100.70,244.69,1.00,-1,-1,-1
8,8,735.29,320.16,30.60,40.96,0.84,-1,-1,-1
9,1,252.29,368.76,41.01,114.95,1.00,-1,-1,-1
9,2,754.65,356.37,43.14,129.98,1.00,-1,-1,-1
9,3,342.34,368.28,52.98,97.86,1.00,-1,-1,-1
9,4,971.85,378.36,69.52,151.95,1.00,-1,-1,-1
9,5,392.43,327.35,39.92,78.76,1.00,-1,-1,-1
9,6,361.79,314.32,41.09,85.25,0.99,-1,-1,-1
9,7,1056.63,457.54,100.78,244.69,1.00,-1,-1,-1
9,8,735.59,320.16,30.60,40.66,0.84,-1,-1,-1
10,1,253.38,368.58,40.74,115.14,1.00,-1,-1,-1
10,2,754.37,356.33,44.96,130.10,1.00,-1,-1,-1
10,3,343.99,367.30,52.21,98.82,1.00,-1,-1,-1
10,4,967.96,379.09,70.61,151.94,1.00,-1,-1,-1
10,5,390.55,327.37,42.31,78.18,0.99,-1,-1,-1
10,6,363.62,315.06,40.67,82.89,0.99,-1,-1,-1
10,7,1056.59,457.34,100.79,244.68,1.00,-1,-1,-1
10,8,735.40,320.17,30.60,40.84,0.83,-1,-1,-1
11,1,254.02,368.38,40.68,115.06,1.00,-1,-1,-1
11,2,754.26,356.32,46.23,130.14,1.00,-1,-1,-1
11,3,345.43,366.79,51.32,99.04,1.00,-1,-1,-1
11,4,964.83,379.95,72.13,151.35,1.00,-1,-1,-1
11,5,390.29,327.81,41.99,78.27,1.00,-1,-1,-1
11,6,364.95,315.95,40.79,81.06,0.99,-1,-1,-1
11,7,1056.60,457.26,100.81,244.71,1.00,-1,-1,-1
11,8,735.33,320.16,30.60,40.92,0.84,-1,-1,-1
12,1,254.85,368.31,40.98,115.02,1.00,-1,-1,-1
12,2,753.91,356.93,48.47,129.24,1.00,-1,-1,-1
12,3,346.99,366.00,50.07,99.13,1.00,-1,-1,-1
12,4,962.52,380.87,73.81,150.24,1.00,-1,-1,-1
12,5,389.75,327.96,43.97,77.40,0.99,-1,-1,-1
12,6,366.14,317.49,49.78,85.83,0.99,-1,-1,-1
12,7,1056.57,457.54,100.81,244.71,1.00,-1,-1,-1
12,8,734.99,320.17,31.20,40.94,0.80,-1,-1,-1
13,1,255.27,368.28,41.72,115.01,1.00,-1,-1,-1
13,2,753.50,357.16,50.49,128.60,1.00,-1,-1,-1
13,3,347.81,365.55,49.92,99.62,1.00,-1,-1,-1
13,4,961.76,381.34,73.26,149.69,1.00,-1,-1,-1
13,5,389.54,328.59,45.00,73.46,0.99,-1,-1,-1
13,6,367.43,319.21,53.03,87.26,0.99,-1,-1,-1
13,7,1056.60,457.63,100.81,244.73,1.00,-1,-1,-1
13,8,735.17,320.31,30.83,40.65,0.81,-1,-1,-1
14,1,255.12,368.73,42.90,114.25,1.00,-1,-1,-1
14,2,753.33,357.25,53.57,128.35,1.00,-1,-1,-1
14,3,348.68,364.95,49.57,100.24,1.00,-1,-1,-1
14,4,961.57,380.75,72.96,150.25,1.00,-1,-1,-1
14,5,387.86,329.58,51.56,77.80,1.00,-1,-1,-1
14,6,369.60,319.88,48.69,79.83,0.99,-1,-1,-1
14,7,1055.97,457.96,100.81,244.72,0.99,-1,-1,-1
14,8,735.24,320.23,30.68,40.54,0.84,-1,-1,-1
15,1,255.01,368.91,43.36,113.37,1.00,-1,-1,-1
15,2,753.57,357.28,55.33,128.27,1.00,-1,-1,-1
15,3,349.23,364.58,49.15,100.34,1.00,-1,-1,-1
15,4,961.63,380.51,72.80,150.48,1.00,-1,-1,-1
15,5,387.91,330.81,55.13,78.44,1.00,-1,-1,-1
15,6,369.90,319.94,47.29,78.39,0.98,-1,-1,-1
15,7,1056.38,458.08,100.82,245.35,0.99,-1,-1,-1
15,8,735.57,320.03,30.63,40.80,0.86,-1,-1,-1
16,1,255.56,369.12,42.94,112.59,1.00,-1,-1,-1
16,2,753.36,356.84,57.72,128.98,1.00,-1,-1,-1
16,3,350.16,364.60,48.40,100.51,1.00,-1,-1,-1
16,4,961.71,380.41,69.14,150.57,1.00,-1,-1,-1
16,5,389.51,332.45,58.26,77.50,0.99,-1,-1,-1
16,6,370.42,318.89,47.62,78.80,0.99,-1,-1,-1
16,7,1056.49,458.12,100.81,245.56,0.99,-1,-1,-1
16,8,735.38,319.97,30.61,40.90,0.85,-1,-1,-1
17,1,256.33,369.19,42.49,112.01,1.00,-1,-1,-1
17,2,752.15,356.38,59.78,128.96,1.00,-1,-1,-1
17,3,350.45,364.45,48.13,101.03,0.99,-1,-1,-1
17,4,960.71,380.36,67.67,150.62,1.00,-1,-1,-1
17,5,391.29,333.19,60.33,76.84,0.99,-1,-1,-1
17,6,370.13,319.83,49.19,82.56,0.99,-1,-1,-1
17,7,1055.98,457.54,102.00,245.67,1.00,-1,-1,-1
17,8,735.62,319.94,30.60,40.94,0.82,-1,-1,-1
18,1,257.21,369.20,42.02,111.50,1.00,-1,-1,-1
18,2,750.80,353.96,60.55,127.60,1.00,-1,-1,-1
18,3,350.53,364.69,48.04,101.22,0.99,-1,-1,-1
18,4,959.79,379.58,63.50,150.80,1.00,-1,-1,-1
18,5,394.16,333.42,61.97,77.19,1.00,-1,-1,-1
18,6,369.69,320.31,52.66,78.67,0.97,-1,-1,-1
18,7,1056.35,457.90,101.26,245.69,0.99,-1,-1,-1
18,8,735.41,319.92,30.60,40.95,0.79,-1,-1,-1
19,1,257.52,369.37,42.15,111.17,1.00,-1,-1,-1
19,2,750.01,351.56,60.81,128.89,1.00,-1,-1,-1
19,3,350.52,364.65,48.02,101.14,1.00,-1,-1,-1
19,4,958.35,380.33,58.23,150.13,0.99,-1,-1,-1
19,5,396.58,334.10,62.29,75.84,1.00,-1,-1,-1
19,6,370.22,320.79,53.98,76.51,0.99,-1,-1,-1
19,7,1056.53,457.75,100.97,245.71,1.00,-1,-1,-1
19,8,735.94,319.92,30.00,40.96,0.79,-1,-1,-1
20,1,258.22,369.44,41.31,110.76,1.00,-1,-1,-1
20,2,749.11,349.50,58.54,126.99,0.99,-1,-1,-1
20,3,350.49,364.65,48.03,101.40,0.99,-1,-1,-1
20,4,956.04,380.31,50.08,149.87,1.00,-1,-1,-1
20,5,399.70,332.38,60.92,77.12,1.00,-1,-1,-1
20,6,375.28,321.87,50.71,71.80,0.98,-1,-1,-1
20,7,1056.58,457.98,100.87,246.30,0.99,-1,-1,-1
20,8,735.83,319.92,29.78,40.96,0.79,-1,-1,-1
21,1,258.61,369.47,41.00,111.22,1.00,-1,-1,-1
21,2,748.20,349.05,55.82,124.18,1.00,-1,-1,-1
21,3,350.30,364.52,48.34,101.64,0.99,-1,-1,-1
21,4,952.77,380.46,48.53,149.64,1.00,-1,-1,-1
21,5,404.57,331.74,57.10,76.41,0.99,-1,-1,-1
21,6,379.50,325.33,58.86,68.54,0.98,-1,-1,-1
21,7,1056.61,458.08,100.83,245.93,0.99,-1,-1,-1
21,8,736.10,320.09,29.10,40.66,0.76,-1,-1,-1
22,1,258.89,369.49,40.89,111.40,1.00,-1,-1,-1
22,2,746.96,350.73,52.95,121.02,1.00,-1,-1,-1
22,3,350.06,364.48,48.76,101.73,0.99,-1,-1,-1
22,4,946.09,380.52,50.59,150.15,0.99,-1,-1,-1
22,5,411.67,332.53,53.91,71.67,0.99,-1,-1,-1
22,6,383.26,327.79,59.25,68.96,0.99,-1,-1,-1
22,7,1056.02,458.13,100.81,245.79,0.99,-1,-1,-1
22,8,736.19,320.16,28.85,40.55,0.73,-1,-1,-1
23,1,258.94,369.49,40.86,111.77,1.00,-1,-1,-1
23,2,745.91,351.98,51.87,119.28,1.00,-1,-1,-1
23,3,349.93,364.46,48.92,101.76,0.99,-1,-1,-1
23,4,940.80,380.68,53.75,150.21,1.00,-1,-1,-1
23,5,414.98,333.42,56.79,70.48,0.99,-1,-1,-1
23,6,384.87,328.32,55.85,69.15,0.98,-1,-1,-1
23,7,1055.80,458.13,100.81,245.74,0.99,-1,-1,-1
23,8,736.22,320.03,28.76,40.51,0.75,-1,-1,-1
24,1,259.10,369.33,40.56,111.77,1.00,-1,-1,-1
24,2,744.93,353.81,52.08,117.60,1.00,-1,-1,-1
24,3,350.31,364.16,48.39,102.06,0.99,-1,-1,-1
24,4,930.60,380.74,62.07,149.93,1.00,-1,-1,-1
24,5,418.34,334.78,60.88,70.07,1.00,-1,-1,-1
24,6,383.91,330.13,60.64,69.56,0.99,-1,-1,-1
24,7,1055.69,458.43,100.80,245.12,0.99,-1,-1,-1
24,8,736.21,320.27,29.33,40.19,0.64,-1,-1,-1
25,1,259.12,369.27,40.75,111.78,1.00,-1,-1,-1
25,2,744.59,354.49,52.75,116.72,1.00,-1,-1,-1
25,3,350.57,364.19,48.20,102.02,0.99,-1,-1,-1
25,4,925.12,380.90,66.30,149.69,1.00,-1,-1,-1
25,5,422.17,335.87,61.86,69.65,1.00,-1,-1,-1
25,6,382.14,330.61,64.36,70.35,0.98,-1,-1,-1
25,7,1055.67,458.24,100.81,245.49,0.99,-1,-1,-1
25,8,735.91,320.51,29.55,40.08,0.68,-1,-1,-1
26,1,258.36,368.62,42.92,112.37,1.00,-1,-1,-1
26,2,744.16,353.22,53.60,117.94,1.00,-1,-1,-1
26,3,350.49,364.03,48.12,102.15,0.99,-1,-1,-1
26,4,921.87,380.94,69.15,149.60,1.00,-1,-1,-1
26,5,424.61,338.78,62.06,66.80,1.00,-1,-1,-1
26,6,376.25,329.82,66.66,66.18,0.95,-1,-1,-1
26,7,1055.63,458.15,100.80,245.63,0.99,-1,-1,-1
26,8,736.07,320.43,29.64,40.04,0.70,-1,-1,-1
27,1,256.32,367.63,48.69,113.05,0.99,-1,-1,-1
27,2,744.04,349.91,53.32,120.37,1.00,-1,-1,-1
27,3,350.61,363.83,48.10,102.35,0.99,-1,-1,-1
27,4,919.62,380.36,70.26,149.58,1.00,-1,-1,-1
27,5,425.63,340.30,62.54,65.16,1.00,-1,-1,-1
27,6,366.84,329.61,71.24,62.79,0.97,-1,-1,-1
27,7,1055.06,458.12,101.99,245.69,0.99,-1,-1,-1
27,8,736.45,320.55,29.67,40.03,0.75,-1,-1,-1
28,1,256.10,366.21,51.43,114.64,1.00,-1,-1,-1
28,2,743.41,347.78,52.61,120.41,1.00,-1,-1,-1
28,3,350.78,364.04,48.09,102.12,0.99,-1,-1,-1
28,4,918.58,379.09,67.46,149.43,1.00,-1,-1,-1
28,5,425.49,340.96,63.13,64.91,1.00,-1,-1,-1
28,6,366.23,328.10,60.57,60.69,0.98,-1,-1,-1
28,7,1054.82,458.11,102.42,245.71,0.99,-1,-1,-1
28,8,736.28,320.44,29.09,40.32,0.69,-1,-1,-1
29,1,257.41,365.70,51.11,114.95,1.00,-1,-1,-1
29,2,742.61,346.70,51.15,118.66,1.00,-1,-1,-1
29,3,350.82,364.15,48.10,101.74,0.99,-1,-1,-1
29,4,918.40,378.02,65.71,149.98,1.00,-1,-1,-1
29,5,423.89,340.88,64.51,65.16,0.99,-1,-1,-1
29,6,358.16,326.79,61.29,60.61,0.97,-1,-1,-1
29,7,1054.77,458.11,102.60,245.73,0.98,-1,-1,-1
29,8,736.22,320.26,28.87,40.44,0.69,-1,-1,-1
30,1,259.42,364.63,45.99,115.65,1.00,-1,-1,-1
30,2,738.71,345.28,52.41,118.16,1.00,-1,-1,-1
30,3,350.98,364.04,47.81,101.73,1.00,-1,-1,-1
30,4,918.76,376.89,58.18,149.74,1.00,-1,-1,-1
30,5,420.75,339.61,66.32,66.78,1.00,-1,-1,-1
30,6,346.85,324.18,55.33,53.63,0.96,-1,-1,-1
30,7,1054.74,458.42,102.65,245.73,0.98,-1,-1,-1
30,8,735.90,320.04,28.79,40.78,0.66,-1,-1,-1
31,1,260.06,364.70,39.94,115.76,1.00,-1,-1,-1
31,2,735.54,345.09,53.46,117.09,1.00,-1,-1,-1
31,3,350.88,363.87,48.30,102.18,0.99,-1,-1,-1
31,4,918.86,376.03,51.20,149.81,0.99,-1,-1,-1
31,5,417.60,338.40,67.43,68.00,1.00,-1,-1,-1
31,6,341.12,323.99,49.55,56.83,0.96,-1,-1,-1
31,7,1054.75,458.24,102.68,246.33,0.98,-1,-1,-1
31,8,736.08,320.12,28.77,40.91,0.73,-1,-1,-1
32,1,259.17,365.80,40.23,115.05,1.00,-1,-1,-1
32,2,732.57,346.40,54.46,115.06,1.00,-1,-1,-1
32,3,351.57,364.57,48.19,101.30,1.00,-1,-1,-1
32,4,917.46,375.73,42.71,150.72,0.99,-1,-1,-1
32,5,409.76,336.60,68.55,69.96,1.00,-1,-1,-1
32,6,336.19,323.80,45.26,59.95,0.96,-1,-1,-1
32,7,1054.74,457.88,102.68,246.55,1.00,-1,-1,-1
32,8,736.13,320.01,28.76,41.25,0.68,-1,-1,-1
33,1,258.32,367.13,42.44,112.98,1.00,-1,-1,-1
33,2,730.93,347.37,54.83,113.87,1.00,-1,-1,-1
33,3,352.01,364.10,48.45,102.01,1.00,-1,-1,-1
33,4,915.23,375.62,39.88,151.65,1.00,-1,-1,-1
33,5,407.33,335.33,64.88,71.29,1.00,-1,-1,-1
33,6,333.39,324.19,43.81,63.22,0.97,-1,-1,-1
33,7,1054.76,458.02,102.68,246.62,0.98,-1,-1,-1
33,8,735.88,319.97,29.36,41.37,0.66,-1,-1,-1
34,1,257.10,369.89,48.85,108.44,0.99,-1,-1,-1
34,2,728.85,346.25,54.97,114.35,1.00,-1,-1,-1
34,3,352.60,365.71,48.25,100.19,1.00,-1,-1,-1
34,4,904.53,375.88,47.84,151.11,0.99,-1,-1,-1
34,5,406.96,334.26,53.02,72.68,0.99,-1,-1,-1
34,6,323.45,326.40,49.92,73.26,1.00,-1,-1,-1
34,7,1054.74,457.77,102.68,246.04,1.00,-1,-1,-1
34,8,735.76,320.26,28.99,40.83,0.57,-1,-1,-1
35,1,256.53,370.75,52.94,106.90,1.00,-1,-1,-1
35,2,727.85,345.53,54.41,114.86,1.00,-1,-1,-1
35,3,353.73,366.15,46.98,99.65,1.00,-1,-1,-1
35,4,896.74,376.15,54.00,150.75,0.99,-1,-1,-1
35,5,406.25,333.68,47.40,74.68,1.00,-1,-1,-1
35,6,318.33,327.76,53.72,77.32,0.99,-1,-1,-1
35,7,1054.76,457.98,102.66,245.82,1.00,-1,-1,-1
35,8,734.25,319.76,31.24,57.31,0.72,-1,-1,-1
36,1,256.59,369.49,57.13,107.56,1.00,-1,-1,-1
36,2,726.62,344.95,52.40,115.67,0.99,-1,-1,-1
36,3,356.70,364.92,43.19,100.50,1.00,-1,-1,-1
36,4,886.88,376.69,63.33,149.86,1.00,-1,-1,-1
36,5,402.03,334.29,47.85,75.72,0.99,-1,-1,-1
36,6,306.47,329.12,64.20,77.82,0.99,-1,-1,-1
36,7,1054.74,458.05,102.63,245.73,1.00,-1,-1,-1
36,8,732.82,319.69,33.21,69.23,0.86,-1,-1,-1
37,1,257.77,368.14,58.79,107.53,1.00,-1,-1,-1
37,2,725.95,343.13,50.42,117.62,0.99,-1,-1,-1
37,3,359.05,363.28,40.23,102.30,0.99,-1,-1,-1
37,4,880.82,377.50,68.70,148.63,1.00,-1,-1,-1
37,5,399.29,335.73,49.25,75.52,1.00,-1,-1,-1
37,6,300.56,330.11,68.76,77.39,1.00,-1,-1,-1
37,7,1054.75,458.08,102.62,245.70,1.00,-1,-1,-1
37,8,732.58,319.81,33.40,77.48,0.94,-1,-1,-1
38,1,260.38,366.57,60.83,108.28,1.00,-1,-1,-1
38,2,720.88,342.76,52.12,118.07,0.99,-1,-1,-1
38,3,361.39,360.44,37.65,104.91,0.99,-1,-1,-1
38,4,876.22,377.82,73.14,148.47,1.00,-1,-1,-1
38,5,396.36,337.90,50.08,73.36,1.00,-1,-1,-1
38,6,300.65,330.77,65.30,76.60,1.00,-1,-1,-1
38,7,1054.73,458.10,102.61,245.69,0.99,-1,-1,-1
38,8,733.64,319.33,31.71,71.28,0.85,-1,-1,-1
39,1,264.30,366.03,57.04,104.11,0.99,-1,-1,-1
39,2,720.60,347.10,50.97,113.79,1.00,-1,-1,-1
39,3,362.51,358.82,36.79,106.77,0.99,-1,-1,-1
39,4,874.82,378.09,75.18,148.27,1.00,-1,-1,-1
39,5,394.60,340.11,51.03,71.62,1.00,-1,-1,-1
39,6,303.58,330.90,59.91,76.84,1.00,-1,-1,-1
39,7,1054.76,458.10,102.62,245.68,0.99,-1,-1,-1
39,8,732.91,319.13,32.23,72.60,0.91,-1,-1,-1
40,1,271.78,365.20,53.61,101.33,1.00,-1,-1,-1
40,2,716.65,348.34,52.92,112.61,1.00,-1,-1,-1
40,3,365.31,357.90,35.60,104.53,0.99,-1,-1,-1
40,4,874.14,378.34,71.10,147.46,1.00,-1,-1,-1
40,5,392.62,341.21,47.81,70.66,1.00,-1,-1,-1
40,6,308.10,330.48,53.83,76.90,1.00,-1,-1,-1
40,7,1054.74,458.11,102.61,245.68,0.99,-1,-1,-1
40,8,733.50,318.77,31.82,56.28,0.86,-1,-1,-1
41,1,278.65,363.54,53.18,101.10,0.99,-1,-1,-1
41,2,714.39,349.08,53.64,111.60,1.00,-1,-1,-1
41,3,361.78,357.42,39.88,102.44,0.99,-1,-1,-1
41,4,874.48,378.13,66.66,147.16,1.00,-1,-1,-1
41,5,392.30,340.99,44.75,71.21,0.99,-1,-1,-1
41,6,311.86,329.85,47.83,71.02,0.99,-1,-1,-1
41,7,1054.76,457.81,102.60,245.68,0.99,-1,-1,-1
41,8,732.57,318.30,32.84,48.98,0.86,-1,-1,-1
42,1,283.63,359.00,51.52,104.36,0.99,-1,-1,-1
42,2,711.80,349.19,55.68,111.99,1.00,-1,-1,-1
42,3,364.07,356.03,39.00,98.66,1.00,-1,-1,-1
42,4,874.49,377.44,62.20,148.26,1.00,-1,-1,-1
42,5,392.25,339.07,43.68,73.20,1.00,-1,-1,-1
42,6,314.95,328.49,45.36,72.62,0.99,-1,-1,-1
42,7,1054.75,457.70,102.59,245.69,0.99,-1,-1,-1
42,8,732.51,316.72,33.22,50.03,0.82,-1,-1,-1
43,1,292.68,356.47,44.86,106.47,0.99,-1,-1,-1
43,2,710.91,348.33,56.45,113.06,1.00,-1,-1,-1
43,3,365.13,354.05,39.27,97.25,1.00,-1,-1,-1
43,4,874.12,376.87,58.68,148.97,1.00,-1,-1,-1
43,5,393.39,337.18,42.12,75.12,1.00,-1,-1,-1
43,6,316.87,327.28,44.24,74.96,0.99,-1,-1,-1
43,7,1054.79,457.64,102.59,245.69,1.00,-1,-1,-1
43,8,732.82,316.49,32.77,48.57,0.89,-1,-1,-1
44,1,297.22,352.56,46.06,106.84,0.99,-1,-1,-1
44,2,708.57,344.12,57.32,117.34,1.00,-1,-1,-1
44,3,355.76,350.47,51.04,97.93,0.99,-1,-1,-1
44,4,873.20,377.10,46.99,148.81,0.99,-1,-1,-1
44,5,392.44,335.54,42.52,70.28,0.98,-1,-1,-1
44,6,317.90,325.62,39.23,69.10,0.99,-1,-1,-1
44,7,1054.77,457.61,102.58,245.09,1.00,-1,-1,-1
44,8,734.12,316.26,31.40,46.48,0.91,-1,-1,-1
45,1,304.29,351.03,42.25,102.24,0.99,-1,-1,-1
45,2,706.28,341.70,58.24,119.24,1.00,-1,-1,-1
45,3,351.47,348.19,56.48,98.21,1.00,-1,-1,-1
45,4,871.26,377.36,40.57,148.59,0.99,-1,-1,-1
45,5,391.69,334.51,43.31,68.34,0.99,-1,-1,-1
45,6,320.14,324.58,37.15,70.70,0.99,-1,-1,-1
45,7,1054.80,457.61,102.60,244.87,1.00,-1,-1,-1
45,8,734.02,316.22,31.47,45.70,0.92,-1,-1,-1
46,1,312.22,350.82,39.56,95.65,0.99,-1,-1,-1
46,2,702.53,339.75,57.40,117.61,1.00,-1,-1,-1
46,3,349.44,346.03,59.94,96.24,1.00,-1,-1,-1
46,4,864.82,377.46,42.62,148.21,0.99,-1,-1,-1
46,5,391.58,333.99,43.62,69.77,0.99,-1,-1,-1
46,6,324.39,323.17,34.29,71.85,0.99,-1,-1,-1
46,7,1055.37,457.61,101.41,244.78,0.99,-1,-1,-1
46,8,733.97,316.22,31.50,45.43,0.91,-1,-1,-1
47,1,319.22,350.55,35.52,92.93,0.99,-1,-1,-1
47,2,699.69,338.30,55.88,114.29,1.00,-1,-1,-1
47,3,348.76,345.61,61.89,92.50,1.00,-1,-1,-1
47,4,857.30,377.81,48.16,147.76,1.00,-1,-1,-1
47,5,392.48,334.13,43.17,70.29,0.99,-1,-1,-1
47,6,327.64,322.54,33.40,72.59,0.99,-1,-1,-1
47,7,1055.02,457.62,102.17,244.75,1.00,-1,-1,-1
47,8,734.26,316.24,31.51,45.64,0.91,-1,-1,-1
48,1,323.64,348.97,36.74,93.23,0.99,-1,-1,-1
48,2,695.42,335.84,48.72,113.63,0.99,-1,-1,-1
48,3,354.58,345.52,61.49,90.22,1.00,-1,-1,-1
48,4,846.74,378.09,57.75,147.75,1.00,-1,-1,-1
48,5,391.94,334.35,45.13,68.71,0.99,-1,-1,-1
48,6,331.37,321.58,33.48,74.93,0.99,-1,-1,-1
48,7,1054.89,457.62,102.46,244.75,0.99,-1,-1,-1
48,8,734.66,316.26,30.92,45.13,0.91,-1,-1,-1
49,1,325.68,348.72,40.20,92.17,0.99,-1,-1,-1
49,2,691.76,334.65,46.56,113.39,0.99,-1,-1,-1
49,3,361.29,345.66,59.25,90.34,1.00,-1,-1,-1
49,4,839.63,378.79,64.23,147.15,1.00,-1,-1,-1
49,5,392.65,334.88,45.26,68.41,1.00,-1,-1,-1
49,6,332.95,320.77,34.18,74.64,0.99,-1,-1,-1
49,7,1054.83,457.63,102.56,244.75,0.99,-1,-1,-1
49,8,734.52,316.27,31.29,45.56,0.90,-1,-1,-1
50,1,328.87,346.40,45.86,90.32,1.00,-1,-1,-1
50,2,688.13,331.56,46.47,115.69,1.00,-1,-1,-1
50,3,369.23,345.44,55.66,89.51,1.00,-1,-1,-1
50,4,833.23,378.45,69.70,147.83,1.00,-1,-1,-1
50,5,392.23,334.47,47.11,66.82,1.00,-1,-1,-1
50,6,336.53,318.69,33.86,76.57,0.99,-1,-1,-1
50,7,1054.22,457.63,102.59,244.75,0.99,-1,-1,-1
50,8,734.48,316.12,31.43,46.32,0.86,-1,-1,-1
51,1,334.70,345.76,46.61,89.08,0.99,-1,-1,-1
51,2,685.99,331.78,45.24,113.61,1.00,-1,-1,-1
51,3,372.25,344.81,53.33,89.85,1.00,-1,-1,-1
51,4,830.47,378.18,70.78,147.64,1.00,-1,-1,-1
51,5,392.21,333.59,48.68,67.74,1.00,-1,-1,-1
51,6,338.06,317.21,34.71,78.17,1.00,-1,-1,-1
51,7,1054.58,457.64,102.60,244.75,0.99,-1,-1,-1
51,8,734.45,316.08,31.48,45.72,0.89,-1,-1,-1
52,1,342.54,343.45,45.72,91.41,0.99,-1,-1,-1
52,2,680.43,332.82,48.50,109.81,1.00,-1,-1,-1
52,3,371.07,343.40,54.83,90.60,1.00,-1,-1,-1
52,4,829.29,377.33,67.13,147.73,1.00,-1,-1,-1
52,5,394.25,330.73,48.40,71.96,0.99,-1,-1,-1
52,6,340.96,314.76,35.04,80.23,1.00,-1,-1,-1
52,7,1055.29,457.95,101.41,244.76,0.99,-1,-1,-1
52,8,734.42,316.23,31.50,45.20,0.92,-1,-1,-1
53,1,346.75,342.21,45.06,92.58,0.99,-1,-1,-1
53,2,677.92,334.17,48.48,107.79,1.00,-1,-1,-1
53,3,372.12,342.48,54.79,90.61,1.00,-1,-1,-1
53,4,829.15,376.56,62.61,147.62,1.00,-1,-1,-1
53,5,396.70,329.25,47.11,72.66,1.00,-1,-1,-1
53,6,342.90,314.29,35.80,79.83,0.99,-1,-1,-1
53,7,1055.01,458.65,100.97,244.17,0.99,-1,-1,-1
53,8,734.44,316.28,31.51,45.01,0.92,-1,-1,-1
54,1,354.73,340.75,39.46,90.67,0.99,-1,-1,-1
54,2,675.92,335.00,43.71,107.07,1.00,-1,-1,-1
54,3,376.36,341.57,52.08,88.24,1.00,-1,-1,-1
54,4,829.02,375.68,53.02,144.30,1.00,-1,-1,-1
54,5,402.31,328.70,43.32,68.80,1.00,-1,-1,-1
54,6,346.12,313.28,36.09,79.05,0.99,-1,-1,-1
54,7,1054.88,458.77,102.00,243.49,1.00,-1,-1,-1
54,8,735.05,316.31,30.32,44.94,0.94,-1,-1,-1
55,1,359.44,339.35,36.01,90.58,0.98,-1,-1,-1
55,2,674.75,336.22,40.01,106.24,0.99,-1,-1,-1
55,3,380.02,340.80,52.22,86.77,0.99,-1,-1,-1
55,4,827.76,374.75,44.23,143.36,1.00,-1,-1,-1
55,5,403.93,328.36,43.73,70.00,1.00,-1,-1,-1
55,6,347.82,313.21,36.81,78.73,0.99,-1,-1,-1
55,7,1054.86,458.95,102.39,243.70,1.00,-1,-1,-1
55,8,735.27,316.32,29.87,44.92,0.94,-1,-1,-1
56,1,364.32,336.46,36.09,92.96,0.99,-1,-1,-1
56,2,673.21,337.43,38.13,105.06,0.99,-1,-1,-1
56,3,387.74,338.28,51.36,83.24,0.99,-1,-1,-1
56,4,823.02,373.96,43.17,143.17,0.99,-1,-1,-1
56,5,406.00,328.53,43.87,65.39,0.98,-1,-1,-1
56,6,351.51,313.94,36.50,79.48,0.99,-1,-1,-1
56,7,1055.41,459.61,101.34,243.18,0.99,-1,-1,-1
56,8,735.04,316.16,30.30,45.22,0.93,-1,-1,-1
57,1,366.48,335.02,37.66,93.87,0.99,-1,-1,-1
57,2,671.84,337.76,37.53,104.95,0.99,-1,-1,-1
57,3,393.71,336.95,55.54,84.72,0.99,-1,-1,-1
57,4,819.70,373.83,43.49,142.67,0.99,-1,-1,-1
57,5,405.36,330.79,45.74,61.17,0.94,-1,-1,-1
57,6,353.84,314.41,36.99,77.39,0.98,-1,-1,-1
57,7,1055.05,460.16,102.15,242.41,1.00,-1,-1,-1
57,8,734.95,316.12,30.47,45.34,0.93,-1,-1,-1
58,1,368.94,332.90,40.03,95.70,0.99,-1,-1,-1
58,2,669.58,336.39,37.98,106.14,0.99,-1,-1,-1
58,3,400.64,333.51,60.09,87.06,0.99,-1,-1,-1
58,4,806.34,374.41,54.11,144.28,1.00,-1,-1,-1
58,6,356.88,312.84,37.18,80.75,1.00,-1,-1,-1
58,7,1054.89,460.96,102.45,242.12,0.99,-1,-1,-1
58,8,735.21,316.26,29.94,45.39,0.92,-1,-1,-1
59,1,372.53,332.46,40.34,91.69,0.96,-1,-1,-1
59,2,667.96,335.14,38.79,107.50,0.99,-1,-1,-1
59,3,404.01,333.17,61.43,86.48,0.99,-1,-1,-1
59,4,798.56,374.93,60.53,144.90,1.00,-1,-1,-1
59,6,359.43,312.43,36.67,81.68,0.99,-1,-1,-1
59,7,1055.45,461.54,101.39,241.42,0.99,-1,-1,-1
59,8,735.31,316.32,29.75,45.11,0.94,-1,-1,-1
60,1,377.88,333.15,39.28,87.71,0.99,-1,-1,-1
60,2,667.13,334.25,38.51,107.13,0.99,-1,-1,-1
60,3,410.29,332.98,57.45,86.27,0.99,-1,-1,-1
60,4,794.63,376.19,63.78,144.69,1.00,-1,-1,-1
60,6,362.85,314.97,37.97,79.67,0.99,-1,-1,-1
60,7,1055.62,462.35,100.98,239.96,0.98,-1,-1,-1
60,8,735.33,316.36,29.68,45.00,0.94,-1,-1,-1
61,1,383.59,333.76,36.48,85.05,0.99,-1,-1,-1
61,2,666.01,333.62,39.05,107.01,0.99,-1,-1,-1
61,3,414.66,332.79,53.39,86.51,0.99,-1,-1,-1
61,4,793.55,377.11,65.06,144.48,1.00,-1,-1,-1
61,6,365.20,320.00,37.28,74.69,0.99,-1,-1,-1
61,7,1055.72,462.94,100.84,238.85,0.98,-1,-1,-1
61,8,735.34,316.36,29.66,44.97,0.94,-1,-1,-1
62,1,385.99,335.08,40.64,83.20,0.99,-1,-1,-1
62,2,665.68,332.49,38.66,107.26,0.99,-1,-1,-1
62,3,415.25,331.56,53.67,87.51,0.99,-1,-1,-1
62,4,793.06,378.04,65.50,143.80,1.00,-1,-1,-1
62,6,366.04,320.83,43.56,74.61,0.99,-1,-1,-1
62,7,1055.73,462.84,100.77,239.62,0.99,-1,-1,-1
62,8,735.35,316.36,29.65,44.96,0.93,-1,-1,-1
63,1,387.13,335.42,44.07,82.57,0.99,-1,-1,-1
63,2,665.33,331.92,38.54,107.68,0.99,-1,-1,-1
63,3,414.30,330.52,55.12,88.79,0.99,-1,-1,-1
63,4,792.76,378.67,65.62,143.27,1.00,-1,-1,-1
63,6,366.49,321.26,46.09,74.29,0.99,-1,-1,-1
63,7,1055.76,463.39,100.76,239.36,0.99,-1,-1,-1
63,8,735.35,316.35,29.65,44.96,0.93,-1,-1,-1
64,1,390.13,333.89,49.14,83.29,0.99,-1,-1,-1
64,2,664.34,332.30,39.11,106.66,1.00,-1,-1,-1
64,3,419.14,332.06,51.52,86.62,0.99,-1,-1,-1
64,4,789.88,378.60,65.02,143.38,1.00,-1,-1,-1
64,6,366.67,320.04,53.36,75.09,0.98,-1,-1,-1
64,7,1055.14,462.99,100.76,239.88,1.00,-1,-1,-1
64,8,735.61,316.48,29.66,44.67,0.96,-1,-1,-1
65,1,391.44,331.25,54.77,85.69,0.99,-1,-1,-1
65,2,663.46,331.42,39.92,107.47,1.00,-1,-1,-1
65,3,424.25,332.71,48.26,85.49,0.99,-1,-1,-1
65,4,788.38,378.41,65.32,143.58,1.00,-1,-1,-1
65,6,367.62,319.57,57.84,75.39,0.93,-1,-1,-1
65,7,1054.35,462.82,101.94,240.08,1.00,-1,-1,-1
65,8,735.75,316.53,29.66,44.56,0.96,-1,-1,-1
66,1,396.16,328.36,55.37,85.13,0.98,-1,-1,-1
66,2,662.87,331.85,40.24,106.89,1.00,-1,-1,-1
66,3,429.18,329.98,48.79,87.18,0.99,-1,-1,-1
66,4,785.00,378.18,63.64,143.81,1.00,-1,-1,-1
66,7,1054.03,462.15,102.39,240.76,1.00,-1,-1,-1
66,8,735.78,316.55,29.67,44.53,0.95,-1,-1,-1
67,1,402.37,326.58,52.70,85.23,0.99,-1,-1,-1
67,2,662.40,331.15,40.37,107.57,0.99,-1,-1,-1
67,3,435.81,330.06,46.12,84.85,1.00,-1,-1,-1
67,4,782.39,378.25,62.34,144.35,1.00,-1,-1,-1
67,7,1053.93,461.90,102.57,241.03,0.99,-1,-1,-1
67,8,735.79,316.57,29.67,44.52,0.95,-1,-1,-1
68,1,420.08,325.96,40.38,85.28,0.96,-1,-1,-1
68,2,661.97,330.46,41.02,108.13,0.99,-1,-1,-1
68,3,440.39,328.48,47.14,84.87,0.99,-1,-1,-1
68,4,781.54,377.98,60.03,145.15,1.00,-1,-1,-1
68,7,1053.89,461.81,102.64,241.14,1.00,-1,-1,-1
68,8,735.78,316.58,29.68,44.51,0.95,-1,-1,-1
68,5,412.26,329.07,33.63,55.46,0.83,-1,-1,-1
69,1,428.27,324.58,45.45,86.81,0.97,-1,-1,-1
69,2,662.15,330.22,40.68,108.34,0.99,-1,-1,-1
69,3,447.05,329.12,47.21,83.39,0.97,-1,-1,-1
69,4,782.31,377.73,57.32,145.90,1.00,-1,-1,-1
69,7,1053.89,461.17,102.66,242.36,1.00,-1,-1,-1
69,8,735.79,316.73,29.68,44.52,0.95,-1,-1,-1
69,5,416.02,328.11,34.94,54.96,0.42,-1,-1,-1
70,1,434.87,322.64,43.60,88.57,0.99,-1,-1,-1
70,2,662.85,330.74,40.55,107.83,1.00,-1,-1,-1
70,3,454.77,327.75,47.56,84.35,0.97,-1,-1,-1
70,4,783.65,377.64,54.48,145.89,1.00,-1,-1,-1
70,7,1054.48,460.64,102.67,242.83,1.00,-1,-1,-1
70,8,735.78,316.65,29.68,44.52,0.95,-1,-1,-1
70,5,414.63,324.78,39.78,59.06,0.98,-1,-1,-1
71,1,438.11,321.94,44.01,90.12,0.99,-1,-1,-1
71,2,662.90,332.29,41.69,106.14,1.00,-1,-1,-1
71,3,460.38,328.01,55.33,81.44,0.98,-1,-1,-1
71,4,784.62,377.59,52.82,146.46,1.00,-1,-1,-1
71,7,1055.31,460.43,101.47,242.99,1.00,-1,-1,-1
71,8,735.80,316.61,29.69,44.52,0.96,-1,-1,-1
71,5,413.91,321.99,45.83,62.56,0.98,-1,-1,-1
72,1,443.56,323.33,42.37,88.07,0.99,-1,-1,-1
72,2,663.49,332.44,42.71,106.11,1.00,-1,-1,-1
72,3,464.67,326.18,59.82,79.44,0.97,-1,-1,-1
72,4,785.64,377.43,51.63,147.13,1.00,-1,-1,-1
72,7,1054.43,460.35,102.22,243.06,1.00,-1,-1,-1
72,8,735.78,316.45,29.69,44.82,0.95,-1,-1,-1
73,1,448.57,323.91,43.69,86.66,0.97,-1,-1,-1
73,2,664.94,332.78,41.92,105.80,0.99,-1,-1,-1
73,3,463.74,325.67,65.03,82.97,0.99,-1,-1,-1
73,4,786.12,377.36,51.22,147.37,1.00,-1,-1,-1
73,7,1054.10,460.32,102.49,243.07,1.00,-1,-1,-1
73,8,735.80,316.53,29.69,44.94,0.94,-1,-1,-1
74,1,454.11,323.11,39.43,83.45,0.97,-1,-1,-1
74,2,667.30,329.78,41.01,108.68,1.00,-1,-1,-1
74,3,471.93,323.73,59.79,82.78,0.99,-1,-1,-1
74,4,786.33,378.07,51.70,147.30,1.00,-1,-1,-1
74,7,1053.97,459.71,102.59,244.26,1.00,-1,-1,-1
74,8,735.78,316.70,29.69,45.28,0.90,-1,-1,-1
75,1,455.57,321.64,40.53,88.60,0.97,-1,-1,-1
75,2,668.53,327.78,40.06,110.64,0.99,-1,-1,-1
75,3,479.24,325.10,55.66,81.82,0.97,-1,-1,-1
75,4,785.57,378.49,53.69,147.12,1.00,-1,-1,-1
75,7,1054.52,459.49,101.43,244.69,1.00,-1,-1,-1
75,8,735.80,316.77,29.69,45.41,0.90,-1,-1,-1
76,1,459.16,325.36,39.86,77.29,0.95,-1,-1,-1
76,2,670.48,326.73,39.11,111.09,1.00,-1,-1,-1
76,3,497.73,326.55,45.03,79.67,0.98,-1,-1,-1
76,4,783.83,380.27,56.81,145.71,1.00,-1,-1,-1
76,7,1054.14,459.41,102.19,244.86,1.00,-1,-1,-1
76,8,735.50,316.64,29.69,46.64,0.91,-1,-1,-1
77,1,463.62,324.94,36.59,75.47,0.97,-1,-1,-1
77,2,672.41,325.93,38.16,110.36,0.99,-1,-1,-1
77,3,506.26,325.33,40.94,80.39,0.98,-1,-1,-1
77,4,782.05,382.75,59.74,143.97,1.00,-1,-1,-1
77,7,1054.00,459.69,102.47,244.91,1.00,-1,-1,-1
77,8,735.39,316.61,29.69,47.10,0.91,-1,-1,-1
78,1,468.06,319.78,36.00,79.78,0.97,-1,-1,-1
78,2,672.79,325.96,37.82,106.51,1.00,-1,-1,-1
78,3,511.01,324.91,47.96,80.67,0.98,-1,-1,-1
78,4,781.37,387.72,62.61,138.40,1.00,-1,-1,-1
78,7,1053.94,459.53,102.59,244.93,1.00,-1,-1,-1
78,8,735.33,316.76,29.70,45.80,0.95,-1,-1,-1
79,1,470.45,323.84,35.81,76.28,0.94,-1,-1,-1
79,2,672.95,325.97,37.70,104.43,0.99,-1,-1,-1
79,3,513.70,324.74,48.99,80.19,0.98,-1,-1,-1
79,4,781.76,390.75,63.71,134.48,1.00,-1,-1,-1
79,7,1053.93,459.44,102.61,244.91,1.00,-1,-1,-1
79,8,735.35,316.79,29.69,45.29,0.94,-1,-1,-1
80,1,473.53,328.41,36.37,71.90,0.96,-1,-1,-1
80,2,675.37,325.40,33.47,102.77,0.99,-1,-1,-1
80,3,522.91,324.71,48.22,72.25,0.15,-1,-1,-1
80,4,785.71,394.25,61.22,130.06,1.00,-1,-1,-1
80,7,1053.93,459.42,102.63,244.91,1.00,-1,-1,-1
80,8,735.33,316.81,29.70,45.39,0.92,-1,-1,-1
81,1,474.23,331.78,38.40,67.25,0.98,-1,-1,-1
81,2,676.58,323.99,31.87,102.47,0.99,-1,-1,-1
81,3,532.47,321.29,64.09,69.85,0.66,-1,-1,-1
81,4,789.10,396.53,59.00,126.80,1.00,-1,-1,-1
81,7,1053.92,459.40,102.63,244.89,1.00,-1,-1,-1
81,8,735.32,316.80,29.70,45.43,0.93,-1,-1,-1
82,1,474.70,331.25,44.44,67.21,0.99,-1,-1,-1
82,2,677.60,322.13,32.59,102.98,0.99,-1,-1,-1
82,3,551.12,317.35,52.48,74.89,0.97,-1,-1,-1
82,4,791.60,397.44,57.55,123.71,1.00,-1,-1,-1
82,7,1053.92,459.09,102.63,245.47,1.00,-1,-1,-1
82,8,735.03,316.79,30.29,45.45,0.93,-1,-1,-1
83,1,475.17,331.22,47.83,67.54,0.99,-1,-1,-1
83,2,679.15,321.03,32.25,103.49,0.99,-1,-1,-1
83,3,564.40,314.81,43.93,77.54,0.92,-1,-1,-1
83,4,793.73,397.25,55.80,124.33,1.00,-1,-1,-1
83,7,1053.92,458.98,102.63,245.68,1.00,-1,-1,-1
83,8,735.21,316.65,29.92,45.15,0.95,-1,-1,-1
83,9,495.90,307.80,31.50,65.70,0.74,-1,-1,-1
84,1,477.72,329.67,48.07,73.18,0.99,-1,-1,-1
84,2,679.05,321.38,34.59,98.93,1.00,-1,-1,-1
84,3,575.61,317.41,35.75,75.35,0.96,-1,-1,-1
84,4,795.70,395.63,53.34,126.13,1.00,-1,-1,-1
84,7,1053.90,458.95,102.63,245.17,1.00,-1,-1,-1
84,8,734.96,316.74,30.38,45.04,0.95,-1,-1,-1
84,9,500.61,307.80,36.54,68.22,0.97,-1,-1,-1
84,10,545.85,309.60,37.80,66.15,0.82,-1,-1,-1
85,1,479.50,328.97,49.86,75.22,0.99,-1,-1,-1
85,2,679.31,320.66,35.44,97.20,1.00,-1,-1,-1
85,3,577.49,318.66,36.31,73.60,0.94,-1,-1,-1
85,4,796.42,394.85,52.43,126.99,1.00,-1,-1,-1
85,7,1053.89,458.95,102.62,244.96,0.99,-1,-1,-1
85,8,734.88,316.79,30.54,45.00,0.96,-1,-1,-1
85,9,503.47,307.29,36.14,69.04,0.97,-1,-1,-1
85,10,549.12,310.32,38.52,65.07,0.92,-1,-1,-1
86,1,485.51,331.90,45.37,73.10,0.99,-1,-1,-1
86,2,679.64,319.65,38.14,94.19,1.00,-1,-1,-1
86,3,583.39,322.76,40.81,70.55,0.91,-1,-1,-1
86,4,796.33,392.56,52.12,129.01,1.00,-1,-1,-1
86,7,1053.87,458.94,102.62,244.89,1.00,-1,-1,-1
86,8,734.81,316.78,30.61,44.99,0.95,-1,-1,-1
86,9,512.76,310.73,29.80,66.90,0.85,-1,-1,-1
86,10,557.66,306.61,35.21,68.35,0.31,-1,-1,-1
87,1,493.23,330.21,41.65,75.27,0.98,-1,-1,-1
87,2,681.53,317.95,40.31,93.42,1.00,-1,-1,-1
87,3,589.90,320.21,38.87,71.88,0.94,-1,-1,-1
87,4,795.11,390.21,53.23,131.57,1.00,-1,-1,-1
87,7,1053.89,458.65,102.61,245.44,0.99,-1,-1,-1
87,8,734.84,316.80,30.63,44.99,0.94,-1,-1,-1
87,9,517.04,315.61,30.01,61.76,0.84,-1,-1,-1
87,10,564.55,304.02,34.83,69.10,0.64,-1,-1,-1
88,1,500.46,328.25,43.33,76.37,0.99,-1,-1,-1
88,2,683.08,317.05,43.46,92.28,1.00,-1,-1,-1
88,3,598.00,320.19,35.01,69.69,0.97,-1,-1,-1
88,4,794.02,387.82,55.44,134.34,1.00,-1,-1,-1
88,7,1053.89,458.84,102.62,245.07,0.99,-1,-1,-1
88,8,734.82,316.79,30.63,44.99,0.96,-1,-1,-1
88,9,520.12,317.92,34.73,58.14,0.51,-1,-1,-1
88,10,573.48,303.61,32.04,54.58,0.96,-1,-1,-1
89,1,504.47,327.95,41.56,76.78,0.99,-1,-1,-1
89,2,683.99,316.92,45.24,91.29,1.00,-1,-1,-1
89,3,603.68,321.59,33.60,67.06,0.93,-1,-1,-1
89,4,792.76,386.64,56.86,135.69,1.00,-1,-1,-1
89,7,1053.91,458.93,102.61,244.91,0.99,-1,-1,-1
89,8,734.84,316.81,30.63,44.99,0.96,-1,-1,-1
89,9,523.29,317.86,36.23,57.12,0.28,-1,-1,-1
89,10,579.33,304.15,29.87,49.46,0.81,-1,-1,-1
90,1,509.41,327.86,39.64,76.35,0.98,-1,-1,-1
90,2,685.17,318.27,46.51,88.86,1.00,-1,-1,-1
90,3,609.11,322.74,44.38,65.83,0.99,-1,-1,-1
90,4,791.38,385.32,58.00,137.08,1.00,-1,-1,-1
90,7,1053.91,458.98,102.61,244.85,0.99,-1,-1,-1
90,8,734.25,316.83,31.22,44.99,0.97,-1,-1,-1
90,9,532.11,315.67,45.86,60.75,0.98,-1,-1,-1
90,10,583.12,305.71,33.36,48.25,0.99,-1,-1,-1
91,1,513.78,328.41,37.10,76.18,0.99,-1,-1,-1
91,2,686.18,318.95,46.99,87.70,1.00,-1,-1,-1
91,3,612.17,323.61,47.84,65.11,1.00,-1,-1,-1
91,4,791.43,384.38,57.25,138.35,1.00,-1,-1,-1
91,7,1053.91,458.99,102.61,244.83,0.99,-1,-1,-1
91,8,734.03,316.82,31.44,44.99,0.98,-1,-1,-1
91,9,539.80,313.07,45.54,62.92,0.99,-1,-1,-1
91,10,584.99,305.52,36.83,49.67,0.96,-1,-1,-1
92,1,518.59,328.91,41.14,75.81,0.99,-1,-1,-1
92,2,686.29,318.61,47.14,87.93,1.00,-1,-1,-1
92,3,614.20,324.07,48.19,65.80,1.00,-1,-1,-1
92,4,792.08,383.58,56.36,139.84,1.00,-1,-1,-1
92,7,1053.93,458.98,102.61,244.81,1.00,-1,-1,-1
92,8,733.38,316.67,32.11,44.99,0.98,-1,-1,-1
92,9,550.41,310.85,38.82,65.88,0.99,-1,-1,-1
92,10,588.49,307.36,36.38,64.16,0.98,-1,-1,-1
93,1,521.70,329.23,43.66,76.87,0.99,-1,-1,-1
93,2,686.25,318.18,47.18,88.36,1.00,-1,-1,-1
93,3,613.48,323.77,50.00,66.68,0.99,-1,-1,-1
93,4,792.59,382.99,56.01,140.69,0.99,-1,-1,-1
93,7,1053.90,458.98,102.61,244.82,1.00,-1,-1,-1
93,8,733.69,316.74,31.19,44.99,0.98,-1,-1,-1
93,9,555.48,309.84,34.64,66.40,0.98,-1,-1,-1
93,10,591.00,308.51,35.58,69.49,0.83,-1,-1,-1
94,1,526.25,329.94,41.76,78.44,1.00,-1,-1,-1
94,2,685.93,316.23,47.75,90.36,1.00,-1,-1,-1
94,3,612.21,323.50,51.82,67.04,0.99,-1,-1,-1
94,4,794.28,382.48,55.29,141.00,1.00,-1,-1,-1
94,7,1053.91,458.82,102.61,244.37,0.99,-1,-1,-1
94,8,733.53,316.62,31.42,44.99,0.98,-1,-1,-1
94,9,561.08,308.11,31.89,66.60,0.98,-1,-1,-1
94,10,595.97,308.43,36.48,74.59,0.97,-1,-1,-1
95,1,528.67,330.21,40.37,78.74,1.00,-1,-1,-1
95,2,685.76,314.93,47.95,92.02,1.00,-1,-1,-1
95,3,610.94,323.55,53.08,66.90,0.99,-1,-1,-1
95,4,794.90,382.02,55.61,141.39,1.00,-1,-1,-1
95,7,1053.89,458.63,102.61,244.65,0.99,-1,-1,-1
95,8,733.45,316.73,31.50,44.70,0.97,-1,-1,-1
95,9,562.44,306.88,35.96,69.65,0.99,-1,-1,-1
95,10,601.22,308.54,34.43,74.03,0.93,-1,-1,-1
96,1,530.00,329.42,39.84,79.44,1.00,-1,-1,-1
96,2,685.08,312.38,48.59,94.44,1.00,-1,-1,-1
96,3,607.39,321.02,56.41,68.95,1.00,-1,-1,-1
96,4,796.60,381.71,54.54,141.37,1.00,-1,-1,-1
96,7,1053.28,458.10,103.80,244.31,1.00,-1,-1,-1
96,8,734.01,316.76,30.94,44.59,0.97,-1,-1,-1
96,9,567.65,307.30,39.06,74.87,0.98,-1,-1,-1
97,1,530.64,328.24,41.45,81.46,1.00,-1,-1,-1
97,2,685.08,311.00,47.64,95.96,1.00,-1,-1,-1
97,3,605.91,318.47,57.68,72.67,1.00,-1,-1,-1
97,4,798.13,381.77,52.94,141.49,1.00,-1,-1,-1
97,7,1053.05,458.36,104.25,244.03,1.00,-1,-1,-1
97,8,734.82,316.79,30.12,44.55,0.97,-1,-1,-1
97,9,571.26,307.34,40.27,80.02,1.00,-1,-1,-1
98,1,531.98,329.42,42.05,79.87,1.00,-1,-1,-1
98,2,682.10,311.56,48.43,95.65,1.00,-1,-1,-1
98,3,623.80,314.33,47.24,66.53,0.71,-1,-1,-1
98,4,798.98,381.23,52.35,142.70,1.00,-1,-1,-1
98,7,1052.96,458.33,104.41,244.38,1.00,-1,-1,-1
98,8,735.12,316.81,29.82,44.53,0.96,-1,-1,-1
98,9,573.63,307.52,42.46,79.18,0.99,-1,-1,-1
98,10,604.25,316.98,55.03,77.16,1.00,-1,-1,-1
99,1,532.35,330.33,42.27,78.34,0.99,-1,-1,-1
99,2,678.03,312.25,51.06,95.83,1.00,-1,-1,-1
99,3,631.92,312.23,40.79,64.02,0.68,-1,-1,-1
99,4,799.57,381.04,52.14,143.15,1.00,-1,-1,-1
99,7,1052.92,458.32,104.47,244.51,1.00,-1,-1,-1
99,8,734.92,316.67,30.30,44.83,0.96,-1,-1,-1
99,9,574.71,308.05,40.99,77.58,0.98,-1,-1,-1
99,10,604.63,317.72,58.01,78.57,1.00,-1,-1,-1
100,1,532.98,331.42,43.53,78.94,0.99,-1,-1,-1
100,2,672.17,315.80,55.51,92.04,1.00,-1,-1,-1
100,3,635.13,310.30,39.22,64.65,0.79,-1,-1,-1
100,4,800.08,380.70,51.48,143.59,1.00,-1,-1,-1
100,7,1052.92,458.17,104.48,244.70,1.00,-1,-1,-1
100,8,735.16,316.62,29.89,44.94,0.96,-1,-1,-1
100,9,577.84,311.23,41.52,69.54,0.96,-1,-1,-1
100,10,605.36,316.52,57.02,80.23,1.00,-1,-1,-1
100,11,569.25,319.05,31.50,57.15,0.72,-1,-1,-1
101,1,533.14,332.39,46.34,78.87,0.99,-1,-1,-1
101,2,667.35,318.67,59.50,90.28,1.00,-1,-1,-1
101,3,639.51,310.06,36.84,64.00,0.80,-1,-1,-1
101,4,800.25,380.12,51.84,144.18,1.00,-1,-1,-1
101,7,1052.93,458.11,104.47,244.78,1.00,-1,-1,-1
101,8,735.25,316.58,29.74,44.98,0.96,-1,-1,-1
101,9,577.15,313.53,45.79,70.64,0.99,-1,-1,-1
101,10,605.50,314.39,51.92,82.32,0.99,-1,-1,-1
102,1,531.40,332.30,47.99,79.73,1.00,-1,-1,-1
102,2,661.17,321.38,65.59,88.14,0.99,-1,-1,-1
102,3,643.95,305.80,35.39,67.68,0.98,-1,-1,-1
102,4,800.28,379.76,51.99,144.84,1.00,-1,-1,-1
102,7,1052.91,458.37,104.47,244.81,0.99,-1,-1,-1
102,8,734.96,316.56,30.28,45.00,0.97,-1,-1,-1
102,9,579.96,315.95,45.70,74.89,0.99,-1,-1,-1
102,10,608.02,311.92,43.81,85.15,0.99,-1,-1,-1
103,1,530.05,332.71,50.35,80.64,0.99,-1,-1,-1
103,2,658.74,319.52,68.00,91.29,1.00,-1,-1,-1
103,3,645.30,303.26,34.92,70.50,0.98,-1,-1,-1
103,4,800.28,379.65,51.46,145.06,1.00,-1,-1,-1
103,7,1052.93,458.49,104.47,244.82,1.00,-1,-1,-1
103,8,734.87,316.57,30.49,45.00,0.97,-1,-1,-1
103,9,580.64,316.87,46.76,76.46,0.99,-1,-1,-1
103,10,610.65,311.25,38.71,86.80,0.98,-1,-1,-1
104,1,530.92,334.37,48.96,80.38,1.00,-1,-1,-1
104,2,656.97,319.02,67.22,92.15,1.00,-1,-1,-1
104,3,649.95,301.92,44.07,72.17,0.97,-1,-1,-1
104,4,800.57,379.36,51.27,145.42,1.00,-1,-1,-1
104,7,1053.54,458.55,103.28,244.82,0.98,-1,-1,-1
104,8,735.13,316.61,30.57,45.00,0.97,-1,-1,-1
104,9,579.65,317.09,50.03,79.68,0.99,-1,-1,-1
104,10,613.34,311.00,35.02,88.58,0.98,-1,-1,-1
105,1,531.48,336.31,48.94,79.09,1.00,-1,-1,-1
105,2,656.34,319.69,65.66,91.89,0.99,-1,-1,-1
105,3,652.81,301.00,45.46,74.27,0.84,-1,-1,-1
105,4,800.67,379.25,51.21,145.54,1.00,-1,-1,-1
105,7,1053.77,458.56,102.82,244.81,0.99,-1,-1,-1
105,8,735.24,316.60,30.60,45.00,0.97,-1,-1,-1
105,9,578.94,317.14,54.12,82.35,0.99,-1,-1,-1
105,10,615.09,311.45,33.10,89.53,0.99,-1,-1,-1
106,1,532.23,337.77,48.33,77.69,1.00,-1,-1,-1
106,2,653.53,318.89,48.61,92.99,0.99,-1,-1,-1
106,3,656.91,301.12,39.67,68.36,0.65,-1,-1,-1
106,4,800.69,379.21,51.20,145.57,1.00,-1,-1,-1
106,7,1053.85,458.57,102.65,244.82,0.99,-1,-1,-1
106,8,735.57,316.60,30.01,45.00,0.96,-1,-1,-1
106,9,578.29,317.27,48.40,81.91,0.99,-1,-1,-1
106,10,615.57,311.89,30.57,89.87,0.99,-1,-1,-1
107,1,532.77,337.65,45.70,77.77,0.99,-1,-1,-1
107,2,651.64,319.15,39.99,92.81,0.98,-1,-1,-1
107,3,659.77,301.40,43.36,68.69,0.91,-1,-1,-1
107,4,800.69,379.18,51.19,145.56,1.00,-1,-1,-1
107,7,1053.89,458.85,102.58,244.22,1.00,-1,-1,-1
107,8,735.71,316.56,29.79,45.01,0.97,-1,-1,-1
107,9,575.39,316.68,44.00,82.56,0.99,-1,-1,-1
107,10,616.24,312.01,29.71,89.97,1.00,-1,-1,-1
108,1,531.37,334.45,45.88,79.89,1.00,-1,-1,-1
108,2,646.14,319.54,40.03,93.04,0.99,-1,-1,-1
108,3,661.09,298.53,44.02,72.08,0.97,-1,-1,-1
108,4,800.67,379.18,51.80,145.55,1.00,-1,-1,-1
108,7,1053.89,458.65,102.56,244.60,1.00,-1,-1,-1
108,8,735.74,316.55,29.71,45.01,0.96,-1,-1,-1
108,9,572.67,316.87,43.57,84.53,0.99,-1,-1,-1
108,10,616.37,312.18,30.08,89.97,0.99,-1,-1,-1
109,1,530.25,332.68,44.75,80.09,1.00,-1,-1,-1
109,2,643.88,320.15,38.78,93.13,1.00,-1,-1,-1
109,3,661.43,296.79,43.67,74.50,0.98,-1,-1,-1
109,4,800.66,379.21,52.03,145.53,1.00,-1,-1,-1
109,7,1053.90,458.59,102.56,244.74,1.00,-1,-1,-1
109,8,735.76,316.56,29.68,45.00,0.96,-1,-1,-1
109,9,570.80,316.96,44.02,85.55,0.99,-1,-1,-1
109,10,616.36,312.25,30.84,90.24,0.99,-1,-1,-1
110,1,528.55,331.45,43.72,80.75,0.99,-1,-1,-1
110,2,636.57,321.31,41.54,95.83,0.99,-1,-1,-1
110,3,664.63,296.79,38.79,75.43,0.98,-1,-1,-1
110,4,800.92,379.27,52.13,145.51,1.00,-1,-1,-1
110,7,1053.89,458.75,102.57,243.75,1.00,-1,-1,-1
110,8,735.44,316.61,30.27,45.00,0.97,-1,-1,-1
110,9,566.77,318.78,47.74,87.36,1.00,-1,-1,-1
110,10,615.98,313.49,30.54,90.02,0.98,-1,-1,-1
111,1,527.92,331.25,42.73,78.63,1.00,-1,-1,-1
111,2,634.12,323.48,40.70,95.67,0.99,-1,-1,-1
111,3,666.27,295.93,36.83,75.47,0.99,-1,-1,-1
111,4,801.04,379.28,52.17,145.49,1.00,-1,-1,-1
111,7,1053.90,458.64,102.57,243.82,1.00,-1,-1,-1
111,8,735.35,316.60,30.49,45.00,0.97,-1,-1,-1
111,9,564.71,320.75,51.43,87.15,1.00,-1,-1,-1
111,10,614.58,316.29,32.27,87.55,0.98,-1,-1,-1
112,1,527.99,331.94,42.97,77.20,1.00,-1,-1,-1
112,2,632.17,325.05,39.18,94.70,0.99,-1,-1,-1
112,3,669.21,298.16,39.85,72.22,0.98,-1,-1,-1
112,4,801.38,379.29,52.18,145.47,1.00,-1,-1,-1
112,7,1053.91,458.60,102.57,243.84,0.99,-1,-1,-1
112,8,735.62,316.61,29.98,45.00,0.97,-1,-1,-1
112,9,564.48,323.42,50.01,86.72,1.00,-1,-1,-1
112,10,615.83,319.58,34.68,84.78,0.99,-1,-1,-1
113,1,528.01,332.01,43.66,76.67,1.00,-1,-1,-1
113,2,631.31,325.74,38.64,94.32,0.98,-1,-1,-1
113,3,670.84,300.10,41.48,70.04,0.98,-1,-1,-1
113,4,801.51,379.27,52.18,145.46,1.00,-1,-1,-1
113,7,1053.92,458.56,102.57,243.86,0.99,-1,-1,-1
113,8,735.73,316.73,29.79,45.00,0.96,-1,-1,-1
113,9,563.50,325.26,49.95,85.63,1.00,-1,-1,-1
113,10,614.85,320.90,36.75,83.43,0.99,-1,-1,-1
114,1,528.62,331.12,45.12,76.19,0.99,-1,-1,-1
114,2,631.74,322.99,37.25,96.25,0.99,-1,-1,-1
114,3,672.53,304.15,45.03,66.82,0.99,-1,-1,-1
114,4,801.56,379.26,52.18,145.15,1.00,-1,-1,-1
114,7,1053.93,458.54,102.57,245.06,0.99,-1,-1,-1
114,8,735.78,316.76,29.71,45.00,0.97,-1,-1,-1
114,9,563.14,327.99,48.13,83.41,1.00,-1,-1,-1
114,10,616.47,321.18,34.67,83.54,0.96,-1,-1,-1
115,1,528.53,330.34,46.84,76.61,0.99,-1,-1,-1
115,2,631.71,321.05,36.78,98.15,1.00,-1,-1,-1
115,3,673.40,306.43,45.82,65.32,0.99,-1,-1,-1
115,4,801.57,379.25,52.18,145.02,1.00,-1,-1,-1
115,7,1053.93,458.52,102.57,245.51,0.99,-1,-1,-1
115,8,735.79,316.76,29.69,45.00,0.97,-1,-1,-1
115,9,563.30,329.42,47.40,82.23,1.00,-1,-1,-1
115,10,615.27,320.50,35.60,83.29,0.98,-1,-1,-1
116,1,528.20,328.10,46.91,78.57,0.99,-1,-1,-1
116,2,631.78,320.29,36.02,98.87,0.99,-1,-1,-1
116,3,675.36,307.24,44.94,64.19,0.95,-1,-1,-1
116,4,801.56,378.79,52.18,145.42,1.00,-1,-1,-1
116,7,1053.92,458.51,102.57,245.68,0.99,-1,-1,-1
116,8,735.79,316.75,29.68,45.00,0.96,-1,-1,-1
116,9,564.55,330.50,45.91,80.89,1.00,-1,-1,-1
116,10,618.05,318.55,34.76,84.40,0.92,-1,-1,-1
117,1,528.35,326.71,41.62,77.53,0.99,-1,-1,-1
117,2,630.66,319.28,38.23,98.53,0.99,-1,-1,-1
117,3,674.82,307.25,48.10,64.70,0.99,-1,-1,-1
117,4,801.85,378.65,51.59,145.56,1.00,-1,-1,-1
117,7,1053.93,458.51,102.58,245.74,0.99,-1,-1,-1
117,8,735.79,316.77,29.68,45.00,0.97,-1,-1,-1
117,9,569.54,330.28,40.53,81.27,1.00,-1,-1,-1
117,10,621.78,317.82,33.23,84.22,0.77,-1,-1,-1
118,1,529.32,323.08,39.51,75.04,0.99,-1,-1,-1
118,2,628.50,321.14,46.71,96.31,0.99,-1,-1,-1
118,3,677.75,308.76,46.98,63.41,0.96,-1,-1,-1
118,4,801.95,378.02,51.37,146.21,1.00,-1,-1,-1
118,7,1054.51,458.83,102.58,245.75,0.98,-1,-1,-1
118,8,735.78,316.94,29.68,44.70,0.96,-1,-1,-1
118,9,569.54,328.24,40.35,83.50,1.00,-1,-1,-1
118,10,628.28,313.07,37.49,81.18,0.73,-1,-1,-1
119,1,530.26,321.13,39.41,74.71,0.99,-1,-1,-1
119,2,627.41,320.66,52.02,96.65,0.99,-1,-1,-1
119,3,681.17,307.19,47.65,65.36,0.97,-1,-1,-1
119,4,801.68,377.93,51.89,146.59,1.00,-1,-1,-1
119,7,1054.74,458.65,102.58,245.75,1.00,-1,-1,-1
119,8,735.48,316.85,30.28,44.89,0.97,-1,-1,-1
119,9,569.23,325.53,40.30,86.39,0.99,-1,-1,-1
119,10,631.15,311.55,39.55,80.63,0.70,-1,-1,-1
120,1,533.33,319.08,37.56,74.89,1.00,-1,-1,-1
120,2,627.03,321.20,57.58,95.58,0.99,-1,-1,-1
120,3,687.96,307.34,47.31,64.60,0.70,-1,-1,-1
120,4,801.88,377.74,51.49,146.88,1.00,-1,-1,-1
120,7,1054.82,458.57,102.58,245.15,1.00,-1,-1,-1
120,8,735.68,316.95,29.91,44.66,0.96,-1,-1,-1
120,9,569.41,322.26,37.87,89.53,0.99,-1,-1,-1
120,10,633.98,309.79,38.65,82.54,0.82,-1,-1,-1
121,1,536.60,317.17,35.06,75.87,0.99,-1,-1,-1
121,2,626.63,321.72,60.94,95.17,0.99,-1,-1,-1
121,3,691.96,307.25,47.15,65.23,0.74,-1,-1,-1
121,4,801.65,377.10,51.34,147.58,1.00,-1,-1,-1
121,7,1054.85,458.55,102.58,244.93,1.00,-1,-1,-1
121,8,735.74,317.00,29.77,44.58,0.97,-1,-1,-1
121,9,570.37,320.72,34.51,88.40,0.98,-1,-1,-1
121,10,634.41,309.02,38.25,82.37,0.88,-1,-1,-1
122,1,539.95,316.05,34.81,74.76,0.99,-1,-1,-1
122,2,627.11,321.31,63.40,95.91,1.00,-1,-1,-1
122,3,697.24,307.50,41.76,56.54,0.74,-1,-1,-1
122,4,801.28,376.41,51.28,148.27,1.00,-1,-1,-1
122,7,1053.69,458.54,103.77,244.84,1.00,-1,-1,-1
122,8,735.20,316.86,30.31,44.55,0.94,-1,-1,-1
122,9,567.86,317.75,35.25,89.38,0.98,-1,-1,-1
122,10,635.72,309.19,36.90,83.50,0.82,-1,-1,-1
123,1,540.44,315.54,35.37,74.34,0.98,-1,-1,-1
123,2,627.05,321.47,64.91,95.89,0.99,-1,-1,-1
123,3,703.70,306.97,36.50,51.87,0.10,-1,-1,-1
123,4,801.12,376.18,51.27,148.53,1.00,-1,-1,-1
123,7,1053.82,458.55,103.04,245.40,0.98,-1,-1,-1
123,8,731.72,316.68,34.06,44.83,0.89,-1,-1,-1
123,9,566.39,309.60,36.72,95.91,0.97,-1,-1,-1
123,10,637.01,310.18,39.36,78.60,0.60,-1,-1,-1
124,1,541.50,319.29,36.80,69.71,0.90,-1,-1,-1
124,2,627.38,319.59,66.03,97.66,1.00,-1,-1,-1
124,3,709.63,303.94,38.47,69.02,0.97,-1,-1,-1
124,4,801.38,375.80,51.86,148.91,1.00,-1,-1,-1
124,7,1054.49,458.55,102.75,245.61,0.99,-1,-1,-1
124,8,734.15,316.61,31.48,45.24,0.91,-1,-1,-1
124,9,566.48,314.58,36.09,88.59,0.97,-1,-1,-1
124,10,641.25,313.33,48.35,77.61,0.85,-1,-1,-1
124,12,543.15,320.85,47.70,86.40,0.77,-1,-1,-1
125,1,541.54,323.85,38.53,64.90,0.90,-1,-1,-1
125,2,627.81,318.30,66.42,99.21,0.99,-1,-1,-1
125,4,801.17,375.67,52.68,149.34,1.00,-1,-1,-1
125,7,1054.73,458.85,102.65,245.10,0.99,-1,-1,-1
125,8,726.77,307.70,37.56,53.98,0.73,-1,-1,-1
125,9,567.41,314.63,34.66,89.09,0.95,-1,-1,-1
125,10,646.13,316.59,49.02,74.26,0.68,-1,-1,-1
125,12,544.97,326.07,45.54,81.00,0.68,-1,-1,-1
126,1,541.52,318.52,47.42,80.59,0.94,-1,-1,-1
126,2,630.62,318.24,64.21,98.32,1.00,-1,-1,-1
126,4,801.08,375.62,54.16,149.19,1.00,-1,-1,-1
126,7,1054.81,458.65,102.60,244.90,1.00,-1,-1,-1
126,9,569.91,314.35,32.31,82.74,0.91,-1,-1,-1
126,10,652.41,317.32,46.36,72.12,0.68,-1,-1,-1
126,3,726.20,305.09,37.15,73.88,0.99,-1,-1,-1
127,1,542.63,315.95,50.14,76.76,0.87,-1,-1,-1
127,2,635.28,318.39,60.32,97.96,0.99,-1,-1,-1
127,4,800.74,375.32,55.31,149.42,1.00,-1,-1,-1
127,7,1054.24,458.88,102.59,244.83,0.99,-1,-1,-1
127,9,571.12,313.99,30.25,79.95,0.85,-1,-1,-1
127,10,661.89,319.11,38.14,70.17,0.77,-1,-1,-1
127,3,732.43,306.23,34.45,73.95,0.95,-1,-1,-1
128,1,543.91,314.28,52.95,75.26,0.91,-1,-1,-1
128,2,645.21,316.22,53.97,99.90,0.99,-1,-1,-1
128,4,800.63,375.21,55.16,149.80,1.00,-1,-1,-1
128,7,1054.03,458.96,102.59,244.80,0.99,-1,-1,-1
128,9,569.65,313.11,32.70,80.78,0.86,-1,-1,-1
128,10,669.82,319.12,32.91,68.59,0.69,-1,-1,-1
128,3,736.29,308.26,31.64,72.80,0.67,-1,-1,-1
129,1,545.78,313.25,56.32,75.87,0.17,-1,-1,-1
129,2,652.97,313.95,50.30,101.21,0.99,-1,-1,-1
129,4,800.27,375.04,54.50,149.78,1.00,-1,-1,-1
129,7,1053.35,458.70,103.78,244.79,1.00,-1,-1,-1
129,9,568.26,312.68,35.90,78.10,0.99,-1,-1,-1
129,10,674.88,318.64,29.23,67.45,0.46,-1,-1,-1
129,3,737.36,312.28,30.05,68.79,0.21,-1,-1,-1
130,2,659.99,311.61,42.81,102.58,0.99,-1,-1,-1
130,4,800.44,375.13,53.05,149.61,1.00,-1,-1,-1
130,7,1053.69,458.60,103.04,244.79,1.00,-1,-1,-1
130,9,569.47,311.31,34.22,78.02,0.99,-1,-1,-1
130,10,678.00,318.14,28.67,67.70,0.36,-1,-1,-1
130,3,737.54,315.28,28.91,66.05,0.49,-1,-1,-1
131,2,663.04,310.91,40.12,102.79,0.99,-1,-1,-1
131,4,800.50,375.18,51.89,149.54,1.00,-1,-1,-1
131,7,1053.81,458.71,102.76,244.34,1.00,-1,-1,-1
131,9,570.26,310.55,34.14,79.82,0.99,-1,-1,-1
131,10,678.60,318.25,30.39,66.32,0.57,-1,-1,-1
131,3,737.41,316.05,27.93,65.06,0.14,-1,-1,-1
131,13,758.25,310.27,34.20,78.75,0.99,-1,-1,-1
132,2,666.82,310.66,39.30,102.26,0.99,-1,-1,-1
132,4,800.82,375.20,51.46,149.51,1.00,-1,-1,-1
132,7,1053.86,458.75,102.65,244.18,1.00,-1,-1,-1
132,9,571.14,309.69,32.92,78.71,0.98,-1,-1,-1
132,10,679.96,316.60,31.60,68.90,0.26,-1,-1,-1
132,3,737.52,316.90,28.25,51.15,0.90,-1,-1,-1
132,13,761.87,311.71,36.36,68.67,0.98,-1,-1,-1
132,14,593.10,311.85,33.30,70.65,0.95,-1,-1,-1
133,2,668.33,310.61,39.71,102.63,0.99,-1,-1,-1
133,4,800.65,375.22,51.31,149.49,1.00,-1,-1,-1
133,7,1053.30,458.78,103.80,244.12,1.00,-1,-1,-1
133,9,571.47,309.40,33.68,78.61,0.97,-1,-1,-1
133,10,683.34,318.69,29.09,66.28,0.29,-1,-1,-1
133,3,737.78,316.94,27.77,45.74,0.84,-1,-1,-1
133,13,767.32,312.19,34.73,75.33,0.98,-1,-1,-1
133,14,596.00,311.85,28.98,65.97,0.81,-1,-1,-1
134,2,671.23,310.78,40.52,103.05,1.00,-1,-1,-1
134,4,801.19,375.26,50.06,149.48,1.00,-1,-1,-1
134,7,1053.68,458.65,103.05,245.14,0.99,-1,-1,-1
134,9,569.81,310.54,42.28,76.49,0.99,-1,-1,-1
134,10,684.11,318.44,29.36,65.00,0.33,-1,-1,-1
134,3,737.75,317.10,28.25,44.50,0.89,-1,-1,-1
134,13,772.77,310.13,33.45,82.47,0.95,-1,-1,-1
134,14,599.12,314.70,41.87,70.01,1.00,-1,-1,-1
135,2,673.39,311.01,40.85,103.19,1.00,-1,-1,-1
135,4,801.38,375.26,49.60,149.46,1.00,-1,-1,-1
135,7,1053.82,458.59,102.76,245.52,0.99,-1,-1,-1
135,9,568.94,312.04,46.98,75.10,0.99,-1,-1,-1
135,3,737.06,317.12,29.05,44.49,0.89,-1,-1,-1
135,13,775.94,309.40,33.80,83.15,0.96,-1,-1,-1
135,14,601.31,315.94,45.62,68.91,0.99,-1,-1,-1
136,2,675.62,311.86,42.21,101.75,1.00,-1,-1,-1
136,4,801.47,375.27,49.43,149.46,1.00,-1,-1,-1
136,7,1053.89,458.57,102.65,245.66,0.99,-1,-1,-1
136,9,568.04,314.43,54.51,73.40,1.00,-1,-1,-1
136,3,737.06,316.95,29.36,44.25,0.95,-1,-1,-1
136,13,783.02,311.88,33.29,66.20,0.92,-1,-1,-1
136,14,614.54,317.09,36.15,65.99,0.99,-1,-1,-1
137,2,678.44,312.78,38.56,98.50,0.97,-1,-1,-1
137,4,801.49,375.26,49.38,149.45,1.00,-1,-1,-1
137,7,1053.91,458.56,102.61,245.72,0.99,-1,-1,-1
137,9,567.65,314.84,57.57,72.51,1.00,-1,-1,-1
137,3,736.98,317.00,29.49,43.94,0.95,-1,-1,-1
137,13,784.26,315.14,36.36,57.96,0.86,-1,-1,-1
137,14,621.89,318.03,35.83,63.68,0.98,-1,-1,-1
138,2,682.16,312.39,37.79,98.17,0.99,-1,-1,-1
138,4,801.52,374.96,49.38,149.74,1.00,-1,-1,-1
138,7,1053.93,458.25,102.59,245.73,1.00,-1,-1,-1
138,9,569.47,314.08,57.69,73.41,1.00,-1,-1,-1
138,3,736.62,316.84,29.55,44.21,0.96,-1,-1,-1
138,13,789.80,317.60,38.01,60.79,0.93,-1,-1,-1
138,14,629.48,318.76,34.47,61.97,0.98,-1,-1,-1
138,10,693.16,317.54,44.13,75.56,0.69,-1,-1,-1
139,2,684.28,314.05,40.00,97.76,0.99,-1,-1,-1
139,4,801.51,374.56,49.38,150.15,1.00,-1,-1,-1
139,7,1053.93,458.14,102.59,246.33,1.00,-1,-1,-1
139,9,571.63,313.65,57.09,73.77,0.99,-1,-1,-1
139,3,736.13,316.77,30.18,44.36,0.93,-1,-1,-1
139,13,793.52,318.96,40.42,55.93,0.86,-1,-1,-1
139,14,634.07,317.03,38.33,67.52,0.99,-1,-1,-1
139,10,691.68,317.26,47.42,81.23,0.57,-1,-1,-1
140,2,686.20,316.18,41.37,96.41,0.99,-1,-1,-1
140,4,801.81,374.56,49.39,149.85,1.00,-1,-1,-1
140,7,1053.94,458.10,102.59,245.96,1.00,-1,-1,-1
140,9,577.11,312.60,50.46,74.53,0.98,-1,-1,-1
140,3,736.22,316.89,29.82,44.15,0.94,-1,-1,-1
140,13,806.82,318.05,35.47,61.77,0.91,-1,-1,-1
140,14,638.03,318.11,40.25,69.09,0.99,-1,-1,-1
140,10,695.82,319.29,46.06,77.40,0.96,-1,-1,-1
141,2,686.82,315.77,41.92,97.12,1.00,-1,-1,-1
141,4,801.62,374.86,49.41,149.74,1.00,-1,-1,-1
141,7,1053.94,458.09,102.59,245.82,1.00,-1,-1,-1
141,9,589.57,313.39,37.99,73.34,0.99,-1,-1,-1
141,3,736.50,316.76,29.10,44.42,0.91,-1,-1,-1
141,13,816.25,316.72,42.74,81.34,0.98,-1,-1,-1
141,14,641.37,315.93,39.18,72.39,0.99,-1,-1,-1
141,10,695.43,317.48,41.93,82.81,0.75,-1,-1,-1
142,2,688.13,313.22,40.95,99.78,0.99,-1,-1,-1
142,4,801.23,374.97,50.01,149.68,1.00,-1,-1,-1
142,7,1053.92,458.07,102.59,245.76,0.99,-1,-1,-1
142,9,597.23,316.24,32.47,71.10,0.98,-1,-1,-1
142,3,735.95,316.85,29.43,44.25,0.96,-1,-1,-1
142,13,821.80,316.12,52.94,91.68,1.00,-1,-1,-1
142,14,645.35,306.52,35.65,82.47,0.99,-1,-1,-1
142,10,697.80,311.52,42.56,85.07,0.93,-1,-1,-1
143,2,688.51,312.26,41.18,100.49,0.99,-1,-1,-1
143,4,801.08,375.16,50.25,149.22,1.00,-1,-1,-1
143,7,1054.51,458.07,102.59,245.74,1.00,-1,-1,-1
143,9,600.79,316.85,31.48,70.59,0.98,-1,-1,-1
143,3,735.13,316.87,30.75,44.22,0.97,-1,-1,-1
143,13,825.11,316.10,57.61,96.43,1.00,-1,-1,-1
143,14,647.44,302.42,33.59,86.83,0.99,-1,-1,-1
143,10,699.22,307.28,42.21,87.64,0.96,-1,-1,-1
144,2,690.09,310.99,40.09,101.94,0.99,-1,-1,-1
144,4,801.04,375.22,50.33,149.05,1.00,-1,-1,-1
144,7,1054.75,458.06,102.59,245.73,1.00,-1,-1,-1
144,9,606.00,317.65,33.10,69.82,0.99,-1,-1,-1
144,3,735.42,316.85,30.08,44.24,0.98,-1,-1,-1
144,13,834.82,317.04,54.05,97.71,1.00,-1,-1,-1
144,14,649.85,297.03,30.36,90.82,0.99,-1,-1,-1
144,10,701.46,307.77,40.85,86.30,0.93,-1,-1,-1
145,2,691.17,310.39,39.08,102.48,0.99,-1,-1,-1
145,4,801.00,375.25,50.37,149.28,1.00,-1,-1,-1
145,7,1054.81,458.06,102.59,245.73,1.00,-1,-1,-1
145,9,609.23,316.89,34.27,70.47,0.99,-1,-1,-1
145,3,735.18,316.86,30.41,44.26,0.98,-1,-1,-1
145,13,840.31,317.14,51.16,98.36,0.99,-1,-1,-1
145,14,650.09,293.37,29.81,93.19,0.98,-1,-1,-1
145,10,702.21,307.02,40.28,86.56,0.90,-1,-1,-1
146,2,693.03,308.54,38.11,104.15,0.99,-1,-1,-1
146,4,801.02,375.27,50.39,149.06,1.00,-1,-1,-1
146,7,1054.86,458.06,102.60,245.72,1.00,-1,-1,-1
146,9,612.74,315.85,40.77,73.11,0.98,-1,-1,-1
146,3,735.11,316.85,30.53,44.29,0.98,-1,-1,-1
146,13,854.91,317.02,38.17,98.50,0.99,-1,-1,-1
146,14,643.59,288.96,37.68,97.78,0.99,-1,-1,-1
146,10,701.27,306.90,41.82,86.91,0.85,-1,-1,-1
147,2,695.42,307.29,36.56,105.95,0.99,-1,-1,-1
147,4,800.99,375.29,50.39,149.28,1.00,-1,-1,-1
147,7,1054.84,458.08,102.60,245.72,1.00,-1,-1,-1
147,9,615.43,311.80,45.92,80.88,0.99,-1,-1,-1
147,3,735.33,316.86,29.99,44.32,0.98,-1,-1,-1
147,13,863.64,315.54,34.66,100.17,0.99,-1,-1,-1
147,14,651.49,284.73,32.03,102.65,0.98,-1,-1,-1
147,10,701.72,308.37,41.80,85.54,0.81,-1,-1,-1
148,2,697.75,306.26,35.39,107.21,0.99,-1,-1,-1
148,4,800.70,375.31,50.40,149.36,1.00,-1,-1,-1
148,7,1054.84,458.10,102.60,245.71,1.00,-1,-1,-1
148,9,620.07,312.29,45.80,82.94,0.99,-1,-1,-1
148,3,735.71,316.88,29.78,44.35,0.99,-1,-1,-1
148,13,870.67,315.84,46.01,101.02,1.00,-1,-1,-1
148,14,650.21,284.84,37.95,107.35,0.97,-1,-1,-1
148,10,702.42,306.92,37.64,87.61,0.83,-1,-1,-1
149,2,699.12,305.15,34.99,108.26,0.99,-1,-1,-1
149,4,800.58,375.32,50.40,149.39,1.00,-1,-1,-1
149,7,1054.83,458.11,102.60,245.71,1.00,-1,-1,-1
149,9,624.14,310.63,43.36,84.90,0.98,-1,-1,-1
149,3,735.54,316.88,29.70,44.37,0.99,-1,-1,-1
149,13,874.51,316.09,52.81,101.54,1.00,-1,-1,-1
149,14,655.26,286.51,35.38,109.14,0.98,-1,-1,-1
149,10,704.72,312.09,37.17,81.35,0.57,-1,-1,-1
150,2,700.15,304.16,34.87,108.34,0.99,-1,-1,-1
150,4,800.53,375.33,50.40,149.40,1.00,-1,-1,-1
150,7,1054.82,458.12,102.60,245.71,1.00,-1,-1,-1
150,9,627.95,314.49,35.79,78.96,0.97,-1,-1,-1
150,3,735.46,316.88,30.27,44.39,0.99,-1,-1,-1
150,13,875.28,317.36,62.90,101.35,1.00,-1,-1,-1
150,14,648.55,293.87,43.16,104.86,0.98,-1,-1,-1
150,10,706.40,311.31,35.80,81.52,0.44,-1,-1,-1
151,2,700.45,303.96,35.46,108.34,0.99,-1,-1,-1
151,4,800.51,375.33,50.40,149.41,1.00,-1,-1,-1
151,7,1054.81,458.12,102.60,245.71,1.00,-1,-1,-1
151,9,630.06,315.00,32.75,79.54,0.99,-1,-1,-1
151,3,735.71,316.72,29.90,44.71,0.99,-1,-1,-1
151,13,876.30,319.44,67.34,100.02,1.00,-1,-1,-1
151,14,646.04,299.85,45.89,100.06,0.98,-1,-1,-1
151,10,705.73,308.20,35.90,85.15,0.32,-1,-1,-1
152,2,701.41,305.96,35.69,106.25,0.99,-1,-1,-1
152,4,800.51,375.32,50.40,149.41,1.00,-1,-1,-1
152,7,1054.82,458.11,102.60,245.71,1.00,-1,-1,-1
152,9,632.24,313.25,28.61,79.44,0.99,-1,-1,-1
152,3,735.81,316.65,29.75,44.84,0.98,-1,-1,-1
152,13,878.65,321.70,69.14,98.82,1.00,-1,-1,-1
152,14,654.98,310.36,39.14,90.08,0.99,-1,-1,-1
152,10,702.74,304.26,31.73,86.79,0.93,-1,-1,-1
153,2,702.59,306.45,34.59,105.73,0.99,-1,-1,-1
153,4,800.51,375.31,50.40,149.41,1.00,-1,-1,-1
153,7,1054.80,458.10,102.60,245.71,1.00,-1,-1,-1
153,9,632.77,312.87,28.49,79.99,0.99,-1,-1,-1
153,3,735.82,316.61,29.70,44.89,0.99,-1,-1,-1
153,13,882.19,321.80,65.83,98.88,1.00,-1,-1,-1
153,14,657.51,314.84,37.26,85.86,0.99,-1,-1,-1
153,10,701.47,302.74,30.12,87.10,0.92,-1,-1,-1
154,2,703.87,306.94,33.59,105.52,0.99,-1,-1,-1
154,4,800.50,375.15,50.40,149.56,1.00,-1,-1,-1
154,7,1054.20,457.79,102.60,245.71,0.99,-1,-1,-1
154,9,634.77,312.43,32.20,89.34,0.99,-1,-1,-1
154,3,735.52,316.74,29.68,44.62,0.98,-1,-1,-1
154,13,893.78,321.37,54.44,99.44,1.00,-1,-1,-1
154,14,661.98,314.25,34.78,85.89,1.00,-1,-1,-1
154,10,700.71,301.74,29.60,86.60,0.95,-1,-1,-1
155,2,703.96,307.13,33.85,105.43,0.99,-1,-1,-1
155,4,800.79,374.94,50.40,149.46,1.00,-1,-1,-1
155,7,1053.96,457.68,102.60,245.71,0.99,-1,-1,-1
155,9,635.17,311.84,32.89,92.79,0.99,-1,-1,-1
155,3,735.09,316.79,30.27,44.52,0.98,-1,-1,-1
155,13,902.32,321.77,45.88,99.31,1.00,-1,-1,-1
155,14,663.84,313.70,30.17,86.21,0.99,-1,-1,-1
155,10,700.42,301.11,29.45,86.08,0.95,-1,-1,-1
156,2,704.27,307.52,33.95,105.39,0.99,-1,-1,-1
156,4,800.91,374.87,50.40,149.43,1.00,-1,-1,-1
156,7,1053.89,457.94,102.60,245.71,0.99,-1,-1,-1
156,9,634.89,312.63,34.95,93.57,1.00,-1,-1,-1
156,3,735.53,316.81,29.90,44.79,0.98,-1,-1,-1
156,13,907.53,321.03,49.18,100.68,0.99,-1,-1,-1
156,14,664.37,313.62,27.17,86.33,0.99,-1,-1,-1
156,10,700.01,301.06,29.42,80.23,0.93,-1,-1,-1
157,2,703.43,307.67,35.21,105.37,0.99,-1,-1,-1
157,4,800.95,374.99,50.40,149.56,1.00,-1,-1,-1
157,7,1053.85,458.04,102.60,245.70,0.99,-1,-1,-1
157,9,630.65,313.53,39.81,93.81,1.00,-1,-1,-1
157,3,735.69,316.82,29.76,44.90,0.98,-1,-1,-1
157,13,909.03,320.59,54.08,101.17,0.99,-1,-1,-1
157,14,664.13,313.71,26.19,86.37,0.99,-1,-1,-1
157,10,699.85,301.25,30.04,81.60,0.94,-1,-1,-1
158,2,703.38,307.73,35.68,105.36,0.99,-1,-1,-1
158,4,800.97,375.04,50.40,149.61,1.00,-1,-1,-1
158,7,1054.44,458.09,102.60,245.71,0.99,-1,-1,-1
158,9,629.30,313.59,41.10,94.14,1.00,-1,-1,-1
158,3,735.75,316.82,29.71,44.94,0.98,-1,-1,-1
158,13,908.62,321.44,60.25,100.42,0.99,-1,-1,-1
158,14,663.04,313.42,25.88,86.69,0.99,-1,-1,-1
158,10,700.39,301.63,29.08,77.03,0.95,-1,-1,-1
159,2,703.33,307.46,35.86,105.35,0.99,-1,-1,-1
159,4,800.98,375.05,50.40,149.63,1.00,-1,-1,-1
159,7,1054.67,458.09,102.60,245.71,0.99,-1,-1,-1
159,9,629.24,313.32,41.02,94.23,1.00,-1,-1,-1
159,3,735.77,316.81,29.69,44.96,0.98,-1,-1,-1
159,13,909.74,322.93,65.77,102.17,0.99,-1,-1,-1
159,14,662.93,313.43,25.81,86.51,0.99,-1,-1,-1
159,10,700.59,301.35,29.96,79.25,0.95,-1,-1,-1
160,2,705.66,307.21,33.57,105.64,0.99,-1,-1,-1
160,4,800.99,375.07,50.40,149.64,1.00,-1,-1,-1
160,7,1054.76,458.10,102.60,245.71,0.99,-1,-1,-1
160,9,632.38,312.93,38.05,96.56,1.00,-1,-1,-1
160,3,735.78,316.67,29.69,44.97,0.98,-1,-1,-1
160,13,919.87,324.81,60.40,101.91,0.99,-1,-1,-1
160,14,662.85,313.12,25.81,87.04,0.99,-1,-1,-1
160,10,701.86,300.82,30.29,86.59,0.97,-1,-1,-1
161,2,707.12,307.56,32.07,105.16,0.99,-1,-1,-1
161,4,801.00,375.07,50.40,149.64,1.00,-1,-1,-1
161,7,1054.80,458.10,102.60,245.71,1.00,-1,-1,-1
161,9,633.86,313.36,35.62,97.13,1.00,-1,-1,-1
161,3,735.49,316.76,29.69,44.97,0.98,-1,-1,-1
161,13,915.80,325.66,68.31,102.37,0.99,-1,-1,-1
161,14,663.09,312.99,25.23,86.94,0.99,-1,-1,-1
161,10,702.94,300.48,31.02,90.75,0.98,-1,-1,-1
