0,1,571.95,397.80,79.20,123.30,1.00,-1,-1,-1
0,2,515.70,411.75,54.90,149.40,1.00,-1,-1,-1
0,3,446.40,319.95,39.60,103.50,1.00,-1,-1,-1
0,4,941.40,384.52,61.20,143.77,1.00,-1,-1,-1
0,5,891.90,382.05,66.60,120.60,1.00,-1,-1,-1
0,6,312.07,311.17,30.15,88.65,1.00,-1,-1,-1
0,7,1015.20,501.75,117.00,284.40,0.99,-1,-1,-1
0,8,731.70,316.35,38.70,45.90,0.92,-1,-1,-1
1,1,571.93,398.00,79.19,123.10,1.00,-1,-1,-1
1,2,516.07,412.14,54.89,149.40,1.00,-1,-1,-1
1,3,447.17,320.15,38.81,103.11,1.00,-1,-1,-1
1,4,902.31,384.54,90.88,144.55,0.99,-1,-1,-1
1,5,891.09,382.65,68.16,120.40,0.99,-1,-1,-1
1,6,312.26,311.37,29.76,88.26,1.00,-1,-1,-1
1,7,1014.38,501.76,116.99,284.39,0.99,-1,-1,-1
1,8,731.68,316.36,38.70,45.90,0.93,-1,-1,-1
2,1,572.29,397.85,78.50,123.24,1.00,-1,-1,-1
2,2,516.15,412.21,54.90,149.40,1.00,-1,-1,-1
2,3,447.13,320.00,38.86,103.39,1.00,-1,-1,-1
2,4,896.36,385.23,92.78,143.64,0.99,-1,-1,-1
2,5,890.61,382.56,68.08,120.54,0.99,-1,-1,-1
2,6,312.30,311.40,29.69,88.19,1.00,-1,-1,-1
2,7,1013.56,501.75,118.40,285.09,0.99,-1,-1,-1
2,8,731.68,316.35,38.70,45.90,0.93,-1,-1,-1
3,1,572.05,398.14,78.27,123.29,1.00,-1,-1,-1
3,2,516.50,412.22,54.90,149.39,1.00,-1,-1,-1
3,3,446.76,320.47,38.54,102.45,0.99,-1,-1,-1
3,4,892.60,387.33,87.45,141.44,0.99,-1,-1,-1
3,5,887.38,383.90,64.26,118.53,0.99,-1,-1,-1
3,6,312.48,311.58,29.68,87.83,1.00,-1,-1,-1
3,7,1013.29,501.40,118.84,285.99,0.99,-1,-1,-1
3,8,731.67,316.52,38.70,45.55,0.93,-1,-1,-1
4,1,571.98,398.41,78.22,123.14,1.00,-1,-1,-1
4,2,516.62,412.72,54.90,148.90,1.00,-1,-1,-1
4,3,446.64,320.62,38.11,102.16,0.99,-1,-1,-1
4,4,891.70,388.66,84.57,140.43,0.99,-1,-1,-1
4,5,887.08,384.66,62.34,117.55,0.99,-1,-1,-1
4,6,312.54,311.64,29.68,87.72,1.00,-1,-1,-1
4,7,1013.27,501.63,118.95,286.28,0.99,-1,-1,-1
4,8,731.70,316.58,38.70,45.45,0.94,-1,-1,-1
5,1,571.65,398.49,77.57,122.76,1.00,-1,-1,-1
5,2,517.31,413.04,54.25,147.92,1.00,-1,-1,-1
5,3,447.11,320.50,37.82,102.39,0.99,-1,-1,-1
5,4,888.56,390.34,85.98,138.51,1.00,-1,-1,-1
5,5,882.42,386.18,65.76,111.09,0.99,-1,-1,-1
5,6,312.58,311.65,29.68,87.69,1.00,-1,-1,-1
5,7,1013.28,501.69,118.96,285.69,0.99,-1,-1,-1
5,8,731.71,316.59,38.70,45.41,0.95,-1,-1,-1
6,1,570.88,398.99,77.99,122.16,1.00,-1,-1,-1
6,2,517.52,413.14,54.03,147.59,1.00,-1,-1,-1
6,3,447.58,320.77,37.73,102.17,1.00,-1,-1,-1
6,4,885.79,391.03,87.04,138.07,1.00,-1,-1,-1
6,5,875.30,386.67,74.98,111.85,0.98,-1,-1,-1
6,6,312.72,311.65,29.68,87.69,1.00,-1,-1,-1
6,7,1013.27,501.41,118.94,286.10,0.99,-1,-1,-1
6,8,731.69,316.44,38.70,45.72,0.95,-1,-1,-1
7,1,570.35,399.16,78.16,122.26,1.00,-1,-1,-1
7,2,517.64,413.96,54.59,146.09,1.00,-1,-1,-1
7,3,447.78,321.18,40.21,101.79,1.00,-1,-1,-1
7,4,873.81,391.84,98.01,137.34,1.00,-1,-1,-1
7,5,864.66,386.96,81.22,109.49,0.98,-1,-1,-1
7,6,312.97,311.51,29.69,87.70,1.00,-1,-1,-1
7,7,1012.11,501.62,120.17,285.62,0.99,-1,-1,-1
7,8,731.74,316.54,38.70,45.84,0.94,-1,-1,-1
8,1,570.12,399.51,77.60,121.69,1.00,-1,-1,-1
8,2,517.92,414.22,55.40,145.56,1.00,-1,-1,-1
8,3,448.10,321.31,41.08,101.65,1.00,-1,-1,-1
8,4,863.36,392.23,107.45,137.27,1.00,-1,-1,-1
8,5,856.67,386.24,85.09,112.01,0.98,-1,-1,-1
8,6,313.01,311.28,29.69,88.01,1.00,-1,-1,-1
8,7,1011.62,501.69,120.59,286.04,0.99,-1,-1,-1
8,8,731.70,316.41,38.70,45.88,0.94,-1,-1,-1
9,1,569.82,399.95,78.63,121.49,1.00,-1,-1,-1
9,2,519.01,415.25,56.91,144.78,1.00,-1,-1,-1
9,3,448.15,321.37,45.15,101.92,1.00,-1,-1,-1
9,4,858.89,391.57,106.06,136.83,1.00,-1,-1,-1
9,5,852.87,384.14,83.37,112.64,0.99,-1,-1,-1
9,6,313.10,311.38,29.69,88.13,1.00,-1,-1,-1
9,7,1012.16,501.71,119.53,285.58,0.99,-1,-1,-1
9,8,732.07,316.37,38.70,45.89,0.94,-1,-1,-1
10,1,569.97,400.39,79.01,120.81,1.00,-1,-1,-1
10,2,519.35,416.04,60.45,144.67,1.00,-1,-1,-1
10,3,448.55,322.27,47.66,101.12,1.00,-1,-1,-1
10,4,856.81,391.42,105.80,135.94,1.00,-1,-1,-1
10,5,851.26,382.11,78.10,114.13,0.98,-1,-1,-1
10,6,313.07,311.23,29.39,88.17,1.00,-1,-1,-1
10,7,1012.31,501.71,119.11,285.40,0.99,-1,-1,-1
10,8,732.15,316.49,38.70,45.60,0.95,-1,-1,-1
11,1,570.71,401.16,82.76,119.97,1.00,-1,-1,-1
11,2,518.96,416.94,66.45,144.05,1.00,-1,-1,-1
11,3,449.07,322.32,49.22,100.52,1.00,-1,-1,-1
11,4,855.73,389.38,99.14,134.58,1.00,-1,-1,-1
11,5,850.96,378.67,70.20,115.90,0.97,-1,-1,-1
11,6,313.28,311.06,29.28,88.49,1.00,-1,-1,-1
11,7,1012.45,501.72,118.95,285.93,0.99,-1,-1,-1
11,8,732.25,316.55,38.70,45.48,0.94,-1,-1,-1
12,1,571.23,401.88,85.32,118.61,1.00,-1,-1,-1
12,2,519.03,418.00,70.45,142.78,1.00,-1,-1,-1
12,3,449.64,322.01,49.65,100.62,1.00,-1,-1,-1
12,4,855.00,388.59,95.74,134.43,0.99,-1,-1,-1
12,5,850.76,377.24,66.54,115.84,0.96,-1,-1,-1
12,6,313.29,310.97,29.24,88.61,1.00,-1,-1,-1
12,7,1012.46,501.42,118.88,286.14,0.99,-1,-1,-1
12,8,731.93,316.56,38.70,45.45,0.96,-1,-1,-1
13,1,571.44,403.21,88.04,117.36,1.00,-1,-1,-1
13,2,519.63,418.24,74.30,142.18,1.00,-1,-1,-1
13,3,452.78,321.31,45.98,100.96,1.00,-1,-1,-1
13,4,842.59,387.57,95.32,135.75,0.99,-1,-1,-1
13,5,846.17,376.91,64.02,110.58,0.98,-1,-1,-1
13,6,313.47,310.96,29.23,88.65,0.99,-1,-1,-1
13,7,1013.65,501.63,117.65,287.99,0.99,-1,-1,-1
13,8,731.81,316.45,38.70,45.73,0.94,-1,-1,-1
14,1,571.50,403.23,90.24,117.68,0.99,-1,-1,-1
14,2,520.12,417.85,96.85,142.14,1.00,-1,-1,-1
14,3,454.74,320.73,44.31,101.70,1.00,-1,-1,-1
14,4,833.70,389.58,96.62,133.59,0.99,-1,-1,-1
14,5,842.52,377.13,62.52,105.56,0.98,-1,-1,-1
14,6,313.50,310.95,29.22,88.67,1.00,-1,-1,-1
14,7,1014.11,501.42,117.18,288.70,0.99,-1,-1,-1
14,8,731.76,316.54,38.70,45.54,0.93,-1,-1,-1
15,1,570.96,403.35,94.55,114.38,1.00,-1,-1,-1
15,2,521.92,415.87,106.98,144.25,1.00,-1,-1,-1
15,3,458.90,319.90,41.72,101.98,0.99,-1,-1,-1
15,4,829.38,394.39,91.45,129.03,1.00,-1,-1,-1
15,5,834.91,378.90,66.31,103.61,0.99,-1,-1,-1
15,6,313.51,310.93,29.23,88.67,1.00,-1,-1,-1
15,7,1014.30,501.62,117.01,288.36,0.99,-1,-1,-1
15,8,731.75,316.41,38.70,45.77,0.94,-1,-1,-1
16,1,571.63,403.09,93.88,113.46,0.99,-1,-1,-1
16,2,526.00,414.25,93.41,146.24,1.00,-1,-1,-1
16,3,461.81,319.61,40.90,102.98,1.00,-1,-1,-1
16,4,827.50,399.08,89.98,124.17,1.00,-1,-1,-1
16,5,831.99,381.40,70.03,104.17,0.99,-1,-1,-1
16,6,313.53,311.09,29.23,88.37,1.00,-1,-1,-1
16,7,1013.78,501.71,118.16,288.22,0.99,-1,-1,-1
16,8,731.76,316.23,38.70,45.86,0.93,-1,-1,-1
17,1,577.16,401.93,96.48,114.21,0.99,-1,-1,-1
17,2,534.86,412.30,86.87,147.74,1.00,-1,-1,-1
17,3,465.21,319.21,40.60,100.99,1.00,-1,-1,-1
17,4,827.01,402.44,89.44,120.47,1.00,-1,-1,-1
17,5,831.00,385.64,64.44,101.71,0.99,-1,-1,-1
17,6,313.80,311.01,28.94,88.26,1.00,-1,-1,-1
17,7,1013.60,501.46,118.60,288.17,0.99,-1,-1,-1
17,8,731.46,316.31,39.30,45.89,0.93,-1,-1,-1
18,1,580.76,400.88,99.18,114.80,1.00,-1,-1,-1
18,2,542.61,411.56,73.10,148.90,1.00,-1,-1,-1
18,3,468.26,319.66,41.11,99.92,1.00,-1,-1,-1
18,4,827.36,403.73,92.25,119.34,1.00,-1,-1,-1
18,5,830.96,387.65,62.76,100.68,0.99,-1,-1,-1
18,6,313.79,310.99,28.83,88.22,1.00,-1,-1,-1
18,7,1013.57,501.62,118.78,288.13,0.99,-1,-1,-1
18,8,731.68,316.32,38.93,45.90,0.94,-1,-1,-1
19,1,594.29,397.93,90.91,116.69,1.00,-1,-1,-1
19,2,547.65,414.38,69.49,146.82,1.00,-1,-1,-1
19,3,472.01,321.16,47.27,98.04,1.00,-1,-1,-1
19,4,827.60,401.55,95.05,121.89,1.00,-1,-1,-1
19,5,831.04,388.65,62.18,100.06,0.98,-1,-1,-1
19,6,313.77,310.96,28.79,88.20,1.00,-1,-1,-1
19,7,1013.53,501.38,118.84,288.11,0.99,-1,-1,-1
19,8,731.74,316.32,38.79,45.61,0.95,-1,-1,-1
20,1,600.57,395.96,86.25,118.61,1.00,-1,-1,-1
20,2,549.30,418.62,76.24,143.18,1.00,-1,-1,-1
20,3,473.38,323.86,52.90,95.24,1.00,-1,-1,-1
20,4,829.02,399.39,94.94,124.21,1.00,-1,-1,-1
20,5,830.27,389.31,64.40,99.27,0.99,-1,-1,-1
20,6,313.58,310.97,29.08,88.20,1.00,-1,-1,-1
20,7,1013.53,501.31,118.87,288.10,0.99,-1,-1,-1
20,8,731.76,316.63,38.74,44.90,0.93,-1,-1,-1
21,1,607.64,394.63,79.68,119.63,1.00,-1,-1,-1
21,2,547.59,425.16,91.94,138.06,1.00,-1,-1,-1
21,3,475.85,325.90,56.29,92.40,1.00,-1,-1,-1
21,4,838.92,396.76,89.23,127.81,1.00,-1,-1,-1
21,5,830.07,389.52,69.96,99.33,0.99,-1,-1,-1
21,6,313.68,310.96,29.19,88.20,1.00,-1,-1,-1
21,7,1013.53,501.58,118.87,288.09,0.99,-1,-1,-1
21,8,731.78,316.44,38.72,44.94,0.93,-1,-1,-1
22,1,613.83,394.30,72.94,119.58,0.98,-1,-1,-1
22,2,547.81,428.04,100.72,135.71,1.00,-1,-1,-1
22,3,477.67,327.26,59.90,91.08,1.00,-1,-1,-1
22,4,847.20,395.91,83.95,129.33,0.99,-1,-1,-1
22,5,830.34,389.13,72.05,99.54,0.99,-1,-1,-1
22,6,313.74,310.97,29.23,88.20,1.00,-1,-1,-1
22,7,1013.54,501.69,118.86,288.08,0.99,-1,-1,-1
22,8,731.81,316.39,38.71,45.25,0.95,-1,-1,-1
23,1,616.12,397.03,73.72,115.55,0.99,-1,-1,-1
23,2,551.37,429.36,103.24,133.68,1.00,-1,-1,-1
23,3,477.16,326.98,64.69,91.85,1.00,-1,-1,-1
23,4,871.43,395.74,65.76,130.67,0.99,-1,-1,-1
23,5,831.38,388.53,76.93,101.01,0.99,-1,-1,-1
23,6,314.00,310.98,28.95,88.20,1.00,-1,-1,-1
23,7,1013.51,501.46,118.86,286.89,0.99,-1,-1,-1
23,8,731.77,316.38,38.70,45.37,0.96,-1,-1,-1
24,1,618.10,399.90,77.05,113.41,0.99,-1,-1,-1
24,2,557.37,429.19,101.84,132.37,0.99,-1,-1,-1
24,3,478.35,327.00,65.46,91.26,1.00,-1,-1,-1
24,4,882.33,394.62,57.97,132.51,0.98,-1,-1,-1
24,5,831.84,387.68,77.64,102.77,0.99,-1,-1,-1
24,6,314.13,311.14,28.84,88.20,1.00,-1,-1,-1
24,7,1013.52,501.36,118.85,286.43,0.99,-1,-1,-1
24,8,731.78,316.52,38.70,45.42,0.96,-1,-1,-1
25,1,627.29,404.40,77.69,107.37,0.99,-1,-1,-1
25,2,574.38,422.26,97.64,137.82,0.99,-1,-1,-1
25,3,480.94,326.95,63.97,91.38,1.00,-1,-1,-1
25,4,894.70,391.68,51.11,135.13,1.00,-1,-1,-1
25,5,832.90,387.18,75.55,104.79,1.00,-1,-1,-1
25,6,314.08,311.00,29.10,88.21,1.00,-1,-1,-1
25,7,1013.44,501.62,118.84,285.68,0.99,-1,-1,-1
25,8,731.71,316.55,38.70,45.44,0.96,-1,-1,-1
26,1,626.56,405.90,87.54,107.43,1.00,-1,-1,-1
26,2,592.24,422.20,87.02,137.01,0.99,-1,-1,-1
26,3,488.38,326.01,56.91,91.74,1.00,-1,-1,-1
26,4,899.74,388.62,52.54,138.02,1.00,-1,-1,-1
26,5,836.12,387.11,72.91,105.70,0.99,-1,-1,-1
26,6,314.30,310.81,28.91,88.50,1.00,-1,-1,-1
26,7,1013.49,501.38,118.85,284.79,0.99,-1,-1,-1
26,8,731.76,316.39,38.70,45.74,0.95,-1,-1,-1
27,1,623.95,404.91,97.39,109.90,0.98,-1,-1,-1
27,2,613.58,411.42,79.64,147.48,0.99,-1,-1,-1
27,3,499.35,324.44,47.30,92.80,0.99,-1,-1,-1
27,4,904.35,384.40,51.70,139.55,0.99,-1,-1,-1
27,5,848.08,387.22,66.49,106.79,0.99,-1,-1,-1
27,6,314.17,310.70,29.12,88.61,1.00,-1,-1,-1
27,7,1013.43,501.60,118.83,285.06,0.99,-1,-1,-1
27,8,731.72,316.48,38.70,45.56,0.96,-1,-1,-1
28,1,622.00,402.89,101.88,109.79,0.99,-1,-1,-1
28,2,624.73,406.74,78.81,151.46,0.96,-1,-1,-1
28,3,505.47,323.55,43.05,93.51,1.00,-1,-1,-1
28,4,906.64,382.05,53.79,138.79,1.00,-1,-1,-1
28,5,857.30,388.29,61.57,104.70,1.00,-1,-1,-1
28,6,314.13,310.68,29.21,88.65,1.00,-1,-1,-1
28,7,1012.25,501.68,120.02,285.17,0.99,-1,-1,-1
28,8,731.71,316.52,38.70,45.49,0.96,-1,-1,-1
29,1,629.29,400.03,100.23,113.36,0.99,-1,-1,-1
29,2,634.50,403.50,78.51,148.06,1.00,-1,-1,-1
29,3,513.37,320.26,39.13,97.66,1.00,-1,-1,-1
29,4,910.35,379.61,57.01,137.43,0.99,-1,-1,-1
29,5,865.19,389.62,63.86,104.79,0.99,-1,-1,-1
29,6,314.23,310.68,28.94,88.67,1.00,-1,-1,-1
29,7,1012.95,501.46,119.27,285.83,0.99,-1,-1,-1
29,8,731.68,316.56,38.70,45.47,0.97,-1,-1,-1
30,1,656.94,397.50,79.05,115.59,0.94,-1,-1,-1
30,2,642.98,402.60,75.99,136.87,0.99,-1,-1,-1
30,3,516.55,319.77,39.12,98.04,0.99,-1,-1,-1
30,4,912.79,379.31,59.42,136.30,0.99,-1,-1,-1
30,5,868.20,390.40,67.94,106.31,0.99,-1,-1,-1
30,6,314.29,310.70,28.84,88.67,1.00,-1,-1,-1
30,7,1013.26,501.66,118.98,285.48,0.99,-1,-1,-1
30,8,731.70,316.57,38.70,45.46,0.97,-1,-1,-1
31,1,670.87,392.26,75.87,120.12,0.97,-1,-1,-1
31,2,665.27,401.60,63.45,131.77,0.99,-1,-1,-1
31,3,520.60,320.63,41.00,99.65,1.00,-1,-1,-1
31,4,917.08,380.74,65.12,131.98,0.99,-1,-1,-1
31,5,868.96,390.40,69.18,107.17,0.99,-1,-1,-1
31,6,314.45,310.56,28.80,88.97,1.00,-1,-1,-1
31,7,1012.16,501.75,120.06,285.94,0.99,-1,-1,-1
31,8,731.69,316.59,38.70,45.45,0.97,-1,-1,-1
32,1,685.43,389.41,63.79,117.75,0.98,-1,-1,-1
32,2,683.41,400.84,52.19,130.43,0.99,-1,-1,-1
32,3,523.18,323.77,41.69,97.02,0.99,-1,-1,-1
32,4,920.10,382.83,71.00,130.64,0.99,-1,-1,-1
32,5,870.64,390.22,68.19,107.05,1.00,-1,-1,-1
32,6,314.54,310.51,28.79,89.08,1.00,-1,-1,-1
32,7,1011.78,501.47,120.47,286.71,0.99,-1,-1,-1
32,8,731.71,316.59,38.70,45.45,0.97,-1,-1,-1
33,1,700.34,386.24,52.19,112.03,0.73,-1,-1,-1
33,2,691.59,394.40,60.16,135.56,0.99,-1,-1,-1
33,3,528.14,325.43,52.81,95.39,1.00,-1,-1,-1
33,4,927.09,386.92,75.31,128.34,1.00,-1,-1,-1
33,5,875.30,388.20,68.98,106.55,1.00,-1,-1,-1
33,6,314.54,310.63,29.09,88.82,1.00,-1,-1,-1
33,7,1012.77,501.35,119.43,286.40,0.99,-1,-1,-1
33,8,732.27,317.02,38.11,44.56,0.97,-1,-1,-1
34,1,705.99,384.96,54.03,105.76,0.32,-1,-1,-1
34,2,696.00,388.25,69.97,141.01,0.99,-1,-1,-1
34,3,531.42,327.25,59.46,93.87,1.00,-1,-1,-1
34,4,932.07,389.53,77.01,126.75,0.99,-1,-1,-1
34,5,879.07,386.99,69.56,105.61,0.99,-1,-1,-1
34,6,314.55,310.68,29.20,88.72,1.00,-1,-1,-1
34,7,1012.58,501.32,120.21,286.28,0.99,-1,-1,-1
34,8,732.21,317.05,38.48,44.52,0.97,-1,-1,-1
35,2,701.50,386.69,83.43,132.38,0.99,-1,-1,-1
35,3,536.50,328.35,67.81,92.72,0.99,-1,-1,-1
35,4,940.20,389.58,71.89,126.78,1.00,-1,-1,-1
35,5,885.71,386.22,67.41,98.40,0.99,-1,-1,-1
35,6,314.53,310.69,29.24,88.68,1.00,-1,-1,-1
35,7,1013.09,501.29,119.33,286.24,0.99,-1,-1,-1
35,8,732.16,317.04,38.62,44.51,0.98,-1,-1,-1
36,2,710.24,386.10,90.48,127.26,1.00,-1,-1,-1
36,3,540.75,329.05,70.69,91.39,0.99,-1,-1,-1
36,4,945.60,387.62,68.57,127.56,1.00,-1,-1,-1
36,5,889.37,385.92,66.58,97.17,0.99,-1,-1,-1
36,6,314.56,310.71,29.26,88.67,1.00,-1,-1,-1
36,7,1013.33,501.26,118.99,286.21,0.99,-1,-1,-1
36,8,732.18,317.03,38.68,44.51,0.98,-1,-1,-1
37,2,728.59,386.60,86.67,126.04,1.00,-1,-1,-1
37,3,542.87,328.69,71.80,91.51,1.00,-1,-1,-1
37,4,954.58,385.42,63.71,124.30,1.00,-1,-1,-1
37,5,891.76,385.53,68.66,97.37,0.99,-1,-1,-1
37,6,314.67,310.70,28.96,88.66,1.00,-1,-1,-1
37,7,1012.76,501.29,120.04,286.21,0.99,-1,-1,-1
37,8,732.13,317.04,38.69,44.81,0.98,-1,-1,-1
38,2,736.06,386.54,86.04,126.84,1.00,-1,-1,-1
38,3,544.78,328.10,71.60,92.17,1.00,-1,-1,-1
38,4,957.72,384.42,61.90,115.69,0.99,-1,-1,-1
38,5,891.74,384.48,70.90,98.37,0.99,-1,-1,-1
38,6,314.62,310.56,29.15,88.95,1.00,-1,-1,-1
38,7,1012.60,501.57,120.45,284.42,0.99,-1,-1,-1
38,8,732.47,317.03,38.11,44.92,0.98,-1,-1,-1
39,2,756.97,386.43,70.57,127.03,0.97,-1,-1,-1
39,3,551.38,324.87,65.70,94.81,1.00,-1,-1,-1
39,4,961.68,383.13,57.62,112.82,0.99,-1,-1,-1
39,5,891.89,380.95,72.05,101.60,0.99,-1,-1,-1
39,6,314.70,310.50,28.92,89.07,1.00,-1,-1,-1
39,7,1013.10,501.38,119.41,284.35,0.99,-1,-1,-1
39,8,732.55,317.17,37.89,44.67,0.98,-1,-1,-1
39,1,735.56,383.64,82.53,123.87,0.98,-1,-1,-1
40,2,776.17,384.19,53.97,129.67,0.98,-1,-1,-1
40,3,563.98,325.57,53.05,92.56,1.00,-1,-1,-1
40,4,960.39,382.68,59.79,110.33,1.00,-1,-1,-1
40,5,891.58,373.89,73.35,108.27,1.00,-1,-1,-1
40,6,314.64,310.47,28.84,89.10,1.00,-1,-1,-1
40,7,1012.72,501.29,120.20,283.71,0.99,-1,-1,-1
40,8,732.62,317.36,37.80,43.98,0.97,-1,-1,-1
40,1,742.39,382.63,81.61,124.28,1.00,-1,-1,-1
41,2,787.86,379.85,48.86,133.64,0.99,-1,-1,-1
41,3,575.77,321.65,46.11,95.58,0.99,-1,-1,-1
41,4,955.66,380.25,65.33,110.89,0.99,-1,-1,-1
41,5,898.36,367.76,67.97,111.09,0.99,-1,-1,-1
41,6,314.72,310.46,28.80,89.11,1.00,-1,-1,-1
41,7,1013.12,501.56,119.30,284.08,0.99,-1,-1,-1
41,8,732.59,317.29,37.77,44.02,0.97,-1,-1,-1
41,1,754.57,378.92,73.43,123.07,0.99,-1,-1,-1
42,2,795.98,376.75,53.31,127.21,1.00,-1,-1,-1
42,3,583.97,320.93,41.90,95.51,0.99,-1,-1,-1
42,4,957.37,378.14,65.07,112.35,0.99,-1,-1,-1
42,5,905.78,365.66,59.74,110.71,0.99,-1,-1,-1
42,6,314.79,310.45,28.79,89.11,1.00,-1,-1,-1
42,7,1013.91,501.33,118.97,283.62,0.99,-1,-1,-1
42,8,732.62,317.23,37.77,44.34,0.97,-1,-1,-1
42,1,763.96,375.60,66.23,123.26,1.00,-1,-1,-1
43,2,805.89,375.09,54.67,124.08,1.00,-1,-1,-1
43,3,591.19,321.58,38.62,95.48,1.00,-1,-1,-1
43,4,958.41,374.58,64.95,111.29,0.99,-1,-1,-1
43,5,912.70,361.42,59.22,109.64,0.99,-1,-1,-1
43,6,315.35,310.76,28.79,88.82,1.00,-1,-1,-1
43,7,1012.35,501.58,120.02,282.27,0.99,-1,-1,-1
43,8,732.57,317.09,37.77,44.75,0.97,-1,-1,-1
43,1,775.29,371.91,54.93,121.97,0.99,-1,-1,-1
44,2,809.45,375.18,55.85,120.55,0.99,-1,-1,-1
44,3,594.97,322.61,38.23,94.58,0.98,-1,-1,-1
44,4,958.19,372.55,64.90,103.27,0.98,-1,-1,-1
44,5,915.34,359.46,57.53,107.28,1.00,-1,-1,-1
44,6,315.47,311.05,28.79,88.71,1.00,-1,-1,-1
44,7,1011.85,501.70,120.43,281.78,0.99,-1,-1,-1
44,8,732.62,317.06,37.77,44.92,0.98,-1,-1,-1
44,1,780.32,369.99,53.75,121.43,0.99,-1,-1,-1
45,2,818.42,373.94,51.49,119.14,0.99,-1,-1,-1
45,3,600.72,323.31,41.93,94.83,1.00,-1,-1,-1
45,4,958.56,368.78,62.50,99.40,0.99,-1,-1,-1
45,5,917.33,357.77,55.72,107.11,0.99,-1,-1,-1
45,6,314.86,310.70,29.68,88.97,0.99,-1,-1,-1
45,7,1012.22,501.46,120.57,282.81,0.99,-1,-1,-1
45,8,732.30,317.05,38.37,44.98,0.98,-1,-1,-1
45,1,784.02,368.89,53.36,119.57,1.00,-1,-1,-1
46,2,826.13,372.33,49.22,121.68,0.99,-1,-1,-1
46,3,604.47,324.31,46.77,93.74,1.00,-1,-1,-1
46,4,958.61,366.72,59.16,98.27,0.99,-1,-1,-1
46,5,918.21,356.45,56.66,107.78,1.00,-1,-1,-1
46,6,313.78,311.61,32.96,88.47,0.99,-1,-1,-1
46,7,1012.38,501.65,120.63,283.79,0.99,-1,-1,-1
46,8,732.20,316.88,38.59,45.00,0.98,-1,-1,-1
46,1,786.64,368.53,53.83,117.92,1.00,-1,-1,-1
47,2,833.40,368.20,51.57,122.35,1.00,-1,-1,-1
47,3,608.65,325.59,55.55,92.72,1.00,-1,-1,-1
47,4,957.89,362.05,53.05,101.30,0.99,-1,-1,-1
47,5,918.72,353.05,53.09,110.98,0.99,-1,-1,-1
47,6,312.66,314.03,37.02,86.79,1.00,-1,-1,-1
47,7,1010.65,501.40,121.84,284.17,0.99,-1,-1,-1
47,8,732.45,316.81,38.09,45.01,0.98,-1,-1,-1
47,1,791.27,368.00,52.79,117.73,1.00,-1,-1,-1
48,2,837.61,365.94,54.19,120.39,1.00,-1,-1,-1
48,3,610.82,327.85,60.07,90.55,1.00,-1,-1,-1
48,4,956.88,359.21,49.58,102.43,1.00,-1,-1,-1
48,5,918.41,349.32,52.11,114.08,0.99,-1,-1,-1
48,6,311.81,317.18,38.64,84.36,0.99,-1,-1,-1
48,7,1010.00,501.59,122.29,283.71,0.99,-1,-1,-1
48,8,731.95,316.77,38.49,45.01,0.98,-1,-1,-1
48,1,795.44,366.66,51.18,118.53,0.99,-1,-1,-1
49,2,843.05,365.17,59.91,118.48,1.00,-1,-1,-1
49,3,613.45,324.02,62.49,93.95,1.00,-1,-1,-1
49,4,955.85,355.07,44.67,104.86,0.99,-1,-1,-1
49,5,916.99,345.46,45.67,106.92,0.99,-1,-1,-1
49,6,311.33,321.82,42.11,82.25,1.00,-1,-1,-1
49,7,1009.18,501.65,123.65,283.53,0.99,-1,-1,-1
49,8,731.77,316.75,38.64,45.00,0.98,-1,-1,-1
49,1,800.07,364.56,51.20,120.16,0.99,-1,-1,-1
50,2,847.58,366.21,63.79,115.09,0.99,-1,-1,-1
50,3,616.61,320.87,61.15,95.79,1.00,-1,-1,-1
50,4,954.14,353.34,41.76,93.05,0.99,-1,-1,-1
50,5,915.97,340.81,44.34,106.15,0.99,-1,-1,-1
50,6,311.15,325.17,43.74,79.98,1.00,-1,-1,-1
50,7,1010.08,501.72,122.95,284.08,0.99,-1,-1,-1
50,8,731.72,316.92,38.69,44.71,0.98,-1,-1,-1
50,1,802.79,361.63,49.99,120.62,1.00,-1,-1,-1
51,2,849.63,368.50,67.61,111.45,1.00,-1,-1,-1
51,3,625.74,320.56,52.97,92.96,0.99,-1,-1,-1
51,4,951.59,351.01,40.89,94.10,0.99,-1,-1,-1
51,5,914.95,333.22,46.45,110.36,0.99,-1,-1,-1
51,6,310.63,328.03,43.52,78.57,1.00,-1,-1,-1
51,7,1009.80,502.05,122.67,283.10,0.99,-1,-1,-1
51,8,732.26,317.00,38.12,44.60,0.98,-1,-1,-1
51,1,805.63,356.73,51.38,121.07,1.00,-1,-1,-1
52,2,853.65,371.53,67.39,107.43,1.00,-1,-1,-1
52,3,633.31,319.85,45.89,90.95,1.00,-1,-1,-1
52,4,948.85,350.08,43.19,93.86,0.99,-1,-1,-1
52,5,912.78,330.61,49.02,111.32,0.99,-1,-1,-1
52,6,311.01,328.70,42.52,78.09,0.99,-1,-1,-1
52,7,1010.31,502.17,122.56,282.74,1.00,-1,-1,-1
52,8,732.48,317.01,37.90,44.56,0.98,-1,-1,-1
52,1,807.45,352.71,45.93,119.89,0.99,-1,-1,-1
53,2,856.37,374.65,66.66,103.11,1.00,-1,-1,-1
53,3,636.05,318.09,49.63,91.42,1.00,-1,-1,-1
53,4,943.68,349.06,48.85,89.91,0.99,-1,-1,-1
53,5,909.27,330.76,52.08,107.25,0.99,-1,-1,-1
53,6,312.35,328.43,39.16,79.15,1.00,-1,-1,-1
53,7,1011.71,502.19,121.32,284.98,0.99,-1,-1,-1
53,8,732.56,317.00,37.82,44.84,0.96,-1,-1,-1
53,1,809.93,348.27,47.56,119.42,1.00,-1,-1,-1
54,2,858.03,375.69,65.75,101.18,1.00,-1,-1,-1
54,3,637.35,318.08,52.01,91.00,0.99,-1,-1,-1
54,4,943.53,348.07,48.59,85.75,0.99,-1,-1,-1
54,5,906.76,331.63,50.91,94.23,0.99,-1,-1,-1
54,6,313.18,328.00,37.80,79.57,1.00,-1,-1,-1
54,7,1012.24,501.94,120.84,285.83,1.00,-1,-1,-1
54,8,732.30,317.03,38.39,44.95,0.97,-1,-1,-1
54,1,811.66,346.42,47.50,118.64,0.99,-1,-1,-1
55,2,859.90,373.94,65.37,102.70,1.00,-1,-1,-1
55,3,641.47,317.37,55.26,91.45,0.99,-1,-1,-1
55,4,941.77,347.21,50.89,84.02,0.99,-1,-1,-1
55,5,903.97,335.03,49.26,88.02,0.99,-1,-1,-1
55,6,314.24,327.21,38.50,81.25,1.00,-1,-1,-1
55,7,1012.43,502.17,120.66,285.55,0.99,-1,-1,-1
55,8,732.49,317.07,38.01,45.29,0.97,-1,-1,-1
55,1,813.02,344.06,46.90,117.74,0.99,-1,-1,-1
56,2,865.74,371.80,64.61,105.73,1.00,-1,-1,-1
56,3,644.68,318.32,55.92,90.44,0.99,-1,-1,-1
56,4,937.08,346.82,55.26,82.87,1.00,-1,-1,-1
56,5,902.36,335.01,49.87,88.15,0.99,-1,-1,-1
56,6,314.48,326.44,39.33,82.19,1.00,-1,-1,-1
56,7,1012.54,501.95,120.60,286.05,1.00,-1,-1,-1
56,8,731.99,316.92,38.46,45.42,0.97,-1,-1,-1
56,1,813.99,344.00,46.69,115.77,0.99,-1,-1,-1
57,2,880.79,368.36,58.96,110.76,0.99,-1,-1,-1
57,3,656.28,320.35,46.79,88.27,1.00,-1,-1,-1
57,4,940.46,347.52,52.34,77.03,0.97,-1,-1,-1
57,5,901.20,336.13,48.91,86.10,0.96,-1,-1,-1
57,6,314.44,325.07,40.81,83.15,0.99,-1,-1,-1
57,7,1012.56,502.18,120.56,284.44,1.00,-1,-1,-1
57,8,732.41,316.88,38.03,45.76,0.97,-1,-1,-1
57,1,815.42,347.39,45.42,111.12,0.99,-1,-1,-1
58,2,888.35,366.91,57.05,112.24,0.98,-1,-1,-1
58,3,661.46,320.36,42.33,88.07,0.99,-1,-1,-1
58,4,937.17,348.01,51.10,76.88,0.98,-1,-1,-1
58,5,893.86,336.12,56.09,85.75,0.98,-1,-1,-1
58,6,314.83,324.22,40.50,84.11,0.98,-1,-1,-1
58,7,1012.57,501.95,120.56,284.43,1.00,-1,-1,-1
58,8,732.55,316.84,37.87,45.59,0.97,-1,-1,-1
58,1,816.39,349.51,48.01,108.48,1.00,-1,-1,-1
59,2,903.91,366.08,48.77,107.22,0.99,-1,-1,-1
59,3,663.01,318.86,42.11,89.51,1.00,-1,-1,-1
59,4,942.55,348.82,48.25,74.12,0.98,-1,-1,-1
59,5,896.05,336.31,52.67,79.89,0.98,-1,-1,-1
59,6,315.56,323.28,39.76,85.95,0.97,-1,-1,-1
59,7,1013.15,502.15,120.56,283.83,1.00,-1,-1,-1
59,8,732.59,316.82,37.81,46.12,0.97,-1,-1,-1
59,1,816.70,355.48,43.64,101.48,0.99,-1,-1,-1
60,2,913.66,366.25,48.26,116.61,0.99,-1,-1,-1
60,3,664.06,316.96,39.59,90.36,1.00,-1,-1,-1
60,4,947.08,349.15,45.97,72.91,0.98,-1,-1,-1
60,5,897.13,335.65,51.19,78.13,0.98,-1,-1,-1
60,6,316.42,322.93,39.46,88.11,0.99,-1,-1,-1
60,7,1012.78,502.21,120.58,284.20,0.99,-1,-1,-1
60,8,732.61,316.81,37.79,45.72,0.97,-1,-1,-1
60,1,816.89,357.90,42.53,98.33,0.98,-1,-1,-1
61,2,924.12,370.61,50.59,116.46,0.99,-1,-1,-1
61,3,663.20,315.05,43.08,90.68,1.00,-1,-1,-1
61,4,948.10,345.12,47.60,80.24,0.97,-1,-1,-1
61,5,895.43,334.18,50.94,79.75,0.99,-1,-1,-1
61,6,317.62,324.69,41.72,88.63,1.00,-1,-1,-1
61,7,1012.61,502.19,120.59,283.73,0.99,-1,-1,-1
61,8,732.59,316.93,37.79,45.26,0.96,-1,-1,-1
61,1,816.87,357.82,59.28,98.20,0.98,-1,-1,-1
62,2,929.45,374.34,52.63,113.87,0.99,-1,-1,-1
62,3,662.03,314.36,46.03,91.11,1.00,-1,-1,-1
62,4,952.03,343.59,45.80,85.72,0.99,-1,-1,-1
62,5,893.93,332.95,49.35,80.37,0.99,-1,-1,-1
62,6,318.65,326.25,41.97,88.22,1.00,-1,-1,-1
62,7,1012.54,502.21,120.59,282.96,1.00,-1,-1,-1
62,8,732.28,317.00,38.38,45.09,0.97,-1,-1,-1
62,1,816.76,357.35,62.11,98.51,0.99,-1,-1,-1
63,2,932.29,377.88,59.36,117.62,1.00,-1,-1,-1
63,3,657.37,315.63,53.01,88.00,1.00,-1,-1,-1
63,4,955.93,340.15,45.12,91.07,1.00,-1,-1,-1
63,5,891.88,331.64,49.06,81.27,0.99,-1,-1,-1
63,6,320.51,329.52,41.45,88.93,1.00,-1,-1,-1
63,7,1011.87,502.22,121.77,282.66,1.00,-1,-1,-1
63,8,732.14,316.89,38.60,45.32,0.96,-1,-1,-1
63,1,814.83,355.07,59.91,98.38,0.99,-1,-1,-1
64,2,935.07,380.35,61.87,118.71,1.00,-1,-1,-1
64,3,654.48,316.29,56.80,85.91,1.00,-1,-1,-1
64,4,957.98,337.68,46.10,94.61,0.99,-1,-1,-1
64,5,890.60,331.79,51.37,80.15,0.99,-1,-1,-1
64,6,321.50,331.62,40.06,87.42,1.00,-1,-1,-1
64,7,1011.09,502.24,122.23,283.76,0.99,-1,-1,-1
64,8,732.13,316.70,38.69,45.71,0.97,-1,-1,-1
64,1,813.37,354.23,58.90,98.09,1.00,-1,-1,-1
65,2,938.70,381.45,65.18,121.91,0.99,-1,-1,-1
65,3,649.22,319.29,62.85,82.14,1.00,-1,-1,-1
65,4,964.04,335.91,45.28,95.99,0.97,-1,-1,-1
65,5,888.67,334.02,46.05,72.23,0.74,-1,-1,-1
65,6,321.39,335.86,39.21,87.72,0.99,-1,-1,-1
65,7,1011.37,502.26,122.41,283.58,1.00,-1,-1,-1
65,8,732.10,316.65,38.72,45.56,0.98,-1,-1,-1
65,1,811.28,354.25,55.54,96.22,1.00,-1,-1,-1
65,9,888.30,332.77,70.20,71.10,0.94,-1,-1,-1
66,2,941.66,382.12,67.60,124.28,0.99,-1,-1,-1
66,3,645.72,319.78,66.36,81.69,1.00,-1,-1,-1
66,4,968.12,333.95,44.98,98.24,0.99,-1,-1,-1
66,5,881.19,333.49,70.59,76.85,0.99,-1,-1,-1
66,6,321.93,338.55,38.89,86.34,0.98,-1,-1,-1
66,7,1010.90,502.25,122.46,284.12,0.99,-1,-1,-1
66,8,732.11,316.61,38.73,45.50,0.98,-1,-1,-1
66,1,809.83,355.46,58.36,94.67,1.00,-1,-1,-1
67,2,945.50,381.61,66.22,126.19,0.99,-1,-1,-1
67,3,644.25,319.04,67.75,82.76,1.00,-1,-1,-1
67,4,969.58,332.79,49.69,101.99,0.99,-1,-1,-1
67,5,874.64,332.57,72.98,80.74,0.96,-1,-1,-1
67,6,323.47,341.01,37.57,84.61,1.00,-1,-1,-1
67,7,1011.34,502.24,122.47,282.54,1.00,-1,-1,-1
67,8,732.13,316.73,38.73,45.48,0.98,-1,-1,-1
67,1,808.45,360.76,68.64,91.43,0.99,-1,-1,-1
68,2,948.45,381.22,65.61,127.03,0.99,-1,-1,-1
68,3,644.18,319.19,67.67,82.28,0.99,-1,-1,-1
68,4,970.66,332.22,52.54,104.56,0.99,-1,-1,-1
68,5,869.37,331.47,64.41,82.53,0.99,-1,-1,-1
68,6,324.62,341.85,36.77,83.96,1.00,-1,-1,-1
68,7,1011.48,501.91,122.47,282.54,1.00,-1,-1,-1
68,8,732.12,316.76,38.73,45.47,0.98,-1,-1,-1
68,1,808.46,365.14,74.19,88.46,1.00,-1,-1,-1
68,10,893.25,331.87,63.45,49.95,0.77,-1,-1,-1
69,2,952.35,381.36,67.70,129.08,1.00,-1,-1,-1
69,3,641.88,320.91,68.14,80.33,0.99,-1,-1,-1
69,4,975.68,332.07,51.36,105.82,0.99,-1,-1,-1
69,5,864.09,330.06,81.67,83.25,0.99,-1,-1,-1
69,6,325.19,342.26,36.48,83.43,1.00,-1,-1,-1
69,7,1012.18,501.82,121.27,281.96,1.00,-1,-1,-1
69,8,732.16,316.63,38.72,45.76,0.97,-1,-1,-1
69,1,808.50,366.56,80.93,89.59,1.00,-1,-1,-1
70,2,954.23,382.01,69.63,130.12,1.00,-1,-1,-1
70,3,638.62,320.05,52.67,81.14,0.99,-1,-1,-1
70,4,979.91,332.67,49.67,105.97,1.00,-1,-1,-1
70,5,862.37,327.64,85.16,85.30,0.99,-1,-1,-1
70,6,324.90,341.77,36.68,83.84,1.00,-1,-1,-1
70,7,1011.80,501.80,122.00,281.74,1.00,-1,-1,-1
70,8,732.14,316.60,38.72,45.87,0.97,-1,-1,-1
70,1,808.73,366.46,85.28,92.45,1.00,-1,-1,-1
71,2,958.80,385.76,70.34,136.64,1.00,-1,-1,-1
71,3,632.71,321.08,46.56,80.56,0.99,-1,-1,-1
71,4,983.17,336.62,49.01,102.46,0.98,-1,-1,-1
71,5,866.21,326.02,79.26,84.32,0.99,-1,-1,-1
71,6,324.75,341.09,37.06,84.59,0.99,-1,-1,-1
71,7,1011.61,501.80,122.26,282.25,1.00,-1,-1,-1
71,8,732.10,316.59,38.71,47.39,0.98,-1,-1,-1
71,1,812.70,364.91,87.54,95.32,0.99,-1,-1,-1
72,2,961.01,389.80,70.58,138.23,0.99,-1,-1,-1
72,3,623.86,321.62,54.19,80.37,1.00,-1,-1,-1
72,4,986.74,333.17,46.37,106.11,0.99,-1,-1,-1
72,5,870.13,325.30,72.75,90.76,0.98,-1,-1,-1
72,6,324.55,340.06,37.51,85.48,0.99,-1,-1,-1
72,7,1011.59,501.83,122.36,281.87,1.00,-1,-1,-1
72,8,732.13,316.61,38.71,47.97,0.98,-1,-1,-1
72,1,817.47,364.61,86.10,96.73,1.00,-1,-1,-1
73,2,959.94,396.29,72.99,134.41,1.00,-1,-1,-1
73,3,620.74,320.29,49.08,83.32,0.99,-1,-1,-1
73,4,992.85,329.54,41.72,109.48,1.00,-1,-1,-1
73,5,874.45,326.31,60.26,91.12,1.00,-1,-1,-1
73,6,323.84,338.73,40.95,86.71,0.99,-1,-1,-1
73,7,1012.20,502.11,121.21,281.16,0.99,-1,-1,-1
73,8,731.84,316.44,38.71,46.71,0.98,-1,-1,-1
73,1,827.18,362.81,84.25,98.62,0.99,-1,-1,-1
74,2,958.78,400.24,73.88,130.45,1.00,-1,-1,-1
74,3,617.77,318.62,41.88,70.27,0.99,-1,-1,-1
74,4,996.77,327.16,40.02,112.19,0.99,-1,-1,-1
74,5,875.28,327.06,55.65,92.98,1.00,-1,-1,-1
74,6,323.59,337.62,42.80,87.75,0.99,-1,-1,-1
74,7,1012.39,501.90,120.77,280.86,0.99,-1,-1,-1
74,8,731.72,316.37,38.71,46.21,0.98,-1,-1,-1
74,1,839.07,361.23,73.51,99.92,1.00,-1,-1,-1
75,2,953.50,401.38,78.85,130.10,1.00,-1,-1,-1
75,3,611.37,318.09,47.70,84.10,0.99,-1,-1,-1
75,4,1002.36,325.84,36.97,113.20,1.00,-1,-1,-1
75,5,879.96,330.58,47.86,92.79,1.00,-1,-1,-1
75,6,324.07,335.85,44.38,89.32,1.00,-1,-1,-1
75,7,1013.06,501.83,120.60,280.76,1.00,-1,-1,-1
75,8,731.68,316.36,38.71,46.02,0.97,-1,-1,-1
75,1,849.21,359.88,60.46,105.28,0.99,-1,-1,-1
76,2,949.09,401.43,83.01,131.14,1.00,-1,-1,-1
76,3,606.64,317.78,51.77,89.67,0.99,-1,-1,-1
76,4,1005.40,325.52,37.20,113.53,1.00,-1,-1,-1
76,5,880.04,333.73,48.68,92.97,1.00,-1,-1,-1
76,6,324.23,334.44,44.70,90.79,1.00,-1,-1,-1
76,7,1013.26,501.78,120.55,281.30,1.00,-1,-1,-1
76,8,731.63,316.50,38.70,45.64,0.97,-1,-1,-1
76,1,857.81,358.21,52.43,111.92,0.99,-1,-1,-1
77,2,941.06,397.11,90.34,142.32,1.00,-1,-1,-1
77,3,601.47,315.95,48.75,94.26,1.00,-1,-1,-1
77,4,1005.84,328.09,47.13,111.26,1.00,-1,-1,-1
77,5,882.62,336.42,48.33,91.85,1.00,-1,-1,-1
77,6,324.32,331.86,43.93,93.11,1.00,-1,-1,-1
77,7,1013.43,501.79,120.54,281.55,1.00,-1,-1,-1
77,8,731.69,316.56,38.71,45.51,0.96,-1,-1,-1
77,1,862.14,362.02,59.65,111.19,0.99,-1,-1,-1
78,2,934.97,398.25,95.43,145.18,0.99,-1,-1,-1
78,3,598.04,317.69,45.04,93.75,0.99,-1,-1,-1
78,4,1006.61,330.06,52.68,111.81,1.00,-1,-1,-1
78,5,884.73,337.61,48.24,91.39,1.00,-1,-1,-1
78,6,323.86,330.44,43.60,94.26,1.00,-1,-1,-1
78,7,1013.41,501.52,120.53,282.82,1.00,-1,-1,-1
78,8,731.65,316.46,38.70,45.75,0.97,-1,-1,-1
78,1,864.74,365.64,64.15,111.70,0.99,-1,-1,-1
79,2,927.43,399.63,90.65,144.65,0.99,-1,-1,-1
79,3,591.44,321.73,38.72,89.98,0.99,-1,-1,-1
79,4,1006.87,332.40,61.75,112.29,1.00,-1,-1,-1
79,5,888.60,337.56,49.48,91.79,0.99,-1,-1,-1
79,6,322.52,328.71,41.99,94.69,1.00,-1,-1,-1
79,7,1012.87,501.68,120.54,283.91,0.99,-1,-1,-1
79,8,731.68,316.38,38.71,45.85,0.97,-1,-1,-1
79,1,865.64,372.69,70.02,111.43,1.00,-1,-1,-1
80,2,928.87,397.49,73.22,147.88,0.99,-1,-1,-1
80,3,587.97,323.02,35.16,89.34,0.99,-1,-1,-1
80,4,1006.29,333.18,67.58,113.01,1.00,-1,-1,-1
80,5,889.59,337.10,50.84,92.81,1.00,-1,-1,-1
80,6,322.13,327.04,39.25,93.93,0.99,-1,-1,-1
80,7,1013.16,501.74,120.54,284.29,1.00,-1,-1,-1
80,8,731.63,316.37,38.70,45.88,0.97,-1,-1,-1
80,1,862.93,378.04,74.59,108.33,0.99,-1,-1,-1
81,2,922.52,392.28,68.60,153.73,0.99,-1,-1,-1
81,3,581.23,323.78,37.92,89.97,1.00,-1,-1,-1
81,4,1007.12,334.07,70.00,112.68,1.00,-1,-1,-1
81,5,888.19,336.90,54.35,87.59,0.99,-1,-1,-1
81,6,321.83,325.54,35.78,93.33,0.99,-1,-1,-1
81,7,1013.33,501.77,120.55,285.04,1.00,-1,-1,-1
81,8,731.65,316.51,38.70,45.60,0.97,-1,-1,-1
81,1,857.19,382.42,80.96,104.43,1.00,-1,-1,-1
82,2,916.71,389.79,69.59,156.36,0.99,-1,-1,-1
82,3,573.58,325.97,43.61,86.94,1.00,-1,-1,-1
82,4,1009.00,334.38,69.80,112.81,1.00,-1,-1,-1
82,5,889.36,336.78,57.42,85.82,0.98,-1,-1,-1
82,6,321.41,324.40,34.21,93.07,0.99,-1,-1,-1
82,7,1013.36,502.04,120.56,283.52,1.00,-1,-1,-1
82,8,731.63,316.54,38.70,45.49,0.98,-1,-1,-1
82,1,853.96,384.13,85.99,103.68,0.99,-1,-1,-1
83,2,897.25,387.50,77.17,154.54,0.98,-1,-1,-1
83,3,562.50,326.64,53.16,92.64,1.00,-1,-1,-1
83,4,1017.73,333.76,61.62,113.43,0.99,-1,-1,-1
83,5,887.51,337.63,60.92,86.40,1.00,-1,-1,-1
83,6,320.67,323.11,33.69,92.95,1.00,-1,-1,-1
83,7,1013.40,501.84,120.57,283.53,0.99,-1,-1,-1
83,8,731.66,316.70,38.70,45.15,0.98,-1,-1,-1
83,1,851.50,381.85,82.86,104.15,0.99,-1,-1,-1
84,2,885.48,387.21,77.04,154.01,0.99,-1,-1,-1
84,3,558.09,327.90,53.63,93.83,0.99,-1,-1,-1
84,4,1025.25,333.68,55.72,113.63,0.99,-1,-1,-1
84,5,885.82,338.69,63.13,91.39,1.00,-1,-1,-1
84,6,319.76,322.21,33.83,93.48,1.00,-1,-1,-1
84,7,1013.33,501.77,120.57,282.92,1.00,-1,-1,-1
84,8,731.60,316.77,38.70,45.32,0.98,-1,-1,-1
84,1,850.30,379.46,76.45,105.51,0.99,-1,-1,-1
85,2,875.10,389.30,65.71,149.79,0.98,-1,-1,-1
85,3,555.77,330.71,49.15,92.51,1.00,-1,-1,-1
85,4,1024.31,332.75,65.76,114.58,0.99,-1,-1,-1
85,5,887.23,341.25,59.67,91.50,0.99,-1,-1,-1
85,6,319.31,321.76,33.91,93.68,1.00,-1,-1,-1
85,7,1013.41,501.44,120.59,282.12,0.99,-1,-1,-1
85,8,731.65,316.64,38.71,45.39,0.98,-1,-1,-1
85,1,845.35,376.73,67.24,108.11,0.99,-1,-1,-1
86,2,866.31,390.58,60.46,151.21,0.99,-1,-1,-1
86,3,554.90,332.81,44.83,92.85,0.99,-1,-1,-1
86,4,1030.76,332.42,65.78,116.68,0.99,-1,-1,-1
86,5,888.62,342.40,56.70,91.52,1.00,-1,-1,-1
86,6,318.86,321.91,34.26,93.14,1.00,-1,-1,-1
86,7,1013.36,501.62,120.58,281.20,0.99,-1,-1,-1
86,8,731.63,316.60,38.70,45.42,0.98,-1,-1,-1
86,1,835.60,374.94,68.07,109.22,0.99,-1,-1,-1
87,2,845.35,396.23,74.48,147.44,0.99,-1,-1,-1
87,3,552.12,334.31,40.15,94.44,0.99,-1,-1,-1
87,4,1034.00,332.43,71.48,119.82,0.99,-1,-1,-1
87,5,887.39,343.40,62.81,90.93,0.99,-1,-1,-1
87,6,317.51,322.46,35.31,91.45,1.00,-1,-1,-1
87,7,1013.43,501.40,120.60,281.48,1.00,-1,-1,-1
87,8,731.68,316.58,38.71,45.43,0.98,-1,-1,-1
87,1,828.77,373.50,65.96,110.97,0.99,-1,-1,-1
88,2,838.79,400.04,78.35,143.98,1.00,-1,-1,-1
88,3,549.47,335.00,39.06,95.01,0.99,-1,-1,-1
88,4,1037.39,332.75,74.77,121.27,0.99,-1,-1,-1
88,5,887.17,343.91,66.96,90.98,0.99,-1,-1,-1
88,6,316.86,322.69,35.70,90.49,1.00,-1,-1,-1
88,7,1013.37,501.32,120.58,282.76,1.00,-1,-1,-1
88,8,731.64,316.58,38.70,45.44,0.98,-1,-1,-1
88,1,817.67,373.09,68.18,111.16,0.99,-1,-1,-1
89,2,820.49,402.18,96.06,142.83,0.99,-1,-1,-1
89,3,545.03,336.24,41.15,94.04,1.00,-1,-1,-1
89,4,1049.00,335.79,70.35,119.46,0.99,-1,-1,-1
89,5,887.45,343.76,63.18,91.00,1.00,-1,-1,-1
89,6,315.61,322.04,35.86,89.84,1.00,-1,-1,-1
89,7,1013.44,501.58,120.60,281.49,1.00,-1,-1,-1
89,8,731.69,316.56,38.70,45.44,0.98,-1,-1,-1
89,1,808.42,376.16,74.33,106.50,0.99,-1,-1,-1
90,2,810.33,402.64,102.26,141.80,1.00,-1,-1,-1
90,3,541.70,337.11,43.67,93.33,1.00,-1,-1,-1
90,4,1056.43,337.59,66.00,120.78,0.99,-1,-1,-1
90,5,884.48,343.85,66.88,91.29,1.00,-1,-1,-1
90,6,314.40,321.51,35.92,89.30,1.00,-1,-1,-1
90,7,1013.37,501.69,120.58,281.58,0.99,-1,-1,-1
90,8,731.66,316.72,38.70,45.14,0.97,-1,-1,-1
90,1,802.62,378.86,65.67,113.99,0.98,-1,-1,-1
91,2,803.65,402.30,98.68,137.38,1.00,-1,-1,-1
91,3,539.41,335.90,46.38,94.83,1.00,-1,-1,-1
91,4,1057.92,340.45,66.70,118.60,0.99,-1,-1,-1
91,5,881.14,344.28,68.80,90.51,1.00,-1,-1,-1
91,6,313.53,319.66,35.95,90.60,1.00,-1,-1,-1
91,7,1013.40,501.42,120.58,282.23,1.00,-1,-1,-1
91,8,731.68,316.75,38.70,45.03,0.98,-1,-1,-1
91,1,785.45,382.85,76.17,108.71,0.98,-1,-1,-1
92,2,800.51,402.43,89.42,131.17,0.99,-1,-1,-1
92,3,537.77,333.80,48.00,96.85,1.00,-1,-1,-1
92,4,1064.23,341.83,58.67,117.42,0.99,-1,-1,-1
92,5,878.91,344.73,69.22,90.20,1.00,-1,-1,-1
92,6,313.07,318.56,35.96,91.68,1.00,-1,-1,-1
92,7,1013.35,501.32,120.57,283.05,0.99,-1,-1,-1
92,8,731.65,316.78,38.70,44.99,0.98,-1,-1,-1
92,1,771.09,384.87,83.60,100.35,0.99,-1,-1,-1
93,2,793.24,400.59,74.79,131.06,1.00,-1,-1,-1
93,3,533.80,330.18,49.79,100.25,0.99,-1,-1,-1
93,4,1068.93,340.98,47.94,119.35,1.00,-1,-1,-1
93,5,875.17,345.46,70.52,88.89,1.00,-1,-1,-1
93,6,313.07,317.86,35.97,92.09,1.00,-1,-1,-1
93,7,1011.59,501.28,122.96,283.38,0.99,-1,-1,-1
93,8,731.96,316.77,38.70,44.98,0.98,-1,-1,-1
93,1,751.62,384.65,94.49,103.05,1.00,-1,-1,-1
94,2,787.02,399.61,68.49,134.37,1.00,-1,-1,-1
94,3,531.49,327.92,51.03,101.81,0.99,-1,-1,-1
94,4,1071.52,340.65,42.78,120.35,0.99,-1,-1,-1
94,5,872.82,345.87,71.85,88.99,1.00,-1,-1,-1
94,6,313.09,317.64,35.08,92.53,1.00,-1,-1,-1
94,7,1010.87,501.26,123.85,282.88,0.99,-1,-1,-1
94,8,731.75,316.78,38.70,44.97,0.97,-1,-1,-1
94,1,743.33,383.81,88.85,103.84,1.00,-1,-1,-1
95,2,779.25,399.97,69.52,136.36,0.99,-1,-1,-1
95,3,530.16,325.86,48.60,99.46,1.00,-1,-1,-1
95,4,1074.15,340.79,45.16,121.29,0.99,-1,-1,-1
95,5,871.39,345.56,72.33,88.73,1.00,-1,-1,-1
95,6,313.29,317.57,35.35,92.40,1.00,-1,-1,-1
95,7,1010.64,500.95,124.18,283.89,0.99,-1,-1,-1
95,8,731.99,316.78,38.70,45.27,0.98,-1,-1,-1
95,1,739.53,382.27,83.82,106.24,1.00,-1,-1,-1
96,2,771.86,400.70,71.70,136.54,0.99,-1,-1,-1
96,3,527.16,323.45,42.22,99.98,0.99,-1,-1,-1
96,4,1074.98,340.99,47.12,123.55,1.00,-1,-1,-1
96,5,870.56,344.38,72.77,90.13,1.00,-1,-1,-1
96,6,313.67,317.58,35.15,92.05,1.00,-1,-1,-1
96,7,1010.54,501.14,124.29,283.67,0.99,-1,-1,-1
96,8,732.07,316.79,38.70,45.39,0.98,-1,-1,-1
96,1,737.80,379.75,75.86,107.88,0.99,-1,-1,-1
97,2,760.46,403.81,66.54,127.54,0.99,-1,-1,-1
97,3,524.12,321.24,39.10,101.93,0.99,-1,-1,-1
97,4,1076.99,342.53,44.26,125.57,0.99,-1,-1,-1
97,5,865.64,343.35,75.83,91.25,1.00,-1,-1,-1
97,6,313.56,317.33,36.57,91.61,1.00,-1,-1,-1
97,7,1010.56,501.23,124.32,282.99,0.99,-1,-1,-1
97,8,732.13,316.80,38.70,45.43,0.98,-1,-1,-1
97,1,737.00,376.42,72.16,110.28,0.99,-1,-1,-1
98,2,756.01,405.13,62.04,123.64,0.99,-1,-1,-1
98,3,522.56,320.43,37.42,102.64,0.99,-1,-1,-1
98,4,1077.50,344.86,43.22,124.84,1.00,-1,-1,-1
98,5,864.64,342.65,74.37,91.97,1.00,-1,-1,-1
98,6,313.51,316.67,37.10,91.74,1.00,-1,-1,-1
98,7,1011.15,501.26,123.15,283.91,0.99,-1,-1,-1
98,8,732.14,316.66,38.70,45.74,0.98,-1,-1,-1
98,1,736.92,375.15,69.61,112.05,0.99,-1,-1,-1
99,2,744.56,405.15,69.24,123.06,0.99,-1,-1,-1
99,3,521.23,321.05,35.61,102.30,1.00,-1,-1,-1
99,4,1078.84,346.64,41.65,124.82,1.00,-1,-1,-1
99,5,867.89,342.69,66.65,92.53,1.00,-1,-1,-1
99,6,313.24,315.56,37.31,92.38,0.99,-1,-1,-1
99,7,1010.83,501.30,123.88,284.27,0.99,-1,-1,-1
99,8,732.18,316.62,38.70,45.86,0.98,-1,-1,-1
99,1,734.42,376.32,66.25,99.94,0.99,-1,-1,-1
100,2,732.71,403.76,79.21,123.95,0.98,-1,-1,-1
100,3,519.03,322.93,35.00,100.65,0.99,-1,-1,-1
100,4,1078.56,347.43,41.14,125.23,1.00,-1,-1,-1
100,5,868.63,343.44,63.56,92.14,1.00,-1,-1,-1
100,6,313.43,315.01,36.79,92.33,0.99,-1,-1,-1
100,7,1011.29,501.00,122.97,282.61,0.99,-1,-1,-1
100,8,732.17,316.75,38.70,45.61,0.98,-1,-1,-1
100,1,710.04,378.35,81.68,108.05,0.94,-1,-1,-1
101,2,711.60,402.02,96.60,123.73,1.00,-1,-1,-1
101,3,517.13,324.57,34.20,98.81,1.00,-1,-1,-1
101,4,1077.14,347.56,44.68,125.80,1.00,-1,-1,-1
101,5,866.17,346.10,62.78,90.80,1.00,-1,-1,-1
101,6,315.01,314.22,35.69,92.01,0.99,-1,-1,-1
101,7,1011.47,500.89,122.61,281.98,0.99,-1,-1,-1
101,8,732.17,316.80,38.70,45.51,0.98,-1,-1,-1
101,1,719.98,378.87,69.58,105.37,0.99,-1,-1,-1
102,2,701.52,400.60,92.16,125.05,0.99,-1,-1,-1
102,3,516.54,325.48,33.95,98.10,0.99,-1,-1,-1
102,4,1075.42,347.27,48.28,126.29,1.00,-1,-1,-1
102,5,863.16,346.79,65.84,90.58,1.00,-1,-1,-1
102,6,315.73,313.94,34.97,91.29,0.99,-1,-1,-1
102,7,1011.50,500.85,122.47,281.15,0.99,-1,-1,-1
102,8,731.84,316.66,38.70,45.77,0.98,-1,-1,-1
102,1,723.17,378.03,66.29,105.03,0.99,-1,-1,-1
103,2,670.69,401.70,89.28,124.23,0.99,-1,-1,-1
103,3,515.23,325.53,35.11,98.42,0.99,-1,-1,-1
103,4,1071.84,347.12,57.79,126.15,1.00,-1,-1,-1
103,5,856.80,348.22,71.09,89.89,1.00,-1,-1,-1
103,6,316.92,313.71,34.41,90.12,0.99,-1,-1,-1
103,7,1011.54,500.81,122.43,285.01,0.99,-1,-1,-1
103,8,732.04,316.60,38.70,46.16,0.98,-1,-1,-1
103,1,712.76,372.78,76.82,109.52,1.00,-1,-1,-1
104,2,655.04,401.66,86.90,124.40,0.99,-1,-1,-1
104,3,513.91,324.06,35.55,99.73,0.99,-1,-1,-1
104,4,1069.37,346.89,62.51,126.52,0.99,-1,-1,-1
104,5,851.51,348.59,75.39,89.64,1.00,-1,-1,-1
104,6,317.36,313.48,34.21,89.98,0.99,-1,-1,-1
104,7,1011.55,501.10,122.40,286.46,0.99,-1,-1,-1
104,8,732.11,316.57,38.70,46.01,0.98,-1,-1,-1
104,1,706.23,369.37,82.11,112.06,1.00,-1,-1,-1
105,2,659.24,399.55,69.40,125.69,0.99,-1,-1,-1
105,3,512.02,322.03,36.92,99.32,1.00,-1,-1,-1
105,4,1062.67,347.40,67.82,126.94,1.00,-1,-1,-1
105,5,848.33,347.97,77.05,91.33,1.00,-1,-1,-1
105,6,317.68,313.42,34.74,89.93,1.00,-1,-1,-1
105,7,1011.53,500.92,122.38,285.80,0.99,-1,-1,-1
105,8,732.13,316.57,38.69,46.55,0.97,-1,-1,-1
105,1,700.66,366.17,75.08,106.73,0.99,-1,-1,-1
106,2,640.15,397.43,80.80,122.17,1.00,-1,-1,-1
106,3,511.04,320.96,38.04,98.27,1.00,-1,-1,-1
106,4,1048.76,346.98,78.87,128.85,1.00,-1,-1,-1
106,5,846.84,348.61,77.97,89.90,1.00,-1,-1,-1
106,6,318.05,313.41,34.05,89.92,0.99,-1,-1,-1
106,7,1011.52,500.86,122.38,286.74,0.99,-1,-1,-1
106,8,732.11,316.57,38.69,46.75,0.97,-1,-1,-1
106,1,697.89,364.82,53.87,104.44,0.98,-1,-1,-1
107,2,625.79,392.58,79.06,117.70,0.99,-1,-1,-1
107,3,509.91,320.89,40.23,96.67,1.00,-1,-1,-1
107,4,1040.02,349.18,80.00,128.09,1.00,-1,-1,-1
107,5,845.23,346.47,78.28,90.84,1.00,-1,-1,-1
107,6,318.23,313.45,33.49,89.92,1.00,-1,-1,-1
107,7,1011.56,500.56,122.38,287.68,0.99,-1,-1,-1
107,8,732.15,316.59,38.70,46.23,0.98,-1,-1,-1
107,1,681.05,364.69,60.35,103.60,0.99,-1,-1,-1
108,2,618.55,390.03,72.89,116.84,0.99,-1,-1,-1
108,3,509.17,320.87,42.22,96.37,1.00,-1,-1,-1
108,4,1039.05,351.76,76.97,127.18,1.00,-1,-1,-1
108,5,844.93,345.49,76.32,91.49,1.00,-1,-1,-1
108,6,318.07,313.46,33.29,89.93,0.99,-1,-1,-1
108,7,1011.53,501.02,122.38,286.24,0.99,-1,-1,-1
108,8,732.11,316.58,38.70,46.02,0.98,-1,-1,-1
108,1,672.28,364.51,64.92,102.85,0.99,-1,-1,-1
109,2,607.99,387.93,69.21,115.95,0.99,-1,-1,-1
109,3,507.81,321.78,43.57,95.36,1.00,-1,-1,-1
109,4,1033.49,351.69,80.24,129.33,0.99,-1,-1,-1
109,5,842.82,344.24,67.20,88.17,1.00,-1,-1,-1
109,6,318.04,313.49,32.62,89.93,0.99,-1,-1,-1
109,7,1011.48,500.90,122.37,288.04,0.99,-1,-1,-1
109,8,732.09,316.74,38.69,45.65,0.98,-1,-1,-1
109,1,666.82,362.99,68.44,103.17,0.99,-1,-1,-1
110,2,601.60,385.83,67.29,117.03,0.99,-1,-1,-1
110,3,507.32,322.57,44.66,94.70,1.00,-1,-1,-1
110,4,1030.31,352.21,81.47,129.55,1.00,-1,-1,-1
110,5,833.80,340.58,67.33,90.21,1.00,-1,-1,-1
110,6,317.99,313.49,32.08,89.94,0.99,-1,-1,-1
110,7,1011.51,500.86,122.38,289.32,0.99,-1,-1,-1
110,8,732.10,316.78,38.70,45.51,0.98,-1,-1,-1
110,1,660.01,362.89,73.32,102.26,0.99,-1,-1,-1
111,2,589.70,382.28,71.52,119.11,0.99,-1,-1,-1
111,3,507.25,322.74,45.08,94.16,1.00,-1,-1,-1
111,4,1027.45,352.23,81.89,129.75,1.00,-1,-1,-1
111,5,829.91,338.08,61.36,93.33,0.99,-1,-1,-1
111,6,317.72,313.38,32.20,90.25,0.99,-1,-1,-1
111,7,1012.78,500.84,121.21,289.20,0.99,-1,-1,-1
111,8,732.45,316.95,38.10,45.16,0.98,-1,-1,-1
111,1,642.38,364.41,75.77,91.60,0.99,-1,-1,-1
112,2,584.06,380.52,73.62,111.16,0.99,-1,-1,-1
112,3,506.64,322.63,45.80,93.98,1.00,-1,-1,-1
112,4,1027.51,351.61,78.51,130.71,0.99,-1,-1,-1
112,5,828.60,337.28,50.99,94.80,0.99,-1,-1,-1
112,6,317.85,313.31,31.95,90.37,0.99,-1,-1,-1
112,7,1012.61,500.83,121.95,289.15,0.99,-1,-1,-1
112,8,732.54,316.85,37.88,45.03,0.98,-1,-1,-1
112,1,631.52,365.82,63.98,95.66,0.98,-1,-1,-1
113,2,577.07,376.74,75.01,106.42,0.99,-1,-1,-1
113,3,505.92,321.72,45.48,93.92,1.00,-1,-1,-1
113,4,1025.88,351.21,66.45,131.49,1.00,-1,-1,-1
113,5,825.79,338.33,43.39,93.88,0.99,-1,-1,-1
113,6,318.11,313.32,32.17,90.11,0.99,-1,-1,-1
113,7,1011.98,500.82,122.23,288.50,0.99,-1,-1,-1
113,8,732.01,316.81,38.40,45.28,0.97,-1,-1,-1
113,1,615.43,367.20,62.05,94.62,0.99,-1,-1,-1
114,2,571.47,374.23,75.54,106.02,0.99,-1,-1,-1
114,3,505.62,321.37,45.33,93.61,1.00,-1,-1,-1
114,4,1026.00,351.35,57.82,132.07,0.99,-1,-1,-1
114,5,822.34,338.47,41.81,93.81,1.00,-1,-1,-1
114,6,318.27,313.01,31.96,90.32,0.99,-1,-1,-1
114,7,1011.69,500.54,122.34,288.86,0.99,-1,-1,-1
114,8,731.75,316.80,38.59,45.38,0.98,-1,-1,-1
114,1,604.61,367.44,63.85,94.87,0.98,-1,-1,-1
115,2,574.81,369.92,62.73,109.10,0.98,-1,-1,-1
115,3,505.64,321.41,47.02,92.90,1.00,-1,-1,-1
115,4,1026.81,352.13,49.75,131.82,0.99,-1,-1,-1
115,5,811.36,340.04,47.87,92.28,1.00,-1,-1,-1
115,6,318.57,313.08,32.19,90.10,0.99,-1,-1,-1
115,7,1011.63,500.42,122.38,288.36,0.99,-1,-1,-1
115,8,731.72,316.81,38.66,45.71,0.97,-1,-1,-1
115,1,595.03,364.25,63.30,99.48,0.98,-1,-1,-1
116,2,575.89,366.59,53.05,111.76,0.99,-1,-1,-1
116,3,505.34,321.56,48.23,92.36,1.00,-1,-1,-1
116,4,1026.53,353.28,44.47,132.89,0.99,-1,-1,-1
116,5,803.62,340.93,53.33,91.69,1.00,-1,-1,-1
116,6,318.77,313.23,31.98,90.02,0.99,-1,-1,-1
116,7,1011.60,500.37,122.40,288.19,0.99,-1,-1,-1
116,8,731.98,316.79,38.69,45.84,0.97,-1,-1,-1
116,1,601.69,360.40,50.50,103.26,0.99,-1,-1,-1
117,2,562.02,362.49,57.76,106.86,0.99,-1,-1,-1
117,3,505.60,322.71,48.69,90.66,0.99,-1,-1,-1
117,4,1018.61,355.65,50.78,128.39,1.00,-1,-1,-1
117,5,797.30,341.00,58.37,91.46,0.99,-1,-1,-1
117,6,318.74,313.93,33.40,89.39,0.99,-1,-1,-1
117,7,1012.19,500.37,122.41,287.50,0.99,-1,-1,-1
117,8,732.11,316.81,38.70,47.37,0.98,-1,-1,-1
117,1,592.77,355.17,51.32,107.93,0.99,-1,-1,-1
118,2,563.91,360.25,48.89,100.00,0.99,-1,-1,-1
118,3,505.68,324.01,48.84,89.15,1.00,-1,-1,-1
118,4,1008.99,356.67,59.77,127.39,1.00,-1,-1,-1
118,5,794.93,340.86,59.22,91.39,0.99,-1,-1,-1
118,6,318.52,314.61,33.93,88.57,1.00,-1,-1,-1
118,7,1012.39,500.36,122.40,287.26,0.99,-1,-1,-1
118,8,732.12,316.79,38.71,50.29,0.98,-1,-1,-1
118,1,589.94,352.72,50.92,105.07,1.00,-1,-1,-1
119,2,567.00,356.80,40.24,98.77,0.99,-1,-1,-1
119,3,504.90,324.96,51.22,87.70,1.00,-1,-1,-1
119,4,1002.53,358.52,65.46,127.62,1.00,-1,-1,-1
119,5,794.84,340.07,57.79,91.95,1.00,-1,-1,-1
119,6,318.76,314.28,34.43,89.15,0.99,-1,-1,-1
119,7,1012.48,500.36,122.41,286.56,0.99,-1,-1,-1
119,8,732.14,316.65,38.71,52.26,0.97,-1,-1,-1
119,1,591.73,350.79,42.23,99.44,0.98,-1,-1,-1
120,2,563.08,353.82,41.69,100.21,1.00,-1,-1,-1
120,3,501.44,325.13,55.00,86.89,1.00,-1,-1,-1
120,4,997.18,358.87,68.93,128.91,1.00,-1,-1,-1
120,5,794.46,338.58,55.42,92.46,1.00,-1,-1,-1
120,6,318.55,315.62,34.61,88.79,0.99,-1,-1,-1
120,7,1013.11,500.35,121.21,287.49,0.99,-1,-1,-1
120,8,732.15,316.57,38.71,52.73,0.96,-1,-1,-1
120,1,589.91,348.30,39.72,99.09,0.99,-1,-1,-1
121,2,550.88,348.51,50.24,102.58,1.00,-1,-1,-1
121,3,498.14,324.77,58.16,86.92,1.00,-1,-1,-1
121,4,992.33,359.15,69.15,129.83,1.00,-1,-1,-1
121,5,793.63,337.61,50.90,93.24,1.00,-1,-1,-1
121,6,318.92,319.16,34.39,85.97,1.00,-1,-1,-1
121,7,1013.37,500.38,120.78,286.65,0.99,-1,-1,-1
121,8,732.47,316.58,38.11,50.56,0.96,-1,-1,-1
121,1,582.08,345.99,42.87,100.76,0.99,-1,-1,-1
122,2,546.34,344.64,51.35,104.70,1.00,-1,-1,-1
122,3,497.41,323.54,58.25,88.16,1.00,-1,-1,-1
122,4,989.97,360.83,65.68,128.56,1.00,-1,-1,-1
122,5,792.62,337.07,48.59,94.13,1.00,-1,-1,-1
122,6,319.19,322.24,35.18,82.80,1.00,-1,-1,-1
122,7,1013.44,500.66,120.60,285.75,0.99,-1,-1,-1
122,8,732.28,316.55,38.48,49.38,0.97,-1,-1,-1
122,1,581.64,344.39,39.63,101.09,0.99,-1,-1,-1
123,2,543.70,341.65,49.47,102.86,0.99,-1,-1,-1
123,3,497.14,322.32,57.07,89.24,1.00,-1,-1,-1
123,4,981.50,358.46,61.84,131.94,1.00,-1,-1,-1
123,5,790.52,339.70,45.94,92.39,0.99,-1,-1,-1
123,6,319.71,324.11,39.29,81.64,0.99,-1,-1,-1
123,7,1013.43,500.78,120.53,286.60,0.99,-1,-1,-1
123,8,732.18,316.39,38.62,49.53,0.97,-1,-1,-1
123,1,578.46,340.72,39.76,100.62,0.99,-1,-1,-1
124,2,542.15,339.79,48.15,103.38,0.99,-1,-1,-1
124,3,496.24,321.15,57.15,90.55,1.00,-1,-1,-1
124,4,978.54,357.86,54.33,132.61,1.00,-1,-1,-1
124,5,789.33,341.34,45.64,91.71,0.99,-1,-1,-1
124,6,320.07,324.19,41.40,81.86,0.99,-1,-1,-1
124,7,1013.46,500.83,120.53,286.92,0.99,-1,-1,-1
124,8,732.17,316.35,38.68,49.57,0.97,-1,-1,-1
124,1,577.52,337.95,38.61,101.04,0.99,-1,-1,-1
125,2,540.86,338.90,44.65,100.91,1.00,-1,-1,-1
125,3,494.43,320.27,54.22,89.58,1.00,-1,-1,-1
125,4,978.34,357.47,46.46,133.89,0.99,-1,-1,-1
125,5,786.23,343.44,46.78,90.57,0.99,-1,-1,-1
125,6,319.87,322.98,42.23,82.87,0.99,-1,-1,-1
125,7,1012.85,500.86,121.72,287.06,0.99,-1,-1,-1
125,8,732.14,316.33,38.70,51.37,0.97,-1,-1,-1
125,1,575.21,338.01,37.64,91.10,0.98,-1,-1,-1
126,2,540.10,339.02,41.52,98.79,1.00,-1,-1,-1
126,3,492.93,319.81,48.84,88.61,1.00,-1,-1,-1
126,4,974.05,357.90,46.33,134.06,1.00,-1,-1,-1
126,5,784.92,344.39,47.22,90.14,0.99,-1,-1,-1
126,6,320.55,322.08,41.96,83.86,0.99,-1,-1,-1
126,7,1013.24,500.87,121.00,287.10,0.99,-1,-1,-1
126,8,732.45,316.34,38.11,49.11,0.98,-1,-1,-1
126,1,573.97,339.13,41.07,86.91,1.00,-1,-1,-1
127,2,540.01,338.41,37.33,97.14,1.00,-1,-1,-1
127,3,488.37,320.39,42.45,87.06,1.00,-1,-1,-1
127,4,959.02,360.59,58.72,130.69,0.99,-1,-1,-1
127,5,781.81,343.68,51.00,91.78,0.99,-1,-1,-1
127,6,324.70,319.91,39.20,81.87,0.99,-1,-1,-1
127,7,1013.34,500.88,120.71,287.12,0.99,-1,-1,-1
127,8,732.53,316.64,37.89,47.59,0.98,-1,-1,-1
127,1,573.50,339.72,38.72,84.57,0.99,-1,-1,-1
128,2,539.02,338.14,35.29,96.86,0.99,-1,-1,-1
128,3,489.44,320.63,36.98,87.09,0.99,-1,-1,-1
128,4,949.40,361.88,67.28,128.79,0.99,-1,-1,-1
128,5,784.84,342.52,48.90,93.87,0.99,-1,-1,-1
128,6,330.15,319.84,36.28,79.02,0.99,-1,-1,-1
128,7,1014.04,501.17,120.61,287.71,0.99,-1,-1,-1
128,8,732.62,316.61,37.81,47.63,0.98,-1,-1,-1
128,1,573.35,339.23,35.38,84.41,0.99,-1,-1,-1
129,2,533.41,338.26,38.49,94.99,1.00,-1,-1,-1
129,3,489.56,321.01,33.89,87.41,0.99,-1,-1,-1
129,4,939.42,363.83,75.33,128.08,0.99,-1,-1,-1
129,5,787.15,340.74,45.65,96.13,0.99,-1,-1,-1
129,6,337.32,318.58,39.45,77.38,0.99,-1,-1,-1
129,7,1014.29,501.27,120.58,287.93,0.99,-1,-1,-1
129,8,732.35,316.59,38.38,50.34,0.97,-1,-1,-1
129,1,571.58,337.26,32.96,85.61,0.99,-1,-1,-1
130,2,530.05,339.00,40.13,92.81,1.00,-1,-1,-1
130,3,489.33,320.87,32.32,88.13,1.00,-1,-1,-1
130,4,933.77,365.29,80.85,126.77,1.00,-1,-1,-1
130,5,788.11,339.77,45.66,97.28,0.99,-1,-1,-1
130,6,338.95,316.92,42.57,77.71,0.99,-1,-1,-1
130,7,1014.36,501.31,120.56,287.41,0.99,-1,-1,-1
130,8,732.53,316.44,38.00,51.05,0.97,-1,-1,-1
130,1,567.31,336.88,35.33,85.49,0.99,-1,-1,-1
131,2,525.64,339.94,43.17,90.24,1.00,-1,-1,-1
131,3,488.33,319.62,31.24,90.20,0.98,-1,-1,-1
131,4,930.56,364.58,78.60,127.80,1.00,-1,-1,-1
131,5,788.50,338.20,48.09,98.88,0.99,-1,-1,-1
131,6,340.96,312.99,46.65,80.57,0.99,-1,-1,-1
131,7,1014.41,501.31,120.57,286.63,0.99,-1,-1,-1
131,8,732.62,316.51,37.85,50.73,0.97,-1,-1,-1
131,1,562.00,336.32,38.50,85.19,0.99,-1,-1,-1
132,2,524.08,340.19,43.74,88.12,1.00,-1,-1,-1
132,3,487.40,318.86,30.95,90.98,0.99,-1,-1,-1
132,4,929.58,364.45,72.87,127.44,1.00,-1,-1,-1
132,5,788.07,337.62,49.57,100.06,0.99,-1,-1,-1
132,6,342.45,311.11,48.52,81.93,1.00,-1,-1,-1
132,7,1013.79,501.31,120.56,285.12,0.99,-1,-1,-1
132,8,732.34,316.55,38.39,54.44,0.96,-1,-1,-1
132,1,559.79,337.07,39.70,83.31,0.99,-1,-1,-1
133,2,523.63,339.38,39.85,84.98,1.00,-1,-1,-1
133,3,483.34,316.77,34.04,91.57,0.99,-1,-1,-1
133,4,929.53,362.71,62.16,129.26,1.00,-1,-1,-1
133,5,785.60,338.26,49.55,100.79,0.99,-1,-1,-1
133,6,348.52,310.52,47.54,77.74,1.00,-1,-1,-1
133,7,1012.97,500.99,121.75,284.58,0.99,-1,-1,-1
133,8,731.94,316.52,38.60,51.21,0.97,-1,-1,-1
133,1,560.82,332.66,38.43,85.07,1.00,-1,-1,-1
134,2,522.50,339.02,38.93,82.36,0.99,-1,-1,-1
134,3,482.28,316.18,35.11,91.20,0.99,-1,-1,-1
134,4,929.34,361.62,55.43,130.38,0.99,-1,-1,-1
134,5,785.89,339.29,48.36,102.21,0.99,-1,-1,-1
134,6,353.83,311.16,44.46,75.21,1.00,-1,-1,-1
134,7,1012.68,501.18,122.21,284.36,0.99,-1,-1,-1
134,8,731.80,316.55,38.68,49.84,0.98,-1,-1,-1
134,1,560.21,330.97,39.14,85.44,1.00,-1,-1,-1
135,2,520.04,338.29,41.05,80.26,1.00,-1,-1,-1
135,3,476.25,313.87,40.91,89.27,0.98,-1,-1,-1
135,4,923.83,361.93,51.83,124.45,1.00,-1,-1,-1
135,5,784.85,341.72,52.09,102.44,0.99,-1,-1,-1
135,6,367.44,310.63,32.72,76.14,0.99,-1,-1,-1
135,7,1013.16,501.27,121.18,284.91,0.99,-1,-1,-1
135,8,731.75,316.55,38.71,47.83,0.97,-1,-1,-1
135,1,558.56,330.81,41.17,82.32,0.98,-1,-1,-1
136,2,519.79,337.33,40.64,79.58,1.00,-1,-1,-1
136,3,477.15,310.95,40.21,90.03,0.99,-1,-1,-1
136,4,915.22,361.90,53.12,131.37,0.99,-1,-1,-1
136,5,783.90,344.01,51.71,101.32,0.99,-1,-1,-1
136,6,374.02,309.59,28.31,77.08,0.99,-1,-1,-1
136,7,1013.34,501.29,120.80,284.52,0.99,-1,-1,-1
136,8,731.72,316.56,38.72,47.08,0.97,-1,-1,-1
136,1,557.70,331.90,42.52,78.13,0.99,-1,-1,-1
137,2,517.44,335.95,41.08,79.70,1.00,-1,-1,-1
137,3,472.67,309.60,45.19,89.12,1.00,-1,-1,-1
137,4,897.79,364.96,63.29,129.60,1.00,-1,-1,-1
137,5,766.46,345.18,65.70,100.56,0.99,-1,-1,-1
137,6,378.49,310.28,31.65,75.07,1.00,-1,-1,-1
137,7,1013.40,501.31,120.66,284.38,0.99,-1,-1,-1
137,8,732.00,316.73,38.72,46.21,0.98,-1,-1,-1
137,1,555.98,332.22,45.38,77.25,1.00,-1,-1,-1
138,2,517.23,335.50,39.47,79.80,1.00,-1,-1,-1
138,3,471.57,309.30,47.02,88.78,1.00,-1,-1,-1
138,4,888.65,366.02,69.16,127.85,1.00,-1,-1,-1
138,5,774.50,347.25,56.66,98.77,0.98,-1,-1,-1
138,6,382.80,308.93,29.63,74.93,0.99,-1,-1,-1
138,7,1013.42,501.32,120.61,284.33,0.99,-1,-1,-1
138,8,732.10,316.80,38.72,45.90,0.98,-1,-1,-1
138,1,556.22,334.04,45.32,74.54,0.99,-1,-1,-1
139,2,516.98,336.12,37.66,78.09,1.00,-1,-1,-1
139,3,478.33,308.62,39.75,88.65,0.99,-1,-1,-1
139,4,878.66,366.09,77.51,129.28,1.00,-1,-1,-1
139,5,774.78,346.97,55.76,99.28,1.00,-1,-1,-1
139,6,389.78,308.60,28.23,68.01,0.99,-1,-1,-1
139,7,1013.44,501.32,120.60,285.51,0.99,-1,-1,-1
139,8,732.14,316.67,39.31,47.00,0.98,-1,-1,-1
139,1,552.92,332.91,50.53,76.36,0.99,-1,-1,-1
140,2,517.90,336.22,35.77,76.29,1.00,-1,-1,-1
140,3,480.15,308.23,37.21,88.91,0.99,-1,-1,-1
140,4,873.37,365.80,79.99,130.40,1.00,-1,-1,-1
140,5,774.87,346.39,55.43,99.75,1.00,-1,-1,-1
140,6,393.75,307.41,30.28,69.44,0.99,-1,-1,-1
140,7,1013.40,501.32,120.58,285.95,0.99,-1,-1,-1
140,8,731.84,316.47,44.26,46.22,0.96,-1,-1,-1
140,1,551.67,333.25,51.90,75.83,1.00,-1,-1,-1
141,2,518.96,335.19,33.88,75.39,0.99,-1,-1,-1
141,3,480.81,307.05,35.72,88.12,0.99,-1,-1,-1
141,4,870.15,365.80,77.22,130.68,1.00,-1,-1,-1
141,5,774.98,344.65,56.46,100.82,0.99,-1,-1,-1
141,6,396.00,303.97,46.20,73.25,0.99,-1,-1,-1
141,7,1012.82,501.30,121.76,285.53,0.99,-1,-1,-1
141,8,731.75,316.51,48.35,45.63,0.93,-1,-1,-1
141,1,547.84,330.81,55.29,78.09,1.00,-1,-1,-1
142,2,519.42,334.26,33.24,75.41,1.00,-1,-1,-1
142,3,481.38,306.80,34.59,86.92,0.99,-1,-1,-1
142,4,867.49,365.20,73.04,130.78,1.00,-1,-1,-1
142,5,774.48,343.69,56.84,101.51,0.99,-1,-1,-1
142,6,397.28,302.59,54.26,74.67,0.99,-1,-1,-1
142,7,1012.59,501.30,122.21,285.96,0.99,-1,-1,-1
142,8,731.72,316.55,49.42,45.42,0.93,-1,-1,-1
142,1,550.07,329.95,51.49,78.35,0.99,-1,-1,-1
143,2,519.90,332.27,34.26,76.07,1.00,-1,-1,-1
143,3,482.81,306.89,32.36,84.09,0.99,-1,-1,-1
143,4,868.26,363.62,57.36,132.44,0.99,-1,-1,-1
143,5,774.02,342.43,54.60,102.35,1.00,-1,-1,-1
143,6,400.10,301.50,56.41,71.10,0.99,-1,-1,-1
143,7,1011.90,501.29,122.38,284.94,0.99,-1,-1,-1
143,8,731.68,317.15,49.24,44.76,0.92,-1,-1,-1
143,1,548.45,322.79,52.21,83.23,0.99,-1,-1,-1
144,2,520.14,331.28,35.25,76.64,1.00,-1,-1,-1
144,3,484.03,307.43,30.94,82.73,1.00,-1,-1,-1
144,4,869.05,363.03,42.57,133.35,0.98,-1,-1,-1
144,5,773.64,341.52,53.70,103.24,1.00,-1,-1,-1
144,6,402.41,301.17,57.50,69.11,0.99,-1,-1,-1
144,7,1011.67,501.29,122.44,284.54,0.99,-1,-1,-1
144,8,731.70,317.09,47.39,44.82,0.93,-1,-1,-1
144,1,548.51,319.30,50.71,84.46,1.00,-1,-1,-1
145,2,519.35,328.69,37.42,79.29,0.99,-1,-1,-1
145,3,485.07,305.52,29.85,84.37,0.99,-1,-1,-1
145,4,860.89,362.50,43.95,133.68,0.99,-1,-1,-1
145,5,773.23,341.46,51.57,102.98,0.99,-1,-1,-1
145,6,405.73,303.19,58.42,63.56,0.98,-1,-1,-1
145,7,1011.58,501.29,122.46,285.59,0.99,-1,-1,-1
145,8,732.00,316.90,45.44,44.85,0.95,-1,-1,-1
145,1,547.42,316.21,48.90,84.35,1.00,-1,-1,-1
146,2,519.97,327.03,37.07,80.88,0.99,-1,-1,-1
146,3,485.77,305.76,29.50,84.39,0.99,-1,-1,-1
146,4,851.95,362.60,49.27,133.79,1.00,-1,-1,-1
146,5,773.14,341.16,47.12,103.45,1.00,-1,-1,-1
146,6,415.31,302.93,49.82,64.03,0.97,-1,-1,-1
146,7,1011.56,500.99,122.46,286.58,0.99,-1,-1,-1
146,8,732.12,317.00,42.89,44.87,0.95,-1,-1,-1
146,1,545.29,313.93,49.40,84.59,0.99,-1,-1,-1
147,2,520.23,325.10,36.94,82.68,0.99,-1,-1,-1
147,3,486.61,304.37,28.17,85.91,0.98,-1,-1,-1
147,4,835.54,362.80,64.76,133.97,1.00,-1,-1,-1
147,5,772.85,341.06,43.60,103.62,0.99,-1,-1,-1
147,6,425.79,308.30,40.98,59.67,0.98,-1,-1,-1
147,7,1011.56,500.89,122.46,286.97,0.99,-1,-1,-1
147,8,732.46,317.03,43.73,44.89,0.97,-1,-1,-1
147,1,544.83,312.53,49.57,83.50,0.99,-1,-1,-1
148,2,520.35,324.86,36.89,82.78,1.00,-1,-1,-1
148,3,486.90,304.19,27.11,85.60,0.99,-1,-1,-1
148,4,826.81,363.63,72.70,133.58,1.00,-1,-1,-1
148,5,772.16,340.89,43.03,104.26,0.99,-1,-1,-1
148,6,430.44,311.62,36.53,55.92,0.98,-1,-1,-1
148,7,1011.56,500.87,122.46,286.51,0.99,-1,-1,-1
148,8,732.58,317.05,43.44,45.20,0.97,-1,-1,-1
148,1,545.00,312.39,48.44,80.69,0.99,-1,-1,-1
149,2,520.43,324.55,38.06,83.70,1.00,-1,-1,-1
149,3,488.57,305.07,26.15,82.80,0.98,-1,-1,-1
149,4,817.07,364.25,81.63,133.12,1.00,-1,-1,-1
149,5,771.97,340.11,42.86,105.08,0.99,-1,-1,-1
149,6,435.01,315.46,35.99,53.73,0.98,-1,-1,-1
149,7,1011.59,501.16,122.46,285.73,0.99,-1,-1,-1
149,8,732.34,316.93,41.53,45.92,0.97,-1,-1,-1
149,1,549.35,313.19,39.02,79.02,0.99,-1,-1,-1
150,2,520.44,325.19,38.50,83.75,1.00,-1,-1,-1
150,3,489.42,307.23,26.47,75.12,0.99,-1,-1,-1
150,4,811.25,364.48,85.29,132.34,1.00,-1,-1,-1
150,5,771.59,339.37,42.83,105.67,0.99,-1,-1,-1
150,6,438.88,317.37,36.11,52.42,0.99,-1,-1,-1
150,7,1012.16,500.98,122.45,286.03,0.99,-1,-1,-1
150,8,731.92,316.88,39.59,47.38,0.96,-1,-1,-1
150,1,547.29,317.30,38.53,75.11,0.99,-1,-1,-1
151,2,520.22,326.38,39.26,82.58,0.99,-1,-1,-1
151,3,489.45,306.05,29.66,74.13,0.99,-1,-1,-1
151,4,809.21,363.08,79.99,132.34,1.00,-1,-1,-1
151,5,770.31,338.22,44.68,107.06,0.99,-1,-1,-1
151,6,443.05,317.54,39.67,52.03,0.99,-1,-1,-1
151,7,1011.83,500.90,122.45,286.14,0.99,-1,-1,-1
151,8,731.80,316.86,38.88,49.39,0.97,-1,-1,-1
151,1,547.31,319.52,37.14,73.97,0.98,-1,-1,-1
152,2,520.39,327.57,38.95,81.54,1.00,-1,-1,-1
152,3,489.14,305.17,33.10,74.73,0.99,-1,-1,-1
152,4,808.85,362.37,75.78,132.19,1.00,-1,-1,-1
152,5,766.26,337.62,48.93,107.87,0.99,-1,-1,-1
152,6,446.07,317.37,39.35,51.66,0.99,-1,-1,-1
152,7,1011.68,500.87,122.44,286.79,0.99,-1,-1,-1
152,8,731.73,316.69,39.24,56.56,0.97,-1,-1,-1
152,1,549.51,320.61,34.82,78.74,0.97,-1,-1,-1
153,2,520.81,328.62,38.24,80.25,1.00,-1,-1,-1
153,3,490.18,302.42,39.00,77.40,0.99,-1,-1,-1
153,4,808.16,362.24,62.24,130.79,1.00,-1,-1,-1
153,5,761.34,337.24,53.98,108.45,0.99,-1,-1,-1
153,6,448.38,312.20,46.19,56.48,0.99,-1,-1,-1
153,7,1012.24,500.84,122.43,288.22,0.99,-1,-1,-1
153,8,732.04,316.74,38.78,53.40,0.98,-1,-1,-1
153,1,551.31,320.25,32.15,80.76,0.98,-1,-1,-1
154,2,521.55,328.73,37.36,80.07,1.00,-1,-1,-1
154,3,491.11,301.13,41.87,78.41,0.99,-1,-1,-1
154,4,810.41,362.80,44.06,129.37,0.99,-1,-1,-1
154,5,766.49,337.11,49.15,108.36,0.99,-1,-1,-1
154,6,450.10,309.93,51.47,58.48,0.99,-1,-1,-1
154,7,1012.43,500.83,122.42,288.75,0.99,-1,-1,-1
154,8,732.13,316.62,38.63,54.32,0.97,-1,-1,-1
154,1,551.92,320.12,31.93,82.13,0.96,-1,-1,-1
155,2,523.35,328.93,35.83,79.71,1.00,-1,-1,-1
155,3,496.27,301.55,38.02,77.62,0.99,-1,-1,-1
155,4,803.69,360.31,40.98,132.72,0.99,-1,-1,-1
155,5,760.38,337.08,55.49,108.29,0.99,-1,-1,-1
155,6,452.24,309.63,53.20,57.82,0.98,-1,-1,-1
155,7,1012.50,500.82,122.41,288.93,0.99,-1,-1,-1
155,8,732.17,316.72,38.58,51.43,0.98,-1,-1,-1
155,1,553.39,320.22,28.77,75.89,0.98,-1,-1,-1
156,2,523.39,328.59,36.48,80.19,0.99,-1,-1,-1
156,3,500.76,301.62,34.52,76.75,0.99,-1,-1,-1
156,4,796.61,360.88,44.75,131.91,0.99,-1,-1,-1
156,5,756.52,337.39,59.38,108.25,0.99,-1,-1,-1
156,6,453.18,307.60,54.14,60.26,0.99,-1,-1,-1
156,7,1012.52,500.53,122.42,288.41,0.99,-1,-1,-1
156,8,732.16,316.77,38.57,49.96,0.98,-1,-1,-1
156,1,552.27,318.61,29.01,74.33,0.96,-1,-1,-1
157,2,522.50,327.87,39.69,80.97,1.00,-1,-1,-1
157,3,502.70,303.17,35.00,74.33,0.99,-1,-1,-1
157,4,783.05,363.21,55.68,129.50,1.00,-1,-1,-1
157,5,755.28,336.93,60.93,108.22,0.99,-1,-1,-1
157,6,454.99,306.72,52.30,60.57,0.99,-1,-1,-1
157,7,1013.10,500.73,121.22,288.19,0.99,-1,-1,-1
157,8,731.85,316.80,38.58,48.81,0.98,-1,-1,-1
157,1,547.86,316.24,33.46,77.11,0.99,-1,-1,-1
158,2,522.44,327.62,40.31,81.27,1.00,-1,-1,-1
158,3,503.35,304.69,35.76,72.24,0.99,-1,-1,-1
158,4,773.83,364.10,63.00,128.59,1.00,-1,-1,-1
158,5,755.13,336.92,59.22,104.34,0.97,-1,-1,-1
158,6,456.10,306.54,46.23,59.82,1.00,-1,-1,-1
158,7,1013.32,500.81,120.78,288.71,0.99,-1,-1,-1
158,8,731.72,316.36,38.59,49.28,0.98,-1,-1,-1
158,1,546.04,315.69,35.55,77.84,0.98,-1,-1,-1
159,2,521.25,326.94,40.54,82.27,0.99,-1,-1,-1
159,3,502.97,304.50,36.62,71.50,0.99,-1,-1,-1
159,4,767.45,365.47,68.30,126.62,1.00,-1,-1,-1
159,5,763.67,336.48,44.98,101.64,0.98,-1,-1,-1
159,6,457.52,306.65,44.36,60.42,0.99,-1,-1,-1
159,7,1012.80,500.84,121.81,288.90,0.99,-1,-1,-1
159,8,731.68,316.50,38.61,48.85,0.98,-1,-1,-1
159,1,545.33,317.13,37.57,80.50,0.99,-1,-1,-1
160,2,519.90,327.57,42.38,81.77,0.99,-1,-1,-1
160,3,501.90,304.12,37.53,71.27,0.99,-1,-1,-1
160,4,764.80,365.98,68.75,125.90,0.99,-1,-1,-1
160,5,765.75,336.17,39.65,100.05,0.97,-1,-1,-1
160,6,458.54,306.69,41.27,60.35,1.00,-1,-1,-1
160,7,1012.60,500.85,122.20,289.56,0.99,-1,-1,-1
160,8,731.95,316.69,38.02,47.80,0.98,-1,-1,-1
160,1,543.92,319.74,38.94,80.62,0.99,-1,-1,-1
161,2,519.65,327.97,42.49,81.27,1.00,-1,-1,-1
161,3,499.39,303.08,39.03,72.11,0.99,-1,-1,-1
161,4,763.79,364.80,65.35,127.00,1.00,-1,-1,-1
161,5,766.71,336.52,38.67,99.17,0.96,-1,-1,-1
161,6,459.97,307.61,38.26,59.14,0.99,-1,-1,-1
161,7,1012.51,500.86,122.35,289.22,0.99,-1,-1,-1
161,8,732.04,316.77,37.81,48.30,0.99,-1,-1,-1
161,1,545.40,322.39,37.16,78.88,0.99,-1,-1,-1
162,2,519.02,328.28,44.27,81.09,0.99,-1,-1,-1
162,3,499.59,303.00,38.44,71.85,0.99,-1,-1,-1
162,4,763.52,363.46,63.27,128.02,0.99,-1,-1,-1
162,5,765.17,336.65,37.13,94.06,0.94,-1,-1,-1
162,6,460.53,307.97,37.02,58.38,0.99,-1,-1,-1
162,7,1012.50,500.86,122.41,289.07,0.99,-1,-1,-1
162,8,732.40,316.79,37.74,47.59,0.98,-1,-1,-1
162,1,546.07,324.29,36.43,71.33,0.97,-1,-1,-1
163,2,519.04,330.18,42.04,78.93,1.00,-1,-1,-1
163,3,498.44,302.83,38.77,71.48,0.99,-1,-1,-1
163,4,763.03,360.87,55.31,129.30,1.00,-1,-1,-1
163,5,761.15,337.33,36.63,92.17,0.93,-1,-1,-1
163,6,459.83,308.41,36.14,57.20,0.99,-1,-1,-1
163,7,1012.47,500.56,122.42,290.20,0.99,-1,-1,-1
163,8,732.21,316.80,38.31,46.13,0.98,-1,-1,-1
163,1,545.12,324.54,37.34,75.88,0.99,-1,-1,-1
164,2,519.11,330.76,41.12,78.12,0.99,-1,-1,-1
164,3,497.74,303.07,38.88,70.76,0.99,-1,-1,-1
164,4,763.35,360.19,48.98,129.50,1.00,-1,-1,-1
164,5,758.86,337.27,32.77,89.40,0.81,-1,-1,-1
164,6,457.83,307.23,37.86,58.57,0.99,-1,-1,-1
164,7,1011.90,500.45,123.62,290.03,0.99,-1,-1,-1
164,8,732.47,316.80,37.94,45.28,0.98,-1,-1,-1
164,1,545.11,324.48,37.68,77.71,0.99,-1,-1,-1
165,2,515.25,330.36,43.75,78.73,0.99,-1,-1,-1
165,3,496.85,304.06,38.90,70.51,0.99,-1,-1,-1
165,4,763.10,359.04,44.20,130.17,1.00,-1,-1,-1
165,5,757.12,336.79,30.16,76.82,0.62,-1,-1,-1
165,6,456.62,307.23,37.73,58.79,0.99,-1,-1,-1
165,7,1011.67,500.10,124.07,289.95,0.99,-1,-1,-1
165,8,732.25,316.80,38.40,45.29,0.98,-1,-1,-1
165,1,544.81,323.10,37.81,79.90,1.00,-1,-1,-1
166,2,516.76,329.01,41.81,80.46,0.99,-1,-1,-1
166,3,495.95,305.04,38.90,70.74,1.00,-1,-1,-1
166,4,762.64,358.48,39.38,130.57,0.98,-1,-1,-1
166,5,755.00,335.97,30.01,71.27,0.77,-1,-1,-1
166,6,455.97,308.28,35.13,57.39,0.99,-1,-1,-1
166,7,1012.19,500.27,123.04,288.73,0.99,-1,-1,-1
166,8,731.89,316.94,39.76,44.70,0.98,-1,-1,-1
166,1,544.74,323.44,39.03,80.14,1.00,-1,-1,-1
167,2,514.70,328.05,40.40,82.00,0.99,-1,-1,-1
167,3,494.70,304.94,38.88,71.44,0.99,-1,-1,-1
167,4,757.84,357.83,36.51,131.46,0.99,-1,-1,-1
167,5,751.82,334.75,33.77,91.96,0.89,-1,-1,-1
167,6,454.41,309.13,32.62,57.16,0.99,-1,-1,-1
167,7,1012.38,500.33,122.64,288.86,0.99,-1,-1,-1
167,8,731.75,316.84,42.04,44.79,0.96,-1,-1,-1
167,1,547.05,324.59,43.58,78.74,0.99,-1,-1,-1
168,2,516.39,327.70,37.46,82.58,0.99,-1,-1,-1
168,3,493.66,304.62,38.86,72.01,0.99,-1,-1,-1
168,4,751.92,357.31,39.53,132.08,1.00,-1,-1,-1
168,5,749.28,333.94,36.21,98.20,0.93,-1,-1,-1
168,6,453.68,309.61,32.22,57.38,0.97,-1,-1,-1
168,7,1012.48,500.07,122.49,289.49,0.99,-1,-1,-1
168,8,732.00,316.96,41.16,46.34,0.94,-1,-1,-1
168,1,548.23,325.19,44.73,78.79,0.99,-1,-1,-1
169,2,517.03,327.58,35.75,83.98,0.99,-1,-1,-1
169,3,491.17,303.02,39.44,73.72,0.99,-1,-1,-1
169,4,743.01,358.04,47.16,131.42,1.00,-1,-1,-1
169,5,745.99,334.62,43.03,99.43,0.93,-1,-1,-1
169,6,448.78,308.90,34.57,59.85,0.99,-1,-1,-1
169,7,1012.48,500.27,122.43,289.73,0.99,-1,-1,-1
169,8,732.08,317.17,40.21,45.44,0.95,-1,-1,-1
169,1,546.10,323.78,47.47,81.77,1.00,-1,-1,-1
170,2,518.21,328.00,37.00,85.39,0.99,-1,-1,-1
170,3,486.73,302.43,44.36,74.66,0.99,-1,-1,-1
170,4,736.93,357.89,52.76,131.01,0.99,-1,-1,-1
170,5,739.48,335.66,51.16,100.74,0.98,-1,-1,-1
170,6,447.36,308.36,34.81,63.41,0.99,-1,-1,-1
170,7,1012.51,500.36,122.42,289.82,0.99,-1,-1,-1
170,8,732.13,317.10,39.24,45.69,0.96,-1,-1,-1
170,1,545.30,322.82,47.95,83.76,0.99,-1,-1,-1
171,2,518.89,330.83,33.26,86.50,0.99,-1,-1,-1
171,3,485.04,301.79,41.67,74.43,0.99,-1,-1,-1
171,4,730.91,357.57,56.19,130.85,0.98,-1,-1,-1
171,5,732.72,336.53,58.84,100.63,0.97,-1,-1,-1
171,6,445.46,307.88,36.56,65.93,0.99,-1,-1,-1
171,7,1011.30,500.40,123.61,289.84,0.99,-1,-1,-1
171,8,732.71,316.94,38.28,60.68,0.96,-1,-1,-1
171,1,544.66,324.36,48.68,83.05,0.99,-1,-1,-1
172,2,519.20,332.77,32.45,86.03,0.99,-1,-1,-1
172,3,485.64,301.83,39.26,74.04,0.99,-1,-1,-1
172,4,726.69,356.99,59.83,130.94,0.99,-1,-1,-1
172,5,728.06,338.61,64.77,100.24,0.94,-1,-1,-1
172,6,447.00,307.38,33.85,67.48,0.99,-1,-1,-1
172,7,1010.88,500.40,124.05,289.25,0.99,-1,-1,-1
172,8,733.27,316.61,37.92,69.11,0.98,-1,-1,-1
172,1,546.77,324.94,47.20,83.04,0.99,-1,-1,-1
173,2,517.11,333.94,35.89,85.23,1.00,-1,-1,-1
173,3,486.79,302.43,35.92,74.49,0.99,-1,-1,-1
173,4,725.40,355.59,60.11,130.67,0.99,-1,-1,-1
173,5,724.77,339.55,63.40,99.76,0.96,-1,-1,-1
173,6,445.81,306.16,34.60,68.35,0.99,-1,-1,-1
173,7,1011.87,500.40,123.02,288.44,0.99,-1,-1,-1
173,8,733.74,316.18,37.19,74.69,0.99,-1,-1,-1
173,1,545.82,325.29,45.99,82.73,0.99,-1,-1,-1
174,2,516.72,333.78,37.08,85.81,1.00,-1,-1,-1
174,3,486.99,303.26,34.68,74.36,0.99,-1,-1,-1
174,4,723.72,355.97,61.89,131.16,0.98,-1,-1,-1
174,5,726.14,339.61,47.28,98.36,0.79,-1,-1,-1
174,6,445.28,305.40,34.72,70.41,0.99,-1,-1,-1
174,7,1012.30,500.40,122.62,288.13,0.99,-1,-1,-1
174,8,733.65,316.13,36.92,75.88,0.98,-1,-1,-1
174,1,546.09,325.56,44.91,82.59,0.99,-1,-1,-1
174,11,725.40,338.62,60.30,101.70,0.90,-1,-1,-1
175,2,518.32,333.11,35.21,82.46,0.99,-1,-1,-1
175,3,485.22,305.66,36.08,73.12,1.00,-1,-1,-1
175,4,721.44,359.10,57.37,129.27,0.99,-1,-1,-1
175,6,443.60,304.82,36.86,72.05,0.98,-1,-1,-1
175,7,1012.43,500.41,122.47,288.01,0.99,-1,-1,-1
175,8,728.78,316.12,41.64,76.27,0.99,-1,-1,-1
175,1,547.08,324.62,43.29,83.42,0.99,-1,-1,-1
176,2,521.11,332.23,33.86,79.96,1.00,-1,-1,-1
176,3,484.63,308.06,37.18,72.35,0.99,-1,-1,-1
176,4,712.79,361.80,62.01,127.05,1.00,-1,-1,-1
176,6,443.59,304.61,37.07,73.52,0.99,-1,-1,-1
176,7,1012.51,500.70,122.41,288.57,0.99,-1,-1,-1
176,8,726.78,316.25,43.90,74.64,0.98,-1,-1,-1
176,1,548.08,324.25,42.66,83.72,0.99,-1,-1,-1
177,2,521.82,331.30,33.98,79.94,1.00,-1,-1,-1
177,3,483.54,308.81,35.24,74.75,1.00,-1,-1,-1
177,4,709.09,363.11,63.68,126.53,1.00,-1,-1,-1
177,6,444.94,307.01,37.59,75.22,0.99,-1,-1,-1
177,7,1012.52,500.82,122.39,288.77,0.99,-1,-1,-1
177,8,727.69,316.32,43.08,57.08,0.97,-1,-1,-1
177,1,549.34,322.94,41.83,85.89,0.99,-1,-1,-1
178,2,522.08,329.45,34.64,80.84,1.00,-1,-1,-1
178,3,482.86,309.07,35.08,76.53,0.99,-1,-1,-1
178,4,706.95,362.69,65.44,127.24,1.00,-1,-1,-1
178,6,446.66,310.12,36.02,74.11,0.99,-1,-1,-1
178,7,1013.13,500.55,121.20,290.04,0.99,-1,-1,-1
178,8,727.52,316.34,43.31,49.50,0.96,-1,-1,-1
178,1,549.52,322.73,42.12,86.41,0.99,-1,-1,-1
179,2,521.87,327.90,37.86,82.08,0.99,-1,-1,-1
179,3,482.64,309.76,35.03,76.61,0.99,-1,-1,-1
179,4,701.65,366.71,68.98,122.75,1.00,-1,-1,-1
179,6,447.20,311.96,36.45,73.62,1.00,-1,-1,-1
179,7,1012.76,500.77,121.94,289.33,0.99,-1,-1,-1
179,8,729.52,316.37,41.03,46.78,0.96,-1,-1,-1
179,1,550.17,323.41,42.83,86.88,0.99,-1,-1,-1
179,5,710.91,343.84,40.28,101.04,0.86,-1,-1,-1
180,2,522.64,325.83,40.21,84.33,0.99,-1,-1,-1
180,3,481.37,310.00,36.82,77.23,0.99,-1,-1,-1
180,4,697.12,372.90,72.61,117.89,1.00,-1,-1,-1
180,6,447.54,312.94,36.76,74.00,1.00,-1,-1,-1
180,7,1012.63,500.85,122.23,289.06,0.99,-1,-1,-1
180,8,730.33,316.37,40.12,45.90,0.98,-1,-1,-1
180,1,552.18,328.53,40.72,82.62,0.99,-1,-1,-1
180,5,709.33,344.66,42.26,100.63,0.96,-1,-1,-1
181,2,522.95,324.19,44.01,85.48,0.99,-1,-1,-1
181,3,480.34,310.09,37.48,78.33,0.98,-1,-1,-1
181,4,695.46,380.03,71.15,110.95,1.00,-1,-1,-1
181,6,446.50,315.37,39.83,72.64,0.99,-1,-1,-1
181,7,1012.57,500.88,122.34,288.95,0.99,-1,-1,-1
181,8,730.63,316.38,39.79,45.63,0.97,-1,-1,-1
181,1,555.07,330.83,38.69,80.94,0.99,-1,-1,-1
181,5,703.33,346.89,45.18,99.29,0.99,-1,-1,-1
182,2,527.59,323.38,42.09,83.25,0.99,-1,-1,-1
182,3,480.87,310.20,37.15,79.04,0.99,-1,-1,-1
182,4,695.04,383.76,69.88,107.24,1.00,-1,-1,-1
182,6,444.40,316.38,42.70,72.09,0.99,-1,-1,-1
182,7,1012.56,500.86,122.38,289.51,0.99,-1,-1,-1
182,8,731.05,316.35,39.66,45.57,0.97,-1,-1,-1
182,1,556.73,331.30,37.95,80.62,1.00,-1,-1,-1
182,5,702.37,347.80,45.08,101.77,0.99,-1,-1,-1
183,2,533.36,321.91,38.88,83.27,0.99,-1,-1,-1
183,3,477.86,310.23,41.17,79.88,0.99,-1,-1,-1
183,4,694.47,383.30,71.10,106.46,1.00,-1,-1,-1
183,6,442.61,317.33,46.53,76.02,1.00,-1,-1,-1
183,7,1013.75,500.84,121.20,287.93,0.99,-1,-1,-1
183,8,731.83,316.33,39.01,45.89,0.96,-1,-1,-1
183,1,559.45,326.51,36.49,85.00,0.99,-1,-1,-1
183,5,686.66,350.02,58.75,102.69,0.99,-1,-1,-1
184,2,535.83,320.76,40.64,83.58,1.00,-1,-1,-1
184,3,478.47,310.34,41.50,81.36,0.99,-1,-1,-1
184,4,694.06,380.90,72.69,109.00,0.99,-1,-1,-1
184,6,443.59,317.64,46.06,78.64,0.99,-1,-1,-1
184,7,1014.20,500.81,120.76,287.93,0.99,-1,-1,-1
184,8,732.12,316.30,38.77,46.03,0.96,-1,-1,-1
184,1,563.46,323.39,34.74,86.62,0.96,-1,-1,-1
184,5,685.59,351.56,60.87,101.26,0.99,-1,-1,-1
185,2,539.03,318.75,41.26,85.47,0.99,-1,-1,-1
185,3,479.34,310.98,41.60,82.79,0.99,-1,-1,-1
185,4,695.16,376.70,83.15,112.07,0.99,-1,-1,-1
185,6,443.14,317.75,45.80,80.50,0.99,-1,-1,-1
185,7,1014.35,501.12,120.59,287.34,0.99,-1,-1,-1
185,8,732.21,316.31,38.68,46.40,0.97,-1,-1,-1
185,1,568.87,319.26,32.28,87.82,0.98,-1,-1,-1
185,5,684.58,356.59,54.36,97.43,0.99,-1,-1,-1
186,2,541.68,315.22,41.48,88.83,0.99,-1,-1,-1
186,3,477.36,311.22,45.14,84.79,0.99,-1,-1,-1
186,4,702.80,374.35,80.97,112.82,1.00,-1,-1,-1
186,6,441.81,317.35,47.43,81.20,0.99,-1,-1,-1
186,7,1014.41,500.65,120.54,287.72,0.99,-1,-1,-1
186,8,732.24,316.32,38.66,46.26,0.97,-1,-1,-1
186,1,570.71,315.93,33.33,90.32,0.99,-1,-1,-1
186,5,686.30,358.75,48.46,96.57,0.99,-1,-1,-1
187,2,547.06,313.47,38.62,88.05,0.99,-1,-1,-1
187,3,479.48,312.62,46.46,84.07,1.00,-1,-1,-1
187,4,717.65,370.75,74.63,110.76,0.99,-1,-1,-1
187,6,448.96,317.46,40.39,83.18,0.99,-1,-1,-1
187,7,1014.42,501.06,120.52,286.68,0.99,-1,-1,-1
187,8,732.25,316.48,38.65,45.62,0.97,-1,-1,-1
187,1,572.54,312.93,34.90,90.67,0.99,-1,-1,-1
187,5,687.13,363.99,42.54,91.77,0.99,-1,-1,-1
188,2,549.97,313.29,37.47,86.24,0.99,-1,-1,-1
188,3,480.94,313.29,47.54,84.34,0.99,-1,-1,-1
188,4,727.22,368.77,66.62,110.00,0.99,-1,-1,-1
188,6,451.97,317.48,38.01,83.91,0.99,-1,-1,-1
188,7,1014.43,501.21,120.53,286.88,0.99,-1,-1,-1
188,8,732.25,316.38,38.65,45.69,0.98,-1,-1,-1
188,1,573.75,311.80,35.50,89.31,0.99,-1,-1,-1
188,5,687.61,365.57,39.14,90.29,0.99,-1,-1,-1
189,2,554.58,313.73,32.82,83.15,0.99,-1,-1,-1
189,3,482.11,314.13,49.67,85.01,1.00,-1,-1,-1
189,4,738.84,353.96,66.04,124.44,0.99,-1,-1,-1
189,6,454.22,317.92,35.97,87.36,0.99,-1,-1,-1
189,7,1014.41,500.68,120.53,287.56,0.99,-1,-1,-1
189,8,732.24,316.51,38.66,45.73,0.98,-1,-1,-1
189,1,575.61,310.99,39.32,87.86,1.00,-1,-1,-1
189,5,685.99,364.87,39.88,90.99,0.99,-1,-1,-1
190,2,557.09,313.79,32.34,82.27,0.99,-1,-1,-1
190,3,483.71,313.84,49.90,86.72,1.00,-1,-1,-1
190,4,747.36,346.21,64.03,131.75,0.99,-1,-1,-1
190,6,454.99,318.36,37.71,89.81,0.99,-1,-1,-1
190,7,1014.41,500.76,120.55,288.42,0.99,-1,-1,-1
190,8,732.24,316.54,38.66,45.46,0.98,-1,-1,-1
190,1,578.00,311.02,42.45,88.19,0.99,-1,-1,-1
190,5,683.95,362.45,40.15,93.08,0.99,-1,-1,-1
191,2,559.14,313.11,30.96,82.25,0.99,-1,-1,-1
191,3,490.17,313.14,43.57,88.81,0.99,-1,-1,-1
191,4,756.23,341.31,61.45,131.10,0.99,-1,-1,-1
191,6,456.46,318.83,40.70,90.72,1.00,-1,-1,-1
191,7,1014.41,500.81,120.55,288.14,0.99,-1,-1,-1
191,8,732.25,316.72,38.67,45.96,0.98,-1,-1,-1
191,1,581.77,311.97,41.97,87.11,0.99,-1,-1,-1
191,5,682.40,355.42,40.87,100.42,1.00,-1,-1,-1
192,2,559.41,311.83,29.87,82.26,0.98,-1,-1,-1
192,3,493.67,312.84,40.32,90.47,1.00,-1,-1,-1
192,4,762.70,339.45,60.51,128.42,0.99,-1,-1,-1
192,6,456.96,318.68,41.25,91.03,0.99,-1,-1,-1
192,7,1014.39,500.83,120.55,288.65,0.99,-1,-1,-1
192,8,731.92,316.63,38.67,46.46,0.97,-1,-1,-1
192,1,584.32,312.20,40.58,87.29,1.00,-1,-1,-1
192,5,681.88,351.47,41.15,103.45,0.99,-1,-1,-1
193,2,560.05,310.16,33.23,81.97,0.99,-1,-1,-1
193,3,495.52,315.02,42.24,91.37,1.00,-1,-1,-1
193,4,768.58,341.05,62.01,122.15,0.99,-1,-1,-1
193,6,461.27,315.94,36.74,90.80,1.00,-1,-1,-1
193,7,1015.57,501.11,119.36,289.42,0.99,-1,-1,-1
193,8,732.41,316.56,38.08,46.35,0.97,-1,-1,-1
193,1,587.62,312.29,38.23,87.05,1.00,-1,-1,-1
193,5,680.00,346.67,45.46,102.58,1.00,-1,-1,-1
194,2,560.55,309.89,34.97,81.27,0.99,-1,-1,-1
194,3,497.91,316.76,42.91,91.10,1.00,-1,-1,-1
194,4,772.39,345.12,61.98,116.11,0.99,-1,-1,-1
194,6,462.88,314.61,36.17,89.49,1.00,-1,-1,-1
194,7,1016.01,500.93,118.92,290.31,0.99,-1,-1,-1
194,8,732.28,316.56,38.46,46.32,0.98,-1,-1,-1
194,1,589.34,312.38,36.74,86.66,0.99,-1,-1,-1
194,5,679.01,343.35,48.76,101.03,1.00,-1,-1,-1
195,2,562.14,310.58,33.91,77.72,0.99,-1,-1,-1
195,3,501.46,316.39,42.57,91.84,1.00,-1,-1,-1
195,4,776.34,345.82,57.18,113.55,0.99,-1,-1,-1
195,6,461.91,313.36,49.32,92.49,1.00,-1,-1,-1
195,7,1016.17,500.87,118.77,290.63,0.99,-1,-1,-1
195,8,732.53,316.56,38.00,45.41,0.97,-1,-1,-1
195,1,576.56,311.55,49.52,86.81,0.99,-1,-1,-1
195,5,683.27,340.93,47.77,97.45,0.99,-1,-1,-1
196,2,563.84,310.44,34.68,76.39,0.99,-1,-1,-1
196,3,503.93,316.37,39.45,92.10,1.00,-1,-1,-1
196,4,777.55,345.37,56.60,109.32,1.00,-1,-1,-1
196,6,462.71,314.20,52.13,92.72,0.99,-1,-1,-1
196,7,1016.21,500.85,118.72,290.76,0.99,-1,-1,-1
196,8,732.60,316.57,37.84,45.68,0.97,-1,-1,-1
196,1,585.75,310.06,40.45,86.86,0.98,-1,-1,-1
196,5,685.68,339.91,47.91,97.88,0.99,-1,-1,-1
197,2,564.44,306.92,33.78,78.66,0.99,-1,-1,-1
197,3,509.10,316.19,35.79,94.81,0.99,-1,-1,-1
197,4,782.14,344.19,52.77,101.69,1.00,-1,-1,-1
197,6,464.98,316.58,48.27,99.23,1.00,-1,-1,-1
197,7,1015.03,500.83,119.90,291.39,0.99,-1,-1,-1
197,8,732.04,316.70,38.37,45.19,0.97,-1,-1,-1
197,1,590.87,306.69,34.46,88.66,0.99,-1,-1,-1
197,5,688.41,339.26,47.36,98.33,0.99,-1,-1,-1
198,2,564.26,305.53,32.24,79.20,0.99,-1,-1,-1
198,3,511.79,315.84,34.48,98.45,0.99,-1,-1,-1
198,4,784.22,342.45,51.40,99.88,0.99,-1,-1,-1
198,6,466.13,318.94,44.74,101.09,0.99,-1,-1,-1
198,7,1014.57,500.84,120.35,291.62,0.99,-1,-1,-1
198,8,731.81,316.63,38.58,45.60,0.97,-1,-1,-1
198,1,592.26,304.29,32.33,89.92,0.99,-1,-1,-1
198,5,689.47,338.04,50.68,99.39,1.00,-1,-1,-1
199,2,562.30,304.87,30.45,79.12,0.99,-1,-1,-1
199,3,515.14,317.56,34.68,99.82,0.99,-1,-1,-1
199,4,780.19,340.02,55.27,100.22,0.99,-1,-1,-1
199,6,467.73,323.77,37.94,102.05,0.99,-1,-1,-1
199,7,1014.39,500.82,120.52,292.29,0.99,-1,-1,-1
199,8,731.73,316.73,38.66,45.17,0.98,-1,-1,-1
199,1,593.94,305.30,31.01,85.68,0.98,-1,-1,-1
199,5,690.45,334.63,55.93,102.45,1.00,-1,-1,-1
200,2,560.89,303.96,27.97,79.70,0.98,-1,-1,-1
200,3,518.07,318.85,34.16,100.31,1.00,-1,-1,-1
200,4,783.48,338.17,51.91,100.71,0.98,-1,-1,-1
200,6,469.82,327.73,33.42,100.61,0.99,-1,-1,-1
200,7,1014.32,500.55,120.60,292.53,0.99,-1,-1,-1
200,8,732.28,316.80,38.10,45.61,0.98,-1,-1,-1
200,1,593.52,304.14,28.70,85.82,0.97,-1,-1,-1
200,5,691.10,333.12,59.10,103.60,1.00,-1,-1,-1
201,2,560.01,303.65,25.84,77.54,0.98,-1,-1,-1
201,3,520.56,319.47,35.83,100.74,1.00,-1,-1,-1
201,4,784.89,333.61,48.15,96.12,0.98,-1,-1,-1
201,6,470.78,329.22,33.81,104.11,0.99,-1,-1,-1
201,7,1014.29,500.74,120.63,292.61,0.99,-1,-1,-1
201,8,736.07,316.67,34.89,53.50,0.94,-1,-1,-1
201,1,591.69,303.88,27.27,85.58,0.98,-1,-1,-1
201,5,699.03,330.53,54.11,104.02,1.00,-1,-1,-1
202,2,559.36,303.73,24.50,76.13,0.99,-1,-1,-1
202,3,523.20,320.57,35.84,99.70,1.00,-1,-1,-1
202,4,784.64,331.07,49.97,98.47,0.99,-1,-1,-1
202,6,471.09,330.05,34.55,106.86,1.00,-1,-1,-1
202,7,1014.28,500.82,120.63,292.63,0.99,-1,-1,-1
202,8,738.45,316.77,32.44,53.28,0.78,-1,-1,-1
202,1,590.38,304.27,26.82,85.49,0.98,-1,-1,-1
202,5,707.44,323.69,47.73,108.59,0.98,-1,-1,-1
203,2,556.29,302.87,27.23,75.62,0.99,-1,-1,-1
203,3,525.60,319.76,40.05,100.43,1.00,-1,-1,-1
203,4,783.64,325.09,53.59,101.42,0.99,-1,-1,-1
203,6,470.27,331.90,36.65,107.29,1.00,-1,-1,-1
203,7,1014.28,500.53,120.62,291.44,0.99,-1,-1,-1
203,8,743.95,317.51,26.61,55.45,0.24,-1,-1,-1
203,1,588.05,305.32,27.93,84.57,0.99,-1,-1,-1
203,5,723.26,314.44,37.86,114.36,0.99,-1,-1,-1
