0,1,553.50,399.60,97.20,123.30,1.00,-1,-1,-1
0,2,20.50,506.70,79.96,205.20,1.00,-1,-1,-1
0,3,513.90,410.85,53.10,152.10,1.00,-1,-1,-1
0,4,873.90,379.35,72.90,124.20,1.00,-1,-1,-1
0,5,949.50,385.65,54.00,142.65,0.99,-1,-1,-1
0,6,313.65,310.05,29.25,89.55,1.00,-1,-1,-1
0,7,435.37,317.47,40.27,95.40,1.00,-1,-1,-1
0,8,1040.40,460.35,113.40,261.00,0.99,-1,-1,-1
0,9,730.80,316.12,37.80,45.90,0.95,-1,-1,-1
1,1,554.22,400.18,95.64,121.95,1.00,-1,-1,-1
1,2,16.58,505.51,84.16,205.22,1.00,-1,-1,-1
1,3,513.44,410.85,53.88,152.12,1.00,-1,-1,-1
1,4,873.09,381.71,67.43,121.87,1.00,-1,-1,-1
1,5,944.01,386.45,60.25,141.49,1.00,-1,-1,-1
1,6,313.57,310.03,29.25,89.56,1.00,-1,-1,-1
1,7,434.72,318.05,40.86,95.02,1.00,-1,-1,-1
1,8,1040.39,460.57,113.40,259.66,1.00,-1,-1,-1
1,9,730.76,316.12,37.80,45.91,0.95,-1,-1,-1
2,1,554.01,400.82,95.37,121.54,1.00,-1,-1,-1
2,2,14.35,505.32,86.55,205.92,1.00,-1,-1,-1
2,3,513.74,411.03,53.32,151.59,0.99,-1,-1,-1
2,4,871.52,382.46,66.51,121.47,1.00,-1,-1,-1
2,5,940.38,386.41,64.01,141.11,1.00,-1,-1,-1
2,6,313.59,310.04,29.25,89.56,1.00,-1,-1,-1
2,7,434.46,317.80,41.13,94.95,1.00,-1,-1,-1
2,8,1040.38,460.78,113.40,258.54,1.00,-1,-1,-1
2,9,730.77,316.13,37.80,45.90,0.95,-1,-1,-1
3,1,553.89,401.01,94.63,121.44,1.00,-1,-1,-1
3,2,10.44,505.28,90.51,205.47,1.00,-1,-1,-1
3,3,514.14,410.92,53.81,151.26,1.00,-1,-1,-1
3,4,867.56,386.12,71.94,118.63,1.00,-1,-1,-1
3,5,928.73,386.92,75.68,140.85,1.00,-1,-1,-1
3,6,314.05,310.04,28.56,89.57,1.00,-1,-1,-1
3,7,435.53,317.71,39.68,95.29,0.99,-1,-1,-1
3,8,1041.07,460.87,112.03,258.24,1.00,-1,-1,-1
3,9,730.74,316.31,37.80,45.91,0.96,-1,-1,-1
4,1,553.93,401.05,93.08,121.41,1.00,-1,-1,-1
4,2,6.84,504.96,94.11,205.94,1.00,-1,-1,-1
4,3,514.35,410.88,53.97,151.81,1.00,-1,-1,-1
4,4,866.71,388.22,69.45,117.41,0.99,-1,-1,-1
4,5,919.31,387.54,84.54,139.94,1.00,-1,-1,-1
4,6,314.13,310.05,28.68,89.55,1.00,-1,-1,-1
4,7,435.98,318.69,39.53,94.72,1.00,-1,-1,-1
4,8,1041.30,460.85,111.59,258.14,1.00,-1,-1,-1
4,9,730.79,316.19,37.80,45.90,0.96,-1,-1,-1
5,1,553.23,401.03,91.94,121.44,1.00,-1,-1,-1
5,2,2.53,504.17,97.90,206.77,1.00,-1,-1,-1
5,3,515.31,411.00,53.38,151.54,1.00,-1,-1,-1
5,4,865.89,390.78,66.48,114.82,0.99,-1,-1,-1
5,5,904.98,387.91,98.02,139.50,1.00,-1,-1,-1
5,6,314.08,310.02,28.72,89.56,1.00,-1,-1,-1
5,7,437.52,317.70,39.33,95.51,0.99,-1,-1,-1
5,8,1042.00,460.70,111.46,258.33,1.00,-1,-1,-1
5,9,730.76,316.14,37.80,45.91,0.96,-1,-1,-1
6,1,553.71,401.00,90.94,121.43,1.00,-1,-1,-1
6,2,-0.68,503.27,100.24,207.64,1.00,-1,-1,-1
6,3,516.35,411.19,52.53,151.27,1.00,-1,-1,-1
6,4,864.77,392.17,65.77,112.70,0.99,-1,-1,-1
6,5,894.89,388.15,107.23,139.52,1.00,-1,-1,-1
6,6,314.16,310.01,28.74,89.55,1.00,-1,-1,-1
6,7,437.95,316.40,39.43,96.71,1.00,-1,-1,-1
6,8,1042.23,460.76,111.43,258.85,1.00,-1,-1,-1
6,9,730.80,316.11,37.80,45.90,0.96,-1,-1,-1
7,1,552.30,400.97,91.88,121.44,1.00,-1,-1,-1
7,2,-5.25,501.38,99.35,209.81,1.00,-1,-1,-1
7,3,517.62,411.40,52.85,147.92,1.00,-1,-1,-1
7,4,859.08,394.15,70.90,108.57,1.00,-1,-1,-1
7,5,876.71,389.32,123.91,138.15,1.00,-1,-1,-1
7,6,314.49,310.30,28.75,89.24,1.00,-1,-1,-1
7,7,438.08,314.54,40.72,98.99,0.99,-1,-1,-1
7,8,1048.51,460.79,105.20,257.81,0.99,-1,-1,-1
7,9,730.81,316.41,37.79,45.59,0.96,-1,-1,-1
8,1,552.43,400.97,91.64,121.44,1.00,-1,-1,-1
8,2,-8.19,500.45,96.18,210.57,1.00,-1,-1,-1
8,3,518.68,411.96,52.98,144.99,1.00,-1,-1,-1
8,4,853.53,394.74,76.28,107.83,0.99,-1,-1,-1
8,5,869.06,390.65,129.86,136.43,1.00,-1,-1,-1
8,6,314.61,310.28,28.76,89.12,1.00,-1,-1,-1
8,7,438.87,313.60,41.34,100.11,0.99,-1,-1,-1
8,8,1050.78,460.49,102.96,258.04,0.99,-1,-1,-1
8,9,730.81,316.54,37.79,45.47,0.96,-1,-1,-1
9,1,551.89,401.13,92.20,121.61,1.00,-1,-1,-1
9,2,-11.08,499.25,94.78,204.77,0.99,-1,-1,-1
9,3,519.65,413.25,54.86,141.97,1.00,-1,-1,-1
9,4,842.73,395.82,85.94,104.87,0.99,-1,-1,-1
9,5,860.95,391.27,135.07,135.38,1.00,-1,-1,-1
9,6,314.64,310.44,28.77,89.08,1.00,-1,-1,-1
9,7,443.21,314.32,37.21,99.01,0.99,-1,-1,-1
9,8,1047.82,460.70,105.98,259.36,0.99,-1,-1,-1
9,9,730.83,316.58,37.80,45.44,0.96,-1,-1,-1
10,1,551.36,401.04,92.41,121.51,1.00,-1,-1,-1
10,2,-8.73,498.52,79.84,203.78,1.00,-1,-1,-1
10,3,520.26,414.49,56.74,139.85,1.00,-1,-1,-1
10,4,837.98,396.44,91.34,102.65,0.99,-1,-1,-1
10,5,858.12,393.31,133.30,132.89,1.00,-1,-1,-1
10,6,314.62,310.35,28.77,89.07,1.00,-1,-1,-1
10,7,444.98,314.64,35.12,97.95,0.99,-1,-1,-1
10,8,1046.68,460.64,107.07,261.21,0.99,-1,-1,-1
10,9,730.79,316.61,37.79,45.42,0.96,-1,-1,-1
11,1,550.93,400.70,93.13,120.89,1.00,-1,-1,-1
11,2,-11.77,498.03,76.64,207.07,1.00,-1,-1,-1
11,3,520.22,415.99,61.01,139.91,1.00,-1,-1,-1
11,4,836.00,395.64,96.05,104.13,0.99,-1,-1,-1
11,5,856.90,397.36,129.91,129.57,0.99,-1,-1,-1
11,6,314.64,310.46,28.78,88.77,1.00,-1,-1,-1
11,7,446.36,315.22,37.41,96.63,1.00,-1,-1,-1
11,8,1046.33,460.43,107.54,261.17,0.99,-1,-1,-1
11,9,730.85,316.59,37.80,45.42,0.96,-1,-1,-1
12,1,553.15,401.18,91.00,120.04,1.00,-1,-1,-1
12,2,-14.06,497.58,74.81,207.67,1.00,-1,-1,-1
12,3,520.45,417.13,63.77,137.55,1.00,-1,-1,-1
12,4,834.71,393.65,95.56,106.37,0.99,-1,-1,-1
12,5,857.27,400.20,126.50,126.71,1.00,-1,-1,-1
12,6,314.63,310.52,28.79,88.96,1.00,-1,-1,-1
12,7,447.40,315.62,37.59,96.12,1.00,-1,-1,-1
12,8,1045.50,460.36,108.93,261.12,0.99,-1,-1,-1
12,9,730.82,316.60,37.80,45.42,0.96,-1,-1,-1
13,1,559.16,401.66,85.36,120.34,1.00,-1,-1,-1
13,2,-19.34,496.86,77.02,208.49,1.00,-1,-1,-1
13,3,520.53,417.84,72.93,140.69,1.00,-1,-1,-1
13,4,833.81,390.63,92.90,109.51,0.98,-1,-1,-1
13,5,859.21,403.31,118.79,121.45,0.99,-1,-1,-1
13,6,314.78,310.40,28.79,89.03,1.00,-1,-1,-1
13,7,449.70,316.38,41.43,95.63,1.00,-1,-1,-1
13,8,1044.62,460.33,109.47,261.69,0.99,-1,-1,-1
13,9,730.53,316.45,38.40,45.72,0.96,-1,-1,-1
14,1,559.27,402.59,85.75,119.40,1.00,-1,-1,-1
14,2,-22.55,497.23,79.17,206.40,1.00,-1,-1,-1
14,3,520.60,418.37,80.33,141.56,1.00,-1,-1,-1
14,4,833.65,388.73,78.80,111.16,0.99,-1,-1,-1
14,5,860.97,405.29,110.71,118.37,0.99,-1,-1,-1
14,6,314.85,310.36,28.80,89.06,1.00,-1,-1,-1
14,7,451.86,316.97,41.54,94.85,1.00,-1,-1,-1
14,8,1045.49,460.30,108.49,262.50,0.99,-1,-1,-1
14,9,730.44,316.54,38.63,45.54,0.96,-1,-1,-1
15,1,559.63,404.90,88.33,117.10,0.99,-1,-1,-1
15,2,-28.24,498.62,83.82,203.78,1.00,-1,-1,-1
15,3,520.65,417.82,97.23,143.56,1.00,-1,-1,-1
15,4,831.38,389.50,70.49,110.01,0.99,-1,-1,-1
15,5,860.74,408.41,103.18,117.34,0.99,-1,-1,-1
15,6,314.93,310.37,28.80,89.07,1.00,-1,-1,-1
15,7,453.88,318.42,43.33,93.35,1.00,-1,-1,-1
15,8,1050.01,460.60,104.53,261.58,0.99,-1,-1,-1
15,9,730.44,316.44,38.71,45.76,0.96,-1,-1,-1
16,1,559.44,406.19,91.68,116.40,0.99,-1,-1,-1
16,2,-32.50,500.35,87.62,201.01,1.00,-1,-1,-1
16,3,521.22,416.23,104.00,145.97,1.00,-1,-1,-1
16,4,829.16,389.63,67.62,109.14,1.00,-1,-1,-1
16,5,861.23,410.05,98.73,118.27,1.00,-1,-1,-1
16,6,314.94,310.35,28.80,89.07,1.00,-1,-1,-1
16,7,454.74,319.54,44.73,91.89,1.00,-1,-1,-1
16,8,1051.71,460.40,103.04,261.82,0.99,-1,-1,-1
16,9,730.43,316.39,38.74,45.85,0.97,-1,-1,-1
17,1,562.08,408.79,94.72,114.05,0.99,-1,-1,-1
17,2,-34.03,504.35,88.64,196.96,0.99,-1,-1,-1
17,3,527.59,413.13,102.38,149.39,1.00,-1,-1,-1
17,4,822.63,391.51,72.88,108.22,0.99,-1,-1,-1
17,5,856.44,411.22,100.42,120.48,0.99,-1,-1,-1
17,6,314.89,310.40,29.10,89.07,1.00,-1,-1,-1
17,7,455.85,320.00,46.27,91.06,1.00,-1,-1,-1
17,8,1051.73,460.64,102.52,260.09,0.99,-1,-1,-1
17,9,730.79,316.55,38.14,45.58,0.97,-1,-1,-1
18,1,563.30,410.31,95.89,112.60,0.99,-1,-1,-1
18,2,-35.40,507.32,88.79,192.49,0.99,-1,-1,-1
18,3,531.03,410.89,100.35,150.85,0.99,-1,-1,-1
18,4,820.07,392.79,72.33,107.01,0.99,-1,-1,-1
18,5,855.99,411.72,99.81,122.41,0.99,-1,-1,-1
18,6,314.78,310.36,29.21,89.08,1.00,-1,-1,-1
18,7,456.16,319.51,47.43,91.38,1.00,-1,-1,-1
18,8,1048.08,460.73,105.97,260.07,0.99,-1,-1,-1
18,9,730.88,316.44,37.92,45.48,0.96,-1,-1,-1
19,1,569.61,410.39,93.39,112.85,0.99,-1,-1,-1
19,2,-36.53,510.86,80.43,189.06,0.97,-1,-1,-1
19,3,539.84,408.57,85.04,152.57,1.00,-1,-1,-1
19,4,819.25,394.30,71.52,105.83,0.99,-1,-1,-1
19,5,859.31,412.28,97.44,126.31,1.00,-1,-1,-1
19,6,314.71,310.22,29.56,89.38,1.00,-1,-1,-1
19,7,456.78,318.58,49.61,92.42,1.00,-1,-1,-1
19,8,1045.56,460.75,108.45,261.26,0.99,-1,-1,-1
19,9,730.90,316.39,37.84,45.75,0.97,-1,-1,-1
20,1,579.23,410.39,90.01,112.97,0.99,-1,-1,-1
20,2,-33.73,513.34,68.11,188.46,0.96,-1,-1,-1
20,3,546.43,408.43,80.37,151.88,0.99,-1,-1,-1
20,4,819.13,395.29,71.21,104.65,0.99,-1,-1,-1
20,5,861.08,412.00,96.80,128.82,1.00,-1,-1,-1
20,6,314.74,310.31,29.68,89.20,1.00,-1,-1,-1
20,7,461.08,318.22,49.86,93.11,1.00,-1,-1,-1
20,8,1044.62,460.75,109.40,261.69,0.99,-1,-1,-1
20,9,730.95,316.37,37.81,45.55,0.97,-1,-1,-1
21,1,588.45,407.81,88.13,115.28,0.99,-1,-1,-1
21,2,-33.06,518.44,59.85,187.08,0.96,-1,-1,-1
21,3,551.67,411.66,79.33,148.62,1.00,-1,-1,-1
21,4,819.75,396.84,82.52,102.74,1.00,-1,-1,-1
21,5,863.89,408.88,94.45,133.32,0.99,-1,-1,-1
21,6,314.71,310.21,29.73,89.42,1.00,-1,-1,-1
21,7,467.91,317.79,50.50,93.68,1.00,-1,-1,-1
21,8,1044.20,460.75,109.77,261.25,0.99,-1,-1,-1
21,9,730.92,316.36,37.80,45.47,0.97,-1,-1,-1
22,1,593.58,405.18,88.05,118.69,0.99,-1,-1,-1
22,2,-32.02,521.44,56.42,186.04,0.97,-1,-1,-1
22,3,552.03,416.18,86.72,144.38,1.00,-1,-1,-1
22,4,819.69,397.39,86.00,101.75,0.99,-1,-1,-1
22,5,877.49,407.07,81.74,135.90,0.99,-1,-1,-1
22,6,314.73,310.14,29.74,89.51,1.00,-1,-1,-1
22,7,472.29,317.46,49.55,93.90,1.00,-1,-1,-1
22,8,1044.68,460.74,108.70,260.49,0.99,-1,-1,-1
22,9,730.94,316.50,37.79,45.44,0.97,-1,-1,-1
23,1,600.42,401.67,90.43,121.90,1.00,-1,-1,-1
23,2,-31.94,525.76,56.21,182.11,0.97,-1,-1,-1
23,3,552.70,423.88,96.31,137.37,1.00,-1,-1,-1
23,4,819.74,398.02,100.02,101.28,1.00,-1,-1,-1
23,5,891.70,404.00,73.06,139.23,1.00,-1,-1,-1
23,6,314.99,310.09,29.44,89.54,1.00,-1,-1,-1
23,7,479.75,317.91,43.25,93.98,0.99,-1,-1,-1
23,8,1044.23,460.60,109.47,259.76,0.99,-1,-1,-1
23,9,730.91,316.40,37.79,45.44,0.97,-1,-1,-1
24,1,606.47,400.04,87.77,123.40,1.00,-1,-1,-1
24,2,-33.72,528.84,58.88,181.32,0.97,-1,-1,-1
24,3,552.99,427.50,104.57,133.71,1.00,-1,-1,-1
24,4,820.37,397.63,102.64,101.72,1.00,-1,-1,-1
24,5,901.62,402.94,67.68,141.50,1.00,-1,-1,-1
24,6,315.00,309.81,29.63,89.84,1.00,-1,-1,-1
24,7,482.86,319.73,46.31,92.23,0.99,-1,-1,-1
24,8,1044.12,460.69,109.76,258.73,0.99,-1,-1,-1
24,9,730.95,316.36,37.79,45.43,0.97,-1,-1,-1
25,1,617.81,398.99,73.49,124.12,0.99,-1,-1,-1
25,2,-34.59,533.46,61.37,179.89,0.94,-1,-1,-1
25,3,554.02,429.21,106.17,131.67,1.00,-1,-1,-1
25,4,821.46,395.53,104.45,104.17,1.00,-1,-1,-1
25,5,911.42,403.43,65.70,144.10,0.99,-1,-1,-1
25,6,315.02,309.53,29.69,89.96,1.00,-1,-1,-1
25,7,487.05,322.66,53.76,89.48,0.99,-1,-1,-1
25,8,1044.54,461.05,108.66,257.16,0.99,-1,-1,-1
25,9,730.84,316.36,37.79,45.43,0.97,-1,-1,-1
26,1,625.74,399.22,62.87,122.61,0.99,-1,-1,-1
26,2,-36.21,536.34,64.44,177.63,0.86,-1,-1,-1
26,3,559.06,430.26,103.24,128.71,0.99,-1,-1,-1
26,4,823.23,393.42,102.80,106.43,1.00,-1,-1,-1
26,5,917.51,404.64,64.21,144.92,0.98,-1,-1,-1
26,6,315.13,309.46,29.72,90.01,1.00,-1,-1,-1
26,7,489.88,325.43,58.25,86.65,1.00,-1,-1,-1
26,8,1044.86,460.90,108.25,256.59,0.99,-1,-1,-1
26,9,730.92,316.52,37.80,45.44,0.97,-1,-1,-1
27,1,632.88,401.83,69.36,117.99,0.99,-1,-1,-1
27,2,-34.84,541.48,64.47,172.62,0.95,-1,-1,-1
27,3,575.19,435.27,95.48,122.06,0.99,-1,-1,-1
27,4,831.11,391.55,103.47,108.33,0.99,-1,-1,-1
27,5,925.56,407.58,62.56,142.98,0.99,-1,-1,-1
27,6,315.35,310.14,29.43,89.42,0.99,-1,-1,-1
27,7,493.61,325.94,64.01,85.62,1.00,-1,-1,-1
27,8,1044.22,460.52,109.28,259.37,0.99,-1,-1,-1
27,9,730.81,316.57,37.79,45.44,0.98,-1,-1,-1
28,1,638.88,403.58,68.80,103.43,0.99,-1,-1,-1
28,2,-34.18,544.78,65.14,169.02,0.96,-1,-1,-1
28,3,590.47,438.72,86.90,118.01,0.99,-1,-1,-1
28,4,841.24,390.69,103.67,108.62,1.00,-1,-1,-1
28,5,931.38,408.40,65.86,142.19,0.99,-1,-1,-1
28,6,315.37,310.39,29.61,89.20,1.00,-1,-1,-1
28,7,494.58,326.24,69.09,85.58,1.00,-1,-1,-1
28,8,1044.69,460.67,108.48,259.83,0.99,-1,-1,-1
28,9,730.87,316.57,37.79,45.44,0.98,-1,-1,-1
29,1,647.77,404.58,80.90,110.52,0.98,-1,-1,-1
29,2,-34.44,548.59,66.88,162.33,0.92,-1,-1,-1
29,3,617.68,426.78,82.40,130.06,0.98,-1,-1,-1
29,4,861.40,391.55,89.10,101.92,0.99,-1,-1,-1
29,5,939.86,406.62,69.44,143.64,1.00,-1,-1,-1
29,6,315.13,310.33,29.98,89.12,1.00,-1,-1,-1
29,7,496.47,325.72,73.35,86.49,0.99,-1,-1,-1
29,8,1045.37,460.74,108.17,260.01,0.99,-1,-1,-1
29,9,730.80,316.42,37.79,45.44,0.98,-1,-1,-1
30,1,652.47,403.71,85.69,115.16,0.99,-1,-1,-1
30,2,-34.45,552.62,67.70,158.76,0.93,-1,-1,-1
30,3,628.13,421.19,81.42,136.56,0.99,-1,-1,-1
30,4,875.16,392.95,81.16,107.07,0.99,-1,-1,-1
30,5,944.69,404.74,75.58,145.34,1.00,-1,-1,-1
30,6,315.39,310.46,29.53,89.09,1.00,-1,-1,-1
30,7,501.41,325.65,70.55,85.36,1.00,-1,-1,-1
30,8,1044.52,460.74,109.25,260.08,0.99,-1,-1,-1
30,9,730.83,316.35,37.80,45.44,0.97,-1,-1,-1
31,1,647.13,401.76,95.12,117.11,0.99,-1,-1,-1
31,2,-34.70,557.62,69.59,152.69,0.92,-1,-1,-1
31,3,638.55,416.07,78.64,139.71,0.99,-1,-1,-1
31,4,883.19,395.95,78.71,106.10,1.00,-1,-1,-1
31,5,950.37,401.37,74.43,145.95,1.00,-1,-1,-1
31,6,315.73,310.51,29.05,89.38,1.00,-1,-1,-1
31,7,511.07,324.86,64.60,86.76,1.00,-1,-1,-1
31,8,1045.31,460.75,108.47,260.10,0.99,-1,-1,-1
31,9,730.78,316.34,37.80,45.44,0.97,-1,-1,-1
32,1,647.53,399.82,95.97,117.86,0.99,-1,-1,-1
32,2,-34.65,560.21,70.49,151.24,0.93,-1,-1,-1
32,3,646.66,412.32,80.07,140.36,0.99,-1,-1,-1
32,4,886.82,398.00,80.03,104.82,0.99,-1,-1,-1
32,5,954.73,399.19,71.59,146.15,1.00,-1,-1,-1
32,6,315.74,310.67,29.17,89.19,0.99,-1,-1,-1
32,7,518.63,324.84,58.57,86.70,1.00,-1,-1,-1
32,8,1044.48,460.46,109.36,260.70,0.99,-1,-1,-1
32,9,730.81,316.33,37.80,45.44,0.97,-1,-1,-1
33,1,669.33,396.58,73.73,120.64,0.96,-1,-1,-1
33,2,-36.67,564.11,73.47,149.00,0.91,-1,-1,-1
33,3,667.95,407.98,66.80,133.49,0.98,-1,-1,-1
33,4,888.28,399.21,87.47,103.59,1.00,-1,-1,-1
33,5,959.70,395.11,69.32,146.19,1.00,-1,-1,-1
33,6,316.02,310.02,29.52,90.31,1.00,-1,-1,-1
33,7,530.40,321.26,48.94,91.15,1.00,-1,-1,-1
33,8,1047.69,460.63,106.15,260.91,0.99,-1,-1,-1
33,9,731.09,316.48,37.21,45.14,0.97,-1,-1,-1
34,2,-35.49,567.80,73.11,152.58,0.94,-1,-1,-1
34,3,685.83,397.30,57.03,139.26,1.00,-1,-1,-1
34,4,889.68,399.62,89.32,103.44,1.00,-1,-1,-1
34,5,962.54,391.49,67.30,146.77,1.00,-1,-1,-1
34,6,315.99,310.03,29.95,90.44,1.00,-1,-1,-1
34,7,535.09,320.04,46.62,92.52,1.00,-1,-1,-1
34,8,1047.76,460.39,106.12,261.01,0.99,-1,-1,-1
34,9,731.23,316.51,36.98,45.03,0.97,-1,-1,-1
35,2,-31.27,573.25,69.26,147.95,0.91,-1,-1,-1
35,3,698.29,399.36,61.27,134.89,0.99,-1,-1,-1
35,4,892.33,399.03,88.85,102.64,1.00,-1,-1,-1
35,5,965.74,388.10,65.36,145.19,1.00,-1,-1,-1
35,6,316.09,310.06,30.11,90.78,1.00,-1,-1,-1
35,7,543.05,318.72,44.63,95.11,1.00,-1,-1,-1
35,8,1046.53,460.61,107.30,261.03,0.99,-1,-1,-1
35,9,731.23,316.70,36.90,44.99,0.97,-1,-1,-1
35,1,704.60,389.94,51.85,115.85,0.89,-1,-1,-1
36,2,-32.37,575.39,71.16,160.93,0.86,-1,-1,-1
36,3,703.52,393.09,72.24,139.75,0.99,-1,-1,-1
36,4,897.40,398.47,85.07,102.36,1.00,-1,-1,-1
36,5,966.74,387.29,65.90,143.53,1.00,-1,-1,-1
36,6,316.16,310.03,30.17,90.90,1.00,-1,-1,-1
36,7,547.55,318.62,45.22,95.50,0.99,-1,-1,-1
36,8,1047.90,460.69,106.56,260.45,0.99,-1,-1,-1
36,9,731.28,316.59,36.87,45.28,0.97,-1,-1,-1
36,1,714.99,387.59,48.07,109.99,0.53,-1,-1,-1
37,2,-39.45,580.02,79.29,166.12,0.89,-1,-1,-1
37,3,715.47,395.14,80.75,132.87,1.00,-1,-1,-1
37,4,911.23,397.82,76.37,101.52,1.00,-1,-1,-1
37,5,970.58,388.41,72.15,141.85,0.99,-1,-1,-1
37,6,316.59,309.78,30.19,90.95,1.00,-1,-1,-1
37,7,553.54,319.38,42.40,96.81,1.00,-1,-1,-1
37,8,1052.02,460.76,102.72,257.86,0.99,-1,-1,-1
37,9,731.59,316.74,36.87,45.09,0.98,-1,-1,-1
37,1,720.03,385.91,58.97,122.37,0.94,-1,-1,-1
38,2,-43.04,582.45,83.29,168.17,0.89,-1,-1,-1
38,3,734.11,396.56,70.58,129.37,0.99,-1,-1,-1
38,4,918.01,397.45,73.07,99.57,0.99,-1,-1,-1
38,5,973.07,389.82,75.55,140.31,1.00,-1,-1,-1
38,6,316.77,309.64,30.18,90.96,1.00,-1,-1,-1
38,7,556.99,321.14,42.64,95.53,1.00,-1,-1,-1
38,8,1050.48,460.82,103.65,256.28,0.99,-1,-1,-1
38,9,731.69,316.80,36.86,45.02,0.97,-1,-1,-1
38,1,730.97,385.18,56.93,125.01,0.97,-1,-1,-1
39,2,-43.74,585.02,84.76,159.54,0.80,-1,-1,-1
39,3,750.82,396.40,59.86,129.16,0.95,-1,-1,-1
39,4,919.89,397.45,75.36,98.71,1.00,-1,-1,-1
39,5,976.19,393.08,78.06,136.73,1.00,-1,-1,-1
39,6,316.98,309.60,30.18,90.96,1.00,-1,-1,-1
39,7,561.11,323.46,50.71,93.23,1.00,-1,-1,-1
39,8,1047.51,460.84,106.40,256.30,0.99,-1,-1,-1
39,9,731.73,316.83,36.86,45.00,0.98,-1,-1,-1
39,1,739.07,385.68,62.18,127.66,0.99,-1,-1,-1
40,2,-43.15,586.37,85.07,160.40,0.89,-1,-1,-1
40,3,762.43,395.65,59.19,129.86,0.98,-1,-1,-1
40,4,920.47,397.91,76.77,98.27,1.00,-1,-1,-1
40,5,977.85,396.77,79.01,132.99,1.00,-1,-1,-1
40,6,316.78,309.56,30.76,90.96,1.00,-1,-1,-1
40,7,564.37,324.33,56.32,92.04,1.00,-1,-1,-1
40,8,1045.81,461.17,108.59,256.32,0.99,-1,-1,-1
40,9,731.75,316.84,36.86,44.99,0.98,-1,-1,-1
40,1,741.04,385.63,71.06,128.66,0.99,-1,-1,-1
41,2,-44.50,587.37,86.81,155.95,0.82,-1,-1,-1
41,3,772.86,393.92,58.99,131.63,0.99,-1,-1,-1
41,4,920.79,399.26,79.42,95.72,1.00,-1,-1,-1
41,5,978.90,402.37,81.70,127.39,1.00,-1,-1,-1
41,6,316.69,309.55,30.98,90.95,0.99,-1,-1,-1
41,7,570.87,323.90,60.87,92.79,1.00,-1,-1,-1
41,8,1046.32,460.97,108.26,256.34,0.99,-1,-1,-1
41,9,731.74,316.98,36.87,44.69,0.97,-1,-1,-1
41,1,743.67,384.01,75.03,129.45,0.99,-1,-1,-1
42,2,-44.49,587.29,86.97,155.50,0.88,-1,-1,-1
42,3,776.16,391.83,64.45,133.79,0.98,-1,-1,-1
42,4,921.67,400.21,76.59,93.74,1.00,-1,-1,-1
42,5,979.20,407.49,82.71,122.31,1.00,-1,-1,-1
42,6,316.66,309.98,31.06,90.35,1.00,-1,-1,-1
42,7,575.62,323.42,62.13,93.66,1.00,-1,-1,-1
42,8,1045.34,461.19,109.30,256.36,0.99,-1,-1,-1
42,9,731.74,317.03,36.87,44.58,0.98,-1,-1,-1
42,1,747.53,383.57,86.87,128.69,0.99,-1,-1,-1
43,2,-43.98,587.77,86.24,160.74,0.86,-1,-1,-1
43,3,790.09,389.47,59.96,129.14,0.99,-1,-1,-1
43,4,922.36,400.54,75.49,93.34,0.99,-1,-1,-1
43,5,979.14,412.37,83.06,117.46,1.00,-1,-1,-1
43,6,316.47,310.01,31.68,90.42,1.00,-1,-1,-1
43,7,580.18,323.54,63.16,94.87,1.00,-1,-1,-1
43,8,1046.11,460.97,108.51,256.96,0.99,-1,-1,-1
43,9,731.70,317.05,36.87,44.54,0.97,-1,-1,-1
43,1,758.89,381.82,87.07,125.25,0.99,-1,-1,-1
44,2,-41.34,587.90,83.13,167.41,0.88,-1,-1,-1
44,3,801.32,388.31,52.63,126.73,0.99,-1,-1,-1
44,4,920.13,400.62,76.91,92.92,0.99,-1,-1,-1
44,5,979.04,414.19,83.18,115.64,1.00,-1,-1,-1
44,6,316.14,310.16,32.79,90.14,1.00,-1,-1,-1
44,7,581.85,322.68,63.52,96.20,1.00,-1,-1,-1
44,8,1048.24,460.85,105.83,256.59,0.99,-1,-1,-1
44,9,731.72,316.88,36.88,44.82,0.98,-1,-1,-1
44,1,768.53,379.52,82.42,124.05,0.99,-1,-1,-1
45,2,-41.18,589.32,81.13,173.45,0.93,-1,-1,-1
45,3,813.47,387.35,51.90,118.34,0.99,-1,-1,-1
45,4,918.56,400.50,79.82,91.14,0.99,-1,-1,-1
45,5,978.22,413.10,83.18,116.45,1.00,-1,-1,-1
45,6,316.26,310.67,32.92,89.74,1.00,-1,-1,-1
45,7,585.74,322.35,60.13,96.69,1.00,-1,-1,-1
45,8,1048.37,461.11,106.00,256.45,0.99,-1,-1,-1
45,9,731.66,316.83,36.88,44.93,0.98,-1,-1,-1
45,1,783.12,377.37,67.44,119.57,0.99,-1,-1,-1
46,2,-41.61,589.81,80.75,171.69,0.92,-1,-1,-1
46,3,820.43,386.76,53.54,115.54,0.99,-1,-1,-1
46,4,916.20,400.11,82.09,90.52,0.99,-1,-1,-1
46,5,977.88,411.26,83.16,119.09,1.00,-1,-1,-1
46,6,316.19,310.85,33.25,89.59,1.00,-1,-1,-1
46,7,588.85,319.85,56.95,99.23,1.00,-1,-1,-1
46,8,1050.86,460.89,103.70,257.01,0.99,-1,-1,-1
46,9,731.68,316.79,36.88,44.97,0.98,-1,-1,-1
46,1,789.82,376.75,59.42,118.62,0.99,-1,-1,-1
47,2,-38.31,590.48,76.97,147.30,0.93,-1,-1,-1
47,3,833.14,387.20,61.38,116.12,1.00,-1,-1,-1
47,4,915.46,400.40,82.67,89.87,0.99,-1,-1,-1
47,5,976.42,407.39,83.13,122.65,1.00,-1,-1,-1
47,6,316.29,311.51,32.78,88.93,1.00,-1,-1,-1
47,7,595.21,319.49,51.50,99.29,1.00,-1,-1,-1
47,8,1050.53,461.09,104.03,256.62,0.99,-1,-1,-1
47,9,731.65,316.77,36.88,44.98,0.98,-1,-1,-1
47,1,795.52,377.30,65.60,115.43,0.99,-1,-1,-1
48,2,-31.92,590.92,70.71,160.19,0.96,-1,-1,-1
48,3,840.99,387.27,61.36,116.24,1.00,-1,-1,-1
48,4,914.61,400.52,82.88,89.37,0.99,-1,-1,-1
48,5,975.88,404.45,81.92,125.22,1.00,-1,-1,-1
48,6,316.37,311.62,32.59,88.70,1.00,-1,-1,-1
48,7,599.54,319.22,47.58,99.59,1.00,-1,-1,-1
48,8,1048.11,460.89,106.56,256.49,0.99,-1,-1,-1
48,9,731.71,316.77,36.88,44.99,0.98,-1,-1,-1
48,1,800.27,377.88,67.58,113.67,0.99,-1,-1,-1
49,2,-40.23,591.07,80.28,165.47,0.94,-1,-1,-1
49,3,849.61,386.89,56.02,116.78,0.99,-1,-1,-1
49,4,912.11,399.20,83.82,88.16,0.99,-1,-1,-1
49,5,975.53,400.66,79.04,129.16,0.99,-1,-1,-1
49,6,316.68,311.65,32.51,88.31,1.00,-1,-1,-1
49,7,604.25,319.28,48.08,100.86,0.99,-1,-1,-1
49,8,1047.11,461.11,107.49,256.43,0.99,-1,-1,-1
49,9,731.68,316.78,36.88,44.99,0.98,-1,-1,-1
49,1,806.12,379.19,66.56,111.98,0.99,-1,-1,-1
50,2,-45.50,591.12,87.41,161.68,0.91,-1,-1,-1
50,3,856.26,386.19,50.85,117.94,0.99,-1,-1,-1
50,4,907.36,397.51,85.65,88.05,1.00,-1,-1,-1
50,5,976.00,398.36,76.75,131.26,1.00,-1,-1,-1
50,6,316.64,311.52,33.37,88.47,1.00,-1,-1,-1
50,7,606.42,321.09,50.09,100.15,1.00,-1,-1,-1
50,8,1046.81,460.91,107.87,256.43,0.99,-1,-1,-1
50,9,731.71,316.79,36.89,45.00,0.98,-1,-1,-1
50,1,809.56,380.32,62.55,110.50,1.00,-1,-1,-1
51,2,-47.97,591.34,93.23,137.45,0.83,-1,-1,-1
51,3,862.75,384.94,52.75,109.90,0.99,-1,-1,-1
51,4,900.22,394.20,92.19,90.74,0.99,-1,-1,-1
51,5,974.87,397.50,77.10,131.48,0.99,-1,-1,-1
51,6,317.20,311.48,32.80,88.54,1.00,-1,-1,-1
51,7,609.74,324.77,54.40,97.48,1.00,-1,-1,-1
51,8,1046.65,460.85,107.99,255.83,0.99,-1,-1,-1
51,9,731.68,316.81,36.89,45.00,0.98,-1,-1,-1
51,1,811.33,379.57,64.05,109.99,1.00,-1,-1,-1
52,2,-47.99,592.57,95.93,129.26,0.79,-1,-1,-1
52,3,868.22,384.48,51.60,105.33,1.00,-1,-1,-1
52,4,898.39,391.92,93.80,92.49,1.00,-1,-1,-1
52,5,974.44,398.20,78.43,130.81,1.00,-1,-1,-1
52,6,317.70,311.42,32.28,88.57,1.00,-1,-1,-1
52,7,611.49,327.33,55.44,95.25,1.00,-1,-1,-1
52,8,1045.43,460.79,109.23,256.22,0.99,-1,-1,-1
52,9,731.68,316.78,36.89,45.00,0.98,-1,-1,-1
52,1,814.54,378.06,64.58,110.14,0.99,-1,-1,-1
53,2,-45.88,592.27,100.31,124.76,0.86,-1,-1,-1
53,3,872.49,383.77,51.19,102.54,1.00,-1,-1,-1
53,4,904.04,390.65,87.99,91.85,0.99,-1,-1,-1
53,5,971.85,401.18,82.49,126.70,0.99,-1,-1,-1
53,6,318.17,311.38,31.77,88.59,0.99,-1,-1,-1
53,7,613.42,329.18,54.07,93.52,1.00,-1,-1,-1
53,8,1045.53,461.10,108.49,255.19,0.99,-1,-1,-1
53,9,731.66,316.78,36.89,45.00,0.98,-1,-1,-1
53,1,818.46,374.39,65.96,109.79,0.99,-1,-1,-1
54,2,-47.83,592.78,106.20,130.17,0.91,-1,-1,-1
54,3,876.42,382.93,57.41,106.22,0.99,-1,-1,-1
54,4,899.73,389.75,92.81,90.57,0.99,-1,-1,-1
54,5,966.18,404.44,88.68,123.62,1.00,-1,-1,-1
54,6,318.62,311.53,31.28,88.30,0.99,-1,-1,-1
54,7,615.75,328.05,51.73,94.98,1.00,-1,-1,-1
54,8,1044.98,460.92,109.39,255.40,0.99,-1,-1,-1
54,9,731.64,316.79,36.89,45.00,0.98,-1,-1,-1
54,1,820.33,371.24,60.57,108.19,0.98,-1,-1,-1
55,2,-48.96,592.94,112.36,126.08,0.88,-1,-1,-1
55,3,879.00,381.30,60.78,109.20,0.99,-1,-1,-1
55,4,889.48,388.84,88.74,91.88,0.99,-1,-1,-1
55,5,961.68,406.99,93.35,120.83,1.00,-1,-1,-1
55,6,318.77,311.58,31.40,88.20,0.99,-1,-1,-1
55,7,617.05,326.42,50.23,96.42,1.00,-1,-1,-1
55,8,1044.77,460.84,109.73,256.07,0.99,-1,-1,-1
55,9,731.62,316.78,36.89,45.00,0.98,-1,-1,-1
55,1,820.65,368.59,63.35,106.42,0.99,-1,-1,-1
56,2,-50.38,592.97,115.90,133.23,0.88,-1,-1,-1
56,3,877.69,379.54,63.56,111.56,0.99,-1,-1,-1
56,4,882.72,388.23,86.15,90.30,0.99,-1,-1,-1
56,5,957.03,408.99,97.46,118.46,1.00,-1,-1,-1
56,6,319.27,311.62,31.15,88.16,0.99,-1,-1,-1
56,7,616.79,325.35,50.29,97.55,1.00,-1,-1,-1
56,8,1044.69,460.51,109.85,256.92,0.99,-1,-1,-1
56,9,731.61,316.79,36.89,45.00,0.98,-1,-1,-1
56,1,821.03,367.21,64.31,105.95,0.99,-1,-1,-1
57,2,-54.03,593.62,120.01,126.91,0.89,-1,-1,-1
57,3,876.96,377.44,65.80,114.26,0.99,-1,-1,-1
57,4,877.61,386.57,91.48,88.52,0.99,-1,-1,-1
57,5,941.50,410.03,109.38,117.32,1.00,-1,-1,-1
57,6,319.43,312.10,31.36,87.56,1.00,-1,-1,-1
57,7,613.61,324.52,52.71,98.58,1.00,-1,-1,-1
57,8,1044.73,460.41,109.91,254.30,0.99,-1,-1,-1
57,9,731.63,316.81,36.90,45.00,0.98,-1,-1,-1
57,1,821.62,368.28,65.28,104.02,1.00,-1,-1,-1
58,2,-53.91,594.10,118.56,123.90,0.88,-1,-1,-1
58,3,876.99,376.26,65.49,115.74,0.99,-1,-1,-1
58,4,875.73,385.54,87.58,84.40,0.96,-1,-1,-1
58,5,937.68,409.50,109.50,118.14,0.99,-1,-1,-1
58,6,319.48,312.43,31.44,87.34,1.00,-1,-1,-1
58,7,612.06,324.20,53.60,98.96,1.00,-1,-1,-1
58,8,1045.89,460.69,108.71,253.29,0.99,-1,-1,-1
58,9,731.61,316.83,36.90,45.00,0.98,-1,-1,-1
58,1,821.95,369.80,66.23,102.27,1.00,-1,-1,-1
59,2,-51.40,593.39,128.54,116.19,0.82,-1,-1,-1
59,3,875.61,374.97,66.51,116.91,0.99,-1,-1,-1
59,4,882.38,382.91,81.18,89.45,0.70,-1,-1,-1
59,5,925.05,411.37,93.03,116.39,0.98,-1,-1,-1
59,6,319.61,312.41,31.48,87.27,1.00,-1,-1,-1
59,7,611.37,325.27,53.95,97.92,1.00,-1,-1,-1
59,8,1046.39,460.80,108.28,254.14,0.99,-1,-1,-1
59,9,731.61,316.84,36.90,45.01,0.98,-1,-1,-1
59,1,821.68,372.52,66.59,98.96,0.99,-1,-1,-1
60,2,-46.88,593.02,115.05,111.59,0.80,-1,-1,-1
60,3,874.91,374.49,66.28,116.75,0.99,-1,-1,-1
60,4,903.12,380.79,50.21,76.24,0.63,-1,-1,-1
60,5,900.33,398.62,100.17,129.76,0.98,-1,-1,-1
60,6,319.54,312.37,31.78,87.24,1.00,-1,-1,-1
60,7,610.75,325.50,54.66,97.80,1.00,-1,-1,-1
60,8,1046.55,460.81,108.09,254.45,0.99,-1,-1,-1
60,9,731.61,316.82,36.90,45.00,0.98,-1,-1,-1
60,1,817.01,374.30,70.84,96.41,0.99,-1,-1,-1
61,2,-49.95,594.42,125.54,110.08,0.66,-1,-1,-1
61,3,874.18,372.86,60.59,110.46,0.99,-1,-1,-1
61,4,903.00,375.92,51.04,102.61,0.98,-1,-1,-1
61,5,901.03,400.50,90.70,127.80,0.99,-1,-1,-1
61,6,319.67,312.34,31.90,87.23,1.00,-1,-1,-1
61,7,610.19,330.18,56.69,93.29,1.00,-1,-1,-1
61,8,1046.62,460.65,108.03,254.72,0.99,-1,-1,-1
61,9,731.63,316.80,36.90,45.00,0.98,-1,-1,-1
61,1,814.94,376.01,69.54,91.42,0.99,-1,-1,-1
62,2,-55.04,594.60,132.48,112.10,0.68,-1,-1,-1
62,3,873.01,371.85,55.25,108.49,0.99,-1,-1,-1
62,4,900.79,373.65,53.86,109.49,0.96,-1,-1,-1
62,5,879.23,400.31,108.67,127.98,0.99,-1,-1,-1
62,6,319.74,312.34,31.94,87.24,1.00,-1,-1,-1
62,7,609.96,332.28,59.20,91.26,1.00,-1,-1,-1
62,8,1046.66,460.75,108.00,254.67,0.99,-1,-1,-1
62,9,731.65,316.80,36.90,45.00,0.98,-1,-1,-1
62,1,809.28,376.50,73.70,87.36,0.99,-1,-1,-1
63,2,-60.84,594.64,138.16,120.14,0.83,-1,-1,-1
63,3,867.75,371.08,55.48,115.17,0.99,-1,-1,-1
63,4,896.30,370.66,54.88,109.75,0.95,-1,-1,-1
63,5,871.39,405.14,103.86,122.26,0.99,-1,-1,-1
63,6,319.76,312.34,31.96,87.24,1.00,-1,-1,-1
63,7,609.55,333.48,65.36,90.23,1.00,-1,-1,-1
63,8,1046.66,460.80,107.98,255.25,0.99,-1,-1,-1
63,9,731.66,316.81,36.90,45.00,0.98,-1,-1,-1
63,1,800.80,377.60,79.86,82.59,0.99,-1,-1,-1
64,2,-61.14,595.81,136.97,117.24,0.79,-1,-1,-1
64,3,868.01,370.97,55.26,113.94,0.98,-1,-1,-1
64,4,893.11,367.80,55.66,108.28,0.99,-1,-1,-1
64,5,860.93,405.37,91.50,114.17,0.99,-1,-1,-1
64,6,319.92,312.33,31.96,87.25,1.00,-1,-1,-1
64,7,609.96,334.34,68.28,89.27,1.00,-1,-1,-1
64,8,1047.86,460.53,106.79,256.07,0.99,-1,-1,-1
64,9,731.67,316.82,36.90,45.00,0.98,-1,-1,-1
64,1,794.09,377.99,89.05,80.39,0.99,-1,-1,-1
65,2,-55.83,596.25,118.07,132.38,0.81,-1,-1,-1
65,3,868.95,370.98,50.67,118.50,0.99,-1,-1,-1
65,4,888.93,363.53,59.06,109.95,0.99,-1,-1,-1
65,5,851.20,402.84,73.25,113.47,0.99,-1,-1,-1
65,6,319.99,312.32,31.66,87.25,1.00,-1,-1,-1
65,7,610.10,334.32,70.56,90.14,1.00,-1,-1,-1
65,8,1048.93,460.41,105.14,256.38,0.99,-1,-1,-1
65,9,731.69,316.66,36.90,45.30,0.98,-1,-1,-1
65,1,786.70,378.26,92.11,79.41,0.99,-1,-1,-1
66,2,-56.65,596.38,119.32,133.20,0.75,-1,-1,-1
66,3,862.88,370.25,56.44,120.33,0.99,-1,-1,-1
66,4,881.74,361.50,65.95,111.26,0.98,-1,-1,-1
66,5,849.62,401.02,61.98,109.92,0.99,-1,-1,-1
66,6,319.98,312.30,31.55,87.25,1.00,-1,-1,-1
66,7,610.09,333.53,71.99,91.38,1.00,-1,-1,-1
66,8,1049.26,460.65,104.53,256.48,0.99,-1,-1,-1
66,9,731.65,316.59,36.89,45.41,0.98,-1,-1,-1
66,1,782.18,377.55,91.57,79.46,0.99,-1,-1,-1
67,2,-60.15,596.46,123.98,128.23,0.59,-1,-1,-1
67,3,855.43,368.84,60.68,120.45,0.99,-1,-1,-1
67,4,876.56,358.61,67.12,110.98,0.98,-1,-1,-1
67,5,839.57,399.61,61.91,113.38,0.99,-1,-1,-1
67,6,320.15,312.31,30.91,87.26,1.00,-1,-1,-1
67,7,612.99,330.24,69.64,94.84,1.00,-1,-1,-1
67,8,1045.87,460.60,107.92,257.87,0.99,-1,-1,-1
67,9,731.69,316.57,36.90,45.45,0.98,-1,-1,-1
67,1,776.15,374.56,88.38,80.78,1.00,-1,-1,-1
68,2,-61.50,596.70,124.22,124.45,0.39,-1,-1,-1
68,3,855.85,369.07,54.84,115.29,0.98,-1,-1,-1
68,4,874.77,357.28,60.25,108.45,0.98,-1,-1,-1
68,5,825.42,398.80,70.76,116.42,0.99,-1,-1,-1
68,6,320.17,312.29,30.67,87.26,1.00,-1,-1,-1
68,7,615.81,328.54,66.86,96.14,1.00,-1,-1,-1
68,8,1045.09,460.58,109.16,258.37,0.99,-1,-1,-1
68,9,731.34,316.56,37.49,45.46,0.98,-1,-1,-1
68,1,773.47,371.95,85.26,82.83,0.99,-1,-1,-1
69,2,-65.32,595.05,131.36,123.65,0.10,-1,-1,-1
69,3,852.76,367.10,52.99,113.29,0.99,-1,-1,-1
69,4,869.12,352.42,53.47,108.00,0.97,-1,-1,-1
69,5,808.89,397.49,83.14,127.82,1.00,-1,-1,-1
69,6,320.18,312.45,30.59,86.98,1.00,-1,-1,-1
69,7,618.98,327.75,63.97,96.93,1.00,-1,-1,-1
69,8,1044.32,460.58,109.66,258.58,0.99,-1,-1,-1
69,9,731.27,316.56,37.72,45.47,0.98,-1,-1,-1
69,1,771.40,369.66,78.09,85.43,1.00,-1,-1,-1
70,3,853.46,365.97,48.08,112.99,0.99,-1,-1,-1
70,4,865.94,350.08,45.38,107.78,0.98,-1,-1,-1
70,5,802.84,398.02,85.12,130.49,1.00,-1,-1,-1
70,6,320.18,312.37,30.56,87.16,1.00,-1,-1,-1
70,7,620.70,327.75,62.25,97.22,1.00,-1,-1,-1
70,8,1043.97,460.73,109.83,259.08,0.99,-1,-1,-1
70,9,731.21,316.57,37.80,45.47,0.98,-1,-1,-1
70,1,770.69,369.12,69.78,85.85,1.00,-1,-1,-1
71,3,850.05,364.25,45.67,112.45,0.98,-1,-1,-1
71,4,860.18,348.11,42.64,108.26,0.96,-1,-1,-1
71,5,800.12,397.27,79.49,133.12,1.00,-1,-1,-1
71,6,320.18,312.51,30.56,86.95,1.00,-1,-1,-1
71,7,623.73,330.88,58.60,96.44,1.00,-1,-1,-1
71,8,1043.92,460.51,109.90,258.68,0.99,-1,-1,-1
71,9,731.23,316.44,37.83,45.47,0.98,-1,-1,-1
71,1,751.17,367.93,79.27,86.93,0.99,-1,-1,-1
72,3,846.66,363.92,47.36,111.95,0.99,-1,-1,-1
72,4,858.40,346.84,43.11,109.28,0.97,-1,-1,-1
72,5,799.35,395.80,75.30,135.26,1.00,-1,-1,-1
72,6,320.33,312.53,30.26,86.86,1.00,-1,-1,-1
72,7,624.15,332.49,58.44,95.53,1.00,-1,-1,-1
72,8,1043.84,460.69,109.90,257.90,0.99,-1,-1,-1
72,9,731.19,316.37,37.84,45.47,0.98,-1,-1,-1
72,1,749.30,366.29,74.85,88.83,0.99,-1,-1,-1
73,3,841.29,362.50,49.76,111.63,0.98,-1,-1,-1
73,4,853.84,346.88,44.55,107.88,0.97,-1,-1,-1
73,5,794.56,391.91,65.25,139.11,1.00,-1,-1,-1
73,6,320.18,312.38,30.45,87.13,1.00,-1,-1,-1
73,7,623.94,336.37,59.61,92.21,1.00,-1,-1,-1
73,8,1044.43,460.79,109.90,256.44,0.99,-1,-1,-1
73,9,731.17,316.50,37.84,45.47,0.98,-1,-1,-1
73,1,750.70,363.06,58.42,91.33,0.99,-1,-1,-1
74,3,837.85,360.34,51.26,110.47,0.98,-1,-1,-1
74,4,850.80,343.27,48.15,111.75,0.96,-1,-1,-1
74,5,790.23,389.11,62.09,141.55,1.00,-1,-1,-1
74,6,320.61,312.32,30.22,87.23,0.99,-1,-1,-1
74,7,622.05,337.36,61.83,91.84,1.00,-1,-1,-1
74,8,1045.25,460.80,108.70,257.06,0.99,-1,-1,-1
74,9,731.18,316.53,37.83,45.17,0.98,-1,-1,-1
74,1,749.43,360.08,52.66,95.50,0.99,-1,-1,-1
75,4,841.19,348.98,53.01,111.13,0.99,-1,-1,-1
75,5,786.77,387.32,61.70,142.59,1.00,-1,-1,-1
75,6,321.04,312.27,29.84,87.28,1.00,-1,-1,-1
75,7,620.99,337.98,63.25,91.42,1.00,-1,-1,-1
75,8,1044.95,460.64,109.43,258.04,0.99,-1,-1,-1
75,9,731.16,316.53,37.83,45.35,0.98,-1,-1,-1
75,1,733.47,357.51,84.23,109.57,0.96,-1,-1,-1
76,4,834.17,345.41,51.43,103.45,0.71,-1,-1,-1
76,5,785.20,387.12,62.22,142.49,1.00,-1,-1,-1
76,6,321.09,312.28,30.01,87.29,1.00,-1,-1,-1
76,7,620.30,337.60,63.20,91.57,1.00,-1,-1,-1
76,8,1045.47,460.60,108.52,258.40,0.99,-1,-1,-1
76,9,731.49,316.55,37.23,45.12,0.98,-1,-1,-1
76,1,723.81,357.25,80.74,114.19,0.99,-1,-1,-1
76,3,836.98,355.64,57.57,107.40,0.99,-1,-1,-1
77,4,832.44,339.25,42.42,105.30,0.98,-1,-1,-1
77,5,779.36,388.72,69.13,141.37,1.00,-1,-1,-1
77,6,321.48,311.98,29.77,87.60,1.00,-1,-1,-1
77,7,616.70,335.06,64.95,93.74,1.00,-1,-1,-1
77,8,1045.65,460.45,108.17,260.79,0.99,-1,-1,-1
77,9,731.58,316.57,37.01,45.04,0.98,-1,-1,-1
77,1,729.13,359.35,70.31,114.48,0.99,-1,-1,-1
77,3,839.55,354.74,48.55,106.19,0.99,-1,-1,-1
78,4,831.31,337.25,38.22,105.66,0.98,-1,-1,-1
78,5,771.24,391.45,79.73,139.39,1.00,-1,-1,-1
78,6,321.55,311.89,29.99,87.71,1.00,-1,-1,-1
78,7,616.85,333.66,62.08,94.55,1.00,-1,-1,-1
78,8,1045.75,460.40,108.04,261.66,0.99,-1,-1,-1
78,9,731.66,316.58,36.92,45.30,0.98,-1,-1,-1
78,1,727.89,362.00,67.02,114.20,0.99,-1,-1,-1
78,3,840.22,352.51,44.12,107.28,0.99,-1,-1,-1
79,4,825.97,336.83,39.46,104.60,0.99,-1,-1,-1
79,5,757.22,397.23,95.05,135.04,1.00,-1,-1,-1
79,6,321.55,311.82,30.07,87.75,1.00,-1,-1,-1
79,7,614.21,328.93,57.92,98.11,1.00,-1,-1,-1
79,8,1045.80,460.20,107.99,262.43,0.99,-1,-1,-1
79,9,731.69,316.55,36.89,45.41,0.98,-1,-1,-1
79,1,719.99,366.38,74.32,115.05,0.99,-1,-1,-1
79,3,839.55,353.48,42.64,105.90,0.99,-1,-1,-1
80,4,821.80,335.47,40.47,104.18,0.99,-1,-1,-1
80,5,749.15,401.74,103.40,131.09,1.00,-1,-1,-1
80,6,321.88,311.99,29.80,87.47,1.00,-1,-1,-1
80,7,612.00,327.06,52.07,98.86,1.00,-1,-1,-1
80,8,1045.79,460.47,107.97,262.39,0.99,-1,-1,-1
80,9,731.70,316.59,36.88,45.44,0.98,-1,-1,-1
80,1,717.15,370.03,70.60,112.55,0.99,-1,-1,-1
80,3,839.34,352.78,40.91,105.08,0.99,-1,-1,-1
81,4,812.87,338.59,47.51,98.64,0.99,-1,-1,-1
81,5,738.52,403.54,114.63,128.85,1.00,-1,-1,-1
81,6,321.98,312.05,29.71,87.36,1.00,-1,-1,-1
81,7,608.07,326.33,44.31,98.84,0.99,-1,-1,-1
81,8,1045.79,460.69,107.97,263.40,0.99,-1,-1,-1
81,9,731.70,316.59,36.88,45.16,0.98,-1,-1,-1
81,1,716.65,374.09,70.70,109.43,1.00,-1,-1,-1
81,3,837.14,352.84,40.96,97.89,0.89,-1,-1,-1
81,10,840.60,372.37,39.60,78.30,0.94,-1,-1,-1
82,4,805.95,338.51,52.86,96.54,0.99,-1,-1,-1
82,5,731.29,404.17,122.46,128.63,1.00,-1,-1,-1
82,6,322.04,312.06,29.68,87.31,1.00,-1,-1,-1
82,7,607.07,325.77,39.05,97.92,1.00,-1,-1,-1
82,8,1045.20,460.17,109.16,264.35,0.99,-1,-1,-1
82,9,731.70,316.58,36.88,45.05,0.98,-1,-1,-1
82,1,716.30,376.68,65.97,107.15,0.99,-1,-1,-1
82,3,834.87,352.01,45.27,97.34,0.99,-1,-1,-1
83,4,799.35,339.13,58.99,93.38,1.00,-1,-1,-1
83,5,719.93,403.19,122.28,126.76,0.98,-1,-1,-1
83,6,321.76,311.79,29.97,87.60,1.00,-1,-1,-1
83,7,603.84,325.74,40.13,98.14,1.00,-1,-1,-1
83,8,1045.00,460.12,109.62,263.95,0.99,-1,-1,-1
83,9,731.72,316.58,36.88,45.30,0.98,-1,-1,-1
83,1,714.62,380.32,67.12,104.77,0.98,-1,-1,-1
83,3,834.66,351.60,47.40,96.88,1.00,-1,-1,-1
84,4,796.20,339.10,60.33,91.03,1.00,-1,-1,-1
84,5,710.96,405.93,111.19,122.92,0.99,-1,-1,-1
84,6,321.62,311.67,30.08,87.70,1.00,-1,-1,-1
84,7,596.57,326.93,46.71,96.74,1.00,-1,-1,-1
84,8,1044.88,459.96,109.78,263.93,0.99,-1,-1,-1
84,9,731.69,316.58,36.88,45.40,0.98,-1,-1,-1
84,1,720.29,383.15,66.93,84.82,0.94,-1,-1,-1
84,3,834.60,351.33,48.82,96.45,0.99,-1,-1,-1
85,4,795.47,338.67,59.68,94.20,1.00,-1,-1,-1
85,5,709.93,405.12,80.31,123.03,0.99,-1,-1,-1
85,6,321.74,311.64,29.83,87.74,1.00,-1,-1,-1
85,7,589.45,329.20,53.60,94.70,1.00,-1,-1,-1
85,8,1045.49,460.04,108.66,263.17,0.99,-1,-1,-1
85,9,731.72,316.58,36.89,45.44,0.98,-1,-1,-1
85,1,710.10,385.62,77.58,95.15,0.99,-1,-1,-1
85,3,834.96,351.12,47.62,95.73,0.98,-1,-1,-1
86,4,793.35,338.68,54.72,89.10,1.00,-1,-1,-1
86,5,706.22,403.73,68.22,123.55,0.99,-1,-1,-1
86,6,321.78,311.61,29.73,87.76,1.00,-1,-1,-1
86,7,585.26,331.25,57.46,92.73,1.00,-1,-1,-1
86,8,1045.70,459.93,108.22,263.01,0.99,-1,-1,-1
86,9,731.72,316.57,36.89,45.45,0.98,-1,-1,-1
86,1,706.37,386.69,82.00,95.78,0.99,-1,-1,-1
86,3,835.13,351.07,45.94,95.80,0.99,-1,-1,-1
87,4,788.02,339.20,53.28,87.48,0.99,-1,-1,-1
87,5,692.52,400.82,71.87,124.97,0.98,-1,-1,-1
87,6,322.24,311.47,29.70,88.06,0.99,-1,-1,-1
87,7,582.54,334.44,60.17,90.20,1.00,-1,-1,-1
87,8,1044.03,460.20,110.45,262.36,1.00,-1,-1,-1
87,9,731.74,316.58,36.89,45.46,0.98,-1,-1,-1
87,1,698.44,387.35,88.90,95.46,0.95,-1,-1,-1
87,3,837.67,350.64,42.90,96.17,1.00,-1,-1,-1
88,4,784.68,339.39,49.16,86.64,0.99,-1,-1,-1
88,5,685.77,398.95,70.51,125.67,0.98,-1,-1,-1
88,6,322.25,311.39,29.68,88.17,0.99,-1,-1,-1
88,7,581.26,336.05,61.22,88.67,1.00,-1,-1,-1
88,8,1043.35,460.28,111.27,262.09,1.00,-1,-1,-1
88,9,731.71,316.57,36.89,45.76,0.98,-1,-1,-1
88,1,692.24,387.22,84.82,85.76,0.94,-1,-1,-1
88,3,838.31,350.49,42.37,96.33,1.00,-1,-1,-1
89,4,780.06,340.55,46.95,86.08,0.99,-1,-1,-1
89,5,675.73,395.87,62.63,119.40,0.98,-1,-1,-1
89,6,322.31,311.38,29.68,88.21,0.99,-1,-1,-1
89,7,580.64,336.17,61.60,87.82,1.00,-1,-1,-1
89,8,1043.76,460.61,110.40,261.99,1.00,-1,-1,-1
89,9,731.76,316.56,36.89,45.87,0.98,-1,-1,-1
89,1,683.81,387.55,75.91,96.89,0.98,-1,-1,-1
89,3,840.12,350.17,42.20,95.22,0.99,-1,-1,-1
90,4,774.85,341.89,51.05,84.41,0.99,-1,-1,-1
90,5,671.01,390.29,68.15,115.95,0.99,-1,-1,-1
90,6,322.58,311.51,29.08,88.22,0.99,-1,-1,-1
90,7,580.75,334.38,60.55,89.35,1.00,-1,-1,-1
90,8,1043.28,460.44,111.24,261.95,1.00,-1,-1,-1
90,9,731.44,316.56,37.49,45.91,0.98,-1,-1,-1
90,3,840.44,349.32,42.15,95.13,0.99,-1,-1,-1
91,4,762.27,343.62,59.48,82.62,1.00,-1,-1,-1
91,5,646.96,386.94,71.68,120.05,0.99,-1,-1,-1
91,6,322.71,311.73,28.86,88.23,0.99,-1,-1,-1
91,7,580.35,333.42,60.09,89.33,1.00,-1,-1,-1
91,8,1043.13,460.38,111.56,261.33,1.00,-1,-1,-1
91,9,731.34,316.72,37.71,45.62,0.98,-1,-1,-1
91,3,840.90,347.39,42.14,95.41,0.99,-1,-1,-1
91,1,667.37,385.86,77.97,103.78,0.99,-1,-1,-1
92,4,752.71,344.70,67.72,81.72,0.99,-1,-1,-1
92,5,631.85,385.14,78.38,122.14,0.99,-1,-1,-1
92,6,322.89,311.50,28.78,88.52,0.99,-1,-1,-1
92,7,579.68,333.17,61.06,89.34,1.00,-1,-1,-1
92,8,1043.06,460.34,111.66,261.09,1.00,-1,-1,-1
92,9,731.29,316.61,37.79,45.81,0.98,-1,-1,-1
92,3,841.04,346.68,42.15,95.24,0.99,-1,-1,-1
92,1,657.96,383.43,84.28,107.24,1.00,-1,-1,-1
93,4,746.72,345.25,68.88,80.83,1.00,-1,-1,-1
93,5,616.53,384.09,89.57,116.58,0.99,-1,-1,-1
93,6,322.96,311.44,29.36,88.33,1.00,-1,-1,-1
93,7,579.22,333.99,61.41,88.47,1.00,-1,-1,-1
93,8,1043.06,460.64,111.70,261.01,1.00,-1,-1,-1
93,9,731.58,316.59,37.82,45.88,0.98,-1,-1,-1
93,3,841.71,345.41,41.57,95.79,0.99,-1,-1,-1
93,1,649.74,380.35,88.23,110.70,0.99,-1,-1,-1
94,4,744.48,345.90,66.41,79.65,1.00,-1,-1,-1
94,5,605.33,383.77,93.37,112.33,1.00,-1,-1,-1
94,6,322.95,311.56,29.87,88.26,0.99,-1,-1,-1
94,7,578.79,334.30,59.17,87.26,1.00,-1,-1,-1
94,8,1043.04,460.46,111.70,261.58,1.00,-1,-1,-1
94,9,731.96,316.73,37.24,45.31,0.98,-1,-1,-1
94,3,841.63,343.33,41.96,97.21,0.99,-1,-1,-1
94,1,643.47,378.71,88.61,103.75,0.99,-1,-1,-1
95,4,744.20,345.67,64.15,79.26,1.00,-1,-1,-1
95,5,606.37,385.24,74.35,108.68,0.98,-1,-1,-1
95,6,323.26,312.35,30.36,87.34,0.99,-1,-1,-1
95,7,578.45,335.45,57.07,82.01,1.00,-1,-1,-1
95,8,1044.25,460.38,110.51,261.79,1.00,-1,-1,-1
95,9,731.83,316.64,37.61,45.39,0.99,-1,-1,-1
95,3,841.31,341.83,42.12,97.75,0.99,-1,-1,-1
95,1,629.00,378.51,73.52,95.02,0.99,-1,-1,-1
96,4,743.64,343.90,62.63,80.37,1.00,-1,-1,-1
96,5,601.92,383.67,70.26,109.56,0.99,-1,-1,-1
96,6,323.30,313.67,31.13,86.99,0.99,-1,-1,-1
96,7,578.03,335.40,55.06,80.69,1.00,-1,-1,-1
96,8,1044.05,460.21,111.24,262.92,0.99,-1,-1,-1
96,9,731.71,316.73,37.75,45.43,0.98,-1,-1,-1
96,3,841.12,341.14,42.18,97.96,0.99,-1,-1,-1
96,1,618.26,379.03,69.14,102.51,0.86,-1,-1,-1
96,11,620.55,380.02,63.90,77.40,0.76,-1,-1,-1
97,4,742.20,340.26,54.91,81.11,1.00,-1,-1,-1
97,5,580.63,383.15,87.39,107.19,0.99,-1,-1,-1
97,6,320.90,318.67,36.41,83.58,1.00,-1,-1,-1
97,7,576.50,332.81,51.90,82.67,0.99,-1,-1,-1
97,8,1044.62,460.28,110.33,261.10,0.99,-1,-1,-1
97,9,732.02,316.64,37.21,45.73,0.98,-1,-1,-1
97,3,841.70,340.63,41.62,97.74,0.99,-1,-1,-1
97,1,607.17,378.06,68.96,105.63,0.99,-1,-1,-1
98,4,741.67,338.13,49.95,80.82,0.99,-1,-1,-1
98,5,571.89,381.62,81.48,105.62,0.96,-1,-1,-1
98,6,320.24,321.73,38.92,81.08,1.00,-1,-1,-1
98,7,575.05,331.69,45.81,83.72,0.99,-1,-1,-1
98,8,1044.80,460.01,109.97,261.01,0.99,-1,-1,-1
98,9,732.11,316.43,37.59,55.64,0.99,-1,-1,-1
98,3,841.59,340.46,42.01,97.66,0.99,-1,-1,-1
98,1,599.48,377.37,75.00,106.85,0.99,-1,-1,-1
99,4,740.46,334.08,44.46,84.33,0.99,-1,-1,-1
99,5,566.85,381.12,71.42,98.72,0.99,-1,-1,-1
99,6,320.31,323.75,41.07,79.88,1.00,-1,-1,-1
99,7,571.17,332.79,41.71,82.64,0.99,-1,-1,-1
99,8,1044.90,459.92,109.84,260.97,0.99,-1,-1,-1
99,9,733.06,316.52,35.96,56.72,0.98,-1,-1,-1
99,3,842.17,340.45,41.56,97.33,0.99,-1,-1,-1
99,1,603.54,376.25,64.31,101.11,0.99,-1,-1,-1
100,4,737.36,332.87,46.42,84.46,0.98,-1,-1,-1
100,5,565.38,380.04,61.85,95.01,0.99,-1,-1,-1
100,6,320.57,323.96,41.91,79.48,0.99,-1,-1,-1
100,7,567.65,334.39,41.67,81.06,0.99,-1,-1,-1
100,8,1044.90,460.19,109.79,260.98,0.99,-1,-1,-1
100,9,732.78,316.68,36.54,59.69,0.97,-1,-1,-1
100,3,842.05,340.32,42.00,97.52,0.99,-1,-1,-1
100,1,605.78,375.04,58.58,90.69,0.99,-1,-1,-1
101,4,731.81,332.60,48.87,82.74,0.99,-1,-1,-1
101,5,568.40,378.62,50.17,93.94,0.99,-1,-1,-1
101,6,320.57,321.44,45.07,81.76,0.99,-1,-1,-1
101,7,562.52,332.88,43.55,85.02,0.99,-1,-1,-1
101,8,1045.50,460.29,108.57,260.97,0.99,-1,-1,-1
101,9,733.29,316.89,36.16,64.81,0.96,-1,-1,-1
101,3,842.02,340.45,42.16,97.29,0.99,-1,-1,-1
101,1,601.39,373.06,45.91,86.46,0.99,-1,-1,-1
102,4,728.08,331.81,48.61,83.29,0.99,-1,-1,-1
102,5,553.05,377.10,60.44,94.71,0.99,-1,-1,-1
102,6,322.24,319.77,46.00,82.62,0.99,-1,-1,-1
102,7,559.85,332.35,43.03,89.70,0.99,-1,-1,-1
102,8,1045.15,460.34,109.32,260.98,0.99,-1,-1,-1
102,9,733.18,316.71,36.02,70.17,0.98,-1,-1,-1
102,3,842.01,340.39,42.23,97.21,0.99,-1,-1,-1
102,1,596.99,371.32,43.03,86.90,0.98,-1,-1,-1
103,4,725.64,335.71,47.31,79.64,0.99,-1,-1,-1
103,5,542.68,377.50,67.79,93.24,1.00,-1,-1,-1
103,6,328.36,319.11,42.91,80.29,0.99,-1,-1,-1
103,7,555.32,332.74,41.06,92.94,0.99,-1,-1,-1
103,8,1046.19,460.36,108.42,260.98,0.99,-1,-1,-1
103,9,732.83,316.64,36.57,71.74,0.99,-1,-1,-1
103,3,842.29,340.54,41.66,96.88,0.99,-1,-1,-1
103,1,586.59,368.46,47.54,89.82,0.99,-1,-1,-1
104,4,725.23,337.54,46.24,77.95,0.99,-1,-1,-1
104,5,538.59,376.93,70.76,92.62,0.99,-1,-1,-1
104,6,335.90,316.28,42.47,78.81,0.99,-1,-1,-1
104,7,551.03,332.88,42.23,102.04,0.99,-1,-1,-1
104,8,1045.41,460.21,109.28,262.02,0.99,-1,-1,-1
104,9,732.72,316.60,36.18,72.30,0.97,-1,-1,-1
104,3,843.01,340.60,41.45,96.76,0.99,-1,-1,-1
104,1,583.00,365.78,47.68,92.70,0.99,-1,-1,-1
105,4,723.71,338.97,45.86,76.45,0.99,-1,-1,-1
105,5,536.53,379.77,73.09,90.04,0.98,-1,-1,-1
105,6,341.32,312.34,43.47,81.29,0.99,-1,-1,-1
105,7,541.76,333.77,46.26,98.14,1.00,-1,-1,-1
105,8,1046.30,460.44,108.41,260.34,0.99,-1,-1,-1
105,9,732.97,316.71,36.03,72.17,0.97,-1,-1,-1
105,3,843.28,339.89,41.97,97.61,0.99,-1,-1,-1
105,1,574.63,360.65,52.76,95.89,0.99,-1,-1,-1
106,4,723.00,339.35,46.34,75.92,0.99,-1,-1,-1
106,6,343.52,310.35,44.70,82.80,1.00,-1,-1,-1
106,7,535.26,334.46,50.06,91.98,1.00,-1,-1,-1
106,8,1045.47,460.38,109.28,260.14,0.99,-1,-1,-1
106,9,733.09,316.91,35.98,72.92,0.96,-1,-1,-1
106,3,843.70,339.79,42.17,97.64,0.99,-1,-1,-1
106,1,550.06,361.26,70.39,104.30,1.00,-1,-1,-1
107,4,714.74,340.54,56.72,75.15,1.00,-1,-1,-1
107,6,346.47,307.23,47.48,83.98,1.00,-1,-1,-1
107,7,528.78,333.51,55.57,91.08,1.00,-1,-1,-1
107,8,1047.52,460.65,107.24,260.08,0.99,-1,-1,-1
107,9,734.61,316.69,34.78,70.56,0.97,-1,-1,-1
107,3,845.02,339.92,43.44,97.94,0.99,-1,-1,-1
107,1,542.35,365.51,84.35,101.46,1.00,-1,-1,-1
107,5,559.34,361.24,49.01,92.87,0.93,-1,-1,-1
108,4,713.14,340.69,59.84,75.20,1.00,-1,-1,-1
108,6,348.20,306.38,48.82,82.94,0.99,-1,-1,-1
108,7,525.51,332.42,58.85,91.63,0.99,-1,-1,-1
108,8,1048.31,460.75,106.46,260.04,0.99,-1,-1,-1
108,9,734.90,316.76,34.93,69.85,0.98,-1,-1,-1
108,3,845.83,340.43,45.09,97.76,0.99,-1,-1,-1
108,1,540.38,366.17,91.53,101.41,1.00,-1,-1,-1
108,5,568.59,356.92,42.49,89.93,0.94,-1,-1,-1
109,4,709.55,339.97,67.37,74.34,0.99,-1,-1,-1
109,6,360.21,307.12,40.68,77.19,0.99,-1,-1,-1
109,7,524.93,331.26,56.76,92.13,1.00,-1,-1,-1
109,8,1048.61,460.48,106.18,261.23,0.99,-1,-1,-1
109,9,734.72,316.92,34.99,70.13,0.96,-1,-1,-1
109,3,847.02,341.07,47.46,97.39,1.00,-1,-1,-1
109,1,563.00,367.76,74.76,99.16,0.98,-1,-1,-1
109,5,563.31,353.18,51.00,96.66,0.99,-1,-1,-1
110,4,714.01,339.71,65.33,74.35,0.99,-1,-1,-1
110,6,365.97,308.26,37.16,76.51,0.99,-1,-1,-1
110,7,524.67,329.66,56.42,93.79,1.00,-1,-1,-1
110,8,1048.71,460.24,106.09,262.71,0.99,-1,-1,-1
110,9,733.46,316.41,36.81,69.61,0.98,-1,-1,-1
110,3,847.77,341.93,50.10,96.65,1.00,-1,-1,-1
110,1,574.83,368.86,68.02,97.52,0.98,-1,-1,-1
110,5,561.72,351.29,51.48,98.49,0.99,-1,-1,-1
111,4,716.73,338.54,70.14,78.88,0.99,-1,-1,-1
111,6,375.46,311.53,31.30,74.49,0.99,-1,-1,-1
111,7,523.80,327.73,53.34,95.29,1.00,-1,-1,-1
111,8,1048.77,459.99,106.08,261.65,0.99,-1,-1,-1
111,9,732.42,316.79,37.48,67.31,0.97,-1,-1,-1
111,3,848.35,341.95,54.57,96.38,1.00,-1,-1,-1
111,1,574.20,368.24,74.74,98.55,0.99,-1,-1,-1
111,5,560.35,350.39,51.76,93.91,0.99,-1,-1,-1
112,4,719.72,337.25,72.50,80.84,0.99,-1,-1,-1
112,6,380.05,312.17,32.15,74.06,0.99,-1,-1,-1
112,7,523.04,326.87,52.11,95.85,1.00,-1,-1,-1
112,8,1046.36,460.21,108.46,261.23,0.99,-1,-1,-1
112,9,732.57,316.95,37.16,66.69,0.97,-1,-1,-1
112,3,849.11,341.52,56.29,96.88,1.00,-1,-1,-1
112,1,579.58,367.58,67.38,98.77,0.99,-1,-1,-1
112,5,559.02,350.55,57.32,90.24,0.99,-1,-1,-1
113,4,728.69,335.44,69.41,83.66,0.99,-1,-1,-1
113,6,383.48,308.04,40.10,77.26,0.99,-1,-1,-1
113,7,522.84,326.42,49.85,96.04,1.00,-1,-1,-1
113,8,1045.44,460.30,109.36,261.08,0.99,-1,-1,-1
113,9,733.50,316.57,37.02,67.04,0.96,-1,-1,-1
113,3,855.10,345.38,52.95,92.02,1.00,-1,-1,-1
113,1,585.27,365.28,73.22,101.52,0.99,-1,-1,-1
113,5,558.82,351.49,63.39,87.35,1.00,-1,-1,-1
114,4,735.09,335.19,59.24,85.31,0.99,-1,-1,-1
114,6,386.24,304.62,42.55,74.89,0.99,-1,-1,-1
114,7,521.43,326.27,50.20,96.38,1.00,-1,-1,-1
114,8,1045.09,460.33,109.70,261.01,0.99,-1,-1,-1
114,9,733.28,316.43,36.97,68.05,0.97,-1,-1,-1
114,3,863.44,342.61,47.37,92.28,0.99,-1,-1,-1
114,1,589.25,362.37,74.10,103.42,1.00,-1,-1,-1
114,5,559.10,351.04,68.03,87.20,1.00,-1,-1,-1
115,4,740.15,337.18,54.49,84.76,0.99,-1,-1,-1
115,6,392.71,302.74,38.70,73.69,0.99,-1,-1,-1
115,7,520.37,327.00,52.12,95.61,1.00,-1,-1,-1
115,8,1047.33,460.36,107.46,260.99,0.99,-1,-1,-1
115,9,732.58,316.25,37.54,66.35,0.98,-1,-1,-1
115,3,871.75,340.88,45.20,94.79,0.99,-1,-1,-1
115,1,600.86,358.81,67.38,98.70,0.99,-1,-1,-1
115,5,558.97,348.87,74.99,89.26,0.99,-1,-1,-1
116,4,742.84,338.52,56.57,85.41,0.99,-1,-1,-1
116,6,399.49,302.34,34.28,73.86,0.99,-1,-1,-1
116,7,520.06,327.41,52.83,95.00,1.00,-1,-1,-1
116,8,1046.99,460.04,107.79,260.98,0.99,-1,-1,-1
116,9,732.33,316.29,38.34,63.88,0.98,-1,-1,-1
116,3,873.41,340.21,48.08,96.32,0.99,-1,-1,-1
116,1,609.01,356.52,62.75,96.82,0.99,-1,-1,-1
116,5,559.26,347.79,78.84,89.73,0.99,-1,-1,-1
117,4,744.05,339.78,57.88,86.23,1.00,-1,-1,-1
117,6,408.74,301.64,31.68,73.65,0.99,-1,-1,-1
117,7,520.04,326.25,51.92,96.24,1.00,-1,-1,-1
117,8,1045.67,460.39,109.10,259.94,0.99,-1,-1,-1
117,9,731.94,316.63,38.05,51.75,0.99,-1,-1,-1
117,3,879.55,341.45,47.63,97.21,0.99,-1,-1,-1
117,1,612.87,353.18,63.51,96.73,0.99,-1,-1,-1
117,5,578.91,346.44,71.88,86.05,0.80,-1,-1,-1
118,4,744.50,340.10,58.37,86.52,1.00,-1,-1,-1
118,6,412.55,302.00,32.98,72.99,0.98,-1,-1,-1
118,7,520.14,325.38,51.55,96.99,1.00,-1,-1,-1
118,8,1045.17,460.51,109.59,259.54,0.99,-1,-1,-1
118,9,732.10,316.76,37.93,46.76,0.99,-1,-1,-1
118,3,884.82,342.37,46.25,96.95,0.99,-1,-1,-1
118,1,623.52,350.64,54.79,98.19,0.99,-1,-1,-1
118,5,594.40,346.32,61.66,83.73,0.91,-1,-1,-1
119,4,745.21,339.20,59.74,88.09,0.99,-1,-1,-1
119,6,417.09,301.59,37.63,71.87,0.99,-1,-1,-1
119,7,519.92,323.45,53.80,98.75,0.99,-1,-1,-1
119,8,1044.99,460.42,109.78,259.26,0.99,-1,-1,-1
119,9,731.84,316.80,37.29,45.25,0.98,-1,-1,-1
119,3,885.48,343.77,55.35,95.67,0.99,-1,-1,-1
119,1,629.45,344.86,55.20,103.19,1.00,-1,-1,-1
119,5,605.53,346.52,55.83,82.90,0.98,-1,-1,-1
120,4,747.55,337.21,59.66,90.42,0.99,-1,-1,-1
120,6,421.50,301.74,38.76,70.86,1.00,-1,-1,-1
120,7,521.08,323.00,55.21,99.10,1.00,-1,-1,-1
120,8,1046.11,460.35,108.66,257.36,0.99,-1,-1,-1
120,9,732.07,316.64,37.04,44.81,0.98,-1,-1,-1
120,3,888.32,344.42,59.93,95.17,0.99,-1,-1,-1
120,1,631.09,341.24,59.62,102.73,0.99,-1,-1,-1
120,5,610.25,344.21,57.56,85.03,0.98,-1,-1,-1
121,4,758.48,335.89,54.27,92.76,0.99,-1,-1,-1
121,6,427.81,303.06,34.99,68.40,0.99,-1,-1,-1
121,7,528.58,322.29,50.49,93.31,0.99,-1,-1,-1
121,8,1047.72,460.34,107.04,256.66,0.99,-1,-1,-1
121,9,732.14,316.76,36.95,44.74,0.97,-1,-1,-1
121,3,895.29,344.98,62.09,94.69,0.99,-1,-1,-1
121,1,636.34,341.72,58.27,96.90,0.99,-1,-1,-1
121,5,613.32,342.23,66.54,86.42,0.99,-1,-1,-1
122,4,767.89,336.24,48.45,92.47,0.99,-1,-1,-1
122,6,432.08,302.94,31.57,67.52,0.99,-1,-1,-1
122,7,532.26,321.72,49.79,91.64,0.99,-1,-1,-1
122,8,1051.31,460.48,104.03,254.77,0.99,-1,-1,-1
122,9,732.15,316.63,36.91,45.71,0.97,-1,-1,-1
122,3,898.30,345.17,63.21,94.81,0.99,-1,-1,-1
122,1,643.65,339.45,54.11,95.23,0.96,-1,-1,-1
122,5,614.72,339.75,74.34,89.04,0.99,-1,-1,-1
123,4,774.32,338.45,51.43,90.55,0.99,-1,-1,-1
123,6,436.17,302.91,30.34,67.54,0.99,-1,-1,-1
123,7,540.50,319.28,45.93,90.44,0.99,-1,-1,-1
123,8,1047.23,460.69,107.74,252.15,0.99,-1,-1,-1
123,9,731.87,316.28,37.50,58.25,0.95,-1,-1,-1
123,3,902.26,346.86,61.30,92.78,0.99,-1,-1,-1
123,1,656.11,335.82,44.52,97.34,0.71,-1,-1,-1
123,5,618.85,336.21,76.37,94.14,0.99,-1,-1,-1
124,4,779.70,340.34,50.61,88.89,0.99,-1,-1,-1
124,6,438.18,303.21,34.70,66.67,0.99,-1,-1,-1
124,7,542.95,316.74,47.58,94.53,1.00,-1,-1,-1
124,8,1045.72,460.31,110.27,249.84,0.99,-1,-1,-1
124,9,732.03,316.56,37.12,50.75,0.94,-1,-1,-1
124,3,905.42,347.95,59.29,91.72,1.00,-1,-1,-1
124,1,656.37,328.02,50.29,104.35,0.99,-1,-1,-1
125,4,785.22,342.10,59.40,87.35,1.00,-1,-1,-1
125,6,440.69,302.59,35.33,67.89,1.00,-1,-1,-1
125,7,547.67,313.48,47.56,96.61,0.99,-1,-1,-1
125,8,1046.91,456.73,110.07,250.96,1.00,-1,-1,-1
125,9,732.10,316.40,36.98,55.11,0.95,-1,-1,-1
125,3,908.28,343.38,56.11,95.84,1.00,-1,-1,-1
125,1,662.59,331.66,46.57,98.57,0.99,-1,-1,-1
126,4,788.07,342.77,67.56,87.06,1.00,-1,-1,-1
126,6,442.32,302.52,34.68,68.05,1.00,-1,-1,-1
126,7,552.09,311.98,46.36,96.53,0.99,-1,-1,-1
126,8,1047.35,458.70,109.96,247.83,0.99,-1,-1,-1
126,9,732.11,316.51,36.92,50.80,0.97,-1,-1,-1
126,3,910.09,340.85,53.95,97.94,1.00,-1,-1,-1
126,1,666.26,329.30,45.13,99.18,0.97,-1,-1,-1
127,4,788.87,343.01,81.46,86.95,1.00,-1,-1,-1
127,6,444.53,302.36,32.04,67.84,1.00,-1,-1,-1
127,7,554.29,311.76,48.35,94.70,0.99,-1,-1,-1
127,8,1047.53,459.16,109.92,253.27,1.00,-1,-1,-1
127,9,731.83,316.56,36.90,47.48,0.96,-1,-1,-1
127,3,910.35,338.69,54.05,99.63,0.99,-1,-1,-1
127,1,672.35,328.94,48.39,92.57,0.98,-1,-1,-1
128,4,789.17,345.92,88.14,83.93,1.00,-1,-1,-1
128,6,445.44,301.87,30.71,68.08,1.00,-1,-1,-1
128,7,555.64,311.88,49.07,95.19,1.00,-1,-1,-1
128,8,1045.81,459.35,112.27,255.90,1.00,-1,-1,-1
128,9,731.73,316.43,36.89,47.20,0.95,-1,-1,-1
128,3,910.36,337.89,55.27,100.85,0.99,-1,-1,-1
128,1,674.43,328.48,50.71,93.38,0.99,-1,-1,-1
129,4,792.18,347.45,89.83,82.77,1.00,-1,-1,-1
129,6,445.65,301.10,30.85,68.77,1.00,-1,-1,-1
129,7,567.63,312.41,41.07,93.29,0.99,-1,-1,-1
129,8,1042.24,459.42,115.50,259.28,1.00,-1,-1,-1
129,9,731.70,316.38,36.89,48.02,0.96,-1,-1,-1
129,3,913.54,339.21,54.84,100.72,0.99,-1,-1,-1
129,1,675.08,326.86,52.80,92.78,1.00,-1,-1,-1
130,4,801.74,346.19,81.38,84.77,1.00,-1,-1,-1
130,6,445.61,300.96,32.11,68.75,1.00,-1,-1,-1
130,7,574.76,312.06,36.57,92.87,0.99,-1,-1,-1
130,8,1042.03,459.46,115.54,260.56,0.99,-1,-1,-1
130,9,731.67,316.52,36.89,46.84,0.97,-1,-1,-1
130,3,920.90,340.20,51.97,100.65,0.99,-1,-1,-1
130,1,677.50,325.43,52.43,93.78,1.00,-1,-1,-1
131,4,812.59,342.72,72.33,87.89,1.00,-1,-1,-1
131,6,445.84,300.15,32.28,69.05,1.00,-1,-1,-1
131,7,582.14,311.63,32.56,93.01,0.99,-1,-1,-1
131,8,1040.80,459.61,116.70,260.00,1.00,-1,-1,-1
131,9,732.28,316.55,36.30,45.49,0.97,-1,-1,-1
131,3,924.79,344.71,53.30,97.05,1.00,-1,-1,-1
131,1,683.62,338.64,48.13,79.56,0.96,-1,-1,-1
131,5,690.21,325.27,36.52,63.71,0.84,-1,-1,-1
132,4,825.89,341.11,60.90,89.36,1.00,-1,-1,-1
132,6,445.47,300.02,32.65,68.87,1.00,-1,-1,-1
132,7,585.00,310.32,33.92,93.96,0.99,-1,-1,-1
132,8,1040.92,459.36,115.95,259.47,0.99,-1,-1,-1
132,9,732.17,316.56,36.67,45.31,0.97,-1,-1,-1
132,3,924.91,346.45,54.96,95.65,1.00,-1,-1,-1
132,1,686.01,340.23,47.09,78.76,0.98,-1,-1,-1
132,5,691.85,325.06,41.30,80.70,0.80,-1,-1,-1
133,4,837.47,341.65,58.54,88.15,1.00,-1,-1,-1
133,6,445.13,299.83,32.64,69.11,1.00,-1,-1,-1
133,7,586.24,309.11,38.04,94.91,0.99,-1,-1,-1
133,8,1039.81,459.56,116.82,259.55,1.00,-1,-1,-1
133,9,730.67,316.57,38.00,44.96,0.95,-1,-1,-1
133,3,921.35,347.97,59.12,94.54,1.00,-1,-1,-1
133,1,687.38,338.27,43.70,82.82,0.99,-1,-1,-1
133,5,695.40,322.64,41.45,75.20,0.63,-1,-1,-1
134,4,843.62,341.74,58.39,87.67,0.99,-1,-1,-1
134,6,444.74,299.95,33.09,69.20,1.00,-1,-1,-1
134,7,587.20,308.86,45.95,94.38,1.00,-1,-1,-1
134,8,1039.97,459.36,115.95,261.64,1.00,-1,-1,-1
134,9,728.32,316.59,40.26,44.85,0.95,-1,-1,-1
134,3,921.06,348.99,58.39,93.53,0.99,-1,-1,-1
134,1,686.39,336.85,43.09,84.87,1.00,-1,-1,-1
134,5,700.05,326.06,41.64,67.57,0.60,-1,-1,-1
135,4,850.49,341.51,60.78,85.39,1.00,-1,-1,-1
135,6,444.55,300.18,33.25,68.94,1.00,-1,-1,-1
135,7,591.19,309.87,48.96,92.99,1.00,-1,-1,-1
135,8,1039.46,459.61,116.78,262.71,1.00,-1,-1,-1
135,9,730.03,316.78,38.80,44.82,0.92,-1,-1,-1
135,3,916.41,350.73,57.17,92.56,1.00,-1,-1,-1
135,1,685.35,334.86,44.13,87.18,0.99,-1,-1,-1
135,5,701.72,325.55,47.45,72.45,0.99,-1,-1,-1
136,4,854.02,341.71,66.14,85.73,1.00,-1,-1,-1
136,6,444.41,300.13,33.31,68.85,1.00,-1,-1,-1
136,7,594.13,309.98,48.51,92.46,1.00,-1,-1,-1
136,8,1038.70,459.54,117.09,264.14,1.00,-1,-1,-1
136,9,731.63,316.84,37.01,45.13,0.93,-1,-1,-1
136,3,913.95,352.69,56.68,91.01,1.00,-1,-1,-1
136,1,684.59,334.11,45.12,88.07,0.99,-1,-1,-1
136,5,706.12,326.71,45.35,73.43,0.99,-1,-1,-1
137,4,856.10,344.30,71.33,82.88,1.00,-1,-1,-1
137,6,443.86,299.05,32.89,70.30,1.00,-1,-1,-1
137,7,598.06,310.61,45.95,91.97,1.00,-1,-1,-1
137,8,1039.02,459.80,117.18,264.07,1.00,-1,-1,-1
137,9,733.46,316.84,35.11,45.85,0.99,-1,-1,-1
137,3,907.65,355.94,63.02,87.44,1.00,-1,-1,-1
137,1,682.45,333.52,38.35,89.02,1.00,-1,-1,-1
137,5,704.75,328.97,47.53,70.54,0.99,-1,-1,-1
138,4,856.13,346.01,71.06,79.38,1.00,-1,-1,-1
138,6,443.12,298.33,32.87,71.14,1.00,-1,-1,-1
138,7,600.88,310.55,43.11,91.49,1.00,-1,-1,-1
138,8,1039.13,459.86,117.20,264.61,1.00,-1,-1,-1
138,9,733.48,316.81,35.03,46.13,0.98,-1,-1,-1
138,3,899.05,357.22,71.03,86.75,0.99,-1,-1,-1
138,1,680.07,334.03,36.35,88.49,0.99,-1,-1,-1
138,5,702.96,329.68,49.50,70.07,0.99,-1,-1,-1
139,4,854.35,348.90,71.76,75.67,0.99,-1,-1,-1
139,6,442.20,298.35,33.16,71.17,0.99,-1,-1,-1
139,7,604.19,309.47,40.22,92.52,1.00,-1,-1,-1
139,8,1039.76,460.17,116.01,264.20,1.00,-1,-1,-1
139,9,732.87,316.63,35.61,45.94,0.97,-1,-1,-1
139,3,891.71,358.84,77.54,85.02,0.99,-1,-1,-1
139,1,677.68,334.08,38.24,88.88,0.99,-1,-1,-1
139,5,701.25,326.89,50.83,75.08,0.99,-1,-1,-1
140,4,847.07,353.00,73.45,70.97,0.98,-1,-1,-1
140,6,441.68,298.52,32.83,70.87,0.99,-1,-1,-1
140,7,608.93,308.35,35.47,94.09,1.00,-1,-1,-1
140,8,1040.00,460.28,115.54,264.61,1.00,-1,-1,-1
140,9,731.44,316.57,37.02,45.88,0.95,-1,-1,-1
140,3,888.70,355.60,79.05,89.87,0.98,-1,-1,-1
140,1,676.26,334.71,40.09,91.40,1.00,-1,-1,-1
140,5,700.77,324.28,50.74,77.76,0.99,-1,-1,-1
141,4,847.36,355.39,67.67,68.71,0.79,-1,-1,-1
141,6,441.32,297.73,32.25,71.65,0.99,-1,-1,-1
141,7,611.72,308.10,35.01,94.69,0.99,-1,-1,-1
141,8,1039.53,460.34,116.55,264.76,0.99,-1,-1,-1
141,9,730.91,316.56,37.55,45.56,0.95,-1,-1,-1
141,3,874.70,354.58,85.57,93.69,0.99,-1,-1,-1
141,1,672.46,335.56,40.21,94.69,0.99,-1,-1,-1
141,5,696.04,323.59,56.00,78.81,0.99,-1,-1,-1
142,4,842.74,356.68,65.27,67.05,0.96,-1,-1,-1
142,6,441.33,296.57,30.68,73.12,0.99,-1,-1,-1
142,7,612.61,308.35,37.33,94.62,0.99,-1,-1,-1
142,8,1039.96,460.39,116.92,264.79,0.99,-1,-1,-1
142,9,730.44,316.59,38.34,45.44,0.95,-1,-1,-1
142,3,870.69,362.68,82.76,86.68,0.99,-1,-1,-1
142,1,672.81,335.92,37.89,96.24,0.99,-1,-1,-1
142,5,693.73,322.34,58.51,80.97,1.00,-1,-1,-1
143,4,838.87,355.85,65.00,67.45,0.75,-1,-1,-1
143,6,441.46,295.72,29.64,73.96,0.99,-1,-1,-1
143,7,612.28,309.52,43.49,93.99,0.99,-1,-1,-1
143,8,1040.15,460.41,117.06,264.79,1.00,-1,-1,-1
143,9,728.79,316.76,39.82,45.70,0.94,-1,-1,-1
143,3,864.82,364.51,66.05,84.78,0.90,-1,-1,-1
143,1,673.26,334.47,36.41,98.57,0.99,-1,-1,-1
143,5,693.31,322.77,49.75,80.61,0.96,-1,-1,-1
144,4,837.42,353.82,55.91,68.86,0.65,-1,-1,-1
144,6,441.53,295.09,28.97,74.57,1.00,-1,-1,-1
144,7,612.18,312.62,45.79,91.37,1.00,-1,-1,-1
144,8,1040.24,460.39,117.10,264.78,0.99,-1,-1,-1
144,9,729.94,316.79,38.63,45.21,0.96,-1,-1,-1
144,3,846.27,357.08,69.10,92.59,0.99,-1,-1,-1
144,1,670.39,333.15,37.75,100.32,0.99,-1,-1,-1
144,5,691.80,324.86,47.17,78.67,0.99,-1,-1,-1
145,4,840.88,350.50,58.72,89.25,0.99,-1,-1,-1
145,6,441.53,294.86,28.74,74.50,0.99,-1,-1,-1
145,7,610.57,315.01,48.44,90.07,1.00,-1,-1,-1
145,8,1040.29,460.68,117.11,265.36,0.99,-1,-1,-1
145,9,730.71,316.51,38.14,45.92,0.94,-1,-1,-1
145,1,660.73,327.99,45.99,104.46,0.99,-1,-1,-1
145,5,691.58,326.73,44.45,82.39,0.99,-1,-1,-1
146,4,841.40,349.47,59.61,97.16,0.99,-1,-1,-1
146,6,441.53,294.62,28.67,74.75,0.99,-1,-1,-1
146,7,609.01,315.72,50.60,90.51,1.00,-1,-1,-1
146,8,1041.50,460.77,115.92,264.97,0.99,-1,-1,-1
146,9,730.42,316.53,38.54,46.19,0.95,-1,-1,-1
146,1,660.56,325.41,46.17,105.74,0.99,-1,-1,-1
146,5,689.93,328.27,44.09,84.33,0.98,-1,-1,-1
147,4,827.76,347.34,70.15,103.06,1.00,-1,-1,-1
147,6,441.80,294.25,28.05,74.83,0.99,-1,-1,-1
147,7,607.73,315.22,52.58,92.17,0.99,-1,-1,-1
147,8,1041.95,461.40,115.46,261.25,1.00,-1,-1,-1
147,9,731.17,316.39,37.51,46.59,0.96,-1,-1,-1
147,1,651.90,325.02,57.21,100.95,0.99,-1,-1,-1
147,5,688.70,329.32,39.72,87.69,0.98,-1,-1,-1
148,4,819.46,348.16,75.07,101.19,1.00,-1,-1,-1
148,6,441.90,294.13,27.83,75.15,0.99,-1,-1,-1
148,7,606.89,315.18,53.32,92.80,1.00,-1,-1,-1
148,8,1042.10,461.35,115.28,261.02,1.00,-1,-1,-1
148,9,731.17,316.35,37.71,47.34,0.96,-1,-1,-1
148,1,649.21,324.93,61.83,98.69,0.99,-1,-1,-1
148,5,688.23,329.58,37.46,88.67,0.96,-1,-1,-1
149,4,815.76,349.06,73.67,99.71,0.99,-1,-1,-1
149,6,441.93,294.07,28.07,74.96,0.99,-1,-1,-1
149,7,605.64,312.30,54.15,95.71,1.00,-1,-1,-1
149,8,1042.17,461.00,115.21,260.36,0.99,-1,-1,-1
149,9,731.18,316.31,37.78,49.68,0.95,-1,-1,-1
149,1,655.90,322.21,49.92,101.12,0.99,-1,-1,-1
149,5,685.24,329.79,38.62,89.60,0.98,-1,-1,-1
150,4,814.33,347.52,73.58,97.89,0.99,-1,-1,-1
150,6,441.95,293.93,28.47,75.17,0.99,-1,-1,-1
150,7,604.84,310.79,55.02,96.80,0.99,-1,-1,-1
150,8,1041.60,460.87,115.19,260.11,0.99,-1,-1,-1
150,9,730.90,316.16,38.40,63.05,0.93,-1,-1,-1
150,1,658.92,323.00,43.72,99.65,0.99,-1,-1,-1
150,5,683.93,326.80,39.03,92.26,0.99,-1,-1,-1
151,4,808.28,344.43,58.88,105.04,0.95,-1,-1,-1
151,6,441.95,293.88,29.82,75.54,0.99,-1,-1,-1
151,7,602.18,309.02,52.43,98.39,0.99,-1,-1,-1
151,8,1041.39,461.11,115.18,259.43,0.99,-1,-1,-1
151,9,730.79,315.95,38.63,68.27,0.92,-1,-1,-1
151,1,657.83,323.20,44.05,98.46,0.98,-1,-1,-1
151,5,680.14,323.76,41.64,95.57,0.99,-1,-1,-1
151,3,813.30,345.15,73.58,93.14,0.99,-1,-1,-1
152,4,802.48,341.45,47.59,109.40,0.97,-1,-1,-1
152,6,441.94,293.90,30.91,75.67,1.00,-1,-1,-1
152,7,600.49,308.67,48.96,97.51,1.00,-1,-1,-1
152,8,1041.30,461.22,115.18,259.77,0.99,-1,-1,-1
152,9,731.34,315.89,37.53,58.84,0.91,-1,-1,-1
152,1,657.75,322.88,43.57,96.20,0.99,-1,-1,-1
152,5,677.58,322.47,43.19,96.81,0.99,-1,-1,-1
152,3,812.96,346.47,72.61,90.98,0.99,-1,-1,-1
153,4,793.43,338.86,43.24,111.64,0.99,-1,-1,-1
153,6,442.39,294.24,32.06,75.41,0.99,-1,-1,-1
153,7,599.84,308.73,43.38,98.63,0.99,-1,-1,-1
153,8,1040.70,461.27,116.38,259.91,0.99,-1,-1,-1
153,9,731.58,316.04,37.11,52.36,0.88,-1,-1,-1
153,1,655.70,323.27,43.98,92.64,0.99,-1,-1,-1
153,5,674.02,320.25,45.56,98.41,0.99,-1,-1,-1
153,3,809.62,348.13,69.29,87.55,0.98,-1,-1,-1
154,4,788.14,336.70,41.97,113.88,0.99,-1,-1,-1
154,6,442.70,294.53,32.36,75.01,0.99,-1,-1,-1
154,7,601.45,309.65,39.40,99.03,0.99,-1,-1,-1
154,8,1040.46,460.99,116.83,261.16,0.99,-1,-1,-1
154,9,731.66,316.26,36.95,48.43,0.88,-1,-1,-1
154,1,651.38,322.69,47.70,93.14,0.98,-1,-1,-1
154,5,670.93,319.56,48.20,98.99,0.99,-1,-1,-1
154,3,808.25,351.34,62.59,79.93,0.98,-1,-1,-1
155,4,783.04,336.63,41.00,114.69,0.99,-1,-1,-1
155,6,442.96,294.83,32.32,74.85,0.99,-1,-1,-1
155,7,603.26,312.54,35.52,97.10,0.99,-1,-1,-1
155,8,1040.38,460.91,117.00,262.23,0.99,-1,-1,-1
155,9,731.69,316.35,36.89,47.02,0.92,-1,-1,-1
155,1,642.87,322.97,56.01,97.52,1.00,-1,-1,-1
155,5,666.90,321.38,49.23,95.94,0.99,-1,-1,-1
155,3,804.89,347.43,55.12,82.43,0.94,-1,-1,-1
156,4,779.58,336.33,42.65,116.66,0.98,-1,-1,-1
156,6,442.91,294.91,32.15,74.78,0.99,-1,-1,-1
156,7,603.23,313.33,34.87,96.65,0.99,-1,-1,-1
156,8,1040.35,460.86,117.05,262.64,0.99,-1,-1,-1
156,9,731.40,316.21,37.47,46.53,0.94,-1,-1,-1
156,1,638.48,322.03,60.31,100.32,1.00,-1,-1,-1
156,5,663.62,321.50,50.19,95.29,0.99,-1,-1,-1
156,3,794.97,342.49,47.42,86.89,0.81,-1,-1,-1
157,4,762.87,342.46,48.76,110.97,0.99,-1,-1,-1
157,6,442.57,295.67,33.26,74.46,0.99,-1,-1,-1
157,7,599.75,316.44,37.82,93.79,0.99,-1,-1,-1
157,8,1039.75,460.83,117.07,262.80,0.99,-1,-1,-1
157,9,731.28,316.00,37.69,47.87,0.93,-1,-1,-1
157,1,634.48,324.02,63.75,98.76,1.00,-1,-1,-1
157,5,663.85,319.03,44.73,97.10,0.99,-1,-1,-1
157,3,781.01,335.35,53.52,93.86,0.99,-1,-1,-1
158,4,752.28,345.52,54.99,107.10,0.99,-1,-1,-1
158,6,442.44,296.11,33.38,74.04,0.99,-1,-1,-1
158,7,597.06,317.90,40.62,92.10,1.00,-1,-1,-1
158,8,1039.52,460.81,117.07,262.85,0.99,-1,-1,-1
158,9,731.24,316.21,37.77,46.57,0.94,-1,-1,-1
158,1,633.21,325.11,63.97,97.83,1.00,-1,-1,-1
158,5,664.42,316.93,40.03,98.93,0.99,-1,-1,-1
158,3,776.06,331.35,56.44,97.97,0.99,-1,-1,-1
159,4,744.26,348.16,59.72,102.91,0.99,-1,-1,-1
159,6,441.79,296.25,33.41,74.18,0.99,-1,-1,-1
159,7,589.89,317.95,46.98,92.09,1.00,-1,-1,-1
159,8,1040.64,460.79,115.88,262.87,0.99,-1,-1,-1
159,9,731.52,316.28,37.80,46.68,0.95,-1,-1,-1
159,1,633.10,325.06,59.96,97.77,1.00,-1,-1,-1
159,5,663.16,314.81,35.22,99.89,0.99,-1,-1,-1
159,3,770.58,328.65,60.59,100.44,0.99,-1,-1,-1
160,4,738.96,349.89,62.19,102.21,0.99,-1,-1,-1
160,6,441.26,299.14,34.30,71.25,1.00,-1,-1,-1
160,7,584.64,320.05,51.64,90.00,1.00,-1,-1,-1
160,8,1041.05,460.79,115.41,262.87,0.99,-1,-1,-1
160,9,731.62,316.31,37.81,47.03,0.86,-1,-1,-1
160,1,633.20,324.46,53.51,97.74,0.99,-1,-1,-1
160,5,663.13,313.44,32.29,101.70,0.99,-1,-1,-1
160,3,765.74,327.10,63.93,101.66,0.99,-1,-1,-1
161,4,733.38,348.28,63.73,104.64,0.99,-1,-1,-1
161,6,440.76,303.27,36.38,66.81,1.00,-1,-1,-1
161,7,580.56,319.32,55.22,90.43,1.00,-1,-1,-1
161,8,1040.63,460.80,116.44,262.86,0.99,-1,-1,-1
161,9,731.07,315.74,38.41,69.55,0.98,-1,-1,-1
161,1,632.17,323.36,49.74,98.91,1.00,-1,-1,-1
161,5,661.91,313.54,31.36,100.31,0.99,-1,-1,-1
161,3,763.48,327.16,61.75,101.22,0.99,-1,-1,-1
162,4,730.81,347.83,58.55,104.65,0.98,-1,-1,-1
162,6,440.28,306.18,37.46,63.95,0.98,-1,-1,-1
162,7,577.53,319.05,57.21,89.41,0.99,-1,-1,-1
162,8,1040.46,460.82,116.83,262.86,0.99,-1,-1,-1
162,9,731.45,315.69,38.04,79.80,0.98,-1,-1,-1
162,1,631.57,322.67,49.00,99.64,1.00,-1,-1,-1
162,5,661.54,314.09,30.46,99.42,0.99,-1,-1,-1
162,3,761.45,326.84,60.25,101.00,1.00,-1,-1,-1
163,4,726.64,346.76,48.57,105.53,0.99,-1,-1,-1
163,6,440.08,309.97,37.30,60.20,0.99,-1,-1,-1
163,7,573.53,318.93,51.15,86.64,0.99,-1,-1,-1
163,8,1040.42,460.83,116.99,262.86,0.99,-1,-1,-1
163,9,732.20,315.55,37.31,85.29,0.98,-1,-1,-1
163,1,631.71,321.99,41.47,100.50,1.00,-1,-1,-1
163,5,660.53,316.41,30.21,96.39,0.99,-1,-1,-1
163,3,757.91,326.50,53.71,100.00,0.99,-1,-1,-1
164,4,720.21,347.51,45.33,105.84,1.00,-1,-1,-1
164,6,439.75,311.72,35.74,58.59,0.99,-1,-1,-1
164,7,569.96,318.84,49.11,85.63,1.00,-1,-1,-1
164,8,1040.41,460.81,117.03,262.84,0.99,-1,-1,-1
164,9,731.30,315.47,38.22,66.63,0.89,-1,-1,-1
164,1,631.66,321.42,39.21,101.41,1.00,-1,-1,-1
164,5,659.62,317.15,30.16,95.51,0.98,-1,-1,-1
164,3,755.71,322.27,47.45,102.54,0.99,-1,-1,-1
165,4,709.78,346.14,45.53,109.20,0.99,-1,-1,-1
165,6,439.61,312.87,35.71,57.77,0.99,-1,-1,-1
165,7,565.42,319.23,46.57,84.68,0.99,-1,-1,-1
165,8,1040.39,460.79,117.05,262.85,0.99,-1,-1,-1
165,9,730.95,315.73,37.97,52.73,0.91,-1,-1,-1
165,1,632.29,320.90,37.24,101.74,1.00,-1,-1,-1
165,5,658.40,316.82,30.18,96.07,0.98,-1,-1,-1
165,3,755.85,320.11,36.37,104.36,0.98,-1,-1,-1
166,4,702.99,343.57,46.82,111.33,1.00,-1,-1,-1
166,6,439.59,312.91,35.09,57.84,0.99,-1,-1,-1
166,7,561.73,319.50,46.19,84.06,0.99,-1,-1,-1
166,8,1040.39,460.78,117.04,262.84,0.99,-1,-1,-1
166,9,730.84,315.66,37.87,48.08,0.86,-1,-1,-1
166,1,632.28,320.71,36.62,101.85,1.00,-1,-1,-1
166,5,657.11,316.55,30.22,96.28,0.98,-1,-1,-1
166,3,756.10,319.35,32.68,105.02,0.98,-1,-1,-1
167,4,693.25,342.00,50.91,112.12,1.00,-1,-1,-1
167,6,439.47,315.33,34.40,55.17,1.00,-1,-1,-1
167,7,556.60,318.85,45.45,83.26,0.99,-1,-1,-1
167,8,1039.82,460.79,117.03,264.01,0.99,-1,-1,-1
167,9,731.12,316.28,35.45,45.97,0.69,-1,-1,-1
167,1,633.27,320.82,36.45,101.28,0.99,-1,-1,-1
167,5,653.97,314.99,32.70,97.53,0.99,-1,-1,-1
167,3,751.21,318.40,34.42,104.06,0.99,-1,-1,-1
168,4,687.38,342.44,53.59,110.92,1.00,-1,-1,-1
168,6,439.38,316.15,34.14,54.56,0.99,-1,-1,-1
168,7,552.34,317.99,45.77,83.60,0.99,-1,-1,-1
168,8,1040.16,460.80,117.03,263.87,1.00,-1,-1,-1
168,9,731.19,316.34,33.91,45.55,0.78,-1,-1,-1
168,1,633.61,320.88,36.44,101.06,0.99,-1,-1,-1
168,5,652.52,314.26,34.17,97.71,0.99,-1,-1,-1
168,3,748.14,318.56,34.93,101.88,0.99,-1,-1,-1
169,4,682.77,345.01,44.77,108.05,0.98,-1,-1,-1
169,6,439.10,316.40,34.04,54.39,0.99,-1,-1,-1
169,7,545.53,315.43,39.92,81.05,0.99,-1,-1,-1
169,8,1040.93,460.81,115.83,263.80,0.99,-1,-1,-1
169,9,731.87,316.37,30.92,46.64,0.62,-1,-1,-1
169,1,634.11,320.62,35.86,101.55,0.99,-1,-1,-1
169,5,651.47,314.31,34.76,96.58,0.98,-1,-1,-1
169,3,742.27,318.10,37.07,102.51,0.99,-1,-1,-1
170,4,678.81,346.75,34.69,106.63,0.99,-1,-1,-1
170,6,438.96,315.24,34.60,55.59,0.99,-1,-1,-1
170,7,541.54,314.32,36.35,77.10,0.99,-1,-1,-1
170,8,1041.20,460.81,115.39,263.18,1.00,-1,-1,-1
170,9,732.09,316.53,31.10,52.78,0.63,-1,-1,-1
170,1,634.58,320.39,35.69,101.44,0.99,-1,-1,-1
170,5,649.91,315.54,36.75,94.35,0.98,-1,-1,-1
170,3,739.35,318.57,37.26,102.14,0.99,-1,-1,-1
171,4,663.90,346.79,42.69,108.18,0.98,-1,-1,-1
171,6,438.90,311.18,34.81,59.66,0.99,-1,-1,-1
171,7,537.16,312.53,34.54,81.51,1.00,-1,-1,-1
171,8,1040.10,460.81,116.42,262.95,0.99,-1,-1,-1
171,9,731.85,316.59,29.35,60.46,0.48,-1,-1,-1
171,1,635.06,320.75,36.27,101.39,0.99,-1,-1,-1
171,5,651.36,316.77,31.72,95.61,0.82,-1,-1,-1
171,3,737.22,318.20,35.56,102.58,0.99,-1,-1,-1
172,4,658.44,346.64,45.87,107.27,0.98,-1,-1,-1
172,6,438.91,307.31,34.29,63.79,0.99,-1,-1,-1
172,7,533.32,312.48,33.96,81.88,0.97,-1,-1,-1
172,8,1039.70,460.79,116.80,262.26,0.99,-1,-1,-1
172,9,731.46,317.28,28.73,60.44,0.36,-1,-1,-1
172,1,635.26,321.03,36.50,101.06,0.99,-1,-1,-1
172,5,651.82,317.65,30.24,94.88,0.80,-1,-1,-1
172,3,734.81,317.78,36.82,102.72,0.99,-1,-1,-1
173,4,646.20,346.42,54.15,106.91,1.00,-1,-1,-1
173,6,438.33,304.36,34.09,66.84,0.99,-1,-1,-1
173,7,526.85,310.70,38.78,83.54,0.99,-1,-1,-1
173,8,1039.55,460.79,116.95,262.00,0.99,-1,-1,-1
173,1,635.65,321.59,37.81,100.04,0.99,-1,-1,-1
173,5,650.16,317.54,29.74,86.25,0.76,-1,-1,-1
173,3,731.34,316.19,37.87,104.25,0.99,-1,-1,-1
174,4,637.85,347.98,59.55,105.29,0.99,-1,-1,-1
174,6,438.53,301.90,32.67,68.62,1.00,-1,-1,-1
174,7,518.46,309.45,45.06,83.29,1.00,-1,-1,-1
174,8,1039.48,460.79,117.00,261.91,0.99,-1,-1,-1
174,1,635.46,321.95,38.90,98.76,0.98,-1,-1,-1
174,5,647.75,317.18,35.05,91.61,0.93,-1,-1,-1
174,3,731.91,315.76,35.91,102.46,0.98,-1,-1,-1
175,4,633.04,354.86,55.64,97.47,0.99,-1,-1,-1
175,6,438.52,299.82,30.16,70.45,1.00,-1,-1,-1
175,7,509.96,307.23,49.76,83.19,1.00,-1,-1,-1
175,8,1039.48,460.79,117.02,261.27,0.99,-1,-1,-1
175,1,635.73,321.96,39.32,97.37,0.97,-1,-1,-1
175,5,645.51,317.37,39.15,93.71,0.99,-1,-1,-1
175,3,731.77,315.22,33.34,101.14,0.99,-1,-1,-1
176,4,631.02,348.38,49.10,103.45,0.97,-1,-1,-1
176,6,438.63,298.89,28.78,71.14,1.00,-1,-1,-1
176,7,506.84,306.58,45.51,82.28,0.99,-1,-1,-1
176,8,1039.46,460.80,117.03,261.05,0.99,-1,-1,-1
176,1,636.09,322.11,38.90,98.06,0.97,-1,-1,-1
176,5,646.28,318.18,38.57,94.54,0.99,-1,-1,-1
176,3,730.29,314.75,34.31,100.64,0.99,-1,-1,-1
177,4,624.32,348.94,41.59,102.56,0.99,-1,-1,-1
177,6,438.51,299.57,33.72,71.09,0.99,-1,-1,-1
177,7,502.39,306.51,41.79,81.94,0.99,-1,-1,-1
177,8,1040.65,460.79,115.84,262.16,0.99,-1,-1,-1
177,1,635.93,321.87,39.34,99.52,0.97,-1,-1,-1
177,5,646.40,318.34,37.70,94.85,0.98,-1,-1,-1
177,3,730.11,315.36,33.44,99.26,0.99,-1,-1,-1
178,4,619.87,348.55,40.73,102.82,0.99,-1,-1,-1
178,6,438.63,299.70,34.66,71.34,0.99,-1,-1,-1
178,7,499.17,305.91,42.20,82.12,0.99,-1,-1,-1
178,8,1041.10,460.79,115.39,262.58,0.99,-1,-1,-1
178,1,635.59,321.32,40.09,100.96,0.99,-1,-1,-1
178,5,646.51,318.09,37.33,95.86,0.98,-1,-1,-1
178,3,729.58,315.76,34.36,98.44,0.99,-1,-1,-1
179,4,609.88,346.01,45.38,104.41,1.00,-1,-1,-1
179,6,438.99,299.48,36.20,71.41,0.99,-1,-1,-1
179,7,493.65,305.86,50.06,81.30,0.99,-1,-1,-1
179,8,1040.68,461.09,116.41,263.33,0.99,-1,-1,-1
179,1,634.59,321.27,40.38,101.21,0.99,-1,-1,-1
179,5,646.90,317.85,37.77,96.52,0.99,-1,-1,-1
179,3,727.95,315.50,32.92,97.24,0.97,-1,-1,-1
180,4,604.31,340.76,47.00,108.86,1.00,-1,-1,-1
180,6,439.26,297.35,30.28,73.47,1.00,-1,-1,-1
180,7,491.54,304.06,46.79,82.50,0.99,-1,-1,-1
180,8,1041.11,460.90,115.61,263.62,0.99,-1,-1,-1
180,1,633.01,321.24,41.66,100.71,0.99,-1,-1,-1
180,5,647.05,317.30,39.10,97.07,0.98,-1,-1,-1
180,3,725.91,315.26,34.83,97.70,1.00,-1,-1,-1
181,4,598.90,339.66,44.12,106.45,1.00,-1,-1,-1
181,6,440.76,292.03,26.66,78.61,0.99,-1,-1,-1
181,7,489.87,302.08,42.27,80.29,0.98,-1,-1,-1
181,8,1042.45,461.43,114.11,263.14,0.99,-1,-1,-1
181,1,633.26,320.79,39.81,100.81,1.00,-1,-1,-1
181,5,647.39,317.24,39.59,96.97,0.98,-1,-1,-1
181,3,724.00,315.04,36.10,97.89,0.99,-1,-1,-1
182,4,595.80,342.42,41.11,101.59,1.00,-1,-1,-1
182,6,442.11,288.47,24.97,80.27,0.99,-1,-1,-1
182,7,488.03,299.58,40.51,81.25,0.99,-1,-1,-1
182,8,1042.97,461.34,113.56,263.53,0.99,-1,-1,-1
182,1,632.83,320.64,39.07,100.84,1.00,-1,-1,-1
182,5,647.60,317.24,40.35,97.21,0.98,-1,-1,-1
182,3,723.08,315.15,36.01,97.37,0.99,-1,-1,-1
183,4,592.83,342.58,36.30,100.66,1.00,-1,-1,-1
183,6,442.84,284.46,24.43,81.76,0.98,-1,-1,-1
183,7,482.00,290.94,41.70,89.35,1.00,-1,-1,-1
183,8,1043.15,461.29,113.36,263.69,0.99,-1,-1,-1
183,1,632.95,320.72,38.19,100.85,0.99,-1,-1,-1
183,5,648.25,317.07,40.04,97.60,0.99,-1,-1,-1
183,3,722.50,315.19,35.38,97.18,0.99,-1,-1,-1
184,4,590.32,341.76,33.94,100.92,1.00,-1,-1,-1
184,6,443.73,281.66,24.27,81.71,0.99,-1,-1,-1
184,7,477.87,287.06,42.13,92.89,0.99,-1,-1,-1
184,8,1043.21,460.98,113.29,263.14,0.99,-1,-1,-1
184,1,633.33,320.77,37.27,100.85,0.99,-1,-1,-1
184,5,648.85,317.02,39.31,97.43,0.99,-1,-1,-1
184,3,721.78,314.93,34.55,97.42,0.99,-1,-1,-1
184,9,736.92,316.40,31.43,85.76,0.80,-1,-1,-1
185,4,584.01,339.83,35.08,101.63,0.99,-1,-1,-1
185,6,444.64,275.66,26.40,86.61,0.99,-1,-1,-1
185,7,473.20,286.46,42.89,91.40,1.00,-1,-1,-1
185,8,1043.23,461.15,113.28,262.33,0.99,-1,-1,-1
185,1,633.78,320.94,36.33,100.55,0.99,-1,-1,-1
185,5,649.69,316.85,37.83,97.65,0.99,-1,-1,-1
185,3,719.17,314.41,33.65,96.02,0.98,-1,-1,-1
185,9,738.64,316.85,29.76,61.02,0.79,-1,-1,-1
186,4,579.53,339.88,36.69,100.12,1.00,-1,-1,-1
186,6,445.56,273.15,26.27,88.73,0.99,-1,-1,-1
186,7,470.71,285.90,43.76,90.16,0.99,-1,-1,-1
186,8,1044.42,461.22,112.09,262.02,0.99,-1,-1,-1
186,1,633.96,321.16,36.00,100.43,0.99,-1,-1,-1
186,5,650.33,316.80,36.65,97.73,0.99,-1,-1,-1
186,3,717.68,314.53,32.72,95.50,0.99,-1,-1,-1
186,9,738.67,317.20,29.75,48.71,0.75,-1,-1,-1
187,4,574.73,337.39,37.31,98.66,0.99,-1,-1,-1
187,6,442.84,269.80,31.94,92.70,0.99,-1,-1,-1
187,7,471.63,290.37,42.32,81.37,0.99,-1,-1,-1
187,8,1043.65,461.55,112.86,260.12,0.99,-1,-1,-1
187,1,633.99,320.82,35.89,100.38,0.99,-1,-1,-1
187,5,651.14,316.80,35.61,97.75,0.99,-1,-1,-1
187,3,715.65,313.41,32.39,95.62,0.99,-1,-1,-1
187,9,738.63,316.48,29.74,47.26,0.90,-1,-1,-1
188,4,573.49,336.64,36.36,97.52,0.99,-1,-1,-1
188,6,442.49,268.85,32.83,94.19,0.98,-1,-1,-1
188,7,474.35,293.01,38.14,77.00,0.99,-1,-1,-1
188,8,1044.56,461.38,111.97,260.00,0.99,-1,-1,-1
188,1,633.74,320.55,35.87,100.66,0.99,-1,-1,-1
188,5,651.17,316.81,35.23,97.75,0.99,-1,-1,-1
188,3,713.49,313.00,32.89,95.97,0.99,-1,-1,-1
188,9,738.04,316.28,30.33,46.51,0.90,-1,-1,-1
189,4,571.76,336.54,35.41,95.32,1.00,-1,-1,-1
189,6,443.59,275.07,30.17,90.09,0.99,-1,-1,-1
189,7,474.37,294.60,32.20,74.55,0.99,-1,-1,-1
189,8,1044.88,461.61,111.64,260.57,0.99,-1,-1,-1
189,1,633.02,320.15,36.47,101.06,1.00,-1,-1,-1
189,5,651.46,316.81,35.09,97.74,0.99,-1,-1,-1
189,3,713.03,312.12,31.29,96.71,0.98,-1,-1,-1
189,9,737.80,316.20,30.55,47.25,0.93,-1,-1,-1
190,4,570.16,335.76,37.50,95.13,1.00,-1,-1,-1
190,6,443.77,278.81,30.24,88.96,0.99,-1,-1,-1
190,7,474.63,295.62,27.50,72.48,0.99,-1,-1,-1
190,8,1044.41,461.68,112.71,260.79,1.00,-1,-1,-1
190,1,632.79,319.98,36.70,101.21,1.00,-1,-1,-1
190,5,652.20,316.65,34.44,97.73,0.99,-1,-1,-1
190,3,711.46,312.23,31.91,96.10,0.98,-1,-1,-1
190,9,738.02,316.00,30.62,53.68,0.92,-1,-1,-1
191,4,569.04,332.76,38.25,96.88,0.99,-1,-1,-1
191,6,444.86,286.72,28.93,81.99,0.98,-1,-1,-1
191,7,474.53,295.52,25.38,72.39,0.99,-1,-1,-1
191,8,1044.81,461.70,111.92,260.88,0.99,-1,-1,-1
191,1,632.70,319.89,36.78,101.27,1.00,-1,-1,-1
191,5,653.38,316.70,33.60,97.42,0.99,-1,-1,-1
191,3,710.63,311.82,32.13,95.88,0.98,-1,-1,-1
191,9,738.38,315.76,30.65,61.17,0.93,-1,-1,-1
192,4,568.49,330.50,37.95,98.44,1.00,-1,-1,-1
192,6,446.63,291.39,27.66,77.41,0.99,-1,-1,-1
192,7,475.23,295.06,24.13,72.70,0.99,-1,-1,-1
192,8,1044.96,461.71,111.63,261.51,0.99,-1,-1,-1
192,1,632.68,319.88,36.82,101.28,1.00,-1,-1,-1
192,5,653.81,316.75,33.30,97.30,0.99,-1,-1,-1
192,3,709.80,311.85,31.64,95.50,0.99,-1,-1,-1
192,9,737.04,315.82,31.84,58.77,0.90,-1,-1,-1
193,4,567.85,327.90,38.43,97.86,1.00,-1,-1,-1
193,6,448.02,293.67,26.73,75.14,0.99,-1,-1,-1
193,7,475.84,292.93,23.80,74.36,0.99,-1,-1,-1
193,8,1045.59,461.71,111.53,261.16,0.99,-1,-1,-1
193,1,632.67,320.02,36.84,100.99,1.00,-1,-1,-1
193,5,653.95,316.76,33.20,96.96,0.99,-1,-1,-1
193,3,708.64,312.16,30.85,94.77,0.99,-1,-1,-1
193,9,736.52,316.00,32.28,54.69,0.86,-1,-1,-1
194,4,567.42,326.98,38.02,94.67,0.99,-1,-1,-1
194,6,447.75,293.43,26.86,75.26,1.00,-1,-1,-1
194,7,475.45,290.99,24.39,75.90,1.00,-1,-1,-1
194,8,1045.83,461.72,111.51,261.62,0.99,-1,-1,-1
194,1,632.67,320.10,36.85,100.87,1.00,-1,-1,-1
194,5,654.29,316.93,33.18,96.53,0.98,-1,-1,-1
194,3,707.36,312.47,29.97,93.61,0.99,-1,-1,-1
194,9,736.03,316.08,33.03,67.95,0.91,-1,-1,-1
195,4,566.79,326.99,37.87,92.26,0.99,-1,-1,-1
195,6,447.32,292.41,26.61,76.53,1.00,-1,-1,-1
195,7,475.34,289.83,24.62,76.79,1.00,-1,-1,-1
195,8,1048.29,461.72,109.12,260.02,0.99,-1,-1,-1
195,1,632.37,320.29,37.46,100.83,0.99,-1,-1,-1
195,5,654.70,317.30,33.18,95.77,0.99,-1,-1,-1
195,3,704.21,312.59,31.49,92.58,0.99,-1,-1,-1
195,9,735.54,315.84,33.31,56.27,0.92,-1,-1,-1
196,4,566.97,327.35,37.21,90.49,0.99,-1,-1,-1
196,6,447.31,291.87,26.67,77.01,1.00,-1,-1,-1
196,7,475.34,289.72,24.75,76.55,1.00,-1,-1,-1
196,8,1048.61,461.72,108.23,260.00,0.99,-1,-1,-1
196,1,631.98,320.36,37.69,100.81,0.99,-1,-1,-1
196,5,654.85,317.44,33.19,95.48,0.99,-1,-1,-1
196,3,702.82,313.25,32.03,91.01,0.99,-1,-1,-1
196,9,734.19,315.88,34.58,49.59,0.93,-1,-1,-1
197,4,567.74,325.24,35.77,92.29,0.99,-1,-1,-1
197,6,446.84,291.78,26.85,76.90,1.00,-1,-1,-1
197,7,475.68,289.83,24.22,74.67,0.99,-1,-1,-1
197,8,1048.11,461.40,109.11,261.19,0.99,-1,-1,-1
197,1,632.13,320.07,37.77,101.10,0.99,-1,-1,-1
197,5,655.20,317.92,33.20,94.78,0.99,-1,-1,-1
197,3,700.87,311.67,32.84,91.95,0.99,-1,-1,-1
197,9,733.39,316.19,35.05,46.93,0.96,-1,-1,-1
198,4,569.05,323.02,35.23,94.16,0.99,-1,-1,-1
198,6,446.65,291.75,26.92,77.17,1.00,-1,-1,-1
198,7,475.22,289.92,24.67,73.67,0.99,-1,-1,-1
198,8,1047.91,461.60,109.46,260.46,0.99,-1,-1,-1
198,1,631.89,319.98,37.80,101.21,0.99,-1,-1,-1
198,5,655.91,317.81,32.61,95.12,0.99,-1,-1,-1
198,3,699.89,311.41,33.74,92.61,1.00,-1,-1,-1
198,9,733.09,316.16,35.22,46.04,0.96,-1,-1,-1
199,4,570.20,321.01,36.25,95.18,1.00,-1,-1,-1
199,6,446.27,292.00,27.54,77.28,0.99,-1,-1,-1
199,7,475.37,289.35,24.25,74.22,1.00,-1,-1,-1
199,8,1050.20,461.66,107.21,261.38,0.99,-1,-1,-1
199,1,632.11,320.22,37.81,100.95,0.99,-1,-1,-1
199,5,657.07,318.05,31.19,94.96,0.98,-1,-1,-1
199,3,697.81,311.16,34.08,92.58,1.00,-1,-1,-1
199,9,732.40,316.13,35.86,45.75,0.95,-1,-1,-1
200,4,570.95,320.17,37.23,92.61,1.00,-1,-1,-1
200,6,446.41,291.66,27.48,77.62,1.00,-1,-1,-1
200,7,475.75,288.14,23.51,75.32,0.99,-1,-1,-1
200,8,1051.05,461.99,106.37,260.54,0.99,-1,-1,-1
200,1,631.89,320.19,37.81,101.15,1.00,-1,-1,-1
200,5,657.18,318.15,31.29,95.20,0.98,-1,-1,-1
200,3,695.01,310.94,35.38,92.58,1.00,-1,-1,-1
200,9,731.84,316.14,36.68,45.67,0.95,-1,-1,-1
201,4,572.45,320.22,37.01,88.03,0.99,-1,-1,-1
201,6,446.46,291.09,27.16,78.05,0.99,-1,-1,-1
201,7,475.59,286.82,23.26,76.64,0.99,-1,-1,-1
201,8,1050.74,461.83,107.28,260.22,0.99,-1,-1,-1
201,1,632.10,320.78,37.81,100.63,1.00,-1,-1,-1
201,5,656.90,318.19,31.33,95.60,0.98,-1,-1,-1
201,3,691.07,310.28,38.20,93.48,1.00,-1,-1,-1
201,9,731.93,316.14,36.40,45.66,0.96,-1,-1,-1
202,4,573.96,320.46,35.74,86.34,1.00,-1,-1,-1
202,6,446.46,290.88,27.04,78.51,0.99,-1,-1,-1
202,7,475.54,286.35,23.19,76.85,0.99,-1,-1,-1
202,8,1054.78,461.77,102.88,260.10,0.99,-1,-1,-1
202,1,632.18,321.01,37.81,100.44,1.00,-1,-1,-1
202,5,656.78,318.21,31.36,96.05,0.98,-1,-1,-1
202,3,689.31,310.04,39.27,93.82,1.00,-1,-1,-1
202,9,731.39,316.00,36.86,45.98,0.95,-1,-1,-1
203,4,577.28,319.66,31.64,86.37,0.99,-1,-1,-1
203,6,446.16,290.78,26.11,78.69,0.99,-1,-1,-1
203,7,475.23,286.33,23.18,76.33,0.99,-1,-1,-1
203,8,1052.65,462.33,104.85,259.47,0.99,-1,-1,-1
203,1,632.81,321.23,37.22,100.07,1.00,-1,-1,-1
203,5,656.42,318.35,31.98,96.22,0.99,-1,-1,-1
203,3,687.82,309.81,40.26,93.96,1.00,-1,-1,-1
203,9,731.77,316.08,36.43,45.81,0.95,-1,-1,-1
204,4,579.52,319.10,30.10,85.81,0.99,-1,-1,-1
204,6,445.75,290.89,26.05,78.75,0.99,-1,-1,-1
204,7,475.13,286.50,23.20,77.03,0.99,-1,-1,-1
204,8,1051.28,462.24,106.77,259.83,0.99,-1,-1,-1
204,1,633.05,321.45,36.99,99.93,1.00,-1,-1,-1
204,5,655.99,318.85,32.21,95.98,0.99,-1,-1,-1
204,3,686.43,309.43,40.05,94.60,1.00,-1,-1,-1
204,9,731.94,316.11,36.25,45.77,0.96,-1,-1,-1
205,4,579.04,316.06,33.95,85.63,0.98,-1,-1,-1
205,6,444.39,290.77,26.34,78.77,0.99,-1,-1,-1
205,7,475.70,287.01,22.62,76.99,0.99,-1,-1,-1
205,8,1048.96,462.49,108.69,259.37,0.99,-1,-1,-1
205,1,633.14,321.38,36.31,99.88,1.00,-1,-1,-1
205,5,654.33,318.57,32.90,96.49,0.99,-1,-1,-1
205,3,685.38,308.99,39.36,94.55,1.00,-1,-1,-1
205,9,732.01,316.27,36.17,45.46,0.95,-1,-1,-1
206,4,579.17,314.68,38.14,86.50,0.99,-1,-1,-1
206,6,443.45,290.59,26.90,78.48,0.99,-1,-1,-1
206,7,475.94,287.39,23.02,76.68,0.99,-1,-1,-1
206,8,1051.04,462.29,107.07,259.21,0.99,-1,-1,-1
206,1,632.88,321.36,36.66,100.16,1.00,-1,-1,-1
206,5,653.41,318.48,33.75,96.68,0.99,-1,-1,-1
206,3,685.06,308.55,38.48,94.83,1.00,-1,-1,-1
206,9,732.35,316.18,36.13,45.66,0.96,-1,-1,-1
207,4,581.20,315.55,40.35,83.57,0.99,-1,-1,-1
207,6,441.76,290.52,27.55,78.07,1.00,-1,-1,-1
207,7,475.72,286.80,23.18,77.16,0.99,-1,-1,-1
207,8,1050.04,462.52,107.64,259.75,0.99,-1,-1,-1
207,1,632.77,321.35,36.20,100.27,1.00,-1,-1,-1
207,5,652.77,318.74,34.08,96.75,0.99,-1,-1,-1
207,3,684.11,308.84,38.13,94.93,1.00,-1,-1,-1
207,9,732.18,316.30,36.11,45.44,0.95,-1,-1,-1
208,4,582.89,314.58,40.09,83.39,0.99,-1,-1,-1
208,6,440.40,290.64,28.54,77.92,1.00,-1,-1,-1
208,7,475.34,286.59,23.25,77.34,0.99,-1,-1,-1
208,8,1049.66,462.60,107.86,260.55,0.99,-1,-1,-1
208,1,632.74,321.34,36.03,100.31,1.00,-1,-1,-1
208,5,652.53,318.83,34.20,96.77,0.99,-1,-1,-1
208,3,684.11,308.96,36.80,94.97,1.00,-1,-1,-1
208,9,732.13,316.35,36.09,45.37,0.95,-1,-1,-1
209,4,590.28,314.10,35.28,81.85,0.99,-1,-1,-1
209,6,438.88,290.53,30.23,78.45,1.00,-1,-1,-1
209,7,475.51,286.07,24.48,77.70,0.99,-1,-1,-1
209,8,1049.52,462.62,107.94,260.85,0.99,-1,-1,-1
209,1,633.03,321.48,35.97,100.03,1.00,-1,-1,-1
209,5,652.74,318.86,34.24,96.78,0.99,-1,-1,-1
209,3,683.89,309.01,35.68,94.68,1.00,-1,-1,-1
209,9,732.12,316.36,36.08,45.35,0.94,-1,-1,-1
