0,1,561.60,399.60,84.60,120.60,1.00,-1,-1,-1
0,2,518.40,413.10,54.00,146.70,1.00,-1,-1,-1
0,3,455.40,316.35,36.90,98.10,1.00,-1,-1,-1
0,4,307.80,312.52,31.95,86.85,1.00,-1,-1,-1
0,5,829.80,382.95,80.10,113.85,0.99,-1,-1,-1
0,6,1001.70,510.30,120.60,288.00,0.99,-1,-1,-1
0,7,732.15,316.12,37.80,45.90,0.96,-1,-1,-1
0,8,852.30,402.52,80.10,115.87,0.92,-1,-1,-1
1,1,561.60,399.60,84.60,120.60,1.00,-1,-1,-1
1,2,518.40,413.10,54.00,146.70,1.00,-1,-1,-1
1,3,455.01,316.35,36.90,98.10,1.00,-1,-1,-1
1,4,307.80,312.52,31.95,86.85,1.00,-1,-1,-1
1,5,829.80,382.95,80.10,113.85,0.99,-1,-1,-1
1,6,1001.70,510.69,120.60,286.44,1.00,-1,-1,-1
1,7,731.76,315.93,38.58,46.29,0.96,-1,-1,-1
1,8,852.69,402.72,78.15,115.68,0.92,-1,-1,-1
2,1,561.60,399.60,83.89,120.60,1.00,-1,-1,-1
2,2,519.10,412.57,54.00,147.22,1.00,-1,-1,-1
2,3,455.12,316.70,36.37,97.75,1.00,-1,-1,-1
2,4,309.04,314.10,30.54,85.44,0.99,-1,-1,-1
2,5,823.48,382.07,73.78,115.78,0.98,-1,-1,-1
2,6,1000.99,510.40,122.00,285.46,1.00,-1,-1,-1
2,7,732.04,316.07,38.02,46.01,0.96,-1,-1,-1
2,8,838.93,404.16,67.53,115.29,0.96,-1,-1,-1
3,1,562.27,399.59,82.29,120.60,1.00,-1,-1,-1
3,2,519.30,412.40,54.00,147.39,1.00,-1,-1,-1
3,3,455.15,316.80,36.21,97.64,1.00,-1,-1,-1
3,4,309.75,314.24,33.97,85.35,1.00,-1,-1,-1
3,5,816.14,380.77,60.37,116.04,0.96,-1,-1,-1
3,6,1001.42,510.64,121.07,284.50,1.00,-1,-1,-1
3,7,732.11,316.11,37.82,45.91,0.96,-1,-1,-1
3,8,821.12,399.09,74.08,121.37,0.99,-1,-1,-1
4,1,562.53,400.09,81.81,120.10,1.00,-1,-1,-1
4,2,519.73,412.20,53.34,147.59,1.00,-1,-1,-1
4,3,455.03,316.84,36.67,97.61,1.00,-1,-1,-1
4,4,311.12,312.76,33.12,86.69,0.99,-1,-1,-1
4,5,809.59,379.38,55.46,111.45,0.94,-1,-1,-1
4,6,1000.31,510.39,122.07,286.89,1.00,-1,-1,-1
4,7,732.19,315.96,37.77,46.21,0.96,-1,-1,-1
4,8,805.70,394.87,82.22,125.90,0.99,-1,-1,-1
5,1,563.24,400.27,81.04,119.61,1.00,-1,-1,-1
5,2,520.17,412.15,53.12,147.65,1.00,-1,-1,-1
5,3,455.46,317.01,36.67,97.61,1.00,-1,-1,-1
5,4,311.72,312.26,32.40,87.15,0.99,-1,-1,-1
5,5,807.42,378.79,50.90,116.25,0.90,-1,-1,-1
5,6,1000.57,510.31,121.12,287.72,1.00,-1,-1,-1
5,7,732.19,315.92,37.76,46.64,0.96,-1,-1,-1
5,8,795.97,390.78,87.57,131.01,1.00,-1,-1,-1
6,1,564.78,400.80,81.45,118.97,1.00,-1,-1,-1
6,2,520.34,411.83,53.68,147.66,1.00,-1,-1,-1
6,3,456.28,317.23,35.73,97.29,1.00,-1,-1,-1
6,4,313.36,313.67,37.19,86.05,1.00,-1,-1,-1
6,5,799.45,382.04,50.64,107.60,0.98,-1,-1,-1
6,6,1002.61,510.28,119.51,289.88,1.00,-1,-1,-1
6,7,731.91,315.91,38.39,46.47,0.97,-1,-1,-1
6,8,779.68,389.38,89.53,130.93,0.99,-1,-1,-1
7,1,565.25,401.45,82.24,118.29,1.00,-1,-1,-1
7,2,520.34,411.57,53.89,148.13,1.00,-1,-1,-1
7,3,456.99,317.46,35.23,97.19,1.00,-1,-1,-1
7,4,314.89,314.18,37.96,85.64,1.00,-1,-1,-1
7,5,792.92,384.13,52.01,103.19,0.99,-1,-1,-1
7,6,1003.30,510.29,118.93,290.65,1.00,-1,-1,-1
7,7,732.07,316.06,38.00,46.10,0.97,-1,-1,-1
7,8,772.41,389.76,73.39,130.88,0.99,-1,-1,-1
8,1,565.77,402.29,83.77,117.75,1.00,-1,-1,-1
8,2,520.70,411.64,53.97,147.82,1.00,-1,-1,-1
8,3,457.60,317.69,35.69,96.85,1.00,-1,-1,-1
8,4,315.83,314.52,39.38,85.19,1.00,-1,-1,-1
8,5,778.62,385.78,65.91,107.13,1.00,-1,-1,-1
8,6,1003.58,510.28,118.74,291.49,1.00,-1,-1,-1
8,7,732.18,316.12,37.86,45.96,0.97,-1,-1,-1
8,8,761.97,389.70,57.37,130.73,0.99,-1,-1,-1
9,1,565.57,402.71,85.54,117.11,1.00,-1,-1,-1
9,2,520.45,411.50,54.60,148.16,1.00,-1,-1,-1
9,3,458.52,318.50,35.40,96.12,1.00,-1,-1,-1
9,4,316.82,314.90,39.60,84.73,1.00,-1,-1,-1
9,5,766.82,386.78,77.20,108.05,0.99,-1,-1,-1
9,6,1003.62,510.27,118.67,290.58,1.00,-1,-1,-1
9,7,731.86,316.27,38.41,45.91,0.97,-1,-1,-1
9,8,750.61,389.29,56.24,131.04,0.98,-1,-1,-1
10,1,565.52,402.69,88.00,116.13,1.00,-1,-1,-1
10,2,520.40,411.13,55.43,147.98,1.00,-1,-1,-1
10,3,459.49,319.09,36.51,95.55,0.99,-1,-1,-1
10,4,317.81,314.41,39.63,85.17,0.99,-1,-1,-1
10,5,753.01,387.72,90.80,109.04,1.00,-1,-1,-1
10,6,1003.65,510.25,118.66,289.59,1.00,-1,-1,-1
10,7,731.79,316.17,38.62,45.89,0.97,-1,-1,-1
10,8,722.59,387.84,73.97,132.43,0.99,-1,-1,-1
11,1,565.73,402.68,89.51,115.19,1.00,-1,-1,-1
11,2,520.01,410.87,56.34,148.36,1.00,-1,-1,-1
11,3,460.22,319.30,37.37,95.36,0.99,-1,-1,-1
11,4,318.37,314.09,39.32,85.35,0.99,-1,-1,-1
11,5,741.13,388.06,102.96,109.44,0.99,-1,-1,-1
11,6,1003.01,510.28,118.67,289.22,1.00,-1,-1,-1
11,7,731.71,316.14,38.69,45.89,0.97,-1,-1,-1
11,8,706.77,386.78,83.39,132.90,0.98,-1,-1,-1
12,1,566.71,402.20,89.47,114.71,1.00,-1,-1,-1
12,2,520.19,410.78,57.27,148.50,1.00,-1,-1,-1
12,3,464.67,318.92,34.14,95.60,0.99,-1,-1,-1
12,4,319.32,312.91,37.38,86.32,1.00,-1,-1,-1
12,5,736.92,387.41,95.48,107.64,0.99,-1,-1,-1
12,6,1003.39,510.28,118.68,289.07,1.00,-1,-1,-1
12,7,731.71,316.13,38.72,45.89,0.98,-1,-1,-1
12,8,686.74,388.22,85.17,127.65,1.00,-1,-1,-1
13,1,569.38,401.72,86.46,114.26,1.00,-1,-1,-1
13,2,520.19,410.76,58.20,148.55,1.00,-1,-1,-1
13,3,466.62,318.77,33.47,96.00,0.99,-1,-1,-1
13,4,320.61,312.02,35.69,86.09,1.00,-1,-1,-1
13,5,732.87,386.69,82.50,110.46,0.99,-1,-1,-1
13,6,1002.88,510.30,118.70,288.42,0.99,-1,-1,-1
13,7,731.66,316.13,38.73,45.89,0.98,-1,-1,-1
13,8,676.83,389.46,79.41,124.96,1.00,-1,-1,-1
14,1,571.02,401.39,82.27,114.26,1.00,-1,-1,-1
14,2,519.92,411.06,59.72,147.96,1.00,-1,-1,-1
14,3,469.13,318.56,34.47,95.26,1.00,-1,-1,-1
14,4,324.13,311.10,31.70,84.81,0.99,-1,-1,-1
14,5,723.37,385.97,74.75,111.65,0.99,-1,-1,-1
14,6,1002.71,510.30,118.71,288.16,0.99,-1,-1,-1
14,7,731.67,316.13,38.73,45.89,0.97,-1,-1,-1
14,8,673.04,389.21,61.91,124.09,1.00,-1,-1,-1
15,1,568.46,401.86,82.52,114.29,1.00,-1,-1,-1
15,2,519.72,411.02,60.87,147.89,1.00,-1,-1,-1
15,3,471.11,318.16,35.43,95.29,1.00,-1,-1,-1
15,4,327.49,310.89,27.99,82.82,0.99,-1,-1,-1
15,5,716.84,385.53,67.02,112.55,1.00,-1,-1,-1
15,6,1002.56,510.31,118.71,286.28,0.99,-1,-1,-1
15,7,731.59,316.13,38.72,45.89,0.97,-1,-1,-1
15,8,671.28,388.08,52.20,125.72,0.99,-1,-1,-1
16,1,567.63,405.37,79.63,111.91,1.00,-1,-1,-1
16,2,520.35,411.22,62.48,147.11,1.00,-1,-1,-1
16,3,472.81,318.96,42.32,94.71,1.00,-1,-1,-1
16,4,332.05,309.84,24.81,82.09,0.99,-1,-1,-1
16,5,707.22,386.13,64.21,117.77,1.00,-1,-1,-1
16,6,1002.02,510.33,119.94,286.76,0.99,-1,-1,-1
16,7,731.67,316.46,38.72,45.59,0.97,-1,-1,-1
16,8,665.85,386.54,47.85,132.86,0.99,-1,-1,-1
17,1,568.14,409.23,76.73,110.29,0.99,-1,-1,-1
17,2,520.80,411.27,63.65,146.82,1.00,-1,-1,-1
17,3,473.37,318.34,47.05,95.69,1.00,-1,-1,-1
17,4,333.58,308.97,24.77,82.73,0.99,-1,-1,-1
17,5,701.01,386.49,63.23,120.17,0.99,-1,-1,-1
17,6,1001.75,510.34,120.39,286.95,0.99,-1,-1,-1
17,7,731.63,316.42,38.72,45.78,0.96,-1,-1,-1
17,8,661.26,385.97,45.89,137.86,0.99,-1,-1,-1
18,1,569.36,413.24,72.03,110.15,0.99,-1,-1,-1
18,2,522.29,412.99,65.26,145.06,1.00,-1,-1,-1
18,3,473.70,318.76,52.36,95.46,1.00,-1,-1,-1
18,4,335.25,308.60,27.30,84.18,0.99,-1,-1,-1
18,5,691.87,389.58,65.98,119.30,0.99,-1,-1,-1
18,6,1001.77,510.33,120.58,287.59,0.99,-1,-1,-1
18,7,731.73,316.44,38.72,45.85,0.97,-1,-1,-1
18,8,644.26,387.41,54.97,138.74,0.99,-1,-1,-1
19,1,567.20,415.58,75.32,109.84,0.99,-1,-1,-1
19,2,520.98,415.57,72.83,141.87,0.99,-1,-1,-1
19,3,473.67,319.04,55.05,95.39,1.00,-1,-1,-1
19,4,336.44,309.18,29.95,83.25,0.99,-1,-1,-1
19,5,682.99,391.96,70.56,117.16,0.99,-1,-1,-1
19,6,1001.68,510.36,120.64,287.87,0.99,-1,-1,-1
19,7,731.67,316.44,38.72,45.88,0.97,-1,-1,-1
19,8,633.40,389.34,60.16,137.12,0.97,-1,-1,-1
20,1,569.53,416.36,74.07,109.74,0.99,-1,-1,-1
20,2,520.88,422.21,77.94,134.65,1.00,-1,-1,-1
20,3,474.29,319.71,56.11,94.46,1.00,-1,-1,-1
20,4,337.69,307.75,38.52,84.09,0.99,-1,-1,-1
20,5,676.15,395.93,70.52,112.88,0.99,-1,-1,-1
20,6,1002.31,510.02,119.46,288.54,0.99,-1,-1,-1
20,7,731.74,316.56,38.72,45.59,0.97,-1,-1,-1
20,8,629.04,392.89,56.51,135.67,0.99,-1,-1,-1
21,1,570.97,416.43,72.42,109.59,0.99,-1,-1,-1
21,2,520.49,426.18,85.62,130.77,1.00,-1,-1,-1
21,3,475.29,319.78,55.92,94.42,1.00,-1,-1,-1
21,4,338.69,306.60,43.10,84.70,1.00,-1,-1,-1
21,5,672.06,397.68,71.66,111.25,0.99,-1,-1,-1
21,6,1002.51,510.19,119.01,288.21,0.99,-1,-1,-1
21,7,731.71,316.43,38.71,45.48,0.97,-1,-1,-1
21,8,627.84,394.67,53.10,134.94,0.99,-1,-1,-1
22,1,578.18,414.99,74.26,110.30,0.99,-1,-1,-1
22,2,520.63,429.01,97.00,126.38,1.00,-1,-1,-1
22,3,482.29,320.03,48.86,93.82,0.99,-1,-1,-1
22,4,339.90,306.55,46.70,84.94,1.00,-1,-1,-1
22,5,669.61,400.77,72.07,107.50,1.00,-1,-1,-1
22,6,1002.56,509.91,118.81,288.67,0.99,-1,-1,-1
22,7,731.71,316.33,38.71,45.74,0.97,-1,-1,-1
22,8,619.65,395.86,57.33,132.84,0.99,-1,-1,-1
23,1,581.36,414.59,76.15,112.82,0.98,-1,-1,-1
23,2,520.95,429.08,108.69,124.86,0.99,-1,-1,-1
23,3,490.81,319.99,40.40,93.60,0.99,-1,-1,-1
23,4,340.60,307.91,49.28,83.54,1.00,-1,-1,-1
23,5,671.63,402.50,68.66,104.60,1.00,-1,-1,-1
23,6,1002.60,510.11,118.76,288.26,0.99,-1,-1,-1
23,7,731.71,316.31,38.71,45.84,0.97,-1,-1,-1
23,8,616.17,396.32,57.06,118.90,0.99,-1,-1,-1
24,1,580.72,414.24,78.65,114.51,0.99,-1,-1,-1
24,2,524.63,432.38,116.76,120.74,0.99,-1,-1,-1
24,3,495.08,319.65,39.15,93.52,1.00,-1,-1,-1
24,4,341.67,308.13,49.17,83.01,1.00,-1,-1,-1
24,5,661.93,403.37,76.36,101.14,0.99,-1,-1,-1
24,6,1002.59,510.19,118.73,287.50,0.99,-1,-1,-1
24,7,731.70,316.44,38.70,45.58,0.97,-1,-1,-1
24,8,614.70,395.53,56.33,114.73,1.00,-1,-1,-1
25,1,575.17,412.80,84.90,117.37,0.98,-1,-1,-1
25,2,533.66,430.19,111.20,122.38,0.99,-1,-1,-1
25,3,498.91,319.71,38.14,94.40,0.99,-1,-1,-1
25,4,341.76,308.42,49.07,82.52,0.99,-1,-1,-1
25,5,656.46,403.36,81.95,99.91,0.99,-1,-1,-1
25,6,1002.63,510.24,118.75,287.81,0.99,-1,-1,-1
25,7,731.72,316.36,38.71,45.78,0.96,-1,-1,-1
25,8,615.72,394.06,55.45,113.64,0.99,-1,-1,-1
26,1,566.73,409.15,97.61,116.54,0.97,-1,-1,-1
26,2,554.80,426.20,103.95,125.58,0.98,-1,-1,-1
26,3,501.42,318.99,45.78,93.25,1.00,-1,-1,-1
26,4,343.63,307.49,48.11,82.64,0.99,-1,-1,-1
26,5,653.36,402.70,86.43,97.08,1.00,-1,-1,-1
26,6,1001.44,510.25,119.94,286.14,0.99,-1,-1,-1
26,7,732.02,316.34,38.11,45.86,0.97,-1,-1,-1
26,8,610.74,393.07,60.50,115.28,0.97,-1,-1,-1
27,1,564.86,404.92,105.30,114.28,0.97,-1,-1,-1
27,2,578.94,421.87,89.78,130.85,0.98,-1,-1,-1
27,3,503.21,319.62,50.09,91.62,0.99,-1,-1,-1
27,4,345.02,307.46,47.10,82.39,1.00,-1,-1,-1
27,5,652.91,402.26,87.62,95.94,0.99,-1,-1,-1
27,6,1001.60,510.27,120.40,286.11,0.99,-1,-1,-1
27,7,732.14,316.34,37.89,45.89,0.97,-1,-1,-1
27,8,604.92,392.57,66.36,119.08,0.94,-1,-1,-1
28,1,571.40,400.79,98.34,109.67,0.93,-1,-1,-1
28,2,595.21,418.63,82.89,133.58,0.99,-1,-1,-1
28,3,505.55,320.93,56.95,89.82,1.00,-1,-1,-1
28,4,350.95,306.58,41.39,81.41,0.99,-1,-1,-1
28,5,659.94,401.02,85.13,96.94,0.99,-1,-1,-1
28,6,1002.27,510.29,119.38,284.91,0.99,-1,-1,-1
28,7,731.90,316.35,38.40,45.90,0.97,-1,-1,-1
28,8,598.55,393.29,74.88,116.36,0.96,-1,-1,-1
29,1,574.48,396.21,76.34,118.22,0.99,-1,-1,-1
29,2,607.19,416.03,83.54,135.69,0.99,-1,-1,-1
29,3,510.04,320.92,56.91,89.16,1.00,-1,-1,-1
29,4,356.23,305.33,35.97,81.65,1.00,-1,-1,-1
29,5,666.81,399.76,81.12,97.21,1.00,-1,-1,-1
29,6,1001.93,509.67,120.18,283.88,0.99,-1,-1,-1
29,7,732.10,316.33,38.00,45.90,0.98,-1,-1,-1
29,8,595.83,393.85,73.26,120.77,0.99,-1,-1,-1
30,1,567.93,389.78,71.85,126.34,0.99,-1,-1,-1
30,2,625.66,414.01,75.35,133.41,1.00,-1,-1,-1
30,3,511.76,322.25,65.38,88.34,1.00,-1,-1,-1
30,4,364.30,303.81,28.95,82.64,0.99,-1,-1,-1
30,5,669.61,397.62,80.71,96.30,1.00,-1,-1,-1
30,6,1002.37,509.75,119.29,284.71,0.99,-1,-1,-1
30,7,731.85,316.31,38.45,45.91,0.98,-1,-1,-1
30,8,600.88,396.41,73.59,119.15,0.98,-1,-1,-1
31,1,563.76,385.30,72.33,129.77,1.00,-1,-1,-1
31,2,636.39,411.63,75.92,133.85,0.99,-1,-1,-1
31,3,512.75,323.04,68.06,87.46,0.99,-1,-1,-1
31,4,367.10,302.96,27.53,83.61,0.99,-1,-1,-1
31,5,678.47,396.05,72.25,92.54,0.99,-1,-1,-1
31,6,1002.56,510.07,118.95,283.83,0.99,-1,-1,-1
31,7,731.78,316.31,38.61,45.91,0.98,-1,-1,-1
31,8,607.68,396.95,71.35,115.69,0.99,-1,-1,-1
32,1,572.31,382.69,58.53,127.90,0.99,-1,-1,-1
32,2,659.02,407.48,74.90,138.17,0.98,-1,-1,-1
32,3,516.09,322.10,66.27,89.26,0.99,-1,-1,-1
32,4,371.89,302.48,30.35,83.09,0.99,-1,-1,-1
32,5,688.92,392.86,65.79,93.47,0.99,-1,-1,-1
32,6,1002.59,509.89,118.81,284.11,0.99,-1,-1,-1
32,7,731.72,316.29,38.68,45.91,0.97,-1,-1,-1
32,8,612.02,394.10,65.69,128.87,0.99,-1,-1,-1
33,1,576.80,382.12,59.86,125.91,0.99,-1,-1,-1
33,2,673.75,404.09,73.96,140.52,0.99,-1,-1,-1
33,3,521.41,320.31,62.54,90.53,1.00,-1,-1,-1
33,4,374.25,302.09,30.66,83.19,0.99,-1,-1,-1
33,5,697.72,390.11,62.91,96.08,0.98,-1,-1,-1
33,6,1002.64,510.14,118.78,283.03,0.99,-1,-1,-1
33,7,731.73,316.32,38.70,45.90,0.97,-1,-1,-1
33,8,614.88,391.56,65.26,134.55,0.99,-1,-1,-1
34,1,576.24,382.31,56.49,125.10,1.00,-1,-1,-1
34,2,692.05,400.38,66.95,143.02,0.99,-1,-1,-1
34,3,532.78,319.21,51.53,90.73,1.00,-1,-1,-1
34,4,377.94,301.84,31.72,79.37,1.00,-1,-1,-1
34,5,694.79,387.52,70.66,106.71,0.94,-1,-1,-1
34,6,1002.03,509.98,119.97,283.83,1.00,-1,-1,-1
34,7,731.99,316.37,38.12,45.90,0.97,-1,-1,-1
34,8,617.12,386.97,66.29,135.21,0.99,-1,-1,-1
35,1,576.03,382.14,53.50,125.06,1.00,-1,-1,-1
35,2,703.53,397.52,65.63,133.11,0.97,-1,-1,-1
35,3,543.36,318.63,42.64,89.91,0.98,-1,-1,-1
35,4,380.31,301.62,31.53,78.51,1.00,-1,-1,-1
35,5,702.03,386.11,67.47,98.79,0.80,-1,-1,-1
35,6,1002.46,510.18,119.24,283.54,0.99,-1,-1,-1
35,7,731.86,316.36,38.49,45.90,0.97,-1,-1,-1
35,8,617.21,384.42,68.44,130.87,1.00,-1,-1,-1
36,1,575.27,380.02,51.29,126.79,0.99,-1,-1,-1
36,2,720.07,398.29,66.44,137.95,0.98,-1,-1,-1
36,3,549.33,317.33,40.24,92.59,0.99,-1,-1,-1
36,4,384.66,300.90,27.84,78.21,1.00,-1,-1,-1
36,5,712.20,384.82,72.83,92.23,0.96,-1,-1,-1
36,6,1001.39,509.64,120.12,285.22,1.00,-1,-1,-1
36,7,732.08,316.33,38.04,45.60,0.98,-1,-1,-1
36,8,619.93,382.37,66.30,126.29,0.99,-1,-1,-1
37,1,575.28,378.12,51.27,128.60,0.99,-1,-1,-1
37,2,729.53,399.04,70.42,139.22,0.99,-1,-1,-1
37,3,553.96,316.72,38.87,93.30,0.99,-1,-1,-1
37,4,387.30,300.67,27.07,78.42,0.99,-1,-1,-1
37,5,712.90,385.03,67.75,98.72,0.97,-1,-1,-1
37,6,1000.98,509.76,120.46,284.68,0.99,-1,-1,-1
37,7,732.16,316.34,37.86,45.49,0.97,-1,-1,-1
37,8,621.39,381.22,65.43,124.99,0.99,-1,-1,-1
38,1,578.06,375.07,53.18,126.91,0.99,-1,-1,-1
38,2,743.65,399.52,71.89,138.37,1.00,-1,-1,-1
38,3,559.76,317.80,42.21,91.49,1.00,-1,-1,-1
38,4,390.12,300.58,27.76,79.11,0.99,-1,-1,-1
38,5,722.41,385.51,62.00,99.64,0.99,-1,-1,-1
38,6,1000.82,509.48,120.58,285.65,0.99,-1,-1,-1
38,7,732.18,316.31,37.80,45.75,0.98,-1,-1,-1
38,8,633.34,379.15,65.68,125.84,0.99,-1,-1,-1
39,1,580.85,374.15,56.93,120.43,0.99,-1,-1,-1
39,2,751.54,400.97,71.89,133.87,0.99,-1,-1,-1
39,3,564.70,318.56,46.94,90.79,1.00,-1,-1,-1
39,4,391.95,301.04,29.22,78.49,0.99,-1,-1,-1
39,5,719.86,385.77,68.63,99.41,0.99,-1,-1,-1
39,6,1000.78,509.69,120.63,285.44,0.99,-1,-1,-1
39,7,731.89,316.48,38.38,45.55,0.98,-1,-1,-1
39,8,637.83,376.66,71.12,126.16,0.99,-1,-1,-1
40,1,581.89,373.26,60.10,113.99,1.00,-1,-1,-1
40,2,764.45,402.44,68.91,128.53,0.99,-1,-1,-1
40,3,568.23,319.71,45.84,89.64,1.00,-1,-1,-1
40,4,393.46,299.55,36.86,80.06,0.99,-1,-1,-1
40,5,720.83,384.98,76.06,99.91,0.99,-1,-1,-1
40,6,1000.77,509.45,120.64,286.53,1.00,-1,-1,-1
40,7,731.80,316.36,38.59,45.77,0.98,-1,-1,-1
40,8,642.38,372.61,74.28,124.63,0.99,-1,-1,-1
41,1,582.24,372.59,64.85,111.79,1.00,-1,-1,-1
41,2,772.97,402.15,66.59,127.17,0.99,-1,-1,-1
41,3,571.40,319.88,44.77,89.51,1.00,-1,-1,-1
41,4,393.94,299.79,40.46,79.76,0.99,-1,-1,-1
41,5,725.99,384.00,75.53,100.84,0.99,-1,-1,-1
41,6,1000.79,509.39,120.65,286.36,1.00,-1,-1,-1
41,7,731.76,316.34,38.68,45.86,0.98,-1,-1,-1
41,8,645.88,370.57,58.77,115.69,1.00,-1,-1,-1
42,1,582.31,369.82,67.83,114.52,1.00,-1,-1,-1
42,2,781.02,402.07,71.23,125.50,0.99,-1,-1,-1
42,3,575.65,319.80,52.77,89.47,0.99,-1,-1,-1
42,4,396.33,299.15,39.20,79.06,1.00,-1,-1,-1
42,5,729.40,381.29,75.84,102.66,1.00,-1,-1,-1
42,6,1000.75,509.67,120.64,285.69,1.00,-1,-1,-1
42,7,731.70,316.35,38.70,45.89,0.98,-1,-1,-1
42,8,648.77,367.44,46.21,113.51,0.99,-1,-1,-1
43,1,584.12,367.35,64.96,115.83,0.99,-1,-1,-1
43,2,787.12,402.64,75.21,121.29,0.98,-1,-1,-1
43,3,576.51,318.40,57.27,91.25,1.00,-1,-1,-1
43,4,399.42,296.82,36.56,79.99,1.00,-1,-1,-1
43,5,733.93,379.67,76.52,96.28,1.00,-1,-1,-1
43,6,1000.82,509.75,120.64,285.44,1.00,-1,-1,-1
43,7,731.76,316.32,38.71,45.90,0.98,-1,-1,-1
43,8,651.01,364.38,40.10,114.43,1.00,-1,-1,-1
44,1,587.38,363.22,73.87,113.07,1.00,-1,-1,-1
44,2,797.46,402.74,73.27,116.89,0.99,-1,-1,-1
44,3,580.53,315.38,60.79,94.29,0.99,-1,-1,-1
44,4,403.98,295.67,31.61,79.16,1.00,-1,-1,-1
44,5,746.05,378.51,64.44,91.94,0.99,-1,-1,-1
44,6,1000.77,509.81,120.63,285.94,0.99,-1,-1,-1
44,7,732.00,316.33,38.12,45.61,0.98,-1,-1,-1
44,8,652.88,358.99,37.71,115.85,0.99,-1,-1,-1
45,1,589.73,360.84,74.26,108.42,0.99,-1,-1,-1
45,2,803.38,402.04,76.06,116.72,1.00,-1,-1,-1
45,3,586.02,313.96,59.93,95.14,0.99,-1,-1,-1
45,4,407.28,296.03,28.75,78.25,0.99,-1,-1,-1
45,5,752.59,378.15,58.85,89.16,0.99,-1,-1,-1
45,6,1000.81,509.83,120.64,284.94,1.00,-1,-1,-1
45,7,731.84,316.34,38.50,45.79,0.98,-1,-1,-1
45,8,654.41,355.58,37.08,117.61,0.99,-1,-1,-1
46,1,597.57,358.85,76.66,106.42,1.00,-1,-1,-1
46,2,809.16,401.05,79.41,120.79,1.00,-1,-1,-1
46,3,599.34,313.58,50.79,85.15,1.00,-1,-1,-1
46,4,412.05,294.70,26.83,80.00,0.99,-1,-1,-1
46,5,751.18,377.14,63.92,93.97,0.99,-1,-1,-1
46,6,1000.81,510.15,120.64,285.16,0.99,-1,-1,-1
46,7,732.06,316.21,38.04,45.87,0.98,-1,-1,-1
46,8,655.48,350.37,45.31,114.28,0.99,-1,-1,-1
47,1,604.03,357.15,74.11,106.49,1.00,-1,-1,-1
47,2,813.73,399.22,80.12,124.70,0.99,-1,-1,-1
47,3,606.53,313.48,45.72,79.93,0.97,-1,-1,-1
47,4,414.36,294.09,26.18,80.37,0.99,-1,-1,-1
47,5,752.56,376.81,67.94,95.99,0.99,-1,-1,-1
47,6,1000.84,509.98,120.65,284.66,1.00,-1,-1,-1
47,7,732.16,316.16,37.87,45.89,0.98,-1,-1,-1
47,8,655.62,346.87,49.05,113.18,0.99,-1,-1,-1
48,1,619.49,353.91,59.46,108.97,0.99,-1,-1,-1
48,2,816.28,397.82,82.12,127.82,1.00,-1,-1,-1
48,3,612.88,313.48,42.70,87.71,0.99,-1,-1,-1
48,4,416.92,293.75,28.75,80.80,0.99,-1,-1,-1
48,5,760.87,377.32,64.24,95.30,1.00,-1,-1,-1
48,6,1000.85,510.22,120.64,285.06,1.00,-1,-1,-1
48,7,732.20,316.16,37.81,45.90,0.98,-1,-1,-1
48,8,655.58,345.09,51.20,111.29,0.99,-1,-1,-1
49,1,626.37,351.25,56.69,110.21,0.99,-1,-1,-1
49,2,818.42,395.65,83.45,130.35,1.00,-1,-1,-1
49,3,617.04,314.32,41.66,89.47,1.00,-1,-1,-1
49,4,418.23,293.47,31.41,81.26,1.00,-1,-1,-1
49,5,764.25,377.53,63.35,95.04,0.99,-1,-1,-1
49,6,1000.84,510.28,120.64,283.43,1.00,-1,-1,-1
49,7,732.19,316.13,37.79,46.20,0.98,-1,-1,-1
49,8,661.29,345.43,44.49,109.41,0.97,-1,-1,-1
50,1,634.73,350.22,47.14,104.45,0.99,-1,-1,-1
50,2,822.15,391.65,83.93,133.96,1.00,-1,-1,-1
50,3,621.39,317.37,40.70,87.22,1.00,-1,-1,-1
50,4,419.38,293.72,32.44,81.13,1.00,-1,-1,-1
50,5,767.17,377.66,61.82,92.86,0.99,-1,-1,-1
50,6,1001.42,510.03,120.64,284.00,0.99,-1,-1,-1
50,7,731.88,316.15,38.38,46.31,0.97,-1,-1,-1
50,8,668.81,345.55,38.56,107.24,0.98,-1,-1,-1
51,1,637.73,350.08,43.06,101.66,0.99,-1,-1,-1
51,2,825.04,388.51,82.91,136.93,1.00,-1,-1,-1
51,3,624.56,318.98,39.14,86.34,0.99,-1,-1,-1
51,4,419.98,294.24,32.84,80.19,1.00,-1,-1,-1
51,5,769.28,377.27,61.26,92.19,0.99,-1,-1,-1
51,6,1001.02,510.22,120.63,283.04,0.99,-1,-1,-1
51,7,731.75,315.99,38.60,50.51,0.97,-1,-1,-1
51,8,672.60,343.24,37.77,108.29,0.98,-1,-1,-1
52,1,641.45,346.90,49.69,104.34,0.99,-1,-1,-1
52,2,829.70,385.29,79.53,139.51,1.00,-1,-1,-1
52,3,627.02,319.11,42.32,87.22,1.00,-1,-1,-1
52,4,421.15,294.16,32.98,79.53,0.99,-1,-1,-1
52,5,770.25,376.68,57.46,91.51,0.99,-1,-1,-1
52,6,1000.90,510.28,120.63,284.47,0.99,-1,-1,-1
52,7,732.02,316.06,38.09,49.76,0.98,-1,-1,-1
52,8,676.29,340.06,36.90,106.02,0.98,-1,-1,-1
53,1,644.79,346.23,57.57,104.14,0.99,-1,-1,-1
53,2,831.10,383.50,78.80,140.48,1.00,-1,-1,-1
53,3,627.53,318.25,45.78,87.85,1.00,-1,-1,-1
53,4,422.66,293.67,32.72,78.99,0.99,-1,-1,-1
53,5,770.07,376.32,58.52,91.42,1.00,-1,-1,-1
53,6,1000.81,510.30,120.62,285.61,0.99,-1,-1,-1
53,7,732.09,316.08,37.89,47.36,0.97,-1,-1,-1
53,8,681.18,337.44,34.16,99.16,0.97,-1,-1,-1
54,1,654.82,340.85,61.77,109.78,0.99,-1,-1,-1
54,2,831.13,384.21,77.93,136.86,1.00,-1,-1,-1
54,3,627.62,315.70,49.43,89.87,1.00,-1,-1,-1
54,4,425.22,291.72,31.43,78.79,1.00,-1,-1,-1
54,5,769.97,375.47,64.32,93.35,0.99,-1,-1,-1
54,6,1000.80,510.32,120.62,285.46,1.00,-1,-1,-1
54,7,731.83,315.95,38.42,47.02,0.98,-1,-1,-1
54,8,683.10,333.98,43.96,100.06,0.85,-1,-1,-1
55,1,662.77,336.14,62.33,115.67,0.98,-1,-1,-1
55,2,830.29,385.47,79.99,133.02,1.00,-1,-1,-1
55,3,626.67,314.76,52.01,90.92,1.00,-1,-1,-1
55,4,426.39,290.58,31.22,78.42,0.99,-1,-1,-1
55,5,770.77,375.19,68.75,94.67,0.99,-1,-1,-1
55,6,1000.79,510.05,120.62,285.99,1.00,-1,-1,-1
55,7,731.73,315.93,38.61,46.60,0.98,-1,-1,-1
55,8,686.12,332.24,45.35,98.60,0.61,-1,-1,-1
56,1,670.39,336.89,60.18,109.53,0.98,-1,-1,-1
56,2,828.94,390.67,91.66,129.91,1.00,-1,-1,-1
56,3,622.42,314.87,55.30,90.14,1.00,-1,-1,-1
56,4,427.78,289.75,31.74,78.59,0.99,-1,-1,-1
56,5,769.55,376.03,73.37,98.13,1.00,-1,-1,-1
56,6,1003.15,509.98,118.23,286.78,0.99,-1,-1,-1
56,7,731.08,316.24,39.28,46.14,0.99,-1,-1,-1
56,8,690.38,326.27,44.76,101.15,0.87,-1,-1,-1
57,1,674.31,336.93,59.28,106.11,0.99,-1,-1,-1
57,2,829.03,395.06,97.10,126.04,1.00,-1,-1,-1
57,3,618.97,315.24,60.56,90.12,1.00,-1,-1,-1
57,4,428.84,289.62,31.92,78.36,0.99,-1,-1,-1
57,5,770.16,377.25,75.17,99.14,1.00,-1,-1,-1
57,6,1004.05,509.97,117.33,287.07,0.99,-1,-1,-1
57,7,730.84,316.38,39.53,45.97,0.98,-1,-1,-1
57,8,693.70,324.63,42.14,94.36,0.76,-1,-1,-1
58,1,674.70,336.72,70.21,104.55,0.99,-1,-1,-1
58,2,831.43,400.93,95.59,120.38,1.00,-1,-1,-1
58,3,613.63,317.46,65.98,88.62,1.00,-1,-1,-1
58,4,430.64,290.05,30.51,79.47,1.00,-1,-1,-1
58,5,776.38,377.14,69.50,100.39,1.00,-1,-1,-1
58,6,1004.37,509.95,117.01,287.17,0.99,-1,-1,-1
58,7,729.86,316.28,40.80,46.20,0.98,-1,-1,-1
58,8,697.82,325.57,41.10,81.01,0.17,-1,-1,-1
59,1,677.17,336.66,68.03,103.99,0.98,-1,-1,-1
59,2,833.05,403.04,94.57,117.70,1.00,-1,-1,-1
59,3,610.28,318.71,67.02,88.34,1.00,-1,-1,-1
59,4,432.13,291.36,33.58,77.81,1.00,-1,-1,-1
59,5,780.24,379.11,68.93,99.09,0.99,-1,-1,-1
59,6,1004.44,509.89,116.89,287.18,0.99,-1,-1,-1
59,7,729.76,316.34,40.69,45.99,0.98,-1,-1,-1
59,8,699.21,327.05,50.33,88.85,0.90,-1,-1,-1
60,1,679.59,329.22,75.13,107.99,1.00,-1,-1,-1
60,2,829.12,400.75,97.35,119.22,1.00,-1,-1,-1
60,3,608.52,318.44,67.94,89.14,1.00,-1,-1,-1
60,4,434.36,291.30,34.96,77.78,0.99,-1,-1,-1
60,5,785.44,380.49,65.75,91.74,0.99,-1,-1,-1
60,6,1003.25,509.89,118.05,287.20,0.99,-1,-1,-1
60,7,730.90,316.37,39.46,45.92,0.98,-1,-1,-1
61,1,683.32,326.50,78.90,108.60,1.00,-1,-1,-1
61,2,828.15,399.87,94.30,120.40,1.00,-1,-1,-1
61,3,608.09,318.16,68.25,89.73,1.00,-1,-1,-1
61,4,436.06,291.41,35.20,77.77,1.00,-1,-1,-1
61,5,787.01,381.15,60.29,87.52,0.99,-1,-1,-1
61,6,1002.80,509.86,118.49,287.78,0.99,-1,-1,-1
61,7,733.15,316.36,37.18,46.78,0.96,-1,-1,-1
62,1,690.91,325.40,71.86,107.05,1.00,-1,-1,-1
62,2,819.03,400.27,89.46,120.44,0.99,-1,-1,-1
62,3,607.31,317.01,65.43,90.84,1.00,-1,-1,-1
62,4,438.24,292.06,33.97,76.28,1.00,-1,-1,-1
62,5,786.82,380.62,57.64,78.23,0.98,-1,-1,-1
62,6,1003.81,509.86,117.48,288.00,0.99,-1,-1,-1
62,7,734.61,316.36,35.71,61.59,0.95,-1,-1,-1
63,1,708.11,329.85,59.19,100.49,0.99,-1,-1,-1
63,2,807.02,398.75,76.73,123.02,0.99,-1,-1,-1
63,3,607.28,316.56,61.87,91.25,1.00,-1,-1,-1
63,4,439.17,292.00,33.01,76.33,1.00,-1,-1,-1
63,5,786.68,378.34,52.41,82.30,0.98,-1,-1,-1
63,6,1004.20,509.85,117.10,288.07,0.99,-1,-1,-1
63,7,737.58,316.49,32.75,64.71,0.95,-1,-1,-1
63,8,709.94,324.37,40.39,87.31,0.98,-1,-1,-1
64,1,721.63,330.44,48.52,101.67,0.99,-1,-1,-1
64,2,777.04,396.99,94.66,124.89,0.99,-1,-1,-1
64,3,607.56,316.24,53.88,92.00,1.00,-1,-1,-1
64,4,440.50,292.13,31.90,75.46,1.00,-1,-1,-1
64,5,782.40,375.04,58.16,86.77,0.86,-1,-1,-1
64,6,1003.77,509.84,116.96,288.69,0.99,-1,-1,-1
64,7,738.67,316.68,31.05,66.56,0.95,-1,-1,-1
64,8,709.52,323.56,40.92,83.88,0.95,-1,-1,-1
65,1,727.11,330.68,46.25,101.80,0.98,-1,-1,-1
65,2,764.06,389.36,101.27,132.85,0.99,-1,-1,-1
65,3,606.37,316.71,50.15,91.97,1.00,-1,-1,-1
65,4,441.52,292.04,31.18,75.14,0.99,-1,-1,-1
65,5,776.61,376.61,67.06,93.34,0.19,-1,-1,-1
65,6,1002.98,509.83,118.11,288.91,0.99,-1,-1,-1
65,7,737.14,316.75,32.99,66.68,0.94,-1,-1,-1
65,8,710.18,323.31,38.57,74.79,0.94,-1,-1,-1
66,1,733.50,330.25,45.57,98.58,0.99,-1,-1,-1
66,2,768.78,390.73,86.35,124.11,0.99,-1,-1,-1
66,3,602.23,318.26,48.89,91.65,1.00,-1,-1,-1
66,4,443.06,291.74,30.31,74.44,0.99,-1,-1,-1
66,5,768.50,369.73,74.98,104.25,0.99,-1,-1,-1
66,6,1002.73,509.86,118.56,288.39,0.99,-1,-1,-1
66,7,737.54,316.67,33.06,77.86,0.97,-1,-1,-1
66,8,710.29,322.74,42.10,79.34,1.00,-1,-1,-1
67,1,736.02,330.27,42.26,96.18,0.92,-1,-1,-1
67,2,750.90,389.82,94.58,119.89,0.99,-1,-1,-1
67,3,599.21,318.97,50.32,91.52,1.00,-1,-1,-1
67,4,443.67,292.06,29.24,73.29,1.00,-1,-1,-1
67,5,762.88,365.78,78.19,108.90,0.97,-1,-1,-1
67,6,1002.58,509.56,118.72,288.19,0.99,-1,-1,-1
67,7,737.63,316.35,32.50,80.72,0.96,-1,-1,-1
67,8,710.30,321.92,43.29,81.72,0.99,-1,-1,-1
68,1,739.71,331.84,41.17,94.73,0.78,-1,-1,-1
68,2,737.99,387.11,81.71,120.49,0.99,-1,-1,-1
68,3,596.66,320.59,52.65,90.28,1.00,-1,-1,-1
68,4,443.84,291.90,28.85,73.78,0.99,-1,-1,-1
68,5,757.49,365.07,61.24,99.87,0.97,-1,-1,-1
68,6,1002.56,509.75,118.79,289.30,0.99,-1,-1,-1
68,7,737.97,316.36,32.31,79.28,0.98,-1,-1,-1
68,8,709.63,319.89,44.37,84.43,0.99,-1,-1,-1
69,1,741.99,332.13,40.23,100.89,0.93,-1,-1,-1
69,2,728.50,388.36,74.91,117.88,0.99,-1,-1,-1
69,3,595.11,321.32,54.12,89.80,1.00,-1,-1,-1
69,4,443.83,291.66,28.72,74.27,0.99,-1,-1,-1
69,5,753.71,365.16,52.35,100.80,0.99,-1,-1,-1
69,6,1002.52,509.51,118.80,289.71,0.99,-1,-1,-1
69,7,738.06,316.35,32.86,80.59,0.98,-1,-1,-1
69,8,708.10,318.12,45.96,85.17,0.99,-1,-1,-1
70,1,729.71,330.17,56.24,111.04,0.93,-1,-1,-1
70,2,713.91,384.80,81.97,119.78,0.99,-1,-1,-1
70,3,594.85,320.52,54.69,90.82,1.00,-1,-1,-1
70,4,444.07,291.87,28.98,74.47,0.99,-1,-1,-1
70,5,742.59,365.79,53.29,102.01,0.94,-1,-1,-1
70,6,1002.51,509.71,118.81,290.46,0.99,-1,-1,-1
70,7,737.18,316.33,33.67,79.89,0.95,-1,-1,-1
70,8,704.83,315.11,46.57,84.57,0.98,-1,-1,-1
71,2,704.84,370.44,87.82,133.29,0.99,-1,-1,-1
71,3,595.10,318.00,54.30,93.57,1.00,-1,-1,-1
71,4,443.97,292.11,29.54,74.26,0.99,-1,-1,-1
71,5,716.50,362.41,74.31,106.70,0.84,-1,-1,-1
71,6,1002.51,509.80,118.81,290.13,0.99,-1,-1,-1
71,7,736.55,316.19,38.12,83.60,0.97,-1,-1,-1
71,8,702.34,313.89,43.27,83.14,0.99,-1,-1,-1
72,2,690.83,376.45,91.26,119.82,0.96,-1,-1,-1
72,3,594.33,315.29,54.75,96.36,1.00,-1,-1,-1
72,4,444.19,291.75,30.05,75.08,0.99,-1,-1,-1
72,5,716.42,363.90,71.33,104.54,0.98,-1,-1,-1
72,6,1002.51,509.53,118.82,290.59,0.99,-1,-1,-1
72,7,734.32,315.99,46.56,99.57,0.98,-1,-1,-1
72,8,699.18,313.50,38.93,79.00,0.98,-1,-1,-1
73,2,682.14,378.65,80.95,114.61,0.98,-1,-1,-1
73,3,593.19,314.68,54.31,96.84,0.99,-1,-1,-1
73,4,444.39,291.92,30.99,75.10,0.99,-1,-1,-1
73,5,714.31,369.14,72.47,99.62,0.97,-1,-1,-1
73,6,1002.51,509.44,118.81,290.76,0.99,-1,-1,-1
73,7,734.80,317.01,45.00,101.06,0.99,-1,-1,-1
73,8,696.74,314.05,32.97,65.89,0.99,-1,-1,-1
74,2,668.92,379.00,72.32,112.01,0.99,-1,-1,-1
74,3,590.41,314.16,49.38,95.23,1.00,-1,-1,-1
74,4,445.03,292.72,33.11,74.81,1.00,-1,-1,-1
74,5,705.56,372.53,79.80,95.73,0.97,-1,-1,-1
74,6,1001.92,509.39,120.00,290.81,0.99,-1,-1,-1
74,7,733.01,316.73,47.66,101.77,0.99,-1,-1,-1
74,8,691.00,313.73,34.16,61.63,0.93,-1,-1,-1
75,2,675.07,377.05,54.78,113.22,0.97,-1,-1,-1
75,3,588.47,312.93,44.37,94.59,1.00,-1,-1,-1
75,4,445.54,292.86,33.33,74.71,1.00,-1,-1,-1
75,5,697.46,371.99,83.70,95.49,0.98,-1,-1,-1
75,6,1002.27,509.38,119.25,290.23,0.99,-1,-1,-1
75,7,732.04,317.19,46.39,100.51,0.99,-1,-1,-1
75,8,687.38,312.23,33.28,66.05,0.84,-1,-1,-1
76,2,665.42,374.15,56.15,112.34,0.99,-1,-1,-1
76,3,584.72,311.47,37.57,93.14,0.99,-1,-1,-1
76,4,446.33,293.54,32.82,74.07,1.00,-1,-1,-1
76,5,685.63,367.01,80.69,92.71,0.98,-1,-1,-1
76,6,1003.65,509.38,117.78,290.00,0.99,-1,-1,-1
76,7,730.53,319.28,44.06,96.12,0.99,-1,-1,-1
76,8,675.31,309.80,34.87,56.98,0.89,-1,-1,-1
76,1,741.07,317.92,31.97,78.79,0.88,-1,-1,-1
77,2,648.39,371.15,69.02,107.08,0.99,-1,-1,-1
77,3,582.17,309.88,35.28,93.18,0.98,-1,-1,-1
77,4,446.57,293.78,32.61,73.84,1.00,-1,-1,-1
77,5,675.82,362.26,82.21,100.29,0.98,-1,-1,-1
77,6,1004.13,509.69,117.22,289.91,0.99,-1,-1,-1
77,7,729.03,320.24,43.71,93.40,0.99,-1,-1,-1
77,8,668.06,308.63,36.64,52.23,0.94,-1,-1,-1
77,1,740.35,316.82,30.51,70.05,0.89,-1,-1,-1
78,2,646.68,369.21,55.65,104.84,0.98,-1,-1,-1
78,3,578.52,310.68,33.98,91.41,0.99,-1,-1,-1
78,4,446.64,293.91,32.53,74.06,1.00,-1,-1,-1
78,5,675.73,359.43,56.14,98.50,0.98,-1,-1,-1
78,6,1004.33,509.83,117.03,289.87,0.99,-1,-1,-1
78,7,724.67,322.70,47.11,90.22,0.99,-1,-1,-1
78,8,664.86,308.34,33.78,51.43,0.85,-1,-1,-1
78,1,737.15,316.39,33.38,68.92,0.90,-1,-1,-1
79,2,645.66,367.35,45.56,104.39,0.99,-1,-1,-1
79,3,575.48,310.71,34.26,90.73,0.99,-1,-1,-1
79,4,446.51,294.24,32.64,73.55,1.00,-1,-1,-1
79,5,669.91,359.40,46.96,94.47,0.98,-1,-1,-1
79,6,1004.40,509.57,116.95,289.25,1.00,-1,-1,-1
79,7,720.19,324.50,50.65,87.75,1.00,-1,-1,-1
79,8,663.59,308.90,32.05,54.70,0.79,-1,-1,-1
79,1,735.23,316.27,35.50,68.62,0.95,-1,-1,-1
80,2,636.18,365.52,47.81,103.97,0.99,-1,-1,-1
80,3,572.05,312.23,36.89,89.29,1.00,-1,-1,-1
80,4,446.02,294.96,33.12,72.17,1.00,-1,-1,-1
80,5,659.10,358.69,45.08,94.73,0.98,-1,-1,-1
80,6,1004.46,509.47,116.94,289.61,1.00,-1,-1,-1
80,7,716.49,323.96,53.74,87.39,0.99,-1,-1,-1
80,8,662.07,311.37,26.51,52.83,0.94,-1,-1,-1
80,1,733.30,316.11,36.94,68.96,0.94,-1,-1,-1
81,2,619.27,364.12,67.02,103.72,0.99,-1,-1,-1
81,3,569.64,313.39,38.43,88.15,1.00,-1,-1,-1
81,4,445.48,295.18,33.89,71.36,0.99,-1,-1,-1
81,5,652.04,358.74,46.47,94.84,0.98,-1,-1,-1
81,6,1003.83,509.42,116.93,289.16,1.00,-1,-1,-1
81,7,714.43,323.85,54.94,87.53,0.99,-1,-1,-1
81,8,656.86,312.19,25.85,50.98,0.88,-1,-1,-1
81,1,730.11,316.21,39.89,64.23,0.90,-1,-1,-1
82,2,606.96,361.58,79.24,100.21,0.99,-1,-1,-1
82,3,567.99,315.05,39.05,86.54,0.99,-1,-1,-1
82,4,443.85,295.88,35.05,70.47,0.99,-1,-1,-1
82,5,642.45,355.53,47.60,95.18,0.93,-1,-1,-1
82,6,1004.24,509.40,116.94,289.58,0.99,-1,-1,-1
82,7,709.70,322.62,43.33,82.50,0.94,-1,-1,-1
82,8,648.70,308.33,27.56,54.11,0.57,-1,-1,-1
82,1,731.59,316.31,38.67,56.29,0.98,-1,-1,-1
83,2,600.48,359.94,78.70,97.12,1.00,-1,-1,-1
83,3,566.22,314.90,39.90,85.96,1.00,-1,-1,-1
83,4,441.85,296.41,37.09,70.15,0.99,-1,-1,-1
83,5,636.16,354.20,46.83,95.91,0.95,-1,-1,-1
83,6,1004.35,509.40,116.94,289.15,0.99,-1,-1,-1
83,7,704.97,321.19,40.75,81.75,0.99,-1,-1,-1
83,8,641.70,304.45,42.04,72.78,0.97,-1,-1,-1
83,1,731.86,316.54,38.15,48.14,0.98,-1,-1,-1
84,2,596.72,357.59,78.80,96.36,0.98,-1,-1,-1
84,3,564.81,313.80,36.09,86.67,1.00,-1,-1,-1
84,4,439.00,299.91,40.32,67.35,0.99,-1,-1,-1
84,5,630.91,351.23,46.58,96.18,0.96,-1,-1,-1
84,6,1004.44,509.39,116.95,289.57,1.00,-1,-1,-1
84,7,693.65,319.92,42.39,66.41,0.74,-1,-1,-1
84,8,635.93,302.78,35.10,68.38,0.91,-1,-1,-1
84,1,730.83,316.65,39.15,45.76,0.97,-1,-1,-1
85,2,597.25,355.87,58.60,97.05,0.97,-1,-1,-1
85,3,563.77,313.22,35.84,87.25,0.99,-1,-1,-1
85,4,435.99,301.34,43.69,66.32,0.99,-1,-1,-1
85,5,625.90,350.13,48.35,96.29,0.96,-1,-1,-1
85,6,1004.43,509.38,116.95,289.74,1.00,-1,-1,-1
85,7,687.32,318.91,42.37,53.22,0.87,-1,-1,-1
85,1,731.30,316.51,38.34,44.50,0.97,-1,-1,-1
86,2,596.20,352.16,44.39,98.86,0.98,-1,-1,-1
86,3,561.01,314.35,38.20,84.21,1.00,-1,-1,-1
86,4,431.68,301.54,45.58,65.67,0.99,-1,-1,-1
86,5,623.06,348.29,44.83,91.87,0.98,-1,-1,-1
86,6,1004.43,509.69,116.97,289.22,0.99,-1,-1,-1
86,7,679.96,316.22,53.14,75.45,0.99,-1,-1,-1
86,1,731.19,316.32,38.61,44.24,0.97,-1,-1,-1
86,8,625.45,301.70,25.43,56.19,0.91,-1,-1,-1
87,2,595.44,350.09,39.13,100.76,0.98,-1,-1,-1
87,3,559.17,315.08,40.22,82.16,1.00,-1,-1,-1
87,4,427.26,301.42,48.73,66.36,0.99,-1,-1,-1
87,5,620.62,345.84,42.86,90.17,0.99,-1,-1,-1
87,6,1004.42,509.49,116.97,290.20,1.00,-1,-1,-1
87,7,674.74,315.32,58.60,80.88,0.99,-1,-1,-1
87,1,731.45,316.26,38.71,44.27,0.97,-1,-1,-1
87,8,621.69,301.86,24.34,53.64,0.81,-1,-1,-1
88,2,591.75,348.37,37.67,91.71,0.99,-1,-1,-1
88,3,557.08,315.83,42.18,80.82,1.00,-1,-1,-1
88,4,421.73,301.39,52.35,67.84,1.00,-1,-1,-1
88,5,616.61,343.06,45.30,89.87,0.99,-1,-1,-1
88,6,1004.43,509.44,116.98,290.57,1.00,-1,-1,-1
88,7,670.20,314.72,45.34,65.55,0.94,-1,-1,-1
88,1,731.27,316.27,38.74,44.39,0.97,-1,-1,-1
88,8,616.10,302.85,21.49,46.67,0.20,-1,-1,-1
89,2,590.48,345.99,36.62,88.83,0.99,-1,-1,-1
89,3,555.47,317.30,44.09,79.76,1.00,-1,-1,-1
89,4,418.57,302.23,50.55,67.21,0.99,-1,-1,-1
89,5,614.07,339.98,44.36,92.18,1.00,-1,-1,-1
89,6,1004.43,509.41,116.98,288.92,0.99,-1,-1,-1
89,7,668.82,315.35,36.41,57.95,0.80,-1,-1,-1
89,1,731.80,316.43,38.16,44.52,0.97,-1,-1,-1
89,8,601.70,300.01,30.43,65.25,0.94,-1,-1,-1
90,2,584.22,340.16,38.28,90.03,0.98,-1,-1,-1
90,3,552.01,318.43,45.98,77.59,0.99,-1,-1,-1
90,4,415.45,303.87,47.67,66.40,0.99,-1,-1,-1
90,5,612.81,338.14,40.39,93.65,0.99,-1,-1,-1
90,6,1003.24,509.40,118.17,287.70,0.99,-1,-1,-1
90,7,657.50,317.17,37.97,72.72,0.98,-1,-1,-1
90,1,732.01,316.48,37.93,44.63,0.97,-1,-1,-1
90,8,593.47,298.58,30.75,66.50,0.96,-1,-1,-1
91,2,582.85,337.24,37.64,91.09,0.99,-1,-1,-1
91,3,550.76,319.30,47.86,76.82,0.99,-1,-1,-1
91,4,413.46,304.62,46.20,66.40,0.99,-1,-1,-1
91,5,612.41,336.35,38.30,95.39,0.99,-1,-1,-1
91,6,1003.98,509.40,117.43,287.23,0.99,-1,-1,-1
91,7,653.42,318.27,36.60,77.76,0.98,-1,-1,-1
91,1,732.11,316.52,37.84,44.74,0.97,-1,-1,-1
91,8,588.90,298.45,29.10,61.49,0.94,-1,-1,-1
92,2,580.80,338.31,36.83,88.53,0.99,-1,-1,-1
92,3,550.05,319.41,48.00,76.58,0.99,-1,-1,-1
92,4,409.67,303.49,45.92,68.21,0.98,-1,-1,-1
92,5,611.52,333.92,37.00,94.28,0.99,-1,-1,-1
92,6,1004.28,509.38,117.14,287.67,0.99,-1,-1,-1
92,7,652.20,318.00,33.01,78.43,0.99,-1,-1,-1
92,1,732.16,316.51,37.81,45.13,0.98,-1,-1,-1
92,8,584.22,297.81,27.19,62.68,0.83,-1,-1,-1
93,2,579.34,340.55,35.97,81.85,0.99,-1,-1,-1
93,3,549.86,318.86,48.03,77.74,0.99,-1,-1,-1
93,4,406.54,303.53,42.25,69.18,0.99,-1,-1,-1
93,5,608.88,330.57,37.83,95.04,0.99,-1,-1,-1
93,6,1004.39,509.38,117.03,286.64,0.99,-1,-1,-1
93,7,649.57,316.47,34.26,82.39,0.99,-1,-1,-1
93,1,732.17,316.53,37.80,45.31,0.98,-1,-1,-1
93,8,580.66,296.44,33.18,70.15,0.81,-1,-1,-1
94,2,577.73,336.37,35.09,81.63,0.99,-1,-1,-1
94,3,551.58,318.47,45.10,78.79,0.99,-1,-1,-1
94,4,401.44,302.91,39.26,72.22,0.99,-1,-1,-1
94,5,599.83,321.51,45.42,99.47,0.99,-1,-1,-1
94,6,1003.22,509.38,118.19,286.28,0.99,-1,-1,-1
94,7,648.09,312.99,33.46,85.31,0.99,-1,-1,-1
94,1,732.16,316.37,37.80,46.32,0.98,-1,-1,-1
94,8,575.54,294.92,25.24,58.81,0.79,-1,-1,-1
95,2,577.97,334.68,34.19,81.28,0.99,-1,-1,-1
95,3,551.80,318.04,44.51,79.50,0.99,-1,-1,-1
95,4,398.36,302.26,37.86,73.66,0.99,-1,-1,-1
95,5,604.19,324.17,40.21,91.21,0.95,-1,-1,-1
95,6,1002.81,509.39,118.62,286.13,0.99,-1,-1,-1
95,7,645.96,311.21,33.80,86.98,0.99,-1,-1,-1
95,1,732.18,316.48,37.79,46.42,0.98,-1,-1,-1
95,8,572.66,294.85,20.67,52.40,0.62,-1,-1,-1
96,2,575.12,333.51,36.38,80.31,0.97,-1,-1,-1
96,3,551.33,315.48,45.49,82.76,0.99,-1,-1,-1
96,4,392.90,304.31,34.00,73.32,0.99,-1,-1,-1
96,5,598.35,322.54,44.63,88.76,0.99,-1,-1,-1
96,6,1002.65,509.38,118.78,286.69,1.00,-1,-1,-1
96,7,643.80,307.47,30.30,88.44,0.98,-1,-1,-1
96,1,731.89,316.36,38.39,45.59,0.98,-1,-1,-1
96,8,564.78,295.00,21.18,53.03,0.44,-1,-1,-1
97,2,575.94,332.27,35.37,80.92,0.98,-1,-1,-1
97,3,550.89,312.48,46.43,86.04,0.99,-1,-1,-1
97,4,388.54,303.78,33.56,74.35,0.99,-1,-1,-1
97,5,602.07,322.35,40.35,87.29,0.98,-1,-1,-1
97,6,1002.60,509.68,118.84,285.71,0.99,-1,-1,-1
97,7,642.64,306.34,29.00,88.94,0.98,-1,-1,-1
97,1,731.79,316.33,38.61,45.30,0.98,-1,-1,-1
97,8,558.64,294.62,26.89,57.78,0.74,-1,-1,-1
98,2,575.48,333.06,35.62,79.09,0.97,-1,-1,-1
98,3,550.43,306.79,49.72,91.96,0.99,-1,-1,-1
98,4,383.07,303.26,34.37,76.50,0.99,-1,-1,-1
98,5,605.46,322.94,34.87,85.57,0.98,-1,-1,-1
98,6,1002.56,509.50,118.86,285.37,1.00,-1,-1,-1
98,7,641.06,303.00,28.59,95.48,0.98,-1,-1,-1
98,1,731.71,316.31,38.70,45.22,0.98,-1,-1,-1
98,8,555.71,294.17,26.61,64.75,0.43,-1,-1,-1
99,2,574.83,332.86,36.33,79.37,0.96,-1,-1,-1
99,3,550.31,305.65,57.87,93.07,0.99,-1,-1,-1
99,4,377.18,303.52,36.49,78.17,1.00,-1,-1,-1
99,5,605.02,324.03,34.79,84.05,0.89,-1,-1,-1
99,6,1002.57,509.73,118.86,284.04,1.00,-1,-1,-1
99,7,638.80,301.91,28.48,89.96,0.97,-1,-1,-1
99,1,731.72,316.32,38.72,45.20,0.98,-1,-1,-1
99,8,553.26,295.18,20.55,56.67,0.58,-1,-1,-1
99,9,591.75,325.80,48.60,85.05,0.76,-1,-1,-1
100,2,572.24,327.88,39.58,82.82,0.99,-1,-1,-1
100,3,549.41,302.78,53.82,96.09,0.99,-1,-1,-1
100,4,372.11,303.76,39.06,82.01,1.00,-1,-1,-1
100,5,609.47,326.32,29.87,80.80,0.99,-1,-1,-1
100,6,1002.57,509.53,118.86,285.34,1.00,-1,-1,-1
100,7,636.84,301.26,29.09,85.74,0.98,-1,-1,-1
100,1,731.40,316.34,38.73,45.22,0.98,-1,-1,-1
100,8,543.18,292.29,22.55,53.96,0.40,-1,-1,-1
101,2,573.35,325.05,38.48,84.69,0.99,-1,-1,-1
101,3,547.65,301.85,51.89,97.22,0.99,-1,-1,-1
101,4,369.59,304.15,42.66,84.33,1.00,-1,-1,-1
101,5,610.37,325.25,29.39,81.47,0.99,-1,-1,-1
101,6,1002.58,509.45,118.86,285.84,1.00,-1,-1,-1
101,7,635.34,301.52,29.32,82.59,0.99,-1,-1,-1
101,1,731.30,316.50,38.73,45.24,0.98,-1,-1,-1
101,8,538.81,294.82,22.53,49.04,0.55,-1,-1,-1
102,2,580.77,321.55,32.07,86.32,0.98,-1,-1,-1
102,3,542.85,303.30,52.93,95.29,0.99,-1,-1,-1
102,4,368.39,304.76,38.06,83.46,0.99,-1,-1,-1
102,5,609.71,322.65,29.88,82.05,0.98,-1,-1,-1
102,6,1001.99,509.44,120.05,286.63,1.00,-1,-1,-1
102,7,633.96,304.69,31.24,77.48,0.99,-1,-1,-1
102,1,731.25,316.58,38.73,45.26,0.98,-1,-1,-1
102,8,532.32,292.99,23.12,47.56,0.52,-1,-1,-1
103,2,584.20,319.54,29.55,86.65,0.98,-1,-1,-1
103,3,537.32,304.95,57.38,92.71,0.99,-1,-1,-1
103,4,366.76,306.15,36.98,82.19,1.00,-1,-1,-1
103,5,608.91,320.66,31.31,82.00,0.98,-1,-1,-1
103,6,1001.77,509.43,120.49,287.52,0.99,-1,-1,-1
103,7,627.36,306.52,38.40,75.24,0.98,-1,-1,-1
103,1,731.24,316.60,38.73,45.28,0.98,-1,-1,-1
103,8,528.02,293.76,22.75,46.46,0.59,-1,-1,-1
104,2,584.69,318.73,30.02,85.30,0.96,-1,-1,-1
104,3,531.23,310.99,61.91,86.63,1.00,-1,-1,-1
104,4,363.69,307.14,36.30,84.91,0.99,-1,-1,-1
104,5,609.53,320.58,32.45,81.11,0.96,-1,-1,-1
104,6,1002.29,509.44,119.47,287.26,1.00,-1,-1,-1
104,7,624.31,311.79,42.14,69.26,0.98,-1,-1,-1
104,1,731.23,316.63,38.73,45.30,0.98,-1,-1,-1
104,8,520.65,293.61,23.80,62.11,0.95,-1,-1,-1
105,2,586.70,318.63,29.57,84.79,0.93,-1,-1,-1
105,3,525.47,313.75,68.22,84.30,0.99,-1,-1,-1
105,4,361.49,307.91,35.14,85.92,0.99,-1,-1,-1
105,5,611.58,320.13,36.47,80.80,0.97,-1,-1,-1
105,6,1001.89,509.72,120.26,285.97,0.99,-1,-1,-1
105,7,620.64,311.70,46.50,68.63,0.73,-1,-1,-1
105,1,731.24,316.62,38.72,45.32,0.98,-1,-1,-1
105,8,516.00,293.40,24.77,67.54,0.96,-1,-1,-1
106,2,584.97,318.67,32.51,85.50,0.97,-1,-1,-1
106,3,520.96,317.47,72.94,80.44,1.00,-1,-1,-1
106,4,356.85,310.40,48.08,84.81,0.99,-1,-1,-1
106,5,609.75,316.41,35.11,84.62,0.97,-1,-1,-1
106,6,1001.74,509.84,120.56,288.47,0.99,-1,-1,-1
106,7,614.75,307.83,52.14,73.96,0.95,-1,-1,-1
106,1,731.52,316.62,38.72,45.33,0.98,-1,-1,-1
106,8,510.30,293.89,22.81,57.59,0.97,-1,-1,-1
107,2,587.87,319.30,30.62,85.17,0.98,-1,-1,-1
107,3,520.60,318.64,73.13,80.26,1.00,-1,-1,-1
107,4,354.54,311.75,52.93,83.75,0.99,-1,-1,-1
107,5,609.31,316.07,34.52,85.15,0.98,-1,-1,-1
107,6,1001.68,509.57,120.65,290.60,0.99,-1,-1,-1
107,7,611.59,305.70,40.69,70.85,0.62,-1,-1,-1
107,1,731.64,316.60,38.72,45.35,0.98,-1,-1,-1
107,8,506.64,294.10,22.00,52.05,0.96,-1,-1,-1
108,2,586.63,313.49,32.93,91.01,0.97,-1,-1,-1
108,3,519.16,318.43,74.26,82.93,0.99,-1,-1,-1
108,4,350.29,312.23,56.15,85.09,1.00,-1,-1,-1
108,5,607.09,313.47,35.49,86.84,0.95,-1,-1,-1
108,6,1001.67,509.75,120.68,290.21,0.99,-1,-1,-1
108,1,731.69,316.58,38.72,45.36,0.98,-1,-1,-1
108,8,501.27,293.41,21.71,50.37,0.93,-1,-1,-1
109,2,588.82,315.71,33.15,89.10,0.98,-1,-1,-1
109,3,518.67,318.17,72.92,84.23,0.99,-1,-1,-1
109,4,348.49,313.25,57.16,85.29,0.99,-1,-1,-1
109,5,605.98,313.55,36.44,85.72,0.98,-1,-1,-1
109,6,1001.66,509.82,120.68,288.86,0.99,-1,-1,-1
109,1,731.71,316.57,38.71,45.37,0.98,-1,-1,-1
109,8,498.30,291.80,20.39,49.48,0.89,-1,-1,-1
110,2,589.39,315.51,32.65,88.01,0.99,-1,-1,-1
110,3,516.84,319.09,51.90,84.44,0.99,-1,-1,-1
110,4,346.76,313.78,52.39,86.22,0.99,-1,-1,-1
110,5,607.05,312.31,35.62,85.87,0.99,-1,-1,-1
110,6,1001.08,509.85,120.68,288.93,0.99,-1,-1,-1
110,1,731.72,316.57,38.71,45.38,0.98,-1,-1,-1
110,8,493.81,291.68,19.91,47.64,0.86,-1,-1,-1
111,2,589.88,314.90,31.86,88.19,0.98,-1,-1,-1
111,3,512.09,319.87,48.03,83.93,0.99,-1,-1,-1
111,4,346.27,315.72,48.53,84.50,0.98,-1,-1,-1
111,5,607.49,311.60,35.90,85.93,0.99,-1,-1,-1
111,6,1001.45,509.86,120.67,288.36,0.99,-1,-1,-1
111,1,731.72,316.58,38.71,45.39,0.98,-1,-1,-1
111,8,491.17,292.12,18.52,46.35,0.85,-1,-1,-1
112,2,590.66,315.16,31.57,87.36,0.99,-1,-1,-1
112,3,505.97,322.23,48.19,81.95,0.99,-1,-1,-1
112,4,344.87,317.03,47.34,83.80,0.99,-1,-1,-1
112,5,607.38,311.67,35.99,85.65,0.99,-1,-1,-1
112,6,1001.01,509.57,120.66,288.73,0.99,-1,-1,-1
112,1,731.72,316.58,38.71,45.40,0.98,-1,-1,-1
112,8,478.34,296.11,33.64,57.52,0.91,-1,-1,-1
113,2,593.61,315.74,30.26,86.44,0.98,-1,-1,-1
113,3,500.55,323.98,51.96,81.81,0.28,-1,-1,-1
113,4,343.97,318.22,46.89,82.04,0.99,-1,-1,-1
113,5,607.62,312.03,36.03,85.25,0.99,-1,-1,-1
113,6,1000.82,509.46,120.65,289.47,0.99,-1,-1,-1
113,1,732.00,316.57,38.11,45.11,0.98,-1,-1,-1
113,8,473.21,296.49,36.69,61.87,0.97,-1,-1,-1
113,10,570.60,305.55,31.50,42.75,0.71,-1,-1,-1
114,2,595.94,316.29,30.39,85.80,0.98,-1,-1,-1
114,3,492.77,323.39,53.90,85.36,0.68,-1,-1,-1
114,4,342.86,318.16,47.29,81.96,1.00,-1,-1,-1
114,5,608.35,312.19,36.03,85.40,0.97,-1,-1,-1
114,6,1000.77,509.70,120.63,289.15,1.00,-1,-1,-1
114,1,732.13,316.56,37.89,45.00,0.98,-1,-1,-1
114,8,471.26,295.77,33.25,64.81,0.97,-1,-1,-1
114,10,566.99,305.54,28.62,41.67,0.66,-1,-1,-1
115,2,596.73,315.65,31.65,86.75,0.98,-1,-1,-1
115,3,485.43,323.46,44.01,86.09,0.34,-1,-1,-1
115,4,342.35,317.69,47.13,82.23,0.99,-1,-1,-1
115,5,608.61,312.30,36.04,86.05,0.98,-1,-1,-1
115,6,1000.74,509.81,120.64,288.43,0.99,-1,-1,-1
115,1,731.85,316.72,38.40,44.96,0.98,-1,-1,-1
115,8,470.63,294.63,29.77,67.09,0.99,-1,-1,-1
115,10,563.03,305.02,28.05,44.26,0.90,-1,-1,-1
116,2,597.05,316.17,32.70,86.52,1.00,-1,-1,-1
116,3,475.22,323.16,49.00,87.84,0.99,-1,-1,-1
116,4,341.13,317.77,48.24,82.33,0.99,-1,-1,-1
116,5,609.65,312.37,36.03,86.00,0.98,-1,-1,-1
116,6,1000.76,509.84,120.63,288.14,0.99,-1,-1,-1
116,1,732.09,316.63,38.00,44.95,0.98,-1,-1,-1
116,8,470.12,292.31,27.74,69.08,0.98,-1,-1,-1
116,10,554.33,303.32,31.46,66.22,0.97,-1,-1,-1
117,2,597.68,317.00,33.11,85.84,0.99,-1,-1,-1
117,3,470.12,324.06,41.04,87.03,0.98,-1,-1,-1
117,4,340.38,319.12,48.64,81.17,0.99,-1,-1,-1
117,5,610.59,312.72,35.44,85.98,0.98,-1,-1,-1
117,6,1000.75,509.86,120.63,287.45,0.99,-1,-1,-1
117,1,732.13,316.60,37.85,44.95,0.98,-1,-1,-1
117,8,470.05,290.53,26.36,66.68,0.97,-1,-1,-1
117,10,552.34,302.98,29.93,73.40,0.68,-1,-1,-1
118,2,598.24,317.04,31.50,86.77,0.99,-1,-1,-1
118,3,461.98,323.35,43.56,88.18,0.99,-1,-1,-1
118,4,339.80,320.37,48.19,80.43,0.99,-1,-1,-1
118,5,613.69,314.67,32.82,84.18,0.96,-1,-1,-1
118,6,1001.37,509.85,120.63,287.17,0.99,-1,-1,-1
118,1,732.19,316.59,37.80,44.95,0.98,-1,-1,-1
118,8,469.07,288.52,27.02,64.14,0.98,-1,-1,-1
118,10,545.90,300.40,29.22,78.08,0.85,-1,-1,-1
119,2,598.36,316.00,31.47,88.61,1.00,-1,-1,-1
119,3,454.18,321.85,46.12,89.49,1.00,-1,-1,-1
119,4,339.60,320.17,48.29,81.06,0.99,-1,-1,-1
119,5,615.74,316.00,31.21,82.61,0.94,-1,-1,-1
119,6,1000.99,510.15,120.62,287.69,0.99,-1,-1,-1
119,1,732.18,316.57,37.78,44.96,0.98,-1,-1,-1
119,8,468.15,288.17,27.83,65.50,0.99,-1,-1,-1
119,10,542.29,298.30,29.61,80.70,0.98,-1,-1,-1
120,2,599.02,315.48,34.45,89.59,0.99,-1,-1,-1
120,3,433.15,320.98,62.17,87.03,0.99,-1,-1,-1
120,4,341.71,319.48,43.28,81.59,0.99,-1,-1,-1
120,5,618.95,321.16,27.57,76.61,0.96,-1,-1,-1
120,6,1000.86,510.26,120.61,288.47,0.99,-1,-1,-1
120,1,732.20,316.41,37.77,44.97,0.98,-1,-1,-1
120,8,466.52,289.36,35.12,68.61,0.99,-1,-1,-1
120,10,537.20,295.63,32.84,83.08,0.99,-1,-1,-1
121,2,599.50,315.73,36.68,89.38,0.99,-1,-1,-1
121,3,420.85,319.57,66.48,87.86,0.99,-1,-1,-1
121,4,342.91,317.85,39.43,82.69,0.99,-1,-1,-1
121,5,621.63,324.04,25.00,73.15,0.94,-1,-1,-1
121,6,1000.79,510.30,120.61,288.78,0.99,-1,-1,-1
121,1,732.17,316.50,37.77,44.97,0.98,-1,-1,-1
121,8,464.94,291.56,39.45,69.78,0.99,-1,-1,-1
121,10,533.33,295.70,34.58,82.35,0.99,-1,-1,-1
122,2,600.84,318.39,38.71,86.90,0.99,-1,-1,-1
122,3,412.92,313.90,68.18,93.19,0.99,-1,-1,-1
122,4,344.37,307.64,38.40,91.98,0.99,-1,-1,-1
122,5,620.25,324.74,25.47,71.95,0.85,-1,-1,-1
122,6,1001.97,510.32,119.42,290.07,0.99,-1,-1,-1
122,1,732.18,316.55,37.78,44.97,0.98,-1,-1,-1
122,8,459.93,295.08,46.07,68.45,0.99,-1,-1,-1
122,10,526.77,295.11,30.55,82.54,0.99,-1,-1,-1
123,2,602.20,319.41,39.50,85.96,0.99,-1,-1,-1
123,3,408.57,311.03,63.12,95.76,0.99,-1,-1,-1
123,4,345.19,296.72,42.39,102.24,0.99,-1,-1,-1
123,5,619.47,324.04,26.25,72.49,0.89,-1,-1,-1
123,6,1002.41,510.33,118.97,289.97,0.99,-1,-1,-1
123,1,732.17,316.56,37.78,44.98,0.98,-1,-1,-1
123,8,459.36,297.77,47.32,65.80,1.00,-1,-1,-1
123,10,522.33,296.49,29.42,80.66,0.99,-1,-1,-1
124,2,603.87,314.55,39.79,91.29,0.99,-1,-1,-1
124,3,398.77,306.15,65.63,100.23,0.98,-1,-1,-1
124,4,346.21,291.41,43.77,103.79,0.99,-1,-1,-1
124,5,618.87,320.58,27.16,76.05,0.81,-1,-1,-1
124,6,1002.58,510.33,118.80,289.92,0.99,-1,-1,-1
124,1,732.17,316.57,37.78,44.98,0.98,-1,-1,-1
124,8,458.62,298.94,48.73,64.74,0.99,-1,-1,-1
124,10,515.10,297.54,30.25,78.75,0.99,-1,-1,-1
125,2,606.81,316.10,38.71,89.75,0.99,-1,-1,-1
125,3,394.36,306.58,68.84,99.05,0.99,-1,-1,-1
125,4,346.32,288.42,43.44,104.90,0.99,-1,-1,-1
125,5,618.92,319.29,27.52,78.27,0.48,-1,-1,-1
125,6,1002.63,510.32,118.74,290.49,0.99,-1,-1,-1
125,1,732.16,316.56,37.78,44.98,0.98,-1,-1,-1
125,8,458.26,300.23,49.94,63.43,0.99,-1,-1,-1
125,10,510.22,297.82,31.74,78.39,0.99,-1,-1,-1
126,2,611.49,319.16,37.68,87.03,0.99,-1,-1,-1
126,3,384.88,305.24,72.91,97.62,0.99,-1,-1,-1
126,4,344.18,286.79,45.98,104.97,1.00,-1,-1,-1
126,5,614.76,313.81,25.28,72.05,0.84,-1,-1,-1
126,6,1002.66,510.32,118.73,288.91,1.00,-1,-1,-1
126,1,732.18,316.73,37.78,44.98,0.98,-1,-1,-1
126,8,458.11,299.83,51.93,63.82,0.99,-1,-1,-1
126,10,505.04,297.40,32.88,77.51,0.99,-1,-1,-1
127,2,613.50,320.03,36.67,85.69,0.99,-1,-1,-1
127,3,380.03,306.86,74.76,91.41,0.99,-1,-1,-1
127,4,344.09,286.24,46.05,104.05,0.99,-1,-1,-1
127,5,613.11,311.35,25.06,71.76,0.83,-1,-1,-1
127,6,1003.26,510.32,118.74,288.30,1.00,-1,-1,-1
127,1,731.58,316.79,38.38,44.98,0.98,-1,-1,-1
127,8,461.33,299.96,50.56,63.36,0.99,-1,-1,-1
127,10,502.02,298.15,33.32,76.13,0.99,-1,-1,-1
128,2,614.53,323.38,41.07,82.49,0.99,-1,-1,-1
128,3,376.87,310.60,75.14,88.37,0.99,-1,-1,-1
128,4,343.10,286.74,47.54,103.33,1.00,-1,-1,-1
128,5,612.28,310.53,28.04,78.61,0.94,-1,-1,-1
128,6,1003.50,510.62,118.75,286.86,0.99,-1,-1,-1
128,1,731.38,316.84,38.61,44.98,0.98,-1,-1,-1
128,8,481.35,299.57,34.86,65.26,0.97,-1,-1,-1
128,10,499.64,300.13,34.05,73.67,0.98,-1,-1,-1
129,2,616.58,321.27,43.22,85.25,0.99,-1,-1,-1
129,3,373.97,313.49,73.20,85.76,0.99,-1,-1,-1
129,4,342.81,287.58,48.97,104.18,0.99,-1,-1,-1
129,5,612.23,309.94,29.67,83.68,0.98,-1,-1,-1
129,6,1003.57,510.44,118.77,286.94,1.00,-1,-1,-1
129,1,731.57,316.85,38.10,44.98,0.98,-1,-1,-1
129,8,489.35,299.55,31.77,64.20,0.93,-1,-1,-1
129,10,498.54,300.89,33.74,73.21,0.99,-1,-1,-1
130,2,625.69,321.41,36.63,84.47,0.99,-1,-1,-1
130,3,376.58,315.64,58.84,84.20,1.00,-1,-1,-1
130,4,345.23,291.49,46.89,105.05,0.99,-1,-1,-1
130,5,612.84,308.74,30.90,86.82,0.99,-1,-1,-1
130,6,1003.02,510.66,118.78,287.57,0.99,-1,-1,-1
130,1,731.37,316.86,38.50,44.98,0.98,-1,-1,-1
130,10,493.33,299.86,36.55,74.16,0.99,-1,-1,-1
131,2,633.72,322.01,30.01,83.88,0.98,-1,-1,-1
131,3,378.11,316.37,49.98,83.95,0.99,-1,-1,-1
131,4,347.41,294.16,44.24,104.17,1.00,-1,-1,-1
131,5,613.09,308.40,32.53,88.91,0.99,-1,-1,-1
131,6,1003.38,510.43,118.77,288.41,0.99,-1,-1,-1
131,1,731.59,316.68,38.05,44.99,0.98,-1,-1,-1
131,8,491.99,298.66,37.40,73.15,0.99,-1,-1,-1
132,2,638.99,321.29,27.01,84.57,0.99,-1,-1,-1
132,3,379.56,314.92,39.27,86.00,0.99,-1,-1,-1
132,4,350.36,302.86,39.89,96.09,0.99,-1,-1,-1
132,5,614.07,308.27,34.31,88.53,0.99,-1,-1,-1
132,6,1004.11,510.34,117.56,288.14,1.00,-1,-1,-1
132,1,731.39,316.44,38.48,45.29,0.98,-1,-1,-1
132,8,496.56,296.21,36.79,77.37,0.99,-1,-1,-1
133,2,641.20,323.72,26.73,82.75,0.98,-1,-1,-1
133,3,380.86,314.56,34.11,86.47,0.99,-1,-1,-1
133,4,351.43,310.59,33.60,88.93,0.98,-1,-1,-1
133,5,614.45,308.71,33.85,87.76,0.99,-1,-1,-1
133,6,1003.77,510.31,118.31,287.44,1.00,-1,-1,-1
133,1,731.30,316.36,38.64,45.40,0.97,-1,-1,-1
133,8,501.03,295.86,33.51,77.27,0.98,-1,-1,-1
134,2,644.99,322.37,28.54,84.17,0.99,-1,-1,-1
134,3,380.88,313.36,31.05,87.55,1.00,-1,-1,-1
134,4,352.76,313.50,30.10,85.41,0.99,-1,-1,-1
134,5,614.91,309.20,33.64,87.42,0.99,-1,-1,-1
134,6,1003.05,510.29,118.59,287.77,0.99,-1,-1,-1
134,1,731.28,316.48,38.69,45.15,0.97,-1,-1,-1
134,8,504.84,296.57,30.34,76.59,0.99,-1,-1,-1
135,2,646.55,320.39,29.17,86.48,0.99,-1,-1,-1
135,3,381.02,312.63,29.62,87.97,1.00,-1,-1,-1
135,4,352.81,314.04,29.37,84.81,0.99,-1,-1,-1
135,5,616.54,309.42,32.37,87.56,1.00,-1,-1,-1
135,6,1002.76,510.00,118.70,288.50,0.99,-1,-1,-1
135,1,731.26,316.38,38.71,45.35,0.98,-1,-1,-1
135,8,506.41,297.60,29.82,75.40,0.99,-1,-1,-1
136,2,648.51,319.65,34.24,87.06,1.00,-1,-1,-1
136,3,381.65,310.58,28.65,89.90,1.00,-1,-1,-1
136,4,353.46,312.68,27.91,87.07,1.00,-1,-1,-1
136,5,618.37,309.53,31.86,87.89,1.00,-1,-1,-1
136,6,1002.07,510.19,119.94,289.36,1.00,-1,-1,-1
136,1,731.56,316.51,38.13,45.12,0.98,-1,-1,-1
136,8,507.83,299.47,32.72,73.13,0.99,-1,-1,-1
136,7,529.66,294.49,22.57,71.10,0.98,-1,-1,-1
137,2,649.53,319.22,37.20,87.87,1.00,-1,-1,-1
137,3,381.77,309.82,28.78,90.93,1.00,-1,-1,-1
137,4,353.82,312.15,27.16,87.91,0.99,-1,-1,-1
137,5,619.04,309.88,31.67,87.99,0.99,-1,-1,-1
137,6,1001.81,510.25,120.41,289.09,1.00,-1,-1,-1
137,1,731.67,316.55,37.90,45.04,0.98,-1,-1,-1
137,8,508.33,300.33,36.08,71.94,1.00,-1,-1,-1
137,7,530.01,294.25,22.40,73.59,0.95,-1,-1,-1
138,2,653.54,320.98,35.57,86.10,0.99,-1,-1,-1
138,3,381.87,309.10,29.21,91.90,1.00,-1,-1,-1
138,4,350.30,311.46,30.77,88.86,1.00,-1,-1,-1
138,5,619.31,309.89,32.78,88.01,1.00,-1,-1,-1
138,6,1001.73,510.28,120.58,288.98,0.99,-1,-1,-1
138,1,731.73,316.57,37.82,45.01,0.98,-1,-1,-1
138,8,508.51,300.94,39.67,71.78,0.99,-1,-1,-1
138,7,534.13,294.02,24.95,71.45,0.94,-1,-1,-1
139,2,655.29,321.95,38.39,85.41,0.99,-1,-1,-1
139,3,382.38,308.39,28.80,92.26,0.99,-1,-1,-1
139,4,348.38,312.06,32.83,88.33,1.00,-1,-1,-1
139,5,618.50,309.60,33.78,88.59,1.00,-1,-1,-1
139,6,1002.28,509.99,119.45,289.53,0.99,-1,-1,-1
139,1,731.73,316.57,37.79,45.00,0.97,-1,-1,-1
139,8,508.51,301.15,41.66,71.71,0.99,-1,-1,-1
139,7,535.82,293.34,27.65,73.63,0.10,-1,-1,-1
140,2,659.65,322.46,34.85,85.15,0.99,-1,-1,-1
140,3,382.78,308.28,30.28,92.38,1.00,-1,-1,-1
140,4,346.63,311.21,34.83,89.04,1.00,-1,-1,-1
140,5,616.44,309.49,36.49,88.49,0.99,-1,-1,-1
140,6,1003.09,510.17,119.02,290.33,0.99,-1,-1,-1
140,1,731.74,316.57,37.78,44.99,0.98,-1,-1,-1
140,8,508.75,300.76,42.43,72.26,0.99,-1,-1,-1
141,2,663.32,322.50,30.30,85.06,0.99,-1,-1,-1
141,3,382.74,308.56,31.41,92.12,0.99,-1,-1,-1
141,4,345.78,310.89,35.61,89.61,1.00,-1,-1,-1
141,5,615.33,309.32,38.09,88.44,0.99,-1,-1,-1
141,6,1002.19,509.95,120.05,290.04,0.99,-1,-1,-1
141,1,731.72,316.57,37.78,44.99,0.98,-1,-1,-1
141,8,509.04,300.61,42.70,72.17,0.99,-1,-1,-1
142,2,665.14,322.21,28.58,86.22,0.99,-1,-1,-1
142,3,383.07,308.38,30.97,92.30,1.00,-1,-1,-1
142,4,345.93,311.04,35.62,88.94,0.99,-1,-1,-1
142,5,614.05,309.42,39.86,89.29,1.00,-1,-1,-1
142,6,1003.04,509.86,119.25,289.32,1.00,-1,-1,-1
142,1,731.73,316.57,37.78,44.99,0.98,-1,-1,-1
142,8,511.16,299.35,41.03,73.31,1.00,-1,-1,-1
142,11,558.00,293.62,29.70,71.55,0.97,-1,-1,-1
143,2,666.28,321.95,28.62,89.32,0.99,-1,-1,-1
143,3,383.64,308.48,32.04,92.36,0.99,-1,-1,-1
143,4,346.87,310.94,35.04,89.29,1.00,-1,-1,-1
143,5,615.24,309.17,38.25,90.49,1.00,-1,-1,-1
143,6,1002.17,509.84,120.14,289.05,1.00,-1,-1,-1
143,1,731.71,316.72,37.78,44.99,0.98,-1,-1,-1
143,8,513.69,298.13,39.15,74.62,1.00,-1,-1,-1
143,11,560.17,294.17,28.26,71.19,0.96,-1,-1,-1
144,2,669.06,322.73,30.47,91.36,0.99,-1,-1,-1
144,3,384.03,309.28,32.74,91.78,0.99,-1,-1,-1
144,4,348.02,310.90,34.21,89.43,1.00,-1,-1,-1
144,5,618.12,308.79,35.19,91.52,1.00,-1,-1,-1
144,6,1001.85,509.54,120.47,288.94,1.00,-1,-1,-1
144,1,732.02,316.79,37.78,44.99,0.98,-1,-1,-1
144,8,517.90,296.94,37.20,76.29,0.99,-1,-1,-1
144,11,564.84,293.76,29.39,72.51,0.99,-1,-1,-1
145,2,671.18,323.47,29.96,92.14,0.99,-1,-1,-1
145,3,384.60,309.59,32.72,91.25,0.99,-1,-1,-1
145,4,349.34,310.72,33.00,89.78,1.00,-1,-1,-1
145,5,619.21,308.80,33.98,91.89,0.99,-1,-1,-1
145,6,1001.72,509.43,120.59,290.69,0.99,-1,-1,-1
145,1,731.82,316.66,37.79,44.99,0.98,-1,-1,-1
145,8,521.51,296.48,34.04,77.20,0.99,-1,-1,-1
145,11,567.37,293.44,31.83,72.60,0.98,-1,-1,-1
146,2,673.98,325.07,29.16,90.94,0.99,-1,-1,-1
146,3,384.40,310.16,37.19,90.75,1.00,-1,-1,-1
146,4,352.58,310.95,30.13,89.32,1.00,-1,-1,-1
146,5,619.92,308.67,33.54,92.60,0.99,-1,-1,-1
146,6,1004.06,509.98,118.26,287.78,0.99,-1,-1,-1
146,1,731.76,316.61,37.79,44.99,0.98,-1,-1,-1
146,8,524.01,296.32,35.33,77.83,0.99,-1,-1,-1
146,11,572.63,292.35,33.89,59.81,0.91,-1,-1,-1
147,2,675.20,325.38,28.87,91.05,0.99,-1,-1,-1
147,3,384.74,310.52,39.08,90.26,1.00,-1,-1,-1
147,4,353.93,310.87,29.07,89.45,1.00,-1,-1,-1
147,5,620.15,308.62,33.98,92.86,0.99,-1,-1,-1
147,6,1003.75,509.89,118.57,287.28,1.00,-1,-1,-1
147,1,732.03,316.59,37.79,44.99,0.98,-1,-1,-1
147,8,525.14,296.40,35.77,78.34,0.99,-1,-1,-1
147,11,576.25,292.01,34.58,56.25,0.96,-1,-1,-1
148,2,677.06,325.49,28.77,91.08,0.99,-1,-1,-1
148,3,386.03,310.37,37.85,90.67,0.99,-1,-1,-1
148,4,354.23,310.99,30.26,89.50,1.00,-1,-1,-1
148,5,619.93,308.76,33.55,92.64,0.99,-1,-1,-1
148,6,1003.63,509.86,118.69,287.09,1.00,-1,-1,-1
148,1,732.12,316.59,37.79,44.99,0.98,-1,-1,-1
148,8,526.97,296.15,33.56,79.98,0.99,-1,-1,-1
148,11,581.42,292.44,34.75,65.90,0.97,-1,-1,-1
149,2,677.66,325.51,30.54,91.67,0.99,-1,-1,-1
149,3,387.42,310.16,36.44,90.83,0.99,-1,-1,-1
149,4,354.02,310.87,29.78,88.92,0.99,-1,-1,-1
149,5,619.53,308.82,35.18,92.54,0.99,-1,-1,-1
149,6,1002.98,509.85,119.93,288.82,1.00,-1,-1,-1
149,1,731.85,316.58,38.39,45.29,0.97,-1,-1,-1
149,8,528.16,296.20,31.47,80.89,0.99,-1,-1,-1
149,11,585.31,293.00,34.14,72.00,0.97,-1,-1,-1
