0,1,543.15,409.27,99.90,119.92,1.00,-1,-1,-1
0,2,859.95,378.22,70.65,123.98,1.00,-1,-1,-1
0,3,505.35,412.65,50.40,153.90,1.00,-1,-1,-1
0,4,448.20,317.47,44.10,99.45,1.00,-1,-1,-1
0,5,936.00,377.10,54.00,152.55,0.99,-1,-1,-1
0,6,314.32,312.30,29.70,86.85,1.00,-1,-1,-1
0,7,1002.60,508.50,126.00,280.80,1.00,-1,-1,-1
0,8,39.94,614.25,128.81,107.10,0.95,-1,-1,-1
0,9,733.95,316.12,35.10,52.20,0.95,-1,-1,-1
0,10,75.15,612.45,96.30,124.20,0.81,-1,-1,-1
1,1,545.11,410.45,98.34,119.14,1.00,-1,-1,-1
1,2,856.83,379.40,76.90,122.80,1.00,-1,-1,-1
1,3,504.97,412.65,52.74,153.90,1.00,-1,-1,-1
1,4,448.40,317.48,43.90,99.45,1.00,-1,-1,-1
1,5,936.00,377.10,54.00,152.55,0.99,-1,-1,-1
1,6,314.33,312.30,29.70,86.85,0.99,-1,-1,-1
1,7,1004.17,508.89,124.44,280.80,1.00,-1,-1,-1
1,8,40.00,613.86,128.57,107.10,0.96,-1,-1,-1
1,9,733.56,316.13,35.10,51.42,0.94,-1,-1,-1
1,10,75.16,612.45,96.10,124.20,0.79,-1,-1,-1
2,1,545.79,411.35,98.07,118.66,1.00,-1,-1,-1
2,2,854.26,382.07,82.72,120.49,1.00,-1,-1,-1
2,3,504.55,412.83,54.52,153.72,1.00,-1,-1,-1
2,4,448.44,317.30,43.87,99.80,1.00,-1,-1,-1
2,5,935.30,377.10,55.40,152.55,1.00,-1,-1,-1
2,6,314.33,311.95,29.70,87.20,0.99,-1,-1,-1
2,7,1004.43,508.96,124.17,280.80,1.00,-1,-1,-1
2,8,39.83,614.14,128.52,106.40,0.96,-1,-1,-1
2,9,733.14,316.13,35.80,50.23,0.94,-1,-1,-1
2,10,75.16,612.45,96.25,123.50,0.79,-1,-1,-1
3,1,547.35,413.00,95.94,116.80,1.00,-1,-1,-1
3,2,848.86,384.96,90.49,118.41,1.00,-1,-1,-1
3,3,505.44,412.37,55.74,153.84,1.00,-1,-1,-1
3,4,448.45,317.25,43.52,99.91,0.99,-1,-1,-1
3,5,934.40,377.80,55.84,151.86,1.00,-1,-1,-1
3,6,315.03,312.19,29.36,86.97,0.99,-1,-1,-1
3,7,1003.79,508.63,125.49,281.48,1.00,-1,-1,-1
3,8,39.53,614.58,127.74,107.55,0.94,-1,-1,-1
3,9,733.36,316.13,35.34,50.57,0.96,-1,-1,-1
3,10,75.00,612.11,96.46,126.72,0.90,-1,-1,-1
4,1,548.82,413.81,95.29,115.56,1.00,-1,-1,-1
4,2,846.05,386.11,94.07,117.83,1.00,-1,-1,-1
4,3,505.42,412.72,57.39,153.71,1.00,-1,-1,-1
4,4,448.94,317.24,43.24,99.94,0.99,-1,-1,-1
4,5,933.46,378.68,55.95,150.97,1.00,-1,-1,-1
4,6,315.24,312.94,29.25,86.22,0.99,-1,-1,-1
4,7,1003.57,508.85,125.93,281.04,1.00,-1,-1,-1
4,8,39.55,614.39,127.87,107.94,0.94,-1,-1,-1
4,9,733.45,316.13,35.17,50.04,0.96,-1,-1,-1
4,10,74.86,612.32,96.86,126.45,0.89,-1,-1,-1
5,1,550.24,415.68,97.08,113.89,1.00,-1,-1,-1
5,2,843.92,387.55,95.77,117.54,1.00,-1,-1,-1
5,3,504.17,413.50,60.42,152.70,1.00,-1,-1,-1
5,4,449.77,317.26,42.51,99.93,1.00,-1,-1,-1
5,5,931.24,378.81,58.52,151.17,1.00,-1,-1,-1
5,6,315.81,313.05,29.86,85.97,0.99,-1,-1,-1
5,7,1003.50,508.94,126.06,281.51,1.00,-1,-1,-1
5,8,37.10,614.33,129.37,104.84,0.93,-1,-1,-1
5,9,733.16,315.99,35.76,52.48,0.95,-1,-1,-1
5,10,74.68,612.42,96.83,125.01,0.93,-1,-1,-1
6,1,550.35,416.74,98.97,112.57,1.00,-1,-1,-1
6,2,842.04,388.75,96.20,116.07,1.00,-1,-1,-1
6,3,503.69,414.71,62.08,151.09,1.00,-1,-1,-1
6,4,449.86,317.57,42.75,99.62,1.00,-1,-1,-1
6,5,927.42,378.83,61.86,150.63,1.00,-1,-1,-1
6,6,315.97,313.22,30.39,85.57,0.99,-1,-1,-1
6,7,1003.47,508.96,126.10,281.05,1.00,-1,-1,-1
6,8,36.15,614.30,131.47,104.38,0.94,-1,-1,-1
6,9,733.36,315.92,35.34,51.15,0.95,-1,-1,-1
6,10,74.32,612.45,97.80,123.85,0.91,-1,-1,-1
7,1,551.59,417.70,100.89,112.16,1.00,-1,-1,-1
7,2,840.55,389.10,94.67,115.59,1.00,-1,-1,-1
7,3,503.85,417.33,64.43,149.28,1.00,-1,-1,-1
7,4,450.85,317.55,42.22,99.49,0.99,-1,-1,-1
7,5,924.84,379.45,61.88,149.82,1.00,-1,-1,-1
7,6,316.20,312.99,33.96,86.06,0.99,-1,-1,-1
7,7,1003.47,508.96,126.10,280.24,1.00,-1,-1,-1
7,8,35.81,614.61,132.29,103.61,0.94,-1,-1,-1
7,9,733.14,316.07,35.80,48.44,0.93,-1,-1,-1
7,10,74.60,612.48,97.94,123.42,0.89,-1,-1,-1
8,1,552.00,417.65,104.02,112.69,1.00,-1,-1,-1
8,2,840.12,389.30,92.71,115.64,0.99,-1,-1,-1
8,3,503.31,418.99,66.45,147.89,1.00,-1,-1,-1
8,4,451.18,317.81,41.73,99.15,1.00,-1,-1,-1
8,5,923.93,379.79,60.60,150.02,1.00,-1,-1,-1
8,6,315.98,313.01,36.11,85.64,0.99,-1,-1,-1
8,7,1003.48,508.65,126.09,280.58,1.00,-1,-1,-1
8,8,35.79,614.38,131.85,103.98,0.95,-1,-1,-1
8,9,733.07,316.10,35.96,47.15,0.93,-1,-1,-1
8,10,74.13,612.76,98.44,122.67,0.89,-1,-1,-1
9,1,552.72,416.06,108.14,114.15,1.00,-1,-1,-1
9,2,840.06,389.01,92.45,116.00,0.99,-1,-1,-1
9,3,502.24,420.78,70.68,146.19,1.00,-1,-1,-1
9,4,451.74,317.59,40.79,99.33,1.00,-1,-1,-1
9,5,921.86,379.60,58.84,151.32,1.00,-1,-1,-1
9,6,316.90,313.46,37.23,84.88,1.00,-1,-1,-1
9,7,1004.08,509.14,124.85,277.05,1.00,-1,-1,-1
9,8,35.79,614.58,131.31,104.14,0.94,-1,-1,-1
9,9,732.44,315.96,36.62,52.95,0.96,-1,-1,-1
9,10,73.97,612.84,98.46,121.79,0.93,-1,-1,-1
10,1,553.56,414.37,107.91,115.77,1.00,-1,-1,-1
10,2,840.13,388.38,88.69,116.31,1.00,-1,-1,-1
10,3,502.13,421.68,72.84,145.61,1.00,-1,-1,-1
10,4,451.94,317.49,40.47,99.40,1.00,-1,-1,-1
10,5,919.05,379.04,60.28,151.97,1.00,-1,-1,-1
10,6,317.40,313.31,37.64,84.91,1.00,-1,-1,-1
10,7,1004.33,509.00,124.39,275.75,1.00,-1,-1,-1
10,8,35.77,614.65,130.90,103.60,0.93,-1,-1,-1
10,9,732.22,315.88,36.87,55.23,0.96,-1,-1,-1
10,10,74.30,612.87,98.15,120.26,0.94,-1,-1,-1
11,1,556.23,410.44,108.35,119.08,1.00,-1,-1,-1
11,2,840.26,388.43,77.14,116.15,1.00,-1,-1,-1
11,3,504.13,421.08,75.93,146.64,0.99,-1,-1,-1
11,4,452.00,317.79,40.37,99.12,1.00,-1,-1,-1
11,5,909.44,379.59,68.23,152.05,0.99,-1,-1,-1
11,6,318.48,312.97,37.18,85.23,1.00,-1,-1,-1
11,7,1004.41,509.26,124.23,275.89,1.00,-1,-1,-1
11,8,38.26,615.00,128.89,104.02,0.96,-1,-1,-1
11,9,732.14,315.88,36.95,57.87,0.96,-1,-1,-1
11,10,74.52,613.20,97.57,119.10,0.92,-1,-1,-1
12,1,561.36,407.48,109.07,121.81,1.00,-1,-1,-1
12,2,839.81,389.32,73.31,115.21,1.00,-1,-1,-1
12,3,505.21,420.67,79.95,147.22,1.00,-1,-1,-1
12,4,452.31,318.04,39.74,98.72,1.00,-1,-1,-1
12,5,907.03,380.69,68.89,151.19,0.99,-1,-1,-1
12,6,319.32,311.93,36.66,86.26,1.00,-1,-1,-1
12,7,1004.45,509.36,124.17,274.78,1.00,-1,-1,-1
12,8,36.73,614.83,131.04,104.79,0.95,-1,-1,-1
12,9,732.13,315.88,36.98,55.69,0.96,-1,-1,-1
12,10,74.25,613.02,97.77,118.70,0.91,-1,-1,-1
13,1,569.48,404.90,107.52,123.14,1.00,-1,-1,-1
13,2,837.82,391.01,83.65,114.13,0.99,-1,-1,-1
13,3,511.06,421.84,80.33,139.50,1.00,-1,-1,-1
13,4,452.56,318.74,39.06,97.97,1.00,-1,-1,-1
13,5,908.83,382.92,61.80,151.77,0.99,-1,-1,-1
13,6,320.96,310.65,35.25,87.55,0.99,-1,-1,-1
13,7,1004.46,509.43,124.15,274.99,1.00,-1,-1,-1
13,8,36.16,614.15,130.34,105.69,0.94,-1,-1,-1
13,9,732.13,315.89,36.98,54.76,0.96,-1,-1,-1
13,10,73.95,612.95,97.87,117.98,0.93,-1,-1,-1
14,1,573.41,403.95,103.91,123.62,1.00,-1,-1,-1
14,2,835.99,392.66,94.05,113.30,0.99,-1,-1,-1
14,3,516.61,422.72,79.80,135.23,1.00,-1,-1,-1
14,4,452.64,318.71,39.14,98.30,1.00,-1,-1,-1
14,5,911.93,384.92,56.68,151.39,0.99,-1,-1,-1
14,6,322.01,310.19,34.08,88.33,0.99,-1,-1,-1
14,7,1003.88,509.14,124.15,275.09,1.00,-1,-1,-1
14,8,36.04,614.82,131.49,104.24,0.96,-1,-1,-1
14,9,732.14,315.90,36.97,54.69,0.96,-1,-1,-1
14,10,74.00,612.95,97.46,117.73,0.88,-1,-1,-1
15,1,579.58,404.67,94.67,122.45,1.00,-1,-1,-1
15,2,834.69,394.77,92.48,110.91,0.99,-1,-1,-1
15,3,519.02,425.46,86.50,130.38,1.00,-1,-1,-1
15,4,453.08,319.60,41.13,97.23,1.00,-1,-1,-1
15,5,909.40,387.18,57.28,150.05,0.99,-1,-1,-1
15,6,322.95,309.43,33.02,88.92,1.00,-1,-1,-1
15,7,1003.62,509.06,124.15,275.15,1.00,-1,-1,-1
15,8,35.96,613.87,130.87,105.50,0.94,-1,-1,-1
15,9,732.12,315.78,36.96,56.43,0.97,-1,-1,-1
15,10,73.69,612.63,97.60,117.66,0.91,-1,-1,-1
16,1,585.49,406.46,88.08,121.38,1.00,-1,-1,-1
16,2,833.98,396.86,86.10,110.49,1.00,-1,-1,-1
16,3,520.80,428.11,94.69,131.00,1.00,-1,-1,-1
16,4,453.41,319.63,42.32,97.13,1.00,-1,-1,-1
16,5,904.66,388.28,60.21,148.95,1.00,-1,-1,-1
16,6,323.60,309.17,32.02,89.43,0.99,-1,-1,-1
16,7,1004.15,509.00,124.16,274.58,1.00,-1,-1,-1
16,8,36.06,613.84,129.81,104.17,0.95,-1,-1,-1
16,9,732.13,315.87,36.96,58.25,0.96,-1,-1,-1
16,10,73.47,612.54,97.80,116.45,0.92,-1,-1,-1
17,1,593.59,409.36,88.29,117.54,0.99,-1,-1,-1
17,2,832.49,397.73,86.52,112.03,0.99,-1,-1,-1
17,3,521.39,431.11,104.05,130.69,1.00,-1,-1,-1
17,4,453.30,319.74,44.68,97.11,1.00,-1,-1,-1
17,5,904.33,390.75,58.62,147.95,1.00,-1,-1,-1
17,6,324.50,309.47,31.64,88.72,0.99,-1,-1,-1
17,7,1004.25,508.99,124.14,274.99,1.00,-1,-1,-1
17,8,35.94,613.73,129.17,103.68,0.95,-1,-1,-1
17,9,732.06,315.89,36.95,54.84,0.97,-1,-1,-1
17,10,72.77,612.42,98.16,116.63,0.91,-1,-1,-1
18,1,597.33,411.25,91.45,114.10,1.00,-1,-1,-1
18,2,831.79,398.01,86.08,112.61,0.99,-1,-1,-1
18,3,522.00,432.04,108.35,130.78,1.00,-1,-1,-1
18,4,454.23,319.36,45.00,97.70,1.00,-1,-1,-1
18,5,904.45,393.41,56.79,146.98,1.00,-1,-1,-1
18,6,325.36,309.34,31.51,88.73,0.99,-1,-1,-1
18,7,1003.81,508.96,124.16,275.14,1.00,-1,-1,-1
18,8,36.11,613.78,128.42,103.49,0.95,-1,-1,-1
18,9,732.14,316.05,36.94,53.75,0.97,-1,-1,-1
18,10,72.57,612.15,98.30,117.30,0.92,-1,-1,-1
19,1,590.14,412.54,105.78,114.67,1.00,-1,-1,-1
19,2,831.52,397.32,88.26,114.21,0.99,-1,-1,-1
19,3,529.17,431.85,103.79,131.35,0.99,-1,-1,-1
19,4,461.84,318.58,37.49,97.93,0.99,-1,-1,-1
19,5,903.31,398.86,56.09,145.45,1.00,-1,-1,-1
19,6,325.72,308.22,32.97,89.93,0.99,-1,-1,-1
19,7,1002.98,508.66,125.35,281.19,1.00,-1,-1,-1
19,8,35.80,613.74,128.85,102.84,0.95,-1,-1,-1
19,9,732.12,315.95,36.94,50.94,0.95,-1,-1,-1
19,10,72.17,612.59,99.39,115.80,0.93,-1,-1,-1
20,1,594.39,412.86,104.23,114.73,0.99,-1,-1,-1
20,2,831.52,397.32,91.13,114.22,1.00,-1,-1,-1
20,3,533.29,432.19,102.29,130.25,1.00,-1,-1,-1
20,4,465.26,318.59,35.67,97.43,1.00,-1,-1,-1
20,5,903.01,403.23,55.85,143.09,0.99,-1,-1,-1
20,6,326.49,307.98,32.33,90.07,1.00,-1,-1,-1
20,7,1002.74,508.82,125.81,283.45,1.00,-1,-1,-1
20,8,35.86,613.77,129.02,103.20,0.95,-1,-1,-1
20,9,732.16,315.91,36.94,49.27,0.96,-1,-1,-1
20,10,72.11,612.80,99.80,115.24,0.93,-1,-1,-1
21,1,602.71,410.58,98.18,116.57,1.00,-1,-1,-1
21,2,831.21,397.58,89.57,113.63,0.99,-1,-1,-1
21,3,536.51,434.37,102.22,127.49,1.00,-1,-1,-1
21,4,468.48,318.60,38.19,96.05,1.00,-1,-1,-1
21,5,901.42,410.06,56.06,137.27,0.99,-1,-1,-1
21,6,328.05,308.19,30.28,89.52,1.00,-1,-1,-1
21,7,1002.61,508.90,125.98,283.12,1.00,-1,-1,-1
21,8,35.82,613.77,129.09,103.34,0.95,-1,-1,-1
21,9,732.14,316.05,36.93,48.07,0.96,-1,-1,-1
21,10,72.03,613.17,99.95,114.45,0.92,-1,-1,-1
22,1,607.32,408.82,93.97,118.15,0.99,-1,-1,-1
22,2,831.47,397.79,86.54,113.27,1.00,-1,-1,-1
22,3,538.30,435.74,107.36,124.09,1.00,-1,-1,-1
22,4,470.21,318.74,42.60,94.93,1.00,-1,-1,-1
22,5,894.63,414.01,61.83,133.62,0.99,-1,-1,-1
22,6,329.38,308.13,29.20,88.71,1.00,-1,-1,-1
22,7,1002.59,508.91,126.05,282.37,1.00,-1,-1,-1
22,8,35.80,613.79,129.08,103.40,0.95,-1,-1,-1
22,9,732.45,315.94,36.34,48.26,0.96,-1,-1,-1
22,10,71.96,613.32,100.15,114.77,0.94,-1,-1,-1
23,1,617.36,407.13,97.27,119.80,0.99,-1,-1,-1
23,2,831.32,399.65,81.75,111.95,1.00,-1,-1,-1
23,3,539.53,438.18,115.01,119.40,0.99,-1,-1,-1
23,4,473.13,319.11,48.27,94.23,0.99,-1,-1,-1
23,5,891.30,418.11,63.07,129.30,1.00,-1,-1,-1
23,6,330.45,308.58,28.82,88.40,0.99,-1,-1,-1
23,7,1002.60,508.94,126.07,282.07,1.00,-1,-1,-1
23,8,35.83,613.80,129.27,103.43,0.95,-1,-1,-1
23,9,732.28,315.91,36.70,49.55,0.96,-1,-1,-1
23,10,72.17,613.38,99.92,114.91,0.94,-1,-1,-1
24,1,628.59,406.80,91.38,119.23,0.99,-1,-1,-1
24,2,831.60,400.63,80.55,110.86,1.00,-1,-1,-1
24,3,540.25,439.63,119.10,117.15,1.00,-1,-1,-1
24,4,475.65,319.11,51.64,94.58,1.00,-1,-1,-1
24,5,889.19,421.00,64.43,126.27,1.00,-1,-1,-1
24,6,331.40,308.33,29.00,88.58,0.99,-1,-1,-1
24,7,1002.61,509.25,126.08,281.95,1.00,-1,-1,-1
24,8,35.85,613.83,128.97,103.44,0.95,-1,-1,-1
24,9,732.21,315.91,36.84,50.93,0.95,-1,-1,-1
24,10,72.17,613.12,99.97,115.58,0.94,-1,-1,-1
25,1,637.57,407.74,88.44,119.75,1.00,-1,-1,-1
25,2,831.12,402.17,83.15,109.87,1.00,-1,-1,-1
25,3,543.04,441.63,121.77,114.58,1.00,-1,-1,-1
25,4,477.19,320.00,55.25,94.13,1.00,-1,-1,-1
25,5,886.12,424.69,67.26,123.12,1.00,-1,-1,-1
25,6,331.42,308.68,29.68,86.27,0.99,-1,-1,-1
25,7,1002.61,509.08,126.07,282.48,1.00,-1,-1,-1
25,8,35.77,613.83,129.08,102.86,0.95,-1,-1,-1
25,9,732.19,316.06,36.89,49.69,0.96,-1,-1,-1
25,10,72.47,613.02,99.54,115.84,0.95,-1,-1,-1
26,1,644.59,410.48,85.58,118.16,1.00,-1,-1,-1
26,2,831.27,403.92,86.48,108.02,1.00,-1,-1,-1
26,3,548.69,441.40,119.85,114.95,1.00,-1,-1,-1
26,4,478.61,321.54,57.80,91.88,1.00,-1,-1,-1
26,5,883.57,426.37,69.19,122.53,1.00,-1,-1,-1
26,6,332.30,308.99,29.05,85.08,0.99,-1,-1,-1
26,7,1002.63,509.02,126.07,282.08,1.00,-1,-1,-1
26,8,35.76,613.56,130.61,104.43,0.95,-1,-1,-1
26,9,732.49,316.28,36.32,47.71,0.97,-1,-1,-1
26,10,73.19,613.00,98.78,115.95,0.90,-1,-1,-1
27,1,646.30,413.92,85.80,115.76,0.99,-1,-1,-1
27,2,831.35,407.55,90.09,104.34,1.00,-1,-1,-1
27,3,560.77,442.02,111.94,114.39,1.00,-1,-1,-1
27,4,480.82,321.21,57.08,91.65,1.00,-1,-1,-1
27,5,880.62,429.00,70.79,124.21,0.99,-1,-1,-1
27,6,333.95,309.40,30.62,84.66,0.99,-1,-1,-1
27,7,1002.64,509.30,126.06,281.92,1.00,-1,-1,-1
27,8,35.71,613.16,130.19,105.62,0.94,-1,-1,-1
27,9,732.90,316.36,36.10,47.59,0.96,-1,-1,-1
27,10,72.93,612.98,99.23,116.60,0.94,-1,-1,-1
28,1,645.22,416.07,87.11,114.26,1.00,-1,-1,-1
28,2,831.37,409.26,90.88,102.24,1.00,-1,-1,-1
28,3,571.95,442.01,103.89,114.41,1.00,-1,-1,-1
28,4,483.35,320.88,54.99,91.88,1.00,-1,-1,-1
28,5,884.45,429.82,66.45,127.29,1.00,-1,-1,-1
28,6,335.10,309.52,30.61,84.51,0.99,-1,-1,-1
28,7,1002.62,509.36,126.06,280.66,1.00,-1,-1,-1
28,8,35.68,613.27,129.28,105.47,0.94,-1,-1,-1
28,9,732.73,316.35,36.02,47.55,0.97,-1,-1,-1
28,10,72.89,612.94,99.40,116.25,0.95,-1,-1,-1
29,1,646.76,416.55,85.84,113.11,1.00,-1,-1,-1
29,2,829.95,411.51,94.39,99.85,1.00,-1,-1,-1
29,3,591.20,440.02,89.86,116.73,0.99,-1,-1,-1
29,4,491.62,319.42,46.46,92.59,1.00,-1,-1,-1
29,5,885.85,429.45,67.35,129.68,1.00,-1,-1,-1
29,6,336.25,309.87,30.01,84.47,0.99,-1,-1,-1
29,7,1002.64,509.39,126.06,280.18,1.00,-1,-1,-1
29,8,35.82,613.32,129.83,107.78,0.93,-1,-1,-1
29,9,732.98,316.34,35.99,48.15,0.97,-1,-1,-1
29,10,72.81,612.94,99.32,116.72,0.92,-1,-1,-1
30,1,646.51,415.77,87.79,113.30,1.00,-1,-1,-1
30,2,832.02,412.41,92.51,98.86,1.00,-1,-1,-1
30,3,607.86,436.09,78.25,120.76,1.00,-1,-1,-1
30,4,495.03,318.24,42.37,93.75,1.00,-1,-1,-1
30,5,886.96,428.29,68.25,131.80,1.00,-1,-1,-1
30,6,336.80,309.97,29.78,84.46,0.99,-1,-1,-1
30,7,1002.62,509.07,126.05,279.99,1.00,-1,-1,-1
30,8,36.00,613.30,129.70,108.05,0.93,-1,-1,-1
30,9,733.06,316.31,35.98,50.17,0.97,-1,-1,-1
30,10,72.86,613.19,99.13,116.30,0.92,-1,-1,-1
31,1,650.46,412.04,86.74,116.22,0.99,-1,-1,-1
31,2,831.66,411.94,93.48,98.70,1.00,-1,-1,-1
31,3,618.03,429.90,76.96,126.42,0.99,-1,-1,-1
31,4,497.96,317.81,40.98,95.09,1.00,-1,-1,-1
31,5,891.23,424.39,67.11,136.02,1.00,-1,-1,-1
31,6,337.40,310.17,29.40,84.77,0.99,-1,-1,-1
31,7,1002.60,509.26,126.04,278.73,1.00,-1,-1,-1
31,8,38.06,613.90,128.98,107.55,0.92,-1,-1,-1
31,9,733.07,316.32,35.98,49.17,0.97,-1,-1,-1
31,10,73.09,613.00,98.91,116.74,0.89,-1,-1,-1
32,1,654.24,408.99,85.17,120.42,0.99,-1,-1,-1
32,2,832.16,411.08,97.95,102.30,1.00,-1,-1,-1
32,3,621.82,423.87,81.60,132.51,1.00,-1,-1,-1
32,4,500.47,317.34,41.13,95.90,1.00,-1,-1,-1
32,5,882.58,421.20,78.22,139.53,1.00,-1,-1,-1
32,6,337.93,310.38,29.27,84.29,0.99,-1,-1,-1
32,7,1002.63,508.99,126.05,279.44,1.00,-1,-1,-1
32,8,36.77,613.83,129.86,107.93,0.91,-1,-1,-1
32,9,733.10,316.29,35.98,49.37,0.97,-1,-1,-1
32,10,72.86,612.93,99.27,117.49,0.91,-1,-1,-1
33,1,666.98,404.76,74.38,124.79,1.00,-1,-1,-1
33,2,832.41,409.69,96.16,104.68,1.00,-1,-1,-1
33,3,628.48,415.76,82.66,139.20,1.00,-1,-1,-1
33,4,502.23,316.88,46.06,96.50,1.00,-1,-1,-1
33,5,884.55,416.71,78.34,144.38,1.00,-1,-1,-1
33,6,338.71,310.03,28.93,84.72,0.99,-1,-1,-1
33,7,1002.72,508.87,126.08,279.72,1.00,-1,-1,-1
33,8,36.12,613.57,132.77,110.43,0.95,-1,-1,-1
33,9,733.45,316.42,35.40,47.66,0.96,-1,-1,-1
33,10,73.99,613.55,98.53,116.00,0.71,-1,-1,-1
34,1,675.29,402.28,68.39,127.63,0.99,-1,-1,-1
34,2,834.82,409.30,93.60,105.46,1.00,-1,-1,-1
34,3,636.04,411.07,81.89,139.91,0.99,-1,-1,-1
34,4,503.69,318.35,47.83,94.95,1.00,-1,-1,-1
34,5,888.03,413.25,77.98,148.55,1.00,-1,-1,-1
34,6,339.09,309.89,28.50,84.89,0.99,-1,-1,-1
34,7,1002.69,509.16,126.06,279.23,1.00,-1,-1,-1
34,8,35.16,614.03,133.04,110.20,0.94,-1,-1,-1
34,9,733.24,316.19,35.77,47.92,0.96,-1,-1,-1
34,10,74.44,613.76,98.24,116.03,0.71,-1,-1,-1
35,1,698.48,400.21,52.51,125.79,0.99,-1,-1,-1
35,2,845.89,409.45,87.23,104.29,1.00,-1,-1,-1
35,3,665.18,408.16,60.45,136.05,0.99,-1,-1,-1
35,4,505.30,319.23,53.18,94.06,1.00,-1,-1,-1
35,5,895.87,410.77,76.62,153.06,0.99,-1,-1,-1
35,6,339.77,310.15,28.05,84.67,0.99,-1,-1,-1
35,7,1002.68,509.31,126.06,279.67,1.00,-1,-1,-1
35,8,34.60,614.53,132.77,109.50,0.91,-1,-1,-1
35,9,733.45,316.13,35.32,53.69,0.97,-1,-1,-1
35,10,73.22,613.86,99.48,117.84,0.83,-1,-1,-1
36,1,708.53,399.62,49.89,121.33,0.99,-1,-1,-1
36,2,850.99,410.71,85.69,101.47,1.00,-1,-1,-1
36,3,678.11,408.33,55.40,133.30,0.99,-1,-1,-1
36,4,507.60,320.03,54.09,93.43,1.00,-1,-1,-1
36,5,900.40,410.72,77.50,155.34,1.00,-1,-1,-1
36,6,340.15,309.96,29.09,85.18,1.00,-1,-1,-1
36,7,1002.67,508.81,126.04,280.43,1.00,-1,-1,-1
36,8,34.91,614.11,134.35,109.82,0.94,-1,-1,-1
36,9,733.53,316.14,35.15,57.50,0.97,-1,-1,-1
36,10,73.13,613.89,99.20,117.93,0.79,-1,-1,-1
37,1,714.51,400.06,63.66,117.50,1.00,-1,-1,-1
37,2,852.76,413.46,94.81,104.49,0.99,-1,-1,-1
37,3,682.24,409.09,63.91,134.03,0.99,-1,-1,-1
37,4,509.56,320.20,55.55,93.50,1.00,-1,-1,-1
37,5,906.19,412.22,83.65,155.60,1.00,-1,-1,-1
37,6,340.56,309.30,29.76,86.28,1.00,-1,-1,-1
37,7,1002.64,508.97,126.01,281.32,1.00,-1,-1,-1
37,8,35.03,613.94,135.55,110.53,0.94,-1,-1,-1
37,9,733.55,316.03,35.08,62.16,0.97,-1,-1,-1
37,10,73.21,614.18,99.23,117.37,0.73,-1,-1,-1
38,1,718.01,400.53,71.02,118.17,0.99,-1,-1,-1
38,2,853.69,414.70,97.77,104.99,0.99,-1,-1,-1
38,3,684.18,407.62,72.92,133.68,0.99,-1,-1,-1
38,4,512.02,320.38,54.37,93.52,1.00,-1,-1,-1
38,5,909.80,413.63,90.24,155.03,1.00,-1,-1,-1
38,6,341.16,308.59,30.02,87.27,1.00,-1,-1,-1
38,7,1002.64,508.67,126.01,281.04,1.00,-1,-1,-1
38,8,37.48,614.45,133.00,109.59,0.94,-1,-1,-1
38,9,733.27,315.81,35.66,65.40,0.97,-1,-1,-1
38,10,73.38,614.27,99.09,117.15,0.79,-1,-1,-1
39,1,717.86,401.76,93.01,117.97,0.99,-1,-1,-1
39,2,854.23,416.91,98.05,102.22,1.00,-1,-1,-1
39,3,687.83,404.59,93.67,134.27,0.99,-1,-1,-1
39,4,513.42,320.29,55.02,92.64,1.00,-1,-1,-1
39,5,916.54,414.62,96.50,154.32,1.00,-1,-1,-1
39,6,342.66,309.20,28.64,85.58,0.99,-1,-1,-1
39,7,1002.60,508.85,126.01,278.55,1.00,-1,-1,-1
39,8,36.45,614.33,133.35,108.62,0.96,-1,-1,-1
39,9,733.42,316.00,35.28,55.59,0.96,-1,-1,-1
39,10,74.52,614.29,97.55,114.08,0.73,-1,-1,-1
40,1,716.12,403.44,105.23,118.49,0.98,-1,-1,-1
40,2,854.09,417.85,99.59,101.62,0.99,-1,-1,-1
40,3,693.14,402.91,101.70,135.07,0.99,-1,-1,-1
40,4,514.49,319.04,54.66,93.21,1.00,-1,-1,-1
40,5,918.95,414.39,101.50,154.58,0.99,-1,-1,-1
40,6,343.20,309.29,28.72,85.52,0.99,-1,-1,-1
40,7,1002.60,508.91,126.01,277.60,1.00,-1,-1,-1
40,8,36.10,614.00,133.95,110.03,0.94,-1,-1,-1
40,9,733.18,315.92,35.74,51.27,0.95,-1,-1,-1
40,10,74.88,614.30,96.82,112.92,0.73,-1,-1,-1
41,1,729.45,402.88,98.61,118.09,0.94,-1,-1,-1
41,2,854.91,417.55,101.03,100.81,1.00,-1,-1,-1
41,3,707.83,402.47,96.82,135.20,0.99,-1,-1,-1
41,4,517.48,318.72,51.55,93.14,1.00,-1,-1,-1
41,5,923.03,415.02,102.04,153.91,1.00,-1,-1,-1
41,6,343.69,308.88,29.05,86.99,1.00,-1,-1,-1
41,7,1002.65,508.91,126.03,277.86,1.00,-1,-1,-1
41,8,35.94,614.20,133.71,108.78,0.95,-1,-1,-1
41,9,732.83,315.88,35.92,49.45,0.95,-1,-1,-1
41,10,75.21,614.32,96.45,112.51,0.70,-1,-1,-1
42,1,730.20,402.08,98.21,118.54,0.39,-1,-1,-1
42,2,862.15,417.25,93.35,99.47,0.99,-1,-1,-1
42,3,718.48,401.19,92.15,135.82,0.99,-1,-1,-1
42,4,522.11,318.60,47.28,93.11,1.00,-1,-1,-1
42,5,923.97,415.11,103.28,154.05,1.00,-1,-1,-1
42,6,344.13,309.02,29.17,86.95,1.00,-1,-1,-1
42,7,1002.61,508.61,126.03,280.33,1.00,-1,-1,-1
42,8,35.95,614.24,133.74,107.10,0.96,-1,-1,-1
42,9,732.95,315.86,35.98,49.42,0.95,-1,-1,-1
42,10,74.32,614.00,97.02,114.76,0.77,-1,-1,-1
43,1,735.83,397.63,92.81,122.57,0.96,-1,-1,-1
43,2,879.20,417.10,79.00,101.39,0.99,-1,-1,-1
43,3,745.87,398.83,68.40,138.55,0.97,-1,-1,-1
43,4,525.25,317.36,44.44,93.99,1.00,-1,-1,-1
43,5,925.43,414.54,103.69,154.07,1.00,-1,-1,-1
43,6,344.71,309.37,28.92,87.52,1.00,-1,-1,-1
43,7,1002.60,508.79,126.02,279.49,1.00,-1,-1,-1
43,8,35.95,614.56,133.60,106.46,0.96,-1,-1,-1
43,9,733.29,315.86,35.41,52.12,0.97,-1,-1,-1
43,10,74.04,614.17,97.10,115.60,0.77,-1,-1,-1
44,1,741.29,394.94,86.98,126.28,0.96,-1,-1,-1
44,2,886.36,416.72,74.58,103.29,0.99,-1,-1,-1
44,3,759.53,396.67,59.77,140.60,0.98,-1,-1,-1
44,4,526.88,317.05,42.82,94.33,1.00,-1,-1,-1
44,5,925.92,413.73,103.76,154.34,1.00,-1,-1,-1
44,6,345.06,309.50,28.83,87.73,1.00,-1,-1,-1
44,7,1002.58,508.86,126.01,278.56,1.00,-1,-1,-1
44,8,35.89,614.36,133.68,106.82,0.95,-1,-1,-1
44,9,733.42,316.00,35.19,51.94,0.97,-1,-1,-1
44,10,73.96,614.22,97.27,115.93,0.78,-1,-1,-1
45,2,888.28,417.75,79.76,103.43,0.99,-1,-1,-1
45,3,768.92,396.05,55.88,139.73,0.98,-1,-1,-1
45,4,527.97,317.69,46.58,93.86,1.00,-1,-1,-1
45,5,926.03,412.39,103.71,155.45,1.00,-1,-1,-1
45,6,345.31,309.12,29.09,87.80,0.99,-1,-1,-1
45,7,1002.56,508.90,126.01,279.40,1.00,-1,-1,-1
45,8,35.76,614.29,133.44,106.37,0.95,-1,-1,-1
45,9,733.46,316.07,35.11,49.18,0.96,-1,-1,-1
45,10,73.85,614.25,97.20,116.05,0.80,-1,-1,-1
46,2,888.62,419.03,82.40,102.29,0.99,-1,-1,-1
46,3,775.11,395.60,57.88,141.44,0.98,-1,-1,-1
46,4,528.34,318.24,48.47,93.38,1.00,-1,-1,-1
46,5,926.00,411.61,103.62,156.44,1.00,-1,-1,-1
46,6,345.83,309.12,29.49,87.52,1.00,-1,-1,-1
46,7,1002.53,508.63,126.00,282.10,1.00,-1,-1,-1
46,8,35.85,614.25,133.79,106.80,0.96,-1,-1,-1
46,9,733.46,316.11,35.08,47.81,0.97,-1,-1,-1
46,10,74.99,614.25,96.42,114.91,0.72,-1,-1,-1
47,2,884.09,419.77,87.30,101.26,0.99,-1,-1,-1
47,3,787.13,396.80,60.41,141.03,0.99,-1,-1,-1
47,4,529.25,318.89,48.63,92.31,1.00,-1,-1,-1
47,5,925.89,410.56,103.51,156.34,1.00,-1,-1,-1
47,6,346.43,309.26,30.82,86.22,0.99,-1,-1,-1
47,7,1002.49,508.80,125.99,283.10,1.00,-1,-1,-1
47,8,35.82,614.22,133.99,106.96,0.96,-1,-1,-1
47,9,733.43,316.11,35.07,47.62,0.97,-1,-1,-1
47,10,75.53,613.93,96.02,115.06,0.73,-1,-1,-1
47,1,770.24,392.24,69.98,124.84,0.99,-1,-1,-1
48,2,880.59,420.20,91.50,101.33,0.99,-1,-1,-1
48,3,792.74,398.22,60.16,139.66,0.98,-1,-1,-1
48,4,530.13,319.16,48.68,92.21,1.00,-1,-1,-1
48,5,925.26,410.20,104.59,156.29,1.00,-1,-1,-1
48,6,347.10,309.18,31.03,86.03,0.99,-1,-1,-1
48,7,1002.53,508.61,125.99,284.08,1.00,-1,-1,-1
48,8,35.95,614.23,134.21,107.63,0.97,-1,-1,-1
48,9,733.46,315.98,35.07,47.87,0.97,-1,-1,-1
48,10,75.91,614.43,95.69,113.94,0.67,-1,-1,-1
48,1,774.23,392.76,63.63,124.03,0.99,-1,-1,-1
49,2,876.53,418.69,98.64,101.51,0.99,-1,-1,-1
49,3,802.52,399.70,62.52,139.11,0.98,-1,-1,-1
49,4,532.17,319.25,46.91,92.18,1.00,-1,-1,-1
49,5,926.14,411.40,103.78,153.72,1.00,-1,-1,-1
49,6,347.93,309.30,32.57,85.66,0.99,-1,-1,-1
49,7,1002.53,508.82,125.99,279.09,1.00,-1,-1,-1
49,8,35.71,613.93,134.59,108.47,0.95,-1,-1,-1
49,9,733.47,316.22,35.07,47.67,0.97,-1,-1,-1
49,10,75.91,614.31,96.32,114.12,0.71,-1,-1,-1
49,1,774.75,394.28,70.88,121.51,0.99,-1,-1,-1
50,2,874.38,417.52,103.10,101.59,0.99,-1,-1,-1
50,3,807.06,401.04,63.40,138.74,0.99,-1,-1,-1
50,4,533.78,319.14,45.02,92.18,1.00,-1,-1,-1
50,5,926.47,414.27,102.22,149.74,1.00,-1,-1,-1
50,6,348.52,309.34,32.86,85.52,0.99,-1,-1,-1
50,7,1002.56,509.22,125.99,277.19,1.00,-1,-1,-1
50,8,35.69,613.82,134.80,108.80,0.95,-1,-1,-1
50,9,733.49,316.32,35.07,47.61,0.97,-1,-1,-1
50,10,75.89,614.27,96.56,114.20,0.69,-1,-1,-1
50,1,774.82,395.18,80.21,120.29,0.99,-1,-1,-1
51,2,871.14,417.21,105.97,100.29,0.99,-1,-1,-1
51,3,817.58,401.42,55.41,128.63,0.99,-1,-1,-1
51,4,535.78,318.79,43.10,92.18,1.00,-1,-1,-1
51,5,925.31,419.87,102.77,142.22,1.00,-1,-1,-1
51,6,348.27,309.20,33.83,86.07,1.00,-1,-1,-1
51,7,1002.52,509.37,125.98,275.89,1.00,-1,-1,-1
51,8,35.73,613.76,134.94,108.92,0.96,-1,-1,-1
51,9,733.46,316.21,35.08,47.30,0.97,-1,-1,-1
51,10,75.93,614.53,96.50,113.63,0.67,-1,-1,-1
51,1,775.27,397.32,88.37,119.25,0.99,-1,-1,-1
52,2,866.70,416.64,110.80,99.95,0.99,-1,-1,-1
52,3,823.46,401.76,49.73,125.18,0.98,-1,-1,-1
52,4,536.47,318.81,42.42,92.19,1.00,-1,-1,-1
52,5,921.64,424.39,106.79,137.60,1.00,-1,-1,-1
52,6,347.60,309.15,34.78,86.58,1.00,-1,-1,-1
52,7,1002.56,509.43,125.98,275.42,1.00,-1,-1,-1
52,8,35.73,613.75,135.18,109.55,0.96,-1,-1,-1
52,9,733.49,316.32,35.08,47.19,0.97,-1,-1,-1
52,10,76.04,614.64,96.49,114.02,0.64,-1,-1,-1
52,1,776.17,397.22,91.07,120.39,0.99,-1,-1,-1
53,2,872.65,414.93,98.59,100.43,1.00,-1,-1,-1
53,3,828.17,401.28,53.58,120.94,0.98,-1,-1,-1
53,4,537.24,318.37,41.57,92.49,1.00,-1,-1,-1
53,5,919.61,429.35,108.27,132.92,1.00,-1,-1,-1
53,6,348.32,309.58,34.26,86.47,1.00,-1,-1,-1
53,7,1002.52,509.15,125.97,277.04,1.00,-1,-1,-1
53,8,37.66,614.02,132.44,109.78,0.93,-1,-1,-1
53,9,733.46,316.51,35.08,46.26,0.97,-1,-1,-1
53,10,75.02,614.36,97.22,115.96,0.76,-1,-1,-1
53,1,780.30,395.25,91.52,119.78,0.99,-1,-1,-1
54,2,875.14,414.26,95.19,100.02,1.00,-1,-1,-1
54,3,832.22,400.94,60.18,126.32,0.99,-1,-1,-1
54,4,538.07,318.19,40.68,92.61,1.00,-1,-1,-1
54,5,918.54,431.53,108.52,130.82,1.00,-1,-1,-1
54,6,348.74,309.59,34.04,86.73,1.00,-1,-1,-1
54,7,1002.53,509.00,125.98,278.25,1.00,-1,-1,-1
54,8,38.37,614.14,131.13,109.26,0.94,-1,-1,-1
54,9,733.46,316.55,35.08,46.22,0.97,-1,-1,-1
54,10,74.62,614.27,97.40,116.68,0.80,-1,-1,-1
54,1,782.64,393.58,95.13,120.77,0.99,-1,-1,-1
55,2,875.77,411.90,97.88,101.06,0.99,-1,-1,-1
55,3,836.28,401.99,63.23,127.66,0.99,-1,-1,-1
55,4,538.04,318.12,40.99,92.95,1.00,-1,-1,-1
55,5,917.31,431.47,108.87,131.20,1.00,-1,-1,-1
55,6,349.79,309.44,33.36,86.82,0.99,-1,-1,-1
55,7,1002.61,508.93,126.01,278.73,1.00,-1,-1,-1
55,8,38.65,614.22,130.82,108.47,0.94,-1,-1,-1
55,9,733.51,316.40,35.09,47.12,0.97,-1,-1,-1
55,10,74.53,614.26,97.44,116.36,0.80,-1,-1,-1
55,1,788.40,392.50,89.57,118.92,0.99,-1,-1,-1
56,2,875.91,409.58,105.91,103.24,0.99,-1,-1,-1
56,3,838.06,402.74,63.86,128.20,0.99,-1,-1,-1
56,4,537.63,317.96,41.11,93.38,1.00,-1,-1,-1
56,5,913.81,430.82,111.90,133.21,0.99,-1,-1,-1
56,6,351.92,309.10,31.60,86.86,1.00,-1,-1,-1
56,7,1002.55,508.95,125.99,277.71,1.00,-1,-1,-1
56,8,38.63,614.52,130.47,106.97,0.94,-1,-1,-1
56,9,733.47,316.38,35.09,48.64,0.97,-1,-1,-1
56,10,74.41,614.23,97.47,116.23,0.85,-1,-1,-1
56,1,790.97,392.89,83.03,115.99,1.00,-1,-1,-1
57,2,875.99,406.37,113.52,107.02,0.99,-1,-1,-1
57,3,840.23,402.74,62.33,129.02,0.99,-1,-1,-1
57,4,537.45,318.06,41.18,93.25,1.00,-1,-1,-1
57,5,902.31,429.34,115.65,134.61,0.98,-1,-1,-1
57,6,354.08,308.82,30.31,87.76,0.99,-1,-1,-1
57,7,1002.57,508.96,125.99,277.34,1.00,-1,-1,-1
57,8,38.66,614.65,130.09,106.41,0.93,-1,-1,-1
57,9,733.48,316.37,35.09,48.63,0.97,-1,-1,-1
57,10,74.34,614.24,97.60,116.78,0.87,-1,-1,-1
57,1,791.45,393.97,79.31,113.71,1.00,-1,-1,-1
58,2,875.94,403.86,117.63,111.51,0.99,-1,-1,-1
58,3,841.59,401.85,61.11,129.93,0.99,-1,-1,-1
58,4,537.01,317.81,41.81,93.78,1.00,-1,-1,-1
58,5,891.45,427.55,120.53,136.97,0.96,-1,-1,-1
58,6,355.28,308.72,29.23,87.80,0.99,-1,-1,-1
58,7,1002.52,509.26,125.98,276.60,1.00,-1,-1,-1
58,8,38.61,614.37,130.22,106.80,0.93,-1,-1,-1
58,9,733.45,316.37,35.09,47.44,0.97,-1,-1,-1
58,10,74.34,614.22,97.53,116.98,0.85,-1,-1,-1
58,1,791.43,394.83,77.95,112.14,1.00,-1,-1,-1
59,2,885.13,401.57,107.72,111.33,0.99,-1,-1,-1
59,3,844.29,398.80,58.26,132.06,0.99,-1,-1,-1
59,4,536.25,317.98,45.04,93.39,1.00,-1,-1,-1
59,5,878.66,422.20,98.13,140.99,0.99,-1,-1,-1
59,6,356.92,308.82,27.94,86.32,0.99,-1,-1,-1
59,7,1003.13,508.73,124.80,275.72,1.00,-1,-1,-1
59,8,38.70,614.57,129.31,106.35,0.92,-1,-1,-1
59,9,733.46,316.49,35.09,46.98,0.97,-1,-1,-1
59,10,74.12,614.22,97.77,117.04,0.90,-1,-1,-1
59,1,792.54,395.72,73.84,110.69,1.00,-1,-1,-1
60,2,889.09,399.99,98.96,112.53,0.99,-1,-1,-1
60,3,846.19,397.08,55.95,123.11,0.99,-1,-1,-1
60,4,535.92,318.20,47.39,92.94,1.00,-1,-1,-1
60,5,871.64,420.03,81.46,142.37,0.99,-1,-1,-1
60,6,357.61,308.69,27.78,86.35,0.99,-1,-1,-1
60,7,1003.30,508.84,124.34,275.39,1.00,-1,-1,-1
60,8,38.66,614.61,129.31,106.19,0.91,-1,-1,-1
60,9,733.42,316.39,35.09,47.71,0.97,-1,-1,-1
60,10,74.05,614.17,97.81,117.06,0.88,-1,-1,-1
60,1,792.73,395.75,71.09,109.89,1.00,-1,-1,-1
61,2,892.07,397.22,83.14,114.58,0.99,-1,-1,-1
61,3,847.01,395.21,51.47,119.01,0.99,-1,-1,-1
61,4,535.80,317.84,50.04,93.37,1.00,-1,-1,-1
61,5,850.28,420.22,82.11,134.79,0.99,-1,-1,-1
61,6,358.15,308.81,27.44,86.67,1.00,-1,-1,-1
61,7,1003.42,508.87,124.19,275.89,1.00,-1,-1,-1
61,8,38.69,614.65,129.44,106.73,0.90,-1,-1,-1
61,9,733.44,316.34,35.09,48.29,0.97,-1,-1,-1
61,10,74.08,614.19,97.72,117.06,0.86,-1,-1,-1
61,1,791.18,394.41,71.38,108.58,0.99,-1,-1,-1
62,2,889.49,393.75,80.18,118.11,0.99,-1,-1,-1
62,3,847.00,394.29,53.57,118.18,0.98,-1,-1,-1
62,4,535.72,318.61,52.79,92.64,1.00,-1,-1,-1
62,5,850.50,421.71,72.39,134.72,0.99,-1,-1,-1
62,6,358.29,309.01,27.63,86.49,1.00,-1,-1,-1
62,7,1003.43,508.92,124.13,277.27,1.00,-1,-1,-1
62,8,38.64,614.67,129.46,106.35,0.93,-1,-1,-1
62,9,733.43,316.35,35.09,49.10,0.96,-1,-1,-1
62,10,74.07,614.20,97.68,117.06,0.87,-1,-1,-1
62,1,787.80,393.18,75.75,107.69,0.99,-1,-1,-1
63,2,888.33,389.40,80.19,123.07,1.00,-1,-1,-1
63,3,848.47,391.86,59.07,121.23,0.99,-1,-1,-1
63,4,536.25,319.50,56.71,91.76,1.00,-1,-1,-1
63,5,832.70,423.15,84.87,131.12,0.98,-1,-1,-1
63,6,358.46,309.09,28.01,86.42,1.00,-1,-1,-1
63,7,1003.43,508.64,124.11,278.39,1.00,-1,-1,-1
63,8,38.59,614.67,129.73,106.21,0.93,-1,-1,-1
63,9,734.02,316.35,34.50,53.53,0.97,-1,-1,-1
63,10,74.08,614.20,97.66,117.05,0.87,-1,-1,-1
63,1,778.59,391.22,86.77,103.79,0.99,-1,-1,-1
64,2,888.51,385.02,80.26,127.40,1.00,-1,-1,-1
64,3,851.28,389.66,61.11,121.94,0.99,-1,-1,-1
64,4,537.30,319.99,58.80,91.74,1.00,-1,-1,-1
64,5,818.23,422.78,96.74,132.21,1.00,-1,-1,-1
64,6,358.65,309.13,27.87,86.40,1.00,-1,-1,-1
64,7,1003.45,508.53,124.12,279.41,1.00,-1,-1,-1
64,8,38.49,614.69,130.22,106.16,0.94,-1,-1,-1
64,9,733.66,316.35,34.87,53.46,0.96,-1,-1,-1
64,10,74.19,614.22,97.62,117.05,0.84,-1,-1,-1
64,1,772.59,390.04,90.92,101.62,1.00,-1,-1,-1
65,2,887.93,380.36,70.58,124.86,0.99,-1,-1,-1
65,3,850.20,387.09,67.74,122.53,0.99,-1,-1,-1
65,4,540.28,320.93,59.03,90.84,1.00,-1,-1,-1
65,5,801.34,421.77,112.79,132.63,1.00,-1,-1,-1
65,6,358.84,309.15,27.52,86.39,1.00,-1,-1,-1
65,7,1003.44,508.51,124.12,279.20,1.00,-1,-1,-1
65,8,38.59,614.70,130.41,106.15,0.94,-1,-1,-1
65,9,733.52,316.37,35.01,52.24,0.97,-1,-1,-1
65,10,74.27,614.53,97.49,116.45,0.82,-1,-1,-1
65,1,767.80,390.56,92.57,98.16,0.99,-1,-1,-1
66,2,886.69,376.26,62.22,124.94,0.99,-1,-1,-1
66,3,848.61,385.42,71.39,123.51,1.00,-1,-1,-1
66,4,542.01,322.76,59.08,89.01,0.99,-1,-1,-1
66,5,789.98,420.04,123.65,133.27,0.99,-1,-1,-1
66,6,358.87,309.15,27.40,86.39,1.00,-1,-1,-1
66,7,1003.43,508.50,124.12,279.12,1.00,-1,-1,-1
66,8,38.54,614.69,130.55,106.15,0.95,-1,-1,-1
66,9,733.45,316.37,35.07,50.55,0.97,-1,-1,-1
66,10,74.28,614.34,97.44,116.82,0.83,-1,-1,-1
66,1,763.01,390.62,93.17,97.72,0.99,-1,-1,-1
67,2,882.74,372.26,56.64,122.72,0.98,-1,-1,-1
67,3,854.22,383.63,66.58,124.20,1.00,-1,-1,-1
67,4,543.91,323.43,58.48,88.34,1.00,-1,-1,-1
67,5,783.46,416.70,113.65,136.51,1.00,-1,-1,-1
67,6,358.93,309.45,27.07,86.09,1.00,-1,-1,-1
67,7,1003.54,508.48,124.15,279.68,1.00,-1,-1,-1
67,8,38.65,615.02,130.40,105.56,0.94,-1,-1,-1
67,9,733.52,316.35,35.09,50.80,0.96,-1,-1,-1
67,10,74.43,614.00,97.43,116.96,0.86,-1,-1,-1
67,1,758.95,388.82,89.87,98.53,0.99,-1,-1,-1
68,2,877.48,370.69,58.29,121.66,0.99,-1,-1,-1
68,3,860.43,382.12,60.91,125.95,0.99,-1,-1,-1
68,4,544.86,322.91,58.21,89.00,1.00,-1,-1,-1
68,5,782.60,413.69,101.91,139.50,0.99,-1,-1,-1
68,6,358.88,309.26,27.25,86.28,1.00,-1,-1,-1
68,7,1003.51,508.48,124.15,279.89,1.00,-1,-1,-1
68,8,38.76,614.81,129.85,105.34,0.94,-1,-1,-1
68,9,733.49,316.20,35.10,53.85,0.96,-1,-1,-1
68,10,74.44,613.84,97.42,117.01,0.88,-1,-1,-1
68,1,756.76,386.38,87.91,101.28,0.98,-1,-1,-1
69,2,869.94,369.30,67.25,121.82,0.97,-1,-1,-1
69,3,861.44,374.50,61.79,132.81,0.99,-1,-1,-1
69,4,548.45,321.95,54.55,89.86,1.00,-1,-1,-1
69,5,780.10,408.88,76.62,143.14,0.99,-1,-1,-1
69,6,358.73,309.48,27.32,86.35,1.00,-1,-1,-1
69,7,1002.93,508.47,125.35,277.58,1.00,-1,-1,-1
69,8,38.61,614.75,130.62,107.05,0.94,-1,-1,-1
69,9,733.80,316.29,34.51,51.79,0.97,-1,-1,-1
69,10,74.44,614.10,97.46,117.61,0.82,-1,-1,-1
69,1,753.65,381.77,88.33,106.35,0.99,-1,-1,-1
70,2,871.91,370.63,65.66,119.78,0.97,-1,-1,-1
70,3,860.21,371.36,62.68,136.26,0.99,-1,-1,-1
70,4,552.16,321.57,50.67,90.19,1.00,-1,-1,-1
70,5,770.81,405.30,67.50,146.86,0.99,-1,-1,-1
70,6,358.75,309.55,27.36,86.38,1.00,-1,-1,-1
70,7,1003.24,508.76,124.61,275.51,1.00,-1,-1,-1
70,8,38.42,614.69,131.13,107.69,0.94,-1,-1,-1
70,9,733.86,316.16,34.88,55.42,0.95,-1,-1,-1
70,10,74.50,614.16,97.43,117.84,0.82,-1,-1,-1
70,1,751.29,379.02,78.42,109.00,0.99,-1,-1,-1
71,3,861.20,370.80,70.10,125.34,1.00,-1,-1,-1
71,4,555.06,319.19,49.22,93.00,1.00,-1,-1,-1
71,5,764.37,400.18,61.59,150.61,0.99,-1,-1,-1
71,6,358.80,309.73,27.38,86.39,1.00,-1,-1,-1
71,7,1003.44,509.18,124.34,273.55,1.00,-1,-1,-1
71,8,38.43,614.70,130.92,107.34,0.94,-1,-1,-1
71,9,733.95,316.26,35.02,50.67,0.93,-1,-1,-1
71,10,74.49,613.92,97.43,117.93,0.84,-1,-1,-1
71,1,740.34,376.54,74.47,111.21,0.99,-1,-1,-1
72,3,862.35,369.09,69.16,123.48,0.99,-1,-1,-1
72,4,555.69,317.43,49.93,94.64,1.00,-1,-1,-1
72,5,750.21,397.98,69.63,151.44,0.99,-1,-1,-1
72,6,358.76,309.65,27.68,86.40,1.00,-1,-1,-1
72,7,1003.44,509.05,124.22,273.42,1.00,-1,-1,-1
72,8,38.38,614.68,130.98,107.80,0.94,-1,-1,-1
72,9,733.63,316.17,35.07,49.59,0.95,-1,-1,-1
72,10,74.44,613.81,97.42,117.95,0.81,-1,-1,-1
72,1,736.55,376.39,66.95,111.02,0.99,-1,-1,-1
73,3,870.66,371.09,59.61,120.57,0.99,-1,-1,-1
73,4,557.73,315.75,50.19,96.44,1.00,-1,-1,-1
73,5,738.49,395.02,75.06,148.63,1.00,-1,-1,-1
73,6,359.08,309.50,27.81,86.70,1.00,-1,-1,-1
73,7,1003.52,509.32,124.19,272.80,1.00,-1,-1,-1
73,8,38.37,614.72,131.05,107.98,0.94,-1,-1,-1
73,9,733.57,316.15,35.10,48.90,0.95,-1,-1,-1
73,10,74.46,614.11,97.43,117.96,0.83,-1,-1,-1
73,1,732.90,375.97,60.48,108.72,0.99,-1,-1,-1
73,11,862.65,364.05,49.50,107.55,0.71,-1,-1,-1
74,3,874.34,371.76,56.94,118.14,0.99,-1,-1,-1
74,4,557.48,315.10,52.68,97.12,1.00,-1,-1,-1
74,5,732.20,393.51,77.19,148.23,1.00,-1,-1,-1
74,6,359.14,309.42,27.85,86.81,1.00,-1,-1,-1
74,7,1003.47,508.81,124.17,273.77,1.00,-1,-1,-1
74,8,38.36,614.70,130.88,107.44,0.94,-1,-1,-1
74,9,733.48,316.14,35.10,48.65,0.96,-1,-1,-1
74,10,74.42,614.19,97.42,117.36,0.83,-1,-1,-1
74,1,725.65,376.00,62.22,106.78,0.99,-1,-1,-1
74,11,861.54,363.69,49.50,99.63,0.82,-1,-1,-1
75,3,876.81,371.76,57.88,115.76,0.99,-1,-1,-1
75,4,558.87,315.62,55.96,96.76,1.00,-1,-1,-1
75,5,728.19,390.49,72.71,149.98,0.98,-1,-1,-1
75,6,359.20,309.26,28.17,86.85,1.00,-1,-1,-1
75,7,1003.51,508.90,124.18,273.55,1.00,-1,-1,-1
75,8,38.41,614.73,130.67,107.82,0.94,-1,-1,-1
75,9,734.09,316.28,34.51,50.36,0.92,-1,-1,-1
75,10,74.47,613.96,97.43,117.73,0.84,-1,-1,-1
75,1,714.16,377.86,68.95,104.86,0.99,-1,-1,-1
75,11,858.23,363.08,50.19,101.79,0.93,-1,-1,-1
76,3,877.57,371.05,58.82,115.67,1.00,-1,-1,-1
76,4,561.63,317.44,55.47,94.54,1.00,-1,-1,-1
76,5,720.49,388.82,73.98,150.61,0.99,-1,-1,-1
76,6,359.46,309.18,27.99,86.86,0.99,-1,-1,-1
76,7,1003.47,508.94,124.17,275.27,1.00,-1,-1,-1
76,8,38.45,614.70,130.81,107.38,0.94,-1,-1,-1
76,9,734.27,316.33,34.28,49.23,0.94,-1,-1,-1
76,10,74.43,614.13,97.42,117.27,0.82,-1,-1,-1
76,1,703.89,380.53,78.97,104.59,0.99,-1,-1,-1
76,11,855.35,364.11,49.73,101.25,0.98,-1,-1,-1
77,3,877.23,369.17,61.57,116.42,0.99,-1,-1,-1
77,4,565.09,318.91,52.89,93.08,1.00,-1,-1,-1
77,5,709.92,387.67,73.25,149.65,0.99,-1,-1,-1
77,6,359.46,309.16,28.23,86.87,1.00,-1,-1,-1
77,7,1003.53,508.95,124.19,275.34,1.00,-1,-1,-1
77,8,38.48,614.72,130.91,107.80,0.94,-1,-1,-1
77,9,734.40,316.34,34.21,47.88,0.92,-1,-1,-1
77,10,74.47,614.23,97.43,117.09,0.83,-1,-1,-1
77,1,700.08,384.69,81.71,105.26,0.98,-1,-1,-1
77,11,845.80,365.48,54.30,100.33,0.99,-1,-1,-1
78,3,876.39,367.79,62.01,116.88,1.00,-1,-1,-1
78,4,566.89,319.17,51.27,92.83,1.00,-1,-1,-1
78,5,702.64,389.25,69.36,145.54,0.99,-1,-1,-1
78,6,359.40,309.15,28.31,86.87,1.00,-1,-1,-1
78,7,1003.49,508.68,124.18,276.56,1.00,-1,-1,-1
78,8,38.43,614.71,131.01,107.96,0.94,-1,-1,-1
78,9,734.40,316.36,34.18,47.69,0.93,-1,-1,-1
78,10,74.43,613.95,97.42,117.03,0.82,-1,-1,-1
78,1,699.33,387.16,75.86,107.60,0.93,-1,-1,-1
78,11,841.46,366.42,57.01,99.19,0.99,-1,-1,-1
79,3,880.14,366.85,55.67,116.03,0.99,-1,-1,-1
79,4,569.64,318.81,48.86,93.33,1.00,-1,-1,-1
79,5,687.58,392.33,76.47,142.75,0.99,-1,-1,-1
79,6,359.42,308.99,28.64,86.87,0.99,-1,-1,-1
79,7,1003.51,508.55,124.18,277.01,1.00,-1,-1,-1
79,8,38.65,614.71,130.94,108.01,0.92,-1,-1,-1
79,9,734.43,316.66,34.17,47.62,0.95,-1,-1,-1
79,10,75.50,613.85,96.83,115.22,0.70,-1,-1,-1
79,1,697.67,389.54,72.21,108.48,0.98,-1,-1,-1
79,11,835.22,366.52,61.62,98.33,0.99,-1,-1,-1
80,3,883.60,367.17,50.35,115.14,1.00,-1,-1,-1
80,4,570.85,318.99,47.36,93.22,1.00,-1,-1,-1
80,5,677.89,396.10,83.56,139.77,1.00,-1,-1,-1
80,6,359.38,308.95,28.76,86.87,1.00,-1,-1,-1
80,7,1003.49,508.54,124.18,277.78,1.00,-1,-1,-1
80,8,38.68,614.71,130.92,108.04,0.93,-1,-1,-1
80,9,734.41,316.79,34.17,48.21,0.94,-1,-1,-1
80,10,74.96,614.12,97.05,115.74,0.72,-1,-1,-1
80,1,701.15,389.43,67.22,110.15,0.98,-1,-1,-1
80,11,832.68,366.71,62.12,97.89,1.00,-1,-1,-1
81,3,886.32,369.28,48.82,111.38,1.00,-1,-1,-1
81,4,572.16,318.75,46.22,93.48,1.00,-1,-1,-1
81,5,666.96,397.70,93.19,138.82,0.99,-1,-1,-1
81,6,359.39,308.93,28.81,86.87,1.00,-1,-1,-1
81,7,1003.52,508.84,124.18,276.29,1.00,-1,-1,-1
81,8,38.72,614.42,130.76,108.04,0.95,-1,-1,-1
81,9,734.44,316.69,34.17,49.62,0.96,-1,-1,-1
81,10,74.71,614.22,97.14,115.94,0.76,-1,-1,-1
81,1,690.10,387.30,77.69,113.14,0.98,-1,-1,-1
81,11,830.50,365.51,60.40,96.04,0.99,-1,-1,-1
82,3,887.43,370.40,48.02,109.70,1.00,-1,-1,-1
82,4,572.22,318.93,45.82,93.28,1.00,-1,-1,-1
82,5,661.06,399.02,98.66,137.13,0.99,-1,-1,-1
82,6,359.20,308.90,28.82,86.86,0.99,-1,-1,-1
82,7,1003.46,508.61,124.18,277.49,1.00,-1,-1,-1
82,8,38.71,614.27,130.69,107.45,0.95,-1,-1,-1
82,9,733.79,316.62,34.77,48.39,0.94,-1,-1,-1
82,10,74.70,613.92,97.13,116.01,0.78,-1,-1,-1
82,1,694.16,384.69,72.10,115.13,0.98,-1,-1,-1
82,11,829.24,363.94,57.82,94.16,0.98,-1,-1,-1
83,3,888.40,370.51,49.01,108.81,1.00,-1,-1,-1
83,4,571.92,319.16,46.92,92.90,1.00,-1,-1,-1
83,5,652.28,399.38,105.37,134.26,0.99,-1,-1,-1
83,6,359.32,309.35,28.83,86.56,1.00,-1,-1,-1
83,7,1003.50,508.52,124.19,277.94,1.00,-1,-1,-1
83,8,36.68,613.65,133.50,107.81,0.96,-1,-1,-1
83,9,733.60,316.59,34.99,46.70,0.96,-1,-1,-1
83,10,74.72,614.14,97.02,116.04,0.73,-1,-1,-1
83,1,686.42,381.48,76.91,117.20,0.99,-1,-1,-1
83,11,828.11,361.51,54.35,92.58,0.98,-1,-1,-1
84,3,888.34,369.82,50.30,108.68,0.99,-1,-1,-1
84,4,571.42,319.38,48.52,92.46,1.00,-1,-1,-1
84,5,645.01,399.51,106.86,127.80,1.00,-1,-1,-1
84,6,359.01,309.65,29.12,86.15,0.99,-1,-1,-1
84,7,1003.46,508.49,124.19,278.70,1.00,-1,-1,-1
84,8,35.93,613.69,134.18,107.35,0.96,-1,-1,-1
84,9,733.47,316.42,35.08,47.89,0.96,-1,-1,-1
84,10,74.70,614.19,96.94,116.06,0.74,-1,-1,-1
84,1,685.37,379.66,75.12,118.26,0.99,-1,-1,-1
84,11,826.92,360.64,53.62,92.05,0.98,-1,-1,-1
85,3,889.49,367.48,49.61,108.97,0.99,-1,-1,-1
85,4,571.54,319.33,51.50,92.29,0.99,-1,-1,-1
85,5,634.20,399.87,94.77,124.83,1.00,-1,-1,-1
85,6,358.80,309.49,29.83,86.59,0.99,-1,-1,-1
85,7,1003.50,508.47,124.20,279.57,1.00,-1,-1,-1
85,8,35.80,613.45,134.65,107.77,0.96,-1,-1,-1
85,9,733.48,316.66,35.11,46.85,0.97,-1,-1,-1
85,10,75.73,614.25,96.25,114.28,0.68,-1,-1,-1
85,1,677.53,378.24,74.97,116.13,0.99,-1,-1,-1
85,11,820.28,360.80,56.99,90.98,0.99,-1,-1,-1
86,3,890.10,364.39,49.67,108.66,0.99,-1,-1,-1
86,4,570.36,319.45,54.95,91.94,1.00,-1,-1,-1
86,5,641.06,400.46,72.65,122.76,0.98,-1,-1,-1
86,6,358.82,309.56,29.50,86.46,0.99,-1,-1,-1
86,7,1003.47,508.48,124.19,280.49,1.00,-1,-1,-1
86,8,37.62,613.63,132.00,107.93,0.93,-1,-1,-1
86,9,733.44,316.61,35.12,46.15,0.97,-1,-1,-1
86,10,75.12,614.24,96.54,114.81,0.74,-1,-1,-1
86,1,663.10,377.13,82.02,113.20,0.99,-1,-1,-1
86,11,815.83,360.74,71.13,91.23,0.98,-1,-1,-1
87,3,890.61,361.16,54.21,107.97,0.99,-1,-1,-1
87,4,571.36,320.41,59.15,91.21,1.00,-1,-1,-1
87,5,633.89,398.10,57.52,124.05,0.98,-1,-1,-1
87,6,358.88,310.06,29.07,85.82,0.99,-1,-1,-1
87,7,1003.49,508.48,124.20,280.22,1.00,-1,-1,-1
87,8,36.49,613.73,133.85,107.39,0.97,-1,-1,-1
87,9,733.77,316.60,35.12,46.80,0.97,-1,-1,-1
87,10,75.89,614.26,96.10,113.82,0.67,-1,-1,-1
87,1,658.42,374.50,72.59,110.72,0.97,-1,-1,-1
87,11,810.86,359.67,67.68,92.56,1.00,-1,-1,-1
88,3,890.76,359.69,57.60,109.25,0.99,-1,-1,-1
88,4,570.27,321.34,63.07,90.64,1.00,-1,-1,-1
88,5,620.60,394.97,61.66,125.93,0.97,-1,-1,-1
88,6,358.86,310.22,29.20,85.58,0.99,-1,-1,-1
88,7,1003.47,508.49,124.19,280.11,1.00,-1,-1,-1
88,8,36.05,613.74,134.13,107.19,0.96,-1,-1,-1
88,9,733.86,316.58,35.12,47.34,0.97,-1,-1,-1
88,10,76.01,614.24,96.05,113.46,0.70,-1,-1,-1
88,1,656.37,372.64,67.27,109.79,0.96,-1,-1,-1
88,11,808.95,358.84,64.67,93.39,1.00,-1,-1,-1
89,3,890.78,359.20,60.08,110.93,1.00,-1,-1,-1
89,4,570.41,321.86,64.03,90.14,1.00,-1,-1,-1
89,5,602.17,390.40,69.49,122.05,1.00,-1,-1,-1
89,6,359.63,309.70,30.14,86.38,0.99,-1,-1,-1
89,7,1003.48,508.50,124.19,281.24,1.00,-1,-1,-1
89,8,36.13,614.06,133.52,107.71,0.97,-1,-1,-1
89,9,734.22,316.59,34.52,47.55,0.97,-1,-1,-1
89,10,76.03,614.55,95.43,112.73,0.65,-1,-1,-1
89,1,664.52,369.60,52.43,108.54,1.00,-1,-1,-1
89,11,806.63,354.98,67.00,95.50,1.00,-1,-1,-1
90,3,890.99,358.88,60.75,111.73,0.99,-1,-1,-1
90,4,571.26,321.70,63.79,89.66,1.00,-1,-1,-1
90,5,592.92,387.29,70.58,121.08,0.99,-1,-1,-1
90,6,359.86,309.91,30.49,86.10,0.99,-1,-1,-1
90,7,1003.44,508.48,124.18,281.07,1.00,-1,-1,-1
90,8,36.13,614.14,133.32,107.91,0.97,-1,-1,-1
90,9,734.31,316.71,34.30,46.15,0.97,-1,-1,-1
90,10,75.73,614.62,95.35,112.47,0.63,-1,-1,-1
90,1,664.74,367.27,50.99,108.39,0.99,-1,-1,-1
90,11,803.45,352.92,67.83,96.01,1.00,-1,-1,-1
91,3,889.91,358.51,59.83,110.85,0.99,-1,-1,-1
91,4,571.62,320.32,63.07,90.68,0.99,-1,-1,-1
91,5,599.16,383.95,56.12,117.61,0.98,-1,-1,-1
91,6,360.30,310.47,31.21,85.69,0.99,-1,-1,-1
91,7,1003.48,508.48,124.19,281.58,1.00,-1,-1,-1
91,8,36.25,613.92,133.05,107.98,0.97,-1,-1,-1
91,9,734.09,316.63,34.81,46.52,0.97,-1,-1,-1
91,10,75.84,614.69,95.18,112.38,0.64,-1,-1,-1
91,1,659.10,364.68,55.02,109.53,0.99,-1,-1,-1
91,11,800.36,351.60,71.60,95.31,0.99,-1,-1,-1
92,3,889.12,358.27,56.20,108.90,0.99,-1,-1,-1
92,4,571.41,319.63,61.00,91.08,1.00,-1,-1,-1
92,5,584.64,381.25,64.67,117.60,0.99,-1,-1,-1
92,6,359.98,311.10,33.23,85.54,0.99,-1,-1,-1
92,7,1003.46,508.49,124.19,281.77,1.00,-1,-1,-1
92,8,36.08,613.81,132.80,108.61,0.96,-1,-1,-1
92,9,733.97,316.74,35.00,46.66,0.97,-1,-1,-1
92,10,75.96,614.69,95.13,112.37,0.66,-1,-1,-1
92,1,655.69,363.01,57.57,108.04,1.00,-1,-1,-1
92,11,798.06,351.29,63.26,91.18,0.99,-1,-1,-1
93,3,887.28,359.14,53.26,108.16,0.99,-1,-1,-1
93,4,578.15,319.54,50.06,91.23,1.00,-1,-1,-1
93,5,575.28,376.57,67.64,118.70,0.99,-1,-1,-1
93,6,361.89,311.81,32.27,85.48,0.99,-1,-1,-1
93,7,1003.46,508.50,124.19,282.42,1.00,-1,-1,-1
93,8,36.22,614.09,132.85,108.83,0.96,-1,-1,-1
93,9,733.95,316.65,35.08,47.91,0.96,-1,-1,-1
93,10,75.90,614.71,95.11,112.37,0.63,-1,-1,-1
93,1,650.67,362.31,53.21,105.23,1.00,-1,-1,-1
93,11,796.54,350.03,56.56,92.03,0.99,-1,-1,-1
94,3,884.74,359.78,52.78,109.11,0.99,-1,-1,-1
94,4,580.43,320.24,45.68,90.11,0.99,-1,-1,-1
94,5,573.75,374.29,65.89,118.26,0.99,-1,-1,-1
94,6,363.52,312.79,31.56,84.58,0.99,-1,-1,-1
94,7,1003.46,508.21,124.19,283.85,1.00,-1,-1,-1
94,8,36.18,613.88,132.76,108.92,0.96,-1,-1,-1
94,9,733.92,316.60,35.10,49.27,0.96,-1,-1,-1
94,10,75.97,614.70,94.96,112.38,0.64,-1,-1,-1
94,1,646.78,361.35,49.69,105.25,0.99,-1,-1,-1
94,11,796.15,350.04,53.50,92.36,0.99,-1,-1,-1
95,3,879.57,362.60,56.23,109.62,1.00,-1,-1,-1
95,4,578.26,321.57,47.43,92.67,1.00,-1,-1,-1
95,5,568.58,373.39,69.99,108.69,0.99,-1,-1,-1
95,6,365.29,311.53,29.79,85.73,0.99,-1,-1,-1
95,7,1003.42,508.43,124.18,283.19,1.00,-1,-1,-1
95,8,36.07,613.82,133.09,109.55,0.96,-1,-1,-1
95,9,734.18,316.76,34.52,48.61,0.96,-1,-1,-1
95,10,75.82,614.71,95.20,112.40,0.64,-1,-1,-1
95,1,630.82,359.57,63.56,107.07,0.99,-1,-1,-1
95,11,791.45,350.11,54.30,92.20,1.00,-1,-1,-1
96,3,874.80,364.56,60.99,109.82,0.99,-1,-1,-1
96,4,579.38,323.83,44.39,93.33,0.99,-1,-1,-1
96,5,565.65,372.57,67.98,102.95,1.00,-1,-1,-1
96,6,366.26,311.35,28.81,85.57,0.98,-1,-1,-1
96,7,1003.44,508.20,124.19,284.11,1.00,-1,-1,-1
96,8,36.02,613.80,133.25,109.78,0.97,-1,-1,-1
96,9,734.30,316.81,34.29,49.53,0.97,-1,-1,-1
96,10,75.94,614.72,95.30,113.01,0.64,-1,-1,-1
96,1,624.92,358.20,65.71,107.31,0.99,-1,-1,-1
96,11,787.47,349.86,55.81,92.44,1.00,-1,-1,-1
97,3,869.52,366.35,66.25,109.76,0.99,-1,-1,-1
97,4,579.13,326.76,39.53,87.96,0.99,-1,-1,-1
97,5,567.07,369.56,58.18,103.49,0.99,-1,-1,-1
97,6,368.12,310.38,31.18,84.62,0.98,-1,-1,-1
97,7,1003.43,508.41,124.18,283.25,1.00,-1,-1,-1
97,8,35.28,614.08,132.86,109.86,0.95,-1,-1,-1
97,9,734.35,316.54,34.21,56.35,0.98,-1,-1,-1
97,10,75.47,614.71,95.64,112.64,0.60,-1,-1,-1
97,1,625.63,356.25,54.51,102.95,0.99,-1,-1,-1
97,11,782.21,350.09,59.36,92.54,1.00,-1,-1,-1
98,3,870.60,367.00,64.07,109.74,0.99,-1,-1,-1
98,4,578.35,327.84,36.57,86.47,0.98,-1,-1,-1
98,5,566.09,367.78,55.62,104.80,0.99,-1,-1,-1
98,6,369.08,310.29,33.19,82.17,0.98,-1,-1,-1
98,7,1003.46,508.47,124.19,282.92,1.00,-1,-1,-1
98,8,35.05,614.17,132.53,110.47,0.95,-1,-1,-1
98,9,734.08,316.55,34.78,53.81,0.97,-1,-1,-1
98,10,75.23,614.69,95.77,112.51,0.59,-1,-1,-1
98,1,628.81,355.25,47.14,99.79,1.00,-1,-1,-1
98,11,779.17,350.48,61.27,92.29,0.99,-1,-1,-1
99,3,861.71,365.12,71.32,111.82,1.00,-1,-1,-1
99,4,572.59,326.67,51.09,89.56,0.99,-1,-1,-1
99,5,564.32,364.75,52.93,105.96,0.99,-1,-1,-1
99,6,369.85,307.81,38.29,80.95,0.99,-1,-1,-1
99,7,1003.44,508.17,124.18,282.77,1.00,-1,-1,-1
99,8,36.08,613.86,133.07,110.11,0.97,-1,-1,-1
99,9,733.96,316.68,34.99,50.88,0.98,-1,-1,-1
99,10,75.65,614.64,95.52,112.46,0.55,-1,-1,-1
99,1,624.99,354.92,45.31,91.97,0.99,-1,-1,-1
99,11,776.34,349.13,63.76,93.99,1.00,-1,-1,-1
100,3,859.33,364.85,72.57,112.16,1.00,-1,-1,-1
100,4,569.56,326.09,46.19,90.11,0.97,-1,-1,-1
100,5,563.69,360.55,53.27,107.19,1.00,-1,-1,-1
100,6,370.75,307.36,40.25,79.62,0.99,-1,-1,-1
100,7,1003.48,508.05,124.18,282.12,1.00,-1,-1,-1
100,8,36.25,613.76,133.16,109.36,0.96,-1,-1,-1
100,9,733.96,316.73,35.07,49.44,0.98,-1,-1,-1
100,10,76.15,614.33,95.13,112.45,0.64,-1,-1,-1
100,1,621.36,354.27,47.24,89.13,1.00,-1,-1,-1
100,11,775.12,347.31,64.70,95.81,0.99,-1,-1,-1
101,3,857.58,364.75,68.12,111.98,0.99,-1,-1,-1
101,4,565.16,326.30,40.65,85.28,0.98,-1,-1,-1
101,5,569.72,356.24,43.04,98.44,0.99,-1,-1,-1
101,6,373.65,306.92,41.04,77.33,0.99,-1,-1,-1
101,7,1003.49,508.30,124.18,281.26,1.00,-1,-1,-1
101,8,36.53,613.73,133.38,109.67,0.97,-1,-1,-1
101,9,733.96,316.76,35.10,50.70,0.98,-1,-1,-1
101,10,76.45,614.22,94.98,112.44,0.58,-1,-1,-1
101,1,614.14,352.55,52.14,88.82,0.99,-1,-1,-1
101,11,774.77,344.44,63.87,98.56,0.99,-1,-1,-1
102,3,857.90,361.60,60.30,115.03,0.99,-1,-1,-1
102,4,562.00,325.76,37.31,77.95,0.96,-1,-1,-1
102,5,565.61,352.90,47.22,97.62,1.00,-1,-1,-1
102,6,376.92,307.39,41.89,74.08,1.00,-1,-1,-1
102,7,1003.50,508.41,124.19,281.53,1.00,-1,-1,-1
102,8,36.36,613.45,133.58,109.78,0.96,-1,-1,-1
102,9,734.25,316.77,34.52,57.94,0.98,-1,-1,-1
102,10,76.54,614.21,94.93,113.04,0.59,-1,-1,-1
102,1,608.92,350.77,55.11,88.77,1.00,-1,-1,-1
102,11,770.93,342.21,63.51,100.19,0.99,-1,-1,-1
103,3,844.57,357.78,63.42,119.69,0.99,-1,-1,-1
103,4,558.14,324.92,36.18,60.65,0.89,-1,-1,-1
103,5,563.40,349.99,48.33,95.25,1.00,-1,-1,-1
103,6,385.49,306.51,38.47,75.07,1.00,-1,-1,-1
103,7,1003.51,508.45,124.20,280.45,1.00,-1,-1,-1
103,8,36.03,613.36,133.32,109.22,0.95,-1,-1,-1
103,9,734.06,316.78,34.90,51.06,0.97,-1,-1,-1
103,10,75.30,614.22,95.66,114.46,0.71,-1,-1,-1
103,1,602.38,348.20,58.03,86.39,1.00,-1,-1,-1
103,11,759.53,339.92,66.31,98.45,0.99,-1,-1,-1
104,3,841.82,355.77,60.96,122.04,0.99,-1,-1,-1
104,4,556.25,323.76,35.20,58.87,0.95,-1,-1,-1
104,5,560.60,348.28,50.02,95.68,1.00,-1,-1,-1
104,6,390.54,305.47,35.82,76.35,1.00,-1,-1,-1
104,7,1003.51,508.48,124.20,280.04,1.00,-1,-1,-1
104,8,37.95,613.94,130.36,108.42,0.94,-1,-1,-1
104,9,734.00,316.80,35.04,47.93,0.97,-1,-1,-1
104,10,74.68,614.24,96.09,115.58,0.78,-1,-1,-1
104,1,599.39,347.18,58.01,85.28,0.99,-1,-1,-1
104,11,755.04,338.21,66.19,97.45,0.99,-1,-1,-1
105,3,841.20,354.13,53.93,123.21,0.99,-1,-1,-1
105,4,547.27,322.94,38.59,80.10,0.99,-1,-1,-1
105,5,564.41,345.49,43.52,97.40,0.99,-1,-1,-1
105,6,395.01,305.53,34.51,77.16,0.99,-1,-1,-1
105,7,1003.48,508.20,124.20,282.28,1.00,-1,-1,-1
105,8,36.65,613.85,131.59,108.71,0.95,-1,-1,-1
105,9,733.94,316.65,35.09,47.74,0.98,-1,-1,-1
105,10,74.33,614.24,96.25,115.42,0.72,-1,-1,-1
105,1,596.35,345.95,49.75,85.24,0.99,-1,-1,-1
105,11,759.00,336.57,51.40,98.55,0.99,-1,-1,-1
106,3,839.33,353.84,48.74,123.04,0.99,-1,-1,-1
106,4,542.71,322.69,40.94,87.64,0.99,-1,-1,-1
106,5,565.62,343.51,40.36,98.98,0.99,-1,-1,-1
106,6,397.04,304.84,37.35,77.48,1.00,-1,-1,-1
106,7,1003.49,508.11,124.20,283.72,1.00,-1,-1,-1
106,8,36.15,613.52,131.72,108.83,0.94,-1,-1,-1
106,9,734.24,316.76,35.11,47.67,0.97,-1,-1,-1
106,10,74.38,614.24,96.30,115.94,0.80,-1,-1,-1
106,1,593.39,345.26,45.13,85.88,0.99,-1,-1,-1
106,11,761.20,336.30,42.60,99.25,0.99,-1,-1,-1
107,3,825.80,357.58,51.44,122.94,1.00,-1,-1,-1
107,4,538.12,321.31,43.62,90.95,1.00,-1,-1,-1
107,5,561.34,341.50,41.27,99.32,0.99,-1,-1,-1
107,6,399.79,303.08,38.08,77.62,1.00,-1,-1,-1
107,7,1003.50,508.36,124.20,283.08,1.00,-1,-1,-1
107,8,35.98,613.39,132.71,109.47,0.95,-1,-1,-1
107,9,734.35,316.94,35.11,46.15,0.97,-1,-1,-1
107,10,74.38,614.53,96.32,115.54,0.65,-1,-1,-1
107,1,592.55,341.89,41.68,89.77,0.99,-1,-1,-1
107,11,757.40,337.71,42.54,97.44,0.99,-1,-1,-1
108,3,822.29,361.40,51.71,121.69,1.00,-1,-1,-1
108,4,535.88,321.33,43.50,92.51,0.99,-1,-1,-1
108,5,565.15,340.71,36.08,98.58,0.98,-1,-1,-1
108,6,403.14,302.16,37.47,77.38,1.00,-1,-1,-1
108,7,1003.53,508.47,124.20,282.82,1.00,-1,-1,-1
108,8,35.99,613.36,132.97,109.71,0.95,-1,-1,-1
108,9,734.12,316.86,35.11,45.58,0.97,-1,-1,-1
108,10,74.42,614.66,96.33,115.37,0.65,-1,-1,-1
108,1,592.47,340.69,39.89,90.94,0.99,-1,-1,-1
108,11,755.65,338.46,41.26,96.13,0.99,-1,-1,-1
109,3,810.89,362.85,61.52,121.47,1.00,-1,-1,-1
109,4,531.91,320.18,44.60,93.05,0.99,-1,-1,-1
109,5,558.38,335.71,40.70,99.23,0.99,-1,-1,-1
109,6,409.51,300.17,35.43,75.52,1.00,-1,-1,-1
109,7,1002.94,508.49,125.39,282.13,1.00,-1,-1,-1
109,8,36.19,613.63,130.92,109.80,0.91,-1,-1,-1
109,9,734.62,316.81,35.11,47.50,0.96,-1,-1,-1
109,10,74.49,614.99,96.63,117.09,0.86,-1,-1,-1
109,1,590.70,338.06,38.07,92.88,1.00,-1,-1,-1
109,11,749.49,339.96,45.31,95.04,1.00,-1,-1,-1
110,3,801.98,364.15,69.48,120.33,1.00,-1,-1,-1
110,4,529.91,319.89,45.59,92.02,0.99,-1,-1,-1
110,5,559.20,333.78,38.53,99.79,1.00,-1,-1,-1
110,6,412.72,299.60,35.84,74.52,1.00,-1,-1,-1
110,7,1002.71,508.20,125.83,283.64,1.00,-1,-1,-1
110,8,36.21,614.02,130.65,109.83,0.92,-1,-1,-1
110,9,734.51,316.80,35.11,47.91,0.95,-1,-1,-1
110,10,74.50,615.10,96.85,117.14,0.84,-1,-1,-1
110,1,590.23,335.94,36.86,94.22,0.99,-1,-1,-1
110,11,747.70,340.55,46.09,94.04,1.00,-1,-1,-1
111,3,794.59,364.91,72.75,120.77,0.99,-1,-1,-1
111,4,527.22,319.34,48.88,91.26,0.99,-1,-1,-1
111,5,562.19,331.20,35.26,97.35,0.99,-1,-1,-1
111,6,416.36,298.65,37.77,74.78,0.99,-1,-1,-1
111,7,1002.64,508.37,126.00,282.43,1.00,-1,-1,-1
111,8,36.24,614.16,130.27,109.84,0.91,-1,-1,-1
111,9,734.78,316.48,35.11,59.05,0.97,-1,-1,-1
111,10,74.56,615.13,96.82,117.74,0.85,-1,-1,-1
111,1,588.02,332.08,38.37,95.61,1.00,-1,-1,-1
111,11,741.80,340.47,51.22,94.26,0.99,-1,-1,-1
112,3,790.03,365.80,71.20,120.04,1.00,-1,-1,-1
112,4,525.95,319.02,51.26,87.96,0.99,-1,-1,-1
112,5,560.20,329.77,36.66,95.53,0.99,-1,-1,-1
112,6,419.10,297.31,39.36,74.58,0.99,-1,-1,-1
112,7,1002.59,508.46,126.06,282.55,1.00,-1,-1,-1
112,8,36.24,614.24,129.60,109.83,0.92,-1,-1,-1
112,9,734.86,316.67,35.11,61.95,0.98,-1,-1,-1
112,10,74.58,615.17,96.65,117.95,0.87,-1,-1,-1
112,1,587.29,328.93,39.52,95.84,1.00,-1,-1,-1
112,11,739.05,340.19,51.95,95.25,0.99,-1,-1,-1
113,3,779.19,367.17,69.90,118.11,0.98,-1,-1,-1
113,4,524.99,319.07,51.62,85.73,1.00,-1,-1,-1
113,5,553.52,329.05,42.57,91.88,0.98,-1,-1,-1
113,6,422.98,298.79,38.52,71.84,0.99,-1,-1,-1
113,7,1002.61,508.49,126.08,282.60,1.00,-1,-1,-1
113,8,36.26,614.29,130.71,111.61,0.92,-1,-1,-1
113,9,734.31,316.76,35.11,65.96,0.99,-1,-1,-1
113,10,74.68,615.50,96.44,118.61,0.80,-1,-1,-1
113,1,587.12,325.89,38.18,95.04,0.99,-1,-1,-1
113,11,738.44,339.35,50.48,94.44,1.00,-1,-1,-1
114,3,773.74,367.83,65.24,116.92,1.00,-1,-1,-1
114,4,525.30,319.12,49.98,84.87,1.00,-1,-1,-1
114,5,555.67,328.75,40.70,89.34,0.98,-1,-1,-1
114,6,426.28,300.01,36.83,69.61,0.99,-1,-1,-1
114,7,1002.61,508.51,126.08,282.61,1.00,-1,-1,-1
114,8,36.22,614.32,131.62,112.87,0.93,-1,-1,-1
114,9,734.39,316.80,34.51,65.27,0.99,-1,-1,-1
114,10,74.70,615.34,96.51,118.85,0.76,-1,-1,-1
114,1,585.97,323.93,39.54,94.43,0.99,-1,-1,-1
114,11,737.47,338.31,48.69,96.82,0.99,-1,-1,-1
115,3,770.47,367.15,51.94,118.27,0.99,-1,-1,-1
115,4,528.82,318.54,46.34,84.53,0.99,-1,-1,-1
115,5,548.66,331.00,47.10,87.55,0.99,-1,-1,-1
115,6,430.40,301.38,36.47,68.21,0.99,-1,-1,-1
115,7,1002.63,508.52,126.08,282.62,1.00,-1,-1,-1
115,8,36.18,614.32,132.15,113.34,0.93,-1,-1,-1
115,9,730.54,316.67,38.48,68.37,0.99,-1,-1,-1
115,10,74.80,615.27,96.53,117.74,0.75,-1,-1,-1
115,1,587.69,324.16,37.65,92.41,0.99,-1,-1,-1
115,11,737.25,338.67,41.39,89.45,0.95,-1,-1,-1
116,3,768.21,365.55,48.02,119.82,0.99,-1,-1,-1
116,4,531.21,318.04,44.91,84.68,1.00,-1,-1,-1
116,5,546.43,330.98,48.80,87.86,0.99,-1,-1,-1
116,6,433.00,302.49,39.02,66.83,1.00,-1,-1,-1
116,7,1003.21,508.52,124.88,282.62,1.00,-1,-1,-1
116,8,36.23,614.31,131.83,112.91,0.93,-1,-1,-1
116,9,728.86,316.76,40.48,70.96,0.98,-1,-1,-1
116,10,74.68,614.92,96.69,117.91,0.81,-1,-1,-1
116,1,589.08,324.19,38.17,91.34,1.00,-1,-1,-1
116,11,729.75,336.85,46.25,89.00,0.99,-1,-1,-1
117,3,755.24,364.04,54.43,120.99,1.00,-1,-1,-1
117,4,534.26,316.37,42.58,85.32,0.99,-1,-1,-1
117,5,544.49,329.97,51.77,88.32,0.98,-1,-1,-1
117,6,436.56,303.06,38.79,66.36,0.99,-1,-1,-1
117,7,1002.86,508.52,125.61,283.21,1.00,-1,-1,-1
117,8,36.24,614.30,131.44,112.14,0.92,-1,-1,-1
117,9,731.96,316.66,37.25,73.36,0.96,-1,-1,-1
117,10,74.89,614.80,96.60,118.55,0.83,-1,-1,-1
117,1,589.93,325.77,38.97,90.06,1.00,-1,-1,-1
117,11,725.87,335.61,48.32,94.27,0.99,-1,-1,-1
117,12,558.00,330.52,39.60,80.10,0.87,-1,-1,-1
118,3,749.11,362.13,56.48,123.06,1.00,-1,-1,-1
118,4,536.03,315.45,39.88,87.04,0.97,-1,-1,-1
118,5,544.88,329.33,51.78,88.83,0.98,-1,-1,-1
118,6,439.39,303.56,36.17,65.62,1.00,-1,-1,-1
118,7,1002.68,508.52,125.89,283.43,1.00,-1,-1,-1
118,8,36.31,614.28,131.70,112.44,0.93,-1,-1,-1
118,9,733.53,316.90,35.87,71.98,0.95,-1,-1,-1
118,10,74.77,615.03,96.71,118.20,0.79,-1,-1,-1
118,1,590.83,326.41,38.69,89.89,1.00,-1,-1,-1
118,11,724.44,335.31,49.73,95.61,0.98,-1,-1,-1
119,3,739.69,364.33,47.28,117.94,0.99,-1,-1,-1
119,4,537.08,314.08,35.81,88.26,0.99,-1,-1,-1
119,5,552.44,326.74,48.84,83.97,0.99,-1,-1,-1
119,6,441.55,304.18,40.92,64.78,1.00,-1,-1,-1
119,7,1002.67,508.21,125.98,284.11,1.00,-1,-1,-1
119,8,35.72,614.56,131.50,110.76,0.94,-1,-1,-1
119,9,736.56,316.69,32.96,76.30,0.97,-1,-1,-1
119,10,75.75,614.81,95.71,115.68,0.66,-1,-1,-1
119,1,590.97,325.34,36.80,90.44,0.99,-1,-1,-1
119,11,723.77,335.36,45.58,95.84,0.99,-1,-1,-1
120,3,734.63,365.68,46.68,116.38,0.99,-1,-1,-1
120,4,537.77,313.75,35.02,88.72,0.98,-1,-1,-1
120,5,556.67,325.85,47.04,82.16,0.99,-1,-1,-1
120,6,443.03,304.59,40.42,64.50,1.00,-1,-1,-1
120,7,1002.63,508.12,126.02,284.36,1.00,-1,-1,-1
120,8,35.41,614.70,131.02,109.52,0.94,-1,-1,-1
120,9,737.35,316.50,31.87,75.62,0.95,-1,-1,-1
120,10,74.91,614.46,96.11,116.52,0.72,-1,-1,-1
120,1,592.84,324.11,34.27,91.25,0.99,-1,-1,-1
120,11,724.00,335.43,42.69,96.81,0.99,-1,-1,-1
121,3,725.99,370.96,53.90,111.01,1.00,-1,-1,-1
121,4,538.35,314.96,36.64,87.98,0.99,-1,-1,-1
121,5,566.68,325.26,40.98,81.87,0.99,-1,-1,-1
121,6,445.24,305.92,38.12,63.83,1.00,-1,-1,-1
121,7,1002.64,508.36,126.04,283.26,1.00,-1,-1,-1
121,8,35.33,614.44,130.84,109.65,0.94,-1,-1,-1
121,9,736.11,316.40,32.72,78.18,0.98,-1,-1,-1
121,10,74.33,614.32,96.57,116.83,0.73,-1,-1,-1
121,1,595.45,326.20,32.14,88.30,0.99,-1,-1,-1
121,11,724.54,335.31,40.42,96.87,0.98,-1,-1,-1
122,3,710.53,371.55,68.41,111.90,0.99,-1,-1,-1
122,4,537.92,316.18,37.83,86.79,1.00,-1,-1,-1
122,5,572.40,321.75,37.38,84.83,0.99,-1,-1,-1
122,6,446.04,309.11,36.75,60.30,1.00,-1,-1,-1
122,7,1002.62,508.45,126.04,284.63,1.00,-1,-1,-1
122,8,35.26,614.63,130.78,109.11,0.95,-1,-1,-1
122,9,736.53,316.22,32.43,79.98,0.98,-1,-1,-1
122,10,75.22,614.26,95.96,115.76,0.70,-1,-1,-1
122,1,598.21,328.70,31.42,83.86,0.98,-1,-1,-1
122,11,723.26,335.42,41.49,97.47,0.98,-1,-1,-1
123,3,693.67,371.73,82.14,112.54,0.99,-1,-1,-1
123,4,533.89,317.09,41.87,86.02,1.00,-1,-1,-1
123,5,577.18,318.26,34.91,86.83,0.99,-1,-1,-1
123,6,446.39,310.42,35.79,58.72,1.00,-1,-1,-1
123,7,1002.62,508.48,126.03,284.55,1.00,-1,-1,-1
123,8,35.05,614.67,130.79,108.92,0.94,-1,-1,-1
123,9,736.99,315.98,32.33,80.93,0.99,-1,-1,-1
123,10,74.52,613.62,96.47,117.15,0.75,-1,-1,-1
123,1,599.80,319.26,30.58,90.49,0.99,-1,-1,-1
123,11,723.15,335.46,40.07,96.51,0.99,-1,-1,-1
124,3,684.42,371.18,88.03,115.19,1.00,-1,-1,-1
124,4,530.94,317.60,43.95,83.93,0.99,-1,-1,-1
124,5,579.37,315.67,35.99,89.68,0.99,-1,-1,-1
124,6,446.55,311.02,35.29,57.89,1.00,-1,-1,-1
124,7,1002.61,508.20,126.03,285.11,1.00,-1,-1,-1
124,8,35.02,614.71,130.80,108.85,0.95,-1,-1,-1
124,9,737.14,316.04,32.31,80.66,0.99,-1,-1,-1
124,10,74.11,613.70,96.70,117.08,0.74,-1,-1,-1
124,1,601.25,315.10,30.94,91.93,0.98,-1,-1,-1
124,11,722.60,335.50,39.56,97.03,0.99,-1,-1,-1
125,3,674.74,372.13,84.96,115.91,0.98,-1,-1,-1
125,4,526.61,315.67,43.04,81.94,0.99,-1,-1,-1
125,5,583.74,314.28,33.94,85.49,0.99,-1,-1,-1
125,6,446.82,311.19,34.50,57.94,1.00,-1,-1,-1
125,7,1002.60,508.08,126.03,285.32,1.00,-1,-1,-1
125,8,35.01,614.70,131.03,109.43,0.95,-1,-1,-1
125,9,735.69,316.20,33.51,73.77,0.96,-1,-1,-1
125,10,74.92,614.01,96.12,115.86,0.72,-1,-1,-1
125,1,605.39,316.31,29.87,88.07,0.99,-1,-1,-1
125,11,720.64,336.11,39.40,95.73,0.99,-1,-1,-1
126,3,665.72,374.12,77.13,114.55,0.99,-1,-1,-1
126,4,522.85,313.94,47.38,83.62,1.00,-1,-1,-1
126,5,586.20,313.28,33.22,83.54,0.99,-1,-1,-1
126,6,446.07,311.26,34.98,58.00,1.00,-1,-1,-1
126,7,1002.60,508.06,126.03,285.98,1.00,-1,-1,-1
126,8,35.01,614.73,131.57,109.65,0.95,-1,-1,-1
126,9,733.96,316.30,35.13,70.04,0.96,-1,-1,-1
126,10,75.31,614.17,95.97,115.40,0.72,-1,-1,-1
126,1,605.04,312.85,35.06,88.67,0.99,-1,-1,-1
126,11,718.16,337.27,40.57,95.23,0.99,-1,-1,-1
127,3,655.19,375.46,58.39,113.14,0.99,-1,-1,-1
127,4,518.90,313.61,47.27,82.46,1.00,-1,-1,-1
127,5,591.91,312.52,29.29,81.64,0.99,-1,-1,-1
127,6,445.43,309.90,35.16,59.56,1.00,-1,-1,-1
127,7,1002.60,508.35,126.03,285.63,1.00,-1,-1,-1
127,8,34.96,614.75,131.96,109.74,0.95,-1,-1,-1
127,9,733.00,316.48,35.75,53.17,0.95,-1,-1,-1
127,10,75.25,614.24,96.03,114.63,0.71,-1,-1,-1
127,1,607.21,309.69,40.79,89.50,1.00,-1,-1,-1
127,11,716.10,338.61,41.02,94.45,1.00,-1,-1,-1
128,3,650.78,374.58,50.76,113.96,0.99,-1,-1,-1
128,4,515.93,313.06,46.02,82.32,1.00,-1,-1,-1
128,5,594.49,311.87,28.57,80.36,0.99,-1,-1,-1
128,6,444.56,308.35,35.53,61.35,1.00,-1,-1,-1
128,7,1002.61,508.46,126.03,286.08,1.00,-1,-1,-1
128,8,34.98,614.76,132.25,109.77,0.95,-1,-1,-1
128,9,733.24,316.56,35.40,46.60,0.96,-1,-1,-1
128,10,75.26,614.27,96.06,114.34,0.71,-1,-1,-1
128,1,609.76,311.10,44.19,86.84,0.99,-1,-1,-1
128,11,716.00,339.57,40.01,93.55,1.00,-1,-1,-1
129,3,632.86,370.06,61.29,118.15,0.99,-1,-1,-1
129,4,512.46,311.51,44.91,83.47,1.00,-1,-1,-1
129,5,596.19,309.26,30.25,84.75,0.99,-1,-1,-1
129,6,444.00,304.79,36.42,65.29,1.00,-1,-1,-1
129,7,1002.60,508.50,126.03,285.06,1.00,-1,-1,-1
129,8,34.86,614.75,132.29,107.41,0.94,-1,-1,-1
129,9,733.62,316.57,34.67,44.74,0.96,-1,-1,-1
129,10,73.51,614.27,97.70,113.65,0.72,-1,-1,-1
129,1,611.59,310.36,46.16,87.64,0.99,-1,-1,-1
129,11,712.72,338.56,42.65,94.72,0.99,-1,-1,-1
130,3,621.16,368.20,67.34,119.86,0.99,-1,-1,-1
130,4,510.06,310.20,44.48,84.79,1.00,-1,-1,-1
130,5,597.06,308.33,30.23,86.06,0.99,-1,-1,-1
130,6,443.35,302.86,35.72,67.07,1.00,-1,-1,-1
130,7,1002.60,508.51,126.02,284.06,1.00,-1,-1,-1
130,8,34.87,614.43,132.44,107.11,0.94,-1,-1,-1
130,9,733.49,316.58,34.98,45.20,0.94,-1,-1,-1
130,10,72.81,614.25,98.47,113.40,0.72,-1,-1,-1
130,1,615.71,310.27,39.55,87.64,0.99,-1,-1,-1
130,11,711.85,339.36,43.60,93.97,0.99,-1,-1,-1
131,3,608.54,367.02,65.23,114.18,1.00,-1,-1,-1
131,4,505.97,306.90,43.71,88.25,1.00,-1,-1,-1
131,5,598.18,306.84,32.08,86.86,0.99,-1,-1,-1
131,6,442.92,300.92,34.40,68.93,1.00,-1,-1,-1
131,7,1002.61,508.49,126.01,283.09,1.00,-1,-1,-1
131,8,34.96,614.58,132.12,106.42,0.94,-1,-1,-1
131,9,733.45,316.40,35.09,44.80,0.97,-1,-1,-1
131,10,72.64,613.92,98.60,113.31,0.73,-1,-1,-1
131,1,616.73,309.68,46.44,81.69,0.99,-1,-1,-1
131,11,706.62,336.37,48.66,97.86,0.99,-1,-1,-1
132,3,601.64,367.05,53.53,112.09,0.99,-1,-1,-1
132,4,503.00,304.82,42.21,89.85,1.00,-1,-1,-1
132,5,599.41,306.66,33.36,85.70,0.99,-1,-1,-1
132,6,442.40,300.66,33.60,69.06,0.99,-1,-1,-1
132,7,1002.60,508.51,126.01,282.13,1.00,-1,-1,-1
132,8,34.94,614.37,132.19,106.76,0.94,-1,-1,-1
132,9,733.43,316.52,35.13,44.75,0.97,-1,-1,-1
132,10,71.61,613.83,99.53,113.89,0.73,-1,-1,-1
132,1,619.36,309.71,45.93,80.95,0.99,-1,-1,-1
132,11,702.95,335.57,48.30,97.55,0.99,-1,-1,-1
133,3,593.33,366.18,45.51,111.63,0.99,-1,-1,-1
133,4,498.38,303.91,44.06,85.46,0.99,-1,-1,-1
133,5,604.52,306.96,30.92,82.86,0.99,-1,-1,-1
133,6,441.91,300.88,30.30,69.08,0.99,-1,-1,-1
133,7,1002.61,508.51,126.02,282.36,1.00,-1,-1,-1
133,8,34.81,614.60,131.84,106.30,0.94,-1,-1,-1
133,9,734.03,316.41,34.55,52.21,0.96,-1,-1,-1
133,10,72.13,613.52,99.43,115.30,0.75,-1,-1,-1
133,1,622.42,309.16,44.48,83.74,1.00,-1,-1,-1
133,11,697.19,335.28,52.19,90.30,1.00,-1,-1,-1
134,3,588.84,365.56,42.87,110.88,0.99,-1,-1,-1
134,4,494.96,303.46,44.73,84.31,1.00,-1,-1,-1
134,5,607.90,307.13,29.96,81.80,0.99,-1,-1,-1
134,6,441.67,301.72,29.07,68.19,0.99,-1,-1,-1
134,7,1002.59,508.51,126.02,282.46,1.00,-1,-1,-1
134,8,34.86,614.69,132.26,106.74,0.94,-1,-1,-1
134,9,734.25,316.52,34.32,53.61,0.97,-1,-1,-1
134,10,73.77,613.99,98.01,113.46,0.70,-1,-1,-1
134,1,624.70,308.98,42.69,82.99,1.00,-1,-1,-1
134,11,693.32,335.64,55.36,87.48,1.00,-1,-1,-1
135,3,572.98,362.34,48.46,113.31,0.99,-1,-1,-1
135,4,493.18,303.32,38.50,83.59,1.00,-1,-1,-1
135,5,609.05,306.32,29.03,81.12,0.99,-1,-1,-1
135,6,440.82,303.38,28.83,66.95,0.99,-1,-1,-1
135,7,1002.61,508.50,126.02,281.91,1.00,-1,-1,-1
135,8,34.85,614.71,132.24,106.91,0.94,-1,-1,-1
135,9,733.75,316.55,35.43,61.82,0.96,-1,-1,-1
135,10,72.52,614.16,98.85,113.96,0.72,-1,-1,-1
135,1,626.12,307.74,40.19,82.42,0.99,-1,-1,-1
135,11,682.78,333.94,63.98,86.79,0.99,-1,-1,-1
136,3,563.17,360.39,52.02,108.74,1.00,-1,-1,-1
136,4,492.69,303.43,34.71,82.43,1.00,-1,-1,-1
136,5,610.84,304.39,28.71,82.69,0.99,-1,-1,-1
136,6,440.16,303.40,29.07,66.76,0.99,-1,-1,-1
136,7,1002.57,508.49,126.01,282.91,1.00,-1,-1,-1
136,8,34.79,614.68,132.37,106.99,0.94,-1,-1,-1
136,9,733.82,316.26,35.25,59.57,0.98,-1,-1,-1
136,10,73.88,614.19,97.78,112.96,0.70,-1,-1,-1
136,1,628.03,305.95,38.63,84.93,0.99,-1,-1,-1
136,11,675.88,332.55,68.98,88.69,1.00,-1,-1,-1
137,3,557.46,359.20,49.34,105.02,0.99,-1,-1,-1
137,4,486.97,302.89,36.62,82.00,0.99,-1,-1,-1
137,5,612.06,302.65,29.82,82.98,0.99,-1,-1,-1
137,6,442.09,301.46,26.14,68.77,0.99,-1,-1,-1
137,7,1002.60,508.47,126.00,282.70,1.00,-1,-1,-1
137,8,34.88,614.65,132.42,107.03,0.95,-1,-1,-1
137,9,733.89,316.12,35.18,58.23,0.97,-1,-1,-1
137,10,74.37,614.18,97.29,112.59,0.71,-1,-1,-1
137,1,630.53,302.49,35.62,86.16,1.00,-1,-1,-1
137,11,666.47,332.34,68.80,90.00,0.99,-1,-1,-1
138,3,555.93,358.68,45.79,103.23,1.00,-1,-1,-1
138,4,484.77,300.50,35.44,83.64,0.99,-1,-1,-1
138,5,612.43,301.77,30.24,83.10,1.00,-1,-1,-1
138,6,442.96,297.68,24.60,71.87,0.99,-1,-1,-1
138,7,1003.18,508.78,124.81,282.02,1.00,-1,-1,-1
138,8,34.87,614.67,132.47,107.04,0.94,-1,-1,-1
138,9,733.31,316.39,35.74,51.78,0.97,-1,-1,-1
138,10,71.14,614.21,99.90,113.06,0.72,-1,-1,-1
138,1,630.71,300.79,35.75,87.22,0.98,-1,-1,-1
138,11,664.14,333.49,50.90,88.73,0.98,-1,-1,-1
139,3,555.00,355.65,45.10,104.58,1.00,-1,-1,-1
139,4,479.22,293.72,38.70,86.04,0.99,-1,-1,-1
139,5,613.99,301.94,29.81,80.77,0.99,-1,-1,-1
139,6,444.69,286.82,29.63,80.88,0.98,-1,-1,-1
139,7,1003.42,508.61,124.36,282.36,1.00,-1,-1,-1
139,8,34.79,614.69,131.41,105.86,0.93,-1,-1,-1
139,9,733.40,316.51,35.36,47.38,0.96,-1,-1,-1
139,10,72.85,613.64,98.37,115.62,0.78,-1,-1,-1
139,1,631.97,299.46,34.59,86.15,0.98,-1,-1,-1
139,11,656.65,335.16,47.41,88.26,0.99,-1,-1,-1
140,3,553.68,352.48,44.88,107.19,0.99,-1,-1,-1
140,4,476.10,290.75,41.01,85.77,1.00,-1,-1,-1
140,5,615.08,302.81,29.06,78.69,0.99,-1,-1,-1
140,6,445.54,281.14,30.65,84.88,0.98,-1,-1,-1
140,7,1002.90,508.55,125.39,283.09,1.00,-1,-1,-1
140,8,34.75,614.39,131.01,106.02,0.93,-1,-1,-1
140,9,733.43,316.56,35.21,45.85,0.96,-1,-1,-1
140,10,73.51,613.42,97.77,116.58,0.77,-1,-1,-1
140,1,630.82,299.17,35.41,85.13,0.99,-1,-1,-1
140,11,652.78,335.05,47.60,88.69,0.99,-1,-1,-1
141,3,551.96,349.60,45.42,104.34,0.99,-1,-1,-1
141,4,474.12,292.53,41.34,80.02,0.99,-1,-1,-1
141,5,616.62,305.18,28.79,77.03,0.98,-1,-1,-1
141,6,445.85,281.20,26.41,81.05,0.98,-1,-1,-1
141,7,1003.30,508.55,124.61,282.77,1.00,-1,-1,-1
141,8,34.70,614.64,130.90,105.48,0.93,-1,-1,-1
141,9,733.45,316.76,35.15,47.18,0.98,-1,-1,-1
141,10,73.92,613.40,97.39,116.94,0.78,-1,-1,-1
141,1,631.87,300.34,35.11,81.76,0.99,-1,-1,-1
141,11,643.96,333.26,51.29,90.36,1.00,-1,-1,-1
142,3,549.76,347.49,44.43,101.15,0.99,-1,-1,-1
142,4,473.49,295.15,40.28,75.04,0.99,-1,-1,-1
142,5,618.62,306.67,27.50,75.84,0.98,-1,-1,-1
142,6,446.71,278.69,24.51,82.03,0.98,-1,-1,-1
142,7,1002.86,508.24,125.50,284.43,1.00,-1,-1,-1
142,8,34.66,614.42,131.20,105.88,0.93,-1,-1,-1
142,9,733.46,316.67,35.13,48.87,0.98,-1,-1,-1
142,10,74.08,613.38,97.25,116.47,0.76,-1,-1,-1
142,1,632.81,301.28,33.80,81.10,0.98,-1,-1,-1
142,11,635.84,331.69,53.23,90.99,1.00,-1,-1,-1
143,3,543.16,346.34,45.90,97.88,1.00,-1,-1,-1
143,4,470.09,296.02,38.07,75.73,0.99,-1,-1,-1
143,5,619.87,307.40,25.20,73.92,0.99,-1,-1,-1
143,6,446.96,277.24,25.45,82.37,0.99,-1,-1,-1
143,7,1002.68,508.43,125.84,284.46,1.00,-1,-1,-1
143,8,34.70,614.37,131.17,106.04,0.93,-1,-1,-1
143,9,733.45,316.65,35.12,47.44,0.96,-1,-1,-1
143,10,74.12,613.40,97.20,116.88,0.75,-1,-1,-1
143,1,636.13,304.83,32.72,80.58,0.99,-1,-1,-1
143,11,629.32,332.16,41.68,88.27,0.99,-1,-1,-1
144,3,540.31,345.98,45.84,96.11,1.00,-1,-1,-1
144,4,469.88,298.14,33.59,74.18,0.99,-1,-1,-1
144,5,620.23,307.37,23.76,73.24,0.98,-1,-1,-1
144,6,447.36,276.58,26.36,82.75,0.98,-1,-1,-1
144,7,1003.21,508.78,125.97,283.87,1.00,-1,-1,-1
144,8,34.62,614.32,131.34,106.10,0.92,-1,-1,-1
144,9,733.46,316.47,35.12,47.50,0.96,-1,-1,-1
144,10,74.15,613.68,97.18,116.43,0.76,-1,-1,-1
144,1,637.31,307.36,31.73,79.20,0.98,-1,-1,-1
144,11,623.11,332.94,39.32,86.92,0.98,-1,-1,-1
145,3,541.28,343.43,42.24,97.34,0.99,-1,-1,-1
145,4,469.39,298.92,30.04,73.03,0.99,-1,-1,-1
145,5,618.42,305.20,25.16,73.63,0.93,-1,-1,-1
145,6,447.80,278.40,26.12,81.39,0.98,-1,-1,-1
145,7,1004.00,509.49,124.81,284.24,1.00,-1,-1,-1
145,8,34.74,614.25,131.41,106.14,0.93,-1,-1,-1
145,9,733.47,316.38,35.11,47.54,0.96,-1,-1,-1
145,10,75.35,613.74,96.13,114.47,0.70,-1,-1,-1
145,1,635.84,307.97,31.40,77.20,0.98,-1,-1,-1
145,11,613.05,335.01,40.50,82.53,0.94,-1,-1,-1
146,3,542.33,340.90,39.02,98.12,1.00,-1,-1,-1
146,4,468.70,298.45,28.86,73.56,0.99,-1,-1,-1
146,5,616.90,303.51,27.43,74.40,0.95,-1,-1,-1
146,6,448.83,278.88,26.04,82.30,0.98,-1,-1,-1
146,7,1004.30,509.46,124.37,284.97,1.00,-1,-1,-1
146,8,34.85,614.22,131.06,106.15,0.93,-1,-1,-1
146,9,733.17,316.34,35.70,47.26,0.96,-1,-1,-1
146,10,74.71,613.45,96.60,115.52,0.74,-1,-1,-1
146,1,635.26,307.74,33.12,77.09,0.97,-1,-1,-1
146,11,599.07,335.79,48.21,88.85,0.99,-1,-1,-1
147,3,542.32,336.71,36.65,98.45,0.99,-1,-1,-1
147,4,468.24,296.93,27.87,74.68,0.99,-1,-1,-1
147,5,618.65,303.18,25.95,75.32,0.97,-1,-1,-1
147,6,450.26,281.45,26.46,85.26,0.99,-1,-1,-1
147,7,1004.40,509.45,124.21,285.84,1.00,-1,-1,-1
147,8,34.90,614.19,130.78,106.16,0.93,-1,-1,-1
147,9,733.07,316.33,35.92,46.27,0.97,-1,-1,-1
147,10,74.39,613.33,96.70,116.51,0.73,-1,-1,-1
147,1,634.45,305.99,29.60,76.17,0.96,-1,-1,-1
147,11,592.88,337.23,45.85,88.43,0.94,-1,-1,-1
147,13,599.85,338.62,36.90,69.75,0.94,-1,-1,-1
148,3,541.86,334.78,35.87,95.02,0.99,-1,-1,-1
148,4,468.16,295.50,26.95,76.02,0.99,-1,-1,-1
148,5,619.30,303.25,25.97,74.78,0.94,-1,-1,-1
148,6,451.36,283.35,26.63,85.49,0.99,-1,-1,-1
148,7,1004.45,510.04,124.16,285.56,1.00,-1,-1,-1
148,8,34.81,614.21,130.64,106.17,0.93,-1,-1,-1
148,9,733.04,316.19,36.01,46.51,0.96,-1,-1,-1
148,10,74.28,613.32,96.74,116.88,0.76,-1,-1,-1
148,1,633.11,305.06,28.23,75.25,0.96,-1,-1,-1
148,11,591.23,338.40,42.37,88.86,0.99,-1,-1,-1
149,3,539.64,333.55,38.11,91.93,0.99,-1,-1,-1
149,4,466.96,292.75,26.67,77.72,0.99,-1,-1,-1
149,5,619.20,303.74,25.39,75.79,0.98,-1,-1,-1
149,6,451.14,290.89,25.80,77.02,0.99,-1,-1,-1
149,7,1003.85,510.56,125.33,283.08,1.00,-1,-1,-1
149,8,34.87,614.22,130.78,106.77,0.94,-1,-1,-1
149,9,733.31,316.29,35.44,51.10,0.98,-1,-1,-1
149,10,75.07,613.91,95.83,114.64,0.69,-1,-1,-1
149,1,635.11,304.11,26.53,80.07,0.99,-1,-1,-1
149,11,588.27,336.60,39.81,90.51,0.99,-1,-1,-1
150,3,540.11,332.88,38.31,90.84,1.00,-1,-1,-1
150,4,467.23,291.15,25.38,78.97,0.99,-1,-1,-1
150,5,618.54,303.94,26.38,76.18,0.98,-1,-1,-1
150,6,450.59,294.22,25.34,73.29,0.99,-1,-1,-1
150,7,1004.24,510.75,124.60,282.13,1.00,-1,-1,-1
150,8,34.93,614.24,131.28,107.59,0.95,-1,-1,-1
150,9,733.44,316.18,35.22,49.89,0.97,-1,-1,-1
150,10,74.73,614.75,95.94,113.18,0.67,-1,-1,-1
150,1,635.18,304.07,25.97,81.24,0.99,-1,-1,-1
150,11,587.20,335.48,38.29,91.42,0.99,-1,-1,-1
151,3,540.42,332.08,37.21,89.88,0.99,-1,-1,-1
151,4,467.07,289.36,24.96,80.62,0.99,-1,-1,-1
151,5,617.68,304.01,25.57,76.93,0.99,-1,-1,-1
151,6,449.89,295.07,25.33,73.50,0.99,-1,-1,-1
151,7,1003.77,510.50,125.50,282.97,0.99,-1,-1,-1
151,8,34.95,614.22,131.36,107.90,0.95,-1,-1,-1
151,9,733.47,316.27,35.14,48.79,0.97,-1,-1,-1
151,10,74.86,614.74,95.69,113.25,0.67,-1,-1,-1
151,1,634.56,304.78,25.81,81.40,1.00,-1,-1,-1
151,11,587.04,332.07,36.53,93.53,0.99,-1,-1,-1
152,3,540.98,330.81,36.82,90.18,0.99,-1,-1,-1
152,4,467.39,288.29,24.23,82.13,0.99,-1,-1,-1
152,5,616.43,303.62,27.07,77.22,0.97,-1,-1,-1
152,6,449.64,295.07,26.53,74.49,0.99,-1,-1,-1
152,7,1003.01,510.41,125.85,284.48,0.99,-1,-1,-1
152,8,35.11,614.24,131.50,108.60,0.96,-1,-1,-1
152,9,733.79,316.47,34.51,49.26,0.98,-1,-1,-1
152,10,74.27,615.05,96.20,112.68,0.67,-1,-1,-1
152,1,634.64,305.38,25.78,81.46,0.99,-1,-1,-1
152,11,584.79,329.77,37.17,91.98,0.99,-1,-1,-1
153,3,542.16,328.16,37.31,86.13,0.99,-1,-1,-1
153,4,467.85,288.95,23.39,81.53,0.99,-1,-1,-1
153,5,614.50,304.08,29.37,76.74,0.97,-1,-1,-1
153,6,447.62,293.72,29.18,76.66,1.00,-1,-1,-1
153,7,1003.91,510.38,124.79,283.86,1.00,-1,-1,-1
153,8,35.11,614.27,131.44,108.27,0.95,-1,-1,-1
153,9,733.60,316.40,34.88,49.44,0.97,-1,-1,-1
153,10,74.48,615.18,95.95,112.47,0.67,-1,-1,-1
153,1,633.12,307.25,27.02,80.29,0.98,-1,-1,-1
153,11,584.09,328.01,36.81,89.27,0.99,-1,-1,-1
154,3,543.25,327.25,36.90,83.12,0.99,-1,-1,-1
154,4,467.76,289.56,23.76,81.27,0.99,-1,-1,-1
154,5,611.19,305.32,29.67,75.36,0.97,-1,-1,-1
154,6,446.30,292.91,30.76,78.07,1.00,-1,-1,-1
154,7,1004.26,510.37,124.39,283.62,1.00,-1,-1,-1
154,8,35.14,614.29,131.72,108.73,0.95,-1,-1,-1
154,9,733.55,316.39,35.02,51.28,0.98,-1,-1,-1
154,10,73.72,615.53,96.64,112.40,0.66,-1,-1,-1
154,1,634.07,308.57,26.28,79.55,0.99,-1,-1,-1
154,11,584.06,326.93,36.09,87.63,0.99,-1,-1,-1
155,3,544.01,326.39,36.17,82.40,0.99,-1,-1,-1
155,4,467.42,289.96,23.90,80.58,0.99,-1,-1,-1
155,5,607.51,307.59,35.62,79.34,0.92,-1,-1,-1
155,6,442.73,293.18,34.39,78.31,1.00,-1,-1,-1
155,7,1003.78,510.66,124.24,284.13,1.00,-1,-1,-1
155,8,35.20,614.30,131.82,109.49,0.96,-1,-1,-1
155,9,733.51,316.23,35.07,50.51,0.97,-1,-1,-1
155,10,71.57,615.66,98.61,112.39,0.71,-1,-1,-1
155,1,630.47,310.70,28.45,78.98,0.91,-1,-1,-1
155,11,582.99,324.46,38.29,87.93,0.99,-1,-1,-1
156,3,544.97,325.97,34.70,81.29,0.99,-1,-1,-1
156,4,467.04,289.98,23.98,80.30,0.99,-1,-1,-1
156,5,607.26,309.28,32.32,77.00,0.94,-1,-1,-1
156,6,440.40,293.85,36.77,78.09,1.00,-1,-1,-1
156,7,1003.62,510.46,124.19,283.72,1.00,-1,-1,-1
156,8,35.06,614.28,131.23,107.99,0.94,-1,-1,-1
156,9,733.52,316.17,35.09,52.27,0.98,-1,-1,-1
156,10,74.06,614.79,96.73,113.58,0.71,-1,-1,-1
156,1,628.92,310.73,30.39,80.26,0.98,-1,-1,-1
156,11,582.37,322.81,39.67,88.95,0.99,-1,-1,-1
157,3,545.66,324.18,33.57,82.76,0.99,-1,-1,-1
157,4,466.00,289.24,24.64,80.79,0.99,-1,-1,-1
157,5,607.81,310.96,28.97,74.87,0.86,-1,-1,-1
157,6,438.31,295.41,38.01,77.11,1.00,-1,-1,-1
157,7,1003.55,510.67,124.17,282.39,1.00,-1,-1,-1
157,8,34.98,614.25,131.15,107.42,0.94,-1,-1,-1
157,9,733.51,316.12,35.10,50.29,0.97,-1,-1,-1
157,10,75.16,614.74,95.70,113.45,0.69,-1,-1,-1
157,1,619.94,310.12,36.92,81.04,0.98,-1,-1,-1
157,11,586.06,320.57,36.68,90.52,0.99,-1,-1,-1
158,3,546.57,322.68,32.57,83.94,0.99,-1,-1,-1
158,4,465.36,288.40,24.89,81.27,0.99,-1,-1,-1
158,5,609.29,311.28,26.45,74.07,0.94,-1,-1,-1
158,6,436.94,295.85,39.05,77.03,1.00,-1,-1,-1
158,7,1003.53,510.74,124.16,281.88,1.00,-1,-1,-1
158,8,35.01,614.55,130.93,106.60,0.94,-1,-1,-1
158,9,733.52,315.96,35.10,50.39,0.97,-1,-1,-1
158,10,75.52,614.42,95.46,113.99,0.70,-1,-1,-1
158,1,622.57,309.14,33.38,81.93,0.99,-1,-1,-1
158,11,588.37,319.03,34.88,91.41,0.99,-1,-1,-1
159,3,548.13,319.18,33.46,86.80,1.00,-1,-1,-1
159,4,463.03,288.38,26.20,79.97,0.99,-1,-1,-1
159,5,610.13,310.61,23.70,69.29,0.80,-1,-1,-1
159,6,436.40,295.54,36.58,77.59,1.00,-1,-1,-1
159,7,1004.12,511.06,122.98,278.72,1.00,-1,-1,-1
159,8,34.81,614.95,131.34,107.49,0.94,-1,-1,-1
159,9,734.11,316.34,34.51,48.35,0.98,-1,-1,-1
159,10,73.94,614.30,97.65,115.39,0.79,-1,-1,-1
159,1,620.32,307.85,35.26,83.15,0.99,-1,-1,-1
159,11,590.18,318.18,36.10,85.54,0.99,-1,-1,-1
160,3,549.30,317.64,33.20,87.89,1.00,-1,-1,-1
160,4,460.44,288.27,28.44,79.46,0.99,-1,-1,-1
160,5,609.83,310.05,22.72,69.03,0.89,-1,-1,-1
160,6,435.64,294.99,35.82,78.10,0.99,-1,-1,-1
160,7,1004.34,511.19,122.53,276.93,1.00,-1,-1,-1
160,8,34.80,615.11,131.68,107.83,0.94,-1,-1,-1
160,9,734.34,316.65,34.28,46.96,0.98,-1,-1,-1
160,10,73.34,614.26,98.58,115.91,0.78,-1,-1,-1
160,1,619.53,306.94,35.35,83.90,0.99,-1,-1,-1
160,11,591.74,318.09,35.93,82.63,0.99,-1,-1,-1
161,3,550.64,316.81,33.72,86.85,0.99,-1,-1,-1
161,4,457.45,288.83,31.02,78.38,0.99,-1,-1,-1
161,5,608.16,306.50,24.28,72.59,0.85,-1,-1,-1
161,6,433.31,293.72,30.79,79.77,0.99,-1,-1,-1
161,7,1004.43,511.23,122.37,276.29,1.00,-1,-1,-1
161,8,34.73,614.88,132.07,107.96,0.94,-1,-1,-1
161,9,734.42,316.76,34.20,46.76,0.98,-1,-1,-1
161,10,73.02,614.25,98.93,115.51,0.75,-1,-1,-1
161,1,618.08,306.29,36.53,84.47,0.98,-1,-1,-1
161,11,594.48,317.64,34.09,78.26,0.99,-1,-1,-1
162,3,551.44,317.19,34.53,80.79,1.00,-1,-1,-1
162,4,455.61,289.84,32.74,77.37,0.99,-1,-1,-1
162,5,605.52,304.80,27.20,75.37,0.82,-1,-1,-1
162,6,431.84,293.12,28.15,80.09,0.99,-1,-1,-1
162,7,1004.45,510.96,122.32,275.47,1.00,-1,-1,-1
162,8,34.74,614.80,132.36,108.59,0.94,-1,-1,-1
162,9,734.45,316.82,34.17,46.39,0.98,-1,-1,-1
162,10,72.86,614.57,98.91,115.35,0.75,-1,-1,-1
162,1,617.28,306.07,36.97,84.97,0.98,-1,-1,-1
162,11,596.80,316.63,32.79,77.00,0.99,-1,-1,-1
163,3,554.69,317.44,32.47,81.87,0.98,-1,-1,-1
163,4,454.75,290.53,34.98,76.70,1.00,-1,-1,-1
163,5,603.09,303.72,29.45,80.84,0.84,-1,-1,-1
163,6,429.64,292.89,26.31,81.39,1.00,-1,-1,-1
163,7,1003.86,510.57,123.50,275.79,1.00,-1,-1,-1
163,8,34.70,614.79,132.28,108.83,0.94,-1,-1,-1
163,9,734.46,316.70,34.17,46.87,0.98,-1,-1,-1
163,10,73.23,614.40,98.74,115.88,0.77,-1,-1,-1
163,1,612.06,306.59,42.35,86.33,0.99,-1,-1,-1
163,11,598.25,316.46,32.96,78.72,0.97,-1,-1,-1
164,3,557.15,316.94,31.07,80.46,0.99,-1,-1,-1
164,4,454.16,290.19,36.42,77.06,1.00,-1,-1,-1
164,6,427.98,293.23,24.43,81.28,1.00,-1,-1,-1
164,7,1003.63,511.00,123.95,274.74,1.00,-1,-1,-1
164,8,34.60,614.76,131.58,108.32,0.94,-1,-1,-1
164,9,734.45,316.79,34.17,47.35,0.98,-1,-1,-1
164,10,73.12,614.02,98.86,116.67,0.81,-1,-1,-1
164,1,615.66,307.37,38.81,86.24,0.98,-1,-1,-1
164,11,598.77,314.47,32.43,79.97,0.98,-1,-1,-1
165,3,559.54,313.93,29.97,80.57,0.99,-1,-1,-1
165,4,454.25,289.16,35.84,77.81,1.00,-1,-1,-1
165,6,424.76,294.84,25.07,79.15,0.99,-1,-1,-1
165,7,1003.55,510.57,124.12,276.76,1.00,-1,-1,-1
165,8,34.64,614.75,131.76,108.72,0.94,-1,-1,-1
165,9,734.45,316.67,34.17,47.84,0.98,-1,-1,-1
165,10,73.03,614.18,99.01,116.37,0.78,-1,-1,-1
165,1,619.45,308.26,34.79,87.08,0.99,-1,-1,-1
165,11,599.57,317.33,34.07,77.79,0.99,-1,-1,-1
166,3,560.98,312.56,29.60,80.64,0.99,-1,-1,-1
166,4,453.91,288.63,35.72,78.39,1.00,-1,-1,-1
166,6,421.41,295.90,26.52,80.42,1.00,-1,-1,-1
166,7,1003.52,510.99,124.18,276.94,1.00,-1,-1,-1
166,8,34.66,614.73,131.68,108.87,0.94,-1,-1,-1
166,9,734.45,316.77,34.17,49.21,0.98,-1,-1,-1
166,10,73.05,613.93,98.94,116.84,0.79,-1,-1,-1
166,1,620.33,309.91,33.84,83.84,0.96,-1,-1,-1
166,11,598.67,319.68,44.72,78.19,0.99,-1,-1,-1
166,5,601.53,306.66,28.23,78.84,0.74,-1,-1,-1
167,3,562.38,311.65,33.14,78.29,0.99,-1,-1,-1
167,4,452.94,288.87,35.36,78.61,1.00,-1,-1,-1
167,6,416.97,297.16,29.44,80.88,1.00,-1,-1,-1
167,7,1003.51,511.14,124.21,275.83,1.00,-1,-1,-1
167,8,34.71,614.72,131.76,108.92,0.94,-1,-1,-1
167,9,734.45,316.80,34.17,47.97,0.98,-1,-1,-1
167,10,73.10,614.13,99.03,116.42,0.77,-1,-1,-1
167,1,623.97,310.84,29.89,82.27,0.97,-1,-1,-1
167,11,599.44,317.25,47.99,81.36,0.99,-1,-1,-1
167,5,601.13,307.20,27.33,76.84,0.92,-1,-1,-1
