0,1,334.12,363.15,50.85,103.05,0.99,-1,-1,-1
0,2,1027.80,366.75,55.80,147.60,1.00,-1,-1,-1
0,3,778.50,347.62,52.20,129.38,1.00,-1,-1,-1
0,4,256.95,369.45,41.85,113.85,1.00,-1,-1,-1
0,5,388.12,323.32,38.70,74.25,0.99,-1,-1,-1
0,6,1008.90,503.10,120.60,279.90,0.99,-1,-1,-1
0,7,346.27,324.00,31.05,68.85,0.99,-1,-1,-1
0,8,731.70,316.35,39.60,55.35,0.96,-1,-1,-1
1,1,335.50,363.35,50.07,103.24,1.00,-1,-1,-1
1,2,1027.81,366.73,55.80,146.82,1.00,-1,-1,-1
1,3,778.90,344.30,48.30,128.40,0.99,-1,-1,-1
1,4,257.54,368.87,41.07,114.43,1.00,-1,-1,-1
1,5,388.52,326.64,39.09,72.30,0.99,-1,-1,-1
1,6,1008.13,503.08,120.61,275.21,0.99,-1,-1,-1
1,7,345.89,327.32,31.83,70.80,0.99,-1,-1,-1
1,8,731.32,316.34,40.38,63.94,0.94,-1,-1,-1
2,1,335.90,363.38,50.29,102.93,0.99,-1,-1,-1
2,2,1027.81,366.74,57.21,146.33,1.00,-1,-1,-1
2,3,779.32,343.38,46.91,127.53,0.99,-1,-1,-1
2,4,257.99,368.59,40.58,114.71,1.00,-1,-1,-1
2,5,388.23,327.39,39.51,72.32,0.99,-1,-1,-1
2,6,1008.70,502.39,120.61,275.12,0.99,-1,-1,-1
2,7,345.12,328.07,31.62,72.18,0.99,-1,-1,-1
2,8,731.94,316.34,39.82,57.55,0.95,-1,-1,-1
3,1,336.70,363.74,50.72,102.48,0.99,-1,-1,-1
3,2,1029.18,366.39,57.65,145.16,1.00,-1,-1,-1
3,3,779.09,342.98,44.47,126.07,1.00,-1,-1,-1
3,4,258.81,368.35,40.11,114.62,1.00,-1,-1,-1
3,5,388.48,328.43,39.30,72.01,1.00,-1,-1,-1
3,6,1008.22,502.16,120.61,275.86,0.99,-1,-1,-1
3,7,343.00,328.76,31.88,73.94,0.99,-1,-1,-1
3,8,731.81,316.34,39.63,53.81,0.96,-1,-1,-1
4,1,337.59,363.68,50.85,102.84,0.99,-1,-1,-1
4,2,1030.27,364.96,57.76,145.14,1.00,-1,-1,-1
4,3,779.00,343.08,43.12,124.47,1.00,-1,-1,-1
4,4,259.72,367.95,38.96,115.24,1.00,-1,-1,-1
4,5,387.73,328.71,40.20,71.93,0.99,-1,-1,-1
4,6,1008.03,502.12,120.60,275.47,0.99,-1,-1,-1
4,7,342.17,329.27,31.96,75.13,0.99,-1,-1,-1
4,8,731.75,316.35,39.57,56.24,0.96,-1,-1,-1
5,1,339.15,363.49,50.25,102.49,1.00,-1,-1,-1
5,2,1031.28,362.87,59.05,145.82,1.00,-1,-1,-1
5,3,779.31,344.61,40.11,122.84,1.00,-1,-1,-1
5,4,259.50,367.82,40.26,115.44,1.00,-1,-1,-1
5,5,386.05,328.91,41.14,73.54,0.99,-1,-1,-1
5,6,1008.00,502.11,120.61,273.42,0.99,-1,-1,-1
5,7,341.14,330.35,33.59,76.12,0.99,-1,-1,-1
5,8,731.74,316.50,39.56,56.04,0.96,-1,-1,-1
6,1,340.30,363.89,49.39,101.90,1.00,-1,-1,-1
6,2,1032.20,361.56,59.48,145.43,1.00,-1,-1,-1
6,3,779.40,345.16,39.24,122.34,1.00,-1,-1,-1
6,4,259.73,368.10,40.38,115.50,1.00,-1,-1,-1
6,5,385.31,328.49,41.46,75.97,0.99,-1,-1,-1
6,6,1007.97,502.14,120.60,273.35,0.99,-1,-1,-1
6,7,340.51,331.17,34.45,77.35,0.99,-1,-1,-1
6,8,731.72,316.41,39.56,56.33,0.96,-1,-1,-1
7,1,341.93,364.50,48.47,101.54,1.00,-1,-1,-1
7,2,1034.97,360.64,58.38,141.42,1.00,-1,-1,-1
7,3,778.79,345.50,42.91,122.38,0.99,-1,-1,-1
7,4,260.12,367.75,40.13,115.66,1.00,-1,-1,-1
7,5,385.39,328.47,40.63,77.14,0.99,-1,-1,-1
7,6,1007.98,502.13,120.60,275.84,0.99,-1,-1,-1
7,7,340.94,331.91,33.85,77.14,0.99,-1,-1,-1
7,8,731.73,316.52,39.56,58.63,0.96,-1,-1,-1
8,1,342.93,364.71,47.84,101.42,1.00,-1,-1,-1
8,2,1036.56,359.29,59.17,140.44,1.00,-1,-1,-1
8,3,778.88,345.46,44.13,122.28,1.00,-1,-1,-1
8,4,260.23,367.62,40.34,115.71,1.00,-1,-1,-1
8,5,384.51,328.44,41.22,77.55,1.00,-1,-1,-1
8,6,1007.96,502.45,120.59,275.53,0.99,-1,-1,-1
8,7,341.60,332.44,32.67,76.70,0.99,-1,-1,-1
8,8,731.72,316.42,39.57,55.84,0.96,-1,-1,-1
9,1,343.41,364.00,48.24,101.54,1.00,-1,-1,-1
9,2,1040.75,358.52,58.24,139.82,1.00,-1,-1,-1
9,3,778.64,344.82,46.44,122.89,0.99,-1,-1,-1
9,4,260.89,367.27,40.12,116.03,1.00,-1,-1,-1
9,5,382.27,328.55,43.24,77.68,0.99,-1,-1,-1
9,6,1007.99,502.86,120.59,274.20,0.99,-1,-1,-1
9,7,342.05,331.83,32.83,78.62,0.99,-1,-1,-1
9,8,731.73,316.36,39.57,56.62,0.95,-1,-1,-1
10,1,343.53,362.99,48.70,102.35,0.99,-1,-1,-1
10,2,1043.46,358.45,57.87,140.09,1.00,-1,-1,-1
10,3,778.53,344.44,48.48,123.30,0.99,-1,-1,-1
10,4,261.39,367.30,39.74,115.99,1.00,-1,-1,-1
10,5,381.72,328.74,43.39,77.39,1.00,-1,-1,-1
10,6,1007.98,502.73,120.59,274.32,0.99,-1,-1,-1
10,7,341.91,331.59,33.49,79.60,0.99,-1,-1,-1
10,8,731.72,316.35,39.57,52.07,0.96,-1,-1,-1
11,1,345.05,362.30,48.28,102.35,0.99,-1,-1,-1
11,2,1046.83,357.84,57.73,140.22,1.00,-1,-1,-1
11,3,776.45,343.08,51.62,122.57,0.99,-1,-1,-1
11,4,261.58,367.32,39.91,115.97,1.00,-1,-1,-1
11,5,380.82,329.55,43.43,77.56,1.00,-1,-1,-1
11,6,1008.00,502.97,120.60,272.57,0.99,-1,-1,-1
11,7,341.28,332.36,34.92,83.80,0.99,-1,-1,-1
11,8,731.43,316.34,40.18,52.85,0.95,-1,-1,-1
12,1,345.42,361.62,48.74,102.21,0.99,-1,-1,-1
12,2,1048.59,357.51,57.67,140.15,1.00,-1,-1,-1
12,3,775.92,341.53,52.81,121.86,0.99,-1,-1,-1
12,4,261.92,367.20,39.97,116.10,1.00,-1,-1,-1
12,5,381.38,329.56,42.53,77.60,0.99,-1,-1,-1
12,6,1007.99,502.47,120.60,272.52,0.99,-1,-1,-1
12,7,341.04,332.95,35.16,83.61,0.99,-1,-1,-1
12,8,730.70,316.35,41.01,61.32,0.92,-1,-1,-1
13,1,350.18,362.27,46.22,100.95,0.99,-1,-1,-1
13,2,1049.80,356.34,60.05,141.50,1.00,-1,-1,-1
13,3,775.17,339.14,53.26,121.46,0.99,-1,-1,-1
13,4,262.34,367.17,40.01,116.15,1.00,-1,-1,-1
13,5,381.04,330.45,42.17,79.99,1.00,-1,-1,-1
13,6,1008.02,502.85,120.62,273.72,0.99,-1,-1,-1
13,7,340.09,333.61,37.02,84.65,0.99,-1,-1,-1
13,8,731.34,316.33,40.13,57.79,0.94,-1,-1,-1
14,1,351.31,362.98,46.18,99.73,1.00,-1,-1,-1
14,2,1050.76,355.21,62.10,142.77,1.00,-1,-1,-1
14,3,774.86,337.84,52.23,120.13,0.99,-1,-1,-1
14,4,262.61,367.16,40.32,116.16,1.00,-1,-1,-1
14,5,381.37,333.86,41.43,79.10,0.99,-1,-1,-1
14,6,1008.00,502.73,120.61,271.79,0.99,-1,-1,-1
14,7,339.86,333.99,37.71,86.77,1.00,-1,-1,-1
14,8,731.27,316.35,40.39,63.75,0.94,-1,-1,-1
15,1,352.44,364.31,45.88,98.24,1.00,-1,-1,-1
15,2,1054.60,353.62,61.71,140.57,1.00,-1,-1,-1
15,3,773.29,336.17,51.21,118.75,1.00,-1,-1,-1
15,4,262.86,367.32,40.44,115.71,1.00,-1,-1,-1
15,5,382.12,337.41,39.94,78.73,0.99,-1,-1,-1
15,6,1008.01,502.67,120.62,273.47,0.99,-1,-1,-1
15,7,339.94,333.98,39.13,91.93,1.00,-1,-1,-1
15,8,731.25,316.35,40.48,58.13,0.95,-1,-1,-1
16,1,353.10,364.94,45.48,97.54,1.00,-1,-1,-1
16,2,1057.76,352.62,60.34,139.29,1.00,-1,-1,-1
16,3,771.80,335.28,51.40,118.56,0.99,-1,-1,-1
16,4,262.93,367.22,40.48,115.69,1.00,-1,-1,-1
16,5,382.72,339.01,39.07,79.46,0.99,-1,-1,-1
16,6,1007.99,502.96,120.61,272.32,0.99,-1,-1,-1
16,7,340.27,333.95,39.37,95.32,1.00,-1,-1,-1
16,8,731.23,316.35,40.51,57.22,0.95,-1,-1,-1
17,1,353.00,366.24,46.25,96.55,0.99,-1,-1,-1
17,2,1061.89,351.67,58.61,135.83,1.00,-1,-1,-1
17,3,769.50,336.49,50.87,117.01,1.00,-1,-1,-1
17,4,263.40,367.36,40.20,115.82,1.00,-1,-1,-1
17,5,383.27,339.59,38.76,80.02,0.99,-1,-1,-1
17,6,1008.60,503.06,119.42,271.29,0.99,-1,-1,-1
17,7,341.44,336.25,42.07,106.69,0.98,-1,-1,-1
17,8,731.54,316.36,39.93,53.89,0.96,-1,-1,-1
18,1,351.87,365.64,48.03,97.25,0.99,-1,-1,-1
18,2,1063.92,350.63,57.94,135.31,1.00,-1,-1,-1
18,3,766.55,337.28,52.43,116.46,0.99,-1,-1,-1
18,4,263.71,367.38,39.79,115.87,1.00,-1,-1,-1
18,5,383.62,339.61,38.65,80.51,1.00,-1,-1,-1
18,6,1008.80,503.12,118.95,273.90,0.99,-1,-1,-1
18,7,342.46,338.65,41.93,106.57,0.99,-1,-1,-1
18,8,731.34,316.52,40.30,50.80,0.97,-1,-1,-1
19,1,351.30,366.43,48.99,96.19,0.99,-1,-1,-1
19,2,1066.98,350.28,56.49,134.84,1.00,-1,-1,-1
19,3,763.72,338.64,53.58,115.08,1.00,-1,-1,-1
19,4,263.84,367.08,39.93,115.89,1.00,-1,-1,-1
19,5,382.72,339.11,40.72,80.98,0.99,-1,-1,-1
19,6,1008.27,502.83,119.97,274.88,0.99,-1,-1,-1
19,7,343.63,340.33,39.79,101.45,0.99,-1,-1,-1
19,8,731.28,316.72,40.44,47.85,0.95,-1,-1,-1
20,1,352.21,364.47,48.48,98.05,0.99,-1,-1,-1
20,2,1068.63,349.73,57.16,134.85,1.00,-1,-1,-1
20,3,760.90,338.86,55.19,114.90,1.00,-1,-1,-1
20,4,263.41,367.41,41.48,115.15,1.00,-1,-1,-1
20,5,382.97,339.19,40.89,80.85,1.00,-1,-1,-1
20,6,1008.07,502.72,120.36,275.26,0.99,-1,-1,-1
20,7,344.67,340.80,38.61,99.58,1.00,-1,-1,-1
20,8,731.25,316.63,40.49,46.52,0.95,-1,-1,-1
21,1,352.42,362.40,48.87,99.79,0.98,-1,-1,-1
21,2,1070.96,348.79,57.41,135.62,1.00,-1,-1,-1
21,3,758.12,338.04,56.95,115.76,1.00,-1,-1,-1
21,4,262.98,369.63,44.70,112.48,1.00,-1,-1,-1
21,5,381.62,338.89,42.73,83.15,1.00,-1,-1,-1
21,6,1008.60,502.95,119.32,278.95,0.99,-1,-1,-1
21,7,347.78,339.92,37.26,100.29,0.99,-1,-1,-1
21,8,731.25,316.75,40.50,45.77,0.96,-1,-1,-1
22,1,352.72,362.55,49.61,99.28,0.99,-1,-1,-1
22,2,1072.94,348.49,56.32,135.64,1.00,-1,-1,-1
22,3,756.20,336.87,58.21,117.00,1.00,-1,-1,-1
22,4,262.48,372.01,46.78,109.98,1.00,-1,-1,-1
22,5,381.07,339.53,43.43,82.83,1.00,-1,-1,-1
22,6,1008.80,503.07,118.94,280.35,0.99,-1,-1,-1
22,7,349.34,339.75,38.26,100.82,0.99,-1,-1,-1
22,8,731.23,316.81,40.51,45.55,0.96,-1,-1,-1
23,1,352.38,365.51,58.15,95.21,0.99,-1,-1,-1
23,2,1074.19,347.49,55.93,135.96,1.00,-1,-1,-1
23,3,753.47,335.27,58.68,116.88,1.00,-1,-1,-1
23,4,263.00,375.68,48.48,106.95,0.99,-1,-1,-1
23,5,380.28,341.15,46.63,83.86,1.00,-1,-1,-1
23,6,1007.71,503.10,120.03,280.84,0.99,-1,-1,-1
23,7,351.37,340.33,37.75,96.55,0.99,-1,-1,-1
23,8,731.52,317.01,39.93,44.59,0.98,-1,-1,-1
24,1,355.73,368.86,58.77,91.55,0.99,-1,-1,-1
24,2,1075.17,347.45,55.78,134.31,1.00,-1,-1,-1
24,3,752.18,333.47,58.25,115.96,0.99,-1,-1,-1
24,4,262.91,376.96,49.69,106.46,0.99,-1,-1,-1
24,5,380.42,342.28,49.26,84.83,1.00,-1,-1,-1
24,6,1007.29,503.11,120.43,279.24,0.99,-1,-1,-1
24,7,350.93,341.36,40.52,102.33,0.99,-1,-1,-1
24,8,731.64,317.06,39.70,44.58,0.97,-1,-1,-1
25,1,351.92,371.99,64.73,87.49,1.00,-1,-1,-1
25,2,1076.06,346.24,55.73,133.42,1.00,-1,-1,-1
25,3,751.74,329.93,55.69,114.74,1.00,-1,-1,-1
25,4,263.84,374.92,47.25,108.12,1.00,-1,-1,-1
25,5,380.74,343.66,51.71,86.06,1.00,-1,-1,-1
25,6,1008.31,503.09,119.38,279.82,0.99,-1,-1,-1
25,7,352.90,344.87,40.95,89.61,0.98,-1,-1,-1
25,8,731.97,317.03,39.02,45.22,0.97,-1,-1,-1
26,1,350.71,373.12,67.00,86.06,1.00,-1,-1,-1
26,2,1077.50,345.71,54.52,131.76,1.00,-1,-1,-1
26,3,751.64,328.36,53.46,113.70,0.99,-1,-1,-1
26,4,263.60,372.65,45.92,109.96,1.00,-1,-1,-1
26,5,382.00,345.04,51.23,85.93,0.99,-1,-1,-1
26,6,1008.68,503.12,118.96,280.62,0.99,-1,-1,-1
26,7,353.49,348.74,41.10,83.00,0.96,-1,-1,-1
26,8,731.77,317.19,38.16,44.58,0.95,-1,-1,-1
27,1,344.60,372.40,73.28,86.20,1.00,-1,-1,-1
27,2,1079.76,343.89,54.07,130.42,1.00,-1,-1,-1
27,3,752.86,327.04,49.61,111.84,0.98,-1,-1,-1
27,4,264.04,369.82,44.22,110.82,0.99,-1,-1,-1
27,5,384.95,346.55,49.82,84.97,1.00,-1,-1,-1
27,6,1008.81,503.13,118.81,281.53,0.99,-1,-1,-1
27,7,355.11,352.67,42.02,80.09,0.95,-1,-1,-1
27,8,731.68,316.92,37.85,57.37,0.93,-1,-1,-1
28,1,341.27,369.40,77.11,89.01,0.99,-1,-1,-1
28,2,1081.73,342.66,53.91,130.24,1.00,-1,-1,-1
28,3,752.79,326.76,46.93,110.86,0.98,-1,-1,-1
28,4,264.26,367.71,45.37,108.63,0.99,-1,-1,-1
28,5,386.30,348.58,49.53,83.39,0.99,-1,-1,-1
28,6,1008.86,503.15,118.75,280.65,0.99,-1,-1,-1
28,7,353.12,354.47,49.37,81.27,0.75,-1,-1,-1
28,8,731.97,316.85,37.74,63.09,0.93,-1,-1,-1
29,1,334.71,364.87,83.68,92.74,0.99,-1,-1,-1
29,2,1083.61,342.39,53.86,130.05,1.00,-1,-1,-1
29,3,750.04,327.00,47.24,109.62,0.99,-1,-1,-1
29,4,263.74,364.21,48.44,108.70,1.00,-1,-1,-1
29,5,388.86,351.26,48.52,81.58,0.99,-1,-1,-1
29,6,1008.89,503.16,118.73,279.71,0.99,-1,-1,-1
29,7,348.37,354.46,60.41,85.04,0.73,-1,-1,-1
29,8,732.39,316.54,37.71,62.76,0.88,-1,-1,-1
30,1,331.98,362.86,77.89,92.70,0.66,-1,-1,-1
30,2,1085.43,342.48,53.85,129.25,1.00,-1,-1,-1
30,3,746.98,328.03,47.97,108.29,0.99,-1,-1,-1
30,4,263.70,362.63,49.02,108.74,1.00,-1,-1,-1
30,5,390.59,353.27,48.40,80.30,0.99,-1,-1,-1
30,6,1008.89,503.16,118.72,279.33,0.99,-1,-1,-1
30,7,342.16,353.97,73.21,90.60,0.98,-1,-1,-1
30,8,731.34,316.85,40.10,58.50,0.89,-1,-1,-1
31,1,327.39,361.93,67.60,93.58,0.99,-1,-1,-1
31,2,1087.85,342.24,53.86,129.28,0.99,-1,-1,-1
31,3,741.41,329.79,48.85,106.62,1.00,-1,-1,-1
31,4,262.10,359.81,46.29,108.92,1.00,-1,-1,-1
31,5,392.27,356.20,48.64,78.02,1.00,-1,-1,-1
31,6,1008.31,503.15,118.72,279.18,0.99,-1,-1,-1
31,7,342.97,354.45,71.21,90.68,1.00,-1,-1,-1
31,8,731.56,316.81,40.98,51.97,0.93,-1,-1,-1
32,1,322.32,360.89,60.72,94.20,0.99,-1,-1,-1
32,2,1089.86,342.46,53.88,128.71,1.00,-1,-1,-1
32,3,738.49,329.72,48.61,106.94,0.99,-1,-1,-1
32,4,260.72,358.08,47.00,107.05,1.00,-1,-1,-1
32,5,391.86,357.57,50.20,76.87,1.00,-1,-1,-1
32,6,1007.49,503.13,119.93,279.11,0.99,-1,-1,-1
32,7,342.39,354.76,70.64,89.50,1.00,-1,-1,-1
32,8,731.64,316.80,42.49,59.27,0.87,-1,-1,-1
32,9,731.70,317.25,54.90,77.85,0.78,-1,-1,-1
33,1,307.89,361.24,64.78,92.95,0.99,-1,-1,-1
33,2,1092.94,341.34,52.70,128.21,0.99,-1,-1,-1
33,3,736.28,329.38,49.12,106.78,1.00,-1,-1,-1
33,4,261.14,357.60,46.96,104.10,1.00,-1,-1,-1
33,5,394.06,358.30,49.90,75.85,0.99,-1,-1,-1
33,6,1007.80,503.09,119.20,277.87,0.99,-1,-1,-1
33,7,345.63,353.63,58.63,93.19,1.00,-1,-1,-1
33,8,732.28,316.63,48.89,69.08,0.99,-1,-1,-1
34,1,304.22,361.58,61.45,93.95,0.99,-1,-1,-1
34,2,1095.19,340.51,51.06,127.00,1.00,-1,-1,-1
34,3,736.42,329.59,47.53,106.15,1.00,-1,-1,-1
34,4,263.85,357.81,46.63,103.01,0.99,-1,-1,-1
34,5,394.89,358.24,50.06,76.10,1.00,-1,-1,-1
34,6,1007.90,503.38,118.92,277.99,0.99,-1,-1,-1
34,7,346.24,352.19,52.81,96.01,1.00,-1,-1,-1
34,8,731.95,316.86,49.62,71.86,0.98,-1,-1,-1
35,1,304.98,361.43,60.99,96.69,0.99,-1,-1,-1
35,2,1098.97,339.16,48.04,125.81,0.99,-1,-1,-1
35,3,735.68,328.77,45.13,105.34,0.99,-1,-1,-1
35,4,266.82,357.63,46.50,102.18,1.00,-1,-1,-1
35,5,396.07,357.27,49.81,76.81,0.99,-1,-1,-1
35,6,1007.95,503.18,118.82,278.03,0.99,-1,-1,-1
35,7,347.07,349.57,52.91,99.41,1.00,-1,-1,-1
35,8,733.54,317.10,43.56,73.79,0.98,-1,-1,-1
36,1,305.49,361.09,59.92,97.14,0.99,-1,-1,-1
36,2,1100.87,338.11,46.95,125.70,1.00,-1,-1,-1
36,3,735.49,328.04,43.64,104.77,1.00,-1,-1,-1
36,4,269.99,357.13,46.45,101.91,0.99,-1,-1,-1
36,5,398.25,355.97,48.52,77.69,1.00,-1,-1,-1
36,6,1008.56,503.12,118.78,276.86,0.99,-1,-1,-1
36,7,345.55,348.83,55.93,100.40,1.00,-1,-1,-1
36,8,734.48,317.20,44.03,73.65,0.97,-1,-1,-1
37,1,304.86,359.58,62.53,98.47,0.99,-1,-1,-1
37,2,1103.29,337.57,45.35,125.52,1.00,-1,-1,-1
37,3,733.70,324.59,43.11,105.77,1.00,-1,-1,-1
37,4,274.56,355.87,43.73,99.42,0.99,-1,-1,-1
37,5,399.73,353.90,49.20,79.50,1.00,-1,-1,-1
37,6,1008.19,503.05,118.74,276.99,0.99,-1,-1,-1
37,7,349.62,349.93,54.69,100.15,0.98,-1,-1,-1
37,8,738.41,317.06,36.50,76.97,0.88,-1,-1,-1
38,1,304.47,358.19,59.36,99.26,0.99,-1,-1,-1
38,2,1104.08,337.58,44.82,125.63,1.00,-1,-1,-1
38,3,730.65,321.87,42.95,105.58,0.99,-1,-1,-1
38,4,275.58,356.09,45.74,93.69,0.99,-1,-1,-1
38,5,401.54,352.41,48.86,81.08,0.99,-1,-1,-1
38,6,1008.06,503.37,118.74,276.47,0.99,-1,-1,-1
38,7,358.34,352.02,49.37,97.38,1.00,-1,-1,-1
38,8,740.24,317.19,32.81,73.93,0.89,-1,-1,-1
39,1,304.39,356.48,59.01,93.36,0.99,-1,-1,-1
39,2,1104.89,338.05,43.43,124.94,1.00,-1,-1,-1
39,3,729.03,320.42,39.89,105.22,0.99,-1,-1,-1
39,4,277.19,356.20,54.99,92.53,0.99,-1,-1,-1
39,5,404.33,351.22,48.42,81.68,0.99,-1,-1,-1
39,6,1008.01,503.76,118.73,275.66,0.99,-1,-1,-1
39,7,362.04,354.28,57.18,95.36,1.00,-1,-1,-1
39,8,740.21,316.93,31.61,73.76,0.89,-1,-1,-1
40,1,304.06,356.02,59.79,89.52,0.99,-1,-1,-1
40,2,1105.08,338.57,42.97,123.21,0.99,-1,-1,-1
40,3,728.19,320.07,39.40,105.11,0.99,-1,-1,-1
40,4,278.04,355.82,56.18,90.04,0.99,-1,-1,-1
40,5,408.56,350.93,46.17,80.43,0.99,-1,-1,-1
40,6,1007.99,503.34,118.74,275.38,0.99,-1,-1,-1
40,7,365.99,354.98,61.48,94.59,1.00,-1,-1,-1
40,8,739.83,316.85,31.87,73.66,0.88,-1,-1,-1
41,1,308.58,355.14,58.60,89.04,0.98,-1,-1,-1
41,2,1105.07,337.28,42.84,122.44,1.00,-1,-1,-1
41,3,727.32,320.13,38.04,103.29,0.99,-1,-1,-1
41,4,278.57,353.74,63.78,90.42,0.99,-1,-1,-1
41,5,404.61,349.64,53.81,77.85,0.99,-1,-1,-1
41,6,1008.57,503.18,118.75,278.26,0.99,-1,-1,-1
41,7,367.93,352.85,69.76,96.68,1.00,-1,-1,-1
41,8,740.28,316.82,31.38,71.52,0.95,-1,-1,-1
42,1,316.73,354.09,54.24,89.49,0.98,-1,-1,-1
42,2,1105.63,336.37,41.62,120.98,0.99,-1,-1,-1
42,3,725.56,320.80,38.82,101.73,1.00,-1,-1,-1
42,4,280.06,352.25,67.53,91.20,0.99,-1,-1,-1
42,5,407.13,349.30,54.05,76.28,0.98,-1,-1,-1
42,6,1008.80,503.12,118.75,279.34,0.99,-1,-1,-1
42,7,367.88,350.86,77.73,98.33,0.99,-1,-1,-1
42,8,739.83,316.82,31.85,70.34,0.94,-1,-1,-1
43,1,321.57,351.67,54.79,91.18,0.99,-1,-1,-1
43,2,1105.76,335.45,41.21,119.88,0.99,-1,-1,-1
43,3,721.59,322.44,42.14,99.38,1.00,-1,-1,-1
43,4,288.76,349.67,64.00,90.65,0.97,-1,-1,-1
43,5,413.96,350.26,50.47,74.21,0.92,-1,-1,-1
43,6,1008.88,503.13,118.79,279.20,0.99,-1,-1,-1
43,7,371.25,350.12,79.88,98.37,0.99,-1,-1,-1
43,8,739.59,316.82,32.05,72.85,0.95,-1,-1,-1
44,1,323.51,348.09,56.79,94.49,0.99,-1,-1,-1
44,2,1106.38,335.57,39.87,119.48,1.00,-1,-1,-1
44,3,719.94,323.06,43.34,99.43,0.99,-1,-1,-1
44,4,296.10,347.50,59.46,90.78,0.99,-1,-1,-1
44,5,418.96,349.69,47.04,65.58,0.18,-1,-1,-1
44,6,1008.92,503.10,118.78,278.51,0.99,-1,-1,-1
44,7,379.50,349.07,83.62,99.24,0.99,-1,-1,-1
44,8,739.85,316.96,32.14,73.47,0.97,-1,-1,-1
45,1,331.21,344.89,59.32,95.16,0.99,-1,-1,-1
45,2,1107.16,333.84,39.42,120.28,1.00,-1,-1,-1
45,3,718.43,324.07,43.84,98.29,1.00,-1,-1,-1
45,4,312.92,344.07,48.09,85.48,0.98,-1,-1,-1
45,5,424.60,347.45,48.52,67.12,0.40,-1,-1,-1
45,6,1008.92,503.12,118.80,278.28,0.99,-1,-1,-1
45,7,404.48,350.47,67.71,96.91,0.99,-1,-1,-1
45,8,738.67,317.02,33.40,70.74,0.94,-1,-1,-1
46,1,333.94,343.23,63.21,94.81,0.99,-1,-1,-1
46,2,1107.40,333.37,39.28,120.59,1.00,-1,-1,-1
46,3,717.41,324.14,45.20,98.19,0.99,-1,-1,-1
46,4,324.15,340.04,43.58,85.36,0.99,-1,-1,-1
46,5,429.94,345.47,36.30,67.31,0.54,-1,-1,-1
46,6,1008.94,503.09,118.78,278.15,0.99,-1,-1,-1
46,7,415.78,350.83,64.51,95.98,0.99,-1,-1,-1
46,8,737.71,316.88,34.45,71.12,0.96,-1,-1,-1
47,1,347.35,343.11,54.02,87.86,0.99,-1,-1,-1
47,2,1107.45,332.76,39.27,120.74,1.00,-1,-1,-1
47,3,715.82,324.02,46.30,98.19,0.99,-1,-1,-1
47,4,334.18,335.80,40.56,89.59,0.99,-1,-1,-1
47,5,435.49,341.29,37.08,75.90,0.52,-1,-1,-1
47,6,1008.92,503.41,118.80,278.74,0.99,-1,-1,-1
47,7,420.30,349.18,67.69,97.43,0.99,-1,-1,-1
47,8,736.38,316.83,35.46,69.48,0.93,-1,-1,-1
48,1,352.87,343.31,53.86,84.85,0.99,-1,-1,-1
48,2,1106.83,332.56,40.49,121.10,1.00,-1,-1,-1
48,3,714.75,322.33,45.55,99.11,0.99,-1,-1,-1
48,4,340.02,332.37,40.84,89.67,0.99,-1,-1,-1
48,5,440.00,339.79,38.80,78.40,0.57,-1,-1,-1
48,6,1008.34,503.21,119.98,279.52,0.99,-1,-1,-1
48,7,423.14,346.64,66.76,99.43,0.99,-1,-1,-1
48,8,735.35,316.81,36.42,53.85,0.90,-1,-1,-1
49,1,356.41,342.51,58.05,84.42,0.99,-1,-1,-1
49,2,1106.60,332.66,42.15,120.97,1.00,-1,-1,-1
49,3,713.47,320.07,44.07,99.78,1.00,-1,-1,-1
49,4,350.41,329.66,37.87,92.12,0.98,-1,-1,-1
49,5,447.46,338.07,40.34,75.33,0.99,-1,-1,-1
49,6,1008.11,503.16,120.44,280.45,0.99,-1,-1,-1
49,7,437.59,344.95,67.54,96.37,0.97,-1,-1,-1
49,8,734.32,316.80,37.38,46.60,0.96,-1,-1,-1
50,1,360.39,341.21,60.72,82.46,0.98,-1,-1,-1
50,2,1107.07,332.57,42.78,120.92,1.00,-1,-1,-1
50,3,712.82,319.09,43.49,100.34,1.00,-1,-1,-1
50,4,357.13,328.42,38.10,90.08,0.96,-1,-1,-1
50,5,452.91,337.01,42.13,74.97,0.99,-1,-1,-1
50,6,1008.63,503.12,119.41,279.56,0.99,-1,-1,-1
50,7,453.46,343.72,60.85,95.74,0.98,-1,-1,-1
50,8,733.99,316.81,37.74,44.46,0.95,-1,-1,-1
51,1,365.20,339.27,75.15,79.66,1.00,-1,-1,-1
51,2,1108.41,332.85,43.04,120.03,1.00,-1,-1,-1
51,3,711.98,319.78,43.88,98.79,1.00,-1,-1,-1
51,4,363.32,329.27,40.06,87.22,0.99,-1,-1,-1
51,5,457.26,335.03,46.51,76.32,0.99,-1,-1,-1
51,6,1009.42,503.12,117.85,279.26,0.99,-1,-1,-1
51,7,476.03,343.44,49.97,94.62,0.99,-1,-1,-1
51,8,732.95,316.81,38.46,43.86,0.97,-1,-1,-1
52,1,381.77,338.76,65.56,78.66,0.99,-1,-1,-1
52,2,1109.48,332.98,43.13,119.98,0.99,-1,-1,-1
52,3,709.71,320.67,45.80,97.59,1.00,-1,-1,-1
52,4,366.28,329.22,42.27,86.76,0.99,-1,-1,-1
52,5,461.98,334.03,48.01,76.81,1.00,-1,-1,-1
52,6,1009.73,503.10,117.23,278.48,0.99,-1,-1,-1
52,7,486.04,343.21,53.83,94.19,0.99,-1,-1,-1
52,8,733.21,316.81,38.14,43.74,0.96,-1,-1,-1
53,1,396.83,336.65,54.52,80.18,0.99,-1,-1,-1
53,2,1111.04,333.05,41.99,119.70,1.00,-1,-1,-1
53,3,706.47,322.66,48.86,95.38,1.00,-1,-1,-1
53,4,373.38,329.72,44.01,83.92,0.99,-1,-1,-1
53,5,465.56,332.22,54.97,77.89,0.99,-1,-1,-1
53,6,1009.80,503.12,117.02,278.25,0.99,-1,-1,-1
53,7,490.72,341.35,61.57,96.14,0.99,-1,-1,-1
53,8,733.25,316.82,38.00,43.78,0.94,-1,-1,-1
54,1,406.80,335.45,48.41,81.35,0.99,-1,-1,-1
54,2,1111.01,332.93,42.74,120.19,1.00,-1,-1,-1
54,3,704.47,323.56,51.17,94.87,1.00,-1,-1,-1
54,4,380.87,330.27,40.57,81.36,0.99,-1,-1,-1
54,5,467.33,333.03,59.83,77.10,0.99,-1,-1,-1
54,6,1009.85,503.10,116.93,278.12,0.99,-1,-1,-1
54,7,493.93,339.03,69.57,97.74,1.00,-1,-1,-1
54,8,732.75,316.81,38.53,43.86,0.96,-1,-1,-1
55,1,418.38,331.92,43.86,84.21,0.99,-1,-1,-1
55,2,1111.55,333.19,43.03,120.10,1.00,-1,-1,-1
55,3,703.38,324.64,48.05,94.11,1.00,-1,-1,-1
55,4,394.14,330.07,32.77,77.12,0.99,-1,-1,-1
55,5,473.11,325.09,57.34,83.32,0.99,-1,-1,-1
55,6,1011.03,503.41,115.73,278.10,0.99,-1,-1,-1
55,7,519.08,338.18,59.28,96.89,0.99,-1,-1,-1
55,8,731.92,316.81,39.31,44.26,0.95,-1,-1,-1
56,1,426.71,330.62,39.63,84.70,0.99,-1,-1,-1
56,2,1111.75,333.30,43.14,120.06,1.00,-1,-1,-1
56,3,703.12,325.33,44.33,93.55,1.00,-1,-1,-1
56,4,401.67,330.36,32.18,74.39,0.99,-1,-1,-1
56,5,477.69,321.44,57.34,87.32,0.99,-1,-1,-1
56,6,1010.89,503.21,116.46,278.67,0.99,-1,-1,-1
56,7,536.73,337.58,48.32,97.13,0.98,-1,-1,-1
56,8,731.37,316.65,40.19,44.74,0.94,-1,-1,-1
57,1,433.11,329.31,39.11,84.90,0.99,-1,-1,-1
57,2,1111.20,333.35,43.18,119.77,1.00,-1,-1,-1
57,3,702.76,325.59,44.15,93.67,1.00,-1,-1,-1
57,4,408.75,330.36,33.56,73.79,0.99,-1,-1,-1
57,5,495.23,319.21,43.96,86.01,0.99,-1,-1,-1
57,6,1011.41,503.16,115.57,278.31,0.99,-1,-1,-1
57,7,552.00,338.00,41.12,96.34,0.97,-1,-1,-1
57,8,732.30,316.75,39.35,45.26,0.94,-1,-1,-1
58,1,437.75,328.12,39.45,80.82,0.99,-1,-1,-1
58,2,1111.57,333.37,42.01,119.65,1.00,-1,-1,-1
58,3,703.00,325.22,43.49,94.03,1.00,-1,-1,-1
58,4,410.68,330.07,36.78,74.84,0.97,-1,-1,-1
58,5,506.60,317.38,37.55,86.59,0.99,-1,-1,-1
58,6,1011.62,503.11,115.23,278.15,0.99,-1,-1,-1
58,7,558.68,338.47,38.87,95.73,0.99,-1,-1,-1
58,8,732.13,316.63,39.59,46.08,0.96,-1,-1,-1
59,1,445.55,329.12,36.22,76.54,0.97,-1,-1,-1
59,2,1111.67,333.39,41.56,119.63,1.00,-1,-1,-1
59,3,702.51,324.33,43.85,95.09,1.00,-1,-1,-1
59,4,420.99,328.95,37.83,73.16,0.99,-1,-1,-1
59,5,518.05,316.91,34.89,86.50,0.99,-1,-1,-1
59,6,1010.47,503.12,116.32,278.12,0.99,-1,-1,-1
59,7,569.13,334.96,40.81,98.78,0.98,-1,-1,-1
59,8,732.03,316.74,39.68,47.00,0.91,-1,-1,-1
60,1,449.74,329.86,34.97,75.91,0.98,-1,-1,-1
60,2,1111.71,333.39,41.40,119.61,1.00,-1,-1,-1
60,3,702.71,324.14,43.98,95.49,1.00,-1,-1,-1
60,4,426.75,328.10,36.33,73.81,0.98,-1,-1,-1
60,5,526.05,316.79,35.35,85.83,0.98,-1,-1,-1
60,6,1010.66,503.10,116.72,278.08,0.99,-1,-1,-1
60,7,574.96,334.55,44.53,94.62,0.97,-1,-1,-1
60,8,731.46,316.63,40.29,46.47,0.94,-1,-1,-1
61,1,449.92,328.93,46.59,76.62,1.00,-1,-1,-1
61,2,1111.10,332.96,42.54,120.22,1.00,-1,-1,-1
61,3,702.50,324.36,44.63,95.66,1.00,-1,-1,-1
61,4,432.45,326.76,33.63,72.57,0.99,-1,-1,-1
61,5,532.87,317.26,43.57,86.43,0.99,-1,-1,-1
61,6,1008.92,503.11,118.07,278.68,0.99,-1,-1,-1
61,7,585.41,331.72,51.22,91.47,0.99,-1,-1,-1
61,8,731.80,316.74,39.93,48.38,0.89,-1,-1,-1
62,1,451.42,328.78,49.80,75.41,1.00,-1,-1,-1
62,2,1110.87,333.09,42.97,120.15,1.00,-1,-1,-1
62,3,702.78,324.58,43.69,95.73,1.00,-1,-1,-1
62,4,435.61,325.53,32.49,75.49,0.99,-1,-1,-1
62,5,536.32,317.49,53.12,86.05,1.00,-1,-1,-1
62,6,1008.87,502.80,118.57,279.49,0.99,-1,-1,-1
62,7,596.12,331.62,49.22,89.11,0.99,-1,-1,-1
62,8,731.98,316.77,39.78,47.91,0.87,-1,-1,-1
63,1,456.77,327.10,51.76,77.40,0.99,-1,-1,-1
63,2,1110.18,332.71,44.31,121.01,0.99,-1,-1,-1
63,3,703.52,324.52,41.53,96.06,1.00,-1,-1,-1
63,4,440.34,324.22,30.72,75.08,0.99,-1,-1,-1
63,5,540.61,316.60,56.49,86.47,0.99,-1,-1,-1
63,6,1008.26,502.98,118.76,279.79,0.99,-1,-1,-1
63,7,609.65,332.84,44.15,87.65,0.99,-1,-1,-1
63,8,732.64,316.79,39.12,58.43,0.88,-1,-1,-1
64,1,461.47,326.37,49.51,78.74,1.00,-1,-1,-1
64,2,1109.33,332.27,47.16,122.53,1.00,-1,-1,-1
64,3,703.85,324.35,40.12,96.19,0.99,-1,-1,-1
64,4,443.76,321.08,29.02,77.64,0.99,-1,-1,-1
64,5,547.14,314.84,53.39,86.31,0.99,-1,-1,-1
64,6,1008.04,502.76,118.83,279.90,0.99,-1,-1,-1
64,7,621.89,332.58,38.46,87.75,0.99,-1,-1,-1
64,8,732.91,316.94,38.86,53.09,0.88,-1,-1,-1
65,1,467.79,324.94,44.39,80.16,0.98,-1,-1,-1
65,2,1106.70,337.48,50.54,119.26,1.00,-1,-1,-1
65,3,703.99,323.26,40.83,97.72,1.00,-1,-1,-1
65,4,446.71,317.72,29.54,78.60,1.00,-1,-1,-1
65,5,565.25,313.03,40.80,84.46,0.99,-1,-1,-1
65,6,1007.95,503.01,118.82,278.76,0.99,-1,-1,-1
65,7,630.69,332.36,45.38,87.82,0.99,-1,-1,-1
65,8,733.91,316.72,38.16,56.84,0.89,-1,-1,-1
66,1,475.70,323.54,38.10,79.52,1.00,-1,-1,-1
66,2,1105.68,340.35,51.86,117.70,1.00,-1,-1,-1
66,3,705.24,322.54,42.30,98.60,0.99,-1,-1,-1
66,4,448.98,315.60,29.28,79.86,0.99,-1,-1,-1
66,5,574.41,312.40,36.13,84.63,0.99,-1,-1,-1
66,6,1007.94,503.09,118.84,279.52,0.99,-1,-1,-1
66,7,635.98,330.50,53.22,90.87,0.99,-1,-1,-1
66,8,733.38,316.35,39.10,64.49,0.84,-1,-1,-1
67,1,479.18,323.81,39.62,82.55,0.99,-1,-1,-1
67,2,1103.53,344.58,53.50,115.02,0.99,-1,-1,-1
67,3,702.77,321.26,48.76,99.81,0.99,-1,-1,-1
67,4,452.32,315.44,30.13,77.69,0.99,-1,-1,-1
67,5,584.77,312.22,35.94,82.60,0.97,-1,-1,-1
67,6,1008.51,503.14,118.83,281.57,0.99,-1,-1,-1
67,7,644.59,331.32,59.67,89.35,0.99,-1,-1,-1
67,8,734.95,316.37,37.08,56.31,0.92,-1,-1,-1
68,1,483.33,326.57,40.71,81.04,0.99,-1,-1,-1
68,2,1102.70,347.28,54.14,113.14,0.99,-1,-1,-1
68,3,699.30,320.32,54.53,100.85,0.99,-1,-1,-1
68,4,455.17,317.71,28.66,74.16,0.99,-1,-1,-1
68,5,592.67,312.96,33.43,82.42,0.97,-1,-1,-1
68,6,1008.15,502.82,118.85,282.35,0.99,-1,-1,-1
68,7,654.21,330.47,56.24,89.67,0.99,-1,-1,-1
68,8,734.94,316.36,36.91,51.32,0.88,-1,-1,-1
69,1,477.25,330.23,56.63,78.64,1.00,-1,-1,-1
69,2,1099.48,348.53,53.19,112.31,0.99,-1,-1,-1
69,3,699.01,319.97,55.20,101.53,0.97,-1,-1,-1
69,4,455.05,317.41,33.03,73.75,0.99,-1,-1,-1
69,5,600.71,314.77,39.45,79.96,0.97,-1,-1,-1
69,6,1008.01,502.70,118.85,282.62,0.99,-1,-1,-1
69,7,669.31,329.28,44.04,90.40,0.97,-1,-1,-1
69,8,734.93,316.51,36.85,47.66,0.91,-1,-1,-1
70,1,472.83,331.93,66.41,77.44,1.00,-1,-1,-1
70,2,1097.68,348.04,53.96,113.24,1.00,-1,-1,-1
70,3,702.39,320.58,51.97,101.19,0.99,-1,-1,-1
70,4,454.98,317.33,37.23,73.31,0.98,-1,-1,-1
70,5,605.93,316.39,41.99,78.13,0.95,-1,-1,-1
70,6,1007.39,502.65,120.04,282.72,0.99,-1,-1,-1
70,7,677.52,327.22,37.69,92.16,0.98,-1,-1,-1
70,8,734.33,316.56,37.43,46.05,0.90,-1,-1,-1
71,1,484.01,330.91,65.94,77.31,0.98,-1,-1,-1
71,2,1092.89,347.82,53.07,113.90,1.00,-1,-1,-1
71,3,700.80,322.76,59.49,100.15,0.99,-1,-1,-1
71,4,453.56,320.18,51.12,71.07,0.99,-1,-1,-1
71,5,608.78,317.78,58.61,78.98,1.00,-1,-1,-1
71,6,1007.12,502.93,120.48,283.33,0.99,-1,-1,-1
71,7,685.88,321.89,38.87,96.67,0.98,-1,-1,-1
71,8,734.67,316.27,37.65,71.23,0.95,-1,-1,-1
72,1,488.86,329.30,66.66,79.66,0.98,-1,-1,-1
72,2,1089.94,347.99,53.86,114.17,0.99,-1,-1,-1
72,3,709.48,325.21,56.05,99.45,1.00,-1,-1,-1
72,4,453.48,319.45,56.23,72.07,1.00,-1,-1,-1
72,5,613.67,317.52,62.17,80.20,1.00,-1,-1,-1
72,6,1007.07,502.73,120.63,284.14,0.99,-1,-1,-1
72,7,691.99,319.30,36.80,97.78,0.98,-1,-1,-1
72,8,735.15,316.42,37.14,78.30,0.96,-1,-1,-1
73,1,493.15,325.34,68.02,83.19,0.99,-1,-1,-1
73,2,1086.47,347.73,56.50,114.89,0.99,-1,-1,-1
73,3,705.22,327.78,67.42,98.89,0.99,-1,-1,-1
73,4,455.29,322.34,62.02,68.28,0.98,-1,-1,-1
73,5,627.13,320.42,51.55,77.11,0.98,-1,-1,-1
73,6,1007.01,502.97,120.69,284.45,0.99,-1,-1,-1
73,7,700.42,317.18,37.92,98.79,0.95,-1,-1,-1
73,8,734.65,316.37,37.55,78.22,0.98,-1,-1,-1
74,1,498.53,323.97,62.79,81.62,0.99,-1,-1,-1
74,2,1084.07,347.76,55.17,116.21,0.99,-1,-1,-1
74,3,708.16,329.93,67.12,99.26,0.99,-1,-1,-1
74,4,474.75,322.55,46.00,63.80,0.97,-1,-1,-1
74,5,636.03,318.36,43.43,78.96,0.99,-1,-1,-1
74,6,1007.03,502.76,120.69,283.95,0.99,-1,-1,-1
74,7,706.26,317.15,38.32,95.92,0.98,-1,-1,-1
74,8,735.72,316.35,36.52,76.28,0.96,-1,-1,-1
75,1,508.13,325.86,53.99,78.01,1.00,-1,-1,-1
75,2,1080.21,350.15,53.41,110.80,0.98,-1,-1,-1
75,3,715.42,331.92,62.26,97.93,1.00,-1,-1,-1
75,4,489.00,321.55,38.75,63.77,0.94,-1,-1,-1
75,5,644.72,316.29,41.04,82.91,0.98,-1,-1,-1
75,6,1008.20,503.02,119.50,286.14,0.99,-1,-1,-1
75,7,711.91,319.63,39.69,92.40,0.96,-1,-1,-1
75,8,737.88,316.66,34.92,73.36,0.98,-1,-1,-1
76,1,515.31,323.87,49.25,79.65,0.99,-1,-1,-1
76,2,1074.07,352.96,56.30,113.10,0.98,-1,-1,-1
76,3,718.98,331.13,60.19,99.21,0.99,-1,-1,-1
76,4,494.24,321.49,40.13,63.18,0.95,-1,-1,-1
76,5,650.32,317.25,40.22,83.22,0.99,-1,-1,-1
76,6,1007.49,502.78,120.23,286.94,0.99,-1,-1,-1
76,7,714.10,320.89,42.58,90.76,0.93,-1,-1,-1
76,8,738.72,316.46,37.98,68.88,0.97,-1,-1,-1
77,1,528.47,320.50,46.34,82.61,0.98,-1,-1,-1
77,2,1073.00,359.32,53.87,108.01,0.99,-1,-1,-1
77,3,715.20,332.45,58.20,86.36,0.80,-1,-1,-1
77,4,498.63,320.26,44.73,62.41,0.45,-1,-1,-1
77,5,656.28,317.20,52.04,83.92,0.99,-1,-1,-1
77,6,1007.79,502.72,119.32,286.65,0.99,-1,-1,-1
77,7,721.97,328.30,52.37,95.87,0.99,-1,-1,-1
77,8,738.11,316.39,37.90,73.01,0.80,-1,-1,-1
78,1,536.35,317.47,47.19,85.19,0.96,-1,-1,-1
78,2,1068.56,362.27,57.65,107.58,0.99,-1,-1,-1
78,3,718.55,331.46,59.21,95.73,0.99,-1,-1,-1
78,4,502.28,322.23,51.01,59.74,0.37,-1,-1,-1
78,5,662.29,318.05,56.68,82.41,0.99,-1,-1,-1
78,6,1007.94,502.65,118.98,285.91,0.99,-1,-1,-1
78,7,731.91,320.31,52.25,96.27,0.98,-1,-1,-1
79,1,541.95,316.62,54.14,85.89,0.90,-1,-1,-1
79,2,1066.35,363.73,57.86,107.30,0.99,-1,-1,-1
79,3,721.21,328.54,58.39,101.05,1.00,-1,-1,-1
79,5,668.62,320.02,63.09,81.52,0.99,-1,-1,-1
79,6,1007.38,502.62,120.05,285.63,0.99,-1,-1,-1
79,7,746.00,321.15,43.48,91.99,0.85,-1,-1,-1
79,8,738.53,316.89,32.94,73.72,0.93,-1,-1,-1
80,1,556.33,318.56,37.83,73.20,0.75,-1,-1,-1
80,2,1065.65,364.36,57.91,107.08,0.99,-1,-1,-1
80,3,723.75,326.80,56.86,103.72,1.00,-1,-1,-1
80,5,671.41,320.02,65.67,82.37,0.99,-1,-1,-1
80,6,1007.81,502.62,119.27,285.50,0.99,-1,-1,-1
80,7,749.25,323.04,43.42,89.10,0.13,-1,-1,-1
80,8,738.60,316.81,40.77,75.56,0.95,-1,-1,-1
80,4,532.69,319.57,37.43,61.73,0.93,-1,-1,-1
81,1,558.58,318.20,53.20,75.28,0.96,-1,-1,-1
81,2,1064.27,363.93,60.27,107.62,0.99,-1,-1,-1
81,3,728.82,326.41,50.26,104.16,0.99,-1,-1,-1
81,5,677.54,320.62,61.04,81.80,1.00,-1,-1,-1
81,6,1007.95,502.92,120.17,284.86,0.99,-1,-1,-1
81,7,763.16,325.42,43.40,85.02,0.92,-1,-1,-1
81,8,738.89,316.63,38.55,79.14,0.95,-1,-1,-1
81,4,550.54,317.44,31.23,63.61,0.95,-1,-1,-1
82,1,568.04,317.33,47.16,75.05,0.98,-1,-1,-1
82,2,1064.39,363.87,59.98,107.40,0.99,-1,-1,-1
82,3,730.69,326.56,47.70,104.01,0.99,-1,-1,-1
82,5,684.65,320.25,54.21,81.88,1.00,-1,-1,-1
82,6,1008.02,502.74,120.50,284.60,0.99,-1,-1,-1
82,7,767.83,322.95,48.73,86.90,0.88,-1,-1,-1
82,8,739.32,316.99,35.14,84.26,0.96,-1,-1,-1
82,4,557.22,315.80,28.94,65.17,0.96,-1,-1,-1
83,1,574.33,314.03,45.86,77.99,0.25,-1,-1,-1
83,2,1065.12,363.05,61.01,108.09,0.99,-1,-1,-1
83,3,731.89,328.84,46.23,101.56,1.00,-1,-1,-1
83,5,693.67,319.21,45.37,82.21,0.99,-1,-1,-1
83,6,1008.03,502.98,120.62,284.51,0.99,-1,-1,-1
83,7,773.81,325.36,54.66,84.90,0.87,-1,-1,-1
83,8,739.14,317.40,33.83,80.49,0.97,-1,-1,-1
83,4,560.63,312.27,34.84,72.21,0.98,-1,-1,-1
84,1,576.13,316.36,45.37,74.36,0.92,-1,-1,-1
84,2,1065.48,362.54,62.54,108.80,0.99,-1,-1,-1
84,3,734.14,332.53,43.88,97.90,1.00,-1,-1,-1
84,5,700.02,319.24,41.37,81.73,0.98,-1,-1,-1
84,6,1008.65,502.76,119.46,285.05,0.99,-1,-1,-1
84,7,778.58,324.91,58.69,85.68,0.96,-1,-1,-1
84,8,737.57,317.36,35.21,81.58,0.99,-1,-1,-1
84,4,565.87,310.51,38.90,75.41,0.88,-1,-1,-1
85,1,581.92,313.11,39.18,70.52,0.43,-1,-1,-1
85,2,1065.07,361.88,64.28,109.24,1.00,-1,-1,-1
85,3,735.77,334.38,43.08,96.82,1.00,-1,-1,-1
85,5,707.86,319.57,40.67,79.77,0.99,-1,-1,-1
85,6,1008.28,502.69,120.23,284.09,0.99,-1,-1,-1
85,7,798.77,323.86,51.32,87.48,0.99,-1,-1,-1
85,8,738.46,317.05,34.52,81.68,0.99,-1,-1,-1
85,4,580.58,310.73,31.93,67.51,0.67,-1,-1,-1
86,1,581.73,311.02,52.67,76.17,0.87,-1,-1,-1
86,2,1066.14,361.15,63.76,110.15,0.99,-1,-1,-1
86,3,736.93,334.28,42.22,97.92,1.00,-1,-1,-1
86,5,711.31,320.13,40.44,79.32,0.99,-1,-1,-1
86,6,1008.15,502.65,120.50,284.29,0.99,-1,-1,-1
86,7,812.17,323.61,44.34,87.87,0.99,-1,-1,-1
86,8,739.14,317.05,33.65,81.10,0.98,-1,-1,-1
86,4,589.86,311.08,33.99,68.33,0.37,-1,-1,-1
86,10,603.00,312.75,54.90,74.70,0.80,-1,-1,-1
87,1,598.72,309.85,52.39,76.97,0.99,-1,-1,-1
87,2,1068.94,359.97,62.34,111.09,0.99,-1,-1,-1
87,3,734.77,332.74,44.42,99.82,0.99,-1,-1,-1
87,5,714.67,322.59,37.92,75.57,0.97,-1,-1,-1
87,6,1008.66,502.94,119.41,284.38,0.99,-1,-1,-1
87,7,827.15,325.75,37.98,84.76,0.98,-1,-1,-1
87,8,738.74,317.18,33.94,82.35,0.98,-1,-1,-1
87,4,600.06,310.03,31.64,71.28,0.26,-1,-1,-1
88,1,607.49,309.73,50.38,77.28,0.99,-1,-1,-1
88,2,1070.66,359.35,61.77,113.08,0.99,-1,-1,-1
88,3,734.59,331.39,44.02,101.71,0.99,-1,-1,-1
88,5,719.26,323.04,37.63,73.87,0.96,-1,-1,-1
88,6,1008.26,502.75,120.19,285.01,0.99,-1,-1,-1
88,7,835.67,324.91,35.12,86.30,0.95,-1,-1,-1
88,8,738.60,317.06,34.65,83.69,0.97,-1,-1,-1
89,1,612.69,307.81,48.32,80.95,1.00,-1,-1,-1
89,2,1071.32,359.40,61.53,114.42,0.99,-1,-1,-1
89,3,731.44,331.31,52.95,102.13,0.99,-1,-1,-1
89,5,722.82,322.59,31.40,72.97,0.21,-1,-1,-1
89,6,1007.50,502.97,120.47,284.05,0.99,-1,-1,-1
89,7,839.07,321.48,48.21,88.65,0.99,-1,-1,-1
89,8,733.49,316.56,40.26,83.89,0.98,-1,-1,-1
90,1,616.18,306.52,49.90,81.74,0.99,-1,-1,-1
90,2,1071.01,359.27,61.43,115.95,0.99,-1,-1,-1
90,3,733.16,330.53,54.40,102.87,0.99,-1,-1,-1
90,6,1007.23,503.06,120.58,283.69,0.99,-1,-1,-1
90,7,842.60,319.31,54.38,91.31,0.98,-1,-1,-1
90,8,730.80,316.50,42.31,83.94,0.99,-1,-1,-1
91,1,623.19,300.65,48.71,86.14,0.99,-1,-1,-1
91,2,1066.73,358.64,64.94,117.99,0.99,-1,-1,-1
91,3,739.32,329.80,51.52,104.03,1.00,-1,-1,-1
91,6,1008.30,502.81,119.43,282.36,0.99,-1,-1,-1
91,7,849.68,319.09,73.40,95.26,0.99,-1,-1,-1
91,8,736.24,317.22,36.28,74.79,0.76,-1,-1,-1
92,1,628.61,297.58,47.02,88.66,0.98,-1,-1,-1
92,2,1069.24,358.23,62.76,119.19,0.99,-1,-1,-1
92,3,741.20,328.93,50.91,105.04,0.99,-1,-1,-1
92,6,1008.74,503.00,119.00,281.87,1.00,-1,-1,-1
92,7,858.97,319.89,76.89,95.89,0.99,-1,-1,-1
92,8,737.10,317.79,34.28,69.61,0.57,-1,-1,-1
93,1,639.39,292.68,39.14,93.96,0.86,-1,-1,-1
93,2,1072.04,357.79,59.45,120.21,0.99,-1,-1,-1
93,3,743.63,329.49,48.89,105.99,0.99,-1,-1,-1
93,6,1008.87,502.78,118.83,281.67,0.99,-1,-1,-1
93,7,872.56,320.82,72.76,96.69,0.99,-1,-1,-1
93,8,734.95,317.37,36.63,72.78,0.93,-1,-1,-1
94,1,645.19,288.83,36.70,98.56,0.98,-1,-1,-1
94,2,1062.84,356.15,67.90,122.35,1.00,-1,-1,-1
94,3,745.11,331.19,52.92,107.81,0.99,-1,-1,-1
94,6,1008.94,502.70,118.78,281.62,0.99,-1,-1,-1
94,7,888.78,322.81,61.00,95.51,0.99,-1,-1,-1
94,8,733.62,317.08,42.13,76.56,0.54,-1,-1,-1
95,1,648.79,285.67,37.83,102.34,0.93,-1,-1,-1
95,2,1059.63,354.36,71.96,124.60,1.00,-1,-1,-1
95,3,745.34,334.79,58.99,106.13,0.99,-1,-1,-1
95,6,1008.95,502.98,118.77,281.01,0.99,-1,-1,-1
95,7,903.50,320.94,55.68,96.80,0.99,-1,-1,-1
95,8,733.11,316.83,40.85,79.76,0.85,-1,-1,-1
96,1,652.05,284.18,37.61,104.64,0.97,-1,-1,-1
96,2,1058.37,353.22,73.59,125.87,1.00,-1,-1,-1
96,3,745.12,336.00,65.84,105.45,1.00,-1,-1,-1
96,6,1008.95,503.07,118.77,281.39,0.99,-1,-1,-1
96,7,912.07,322.71,53.76,94.91,0.96,-1,-1,-1
96,8,732.33,315.97,41.42,73.39,0.40,-1,-1,-1
97,1,657.53,280.20,36.95,110.37,0.98,-1,-1,-1
97,2,1063.10,351.02,68.41,127.78,1.00,-1,-1,-1
97,3,745.28,336.87,75.83,104.87,0.99,-1,-1,-1
97,6,1008.93,502.78,118.77,281.53,0.99,-1,-1,-1
97,7,918.49,324.43,55.45,94.16,0.91,-1,-1,-1
97,8,732.04,316.68,39.28,53.68,0.87,-1,-1,-1
97,11,754.65,317.25,56.70,86.40,0.78,-1,-1,-1
97,5,755.29,318.96,39.31,64.24,0.62,-1,-1,-1
98,1,660.51,270.73,39.18,119.97,0.98,-1,-1,-1
98,2,1065.71,348.60,63.84,129.80,1.00,-1,-1,-1
98,3,744.52,335.70,82.59,107.33,0.99,-1,-1,-1
98,6,1008.94,502.99,118.77,281.00,0.99,-1,-1,-1
98,7,923.60,327.03,60.77,97.44,0.97,-1,-1,-1
98,8,731.37,316.45,39.60,66.60,0.86,-1,-1,-1
98,5,756.73,319.25,36.42,64.47,0.80,-1,-1,-1
99,1,661.82,289.40,42.35,102.90,0.92,-1,-1,-1
99,2,1068.55,347.69,59.68,130.54,0.99,-1,-1,-1
99,3,745.30,336.43,84.81,106.76,1.00,-1,-1,-1
99,6,1008.95,503.06,118.77,280.80,0.99,-1,-1,-1
99,7,932.87,325.79,59.33,101.28,0.99,-1,-1,-1
99,8,730.86,316.55,40.30,65.66,0.61,-1,-1,-1
99,5,758.20,319.63,37.51,71.19,0.96,-1,-1,-1
99,12,732.15,316.35,38.70,47.25,0.90,-1,-1,-1
100,1,664.19,293.38,42.98,99.76,0.91,-1,-1,-1
100,2,1073.28,347.51,54.48,130.63,1.00,-1,-1,-1
100,3,746.69,335.79,84.51,107.12,1.00,-1,-1,-1
100,6,1008.95,502.79,118.78,281.34,0.99,-1,-1,-1
100,7,944.37,325.59,49.18,102.17,0.99,-1,-1,-1
100,8,730.66,316.42,41.15,65.29,0.92,-1,-1,-1
100,5,759.56,319.18,40.23,72.71,0.95,-1,-1,-1
101,1,668.42,290.29,43.21,102.85,0.94,-1,-1,-1
101,2,1075.61,346.73,51.36,131.06,0.99,-1,-1,-1
101,3,755.52,337.31,77.40,105.46,0.99,-1,-1,-1
101,6,1010.13,502.99,117.59,281.54,0.99,-1,-1,-1
101,7,960.14,324.32,51.32,103.35,0.99,-1,-1,-1
101,8,730.89,316.37,41.46,69.38,0.87,-1,-1,-1
101,5,768.57,315.33,38.41,82.11,0.91,-1,-1,-1
