0,1,266.40,371.70,41.85,113.40,1.00,-1,-1,-1
0,2,988.20,379.57,48.60,154.12,1.00,-1,-1,-1
0,3,762.75,354.82,45.00,127.57,0.99,-1,-1,-1
0,4,354.15,356.40,44.55,108.45,0.99,-1,-1,-1
0,5,333.90,319.72,38.70,82.80,0.99,-1,-1,-1
0,6,387.22,330.30,40.95,77.40,1.00,-1,-1,-1
0,7,1001.70,503.55,90.00,292.50,0.99,-1,-1,-1
0,8,732.15,316.35,39.60,53.55,0.97,-1,-1,-1
1,1,266.79,372.10,41.85,112.62,1.00,-1,-1,-1
1,2,988.21,379.58,48.60,153.73,1.00,-1,-1,-1
1,3,762.36,354.63,45.00,128.16,0.99,-1,-1,-1
1,4,354.74,357.97,44.55,106.89,0.99,-1,-1,-1
1,5,334.68,319.15,40.65,84.36,1.00,-1,-1,-1
1,6,385.67,330.89,40.95,77.40,0.99,-1,-1,-1
1,7,1002.49,503.55,91.56,293.28,0.99,-1,-1,-1
1,8,732.15,316.35,39.60,56.28,0.96,-1,-1,-1
2,1,266.15,372.34,42.20,112.31,1.00,-1,-1,-1
2,2,988.21,379.40,48.60,153.49,1.00,-1,-1,-1
2,3,762.29,354.42,45.00,128.09,0.99,-1,-1,-1
2,4,354.83,359.29,44.90,105.56,0.99,-1,-1,-1
2,5,335.16,319.04,40.30,84.28,1.00,-1,-1,-1
2,6,384.17,332.74,42.00,74.59,0.99,-1,-1,-1
2,7,1003.32,504.25,93.23,294.12,0.99,-1,-1,-1
2,8,732.15,316.52,39.60,55.38,0.96,-1,-1,-1
3,1,262.70,372.76,46.08,111.89,1.00,-1,-1,-1
3,2,988.91,379.34,47.23,153.08,1.00,-1,-1,-1
3,3,762.63,354.53,45.01,128.23,0.99,-1,-1,-1
3,4,353.66,358.99,47.07,105.88,0.99,-1,-1,-1
3,5,335.81,318.17,39.81,85.60,1.00,-1,-1,-1
3,6,384.40,332.97,41.32,74.77,0.99,-1,-1,-1
3,7,1006.98,504.47,92.38,292.31,0.99,-1,-1,-1
3,8,732.16,316.41,39.60,56.74,0.96,-1,-1,-1
4,1,260.16,372.87,48.91,111.76,1.00,-1,-1,-1
4,2,988.45,379.33,48.14,152.96,1.00,-1,-1,-1
4,3,762.74,354.40,45.00,128.43,0.99,-1,-1,-1
4,4,353.93,359.67,47.11,105.18,0.99,-1,-1,-1
4,5,335.84,317.89,40.30,86.01,1.00,-1,-1,-1
4,6,384.87,333.65,40.73,74.54,0.99,-1,-1,-1
4,7,1008.15,504.85,93.36,293.70,0.99,-1,-1,-1
4,8,732.16,316.53,39.60,58.15,0.96,-1,-1,-1
5,1,255.45,373.07,55.41,111.90,1.00,-1,-1,-1
5,2,988.95,378.83,48.45,153.42,1.00,-1,-1,-1
5,3,763.11,355.16,44.36,127.70,0.99,-1,-1,-1
5,4,354.67,359.07,46.45,105.79,0.99,-1,-1,-1
5,5,336.31,317.34,41.75,86.44,0.99,-1,-1,-1
5,6,385.05,334.66,40.53,73.53,0.99,-1,-1,-1
5,7,993.14,505.27,111.60,295.48,0.99,-1,-1,-1
5,8,732.17,316.72,39.60,51.98,0.98,-1,-1,-1
6,1,252.42,373.11,59.54,111.96,1.00,-1,-1,-1
6,2,989.73,378.67,48.56,153.58,1.00,-1,-1,-1
6,3,763.22,355.43,44.13,127.43,0.99,-1,-1,-1
6,4,355.10,358.52,45.85,106.33,0.99,-1,-1,-1
6,5,336.92,316.68,41.94,87.51,1.00,-1,-1,-1
6,6,384.96,334.96,40.47,73.21,0.99,-1,-1,-1
6,7,991.48,505.74,115.51,293.56,0.98,-1,-1,-1
6,8,732.16,316.79,39.60,49.96,0.98,-1,-1,-1
7,1,249.96,372.96,62.82,112.77,1.00,-1,-1,-1
7,2,989.41,378.76,49.84,153.50,1.00,-1,-1,-1
7,3,762.94,355.51,44.69,127.35,0.99,-1,-1,-1
7,4,355.23,358.46,45.01,106.69,0.99,-1,-1,-1
7,5,340.33,316.76,39.54,88.49,1.00,-1,-1,-1
7,6,385.22,333.47,39.83,74.38,1.00,-1,-1,-1
7,7,998.61,506.82,112.14,290.38,0.99,-1,-1,-1
7,8,732.16,316.64,39.60,50.30,0.98,-1,-1,-1
8,1,246.79,372.74,66.03,111.99,1.00,-1,-1,-1
8,2,989.86,378.82,50.29,153.46,1.00,-1,-1,-1
8,3,762.83,355.69,44.89,127.47,0.99,-1,-1,-1
8,4,356.06,358.44,43.76,106.51,0.99,-1,-1,-1
8,5,343.63,316.50,36.74,89.12,0.99,-1,-1,-1
8,6,385.34,332.76,39.91,74.21,0.99,-1,-1,-1
8,7,1002.17,507.20,109.29,286.74,0.99,-1,-1,-1
8,8,732.15,316.60,39.60,50.76,0.98,-1,-1,-1
9,1,242.60,370.50,68.64,113.54,1.00,-1,-1,-1
9,2,990.65,378.37,50.46,154.22,1.00,-1,-1,-1
9,3,762.80,355.74,44.97,127.53,0.99,-1,-1,-1
9,4,357.58,359.33,42.70,105.54,0.99,-1,-1,-1
9,5,345.22,316.56,36.70,89.33,0.99,-1,-1,-1
9,6,384.00,332.17,41.18,74.77,1.00,-1,-1,-1
9,7,997.56,507.00,115.29,286.68,0.99,-1,-1,-1
9,8,732.16,316.41,39.60,52.19,0.98,-1,-1,-1
10,1,240.31,368.79,69.86,114.70,1.00,-1,-1,-1
10,2,991.51,377.78,50.50,154.33,1.00,-1,-1,-1
10,3,762.77,355.62,44.99,127.39,0.99,-1,-1,-1
10,4,357.52,359.21,42.93,105.63,0.99,-1,-1,-1
10,5,346.36,316.46,36.38,89.68,1.00,-1,-1,-1
10,6,383.08,332.26,42.24,74.68,1.00,-1,-1,-1
10,7,996.43,507.22,117.44,286.08,0.99,-1,-1,-1
10,8,732.15,316.51,39.60,52.72,0.98,-1,-1,-1
11,1,238.19,365.88,69.08,116.78,1.00,-1,-1,-1
11,2,993.05,377.24,51.70,155.29,1.00,-1,-1,-1
11,3,763.08,355.55,45.00,127.35,0.99,-1,-1,-1
11,4,354.14,358.98,45.76,105.52,1.00,-1,-1,-1
11,5,348.86,319.54,35.37,87.10,1.00,-1,-1,-1
11,6,383.03,332.42,41.45,74.95,0.99,-1,-1,-1
11,7,995.46,507.28,120.49,285.30,1.00,-1,-1,-1
11,8,732.16,316.53,39.60,53.84,0.98,-1,-1,-1
12,1,237.19,363.48,67.47,118.29,0.99,-1,-1,-1
12,2,993.58,376.77,53.33,155.63,1.00,-1,-1,-1
12,3,763.77,355.53,44.40,127.03,0.99,-1,-1,-1
12,4,352.32,359.06,47.38,104.43,1.00,-1,-1,-1
12,5,351.25,322.11,34.10,85.17,1.00,-1,-1,-1
12,6,383.64,332.49,40.23,75.06,0.99,-1,-1,-1
12,7,996.25,506.99,121.57,283.82,0.99,-1,-1,-1
12,8,732.15,316.55,39.60,53.66,0.98,-1,-1,-1
13,1,236.90,361.72,64.69,117.96,1.00,-1,-1,-1
13,2,994.39,376.28,56.30,154.86,1.00,-1,-1,-1
13,3,764.66,355.66,43.58,126.47,1.00,-1,-1,-1
13,4,353.38,358.64,46.54,103.88,1.00,-1,-1,-1
13,5,351.58,325.02,33.36,82.95,0.99,-1,-1,-1
13,6,384.33,332.52,38.56,75.40,0.99,-1,-1,-1
13,7,996.65,506.86,123.06,283.32,0.99,-1,-1,-1
13,8,732.17,316.39,39.60,56.28,0.97,-1,-1,-1
14,1,237.08,361.42,62.62,117.20,1.00,-1,-1,-1
14,2,994.65,375.68,58.57,153.50,1.00,-1,-1,-1
14,3,764.96,355.73,43.27,126.25,1.00,-1,-1,-1
14,4,353.53,358.36,46.79,103.53,0.99,-1,-1,-1
14,5,351.18,326.11,33.42,82.12,0.99,-1,-1,-1
14,6,384.14,332.56,38.26,75.23,0.99,-1,-1,-1
14,7,997.37,507.11,123.53,281.34,0.99,-1,-1,-1
14,8,732.16,316.51,39.60,56.37,0.97,-1,-1,-1
15,1,238.87,363.36,58.80,115.25,1.00,-1,-1,-1
15,2,995.93,374.55,60.62,152.69,1.00,-1,-1,-1
15,3,766.59,356.66,41.98,126.18,0.99,-1,-1,-1
15,4,353.30,358.16,49.85,101.91,1.00,-1,-1,-1
15,5,350.54,328.04,41.99,80.33,0.99,-1,-1,-1
15,6,383.18,333.97,39.07,70.68,0.99,-1,-1,-1
15,7,999.49,507.19,122.48,280.64,1.00,-1,-1,-1
15,8,732.17,316.42,39.61,54.91,0.97,-1,-1,-1
16,1,239.98,364.55,56.97,114.65,1.00,-1,-1,-1
16,2,996.96,373.86,61.37,150.89,1.00,-1,-1,-1
16,3,766.87,357.91,41.49,125.26,0.99,-1,-1,-1
16,4,353.22,358.21,51.27,100.41,1.00,-1,-1,-1
16,5,349.27,329.15,45.75,79.07,0.99,-1,-1,-1
16,6,382.82,334.63,39.67,68.64,0.99,-1,-1,-1
16,7,1001.47,507.23,120.77,281.01,1.00,-1,-1,-1
16,8,732.16,316.54,39.60,54.93,0.97,-1,-1,-1
17,1,245.15,365.91,50.52,112.92,1.00,-1,-1,-1
17,2,1001.44,373.15,60.47,149.17,1.00,-1,-1,-1
17,3,767.28,358.20,43.14,125.37,0.99,-1,-1,-1
17,4,353.51,358.53,51.52,99.27,1.00,-1,-1,-1
17,5,348.40,330.42,47.35,77.72,0.99,-1,-1,-1
17,6,382.57,335.93,39.31,67.32,0.99,-1,-1,-1
17,7,1002.86,507.21,120.04,281.78,1.00,-1,-1,-1
17,8,732.18,316.42,39.61,53.45,0.97,-1,-1,-1
18,1,247.49,365.94,47.42,112.73,1.00,-1,-1,-1
18,2,1004.30,372.63,60.06,149.15,1.00,-1,-1,-1
18,3,767.39,358.00,47.29,125.72,1.00,-1,-1,-1
18,4,354.33,359.36,51.58,97.97,1.00,-1,-1,-1
18,5,348.56,331.73,44.81,76.04,0.99,-1,-1,-1
18,6,382.76,336.20,38.27,66.87,0.99,-1,-1,-1
18,7,1003.33,507.52,119.68,280.32,1.00,-1,-1,-1
18,8,732.16,316.37,39.60,56.80,0.97,-1,-1,-1
19,1,249.24,364.13,45.45,113.57,1.00,-1,-1,-1
19,2,1008.32,371.68,57.51,149.91,1.00,-1,-1,-1
19,3,767.15,356.40,51.72,127.35,0.99,-1,-1,-1
19,4,354.36,360.39,52.46,96.91,1.00,-1,-1,-1
19,5,347.40,333.80,42.53,74.24,0.99,-1,-1,-1
19,6,381.63,336.40,39.40,68.56,0.99,-1,-1,-1
19,7,1003.52,507.60,120.68,279.20,1.00,-1,-1,-1
19,8,731.57,316.32,40.19,62.38,0.96,-1,-1,-1
20,1,250.17,363.50,45.12,114.18,1.00,-1,-1,-1
20,2,1010.97,371.37,56.49,149.61,1.00,-1,-1,-1
20,3,766.75,354.49,54.59,129.00,1.00,-1,-1,-1
20,4,354.52,361.26,53.08,96.24,1.00,-1,-1,-1
20,5,347.25,335.62,42.23,72.70,0.99,-1,-1,-1
20,6,379.75,335.76,41.58,70.68,0.99,-1,-1,-1
20,7,1003.56,507.65,121.01,278.20,1.00,-1,-1,-1
20,8,731.33,316.34,40.42,66.23,0.97,-1,-1,-1
21,1,249.71,363.62,48.13,113.81,1.00,-1,-1,-1
21,2,1014.91,371.56,53.72,148.90,1.00,-1,-1,-1
21,3,766.58,351.55,55.74,128.58,1.00,-1,-1,-1
21,4,356.79,362.81,51.54,94.82,0.99,-1,-1,-1
21,5,349.55,338.86,40.34,70.05,0.99,-1,-1,-1
21,6,382.40,335.54,40.67,72.08,0.99,-1,-1,-1
21,7,1003.59,507.66,121.12,280.84,1.00,-1,-1,-1
21,8,731.25,316.36,40.50,67.17,0.96,-1,-1,-1
22,1,249.24,363.96,44.15,112.18,0.99,-1,-1,-1
22,2,1016.91,371.51,53.88,148.51,1.00,-1,-1,-1
22,3,765.63,349.70,56.15,127.37,1.00,-1,-1,-1
22,4,355.58,362.45,52.40,95.23,0.99,-1,-1,-1
22,5,346.64,341.20,47.43,70.36,0.98,-1,-1,-1
22,6,382.13,335.58,42.37,72.63,0.99,-1,-1,-1
22,7,1002.98,507.96,122.29,283.04,1.00,-1,-1,-1
22,8,731.21,316.37,40.53,66.63,0.96,-1,-1,-1
23,1,248.57,364.27,46.04,111.12,0.99,-1,-1,-1
23,2,1018.79,370.60,52.74,149.27,1.00,-1,-1,-1
23,3,764.40,347.37,55.70,126.16,1.00,-1,-1,-1
23,4,355.28,361.57,52.42,96.31,1.00,-1,-1,-1
23,5,346.63,345.17,47.96,69.90,0.97,-1,-1,-1
23,6,384.09,336.05,41.54,72.83,0.99,-1,-1,-1
23,7,1002.77,508.06,122.71,283.29,0.99,-1,-1,-1
23,8,731.81,316.51,39.95,60.82,0.97,-1,-1,-1
24,1,248.93,364.18,44.28,110.59,0.99,-1,-1,-1
24,2,1020.00,370.00,52.30,149.27,1.00,-1,-1,-1
24,3,763.01,346.52,56.05,126.31,1.00,-1,-1,-1
24,4,354.71,361.33,52.69,96.73,1.00,-1,-1,-1
24,5,348.05,347.13,45.21,68.26,0.97,-1,-1,-1
24,6,385.89,337.06,40.31,68.76,0.99,-1,-1,-1
24,7,1002.65,507.81,122.80,283.40,0.99,-1,-1,-1
24,8,732.02,316.56,39.71,58.77,0.97,-1,-1,-1
25,1,249.38,362.78,42.11,110.85,1.00,-1,-1,-1
25,2,1019.79,369.17,53.35,148.39,1.00,-1,-1,-1
25,3,760.17,346.50,58.50,122.21,0.99,-1,-1,-1
25,4,355.54,359.26,51.90,98.70,1.00,-1,-1,-1
25,5,350.72,348.80,38.98,66.79,0.97,-1,-1,-1
25,6,387.04,338.31,44.33,75.08,0.99,-1,-1,-1
25,7,1003.81,508.28,121.62,284.64,1.00,-1,-1,-1
25,8,731.53,316.40,40.22,62.25,0.96,-1,-1,-1
26,1,249.37,361.97,41.04,110.96,1.00,-1,-1,-1
26,2,1020.24,368.59,53.74,148.07,1.00,-1,-1,-1
26,3,758.50,346.70,59.99,120.50,0.99,-1,-1,-1
26,4,355.39,357.75,51.58,99.45,0.99,-1,-1,-1
26,5,350.76,348.73,35.92,66.61,0.95,-1,-1,-1
26,6,387.86,338.91,46.06,77.59,1.00,-1,-1,-1
26,7,1004.22,508.18,121.13,284.51,1.00,-1,-1,-1
26,8,731.92,316.21,39.82,58.54,0.97,-1,-1,-1
27,1,249.97,359.24,41.00,109.52,1.00,-1,-1,-1
27,2,1020.95,367.62,55.08,147.22,1.00,-1,-1,-1
27,3,758.15,346.76,61.11,119.29,0.99,-1,-1,-1
27,4,356.52,355.80,51.44,100.04,0.98,-1,-1,-1
27,5,349.19,346.02,37.39,67.79,0.95,-1,-1,-1
27,6,386.87,339.94,51.07,77.98,1.00,-1,-1,-1
27,7,1004.38,507.80,120.92,285.06,1.00,-1,-1,-1
27,8,732.07,316.40,39.66,52.47,0.97,-1,-1,-1
28,1,249.88,356.63,41.62,109.44,1.00,-1,-1,-1
28,2,1021.74,366.71,55.58,145.11,1.00,-1,-1,-1
28,3,758.01,347.29,61.52,118.72,0.99,-1,-1,-1
28,4,357.23,354.07,51.98,99.67,0.98,-1,-1,-1
28,5,346.85,344.12,39.69,69.44,0.97,-1,-1,-1
28,6,387.19,340.96,51.86,77.82,1.00,-1,-1,-1
28,7,1004.41,507.98,120.82,284.66,1.00,-1,-1,-1
28,8,732.12,316.66,39.61,48.33,0.95,-1,-1,-1
29,1,249.86,353.56,44.88,110.31,1.00,-1,-1,-1
29,2,1023.18,365.32,55.77,144.18,1.00,-1,-1,-1
29,3,761.20,347.79,55.80,117.34,0.99,-1,-1,-1
29,4,358.56,353.11,51.59,97.74,0.99,-1,-1,-1
29,5,344.09,339.94,40.25,73.65,0.97,-1,-1,-1
29,6,386.32,341.75,52.99,77.14,0.99,-1,-1,-1
29,7,1003.24,507.73,121.95,283.91,0.99,-1,-1,-1
29,8,732.15,316.58,39.59,47.55,0.95,-1,-1,-1
30,1,250.42,352.09,46.67,109.91,1.00,-1,-1,-1
30,2,1024.87,365.15,55.85,143.26,1.00,-1,-1,-1
30,3,763.11,347.74,51.64,116.24,1.00,-1,-1,-1
30,4,359.93,353.75,50.25,96.11,0.99,-1,-1,-1
30,5,341.66,337.27,44.03,75.81,0.98,-1,-1,-1
30,6,385.23,341.82,53.42,77.15,0.99,-1,-1,-1
30,7,1002.80,507.96,122.39,282.43,0.99,-1,-1,-1
30,8,732.15,316.44,39.58,48.86,0.97,-1,-1,-1
31,1,254.72,352.51,45.34,107.67,1.00,-1,-1,-1
31,2,1027.25,364.79,55.88,142.34,1.00,-1,-1,-1
31,3,764.73,347.88,44.60,111.96,1.00,-1,-1,-1
31,4,360.58,354.64,49.74,94.61,0.99,-1,-1,-1
31,5,339.05,335.37,46.01,78.40,0.97,-1,-1,-1
31,6,383.94,340.51,55.00,78.62,1.00,-1,-1,-1
31,7,1002.66,507.73,122.56,283.66,1.00,-1,-1,-1
31,8,732.15,316.24,39.59,51.47,0.97,-1,-1,-1
32,1,259.09,353.75,41.82,105.64,1.00,-1,-1,-1
32,2,1029.87,364.85,55.88,142.17,1.00,-1,-1,-1
32,3,763.71,346.12,43.32,111.31,0.99,-1,-1,-1
32,4,361.55,355.13,48.95,94.07,0.99,-1,-1,-1
32,5,337.16,334.34,48.80,80.85,0.99,-1,-1,-1
32,6,382.70,339.56,54.72,78.87,0.99,-1,-1,-1
32,7,1002.59,507.95,122.60,283.53,1.00,-1,-1,-1
32,8,732.14,316.02,39.59,52.45,0.97,-1,-1,-1
33,1,262.40,355.87,38.95,103.40,1.00,-1,-1,-1
33,2,1032.59,364.73,57.06,141.98,1.00,-1,-1,-1
33,3,759.95,342.61,46.04,112.02,0.99,-1,-1,-1
33,4,361.75,353.49,49.86,94.49,0.99,-1,-1,-1
33,5,335.73,335.08,46.15,81.20,0.99,-1,-1,-1
33,6,381.20,339.74,47.56,68.03,0.99,-1,-1,-1
33,7,1003.16,508.02,121.41,282.90,0.99,-1,-1,-1
33,8,732.15,315.91,39.59,53.43,0.96,-1,-1,-1
34,1,264.31,356.70,37.63,101.99,1.00,-1,-1,-1
34,2,1035.33,364.58,56.32,141.79,1.00,-1,-1,-1
34,3,758.65,341.35,45.79,113.23,1.00,-1,-1,-1
34,4,363.43,351.41,50.20,96.16,0.99,-1,-1,-1
34,5,334.02,336.72,47.08,79.55,0.99,-1,-1,-1
34,6,379.99,340.12,44.29,65.25,0.97,-1,-1,-1
34,7,1003.38,508.07,120.93,282.07,1.00,-1,-1,-1
34,8,732.15,315.90,39.59,54.69,0.95,-1,-1,-1
35,1,266.95,357.30,37.50,100.30,0.99,-1,-1,-1
35,2,1038.71,363.64,56.02,142.04,1.00,-1,-1,-1
35,3,756.99,341.34,51.76,111.32,1.00,-1,-1,-1
35,4,367.19,347.96,48.84,96.79,1.00,-1,-1,-1
35,5,326.72,338.23,54.13,77.40,0.99,-1,-1,-1
35,6,376.06,342.07,44.08,67.41,0.84,-1,-1,-1
35,7,1003.48,508.08,120.74,280.57,1.00,-1,-1,-1
35,8,731.87,316.17,39.59,49.59,0.96,-1,-1,-1
36,1,267.66,357.40,39.00,97.90,0.99,-1,-1,-1
36,2,1040.49,363.01,55.90,141.85,1.00,-1,-1,-1
36,3,756.08,341.54,54.48,110.64,1.00,-1,-1,-1
36,4,369.01,346.39,48.03,97.63,1.00,-1,-1,-1
36,5,321.16,338.22,59.54,77.17,0.99,-1,-1,-1
36,6,371.93,342.77,46.44,67.58,0.79,-1,-1,-1
36,7,1003.50,508.09,120.68,279.42,1.00,-1,-1,-1
36,8,732.04,316.29,39.00,49.09,0.97,-1,-1,-1
37,1,272.50,353.02,37.18,97.66,0.98,-1,-1,-1
37,2,1041.69,362.32,57.05,141.36,1.00,-1,-1,-1
37,3,754.60,341.32,56.14,110.41,1.00,-1,-1,-1
37,4,369.65,346.10,47.13,91.44,0.99,-1,-1,-1
37,5,317.12,336.70,62.02,79.16,1.00,-1,-1,-1
37,6,373.84,342.69,43.47,70.08,0.82,-1,-1,-1
37,7,1003.51,508.07,120.65,279.01,1.00,-1,-1,-1
37,8,732.41,316.31,38.77,50.14,0.98,-1,-1,-1
38,1,274.89,349.77,38.03,97.31,1.00,-1,-1,-1
38,2,1043.24,362.09,57.47,140.29,1.00,-1,-1,-1
38,3,753.16,340.36,57.34,111.26,1.00,-1,-1,-1
38,4,370.29,346.66,45.90,89.04,1.00,-1,-1,-1
38,5,313.40,335.54,59.30,80.78,0.99,-1,-1,-1
38,6,372.40,341.02,44.12,71.60,0.92,-1,-1,-1
38,7,1002.90,508.36,120.63,278.27,1.00,-1,-1,-1
38,8,732.23,316.18,39.89,50.53,0.96,-1,-1,-1
39,1,276.14,344.87,41.93,99.63,1.00,-1,-1,-1
39,2,1046.12,361.56,57.64,138.55,1.00,-1,-1,-1
39,3,747.68,337.95,60.70,113.68,0.99,-1,-1,-1
39,4,369.87,347.99,48.49,86.68,1.00,-1,-1,-1
39,5,307.03,333.23,45.81,83.15,0.97,-1,-1,-1
39,6,376.38,340.84,40.46,77.21,0.86,-1,-1,-1
39,7,1002.67,507.86,120.64,279.79,1.00,-1,-1,-1
39,8,732.45,316.28,39.72,57.83,0.91,-1,-1,-1
40,1,277.35,342.49,45.09,100.50,0.99,-1,-1,-1
40,2,1047.74,361.86,57.68,137.17,1.00,-1,-1,-1
40,3,746.19,336.19,58.53,114.60,0.99,-1,-1,-1
40,4,370.63,348.80,49.42,85.55,0.99,-1,-1,-1
40,5,306.68,331.03,35.29,85.79,0.97,-1,-1,-1
40,6,374.46,339.61,43.41,79.59,0.81,-1,-1,-1
40,7,1002.59,507.99,120.62,277.99,1.00,-1,-1,-1
40,8,732.26,316.05,40.24,68.11,0.95,-1,-1,-1
41,1,281.23,337.75,47.77,102.05,1.00,-1,-1,-1
41,2,1049.48,360.77,56.50,137.58,1.00,-1,-1,-1
41,3,740.07,336.57,55.81,109.63,0.99,-1,-1,-1
41,4,371.49,347.88,53.91,85.78,1.00,-1,-1,-1
41,5,303.58,328.87,34.54,87.36,0.96,-1,-1,-1
41,6,374.26,338.23,46.47,77.03,0.82,-1,-1,-1
41,7,1002.57,507.72,120.61,277.31,1.00,-1,-1,-1
41,8,732.80,316.07,39.84,71.94,0.94,-1,-1,-1
42,1,285.45,339.33,46.82,98.20,0.99,-1,-1,-1
42,2,1050.05,360.40,56.05,137.45,1.00,-1,-1,-1
42,3,735.42,335.74,55.34,106.81,0.99,-1,-1,-1
42,4,371.97,344.14,57.31,89.20,1.00,-1,-1,-1
42,5,296.19,326.78,36.85,87.94,0.97,-1,-1,-1
42,7,1002.57,507.93,120.61,276.47,1.00,-1,-1,-1
42,8,733.60,316.12,39.09,76.30,0.95,-1,-1,-1
43,1,292.89,340.37,44.94,95.82,0.99,-1,-1,-1
43,2,1051.40,360.43,54.69,136.98,1.00,-1,-1,-1
43,3,731.97,332.61,50.41,104.59,0.99,-1,-1,-1
43,4,372.26,343.39,59.80,89.60,1.00,-1,-1,-1
43,5,289.61,324.71,39.47,93.99,0.99,-1,-1,-1
43,7,1002.58,508.02,120.62,276.77,0.99,-1,-1,-1
43,8,736.89,316.43,37.62,79.41,0.98,-1,-1,-1
43,6,375.44,338.75,38.46,72.54,0.73,-1,-1,-1
44,1,299.54,340.76,41.50,94.97,0.99,-1,-1,-1
44,2,1052.43,360.61,54.17,136.07,1.00,-1,-1,-1
44,3,729.56,330.26,49.71,105.03,0.99,-1,-1,-1
44,4,373.66,341.91,59.89,89.76,0.98,-1,-1,-1
44,5,284.46,324.19,43.71,95.68,0.99,-1,-1,-1
44,7,1002.58,507.74,120.61,275.71,1.00,-1,-1,-1
44,8,738.12,316.53,39.48,80.89,0.98,-1,-1,-1
44,6,374.84,339.66,41.35,67.97,0.72,-1,-1,-1
45,1,307.00,339.29,39.58,95.90,0.99,-1,-1,-1
45,2,1053.34,359.50,52.79,137.27,1.00,-1,-1,-1
45,3,723.88,326.14,49.47,107.63,0.99,-1,-1,-1
45,4,384.27,338.55,53.50,91.63,1.00,-1,-1,-1
45,5,277.31,325.32,45.05,96.59,1.00,-1,-1,-1
45,7,1001.37,507.65,121.80,277.14,1.00,-1,-1,-1
45,8,738.52,316.57,36.04,74.85,0.98,-1,-1,-1
45,6,374.45,341.50,37.09,64.28,0.93,-1,-1,-1
46,1,311.13,337.73,38.89,97.46,1.00,-1,-1,-1
46,2,1053.60,358.66,52.28,137.87,1.00,-1,-1,-1
46,3,718.88,325.09,51.20,106.24,1.00,-1,-1,-1
46,4,393.07,335.99,47.81,92.63,0.98,-1,-1,-1
46,5,272.05,326.96,47.30,96.02,1.00,-1,-1,-1
46,7,1000.92,507.62,122.24,277.68,1.00,-1,-1,-1
46,8,737.10,316.44,35.90,72.56,0.97,-1,-1,-1
46,6,375.13,341.67,37.32,67.95,0.94,-1,-1,-1
47,1,316.93,337.18,37.44,93.01,1.00,-1,-1,-1
47,2,1054.24,358.05,50.89,137.81,1.00,-1,-1,-1
47,3,714.18,324.91,48.88,104.22,0.99,-1,-1,-1
47,4,396.50,333.28,47.62,93.00,0.99,-1,-1,-1
47,5,268.60,333.04,47.00,91.92,1.00,-1,-1,-1
47,7,1001.35,507.59,122.39,277.28,1.00,-1,-1,-1
47,8,735.10,316.24,37.06,68.70,0.97,-1,-1,-1
47,6,371.75,340.98,42.28,71.29,0.99,-1,-1,-1
48,1,320.84,336.78,37.23,90.72,0.99,-1,-1,-1
48,2,1053.82,356.80,50.41,136.46,1.00,-1,-1,-1
48,3,712.22,325.83,44.95,102.59,0.99,-1,-1,-1
48,4,400.02,331.16,46.35,94.33,0.99,-1,-1,-1
48,5,267.40,338.17,45.67,87.29,1.00,-1,-1,-1
48,7,1000.94,507.60,122.47,277.75,1.00,-1,-1,-1
48,8,734.35,316.18,37.50,69.90,0.97,-1,-1,-1
48,6,373.25,340.31,42.31,72.88,0.99,-1,-1,-1
49,1,326.69,338.84,42.02,87.79,1.00,-1,-1,-1
49,2,1053.62,356.35,50.25,135.36,1.00,-1,-1,-1
49,3,709.20,328.81,38.54,99.90,1.00,-1,-1,-1
49,4,407.17,330.59,43.77,94.52,0.99,-1,-1,-1
49,5,266.72,342.84,45.42,83.71,1.00,-1,-1,-1
49,7,1000.80,507.59,122.50,276.72,1.00,-1,-1,-1
49,8,733.18,316.18,38.86,69.14,0.98,-1,-1,-1
49,6,377.77,338.32,40.25,76.44,1.00,-1,-1,-1
50,1,330.24,340.04,46.30,86.45,1.00,-1,-1,-1
50,2,1053.52,355.75,50.21,134.22,1.00,-1,-1,-1
50,3,707.07,329.78,36.95,99.25,1.00,-1,-1,-1
50,4,411.20,330.39,45.01,94.00,1.00,-1,-1,-1
50,5,266.31,344.33,46.49,84.82,1.00,-1,-1,-1
50,7,1000.75,507.90,122.49,275.75,1.00,-1,-1,-1
50,8,731.58,316.16,40.55,67.03,0.98,-1,-1,-1
50,6,380.14,336.35,39.45,78.95,0.99,-1,-1,-1
51,1,331.95,339.41,59.62,86.32,1.00,-1,-1,-1
51,2,1052.83,353.75,51.40,135.90,1.00,-1,-1,-1
51,3,701.71,332.55,39.00,95.74,1.00,-1,-1,-1
51,4,416.00,333.60,47.85,90.23,1.00,-1,-1,-1
51,5,266.10,344.51,48.63,86.43,0.99,-1,-1,-1
51,7,1000.73,507.70,122.47,276.59,1.00,-1,-1,-1
51,8,730.97,316.29,41.19,66.81,0.97,-1,-1,-1
51,6,380.69,335.56,41.88,79.63,0.99,-1,-1,-1
52,1,333.52,338.91,65.04,86.01,1.00,-1,-1,-1
52,2,1051.97,352.44,51.86,135.65,1.00,-1,-1,-1
52,3,699.64,333.31,39.10,94.48,1.00,-1,-1,-1
52,4,419.18,336.56,47.74,87.28,1.00,-1,-1,-1
52,5,265.97,344.40,50.02,87.33,0.99,-1,-1,-1
52,7,1000.74,507.93,122.46,276.33,1.00,-1,-1,-1
52,8,731.34,316.19,40.84,66.12,0.96,-1,-1,-1
52,6,381.18,335.41,43.92,79.57,0.99,-1,-1,-1
53,1,339.67,336.94,61.05,87.14,1.00,-1,-1,-1
53,2,1051.63,352.10,53.23,135.12,1.00,-1,-1,-1
53,3,698.44,333.88,39.18,93.76,1.00,-1,-1,-1
53,4,423.25,339.05,45.02,84.68,1.00,-1,-1,-1
53,5,261.59,343.44,55.76,89.14,0.99,-1,-1,-1
53,7,1000.76,507.69,122.46,277.40,1.00,-1,-1,-1
53,8,731.52,316.30,40.70,65.86,0.96,-1,-1,-1
53,6,383.14,336.41,45.00,76.88,0.98,-1,-1,-1
54,1,344.74,335.00,56.83,88.79,1.00,-1,-1,-1
54,2,1051.49,351.87,53.74,134.79,1.00,-1,-1,-1
54,3,697.50,333.78,39.85,93.86,1.00,-1,-1,-1
54,4,425.62,339.95,43.21,83.77,1.00,-1,-1,-1
54,5,261.00,342.72,57.38,90.13,0.99,-1,-1,-1
54,7,1000.76,507.92,122.45,278.44,1.00,-1,-1,-1
54,8,731.57,316.18,40.63,67.55,0.97,-1,-1,-1
54,6,385.01,337.97,45.42,76.71,0.99,-1,-1,-1
55,1,354.86,330.85,49.20,92.10,0.99,-1,-1,-1
55,2,1051.43,350.74,55.12,135.72,1.00,-1,-1,-1
55,3,696.68,330.25,40.71,97.24,1.00,-1,-1,-1
55,4,428.51,338.89,42.88,84.66,1.00,-1,-1,-1
55,5,263.81,341.06,57.12,92.26,1.00,-1,-1,-1
55,7,1000.78,507.98,122.43,281.79,1.00,-1,-1,-1
55,8,732.22,316.26,40.01,66.71,0.97,-1,-1,-1
55,6,387.36,337.77,49.66,78.72,1.00,-1,-1,-1
56,1,361.80,329.34,41.56,92.19,1.00,-1,-1,-1
56,2,1050.80,350.07,57.98,136.38,1.00,-1,-1,-1
56,3,696.42,328.39,41.05,99.40,1.00,-1,-1,-1
56,4,429.54,337.63,44.14,85.62,0.99,-1,-1,-1
56,5,266.88,340.00,55.51,93.35,1.00,-1,-1,-1
56,7,1000.77,507.74,122.43,283.06,1.00,-1,-1,-1
56,8,732.45,316.31,39.76,65.48,0.96,-1,-1,-1
56,6,390.74,337.58,50.68,80.06,1.00,-1,-1,-1
57,1,371.24,326.58,33.36,93.70,0.99,-1,-1,-1
57,2,1050.58,349.98,60.22,135.88,1.00,-1,-1,-1
57,3,696.78,327.53,41.79,99.94,1.00,-1,-1,-1
57,4,430.50,336.11,46.69,86.29,0.99,-1,-1,-1
57,5,273.72,339.13,51.30,95.50,1.00,-1,-1,-1
57,7,999.62,507.62,123.60,282.91,1.00,-1,-1,-1
57,8,732.29,316.33,39.67,62.91,0.95,-1,-1,-1
57,6,394.33,337.20,50.77,81.43,1.00,-1,-1,-1
58,1,375.65,325.90,30.95,94.57,0.99,-1,-1,-1
58,2,1051.05,350.29,61.08,135.41,0.99,-1,-1,-1
58,3,697.23,326.95,42.67,100.46,1.00,-1,-1,-1
58,4,432.19,335.27,47.66,86.86,1.00,-1,-1,-1
58,5,279.25,338.39,48.72,97.18,1.00,-1,-1,-1
58,7,999.17,507.90,124.06,282.26,1.00,-1,-1,-1
58,8,732.19,316.35,39.63,61.95,0.96,-1,-1,-1
58,6,396.20,337.24,50.49,81.36,1.00,-1,-1,-1
59,1,380.80,327.04,33.21,94.59,0.99,-1,-1,-1
59,2,1051.83,350.59,62.56,135.07,1.00,-1,-1,-1
59,3,697.50,327.21,45.95,100.06,1.00,-1,-1,-1
59,4,435.57,334.99,49.06,88.57,1.00,-1,-1,-1
59,5,285.91,337.24,46.55,99.26,0.99,-1,-1,-1
59,7,999.03,508.01,124.22,281.39,1.00,-1,-1,-1
59,8,732.49,316.22,39.02,55.57,0.98,-1,-1,-1
59,6,399.28,335.80,48.88,83.36,0.99,-1,-1,-1
60,1,383.44,328.26,36.38,94.31,1.00,-1,-1,-1
60,2,1052.68,350.88,64.28,134.82,1.00,-1,-1,-1
60,3,697.57,327.63,48.91,99.63,0.99,-1,-1,-1
60,4,437.86,335.05,49.01,89.52,0.99,-1,-1,-1
60,5,289.16,336.36,46.98,100.91,0.99,-1,-1,-1
60,7,998.95,507.77,124.28,282.27,1.00,-1,-1,-1
60,8,732.55,316.17,38.79,53.19,0.97,-1,-1,-1
60,6,401.34,335.25,48.24,83.82,0.99,-1,-1,-1
61,1,385.09,329.95,41.10,93.30,0.99,-1,-1,-1
61,2,1056.52,351.15,62.60,134.28,1.00,-1,-1,-1
61,3,697.98,329.00,52.93,98.87,0.99,-1,-1,-1
61,4,441.35,334.94,46.33,88.99,0.99,-1,-1,-1
61,5,292.19,335.46,47.73,101.51,0.99,-1,-1,-1
61,7,999.57,507.68,124.30,283.17,1.00,-1,-1,-1
61,8,732.33,316.32,39.31,50.24,0.97,-1,-1,-1
61,6,403.77,335.06,47.39,83.97,0.99,-1,-1,-1
62,1,385.86,331.18,44.35,92.32,1.00,-1,-1,-1
62,2,1059.16,351.41,61.89,134.24,1.00,-1,-1,-1
62,3,698.68,331.14,54.50,97.10,1.00,-1,-1,-1
62,4,442.17,334.73,45.87,88.49,0.99,-1,-1,-1
62,5,293.66,335.22,48.31,102.00,0.99,-1,-1,-1
62,7,1000.35,507.64,123.10,282.92,1.00,-1,-1,-1
62,8,732.19,316.34,39.50,48.01,0.98,-1,-1,-1
62,6,404.85,335.10,49.45,83.41,0.99,-1,-1,-1
63,1,387.09,332.13,47.35,92.24,0.99,-1,-1,-1
63,2,1061.36,351.35,60.42,133.18,0.99,-1,-1,-1
63,3,700.52,331.51,53.95,96.44,1.00,-1,-1,-1
63,4,443.08,332.30,46.61,90.67,0.99,-1,-1,-1
63,5,294.12,337.07,50.91,99.50,1.00,-1,-1,-1
63,7,1000.11,507.60,123.84,283.38,1.00,-1,-1,-1
63,8,732.80,316.51,38.98,46.36,0.97,-1,-1,-1
63,6,409.39,333.67,52.54,84.95,0.98,-1,-1,-1
64,1,388.78,332.50,47.68,92.22,0.99,-1,-1,-1
64,2,1062.12,351.04,61.04,132.80,1.00,-1,-1,-1
64,3,700.93,331.80,54.28,96.51,1.00,-1,-1,-1
64,4,443.99,330.97,47.33,86.20,0.98,-1,-1,-1
64,5,294.17,338.98,51.59,97.60,1.00,-1,-1,-1
64,7,999.97,507.89,124.13,282.97,1.00,-1,-1,-1
64,8,733.26,316.26,38.19,46.79,0.97,-1,-1,-1
64,6,410.43,334.45,54.01,84.34,0.99,-1,-1,-1
65,1,393.98,332.83,43.72,91.91,0.99,-1,-1,-1
65,2,1067.13,348.68,56.54,133.99,0.99,-1,-1,-1
65,3,701.74,330.12,54.38,97.44,1.00,-1,-1,-1
65,4,445.05,330.35,51.89,92.59,0.99,-1,-1,-1
65,5,294.65,342.73,52.73,94.47,1.00,-1,-1,-1
65,7,999.37,507.99,124.24,282.19,1.00,-1,-1,-1
65,8,732.28,316.33,39.69,62.60,0.96,-1,-1,-1
65,6,404.74,331.99,57.75,87.63,0.99,-1,-1,-1
66,1,398.89,333.53,39.95,91.51,0.97,-1,-1,-1
66,2,1070.19,347.98,53.54,134.32,1.00,-1,-1,-1
66,3,703.17,329.04,53.22,98.11,1.00,-1,-1,-1
66,4,447.77,330.41,51.73,93.70,1.00,-1,-1,-1
66,5,294.55,345.90,54.90,91.78,1.00,-1,-1,-1
66,7,999.09,507.75,124.27,281.32,1.00,-1,-1,-1
66,8,733.03,316.35,39.07,68.41,0.98,-1,-1,-1
66,6,407.84,331.34,51.20,88.56,0.99,-1,-1,-1
67,2,1074.94,347.71,50.01,133.84,0.99,-1,-1,-1
67,3,709.42,326.99,47.42,100.43,0.99,-1,-1,-1
67,4,445.77,331.19,54.70,91.18,0.99,-1,-1,-1
67,5,295.46,348.41,58.32,90.78,0.99,-1,-1,-1
67,7,999.02,507.93,124.27,280.96,1.00,-1,-1,-1
67,8,736.37,316.36,35.84,67.31,0.98,-1,-1,-1
67,6,409.58,331.11,46.20,92.69,1.00,-1,-1,-1
68,2,1080.28,347.35,45.03,133.07,0.99,-1,-1,-1
68,3,713.06,325.93,43.88,101.61,0.99,-1,-1,-1
68,4,449.08,331.64,51.64,90.47,0.99,-1,-1,-1
68,5,296.15,349.42,59.06,90.13,1.00,-1,-1,-1
68,7,998.95,507.72,124.26,280.85,1.00,-1,-1,-1
68,8,737.90,316.64,33.98,65.87,0.97,-1,-1,-1
68,6,408.38,330.13,45.93,94.55,0.99,-1,-1,-1
69,2,1083.34,347.38,42.04,131.45,0.99,-1,-1,-1
69,3,716.81,324.35,42.02,103.24,0.99,-1,-1,-1
69,4,452.99,332.72,49.16,88.12,0.98,-1,-1,-1
69,5,299.28,351.41,60.18,89.60,1.00,-1,-1,-1
69,7,998.94,507.94,124.25,279.62,1.00,-1,-1,-1
69,8,738.74,316.60,33.34,66.73,0.98,-1,-1,-1
69,6,407.19,330.06,42.82,94.94,0.92,-1,-1,-1
69,1,412.68,331.92,41.59,88.68,0.93,-1,-1,-1
70,2,1084.25,348.02,41.10,130.55,0.99,-1,-1,-1
70,3,719.94,323.94,40.77,103.85,0.99,-1,-1,-1
70,4,455.73,333.77,46.56,86.93,0.99,-1,-1,-1
70,5,301.35,353.04,62.91,89.12,1.00,-1,-1,-1
70,7,998.93,508.33,124.25,277.96,1.00,-1,-1,-1
70,8,739.63,316.90,32.53,67.61,0.96,-1,-1,-1
70,6,403.89,335.34,45.08,88.61,0.91,-1,-1,-1
70,1,413.04,332.62,43.95,88.26,0.93,-1,-1,-1
71,2,1085.11,347.23,40.83,131.28,0.98,-1,-1,-1
71,3,722.57,324.68,44.05,103.77,0.99,-1,-1,-1
71,4,461.98,335.35,43.00,84.69,0.99,-1,-1,-1
71,5,320.66,355.53,46.70,86.86,0.99,-1,-1,-1
71,7,998.94,507.89,124.23,279.14,1.00,-1,-1,-1
71,8,739.32,316.86,32.86,71.40,0.97,-1,-1,-1
71,6,399.34,336.22,50.01,83.94,0.98,-1,-1,-1
71,1,416.68,332.84,40.11,90.52,0.98,-1,-1,-1
72,2,1084.69,346.95,42.03,131.26,0.99,-1,-1,-1
72,3,723.47,326.62,45.20,103.43,1.00,-1,-1,-1
72,4,466.94,335.65,38.61,84.17,0.99,-1,-1,-1
72,5,330.38,358.39,46.97,84.52,0.99,-1,-1,-1
72,7,998.93,508.31,124.23,277.80,1.00,-1,-1,-1
72,8,739.19,316.71,33.00,73.12,0.99,-1,-1,-1
72,6,397.49,336.85,54.15,81.30,0.99,-1,-1,-1
72,1,421.21,333.67,36.39,86.33,0.96,-1,-1,-1
73,2,1084.50,346.86,43.71,131.27,0.99,-1,-1,-1
73,3,725.84,331.67,48.61,98.54,1.00,-1,-1,-1
73,4,470.46,335.45,37.08,86.70,0.99,-1,-1,-1
73,5,333.32,360.74,51.61,82.17,1.00,-1,-1,-1
73,7,998.94,508.18,124.22,277.30,1.00,-1,-1,-1
73,8,739.13,316.80,33.67,75.48,0.99,-1,-1,-1
73,6,397.07,334.34,56.65,83.99,0.99,-1,-1,-1
73,1,423.14,333.08,35.35,87.13,0.88,-1,-1,-1
74,2,1084.37,346.83,43.16,130.98,0.99,-1,-1,-1
74,3,728.13,334.49,49.31,95.75,1.00,-1,-1,-1
74,4,471.54,334.75,37.86,87.34,0.99,-1,-1,-1
74,5,334.49,360.90,55.59,81.65,0.99,-1,-1,-1
74,7,998.94,508.11,124.21,277.13,1.00,-1,-1,-1
74,8,739.39,316.66,35.12,77.51,0.99,-1,-1,-1
74,6,396.76,333.70,59.34,84.38,0.99,-1,-1,-1
74,1,424.92,333.15,35.32,86.83,0.89,-1,-1,-1
75,2,1083.66,346.53,44.19,130.88,0.99,-1,-1,-1
75,3,730.45,338.24,50.75,92.32,1.00,-1,-1,-1
75,4,473.68,333.15,39.37,89.97,1.00,-1,-1,-1
75,5,336.43,359.70,64.64,83.62,1.00,-1,-1,-1
75,7,998.96,507.79,124.20,281.24,1.00,-1,-1,-1
75,8,736.84,316.33,45.66,82.88,0.99,-1,-1,-1
75,6,397.24,334.36,58.08,81.85,0.99,-1,-1,-1
75,1,429.10,332.88,34.56,87.93,0.98,-1,-1,-1
76,2,1082.75,346.41,45.77,130.85,0.99,-1,-1,-1
76,3,731.57,339.73,50.70,91.08,0.99,-1,-1,-1
76,4,475.29,333.71,41.14,89.78,0.99,-1,-1,-1
76,5,338.28,358.91,70.63,85.55,0.99,-1,-1,-1
76,7,998.95,507.94,124.20,281.60,1.00,-1,-1,-1
76,8,735.66,316.04,51.08,85.49,0.99,-1,-1,-1
76,6,399.08,336.42,54.88,79.07,0.97,-1,-1,-1
76,1,431.10,332.77,34.30,88.64,0.98,-1,-1,-1
77,2,1081.21,346.38,47.56,130.55,0.99,-1,-1,-1
77,3,731.64,340.08,51.25,90.96,0.99,-1,-1,-1
77,4,478.15,334.08,44.19,89.70,0.99,-1,-1,-1
77,5,351.33,357.54,68.62,87.78,0.98,-1,-1,-1
77,7,998.95,507.71,124.20,280.55,1.00,-1,-1,-1
77,8,734.04,316.35,51.23,84.76,0.99,-1,-1,-1
77,6,407.57,336.27,47.91,76.85,0.97,-1,-1,-1
77,1,432.29,333.02,34.53,88.92,0.99,-1,-1,-1
78,2,1080.59,346.68,48.25,130.15,0.99,-1,-1,-1
78,3,730.12,340.03,52.62,90.96,0.99,-1,-1,-1
78,4,482.63,334.84,43.61,87.59,0.99,-1,-1,-1
78,5,373.15,356.42,54.30,89.82,0.99,-1,-1,-1
78,7,998.95,507.64,124.21,279.56,1.00,-1,-1,-1
78,8,733.03,316.49,50.07,84.09,0.99,-1,-1,-1
78,6,416.25,338.21,40.22,75.75,0.89,-1,-1,-1
78,1,432.74,333.29,34.79,89.03,0.99,-1,-1,-1
79,2,1079.75,346.96,49.69,130.17,0.99,-1,-1,-1
79,3,728.91,339.84,53.71,90.99,1.00,-1,-1,-1
79,4,488.70,336.34,46.93,88.88,0.99,-1,-1,-1
79,5,382.50,349.37,61.19,97.36,0.85,-1,-1,-1
79,7,998.95,507.92,124.22,280.98,1.00,-1,-1,-1
79,8,732.34,316.55,50.71,84.36,0.99,-1,-1,-1
79,1,429.78,331.77,37.89,90.86,0.99,-1,-1,-1
80,2,1080.00,346.92,50.24,130.03,0.99,-1,-1,-1
80,3,728.11,339.74,54.12,91.02,1.00,-1,-1,-1
80,4,493.51,338.38,51.61,88.46,0.99,-1,-1,-1
80,5,387.23,351.46,67.91,95.04,0.98,-1,-1,-1
80,7,998.96,507.73,124.23,280.91,1.00,-1,-1,-1
80,8,732.67,316.59,49.20,84.41,0.99,-1,-1,-1
80,1,428.25,331.80,39.47,90.37,0.99,-1,-1,-1
81,2,1083.60,347.20,46.92,129.69,0.99,-1,-1,-1
81,3,726.59,340.11,55.42,90.76,0.99,-1,-1,-1
81,4,495.04,339.57,60.20,87.71,0.99,-1,-1,-1
81,5,392.77,348.46,75.90,93.73,0.87,-1,-1,-1
81,7,998.96,507.65,124.23,280.89,1.00,-1,-1,-1
81,8,733.39,316.44,43.85,85.55,0.99,-1,-1,-1
81,1,428.71,333.14,40.96,88.09,0.86,-1,-1,-1
82,2,1085.00,347.60,45.60,129.56,0.99,-1,-1,-1
82,3,724.56,340.06,57.06,90.68,0.99,-1,-1,-1
82,4,495.95,339.85,65.78,87.42,0.99,-1,-1,-1
82,5,401.20,344.36,76.45,100.03,0.97,-1,-1,-1
82,7,998.97,507.90,124.21,280.86,1.00,-1,-1,-1
82,8,733.72,316.37,41.69,85.65,0.99,-1,-1,-1
82,1,432.07,335.14,51.67,81.82,0.90,-1,-1,-1
83,2,1084.87,347.31,46.34,129.97,0.99,-1,-1,-1
83,3,720.81,339.88,61.16,91.57,1.00,-1,-1,-1
83,4,497.26,339.64,69.20,90.30,0.99,-1,-1,-1
83,5,435.31,349.63,58.21,97.74,0.90,-1,-1,-1
83,7,998.96,507.71,124.22,281.46,1.00,-1,-1,-1
83,8,735.02,316.05,38.48,84.18,0.99,-1,-1,-1
83,1,443.38,334.06,48.24,81.62,0.76,-1,-1,-1
83,6,418.48,339.65,53.66,83.40,0.99,-1,-1,-1
84,2,1085.42,347.05,46.60,130.27,0.99,-1,-1,-1
84,3,719.14,339.34,62.72,92.51,1.00,-1,-1,-1
84,4,501.99,339.84,67.74,91.36,1.00,-1,-1,-1
84,5,451.52,352.53,57.42,95.27,0.95,-1,-1,-1
84,7,998.98,507.92,124.20,281.05,1.00,-1,-1,-1
84,8,735.56,316.08,37.29,85.04,0.99,-1,-1,-1
84,1,447.94,333.82,41.82,80.05,0.67,-1,-1,-1
84,6,418.65,339.74,60.99,84.76,1.00,-1,-1,-1
85,2,1085.59,347.26,46.71,130.10,0.99,-1,-1,-1
85,3,717.56,339.13,62.73,91.99,0.99,-1,-1,-1
85,4,509.48,339.17,65.89,92.95,1.00,-1,-1,-1
85,5,459.31,353.64,65.08,95.50,1.00,-1,-1,-1
85,7,998.96,508.02,124.21,279.73,1.00,-1,-1,-1
85,8,733.55,316.25,39.35,85.34,0.99,-1,-1,-1
85,1,453.33,334.04,44.28,71.63,0.96,-1,-1,-1
85,6,422.32,340.36,58.09,83.79,0.99,-1,-1,-1
86,2,1085.65,347.19,46.75,130.17,0.99,-1,-1,-1
86,3,716.73,339.62,62.67,91.49,1.00,-1,-1,-1
86,4,514.14,338.89,66.26,93.23,0.99,-1,-1,-1
86,5,462.56,353.00,71.49,96.75,0.99,-1,-1,-1
86,7,998.99,508.03,124.19,279.79,1.00,-1,-1,-1
86,8,732.02,316.15,41.26,85.42,0.99,-1,-1,-1
86,1,456.59,333.31,44.96,70.72,0.93,-1,-1,-1
86,6,427.19,339.98,55.19,83.66,0.99,-1,-1,-1
87,2,1085.64,347.02,46.77,130.67,0.99,-1,-1,-1
87,3,715.76,339.66,62.04,92.22,0.99,-1,-1,-1
87,4,536.62,339.82,51.29,86.85,0.99,-1,-1,-1
87,5,482.00,351.44,69.10,93.09,0.99,-1,-1,-1
87,7,998.97,507.76,124.20,280.45,1.00,-1,-1,-1
87,8,731.95,316.13,40.83,82.47,0.98,-1,-1,-1
87,1,466.40,333.08,39.37,75.07,0.93,-1,-1,-1
87,6,442.04,339.86,47.37,82.72,0.94,-1,-1,-1
88,2,1085.64,347.40,46.78,130.40,0.99,-1,-1,-1
88,3,714.87,340.40,59.99,92.19,0.99,-1,-1,-1
88,4,550.49,339.86,44.82,88.28,0.99,-1,-1,-1
88,5,496.70,350.67,63.83,92.54,0.98,-1,-1,-1
88,7,999.00,507.94,124.20,280.68,1.00,-1,-1,-1
88,8,732.30,316.12,40.64,84.60,0.99,-1,-1,-1
88,1,476.69,332.41,32.71,71.57,0.92,-1,-1,-1
88,6,448.44,337.28,45.76,85.29,0.98,-1,-1,-1
89,2,1085.61,347.10,46.78,131.05,0.99,-1,-1,-1
89,3,714.82,340.22,57.38,92.49,0.99,-1,-1,-1
89,4,560.81,340.76,48.56,89.10,0.99,-1,-1,-1
89,5,523.61,348.90,47.76,94.43,0.99,-1,-1,-1
89,7,998.99,508.02,124.20,280.78,1.00,-1,-1,-1
89,8,733.91,316.26,38.78,82.72,0.99,-1,-1,-1
89,1,485.90,325.71,31.62,83.74,0.98,-1,-1,-1
89,6,451.46,336.46,50.35,86.54,1.00,-1,-1,-1
90,2,1085.61,346.98,47.97,131.29,0.99,-1,-1,-1
90,3,715.47,339.70,55.17,93.49,1.00,-1,-1,-1
90,4,567.82,341.53,53.89,88.81,1.00,-1,-1,-1
90,5,536.49,347.35,43.42,96.02,0.98,-1,-1,-1
90,7,999.02,507.74,124.19,281.99,1.00,-1,-1,-1
90,8,734.27,316.31,38.07,80.17,0.98,-1,-1,-1
90,1,491.61,323.98,33.17,82.77,0.96,-1,-1,-1
90,6,453.04,336.74,56.45,86.41,0.99,-1,-1,-1
91,2,1085.58,347.69,48.42,130.65,0.99,-1,-1,-1
91,3,715.67,338.31,54.35,95.36,1.00,-1,-1,-1
91,4,563.62,345.39,74.40,85.73,0.96,-1,-1,-1
91,5,542.31,344.72,55.80,96.04,0.94,-1,-1,-1
91,7,999.00,507.65,124.21,283.07,1.00,-1,-1,-1
91,8,736.46,316.49,36.61,74.69,0.99,-1,-1,-1
91,1,495.83,323.48,49.40,84.99,0.99,-1,-1,-1
91,6,457.59,336.27,62.92,86.33,0.99,-1,-1,-1
92,2,1086.16,347.96,48.59,130.40,0.99,-1,-1,-1
92,3,716.69,338.09,53.46,96.06,1.00,-1,-1,-1
92,4,565.26,347.30,82.64,79.42,0.87,-1,-1,-1
92,5,550.85,343.29,69.01,94.84,0.95,-1,-1,-1
92,7,999.01,507.61,124.21,284.04,1.00,-1,-1,-1
92,8,733.03,316.56,39.74,72.02,0.98,-1,-1,-1
92,1,498.79,323.48,57.53,84.93,0.99,-1,-1,-1
92,6,460.12,337.30,65.37,83.62,1.00,-1,-1,-1
93,2,1087.56,348.35,48.65,129.71,0.99,-1,-1,-1
93,3,722.81,337.25,49.51,96.91,0.99,-1,-1,-1
93,5,568.83,345.90,73.43,90.80,0.96,-1,-1,-1
93,7,999.03,507.60,124.21,285.01,1.00,-1,-1,-1
93,8,731.24,316.57,41.43,73.25,0.95,-1,-1,-1
93,1,502.75,328.95,62.33,79.88,0.99,-1,-1,-1
93,6,471.79,336.79,56.11,81.06,1.00,-1,-1,-1
94,2,1086.31,348.04,51.04,129.90,0.99,-1,-1,-1
94,3,725.43,335.60,48.04,98.99,0.99,-1,-1,-1
94,5,582.86,341.78,72.43,97.42,0.97,-1,-1,-1
94,7,999.03,507.59,124.21,284.76,1.00,-1,-1,-1
94,8,732.29,316.57,40.33,74.61,0.96,-1,-1,-1
94,1,508.94,329.61,59.38,76.69,0.99,-1,-1,-1
94,6,480.74,336.00,47.08,80.39,1.00,-1,-1,-1
95,2,1080.61,347.76,58.90,130.13,1.00,-1,-1,-1
95,3,731.24,335.70,45.71,99.19,0.99,-1,-1,-1
95,5,605.36,337.10,73.58,102.40,0.96,-1,-1,-1
95,7,998.44,507.58,125.41,285.26,1.00,-1,-1,-1
95,8,733.33,316.41,39.29,78.72,0.97,-1,-1,-1
95,1,517.00,323.33,53.91,83.41,0.99,-1,-1,-1
95,6,486.90,334.80,41.84,79.56,1.00,-1,-1,-1
96,2,1076.78,347.82,64.10,129.47,1.00,-1,-1,-1
96,3,732.06,335.90,51.11,99.24,0.99,-1,-1,-1
96,5,621.56,335.89,61.31,104.91,0.98,-1,-1,-1
96,7,998.22,507.58,125.84,286.02,1.00,-1,-1,-1
96,8,733.73,316.36,38.89,82.02,0.98,-1,-1,-1
96,1,526.78,320.39,45.66,84.33,0.99,-1,-1,-1
96,6,489.12,333.47,39.45,79.85,1.00,-1,-1,-1
97,2,1074.08,347.38,68.46,128.48,1.00,-1,-1,-1
97,3,730.89,335.40,60.50,103.97,0.99,-1,-1,-1
97,5,633.18,332.40,54.70,109.06,0.99,-1,-1,-1
97,7,998.13,507.58,126.01,285.70,1.00,-1,-1,-1
97,8,737.75,316.48,34.56,77.46,0.95,-1,-1,-1
97,1,530.75,321.03,46.11,80.27,0.96,-1,-1,-1
97,6,489.37,331.05,38.68,82.05,1.00,-1,-1,-1
98,2,1072.43,347.37,71.32,127.06,1.00,-1,-1,-1
98,3,734.63,336.81,61.32,105.73,0.99,-1,-1,-1
98,5,639.52,332.25,52.39,108.60,0.99,-1,-1,-1
98,7,998.10,507.58,126.07,286.14,1.00,-1,-1,-1
98,8,737.75,316.69,36.03,71.98,0.92,-1,-1,-1
98,1,536.00,318.49,44.48,85.28,0.95,-1,-1,-1
98,6,489.35,329.13,38.44,84.06,1.00,-1,-1,-1
99,2,1072.90,346.46,72.42,125.95,0.99,-1,-1,-1
99,3,736.69,334.74,60.45,110.18,0.99,-1,-1,-1
99,5,648.71,329.91,47.90,100.15,0.78,-1,-1,-1
99,7,998.67,507.57,124.90,285.71,1.00,-1,-1,-1
99,8,735.04,316.91,37.11,54.30,0.92,-1,-1,-1
99,1,546.13,317.00,46.83,88.24,0.99,-1,-1,-1
99,6,487.93,327.83,39.01,85.70,1.00,-1,-1,-1
99,4,646.11,332.99,63.06,92.86,0.94,-1,-1,-1
100,2,1074.29,346.14,71.65,125.54,0.99,-1,-1,-1
100,3,737.77,334.26,60.06,111.56,0.99,-1,-1,-1
100,5,663.62,330.47,45.64,95.23,0.94,-1,-1,-1
100,7,998.90,507.58,124.45,286.72,1.00,-1,-1,-1
100,8,734.03,317.18,38.71,49.36,0.88,-1,-1,-1
100,1,551.82,318.80,47.67,85.01,0.99,-1,-1,-1
100,6,486.14,327.68,38.63,86.91,0.99,-1,-1,-1
100,4,656.59,330.70,42.59,93.19,0.90,-1,-1,-1
101,2,1072.51,345.42,73.59,126.30,0.99,-1,-1,-1
101,3,748.36,332.47,53.42,114.39,0.99,-1,-1,-1
101,5,674.19,330.87,50.55,97.40,0.98,-1,-1,-1
101,7,998.96,507.59,124.29,288.28,1.00,-1,-1,-1
101,8,733.02,316.93,40.50,45.70,0.94,-1,-1,-1
101,1,557.26,320.63,54.44,84.88,0.99,-1,-1,-1
101,6,484.10,329.56,39.73,84.12,0.99,-1,-1,-1
101,4,669.20,328.84,38.77,79.87,0.78,-1,-1,-1
102,2,1071.33,345.17,75.45,127.19,0.99,-1,-1,-1
102,3,754.66,332.09,51.36,115.14,0.99,-1,-1,-1
102,5,678.23,329.56,53.96,99.66,0.99,-1,-1,-1
102,7,998.43,507.30,125.41,288.85,1.00,-1,-1,-1
102,8,732.41,316.69,40.02,46.64,0.96,-1,-1,-1
102,1,561.36,321.63,54.72,83.92,1.00,-1,-1,-1
102,6,481.60,331.23,43.73,84.21,0.99,-1,-1,-1
102,4,677.03,328.99,34.44,77.81,0.23,-1,-1,-1
103,2,1070.84,345.38,74.98,128.43,0.99,-1,-1,-1
103,3,757.97,330.20,54.30,116.55,0.99,-1,-1,-1
103,5,700.31,327.47,43.63,101.98,0.96,-1,-1,-1
103,7,998.20,507.19,125.83,289.64,1.00,-1,-1,-1
103,8,732.73,316.60,39.22,45.10,0.94,-1,-1,-1
103,1,567.00,322.03,51.27,83.54,1.00,-1,-1,-1
103,6,478.32,334.98,47.52,79.48,1.00,-1,-1,-1
103,4,677.27,325.56,50.02,92.59,0.96,-1,-1,-1
104,2,1070.14,344.58,75.88,130.39,0.99,-1,-1,-1
104,3,762.98,329.49,54.75,117.34,0.98,-1,-1,-1
104,5,710.43,328.76,45.67,101.10,0.96,-1,-1,-1
104,7,998.73,507.45,124.79,289.33,0.99,-1,-1,-1
104,8,734.09,316.41,37.71,51.34,0.94,-1,-1,-1
104,1,571.01,322.33,48.01,83.10,1.00,-1,-1,-1
104,6,476.18,336.88,47.86,77.05,1.00,-1,-1,-1
104,4,680.08,324.19,56.14,97.70,0.98,-1,-1,-1
105,2,1068.09,343.26,77.35,131.87,0.99,-1,-1,-1
105,3,774.80,332.17,58.47,119.35,0.99,-1,-1,-1
105,5,720.99,321.45,53.50,102.82,0.99,-1,-1,-1
105,7,999.48,507.57,124.40,288.02,1.00,-1,-1,-1
105,8,738.17,316.80,33.53,62.48,0.49,-1,-1,-1
105,1,574.60,322.76,46.75,84.13,0.99,-1,-1,-1
105,6,473.17,336.96,50.88,78.01,1.00,-1,-1,-1
105,4,685.73,324.13,56.62,97.20,0.99,-1,-1,-1
106,2,1067.40,342.93,77.87,132.28,0.99,-1,-1,-1
106,3,784.46,335.57,59.86,120.08,0.99,-1,-1,-1
106,5,727.27,318.02,61.41,104.63,0.99,-1,-1,-1
106,7,1000.43,507.33,123.05,287.50,1.00,-1,-1,-1
106,8,734.46,316.82,38.85,72.54,0.25,-1,-1,-1
106,1,577.32,323.09,46.88,85.69,1.00,-1,-1,-1
106,6,471.26,336.10,52.59,79.57,1.00,-1,-1,-1
106,4,691.26,322.59,54.95,98.65,1.00,-1,-1,-1
107,2,1068.24,343.11,76.86,131.83,0.99,-1,-1,-1
107,3,790.64,340.84,64.46,117.67,1.00,-1,-1,-1
107,5,741.39,321.61,61.84,101.48,0.99,-1,-1,-1
107,7,1000.69,507.53,122.55,286.11,1.00,-1,-1,-1
107,8,737.19,316.97,34.83,69.03,0.60,-1,-1,-1
107,1,578.36,324.25,55.87,86.86,1.00,-1,-1,-1
107,6,468.39,336.65,55.54,78.98,1.00,-1,-1,-1
107,4,701.89,320.15,46.49,98.87,1.00,-1,-1,-1
108,2,1072.19,343.78,72.87,131.05,0.99,-1,-1,-1
108,3,793.84,344.50,73.63,114.89,0.99,-1,-1,-1
108,5,754.53,323.99,56.16,98.13,0.99,-1,-1,-1
108,7,1000.84,507.30,122.37,286.77,1.00,-1,-1,-1
108,8,737.51,317.17,33.70,64.41,0.87,-1,-1,-1
108,1,581.41,326.32,59.11,85.53,1.00,-1,-1,-1
108,6,467.35,337.90,48.12,77.86,1.00,-1,-1,-1
108,4,712.81,319.25,37.97,98.01,0.98,-1,-1,-1
109,2,1076.13,343.45,68.87,131.34,0.99,-1,-1,-1
109,3,794.75,349.59,86.63,110.52,1.00,-1,-1,-1
109,5,765.61,324.79,48.33,97.77,0.97,-1,-1,-1
109,7,1000.86,507.51,122.31,284.64,1.00,-1,-1,-1
109,8,740.04,317.25,31.48,64.64,0.84,-1,-1,-1
109,1,585.27,328.45,58.71,83.51,1.00,-1,-1,-1
109,6,466.03,338.81,39.37,77.15,0.99,-1,-1,-1
109,4,722.31,318.07,34.34,91.15,0.98,-1,-1,-1
110,2,1077.65,343.76,67.36,131.00,0.99,-1,-1,-1
110,3,795.95,351.44,92.45,108.55,0.99,-1,-1,-1
110,5,777.15,324.19,39.71,98.54,0.98,-1,-1,-1
110,7,1000.92,507.28,122.30,284.43,1.00,-1,-1,-1
110,8,742.55,317.40,28.82,61.48,0.69,-1,-1,-1
110,1,587.53,329.97,57.89,82.14,1.00,-1,-1,-1
110,6,465.33,339.11,34.22,77.20,1.00,-1,-1,-1
110,4,728.31,317.37,32.59,87.50,0.97,-1,-1,-1
111,2,1078.15,343.89,66.81,130.56,0.99,-1,-1,-1
111,3,796.49,349.67,98.72,110.53,0.99,-1,-1,-1
111,5,785.50,321.61,38.01,101.21,0.99,-1,-1,-1
111,7,1000.89,507.49,122.30,283.16,1.00,-1,-1,-1
111,1,590.25,330.98,55.75,81.33,1.00,-1,-1,-1
111,6,463.48,338.61,33.23,80.22,0.99,-1,-1,-1
111,4,734.75,315.66,35.93,94.94,0.99,-1,-1,-1
112,2,1078.33,343.79,66.62,130.24,0.99,-1,-1,-1
112,3,798.56,349.57,100.65,111.26,0.99,-1,-1,-1
112,5,789.52,319.19,43.22,101.92,0.99,-1,-1,-1
112,7,1000.89,507.56,122.31,282.69,1.00,-1,-1,-1
112,1,590.53,331.03,56.07,81.33,1.00,-1,-1,-1
112,6,462.28,339.01,31.05,80.75,0.99,-1,-1,-1
112,4,738.41,315.34,37.01,97.00,1.00,-1,-1,-1
113,2,1078.35,342.57,67.76,130.42,0.99,-1,-1,-1
113,3,811.37,349.05,92.84,111.54,0.99,-1,-1,-1
113,5,797.17,318.45,43.16,98.04,0.99,-1,-1,-1
113,7,1000.85,507.60,122.33,281.93,1.00,-1,-1,-1
113,1,592.55,332.23,55.58,80.15,1.00,-1,-1,-1
113,6,459.33,340.06,32.28,85.39,0.99,-1,-1,-1
113,4,739.71,317.04,50.67,96.02,0.99,-1,-1,-1
114,2,1078.38,341.52,68.18,130.19,0.99,-1,-1,-1
114,3,822.03,348.68,90.02,111.34,0.99,-1,-1,-1
114,5,802.00,318.53,40.14,93.81,0.99,-1,-1,-1
114,7,1001.47,507.61,122.34,281.06,1.00,-1,-1,-1
114,1,594.40,332.82,54.76,79.71,1.00,-1,-1,-1
114,6,456.86,341.17,32.70,86.84,0.99,-1,-1,-1
114,4,748.03,318.80,50.67,94.70,1.00,-1,-1,-1
114,8,733.29,317.76,31.17,45.72,0.71,-1,-1,-1
115,2,1077.73,341.29,68.34,127.86,0.99,-1,-1,-1
115,3,855.56,349.25,66.83,110.95,0.99,-1,-1,-1
115,5,810.87,318.15,35.27,92.86,0.99,-1,-1,-1
115,7,1001.64,507.32,122.34,282.53,1.00,-1,-1,-1
115,1,595.22,331.36,55.62,82.26,1.00,-1,-1,-1
115,6,453.70,342.91,33.04,85.92,0.99,-1,-1,-1
115,4,752.71,319.96,55.62,93.27,1.00,-1,-1,-1
115,8,732.18,318.64,35.11,43.07,0.98,-1,-1,-1
116,2,1076.91,342.11,69.59,125.49,0.99,-1,-1,-1
116,3,869.02,351.07,61.29,108.72,0.99,-1,-1,-1
116,5,816.01,317.42,34.20,92.84,0.99,-1,-1,-1
116,7,1001.73,506.91,122.34,284.88,0.99,-1,-1,-1
116,1,595.46,330.79,55.92,83.80,1.00,-1,-1,-1
116,6,450.49,343.39,35.01,85.83,1.00,-1,-1,-1
116,4,755.06,318.91,58.65,94.51,0.99,-1,-1,-1
116,8,731.80,318.85,36.52,42.36,0.98,-1,-1,-1
117,2,1077.16,346.67,70.04,120.11,0.99,-1,-1,-1
117,3,873.60,351.00,74.28,110.88,0.99,-1,-1,-1
117,5,823.42,314.05,32.61,96.16,0.98,-1,-1,-1
117,7,1001.71,506.78,122.32,286.97,0.99,-1,-1,-1
117,1,594.81,331.44,56.60,84.39,0.99,-1,-1,-1
117,6,447.13,341.77,37.94,90.21,1.00,-1,-1,-1
117,4,757.19,318.99,60.38,93.48,0.99,-1,-1,-1
117,8,731.95,318.76,38.20,42.49,0.97,-1,-1,-1
118,2,1078.48,350.79,69.04,115.08,0.99,-1,-1,-1
118,3,874.93,349.16,85.76,113.16,0.99,-1,-1,-1
118,5,827.84,312.66,35.26,96.22,0.98,-1,-1,-1
118,7,1001.75,507.01,122.34,286.57,0.99,-1,-1,-1
118,1,600.69,331.23,49.19,85.20,0.99,-1,-1,-1
118,6,445.77,340.87,39.50,94.15,1.00,-1,-1,-1
118,4,761.01,318.73,61.03,92.47,0.99,-1,-1,-1
118,8,732.07,318.71,38.85,42.59,0.98,-1,-1,-1
119,2,1078.95,351.95,65.07,113.60,0.99,-1,-1,-1
119,3,881.36,346.36,97.15,115.20,0.99,-1,-1,-1
119,5,833.48,310.84,39.73,96.84,0.99,-1,-1,-1
119,7,1000.56,507.08,123.56,286.40,1.00,-1,-1,-1
119,1,600.60,331.01,48.06,85.79,1.00,-1,-1,-1
119,6,444.13,340.81,40.70,97.98,1.00,-1,-1,-1
119,4,772.04,316.71,56.07,93.27,0.99,-1,-1,-1
119,8,731.84,318.84,39.65,42.68,0.96,-1,-1,-1
120,2,1079.74,349.87,62.34,116.46,0.98,-1,-1,-1
120,3,886.87,343.64,99.89,117.13,0.99,-1,-1,-1
120,5,836.08,310.02,46.01,97.08,0.99,-1,-1,-1
120,7,1000.13,507.08,124.03,285.13,1.00,-1,-1,-1
120,1,595.96,331.19,51.96,85.71,1.00,-1,-1,-1
120,6,442.56,341.79,41.88,100.30,1.00,-1,-1,-1
120,4,779.74,314.46,52.75,95.04,0.98,-1,-1,-1
120,8,731.78,318.71,39.94,42.75,0.96,-1,-1,-1
121,2,1080.65,339.13,61.38,126.95,0.99,-1,-1,-1
121,3,897.08,339.55,124.42,120.51,0.99,-1,-1,-1
121,5,838.70,311.13,48.49,95.38,0.99,-1,-1,-1
121,7,999.98,507.13,124.21,284.66,1.00,-1,-1,-1
121,1,595.20,331.30,52.17,85.66,1.00,-1,-1,-1
121,6,440.86,344.10,42.33,100.87,1.00,-1,-1,-1
121,4,788.70,310.88,46.06,97.77,0.98,-1,-1,-1
121,8,731.79,318.70,40.02,42.81,0.98,-1,-1,-1
122,2,1076.09,326.31,69.54,138.50,0.99,-1,-1,-1
122,3,911.26,337.10,124.24,122.35,1.00,-1,-1,-1
122,5,842.28,312.78,45.51,92.04,0.99,-1,-1,-1
122,7,999.92,507.12,124.26,285.07,1.00,-1,-1,-1
122,1,596.60,329.97,49.87,87.41,1.00,-1,-1,-1
122,6,439.54,346.41,42.63,99.58,0.99,-1,-1,-1
122,4,793.53,308.63,42.21,100.26,0.99,-1,-1,-1
122,8,732.11,318.81,39.43,42.56,0.98,-1,-1,-1
123,2,1072.22,317.61,75.85,145.01,0.99,-1,-1,-1
123,3,933.52,334.12,110.21,123.62,0.99,-1,-1,-1
123,5,852.80,312.84,37.09,90.20,0.98,-1,-1,-1
123,7,999.91,506.82,124.27,285.23,1.00,-1,-1,-1
123,1,601.62,329.75,44.13,87.77,1.00,-1,-1,-1
123,6,440.87,347.57,38.93,98.13,0.99,-1,-1,-1
123,4,799.65,311.60,40.26,97.98,0.97,-1,-1,-1
123,8,732.28,318.69,39.18,42.80,0.97,-1,-1,-1
124,2,1070.12,311.88,77.23,145.13,0.98,-1,-1,-1
124,3,949.38,332.99,96.82,122.61,0.99,-1,-1,-1
124,5,857.27,312.11,33.09,90.45,0.96,-1,-1,-1
124,7,999.92,507.00,124.27,285.89,1.00,-1,-1,-1
124,1,604.37,329.94,40.72,87.60,1.00,-1,-1,-1
124,6,441.99,347.67,36.06,98.43,0.99,-1,-1,-1
124,4,804.04,312.51,46.47,97.35,0.98,-1,-1,-1
124,8,732.37,318.78,39.05,42.61,0.97,-1,-1,-1
125,2,1071.01,304.08,71.94,143.04,0.99,-1,-1,-1
125,3,964.01,331.00,90.40,121.00,0.99,-1,-1,-1
125,5,862.31,310.98,31.78,90.86,0.99,-1,-1,-1
125,7,999.90,506.79,124.25,286.14,0.99,-1,-1,-1
125,1,605.85,327.80,37.70,89.00,1.00,-1,-1,-1
125,6,443.84,346.95,34.25,102.93,1.00,-1,-1,-1
125,4,810.25,314.67,45.66,95.31,1.00,-1,-1,-1
125,8,732.40,318.97,38.99,42.25,0.97,-1,-1,-1
126,2,1072.02,300.31,68.55,139.21,0.99,-1,-1,-1
126,3,970.12,330.45,90.52,121.24,0.99,-1,-1,-1
126,5,864.45,310.60,32.61,91.34,0.99,-1,-1,-1
126,7,1000.49,507.03,124.24,285.63,1.00,-1,-1,-1
126,1,606.91,325.69,36.08,91.29,1.00,-1,-1,-1
126,6,444.39,346.98,34.08,105.77,1.00,-1,-1,-1
126,4,814.17,316.59,45.29,93.03,0.99,-1,-1,-1
126,8,732.43,318.91,38.94,42.44,0.97,-1,-1,-1
127,2,1071.19,298.16,68.49,139.76,0.99,-1,-1,-1
127,3,979.25,331.05,94.13,123.38,0.98,-1,-1,-1
127,5,867.18,310.51,36.56,91.53,1.00,-1,-1,-1
127,7,1000.11,506.85,124.23,286.02,0.99,-1,-1,-1
127,1,607.20,323.61,35.59,93.60,0.99,-1,-1,-1
127,6,444.93,348.90,35.24,108.87,1.00,-1,-1,-1
127,4,819.28,317.95,44.55,91.86,1.00,-1,-1,-1
127,8,732.45,318.92,38.91,42.52,0.97,-1,-1,-1
128,2,1070.30,298.06,66.07,139.64,0.99,-1,-1,-1
128,3,986.53,332.79,90.74,123.58,0.99,-1,-1,-1
128,5,868.42,311.40,38.57,90.42,0.99,-1,-1,-1
128,7,1000.55,507.09,124.22,284.39,1.00,-1,-1,-1
128,1,607.85,322.09,34.85,95.06,1.00,-1,-1,-1
128,6,445.12,351.07,36.27,108.58,1.00,-1,-1,-1
128,4,822.15,321.46,42.46,88.14,1.00,-1,-1,-1
128,8,732.46,318.77,38.88,42.57,0.96,-1,-1,-1
129,2,1069.98,302.72,61.53,145.17,0.98,-1,-1,-1
129,3,998.44,336.30,80.88,120.38,1.00,-1,-1,-1
129,5,871.29,313.56,37.04,87.92,1.00,-1,-1,-1
129,7,1000.12,507.47,124.22,283.16,1.00,-1,-1,-1
129,1,608.02,321.38,35.27,95.59,1.00,-1,-1,-1
129,6,444.48,353.81,38.00,107.22,1.00,-1,-1,-1
129,4,822.93,322.46,42.89,86.75,1.00,-1,-1,-1
129,8,732.47,318.86,38.86,42.60,0.97,-1,-1,-1
130,2,1069.90,307.87,58.61,144.61,0.99,-1,-1,-1
130,3,1008.56,337.20,74.55,119.72,0.99,-1,-1,-1
130,5,872.73,313.59,35.80,87.30,0.99,-1,-1,-1
130,7,999.96,507.29,124.21,282.13,1.00,-1,-1,-1
130,1,608.33,321.09,35.45,95.76,1.00,-1,-1,-1
130,6,443.21,355.08,40.26,107.08,1.00,-1,-1,-1
130,4,823.39,323.08,43.65,85.37,1.00,-1,-1,-1
130,8,732.48,318.85,38.84,42.62,0.97,-1,-1,-1
131,2,1073.00,326.40,47.74,128.39,0.98,-1,-1,-1
131,3,1017.32,335.21,63.60,120.65,1.00,-1,-1,-1
131,5,874.30,310.97,34.14,89.20,0.99,-1,-1,-1
131,7,999.93,507.13,124.23,280.54,1.00,-1,-1,-1
131,1,609.03,320.95,34.96,95.79,1.00,-1,-1,-1
131,6,440.01,355.05,44.17,108.91,1.00,-1,-1,-1
131,4,823.12,322.60,44.54,84.89,0.99,-1,-1,-1
131,8,732.51,318.64,38.83,42.93,0.97,-1,-1,-1
132,2,1070.84,334.66,49.09,121.28,0.99,-1,-1,-1
132,3,1024.19,333.03,63.75,122.18,0.99,-1,-1,-1
132,5,874.95,309.01,32.91,90.51,1.00,-1,-1,-1
132,7,999.87,507.10,124.22,279.95,1.00,-1,-1,-1
132,1,609.51,320.65,34.20,96.07,1.00,-1,-1,-1
132,6,437.19,354.88,47.23,112.95,1.00,-1,-1,-1
132,4,822.23,320.63,46.05,85.64,0.99,-1,-1,-1
132,8,732.49,318.59,38.81,42.76,0.97,-1,-1,-1
133,2,1068.98,339.00,44.51,118.52,0.99,-1,-1,-1
133,3,1031.91,329.95,56.31,124.82,1.00,-1,-1,-1
133,5,875.35,308.10,33.08,91.01,1.00,-1,-1,-1
133,7,999.88,507.06,124.25,280.34,1.00,-1,-1,-1
133,1,609.96,318.93,33.96,97.92,1.00,-1,-1,-1
133,6,435.11,355.53,51.43,116.34,1.00,-1,-1,-1
133,4,821.51,319.12,48.39,85.35,0.99,-1,-1,-1
133,8,732.50,318.55,38.80,42.70,0.98,-1,-1,-1
134,2,1069.60,340.10,41.67,118.52,0.99,-1,-1,-1
134,3,1033.25,328.72,51.18,125.81,0.99,-1,-1,-1
134,5,875.08,307.99,33.75,91.21,1.00,-1,-1,-1
134,7,999.86,507.11,124.23,279.91,1.00,-1,-1,-1
134,1,610.38,318.48,33.90,98.60,0.99,-1,-1,-1
134,6,434.56,357.38,52.51,116.89,1.00,-1,-1,-1
134,4,820.55,318.45,50.43,85.26,0.99,-1,-1,-1
134,8,732.50,318.59,38.79,42.98,0.97,-1,-1,-1
135,2,1066.64,339.96,43.40,120.84,0.99,-1,-1,-1
135,3,1037.86,326.79,45.76,127.05,1.00,-1,-1,-1
135,5,874.61,307.66,34.01,91.29,1.00,-1,-1,-1
135,7,1000.49,507.12,124.25,280.96,1.00,-1,-1,-1
135,1,610.52,317.17,32.70,99.42,0.99,-1,-1,-1
135,6,437.26,360.74,50.91,114.99,0.99,-1,-1,-1
135,4,819.25,315.81,59.32,87.35,0.99,-1,-1,-1
135,8,732.53,318.01,38.78,43.68,0.97,-1,-1,-1
136,2,1069.33,340.03,40.29,121.58,0.99,-1,-1,-1
136,3,1040.19,325.81,44.21,127.79,1.00,-1,-1,-1
136,5,874.00,307.13,34.11,91.91,1.00,-1,-1,-1
136,7,1000.68,507.13,124.23,281.36,1.00,-1,-1,-1
136,1,611.13,317.27,32.27,99.41,0.98,-1,-1,-1
136,6,441.89,362.56,47.28,113.30,1.00,-1,-1,-1
136,4,818.20,314.69,64.88,88.13,0.99,-1,-1,-1
136,8,732.52,317.79,38.77,43.95,0.96,-1,-1,-1
137,2,1072.96,340.13,36.72,122.05,0.99,-1,-1,-1
137,3,1042.03,325.31,43.84,128.34,0.99,-1,-1,-1
137,5,873.70,306.78,34.15,92.15,1.00,-1,-1,-1
137,7,1000.77,507.42,124.22,280.93,1.00,-1,-1,-1
137,1,611.95,316.88,31.54,99.08,0.99,-1,-1,-1
137,6,449.00,363.79,41.16,112.61,1.00,-1,-1,-1
137,4,817.14,314.12,67.72,88.14,0.99,-1,-1,-1
137,8,732.54,317.69,38.76,44.05,0.96,-1,-1,-1
138,2,1074.86,339.98,35.60,122.40,0.99,-1,-1,-1
138,3,1043.68,324.88,42.56,128.53,0.99,-1,-1,-1
138,5,872.91,306.54,34.76,92.53,1.00,-1,-1,-1
138,7,1000.79,507.55,124.20,281.97,1.00,-1,-1,-1
138,1,614.35,316.61,28.85,98.04,0.99,-1,-1,-1
138,6,453.25,364.21,38.81,112.92,1.00,-1,-1,-1
138,4,816.62,313.93,69.39,88.15,0.99,-1,-1,-1
138,8,732.54,317.67,38.75,44.09,0.96,-1,-1,-1
139,2,1074.85,339.44,35.30,122.70,0.99,-1,-1,-1
139,3,1047.18,324.60,39.72,128.86,0.99,-1,-1,-1
139,5,873.17,306.46,33.81,92.67,0.99,-1,-1,-1
139,7,1000.81,507.30,124.20,282.36,1.00,-1,-1,-1
139,1,617.40,316.69,27.28,97.92,0.99,-1,-1,-1
139,6,457.49,364.18,39.25,115.23,1.00,-1,-1,-1
139,4,816.66,313.59,69.43,88.75,0.99,-1,-1,-1
139,8,732.27,317.67,39.34,44.11,0.96,-1,-1,-1
140,2,1074.81,339.04,35.27,122.98,0.99,-1,-1,-1
140,3,1049.38,324.53,37.61,128.97,0.99,-1,-1,-1
140,5,873.17,306.31,33.44,93.02,0.99,-1,-1,-1
140,7,1000.80,507.20,124.19,281.92,1.00,-1,-1,-1
140,1,618.71,316.59,26.78,96.67,0.99,-1,-1,-1
140,6,459.99,364.43,39.86,116.97,1.00,-1,-1,-1
140,4,816.89,313.47,68.80,88.98,0.99,-1,-1,-1
140,8,732.15,317.82,39.55,44.11,0.96,-1,-1,-1
141,2,1074.17,338.27,36.56,123.99,0.99,-1,-1,-1
141,3,1050.57,324.39,35.74,129.28,0.99,-1,-1,-1
141,5,873.44,306.28,32.71,93.15,1.00,-1,-1,-1
141,7,1000.81,507.18,124.20,281.74,1.00,-1,-1,-1
141,1,619.13,315.40,29.74,96.19,0.99,-1,-1,-1
141,6,461.34,366.43,40.85,116.28,0.99,-1,-1,-1
141,4,817.53,312.72,66.75,89.66,0.99,-1,-1,-1
141,8,732.12,317.74,39.63,44.41,0.96,-1,-1,-1
142,2,1073.31,337.97,37.05,124.38,0.99,-1,-1,-1
142,3,1050.77,324.51,36.51,129.08,0.99,-1,-1,-1
142,5,873.78,306.43,31.84,92.89,0.99,-1,-1,-1
142,7,1000.79,507.17,124.20,281.69,1.00,-1,-1,-1
142,1,619.26,315.26,31.33,95.70,1.00,-1,-1,-1
142,6,462.66,367.44,41.22,116.27,1.00,-1,-1,-1
142,4,818.59,312.30,65.30,90.21,0.99,-1,-1,-1
142,8,732.39,317.72,39.07,44.52,0.96,-1,-1,-1
143,2,1073.60,338.12,37.27,124.23,0.99,-1,-1,-1
143,3,1050.78,324.88,36.81,128.69,0.99,-1,-1,-1
143,5,873.57,306.20,31.52,93.09,1.00,-1,-1,-1
143,7,1000.80,507.16,124.20,280.47,1.00,-1,-1,-1
143,1,617.83,315.24,36.66,95.52,1.00,-1,-1,-1
143,6,465.81,368.54,41.96,116.09,0.99,-1,-1,-1
143,4,819.85,311.42,62.93,91.30,0.99,-1,-1,-1
143,8,732.52,317.71,38.84,44.56,0.97,-1,-1,-1
144,2,1073.69,338.31,37.38,124.03,0.99,-1,-1,-1
144,3,1050.03,325.18,38.21,128.53,0.99,-1,-1,-1
144,5,873.44,306.26,31.41,93.16,1.00,-1,-1,-1
144,7,1000.78,507.45,124.19,280.03,1.00,-1,-1,-1
144,1,616.99,315.07,40.88,95.45,1.00,-1,-1,-1
144,6,468.09,368.44,41.04,116.15,0.99,-1,-1,-1
144,4,820.56,311.09,61.39,91.71,0.99,-1,-1,-1
144,8,732.25,317.69,39.35,44.57,0.97,-1,-1,-1
145,2,1072.51,337.91,38.65,124.41,0.99,-1,-1,-1
145,3,1048.49,325.61,41.17,126.08,1.00,-1,-1,-1
145,5,873.07,306.14,31.38,94.08,1.00,-1,-1,-1
145,7,1000.77,507.56,124.18,281.65,1.00,-1,-1,-1
145,1,616.62,315.02,44.29,95.42,1.00,-1,-1,-1
145,6,471.89,367.61,36.49,118.67,0.99,-1,-1,-1
145,4,822.28,310.09,53.00,92.75,1.00,-1,-1,-1
145,8,732.45,317.67,38.95,44.58,0.97,-1,-1,-1
146,2,1072.08,337.89,39.14,124.11,0.99,-1,-1,-1
146,3,1047.30,325.78,42.27,123.94,0.99,-1,-1,-1
146,5,872.90,306.26,31.38,94.71,1.00,-1,-1,-1
146,7,1000.77,507.60,124.19,283.46,1.00,-1,-1,-1
146,1,617.00,315.02,43.99,95.41,1.00,-1,-1,-1
146,6,473.83,367.14,34.75,123.57,0.99,-1,-1,-1
146,4,822.52,309.73,49.72,93.13,1.00,-1,-1,-1
146,8,732.52,317.68,38.79,44.58,0.97,-1,-1,-1
147,2,1073.70,337.88,38.15,122.95,1.00,-1,-1,-1
147,3,1042.05,325.86,47.45,121.94,1.00,-1,-1,-1
147,5,873.12,306.47,30.80,94.95,1.00,-1,-1,-1
147,7,1000.78,507.31,124.20,283.54,1.00,-1,-1,-1
147,1,620.31,315.95,40.36,94.51,1.00,-1,-1,-1
147,6,474.76,367.69,35.41,122.65,0.99,-1,-1,-1
147,4,823.20,309.77,45.52,92.96,1.00,-1,-1,-1
147,8,732.56,317.69,38.73,44.27,0.97,-1,-1,-1
