1,1,750.672,610.034,O6
1,2,1033.086,253.428,D1
1,4,422.992,353.057,O9
1,5,487.842,244.105,D5
1,6,948.816,868.743,D3
1,7,1032.284,332.937,O10
2,1,750.690,609.995,O6
2,2,1033.070,253.430,D1
2,4,423.612,360.193,O9
2,5,487.073,244.938,D5
2,6,948.262,873.545,D3
2,7,1032.907,332.918,O10
3,1,751.284,609.964,O6
3,2,1033.055,253.433,D1
3,4,424.404,366.355,O9
3,5,487.528,247.795,D5
3,6,948.165,878.478,D3
3,7,1033.191,332.924,O10
4,1,751.983,609.789,O6
4,2,1033.039,253.435,D1
4,4,424.351,365.136,O9
4,5,487.357,247.505,D5
4,6,947.738,882.349,D3
4,7,1033.354,330.695,O10
5,1,752.733,609.717,O6
5,2,1033.023,253.437,D1
5,4,423.750,364.842,O9
5,5,486.963,246.217,D5
5,6,947.585,884.802,D3
5,7,1034.050,327.653,O10
6,1,753.003,609.623,O6
6,2,1033.008,253.439,D1
6,4,424.224,366.791,O9
6,5,484.061,234.477,D5
6,6,947.141,886.665,D3
6,7,1034.314,326.420,O10
7,1,753.107,609.662,O6
7,2,1032.992,253.442,D1
7,4,425.702,367.414,O9
7,5,485.482,240.081,D5
7,6,946.607,889.454,D3
7,7,1033.878,323.972,O10
8,1,753.122,609.569,O6
8,2,1032.977,253.444,D1
8,4,426.869,367.393,O9
8,5,485.380,239.577,D5
8,6,945.986,889.327,D3
8,7,1033.633,325.131,O10
9,1,753.076,609.722,O6
9,2,1032.961,253.446,D1
9,4,426.999,366.481,O9
9,5,484.055,237.203,D5
9,6,945.307,889.328,D3
9,7,1033.509,324.735,O10
10,1,752.535,609.691,O6
10,2,1032.946,253.449,D1
10,4,427.404,367.008,O9
10,5,484.194,238.628,D5
10,6,944.241,889.216,D3
10,7,1033.455,325.450,O10
11,1,751.778,609.800,O6
11,2,1032.930,253.451,D1
11,4,425.987,364.074,O9
11,5,484.247,239.227,D5
11,6,943.423,889.176,D3
11,7,1032.795,325.914,O10
12,1,751.508,609.785,O6
12,2,1032.914,253.453,D1
12,4,425.477,362.869,O9
12,5,484.331,236.756,D5
12,6,942.727,889.084,D3
12,7,1032.577,326.019,O10
13,1,751.410,609.854,O6
13,2,1032.899,253.456,D1
13,4,428.473,366.594,O9
13,5,484.706,237.221,D5
13,6,942.067,889.093,D3
13,7,1031.852,327.345,O10
14,1,750.842,609.918,O6
14,2,1032.883,253.458,D1
14,4,430.193,367.869,O9
14,5,486.109,239.728,D5
14,6,941.433,890.114,D3
14,7,1031.573,327.800,O10
15,1,750.624,609.950,O6
15,2,1032.868,253.460,D1
15,4,431.180,369.428,O9
15,5,487.250,243.159,D5
15,6,940.811,891.573,D3
15,7,1031.505,326.885,O10
16,1,750.547,609.961,O6
16,2,1032.852,253.463,D1
16,4,431.854,368.819,O9
16,5,488.031,243.128,D5
16,6,940.583,891.010,D3
16,7,1031.406,328.749,O10
17,1,750.516,609.947,O6
17,2,1032.837,253.465,D1
17,4,431.770,367.482,O9
17,5,488.314,243.086,D5
17,6,940.097,890.792,D3
17,7,1031.330,330.534,O10
18,1,749.976,610.062,O6
18,2,1032.821,253.467,D1
18,4,432.022,365.786,O9
18,5,488.417,243.099,D5
18,6,939.480,889.674,D3
18,7,1030.734,330.233,O10
19,1,750.314,610.013,O6
19,2,1032.805,253.470,D1
19,4,432.133,365.157,O9
19,5,488.454,243.065,D5
19,6,939.280,889.213,D3
19,7,1030.490,331.167,O10
20,1,749.902,610.091,O6
20,2,1032.790,253.472,D1
20,4,433.110,368.200,O9
20,5,488.443,243.066,D5
20,6,939.227,890.080,D3
20,7,1029.807,330.565,O10
21,1,749.776,610.091,O6
21,2,1032.774,253.474,D1
21,4,434.739,371.364,O9
21,5,488.154,241.786,D5
21,6,938.832,890.423,D3
21,7,1030.197,330.191,O10
22,1,749.737,610.115,O6
22,2,1032.759,253.477,D1
22,4,435.365,372.615,O9
22,5,488.055,241.368,D5
22,6,939.135,891.536,D3
22,7,1030.906,331.106,O10
23,1,749.140,610.165,O6
23,2,1032.743,253.479,D1
23,4,436.733,372.792,O9
23,5,488.618,238.398,D5
23,6,938.832,893.030,D3
23,7,1030.534,331.452,O10
24,1,748.944,610.266,O6
24,2,1032.728,253.481,D1
24,4,438.523,375.030,O9
24,5,488.293,232.331,D5
24,6,938.358,895.789,D3
24,7,1031.643,330.415,O10
25,1,747.561,612.057,O6
25,2,1032.712,253.484,D1
25,4,438.853,367.958,O9
25,5,488.519,231.221,D5
25,6,938.263,898.837,D3
25,7,1032.711,329.844,O10
26,1,745.317,611.378,O6
26,2,1032.696,253.486,D1
26,4,440.205,362.782,O9
26,5,488.989,229.490,D5
26,6,937.503,904.222,D3
26,7,1033.112,330.731,O10
27,1,744.637,612.718,O6
27,2,1032.681,253.488,D1
27,4,444.097,366.008,O9
27,5,490.420,228.751,D5
27,6,937.223,907.268,D3
27,7,1033.169,332.177,O10
28,1,745.469,609.819,O6
28,2,1032.665,253.490,D1
28,4,447.081,365.897,O9
28,5,491.257,229.733,D5
28,6,936.725,909.427,D3
28,7,1033.217,331.613,O10
29,1,746.113,606.991,O6
29,2,1032.650,253.493,D1
29,4,444.972,354.934,O9
29,5,492.155,232.624,D5
29,6,935.702,910.290,D3
29,7,1033.857,330.209,O10
30,1,747.161,607.427,O6
30,2,1032.634,253.495,D1
30,4,444.458,347.141,O9
30,5,490.287,230.112,D5
30,6,934.958,911.597,D3
30,7,1034.086,330.684,O10
31,1,747.798,609.279,O6
31,2,1032.619,253.497,D1
31,4,450.515,364.163,O9
31,5,488.925,232.004,D5
31,6,933.879,912.188,D3
31,7,1034.840,329.772,O10
32,1,748.531,609.887,O6
32,2,1032.603,253.500,D1
32,4,453.579,371.431,O9
32,5,487.968,234.065,D5
32,6,933.066,913.422,D3
32,7,1035.077,329.421,O10
33,1,748.813,610.121,O6
33,2,1032.587,253.502,D1
33,4,454.724,369.691,O9
33,5,486.955,234.942,D5
33,6,932.367,913.889,D3
33,7,1035.163,329.287,O10
34,1,749.458,610.137,O6
34,2,1032.572,253.504,D1
34,4,457.311,367.583,O9
34,5,486.606,235.314,D5
34,6,931.718,914.073,D3
34,7,1035.192,329.259,O10
35,1,749.692,610.140,O6
35,2,1032.556,253.507,D1
35,4,459.437,364.292,O9
35,5,485.544,231.638,D5
35,6,931.071,914.141,D3
35,7,1035.151,330.308,O10
36,1,749.774,610.146,O6
36,2,1032.541,253.509,D1
36,4,459.885,357.374,O9
36,5,485.157,230.269,D5
36,6,930.849,914.115,D3
36,7,1035.043,332.892,O10
37,1,750.558,611.641,O6
37,2,1032.525,253.511,D1
37,4,461.253,352.283,O9
37,5,485.029,229.734,D5
37,6,930.381,914.112,D3
37,7,1035.051,332.770,O10
38,1,751.151,610.532,O6
38,2,1032.509,253.514,D1
38,4,461.109,345.809,O9
38,5,485.303,230.830,D5
38,6,930.244,915.087,D3
38,7,1035.165,329.408,O10
39,1,751.866,609.989,O6
39,2,1032.494,253.516,D1
39,4,461.602,343.291,O9
39,5,485.378,231.197,D5
39,6,930.172,914.395,D3
39,7,1035.146,329.217,O10
40,1,752.129,609.914,O6
40,2,1032.478,253.518,D1
40,4,463.288,345.822,O9
40,5,486.053,234.033,D5
40,6,929.742,914.225,D3
40,7,1034.551,328.284,O10
41,1,752.546,608.059,O6
41,2,1032.463,253.521,D1
41,4,465.429,345.270,O9
41,5,486.957,234.797,D5
41,6,929.204,914.105,D3
41,7,1034.372,327.751,O10
42,1,752.685,607.488,O6
42,2,1032.447,253.523,D1
42,4,466.227,345.307,O9
42,5,487.942,237.777,D5
42,6,928.997,914.112,D3
42,7,1034.308,326.665,O10
43,1,753.274,607.128,O6
43,2,1032.432,253.525,D1
43,4,466.499,342.927,O9
43,5,488.368,236.151,D5
43,6,928.553,914.105,D3
43,7,1034.848,328.240,O10
44,1,753.127,608.763,O6
44,2,1032.416,253.528,D1
44,4,465.560,343.483,O9
44,5,488.133,236.996,D5
44,6,928.349,914.146,D3
44,7,1034.414,327.964,O10
45,1,753.615,609.241,O6
45,2,1032.400,253.530,D1
45,4,464.511,343.743,O9
45,5,488.701,237.085,D5
45,6,927.875,913.117,D3
45,7,1034.307,327.761,O10
46,1,753.582,607.872,O6
46,2,1032.385,253.532,D1
46,4,463.790,342.835,O9
46,5,489.549,239.703,D5
46,6,927.323,913.829,D3
46,7,1034.302,326.641,O10
47,1,753.727,608.932,O6
47,2,1032.369,253.534,D1
47,4,463.751,341.251,O9
47,5,490.104,241.839,D5
47,6,927.098,914.092,D3
47,7,1034.170,328.413,O10
48,1,754.335,609.283,O6
48,2,1032.354,253.537,D1
48,4,464.128,339.577,O9
48,5,490.707,241.345,D5
48,6,927.094,915.198,D3
48,7,1033.637,326.983,O10
49,1,754.615,609.352,O6
49,2,1032.338,253.539,D1
49,4,464.315,336.539,O9
49,5,490.654,242.390,D5
49,6,927.125,914.537,D3
49,7,1034.027,328.507,O10
50,1,754.402,607.826,O6
50,2,1032.323,253.541,D1
50,4,464.912,333.036,O9
50,5,491.449,243.938,D5
50,6,927.530,915.286,D3
50,7,1033.465,329.198,O10
51,1,753.780,607.311,O6
51,2,1032.307,253.544,D1
51,4,466.679,332.694,O9
51,5,491.398,245.811,D5
51,6,927.692,915.550,D3
51,7,1033.293,328.373,O10
52,1,753.366,605.479,O6
52,2,1032.291,253.546,D1
52,4,467.719,329.007,O9
52,5,491.457,243.879,D5
52,6,928.645,915.485,D3
52,7,1033.291,327.984,O10
53,1,753.716,604.748,O6
53,2,1032.276,253.548,D1
53,4,469.653,326.260,O9
53,5,490.838,240.663,D5
53,6,929.803,914.320,D3
53,7,1032.653,327.981,O10
54,1,753.862,604.487,O6
54,2,1032.260,253.551,D1
54,4,469.138,323.128,O9
54,5,490.929,240.678,D5
54,6,931.089,913.759,D3
54,7,1033.047,327.874,O10
55,1,754.677,605.969,O6
55,2,1032.245,253.553,D1
55,4,469.860,323.127,O9
55,5,490.994,240.755,D5
55,6,932.830,913.386,D3
55,7,1033.816,327.809,O10
56,1,754.735,604.894,O6
56,2,1032.229,253.555,D1
56,4,471.019,321.785,O9
56,5,491.567,243.145,D5
56,6,934.317,914.132,D3
56,7,1034.136,326.642,O10
57,1,754.743,604.525,O6
57,2,1032.214,253.558,D1
57,4,470.510,320.343,O9
57,5,492.080,245.336,D5
57,6,935.689,914.318,D3
57,7,1034.850,326.171,O10
58,1,754.213,604.473,O6
58,2,1032.198,253.560,D1
58,4,470.293,317.467,O9
58,5,491.616,246.266,D5
58,6,936.220,915.415,D3
58,7,1035.121,326.009,O10
59,1,753.693,606.149,O6
59,2,1032.182,253.562,D1
59,4,471.441,318.685,O9
59,5,492.022,249.009,D5
59,6,937.223,915.698,D3
59,7,1034.569,327.113,O10
60,1,752.979,606.877,O6
60,2,1032.167,253.565,D1
60,4,470.927,318.121,O9
60,5,492.481,251.253,D5
60,6,937.589,915.784,D3
60,7,1033.804,326.545,O10
61,1,752.383,608.816,O6
61,2,1032.151,253.567,D1
61,4,470.044,318.039,O9
61,5,491.684,250.973,D5
61,6,938.132,916.784,D3
61,7,1034.062,327.335,O10
62,1,751.648,609.618,O6
62,2,1032.136,253.569,D1
62,4,471.589,320.182,O9
62,5,491.384,250.818,D5
62,6,938.313,917.148,D3
62,7,1034.168,327.660,O10
63,1,750.620,608.357,O6
63,2,1032.120,253.572,D1
63,4,471.520,321.098,O9
63,5,490.968,249.482,D5
63,6,939.196,917.149,D3
63,7,1034.158,328.804,O10
64,1,749.190,608.032,O6
64,2,1032.105,253.574,D1
64,4,469.923,318.137,O9
64,5,490.133,249.035,D5
64,6,939.498,917.129,D3
64,7,1034.154,329.266,O10
65,1,748.122,607.985,O6
65,2,1032.089,253.576,D1
65,4,468.980,315.898,O9
65,5,489.141,248.926,D5
65,6,940.425,916.987,D3
65,7,1034.183,328.338,O10
66,1,746.992,606.423,O6
66,2,1032.073,253.578,D1
66,4,468.623,315.067,O9
66,5,489.389,251.316,D5
66,6,940.729,915.902,D3
66,7,1034.844,326.781,O10
67,1,746.056,605.933,O6
67,2,1032.058,253.581,D1
67,4,468.176,316.071,O9
67,5,489.256,248.480,D5
67,6,940.813,915.501,D3
67,7,1034.443,327.400,O10
68,1,745.863,610.640,O6
68,2,1032.042,253.583,D1
68,4,468.329,312.858,O9
68,5,490.206,245.932,D5
68,6,940.815,915.340,D3
68,7,1034.275,327.619,O10
69,1,745.610,610.787,O6
69,2,1032.027,253.585,D1
69,4,467.475,310.565,O9
69,5,490.359,241.138,D5
69,6,941.239,915.211,D3
69,7,1034.241,327.697,O10
70,1,745.541,610.852,O6
70,2,1032.011,253.588,D1
70,4,466.532,309.871,O9
70,5,489.874,234.302,D5
70,6,940.976,916.257,D3
70,7,1034.108,330.996,O10
71,1,746.269,612.372,O6
71,2,1031.996,253.590,D1
71,4,464.880,309.848,O9
71,5,490.608,232.856,D5
71,6,941.254,915.553,D3
71,7,1033.590,327.964,O10
72,1,746.339,611.321,O6
72,2,1031.980,253.592,D1
72,4,462.991,307.646,O9
72,5,491.190,233.611,D5
72,6,941.355,916.329,D3
72,7,1034.008,326.709,O10
73,1,746.396,610.910,O6
73,2,1031.964,253.595,D1
73,4,462.958,309.163,O9
73,5,491.127,232.662,D5
73,6,941.386,915.569,D3
73,7,1033.664,324.150,O10
74,1,746.437,610.813,O6
74,2,1031.949,253.597,D1
74,4,462.656,311.149,O9
74,5,491.116,232.460,D5
74,6,941.395,916.369,D3
74,7,1033.493,324.346,O10
75,1,747.200,612.201,O6
75,2,1031.933,253.599,D1
75,4,460.917,310.816,O9
75,5,490.715,233.624,D5
75,6,941.784,915.524,D3
75,7,1034.030,324.267,O10
76,1,746.734,611.245,O6
76,2,1031.918,253.602,D1
76,4,459.019,310.991,O9
76,5,489.974,231.701,D5
76,6,941.523,916.317,D3
76,7,1034.233,324.286,O10
77,1,747.095,610.754,O6
77,2,1031.902,253.604,D1
77,4,461.798,321.268,O9
77,5,489.006,231.032,D5
77,6,941.393,915.568,D3
77,7,1034.266,325.379,O10
78,1,747.558,608.929,O6
78,2,1031.887,253.606,D1
78,4,461.897,326.462,O9
78,5,488.616,233.445,D5
78,6,941.346,915.311,D3
78,7,1034.289,325.839,O10
79,1,748.717,611.323,O6
79,2,1031.871,253.609,D1
79,4,462.594,330.589,O9
79,5,488.183,233.103,D5
79,6,941.756,915.115,D3
79,7,1034.963,324.739,O10
80,1,748.569,612.385,O6
80,2,1031.855,253.611,D1
80,4,462.188,332.336,O9
80,5,486.943,234.567,D5
80,6,941.857,915.124,D3
80,7,1035.755,324.402,O10
81,1,749.038,612.609,O6
81,2,1031.840,253.613,D1
81,4,463.249,337.248,O9
81,5,485.494,233.797,D5
81,6,941.464,914.100,D3
81,7,1036.075,324.135,O10
82,1,750.329,612.623,O6
82,2,1031.824,253.616,D1
82,4,462.255,333.642,O9
82,5,484.779,232.451,D5
82,6,941.789,914.720,D3
82,7,1036.846,324.046,O10
83,1,751.320,612.461,O6
83,2,1031.809,253.618,D1
83,4,460.603,327.502,O9
83,5,484.189,230.560,D5
83,6,941.461,913.940,D3
83,7,1037.092,325.034,O10
84,1,751.655,612.430,O6
84,2,1031.793,253.620,D1
84,4,460.249,328.719,O9
84,5,484.591,232.450,D5
84,6,941.730,913.637,D3
84,7,1037.184,324.362,O10
85,1,752.295,612.338,O6
85,2,1031.777,253.623,D1
85,4,462.323,334.710,O9
85,5,484.756,233.152,D5
85,6,941.834,913.519,D3
85,7,1037.218,324.113,O10
86,1,752.805,610.602,O6
86,2,1031.762,253.625,D1
86,4,460.595,330.253,O9
86,5,483.823,232.275,D5
86,6,941.865,914.503,D3
86,7,1037.153,325.123,O10
87,1,753.012,609.932,O6
87,2,1031.746,253.627,D1
87,4,464.580,347.731,O9
87,5,483.522,231.941,D5
87,6,941.892,914.878,D3
87,7,1037.150,325.465,O10
88,1,753.076,609.740,O6
88,2,1031.731,253.629,D1
88,4,466.650,356.369,O9
88,5,481.569,224.375,D5
88,6,941.895,915.038,D3
88,7,1037.127,325.688,O10
89,1,753.090,609.647,O6
89,2,1031.715,253.632,D1
89,4,466.506,358.492,O9
89,5,479.843,220.253,D5
89,6,941.893,915.084,D3
89,7,1037.120,325.713,O10
90,1,753.301,611.261,O6
90,2,1031.700,253.634,D1
90,4,466.756,360.348,O9
90,5,483.043,231.402,D5
90,6,941.877,914.111,D3
90,7,1037.113,325.787,O10
91,1,752.618,610.264,O6
91,2,1031.684,253.636,D1
91,4,466.807,360.851,O9
91,5,483.863,236.768,D5
91,6,941.878,914.719,D3
91,7,1037.096,325.717,O10
92,1,753.088,611.456,O6
92,2,1031.668,253.639,D1
92,4,466.514,359.873,O9
92,5,483.886,237.633,D5
92,6,941.873,914.972,D3
92,7,1037.085,325.743,O10
93,1,753.275,611.885,O6
93,2,1031.653,253.641,D1
93,4,466.713,360.482,O9
93,5,484.537,240.396,D5
93,6,941.886,915.051,D3
93,7,1037.011,327.920,O10
94,1,753.327,612.097,O6
94,2,1031.637,253.643,D1
94,4,466.477,359.597,O9
94,5,484.166,239.008,D5
94,6,941.875,915.121,D3
94,7,1036.485,325.612,O10
95,1,753.332,612.114,O6
95,2,1031.622,253.646,D1
95,4,465.740,359.220,O9
95,5,485.590,241.997,D5
95,6,941.870,915.110,D3
95,7,1036.241,325.770,O10
96,1,752.791,612.193,O6
96,2,1031.606,253.648,D1
96,4,466.959,362.181,O9
96,5,485.795,241.822,D5
96,6,941.843,914.081,D3
96,7,1036.138,325.810,O10
97,1,753.121,612.145,O6
97,2,1031.591,253.650,D1
97,4,468.331,364.244,O9
97,5,485.906,241.777,D5
97,6,941.841,913.679,D3
97,7,1036.024,328.018,O10
98,1,753.245,612.090,O6
98,2,1030.951,253.745,D1
98,4,468.860,364.954,O9
98,5,485.980,239.083,D5
98,6,941.863,914.549,D3
98,7,1036.043,327.699,O10
99,1,753.077,610.508,O6
99,2,1030.312,253.840,D1
99,4,468.753,364.105,O9
99,5,486.644,240.629,D5
99,6,941.870,914.916,D3
99,7,1036.048,327.649,O10
100,1,753.222,611.473,O6
100,2,1029.673,253.936,D1
100,4,470.219,360.064,O9
100,5,486.863,241.115,D5
100,6,941.874,915.018,D3
100,7,1035.448,327.641,O10
101,1,752.732,611.928,O6
101,2,1029.034,254.031,D1
101,4,471.621,357.169,O9
101,5,487.221,242.530,D5
101,6,941.853,915.067,D3
101,7,1035.719,329.739,O10
102,1,752.303,610.529,O6
102,2,1028.395,254.126,D1
102,4,473.651,357.022,O9
102,5,487.979,242.963,D5
102,6,941.412,915.164,D3
102,7,1036.397,330.488,O10
103,1,752.192,609.997,O6
103,2,1026.886,254.350,D1
103,4,474.220,353.575,O9
103,5,487.729,240.697,D5
103,6,941.288,915.193,D3
103,7,1036.672,331.829,O10
104,1,752.166,609.762,O6
104,2,1025.377,254.575,D1
104,4,474.767,353.340,O9
104,5,487.689,237.150,D5
104,6,941.257,915.174,D3
104,7,1037.266,335.414,O10
105,1,752.141,609.730,O6
105,2,1023.868,254.799,D1
105,4,476.741,352.995,O9
105,5,487.638,235.854,D5
105,6,941.643,915.131,D3
105,7,1037.419,337.896,O10
106,1,752.129,609.713,O6
106,2,1022.359,255.023,D1
106,4,476.901,352.971,O9
106,5,487.617,235.394,D5
106,6,942.212,915.074,D3
106,7,1037.992,340.885,O10
107,1,752.123,609.732,O6
107,2,1021.886,255.094,D1
107,4,477.235,351.790,O9
107,5,487.281,233.965,D5
107,6,942.440,916.062,D3
107,7,1036.922,344.273,O10
108,1,752.118,609.715,O6
108,2,1021.412,255.164,D1
108,4,477.626,352.401,O9
108,5,487.460,234.693,D5
108,6,942.520,916.405,D3
108,7,1036.558,344.399,O10
109,1,753.172,609.562,O6
109,2,1020.939,255.235,D1
109,4,477.765,352.663,O9
109,5,488.501,236.131,D5
109,6,942.967,916.491,D3
109,7,1037.016,344.283,O10
110,1,753.786,611.136,O6
110,2,1020.229,255.340,D1
110,4,478.395,355.010,O9
110,5,488.271,234.165,D5
110,6,943.531,915.438,D3
110,7,1036.589,344.299,O10
111,1,755.045,611.537,O6
111,2,1019.519,255.446,D1
111,4,480.115,356.753,O9
111,5,489.147,234.585,D5
111,6,944.170,915.978,D3
111,7,1036.430,344.227,O10
112,1,755.818,610.001,O6
112,2,1017.034,255.816,D1
112,4,480.225,350.624,O9
112,5,489.091,236.071,D5
112,6,944.796,915.099,D3
112,7,1035.130,345.397,O10
113,1,756.622,609.372,O6
113,2,1019.519,255.446,D1
113,4,479.374,342.600,O9
113,5,489.373,237.910,D5
113,6,945.454,915.751,D3
113,7,1034.629,345.853,O10
114,1,756.711,607.546,O6
114,2,1018.454,255.604,D1
114,4,480.599,340.570,O9
114,5,489.485,238.644,D5
114,6,946.517,915.875,D3
114,7,1034.266,350.333,O10
115,1,757.776,606.640,O6
115,2,1017.389,255.763,D1
115,4,483.468,344.068,O9
115,5,488.895,236.332,D5
115,6,947.316,914.823,D3
115,7,1034.224,353.987,O10
116,1,759.102,609.451,O6
116,2,1015.969,255.974,D1
116,4,484.215,344.346,O9
116,5,489.624,236.657,D5
116,6,948.016,914.381,D3
116,7,1034.134,353.220,O10
117,1,759.183,607.316,O6
117,2,1015.259,256.080,D1
117,4,487.740,351.978,O9
117,5,491.447,240.284,D5
117,6,949.501,913.987,D3
117,7,1034.392,349.507,O10
118,1,759.394,608.055,O6
118,2,1014.194,256.238,D1
118,4,487.338,345.953,O9
118,5,491.480,241.777,D5
118,6,950.473,914.790,D3
118,7,1032.125,344.169,O10
119,1,758.724,606.833,O6
119,2,1014.194,256.238,D1
119,4,487.130,343.627,O9
119,5,492.727,244.666,D5
119,6,951.643,913.972,D3
119,7,1028.262,342.562,O10
120,1,759.310,604.690,O6
120,2,1013.130,256.396,D1
120,4,488.175,347.250,O9
120,5,493.250,243.237,D5
120,6,952.884,912.557,D3
120,7,1024.528,339.151,O10
121,1,760.566,603.772,O6
121,2,1006.741,257.347,D1
121,4,489.409,351.987,O9
121,5,493.765,241.348,D5
121,6,954.152,911.941,D3
121,7,1017.243,332.301,O10
122,1,760.407,598.624,O6
122,2,1008.161,257.135,D1
122,4,489.916,349.133,O9
122,5,495.558,241.655,D5
122,6,957.098,910.317,D3
122,7,1008.785,318.231,O10
123,1,759.712,591.878,O6
123,2,1007.451,257.241,D1
123,4,490.139,345.770,O9
123,5,496.930,239.116,D5
123,6,960.713,910.382,D3
123,7,1000.541,319.452,O10
124,1,758.372,589.396,O6
124,2,1000.708,258.244,D1
124,4,492.048,344.166,O9
124,5,497.153,236.830,D5
124,6,965.458,910.931,D3
124,7,997.793,319.858,O10
125,1,755.795,585.559,O6
125,2,997.515,258.719,D1
125,4,491.606,339.116,O9
125,5,498.849,234.464,D5
125,6,968.883,909.919,D3
125,7,993.329,320.519,O10
126,1,756.475,583.857,O6
126,2,991.484,259.616,D1
126,4,491.157,333.751,O9
126,5,502.285,239.639,D5
126,6,971.321,909.368,D3
126,7,990.010,325.367,O10
127,1,757.056,581.598,O6
127,2,989.000,259.986,D1
127,4,496.648,343.922,O9
127,5,504.553,240.221,D5
127,6,972.981,909.087,D3
127,7,983.421,319.590,O10
128,1,757.700,584.113,O6
128,2,983.679,260.777,D1
128,4,500.892,341.659,O9
128,5,507.355,240.204,D5
128,6,974.366,908.938,D3
128,7,973.937,317.451,O10
129,1,758.346,588.349,O6
129,2,981.197,261.146,D1
129,4,505.300,336.871,O9
129,5,513.388,241.972,D5
129,6,975.634,908.770,D3
129,7,967.849,316.961,O10
130,1,758.805,591.823,O6
130,2,981.197,261.146,D1
130,4,510.170,342.922,O9
130,5,511.939,226.544,D5
130,6,976.868,908.688,D3
130,7,957.720,306.955,O10
131,1,759.363,596.252,O6
131,2,980.903,253.019,D1
131,4,518.953,347.419,O9
131,5,512.654,217.595,D5
131,6,978.097,908.469,D3
131,7,945.533,306.418,O10
132,1,760.536,601.121,O6
132,2,974.525,279.023,D1
132,4,508.717,280.777,O9
132,5,521.203,235.565,D5
132,6,979.365,906.250,D3
132,7,937.428,302.308,O10
133,1,760.991,602.918,O6
133,2,967.484,271.234,D1
133,4,516.899,321.555,O9
133,5,530.524,244.958,D5
133,6,980.203,906.340,D3
133,7,929.553,295.707,O10
134,1,761.888,605.088,O6
134,2,959.285,250.084,D1
134,4,523.969,334.903,O9
134,5,549.581,291.728,D5
134,6,981.322,905.235,D3
134,7,919.252,299.050,O10
135,1,762.833,602.393,O6
135,2,956.020,234.539,D1
135,4,530.099,339.158,O9
135,5,545.181,276.021,D5
135,6,982.112,903.666,D3
135,7,907.028,306.005,O10
136,1,762.701,598.106,O6
136,2,946.291,223.990,D1
136,4,538.912,342.163,O9
136,5,549.519,286.840,D5
136,6,983.178,900.962,D3
136,7,896.158,310.836,O10
137,1,761.943,594.836,O6
137,2,936.691,216.028,D1
137,4,547.596,342.470,O9
137,5,552.833,267.120,D5
137,6,984.465,896.674,D3
137,7,886.135,312.398,O10
138,1,762.404,595.346,O6
138,2,932.509,222.162,D1
138,4,553.771,346.686,O9
138,5,556.755,258.910,D5
138,6,985.822,890.816,D3
138,7,874.174,315.436,O10
139,1,761.927,590.490,O6
139,2,927.068,217.771,D1
139,4,558.472,347.880,O9
139,5,548.859,254.806,D5
139,6,988.032,886.250,D3
139,7,865.541,319.464,O10
140,1,761.952,590.449,O6
140,2,918.462,216.054,D1
140,4,562.342,341.179,O9
140,5,553.958,254.044,D5
140,6,990.616,879.025,D3
140,7,857.092,322.929,O10
141,1,761.744,588.812,O6
141,2,911.620,216.158,D1
141,4,566.676,334.576,O9
141,5,556.871,253.608,D5
141,6,993.178,879.371,D3
141,7,850.585,326.977,O10
142,1,764.287,604.740,O6
142,2,907.453,220.395,D1
142,4,572.114,332.681,O9
142,5,562.699,252.736,D5
142,6,995.851,876.130,D3
142,7,844.607,327.863,O10
143,1,763.963,609.057,O6
143,2,904.558,234.799,D1
143,4,580.821,333.328,O9
143,5,568.528,251.864,D5
143,6,998.144,872.663,D3
143,7,840.856,329.594,O10
144,1,765.440,615.268,O6
144,2,904.028,254.567,D1
144,4,592.304,333.431,O9
144,5,576.180,250.720,D5
144,6,1001.545,868.902,D3
144,7,836.466,328.343,O10
145,1,765.077,622.467,O6
145,2,900.018,254.091,D1
145,4,604.820,328.804,O9
145,5,582.011,249.847,D5
145,6,1004.564,865.105,D3
145,7,831.095,323.841,O10
146,1,766.319,628.069,O6
146,2,895.435,251.952,D1
146,4,614.285,327.501,O9
146,5,589.301,248.757,D5
146,6,1008.234,862.329,D3
146,7,826.546,319.162,O10
147,1,767.483,631.636,O6
147,2,887.148,239.964,D1
147,4,620.425,328.942,O9
147,5,598.414,247.394,D5
147,6,1010.896,860.156,D3
147,7,824.625,319.826,O10
148,1,769.002,632.693,O6
148,2,882.840,235.519,D1
148,4,627.329,331.089,O9
148,5,606.801,246.139,D5
148,6,1013.618,859.166,D3
148,7,823.469,311.274,O10
149,1,770.751,634.404,O6
149,2,877.737,224.528,D1
149,4,633.001,325.755,O9
149,5,610.448,245.594,D5
149,6,1015.846,858.715,D3
149,7,823.917,307.701,O10
150,1,771.582,636.402,O6
150,2,870.352,226.241,D1
150,4,635.438,308.451,O9
150,5,619.566,244.230,D5
150,6,1017.172,858.515,D3
150,7,827.473,280.642,O10
151,1,771.883,637.117,O6
151,2,862.436,225.286,D1
151,4,642.271,311.666,O9
151,5,622.119,243.848,D5
151,6,1018.353,858.458,D3
151,7,824.206,299.854,O10
152,1,773.104,638.664,O6
152,2,859.023,262.047,D1
152,4,646.156,311.429,O9
152,5,627.956,242.975,D5
152,6,1019.517,858.392,D3
152,7,819.934,306.726,O10
153,1,774.589,638.958,O6
153,2,855.975,271.799,D1
153,4,649.734,306.324,O9
153,5,632.335,242.320,D5
153,6,1020.760,856.067,D3
153,7,817.748,308.232,O10
154,1,776.652,638.800,O6
154,2,853.717,284.960,D1
154,4,653.435,308.798,O9
154,5,637.808,241.501,D5
154,6,1022.094,852.927,D3
154,7,814.508,308.097,O10
155,1,779.361,641.475,O6
155,2,850.821,284.370,D1
155,4,655.773,304.925,O9
155,5,641.458,240.955,D5
155,6,1023.108,849.470,D3
155,7,811.346,304.888,O10
156,1,782.097,643.786,O6
156,2,850.125,287.480,D1
156,4,662.183,306.288,O9
156,5,645.108,240.410,D5
156,6,1024.563,844.777,D3
156,7,809.564,309.729,O10
157,1,783.734,646.020,O6
157,2,849.480,290.859,D1
157,4,662.955,294.132,O9
157,5,650.218,239.645,D5
157,6,1025.516,841.895,D3
157,7,805.406,321.208,O10
158,1,786.359,651.163,O6
158,2,847.989,291.133,D1
158,4,666.989,290.170,O9
158,5,656.059,238.771,D5
158,6,1026.820,839.648,D3
158,7,804.697,325.386,O10
