1,1,965.0507544746075,1032.6313713836291
1,2,646.7771110758368,1291.5483960253628
1,3,612.4223890019964,104.56020305558616
1,4,835.0163751259621,1007.6470643416728
1,5,586.1972670354227,1240.7226728388102
1,6,545.080140193357,460.3125438563206
2,1,965.0507544746075,1032.6313713836291
2,2,647.1455575605924,1290.9698161624958
2,3,612.6288520886951,104.19914010267773
2,4,835.0163751259621,1007.6470643416728
2,5,585.9372239420801,1241.1365039464783
2,6,545.080140193357,460.3125438563206
3,1,964.627193731933,1033.2825328207236
3,2,660.2873487261751,1277.0948019524712
3,3,612.8974671112042,106.83313453027593
3,4,835.0196761572277,1007.6418860377421
3,5,596.1564133018263,1232.503582460641
3,6,545.2343806639784,460.04813891386584
4,1,964.4940847849139,1033.4871679639236
4,2,671.4462177329538,1265.9314729172281
4,3,610.4543389048491,111.96534968197805
4,4,835.2441534089061,1007.2897501925792
4,5,603.8026982845203,1217.8040261688263
4,6,545.2063364280671,460.09621342085075
5,1,964.4577831867034,1033.5429762541603
5,2,679.5063864249892,1255.2319100955513
5,3,608.8137258527523,112.250431028726
5,4,835.3167814091944,1007.1758191725196
5,5,587.0761103338542,1196.937725036671
5,6,545.1969884001945,460.11223816949075
6,1,964.261155799704,1033.8452615204515
6,2,687.0262086972436,1249.8095615166849
6,3,608.3076605169589,112.2734232350416
6,4,834.2427121242988,1006.739131421109
6,5,604.8505875714537,1198.8423596893936
6,6,546.470437989915,462.5855022610898
7,1,964.0100931393619,1034.2312328965459
7,2,692.1887181647701,1232.4548607309653
7,3,605.3173321004551,119.91382092633044
7,4,832.8613854818983,1008.2627248859984
7,5,590.6197584784404,1180.2817628182786
7,6,545.1616855816409,461.9202954084966
8,1,963.9254011951201,1034.3614341228786
8,2,703.044738225074,1217.3771303877515
8,3,604.3403851074771,125.2311267587611
8,4,832.1495141775869,1009.1221359876627
8,5,587.2901364539078,1169.9924768383953
8,6,545.0582310799879,463.11601400873815
9,1,963.0789428660834,1034.0768146427833
9,2,713.7660833636374,1199.3026743742846
9,3,602.1106585433652,127.75485545011733
9,4,831.3067769245639,1010.3800911622307
9,5,611.7400776044052,1171.9866937339918
9,6,543.7487601985598,463.7598708457555
10,1,963.2353326261142,1034.8598818645703
10,2,721.5118153284183,1186.6485416203072
10,3,600.6719736267228,129.58268866649783
10,4,830.8212894796793,1011.1418807329137
10,5,622.4244625058769,1168.91629275087
10,6,543.4470464809729,465.7319141271541
11,1,962.6748480977676,1034.5445171823385
11,2,733.482881496882,1167.6181684201404
11,3,599.9296567893412,130.7085783286709
11,4,827.6014855589696,1010.3192645984751
11,5,633.8727955722002,1164.8521064284027
11,6,542.2925686254381,468.29196782926135
12,1,962.4582417141122,1034.4165587108357
12,2,738.6257697583437,1155.6172856488495
12,3,597.5875158646994,129.4697816898425
12,4,824.3796482589272,1009.2741385366583
12,5,640.166373086111,1160.107836898225
12,6,540.317107735132,469.4964569814905
13,1,962.0535495508138,1034.9363604700982
13,2,740.1970602749312,1128.6785735049825
13,3,595.9404248409575,127.69158839107435
13,4,821.1803784036226,1008.1606985175575
13,5,639.3102249404193,1147.7979667911354
13,6,537.4487767866717,473.68559856600814
14,1,961.7003133904266,1035.3770387134618
14,2,744.4811526906957,1112.3001429431756
14,3,589.0529038752237,119.93707020911475
14,4,817.7839150323198,1007.3241528248495
14,5,652.0901859672202,1139.9703031154556
14,6,536.6364557878609,476.96841981425365
15,1,960.7841146274544,1035.2473955675168
15,2,749.3505445069393,1097.1542474736452
15,3,575.2730412455479,104.86805237959999
15,4,817.3423722904247,1005.7096171167677
15,5,661.4910633452521,1125.2352937867831
15,6,530.2526302710368,477.85712759546664
16,1,960.253044781745,1035.4480247271188
16,2,755.5199769962591,1090.7576412084525
16,3,562.1312297496104,91.3151976075182
16,4,820.1290024987436,1004.624710542443
16,5,670.4672857885349,1115.3512620129204
16,6,526.7046603936924,479.9923709623293
17,1,957.9369988564599,1035.7694344142392
17,2,778.6130840853698,1094.595957729619
17,3,547.8806185369763,80.5007822740696
17,4,824.676421102564,1004.6958957045515
17,5,696.7279776383908,1115.5656557145517
17,6,522.1013650932778,488.7697671804757
18,1,956.9071389746969,1036.16788775393
18,2,793.5631291088832,1096.7008698277596
18,3,543.7451669497469,80.53355697795864
18,4,831.295842178028,1008.7859702842177
18,5,710.1732352970487,1113.6176959055647
18,6,520.9397247774358,495.583330320517
19,1,955.4321746776716,1037.972849373363
19,2,807.9093333346689,1089.411587050964
19,3,548.0730574227744,95.55848365046108
19,4,842.3350744809572,1016.0206761037026
19,5,722.3198265405675,1109.6100973442078
19,6,519.6784364926914,501.6777906259556
20,1,952.5720413398622,1039.1690065550845
20,2,800.7056902108262,1073.6020432209395
20,3,543.0082360249398,97.10819883773063
20,4,848.4559112350915,1020.8888226344658
20,5,727.3488414783046,1103.1695553452196
20,6,518.2019427791148,503.48229575491064
21,1,949.9732514053815,1040.4210590326413
21,2,818.0801130731006,1076.5827677747127
21,3,533.7252360148952,102.74448081731168
21,4,849.685442852474,1024.1688144330408
21,5,731.1184093784311,1095.3728133448549
21,6,516.3576554769661,504.1706317625862
22,1,942.4384882072735,1042.5815211355448
22,2,825.6950326138993,1077.301361474049
22,3,528.111038744252,106.14686151977496
22,4,848.5238936188235,1024.0680412578242
22,5,732.9482965340168,1091.4564442597075
22,6,515.9998891291962,506.0944356383168
23,1,938.9224641880477,1045.3747801105767
23,2,830.0617626840391,1071.3932923468108
23,3,526.2227833196313,112.84959727688579
23,4,840.0136588074724,1028.9922250448392
23,5,733.2149902341448,1088.3615988481465
23,6,511.55118939728777,509.7914740013393
24,1,935.3993919704129,1048.1736384340084
24,2,829.2099821165152,1065.5534409790123
24,3,524.628118960651,117.34865762363351
24,4,842.8334013567215,1038.0219908307417
24,5,729.5819131743365,1086.5945947139767
24,6,506.1475663781744,515.5596703783661
25,1,932.6528506259914,1052.4073765242604
25,2,829.5312797098594,1065.0516105760896
25,3,522.2812835051462,116.83925782571897
25,4,847.4609288668881,1042.8384637173465
25,5,725.6649035679724,1074.942068095673
25,6,500.58739850387053,519.250760992298
26,1,928.3320179970082,1053.7882206078432
26,2,829.8526061015342,1064.5497351934403
26,3,520.8838774050157,115.20008700660676
26,4,850.8636139106671,1041.8940820555515
26,5,724.3682460334724,1070.2222181106108
26,6,501.5411893300948,528.708902434117
27,2,830.1739612954123,1064.0478148250174
27,1,909.8348622471688,1075.8471882829483
27,3,514.3670874821228,111.14338707379983
27,4,841.5446856915072,1031.014755088603
27,5,714.3961698773692,1061.8430798009076
27,6,486.28503384188,528.5148635358679
28,2,830.4953452953653,1063.5458494647708
28,4,842.3861347537091,1026.464608145053
28,1,901.5436520013171,1093.6229270986898
28,3,510.71807019806363,109.28861437782307
28,5,708.0865436779748,1058.3198001072863
28,6,476.9514063717152,530.0212737632536
29,2,830.1739612954123,1064.0478148250174
29,4,837.180090726357,1034.6092738078944
29,1,893.6985709138003,1104.613983317264
29,3,496.3530806160635,100.34469738922066
29,5,702.7399196918551,1064.2532573615476
29,6,468.2789525414993,537.3333002509961
30,2,829.8526061015342,1064.5497351934403
30,1,884.6984427775257,1115.0062222826
30,3,488.76060037428084,98.33337867991064
30,4,814.2426841187064,1004.9574555496812
30,5,696.1671764936,1067.2698062202235
30,6,461.6339405423411,541.731615766049
31,2,829.5312797098594,1065.0516105760896
31,1,865.6997591600683,1120.9705790412024
31,3,480.0662165751853,102.49244811363471
31,4,823.8498890639206,999.7618379311383
31,5,684.3364085337383,1063.2756269191452
31,6,458.4860073687348,553.6012661669366
32,2,829.2099821165152,1065.5534409790123
32,1,854.3582585878945,1127.8247686423217
32,3,477.4629618780215,106.15425450096575
32,4,823.6818954797196,992.6267994776599
32,5,661.9798317405324,1055.8052919831496
32,6,455.8186389588226,556.2507703289766
33,5,685.3150579434905,1077.0601038398188
33,1,841.4599799428693,1148.8276878185388
33,2,815.545716330858,1056.6522163324669
33,3,465.52034923834134,110.1386586303163
33,4,810.3935144060387,983.4265267459039
33,6,459.284795283278,565.4754691316822
34,5,675.665028013611,1081.2350089027937
34,1,830.1894573159407,1160.3557435822636
34,2,822.3525172811495,1065.1092817195083
34,3,460.8439832554693,112.15356420161606
34,4,799.0946044345218,981.1584643276562
34,6,453.49994451299614,567.8564154945235
35,5,665.9367265612929,1085.4437766768372
35,1,818.0417429158318,1172.22782034094
35,2,809.0692475124299,1059.1051280251902
35,3,431.07883624966763,88.54048984854713
35,4,798.9465100190624,977.9812750521492
35,6,441.7308705136187,571.9790729745098
36,5,643.9396537893963,1082.0992229414985
36,1,777.0617485483259,1160.94524502269
36,2,789.6039801998062,1046.1746041579413
36,3,420.9393783033234,83.27827482357152
36,4,799.6145730981737,975.9483705645439
36,6,428.38225618321354,575.3619045338298
37,5,621.2588368618847,1078.6507090523066
37,1,782.2989678900816,1186.99713094409
37,2,769.6392809179233,1033.7789782802292
37,3,410.16571425302465,78.69101220489577
37,4,799.8968988751571,973.2656016377003
37,6,431.60977934999954,589.5768143132345
38,1,780.7658176936314,1201.2661076148224
38,2,761.7413910860167,1029.413771864726
38,3,407.1560693237997,82.42762696151456
38,4,799.6964686765267,973.0226590992588
38,5,621.1047193162248,1076.6274828297903
38,6,427.1588834837877,595.8996227234622
39,1,770.7693680320925,1214.9225141245684
39,2,750.01242906643,1039.7005258006368
39,3,406.8525552665965,92.49267089046207
39,4,782.9697069898128,963.9385063800962
39,5,623.4064281526715,1089.6096500908375
39,6,415.8744537020581,603.7724722702152
40,1,757.8425731969572,1217.489067972126
40,2,737.4917579151742,1041.8836756827745
40,3,403.5273195417707,96.38166852646896
40,4,757.2647601736502,951.1027896872337
40,5,623.0389455792657,1092.3559290279227
40,6,410.2407959902446,615.9073386821619
41,1,740.0360766010604,1222.8470824469887
41,2,715.3152854693486,1035.9124970888615
41,3,399.6168890008755,109.54305273550392
41,4,732.2309369119773,934.865702477398
41,5,618.0072657471526,1096.7539580040564
41,6,408.0662660738063,620.7131437874635
42,1,730.8853028511375,1227.2108010615973
42,2,682.7004596781355,1005.2188754220401
42,3,396.0186166946648,112.45677448221022
42,4,720.669362226587,930.2131805178636
42,5,615.2291754832152,1102.3313910210122
42,6,405.80415864961776,625.0671430045095
43,1,719.1332384415462,1234.8950019794283
43,2,666.6322695685748,988.4897750137486
43,3,384.42842295855087,104.11311329304047
43,4,718.4171188814663,931.1419412343778
43,5,609.5976541535073,1104.801682976834
43,6,397.4202282343327,637.5771797504922
44,1,703.5446267384879,1237.301568232467
44,2,660.9016426831606,982.9589556519638
44,3,373.6472394809325,96.71808136184814
44,4,714.7699346253214,929.1488644474381
44,5,576.6332923163767,1092.3027476890409
44,6,397.06022676065083,644.201828716879
45,1,683.4661943437332,1239.960472339421
45,2,645.3561756217424,972.7005466933022
45,3,357.269581998761,84.14432253765396
45,4,685.2160091066968,919.3489187663934
45,5,550.3208039197631,1087.2497397354239
45,6,392.51391966107724,654.435187846644
46,1,676.8670875024917,1245.948812551171
46,2,638.0404638538241,969.3089842595072
46,3,351.2127529068632,82.71514049333817
46,4,658.9863678132346,902.7143216560644
46,5,533.4574266206032,1083.5986947534195
46,6,384.7653697188576,659.8634088882594
47,1,681.8279665611298,1257.8944030472978
47,2,601.3457629416415,951.4776858259835
47,3,347.8407248217036,91.52591163793187
47,4,635.945768299927,901.6341961466835
47,5,548.6794408164202,1094.5827561163774
47,6,312.2833013019738,622.3260445368264
48,1,685.3236210059432,1265.3332132237108
48,2,580.9496656819754,940.7558522651005
48,3,342.7883993023774,92.47346140765066
48,4,625.3652290930529,902.8479080371641
48,5,551.9613528163087,1101.860205152711
48,6,271.27663382870196,601.0735241687166
49,1,687.2504896680935,1270.9954962430756
49,2,564.7565741974882,931.1519857992905
49,3,339.7493575383462,102.02331505229559
49,4,615.7390593985841,910.8926811018194
49,5,549.6884560456889,1110.8332337417648
49,6,317.51960772676324,649.9051831285557
50,6,347.9102086252748,688.7082745921023
50,1,686.3078707103884,1274.1715536372428
50,2,556.6261317943616,929.3182048368209
50,3,338.7719520828512,108.91919458738454
50,4,605.7501653688275,913.7675434745137
50,5,546.071870789095,1113.9157016811557
51,6,344.474266187235,694.6546033317154
51,1,683.3252532099478,1277.8646956551622
51,2,544.0517376860574,929.0361044655706
51,3,336.58479263602067,112.01093485580856
51,4,574.5466860364365,898.05324082711
51,5,533.1784019914438,1110.4624965560135
52,6,341.0418521720626,700.5948256936232
52,1,681.6187057957259,1280.1694002472143
52,2,536.1686449849576,929.4072103191085
52,3,333.5834172365186,111.24418343728188
52,4,561.4917320547523,889.7352290494247
52,5,529.1123951154526,1110.7641211914658
53,1,677.9906886692272,1282.315093655084
53,2,510.28469002934906,918.0129666645662
53,3,327.0348096559966,107.7378026996998
53,4,553.6207763342919,896.1916499586076
53,5,525.1536947850675,1107.0133787428613
53,6,335.51020870632084,695.1331450262746
54,1,674.8098195071944,1282.404644598559
54,2,460.0397908567796,890.5073656638375
54,3,318.15126820167194,101.58437523054451
54,4,545.4022022679994,903.4094516251547
54,5,523.29353694387,1106.623854142186
54,6,333.08964094596666,698.865138839265
55,1,665.2099532788951,1277.588744609983
55,2,442.185177077735,891.5900402012269
55,3,300.5441844923784,87.83223545178011
55,4,537.1472981622666,920.5585893566804
55,5,525.5531706245274,1112.6250894459458
55,6,328.45229842271675,699.7953568996853
56,1,657.5768194649405,1274.3357550656478
56,2,417.97196670966804,882.8419122073309
56,3,285.3993892871772,74.0486724049896
56,4,535.07946736886,934.9056249830167
56,5,527.948954139084,1117.8864685519702
56,6,328.9142964811041,700.8514815909026
57,1,661.3636507245072,1281.745488509126
57,2,399.7010824080574,878.054168904866
57,3,279.6134659138117,73.02802762593112
57,4,504.76462592963964,925.8673341457459
57,5,543.1486529905599,1127.7991988497863
57,6,327.0237663826335,693.2648004544454
58,1,661.299809173246,1285.0931718295424
58,2,351.22735242470185,850.4491358544013
58,3,275.84035194312884,72.56113041118797
58,4,485.80776502095205,919.322805555573
58,5,551.4994768899409,1134.586369759581
58,6,329.8349897780478,693.3650329178695
59,2,335.00242295044825,855.9985610024567
59,1,660.7307190813772,1287.3559999542806
59,3,286.98200078850573,89.10103789786326
59,4,473.2476970453502,921.8783137090302
59,5,553.8390401311932,1141.0718624717929
59,6,336.8905070410165,692.2784406251894
60,2,354.3658334777434,877.0517217483556
60,1,658.6694320272351,1287.470930745764
60,3,280.19834581868673,91.43139920435522
60,4,470.6053894251219,922.1333789229744
60,5,554.2283125843588,1146.7059507978886
60,6,346.52865042958496,693.5431616832636
61,2,373.08800510263035,897.407685806209
61,1,657.9695381585148,1283.6863116588504
61,3,277.8330010203732,99.55532029970384
61,4,448.43322645182417,919.1845255791488
61,5,526.4561957233595,1138.3001209649508
61,6,350.38513421725685,693.421861512735
62,2,352.77266027251943,892.9628036411694
62,1,660.6333015652083,1281.5764549142818
62,3,276.45514189506224,103.50111329925029
62,4,432.68476225778426,919.2092788410847
62,5,513.6653657065704,1129.525568739297
62,6,352.5101628380062,694.4533197171296
63,2,331.9797380855887,888.4134302605721
63,1,669.9905667478062,1271.5285936840594
63,3,266.8631894001654,97.69892775485799
63,4,416.0974001821918,916.6160213693482
63,5,472.8539540507114,1105.9396665623294
63,6,354.222378427849,690.7353975492571
64,2,332.4087448248758,887.6820479303535
64,1,683.1251079518037,1254.5540794392116
64,3,265.7718662913217,97.80192626984918
64,4,396.2298659063519,924.9591353542427
64,5,483.07878367643474,1106.563957019956
64,6,355.9853699939147,687.3842488628168
65,2,320.2898756649745,881.1409952635919
65,1,696.5257107973542,1235.0459381306293
65,3,258.9563166588302,92.6404642688946
65,4,398.8919740307871,942.033400053617
65,5,488.3836340758629,1106.3897941755133
65,6,361.6864385026637,683.8937515639077
66,2,307.39712029743174,869.8665845890679
66,1,705.3960388935034,1225.3774009790118
66,3,254.80304083923727,90.17531854567926
66,4,396.3931716524187,949.1091129046301
66,5,526.8997639528646,1125.0614654130686
66,6,366.95317611894376,681.588015210233
67,2,294.23777602537183,858.3590482012953
67,1,684.256453940373,1210.5492903962709
67,3,245.3291518745854,82.38080884320972
67,4,371.5693350262591,945.3780426189008
67,5,544.69437349191,1128.4755752105852
67,6,378.31492110644047,679.9612003825811
68,2,280.80348791383904,846.6110799065904
68,1,676.6962306303247,1188.0175695960168
68,3,238.17375381966755,75.20574772490576
68,4,358.2089626168332,939.9780055579637
68,5,549.7426625084526,1125.361781445962
68,6,383.9141733078989,679.0789377616579
69,2,267.08554821564996,834.615064985288
69,1,683.102432046449,1163.2973921830232
69,3,239.53410084645657,76.88527250993891
69,4,354.95113389381527,943.7205566503922
69,5,519.2243634689245,1085.486050416386
69,6,387.3890392080955,678.5686502549376
70,2,253.0748775494968,822.3630637324469
70,4,337.053697676778,932.7090186937045
70,1,685.7614159644073,1147.7314789821053
70,3,242.63115801855736,80.26111557489276
70,5,531.1113982407113,1079.9641844534128
70,6,388.82256287334826,677.8720874805168
71,2,227.5842773187458,795.8749064408316
71,4,333.8278303543393,929.5066566591025
71,1,688.5041274041575,1133.22430001291
71,3,246.24066086417272,84.85216323426214
71,5,545.5813006169827,1072.0176368700368
71,6,390.0560710484345,678.2552719842864
72,2,201.01803322403813,768.2690107044434
72,4,330.5840160144995,926.286478378071
72,1,690.3123288877152,1124.7439831928448
72,3,247.60295434173716,86.96939746657695
72,5,563.1933577594706,1057.2183478181776
72,6,391.0669735599806,679.6063487567233
73,2,187.51851677476094,749.336941050833
73,4,327.32210446792186,923.0483347556315
73,1,672.0936394274904,1095.8101728263523
73,3,250.09590527969615,91.35941738958478
73,5,560.5655614412167,1053.697453282087
73,6,393.5959297432052,680.5399003829688
74,2,173.68742883644396,729.9398669987887
74,1,673.0742401624461,1074.4351842195013
74,3,251.62217896418645,95.56325796292916
74,4,311.56803593661135,911.7325545684472
74,5,563.0119911838574,1051.8776213141196
74,6,393.8595438381352,677.7396411210927
75,2,168.91197791014702,716.0376116020102
75,1,678.0397835011003,1050.544798776951
75,3,253.08207683937326,103.23382652163241
75,4,313.6094135020302,911.9068631023811
75,5,564.885489814126,1044.1610435624373
75,6,385.18339510421055,658.6918007143549
76,2,164.07375826849142,701.9526244118761
76,1,677.7531735894636,1045.7546522479422
76,3,252.26654408425674,104.737922370506
76,4,310.674273280694,906.8693811132949
76,5,566.379556975279,1034.5034360280667
76,6,378.5765495398861,643.1436495100078
77,2,159.1715241727515,687.6812788435487
77,1,672.0546299261717,1027.6124725028128
77,3,251.7461380715061,105.93801151181071
77,4,297.61061265100216,893.6353350439078
77,5,544.7462964862845,997.2899155431654
77,6,368.09757139043717,618.6914854585589
78,2,154.20399669994848,673.2198517064525
78,1,651.1099759855156,994.7061589430349
78,3,250.5062696349388,104.85819946453437
78,4,289.78828895225894,884.9742092472272
78,5,563.5357920988681,993.453076899759
78,6,361.8148485040889,603.9492219096568
79,2,157.67581722738117,660.7463076255784
79,1,640.2756410241298,973.9798759780224
79,3,253.59290703713,108.29124085381059
79,4,288.7350526966915,879.2559526524037
79,5,553.2834886149415,964.0774494758748
79,6,359.4688690537932,591.3332319240369
80,2,161.16518528029965,648.2097188593774
80,1,635.9175768452279,959.8054137687535
80,3,252.40101031808481,107.13171076924311
80,4,286.39084968085905,872.852521900621
80,5,544.5062277490052,940.3751744891817
80,6,358.16976548976174,582.7415658204924
81,2,164.6722342307057,635.6096062294139
81,1,633.5101874777591,943.3449544902567
81,3,247.53918157577692,100.44103514383644
81,4,282.6834569362918,865.6875135956273
81,5,550.4734695375249,923.9682174742858
81,6,359.85515606579816,578.663637151433
82,2,164.30286428018215,626.7211016097929
82,1,632.2464601970452,930.5236415827828
82,3,243.13706631386708,95.22375831105956
82,4,284.33788177475003,863.7085848620598
82,5,556.2995000980019,915.3983545502683
82,6,362.053710075707,577.2697939313573
83,2,163.9313148509549,617.7801500964961
83,1,613.5779129707064,904.3284495964639
83,3,241.58320954940692,89.55412387480396
83,4,254.1264586868935,822.5389215865977
83,5,555.270190491561,898.1298428791985
83,6,364.06522608680325,575.0627996405077
84,2,145.33556640868477,585.7183935842002
84,1,600.2134002281545,881.7151073979894
84,3,246.82050323150472,91.580514253659
84,4,244.8830177434277,804.703256583627
84,5,557.6413901293843,887.3815151102785
84,6,360.9525551274856,568.9150945300113
85,2,126.07571108971422,552.5116208847356
85,4,227.30141276431232,772.0159227729598
85,1,589.7536302154655,866.7723567126147
85,3,253.45719187540655,94.59204710089071
85,5,550.2724314120363,870.8557244407621
85,6,361.7771962207516,561.0791805321023
86,2,106.1155263818205,518.0973791546064
86,4,223.86369510995692,761.5791626450718
86,1,593.380601841007,850.1829466956001
86,3,259.26793095465104,96.87048766268212
86,5,542.2223635028771,857.6570415730152
86,6,363.04220470437656,559.1991327058046
87,2,104.96266016086588,498.441940278132
87,4,220.3912776211037,751.0370553404993
87,1,590.4517095423972,833.4793907529681
87,3,259.9586785110524,85.97376400388266
87,5,518.8600650380536,830.0918967627027
87,6,352.38584531291144,545.9629151965989
88,2,110.29961827027263,481.3795133913803
88,4,216.88363224992096,740.3879977291666
88,1,593.5144341072041,827.5925052768138
88,3,268.9661511384673,87.38120768766701
88,5,502.64177011108535,810.9123424541084
88,6,345.46544474764346,538.7008831515484
89,2,115.6684961816285,464.21503787021175
89,4,217.4152002983685,722.4587291515013
89,1,549.860176999401,782.5346322489578
89,3,282.70287312530627,89.89689282101077
89,5,491.09251304850847,795.6351913876343
89,6,343.10445018064394,533.3182569252075
90,2,121.06958111747606,446.9475954549137
90,4,217.9528880597325,704.3230486632461
90,1,524.6996949315101,757.9221430250427
90,3,288.42703878772045,82.67874296915697
90,5,490.23892141710087,788.6973342212509
90,6,345.5910197422859,533.7247816744999
91,2,119.1166036829025,430.02020499124734
91,4,230.93015697417414,698.6735336087502
91,1,508.13713683023514,732.7508687426104
91,3,299.829241794822,80.51826776396818
91,5,491.3611254606245,782.6668497115942
91,6,341.0492647702356,523.049312381743
92,2,117.1413362567128,412.8996164983248
92,4,243.81241157284768,693.0653820191606
92,1,501.1973338036572,722.4976552250414
92,3,308.50852365113667,81.59265046320033
92,5,492.5052123343627,780.1333627351042
92,6,342.20283567892983,522.570534416243
93,2,115.14339504389982,395.58250344109126
93,4,256.60069153430135,687.4981412815551
93,1,495.4110733090937,712.5377930570245
93,3,318.16421585730154,80.30370385457957
93,5,476.38153392878996,763.9818360453913
93,6,341.9194323941552,521.1759989815336
94,2,113.12238738755323,378.0654624740901
94,4,263.29840996837135,686.922782195831
94,1,474.8609783684801,690.4932156954006
94,3,332.26540037094054,80.57919935814972
94,5,464.59989878641477,750.6214332609841
94,6,345.5497346109711,524.9254129908765
95,2,111.07791151158564,360.3450112116317
95,4,269.9601385672419,686.3505147716743
95,1,453.9462025510043,668.8952110402378
95,3,355.8058455447119,87.0276349273179
95,5,444.0805457397396,722.7135517623383
95,6,349.76680601735114,528.9499887789228
96,2,109.00955625446404,342.41758591982654
96,4,276.5861666378335,685.7813141565382
96,1,442.13330270020236,659.1448005474842
96,3,366.0127631447338,86.56624679735583
96,5,419.55187271877634,706.6227668584858
96,6,351.69966136541353,530.1425255954606
97,2,106.91690079353418,324.2795391272765
97,4,254.3864023096025,663.1108686996707
97,1,432.7305542018541,646.7294920755735
97,3,385.4315596070125,86.18808689375298
97,5,394.3277608144285,678.2547524475248
97,6,356.19615203400474,534.0841086956067
98,2,104.79951435959326,305.9271371510476
98,4,231.40851605155825,639.6458035113595
98,1,428.1733590861113,643.714147496167
98,3,394.7063838212908,82.314328852089
98,5,381.2898824876142,672.7436402570661
98,6,357.90576000130045,535.6275364188652
99,2,102.65695594126716,287.3565575344218
99,4,207.6108672714046,615.3435951322331
99,1,422.41974780627135,638.0071731219809
99,3,409.7823639547414,84.46253430206862
99,5,372.7548169255228,667.3425966354996
99,6,358.62847103128104,538.5523158878449
100,2,100.4887739787904,268.56388639270386
100,4,193.32953167281528,603.3953661349285
100,1,420.9198958236899,636.7735248874121
100,3,430.39788305625666,94.30738431301748
100,5,378.5278824139733,660.8465067255987
100,6,354.3707567939507,545.167892679787
101,2,98.29450604672475,249.54511566323552
101,4,182.45346751782097,591.0450089270421
101,1,414.7189937996796,629.577618758028
101,3,461.18706837031186,120.64119135307065
101,5,366.46373419183647,661.3445426192542
101,6,358.0598403862192,540.8858715939999
102,2,96.07367852516882,230.29614025556063
102,4,171.39482149750486,578.4873201675698
102,1,409.59262433450004,626.0354548337497
102,3,479.87835087006437,142.33239602764593
102,5,361.8371573893791,661.0774915594487
102,6,361.7574015027113,537.5903533453155
103,2,101.96755055910718,219.27719893992395
103,4,160.14895705574455,565.7170347970635
103,1,394.06394003349993,622.471882436286
103,3,482.0304480501484,133.90752600318567
103,5,348.99749011641524,650.7494843075681
103,6,362.55885227305777,527.6483822274374
104,2,107.87222646755907,208.23805914380338
104,4,162.15736877784943,562.1028329769308
104,1,381.704987740386,617.2556034827652
104,3,484.3909024494065,129.71081912794054
104,5,336.3791459592468,640.0627766017022
104,6,360.85777739943455,517.4756834166647
105,2,128.70014757982662,220.21413679202274
105,4,164.1670219176709,558.4863971854838
105,6,377.89136390827815,508.5254013067883
105,1,365.9840118935501,605.4594765654161
105,3,509.6301847627785,150.74657038595686
105,5,328.7489533227851,637.4412204424603
106,2,128.30334705892642,202.02602081739536
106,4,168.93643486411176,556.5564965054682
106,6,378.0523320225566,508.2437518869677
106,1,359.94490084067536,604.6455514430221
106,3,523.4328869644946,160.46620195147602
106,5,320.0031424803509,640.539907195768
107,2,127.90245538910034,183.65037915360156
107,4,173.69340654188014,554.6316300745597
107,6,378.2133078504785,507.96208897041475
107,1,368.64616821459765,610.0205711730445
107,3,529.6719590149643,174.70237253951777
107,5,323.10577552682815,636.7516792738894
108,2,127.49740897076597,165.08429659136294
108,4,178.4379855681378,552.7117782202553
108,6,378.3742913926,507.68041255615947
108,1,368.01234316245694,615.2217845181607
108,3,531.2012542203819,178.0818288966146
108,5,325.06819890634506,636.7377763413309
109,2,127.08814287921378,146.32479718154258
109,4,173.02445476090244,522.4120708263326
109,1,367.9796345242507,615.2785795911686
109,3,545.6091323247829,188.05928737299658
109,5,321.0391078118042,629.4315393041926
109,6,392.1456101885276,521.3686055507993
110,2,128.81613145346438,129.9522776110897
110,4,164.7529340545288,496.35052951600034
110,1,368.6068103265184,621.4165966630884
110,3,553.4754372141812,194.41388760310193
110,5,314.9073730445478,623.036555311505
110,6,400.86241208687625,526.3494482202635
111,2,130.55728720518167,113.45500034606606
111,4,156.29411890377924,469.6988691607435
111,1,359.86628869029124,614.9829408799335
111,3,565.6438380809652,197.29949457296922
111,5,308.20195353991244,619.3185520605123
111,6,419.17508781254054,511.3913953614867
112,2,135.15942870262128,104.81377864730113
112,4,147.64157501819346,442.43681688299114
112,1,356.4329988356343,613.1523387870368
112,3,570.0196154524996,195.6043345410609
112,5,302.7284762330919,616.3420862915302
112,6,426.80967621755747,501.96422580955067
113,2,137.4629550953097,100.48855695230202
113,4,145.6918221029754,424.0958290370092
113,1,353.33564851715505,611.6654729772152
113,3,574.6872948964756,196.08841338730807
113,5,300.2051552875545,614.1945861325138
113,6,434.59044564196245,494.19857612236535
114,2,139.1916756675859,97.24262074443838
114,4,143.71798279627066,405.5282646796846
114,1,348.5334175416032,613.122436628025
114,3,573.2140573563969,188.49709911301088
114,5,300.1934023128388,614.8905287078406
114,6,446.6178332952335,496.6274793467501
115,2,140.92131915555296,93.99495162177779
115,4,145.44346637523054,379.90681908080745
115,1,345.58496267251206,616.3267942844697
115,3,572.2984893245756,185.50196550223814
115,5,301.8856328465164,617.9880049410982
115,6,472.3134981298545,504.2370966716021
116,2,142.65188629848666,90.7455481962184
116,4,165.72128242809345,387.53449523035215
116,1,345.09636125357105,619.4305693586283
116,3,571.1929237948891,182.65561879391072
116,5,306.61033390188857,622.4398833940403
116,6,485.1961809484216,485.2055294312431
117,2,144.38337783645247,87.49440907817444
117,4,169.4244201794608,380.7748694959541
117,1,346.3641149740894,623.1605210678199
117,3,574.4166170145095,184.866361591191
117,5,305.7319471724597,624.1450802133821
117,6,501.26665061758905,480.36938675820875
118,2,146.11579451030678,84.24153287657526
118,4,173.13177580014047,374.00754455621575
118,1,346.78535587737133,625.1477021910772
118,3,574.8496766056927,183.9397479138904
118,5,306.26137372359244,626.2180184631434
118,6,510.71506455912714,468.00809261951366
119,2,147.8491370616979,80.98691819886326
119,1,353.23115475514504,629.5301961234966
119,3,578.680573462299,186.92180167552445
119,4,200.65005430147784,360.925659625699
119,5,306.1880285885607,630.3372914793374
119,6,519.8646968246703,459.7577807796038
120,2,149.58340623306694,77.730563650992
120,1,359.14226141043173,634.7071875427429
120,3,581.5411055610966,190.20053658206723
120,4,209.25064402861918,358.07357998098354
120,5,303.75189095633357,631.4437963209172
120,6,525.0563604159681,448.72645387147713
121,2,151.3186027676492,74.47246783742412
121,1,359.46928303079255,639.9313565241217
121,3,581.2564281850512,188.3383791039848
121,4,213.16592235967423,350.956604601473
121,5,298.1900379093305,630.3383006222349
121,6,520.2915931627599,408.77397174235455
122,2,153.0547274094749,71.21262936112944
122,1,357.98416460862535,642.664101063498
122,3,579.0010958806297,183.48331737999706
122,4,213.49873720030345,343.2004094755357
122,5,293.6311316879253,629.4341522020264
122,6,525.8070668520006,386.4757860574236
123,2,170.38769183724375,91.36171024078881
123,1,356.6910393982569,647.2478383830569
123,3,572.2280798273813,176.56704492484522
123,4,222.96719794439403,325.54383623337395
123,5,291.25958925907963,625.4965572817579
123,6,530.9203533944603,372.9285390203322
124,2,178.62205879094847,101.79892912109823
124,1,355.7529203122421,649.9657560958533
124,3,566.6340992638133,177.07257968785646
124,4,225.70006555491778,313.15795647931
124,5,290.49361596420795,624.1325872509527
124,6,535.8618622189414,360.12946520269276
125,2,186.7634677275462,112.11832192240486
125,1,356.77578898693014,655.4951116525989
125,3,541.9091096112222,149.76141310319528
125,4,229.49032462955114,296.3902447280198
125,5,290.35552608484005,623.6971888010801
125,6,541.9393701532401,343.44596147755504
126,2,185.62610352836234,114.23573976212698
126,1,354.7418097936297,659.6402875829804
126,3,531.9982570013585,136.7967818355398
126,4,236.11362872032038,290.2600493814908
126,5,295.97219007873184,628.6918151479026
126,6,541.3817312126323,335.040918334258
127,2,184.48913563206366,116.35241980933057
127,5,289.71990843793543,612.3909925006857
127,1,332.0594212171775,655.8731681067776
127,3,523.1691321529146,121.79119934506213
127,4,232.66612420230328,271.7984682384119
127,6,533.021492254691,302.8249956367504
128,2,178.1164016984034,123.99515479026687
128,5,289.95902522963365,611.9707865972676
128,1,342.54774635010523,663.6681248227751
128,3,516.068561154599,111.52259089776135
128,4,232.13895651230246,263.3920512376383
128,6,511.33269579475507,265.10342358311163
129,2,171.74148813551938,131.64050377152117
129,5,290.19815926949053,611.5505503832296
129,1,345.01812244971086,671.5356685661047
129,3,513.5054846421797,107.37659149776098
129,4,231.74394456564775,256.9419217864543
129,6,517.259612619581,264.49880477877934
130,2,165.36439382499063,139.28846809439608
130,1,349.3095509193674,681.9979229991606
130,3,523.541512259511,122.6199076825127
130,4,236.88228113168583,258.5323223113264
130,5,269.3945088169533,595.6045812267353
130,6,522.446648224451,259.18181074895995
131,2,158.985117647632,146.9390491011187
131,1,340.3022248023397,688.3716141388034
131,3,549.9824779325227,162.6421448623818
131,4,241.24550974524072,251.01526771617785
131,5,283.8709392063905,610.8447377035013
131,6,530.4925123981941,254.6465348063249
132,2,152.6036584834926,154.59224813483198
132,1,336.3296214620095,695.8708843425508
132,3,559.5864891766802,178.17767319279696
132,4,245.12852570860946,250.84432799180348
132,5,296.1685952537711,622.6253668565391
132,6,535.8702926506751,251.69145748423102
133,2,146.22001521185334,162.2480665395962
133,1,331.2214975208086,699.9426039035625
133,3,562.9166992732179,184.610466572078
133,4,246.65988467078057,260.256952774599
133,5,291.12259910346563,622.181113858616
133,6,544.078431467707,250.00843480347902
134,2,151.68853201851707,177.4169260552904
134,1,332.75800420262874,706.6692590298873
134,3,566.8681411452884,184.39698878231886
134,4,237.872816146442,258.2871792734558
134,5,288.57107182195426,620.7175464164943
134,6,546.6309425834154,247.90598416729875
135,2,141.63683895046123,183.50798690834483
135,1,330.0628908594515,714.7070861191293
135,3,565.5099269502981,181.1055012468391
135,4,233.76486866748445,261.76517637394454
135,5,289.31619738790914,622.128690172048
135,6,547.0348941255293,242.9988503144857
136,2,131.54686380416786,189.62224569099615
136,1,330.2921076970467,719.8084896818867
136,3,564.8943334140844,179.7724648108623
136,4,230.2582790910095,263.24466647329376
136,5,290.7837895161622,625.6549296248104
136,6,546.4044392195781,240.22321604220127
137,2,139.0768504295306,217.58420871359968
137,1,325.9954261851331,726.9393285957628
137,3,569.876055827656,185.81155407171795
137,4,222.79722160200222,265.19452809632577
137,5,292.1931022709292,630.441021371321
137,6,545.8867897997201,239.7766139222081
138,2,146.45371355096827,244.97756066587266
138,1,325.2732496269547,732.1449467669835
138,3,571.5960968487252,187.92150189170383
138,4,217.370157238307,267.2187917199408
138,5,293.80233254773395,632.9997114820357
138,6,547.1932392352345,241.88062027693053
139,2,153.68207684395597,271.8194711722892
139,1,322.9292230627252,737.718132294064
139,3,574.6565987711191,186.82717196501838
139,4,218.93771768043703,275.175089722913
139,5,293.8710761286978,634.8922316555753
139,6,548.249974904666,244.241565277258
140,2,128.63634841205436,269.8644141689384
140,1,320.7865954621579,744.0005489904702
140,3,576.0195032150039,185.8055554486839
140,4,219.19229852423072,278.75160514906986
140,5,296.7238232878069,635.5833439071018
140,6,546.794194932776,243.5872525703074
141,2,103.10132867463378,267.87116333161185
141,1,319.8351307582942,748.6704612045319
141,3,576.0448653229985,183.38286403366226
141,4,220.10073842582005,281.79604224523615
141,5,296.14212089947,633.7596549961618
141,6,545.2577443135638,245.09050203413958
142,2,102.05318270403917,279.7964549953616
142,1,318.9342775171337,751.133941118809
142,3,574.3977824179143,180.29908269631105
142,4,220.136548094685,283.519386460692
142,5,294.98178913452597,632.2745100785762
142,6,544.4117813902384,246.06189475922858
143,2,101.01111626093699,291.65257677192426
143,1,321.7568275668488,755.4366803609289
143,3,573.5713704590328,179.35284341977422
143,4,216.4692150243869,284.17522560278803
143,5,301.6315772701994,636.4857406530266
143,6,543.3865129908637,245.3234455009586
144,2,99.97507660395425,303.4401287268498
144,1,338.25731652051593,769.7559209566355
144,3,575.0144104305335,183.31163220466695
144,4,215.10855220933513,288.00517232994724
144,5,307.7160433290193,641.5510897170387
144,6,543.5439367190444,249.0916321896193
145,2,98.94501160001235,315.15970400474976
145,1,351.8621260198935,787.1369397287765
145,3,575.0711159644279,185.59351064011022
145,4,216.3713428134427,299.083775731852
145,5,310.5144855881289,647.3225086798116
145,6,544.0870602925908,252.17647741107615
146,2,97.9208697155935,326.81188892879226
146,1,359.004751198338,796.200273339354
146,3,575.4260324280989,188.36882129651858
146,4,217.13279134837603,306.11943695935184
146,5,312.50231795166394,650.2142882945495
146,6,542.2562234087254,251.8436225270078
147,2,94.83285965234647,338.6022894554614
147,1,359.26488012518365,801.4859560228006
147,3,572.387293469603,189.77119009706516
147,4,218.38225033359527,316.6239723171517
147,5,315.77310969560864,653.9232614868332
147,6,540.6326685177728,256.0214128409855
148,2,91.75824562027088,350.34154229486603
148,1,360.65427660375735,804.817378870825
148,3,571.0544615381549,190.56932206949256
148,4,220.9313825686921,323.3652546792509
148,5,316.96467336470624,655.2410308658676
148,6,538.6405633806401,257.31323463155854
149,2,88.69694063847375,362.0299795507124
149,1,360.6679160110666,808.6790228294607
149,3,570.696182108685,192.8947657479174
149,4,230.80162972683343,335.08389083235744
149,5,315.72439454041574,653.6844472809266
149,6,539.3624287360132,260.587315494129
150,2,85.648858477459,373.6679304577653
150,1,361.48368363100116,812.4021198535609
150,3,572.1565997856569,193.5688131148111
150,4,237.86547909557802,342.56430557926234
150,5,315.3242159253241,655.1917388662351
150,6,538.4153236349607,261.23346377150716
