1,1,972.8446895308525,527.6439082090448
1,2,588.4680544620545,127.06861103784978
1,3,615.2101528153969,1422.5860253869205
1,4,849.2228379788692,562.2229806071311
1,5,538.0695874366681,249.87967273651216
1,6,571.4921322901312,1164.6247611372276
2,1,973.7357782371131,529.5719589114053
2,2,587.2510446961453,129.20032400270043
2,3,615.6760562223276,1421.8598635668643
2,4,849.6949168226652,561.4546502726475
2,5,538.9419923158831,255.10458507417687
2,6,571.4921322901312,1164.6247611372276
3,1,972.9724348237972,528.4472695682122
3,2,581.5210499647577,124.02902509230215
3,3,615.7596865174851,1421.7295165326082
3,4,850.9326981766469,562.8695023641876
3,5,537.3857830681674,255.96858834861433
3,6,571.4921322901315,1164.6247611372276
4,1,973.6002011539395,529.4541206395945
4,2,571.2480972327976,112.65938135651386
4,3,615.7746207103703,1421.7062399466777
4,4,851.1554901877955,563.5529298877153
4,5,536.4873471403935,256.69445996395694
4,6,571.7289670300044,1164.2444543494664
5,1,973.933410571778,529.5901566064525
5,2,574.8670170203783,121.420427563022
5,3,614.7525241354105,1421.393041870817
5,4,851.3120846095069,563.4882357428694
5,5,536.265479746573,256.9132526044336
5,6,571.8055935089978,1164.121408338146
6,1,975.2690254684861,530.3772717112364
6,2,573.5314110925015,129.06789992390898
6,3,615.3971877015671,1421.6017290567727
6,4,852.558370351192,564.6877917707111
6,5,537.3108224390935,257.7836348103143
6,6,571.6035819107136,1164.445796483547
7,1,974.8913486051579,529.3098733037266
7,2,571.8680560544643,131.45793740079344
7,3,615.6418672662968,1421.682274236901
7,4,852.9293306847022,565.031975281025
7,5,537.3360423317805,258.58101069774835
7,6,571.3110343218751,1164.915566390776
8,1,974.6611479007965,529.1767214243927
8,2,556.1909305741635,117.22933624381258
8,3,615.7317275947578,1421.7153792156903
8,4,852.8233839483435,565.5830726496415
8,5,536.7566456561187,259.92875037244244
8,6,570.5623645982537,1166.1177725275832
9,1,973.9528947745081,527.377907570518
9,2,525.3366742849751,80.69101524207655
9,3,614.7685787621069,1421.425838698588
9,4,851.8711682329509,564.1931785491179
9,5,536.8036882203112,262.5352373189159
9,6,568.8992918682769,1166.3068051017306
10,1,974.2862332217946,528.4373386804525
10,2,551.0350619918903,123.77925219310062
10,3,614.458500964788,1421.3308301050663
10,4,852.6100451686452,564.793304036832
10,5,534.3199486207686,265.35829953210646
10,6,566.7524939203221,1166.464996507413
11,1,974.4972249465898,528.6018406614788
11,2,568.5686958697077,151.820954139697
11,3,614.7242531244041,1420.74294037263
11,4,851.9206793624534,563.7329499558616
11,5,536.0553389795447,271.87795576902107
11,6,563.6468744512799,1165.3320185392527
12,1,974.3581869792937,529.0763076831865
12,2,579.1488011755711,172.85034320587792
12,3,614.7938019240651,1420.51876664831
12,4,852.4620928226195,564.7495934594997
12,5,531.9389114941846,269.681802546462
12,6,563.9115821470848,1165.1488533214842
13,1,972.5001321029517,527.103495643923
13,2,580.9001915983066,176.4330018721346
13,3,614.8386593660812,1420.4488338619676
13,4,852.5561133463881,565.3547802257629
13,5,532.9276430769909,272.31652827289275
13,6,559.624582502987,1162.3903200000977
14,1,971.5426794130192,526.7033837137525
14,2,572.4131436684272,159.18113928762597
14,3,614.8566025049007,1420.4208604948537
14,4,852.8327632835167,565.1890245372791
14,5,530.9389783306707,272.0983703350539
14,6,552.6604557473171,1157.6908589290879
15,1,971.0795821895945,526.7723472849882
15,2,591.2634753334949,179.80367381101797
15,3,614.859593037038,1420.4161982529693
15,4,852.7764334968259,565.2806346561822
15,5,531.943316546052,274.03380474683115
15,6,548.1714016821077,1154.057228129373
16,1,969.3603736321452,524.2930898781357
16,2,601.5353745714817,190.21671377890698
16,3,614.8595930370378,1420.4161982529697
16,4,852.778236024969,568.2101662669445
16,5,535.4471986271758,276.7742437236313
16,6,546.9874444164825,1152.0420119553203
17,1,968.5740349893748,523.5215713436198
17,2,605.5919120129483,193.3672539264049
17,3,614.8906042018377,1420.4257285988451
17,4,853.2087825588103,568.4545960344715
17,5,537.2793479962005,281.88799327111127
17,6,546.8580212455688,1150.9952955625686
18,1,967.9870209858292,523.8704689972072
18,2,607.1150477074557,193.99883989758476
18,3,614.8846232774706,1420.4350528147297
18,4,852.1884568670049,567.656598562378
18,5,540.109693248289,285.0585433526511
18,6,546.1504825487308,1149.369945175704
19,1,967.5330893838556,524.3449877892057
19,2,608.6032813261505,194.522014682856
19,3,614.847630923919,1420.4348471964522
19,4,850.245379277361,569.8702367190945
19,5,544.3439472712251,287.88255419288464
19,6,547.5410640530758,1148.7199536193377
20,1,966.8115185343223,525.5041055060937
20,2,608.5088505496045,192.88708735612556
20,3,614.8786423633899,1420.444377014578
20,4,851.6965388454873,572.8936587123802
20,5,549.2297014573909,290.3332034189026
20,6,549.513441437464,1148.803274751895
21,1,966.3123529096882,526.3059556910747
21,2,609.6500038546928,194.82768099792696
21,3,614.8786423633899,1420.444377014578
21,4,851.1294747332526,572.8728225730981
21,5,550.5336427259672,287.0896121634916
21,6,550.5094570467976,1148.533795017485
22,1,965.5824878735024,527.5632649344033
22,2,624.3624090385051,213.93087672512445
22,3,614.9066617177047,1420.4585682720797
22,4,853.2341126645412,569.1684409253855
22,5,557.861897642354,281.1895221974202
22,6,551.5454031921028,1147.4474384564505
23,1,965.9848618653137,529.4601113537783
23,2,654.6222918313143,254.50823857679984
23,3,614.903671335757,1420.4632302300524
23,4,853.9582251992178,567.7081637038953
23,5,559.183281735733,278.89424044523815
23,6,552.1873710096769,1146.745959057303
24,1,963.672326949026,529.1884420736498
24,2,663.7206719404138,264.0319213763235
24,3,615.2565541566607,1419.9130915155718
24,4,854.2715988601076,567.1987080852156
24,5,560.5189559943257,273.8096058093809
24,6,552.4748115025961,1146.5327718339497
25,1,961.8516005096519,530.4987328765495
25,2,674.7999637872783,279.5045620091554
25,3,615.3881467468849,1419.7079407569277
25,4,854.5974578727652,566.57456250854
25,5,568.6704029117819,278.1115178735645
25,6,552.7796561740928,1146.1245689240159
26,1,957.7589612177262,534.0956577239236
26,2,682.8694433975837,288.64443252848025
26,3,614.5113159685724,1419.3372016477058
26,4,853.6492614911002,568.1160700848055
26,5,592.1338876242843,305.3087768377975
26,6,551.9814684070963,1145.0727558257315
27,1,956.1029976625465,535.5635490652545
27,2,693.3487341811717,303.2871312402351
27,3,614.1846561907565,1419.2085785180068
27,4,852.3331959276053,567.4212354621093
27,5,604.0725783189,317.8949740413829
27,6,551.6497376512076,1144.687604355323
28,1,955.9765784232511,537.8971983290911
28,2,704.9359775181215,321.1277957584542
28,3,614.0633719497744,1419.165606875307
28,4,852.1986914366315,569.4358310363831
28,5,623.2453883416362,340.54337626030934
28,6,550.4189285019136,1143.9921075105417
29,1,955.1999189547673,537.5267416467411
29,2,716.4124676423592,338.5610217087074
29,3,613.9952345780476,1419.1557897738583
29,4,852.3575077217462,569.744179652807
29,5,631.8340974404347,350.4641866537875
29,6,547.584059673486,1142.5123242875195
30,1,953.7491308700377,536.6150404936935
30,2,745.0068342830658,379.63572165809103
30,3,614.3515490044688,1418.6001616913468
30,4,850.287749397997,570.5582289100275
30,5,633.8310017529169,351.4989072043965
30,6,541.0484535622425,1138.2215906191013
31,1,954.0874443122133,537.5233982300796
31,2,731.575431560321,361.5494312648562
31,3,614.1269768345165,1418.9503540914388
31,4,846.7553155929797,569.6663952376095
31,5,634.0970630719772,352.18982134892707
31,6,536.4409742168418,1135.0374590984013
32,1,954.2569157735958,537.8484342418876
32,2,761.0466736022505,409.8849777412075
32,3,615.3307069499087,1418.813081673853
32,4,839.9834081188237,566.7360588279955
32,5,625.1067512168063,339.6899229441199
32,6,530.7125638914338,1129.9223156220423
33,1,955.1660713623812,539.1997382307326
33,2,773.4342807358233,429.64845392047914
33,3,615.7675132711125,1418.7691767139488
33,4,830.3752751594895,562.4510497172834
33,5,617.2804080737174,328.57103868628195
33,6,524.2296345868388,1124.8062071696174
34,4,813.0233615521427,560.8975906333441
34,1,954.7044433865403,538.4083561403359
34,2,774.0510928316128,431.52184290104583
34,3,615.9553726318778,1418.7657626638977
34,5,646.7688284771176,369.57955664107834
34,6,523.0752127778393,1123.5824511332155
35,4,808.9295764892208,567.5948919566279
35,1,954.4337866908162,538.2465718667111
35,2,772.3829941821125,432.673556538991
35,3,615.9953315898392,1418.7613492280468
35,5,662.6692493770253,392.2344133319019
35,6,521.7332202548452,1122.2113732846508
36,4,808.520455675807,568.2642005116556
36,1,953.9272326797511,538.9755087900452
36,2,778.2540027564352,448.1936405570133
36,3,616.9300646760933,1419.0391022562892
36,5,672.7024541356756,409.1326625498773
36,6,523.3971955299841,1121.0199004927483
37,4,808.1113816834712,568.9334324688986
37,1,953.6195317586488,539.3848179778805
37,2,789.4519464171608,466.2423869021098
37,3,617.298149011058,1419.1584599828614
37,5,678.4800044635946,419.28149438527686
37,6,524.3757581502659,1120.3188230641267
38,4,808.1113816834712,568.9334324688986
38,1,952.7190761148995,540.8321953377264
38,2,797.0414382966065,477.9594592814842
38,3,616.8437213602026,1418.3644507472661
38,5,686.9190589114131,434.54132553896716
38,6,520.5099560717439,1116.4400937167861
39,4,808.1113816834712,568.9334324688986
39,1,952.6219710169457,543.5435464491051
39,2,801.8775014625727,484.5859919458067
39,3,616.3128071456705,1418.6136419074794
39,5,687.7458695841536,438.11103129128577
39,6,517.4182837596286,1115.0953680660689
40,4,808.1113816834712,568.9334324688986
40,1,954.6724371717411,548.8111387456233
40,2,802.8608150116467,489.2981913893377
40,3,615.5562600611196,1417.8818355792266
40,5,688.6564739362668,443.2931767745544
40,6,510.7529329489611,1110.2775388412213
41,4,808.2136457925187,568.7661316599111
41,1,955.1135083194991,551.3078516909455
41,2,803.7086152735269,492.39069606937693
41,3,615.257652550222,1417.5934517346518
41,5,688.3437037566416,445.58709791361736
41,6,507.0206580214402,1107.8527163399815
42,4,808.3159128275065,568.5988260641783
42,1,955.2640225375305,552.1605882324415
42,2,802.2965077230368,494.1838444922815
42,3,615.1634249193069,1417.5082673452775
42,5,686.3983114102824,450.749208178171
42,6,504.6640421391058,1105.991245745386
43,4,808.4181827885609,568.4315156814951
43,1,952.0102575470786,547.669862216751
43,2,799.701324807543,495.7898064969741
43,3,616.397212315185,1417.208210524121
43,5,687.3926351005848,456.74207817550945
43,6,505.4383186183335,1105.7427999396955
44,4,808.520455675807,568.2642005116556
44,1,944.6126307107503,540.495725301015
44,2,799.248247570113,498.1392974790625
44,3,615.7277608887858,1415.4085928652419
44,5,689.9614739789461,469.3644008253473
44,6,507.5062429516972,1105.6844113514296
45,4,812.6137720855013,561.5676658900516
45,1,940.7501407336954,536.8479312871608
45,2,801.8709034082625,501.90950958842524
45,3,616.7405466024996,1414.4683025069842
45,5,692.256604265254,478.69519252301495
45,6,508.81791314195914,1105.0163993957592
46,2,805.5143823628688,511.8409085924851
46,4,811.5221919415031,558.3537927993516
46,1,939.4955777049728,537.9123872997895
46,3,618.8910703336605,1411.3470901548928
46,5,690.253875680629,486.5777141575188
46,6,511.52200288488484,1104.0941057787923
47,2,786.9874209329682,499.7651677276593
47,4,810.4264222546255,555.1275846921205
47,1,939.7064655039375,540.0049333833522
47,3,621.0268545734633,1409.9320718340791
47,5,688.1769228142798,489.3240764178612
47,6,514.4741707165517,1103.3987530474706
48,2,783.8077495906465,505.01328253213217
48,4,820.7165141326259,538.2789070937714
48,1,938.1588741805331,538.2382249546878
48,3,621.4114352026813,1409.97011022745
48,5,686.3013673941424,493.44268068641344
48,6,513.3843510729341,1101.5185808084382
49,2,780.6309140040938,510.25671686172916
49,4,808.0300750598852,507.7037210254768
49,1,924.5043473591553,519.448119823596
49,3,621.5597482965734,1410.0285833603295
49,5,683.7964154089419,495.6853209610414
49,6,513.3879674558021,1100.1392134393043
50,1,900.0631602313956,486.8510507287068
50,2,775.4181424042895,507.7941747298015
50,3,622.8598368459549,1409.796160334272
50,4,808.2521369740227,496.9125246175709
50,5,681.0086622255627,497.54392933783186
50,6,513.0929992390438,1094.7409880682771
51,1,885.9474756919338,470.2925950633041
51,2,765.6119142081735,498.2701646281693
51,3,622.4160625779405,1409.446472000549
51,4,821.5356733881143,509.8375472351503
51,5,679.2214867640222,499.06973864264944
51,6,513.2558341435819,1089.5841045336622
52,1,878.1588949296787,462.96893169406474
52,2,763.1977371158597,494.4720299456489
52,3,623.1515264929637,1409.6305940802363
52,4,836.7708494943683,530.2311699572177
52,5,676.7167205303181,500.6937859723901
52,6,486.55147290775886,1068.499867792613
53,1,876.3987577698255,462.24170416736337
53,2,766.1747094033043,495.4488027991714
53,3,622.4678557171488,1409.4236206320388
53,4,845.1351152434239,532.8770456818611
53,5,674.3149486009992,501.6503754451833
53,6,470.17867768084625,1046.8177710288555
54,1,869.6035653805474,453.0487242774749
54,2,763.4516617145603,497.62093904841646
54,3,622.5628062257256,1408.8123897730748
54,4,847.9183321902883,531.1800421684637
54,5,668.6559541250466,508.06498123616575
54,6,465.5218122575968,1038.0744728660786
55,1,865.5520207923262,448.02441328441836
55,2,762.2027730806972,500.80272034329477
55,3,622.5871878004344,1408.600613237758
55,4,849.8578871637268,531.4420792329046
55,5,665.4731304904334,510.19995670909634
55,6,461.45560352823315,1031.5774939480527
56,1,854.0895056152987,435.1189035309762
56,2,759.6517232504597,510.79880530515663
56,3,622.9459713389037,1407.9833486440264
56,4,842.6902278688524,532.6380494389433
56,5,648.8259584651099,501.7021133596913
56,6,461.0020082708672,1023.1646355643979
57,1,845.8930957152219,424.3856267392581
57,2,754.5591224186588,519.8924445830394
57,3,623.0868428022538,1407.763733441589
57,4,820.1605349291891,506.20952130765113
57,5,639.8835728536461,498.69622472762194
57,6,458.95050138878673,1015.9564790167744
58,1,840.2971353219883,420.5748172927773
58,2,752.4327720861501,528.9281206267858
58,3,623.0949884228684,1407.6930969584325
58,4,804.8510847048318,503.35605313039076
58,5,634.3272582158902,501.26547540504686
58,6,450.2598815243457,999.8481142753963
59,1,836.6528068198152,423.98614422256134
59,2,748.0939900031012,541.5951788305589
59,3,623.0979858525326,1407.6884240131815
59,4,796.8300594090359,502.6578796106638
59,5,628.750838301474,502.55374653945927
59,6,439.7984164421576,984.7697137227132
60,1,826.9581168776207,415.2708240492295
60,2,742.5350150386367,552.9750392450999
60,3,623.122810897797,1407.7076600510231
60,4,790.2719747551732,500.28321124384627
60,5,624.3787945728847,508.8985566254102
60,6,441.1680492975533,974.2749163982985
61,1,810.6520945276925,398.18715688351944
61,2,736.4601215122872,560.833829929556
61,3,622.1576079686786,1407.4148433917198
61,4,785.6131750401341,503.11464128717046
61,5,621.6588752880897,517.1012597798868
61,6,439.29484968590157,968.1150812139292
62,1,785.6815489497334,379.6342736939994
62,2,731.4462894867124,566.71863635332
62,3,620.9093690476166,1407.0368828886196
62,4,781.5107208256352,496.9650816126218
62,5,606.5436798239001,511.3947803780658
62,6,447.37643087940273,958.8000109110938
63,1,767.9772162434616,372.4614943130534
63,2,726.3886737644292,571.1390680014237
63,3,621.6875267162927,1406.637549620118
63,4,760.231997013108,474.923647223126
63,5,598.6772235088242,518.6452553779142
63,6,447.99814020337925,951.3657000847337
64,1,755.6522338535053,382.44117843732715
64,2,706.8728806309331,577.554263110384
64,3,621.9650993183567,1406.4953298050632
64,4,734.4885585268869,452.78620672621776
64,5,574.7849582175646,499.82563529445656
64,6,450.7714621466473,944.9413742420198
65,1,747.8486732167735,387.0185631643021
65,2,693.0050376376122,586.9873074467414
65,3,622.456955300484,1405.9026774771808
65,4,721.3236413039765,448.32223999858
65,5,536.6788170691984,466.68739976871245
65,6,450.45495871751996,940.2715339598117
66,1,739.407616576822,393.497521678482
66,2,678.9550452318128,609.0750006521864
66,3,628.4718538627251,1403.5336715081191
66,4,711.7379705964444,453.5263596925126
66,5,537.7066031042662,480.6464610497975
66,6,449.3449033934782,933.7174855015188
67,1,719.406008766677,380.1118816119236
67,2,674.5897795787772,621.039418395149
67,3,630.6616151568436,1402.6579173243185
67,4,703.7348496387955,454.2937402730376
67,5,540.4688652013829,494.0478990447531
67,6,450.237449952358,931.2018971526767
68,1,680.2912619831415,367.35841168913515
68,2,664.514789966166,631.5895571866535
68,3,631.4825897327886,1402.3571418177064
68,4,662.8322840866853,431.204866849563
68,5,518.9068793103751,478.8093586934549
68,6,441.57528170616905,920.2258322549603
69,1,663.5238418916587,369.0236439813615
69,2,658.4607435396913,634.3170051481894
69,3,632.1232652180612,1401.7041173534637
69,4,643.120817137684,425.1032874956915
69,5,502.36041494422466,471.6989164733534
69,6,425.9160583988403,905.4062804689004
70,1,650.9282827416661,381.7675125947578
70,2,619.9189357371291,617.62883367489
70,3,632.2551489172694,1398.0997228588553
70,4,629.7342778907206,440.65837391389454
70,5,491.1268983013704,483.03653867784794
70,6,421.67764569189194,897.1104244884303
71,1,638.9865105742306,377.1028711731668
71,2,588.3940641069423,608.0316832077808
71,3,632.6599134489588,1396.1982308732486
71,4,616.36802766109,453.5934037105522
71,5,493.1923043029745,520.040084827857
71,6,418.1029037736832,890.5905391253264
72,1,608.4460743503141,367.3381290627229
72,2,573.1005457861996,625.8819174574919
72,3,634.1948226487474,1393.2856071938472
72,4,607.3652417350078,464.39683345937266
72,5,465.3090228084681,505.62364339225655
72,6,404.89075500738284,871.6816017014783
73,1,572.2423143049338,352.64684708115755
73,2,568.2640090005234,637.4024803619354
73,3,635.287656799405,1389.6710823391534
73,4,599.4783937770381,468.5241238138183
73,5,459.9966283994787,507.11382522299806
73,6,399.63103163478957,861.5603468560957
74,2,548.0526323959557,652.7152619693439
74,1,550.050240766678,391.34168208616427
74,3,639.3935881281557,1384.3142025560937
74,4,558.5071404117738,448.0589398987156
74,5,445.4463777085615,516.0261865771547
74,6,396.77786600068197,856.2717632529427
75,1,541.9604731603162,391.85601488860607
75,2,532.0761663620101,645.9342072598181
75,3,644.3290440115118,1382.2287326557266
75,4,517.9296774678548,428.71958813636104
75,5,436.0073026219057,524.4238074464179
75,6,394.3005677715861,853.6392858061533
76,1,519.3685810539833,396.2063559209762
76,2,520.4373310577026,666.7706334593806
76,3,652.1903239486709,1377.165093887135
76,4,496.7248481153695,427.56643554015585
76,5,425.89101097744,539.6080182136307
76,6,393.2686133316478,851.6378173876249
77,1,483.93662207070975,372.8433742791767
77,2,519.3307013185218,685.1743081477215
77,3,657.0254761642577,1370.6106509784345
77,4,482.3822291886915,432.5620784033813
77,5,425.44691921611286,553.9024394153042
77,6,392.43770473886707,850.1946395854129
78,1,499.1323010384152,442.55365190523185
78,2,506.0416330583361,712.4270412033854
78,3,665.0886813559113,1358.3448394116156
78,4,485.85242670971195,442.78574734118723
78,5,417.0601379415547,553.5048873681654
78,6,387.9719965880969,847.6129618556645
79,4,482.4848180132155,471.3263475763964
79,1,486.07654005978,451.30984945215215
79,2,499.3652185488363,727.6086093936076
79,3,672.7978441732641,1349.8915493279576
79,5,390.05831331963293,537.7166939715785
79,6,381.7785665280425,845.0048046901518
80,4,452.58983450393345,491.9346392530212
80,1,467.4884325148381,450.3027120326885
80,2,491.8627350788689,743.7867665688337
80,3,683.633780793433,1332.5140265406646
80,5,357.30115188469165,531.6436127107562
80,6,377.38868028257053,844.0050433809035
81,1,427.3188970934082,429.94848827344714
81,2,483.6196930722146,751.7712998012938
81,3,690.8063566319668,1324.4968615166338
81,4,394.5077000734286,449.9600512513652
81,5,344.7586882457929,535.5251846394375
81,6,375.70857983900373,844.3408890931606
82,1,404.8641613122717,422.51042348583917
82,2,480.70598815596617,776.7037875634728
82,3,693.5498446184912,1318.0558306650098
82,4,380.1738806253968,452.2211488779156
82,5,334.76338563551724,546.935234235426
82,6,375.26794069224144,840.4356316821847
83,1,389.1015118672207,415.9143442897297
83,2,460.5556274652429,779.9530037341112
83,3,694.0712965553231,1314.607107844801
83,4,381.15602337916147,461.20568385090553
83,5,314.5316104840866,545.6336205789798
83,6,374.7622582868049,838.2286251422281
84,1,378.0686473450279,418.38969868011066
84,2,449.61493786891566,809.0107129818302
84,3,689.2049554400016,1304.0436259236114
84,4,367.65584112076544,480.264991164274
84,5,290.2802038909913,553.9537688962191
84,6,373.9127370850564,838.8728617136534
85,1,366.4229669166641,415.5342391190189
85,2,441.3329095953251,821.4774067197482
85,3,685.8545199254288,1293.3948034233233
85,4,352.6711933648596,480.2273517705415
85,5,269.7513274636048,554.0699083305841
85,6,370.2039062128845,841.172891968707
86,1,340.6684108306228,404.48225518273523
86,2,440.5703918128323,842.6878248627911
86,3,702.319765092652,1272.4473421499786
86,4,358.3799891665377,518.2599844409046
86,5,277.99839158321305,583.0617889937611
86,6,353.5979573517924,836.1794772386392
87,1,335.85606834838535,409.4944674623225
87,2,440.9554104716014,862.1527066425459
87,3,705.60803065905,1260.162732876154
87,4,356.9078128113607,534.8558152415128
87,5,277.593321517537,594.8373212146553
87,6,336.62174773541506,829.7591673603306
88,1,328.2842214344554,414.3699850592343
88,2,425.81617090536747,866.4275955992027
88,3,713.1726449164331,1253.0099106488815
88,4,349.79913584164785,539.7308580730474
88,5,258.8365319623711,591.1914897856313
88,6,355.1812070259611,847.6401344449013
89,6,364.4298414616321,859.934619281868
89,1,315.7373664948168,415.4573301119259
89,2,416.37703678378733,877.6353471077684
89,3,717.7035524555602,1247.7841281969893
89,4,344.1145801731589,546.485864705823
89,5,258.68141771546277,610.1099304470454
90,6,358.2277989540994,861.6026443159648
90,1,303.5322770757037,413.2453429673006
90,2,418.1325057484304,897.4890992188136
90,3,727.9393861961132,1239.5253678351655
90,4,303.790383253199,523.6829474932184
90,5,197.3685021974239,584.228970086681
91,6,351.9963785431576,863.2785704694552
91,1,294.930720976025,412.2571484199825
91,2,422.5571764660629,914.7498606136014
91,3,735.2252789712413,1232.883754472932
91,4,287.17185049242386,513.7455186414303
91,5,176.6941500999753,585.8285600470346
92,5,194.8723416515443,619.433533058503
92,6,345.73537099689656,864.9624540147797
92,1,273.6725354300114,407.1213344187396
92,2,396.3529433615107,912.3647282420494
92,3,754.6140416484325,1207.8961254289184
92,4,275.43626830842265,509.56978960701946
93,2,439.5356408600427,954.4029249345606
93,5,202.2655964903115,643.2269793171685
93,6,346.45612674548204,870.4762128169302
93,1,267.12461165638825,410.14814093603195
93,3,765.1031641632966,1197.061013451422
93,4,279.17354331904346,516.7632433470319
94,5,217.13232623288272,670.8030107265025
94,6,347.17347302781616,875.9638893095238
94,1,258.8594651298647,413.83497429753425
94,2,372.08775519595014,942.4006716854884
94,3,773.544486474748,1184.2648780347515
94,4,274.06339637068606,525.831561296908
95,6,358.0933458996208,883.9237501553257
95,1,254.36261127070233,415.9144460268582
95,2,367.3020252131321,955.2887208542987
95,3,778.5558030004803,1173.0594103560459
95,4,273.10488394689855,536.497007541177
95,5,221.52065747643766,682.5628603874623
96,1,246.93652439466112,416.00375849999205
96,2,373.64119527685455,977.6156473699274
96,3,774.979506888107,1150.8603707315167
96,4,270.67484358926396,552.7959262942594
96,5,227.8211664759495,700.0311747529145
96,6,358.7359329528641,889.1285468673166
97,1,244.46677858706303,416.6123585003663
97,2,385.58250241290455,998.8025538363316
97,3,781.9846941167849,1134.4545059500615
97,4,269.53688439102893,562.0326581556187
97,5,195.97768604278977,686.3665917167926
97,6,364.5475755518251,894.3692182862974
98,1,232.58896643283867,409.92067215863966
98,2,374.21431845240863,1016.327339786153
98,3,796.76714808189,1109.4010204137196
98,4,262.76362762600377,566.6291021426888
98,5,214.84648090148755,711.0072391511001
98,6,364.84708057633225,907.0068832734748
99,1,226.9790518963951,404.18487476726636
99,2,369.20751402105464,1037.812485966408
99,3,805.3347879334925,1095.3986808069671
99,4,261.5647175726745,571.281254374739
99,5,222.50971957327255,725.5883962746169
99,6,375.06694147565304,909.4573634200586
100,1,223.39941192037128,396.1134295806105
100,2,364.08593070642,1057.9657994496988
100,3,816.9919137772002,1082.564329034382
100,4,257.8805112308016,570.7565827461078
100,5,217.47025385976065,742.5646800571434
100,6,387.5021453630382,913.9184392521914
101,1,219.61229769894274,388.9368492463427
101,2,358.6027128466281,1064.6181316038626
101,3,823.3163457408513,1069.3195079150782
101,4,255.7742288481356,569.591565954608
101,5,214.96473368973645,752.1832337127677
101,6,398.34045605619275,917.6161038463237
102,1,220.91443471211971,388.4707619960886
102,2,372.83391033416837,1089.7951234876084
102,3,827.3609919597262,1047.044458805787
102,4,251.63576717627055,561.6025668361646
102,5,204.85280682642923,741.8357031509354
102,6,410.47695601669574,922.9321145280732
103,1,220.98290392795369,383.5099983878173
103,2,377.23115551647436,1106.4820154712831
103,3,841.3022066188694,1035.9768935148647
103,4,249.66283088199637,559.4126271216717
103,5,209.19146368666816,755.5925503045183
103,6,418.82455396513365,926.7265090386826
104,1,226.91162503476227,380.9761619805256
104,2,368.4772357906903,1131.4439803881426
104,3,856.8249899239186,1015.7866961571026
104,4,242.09718371546512,540.7377465395841
104,5,228.38180618202173,792.5485839130378
104,6,421.57500340669293,928.3944511946793
105,1,229.90311136767514,378.9178761637422
105,2,365.18150972638216,1149.889289411931
105,3,865.4631567704167,1003.8904221653652
105,4,240.4498308987702,528.7925223703228
105,5,236.89242503869713,813.8894362576576
105,6,423.8759803458566,926.4280609674527
106,1,231.46269883868888,375.04901951363973
106,2,356.2859894537607,1161.3528647985668
106,3,876.4199459298475,981.8814552768016
106,4,263.28155325250884,535.7780579111934
106,5,219.5047951169482,812.2316727106302
106,6,432.85314658275666,916.6918707721994
107,1,237.1217923139696,377.35281619784007
107,2,348.4888901687436,1172.5852157038842
107,3,883.5831428694813,967.0129360876033
107,4,274.97960929918827,540.9998348063386
107,5,206.52635942643272,809.6713369355691
107,6,437.02507760476794,911.2336240955417
108,1,249.8318581051741,383.75223657086036
108,2,347.81812887205416,1190.0098436858934
108,3,871.2462232971793,931.6492360989032
108,4,285.7645877707935,547.5032925696215
108,5,237.45538519776707,844.3886316277417
108,6,442.09062951211234,906.394422992734
109,1,272.0014926686481,399.8092876544212
109,2,354.85100814341087,1208.5351239800557
109,3,870.8945173375124,914.6035011082668
109,4,290.28998423314056,551.8064393803594
109,5,253.63866950188813,866.4052593678389
109,6,449.98284440351426,904.6495647269967
110,1,294.38304596520953,411.68998491169276
110,2,363.72763003608543,1232.7626705987
110,3,886.9752969227131,897.3214284360038
110,4,293.75379829143543,550.3021105148143
110,5,261.3008668723202,890.6070303626798
110,6,461.5319280369534,901.3364505191655
111,1,303.8285067777947,417.1133857322763
111,2,362.4718274507277,1244.766022048188
111,3,893.2142105618714,884.7055585699622
111,4,293.52865525224183,546.9742526279679
111,5,263.2744885640585,905.4238202186041
111,6,468.9972981576019,899.551568851946
112,1,310.60226594193364,424.5980279550498
112,2,357.11206371686774,1258.2661234019595
112,3,896.5428009228109,860.4947426649027
112,4,293.5136298452094,542.732258921062
112,5,265.50917271898726,912.1726846697678
112,6,476.6903950593012,887.0562456996856
113,1,316.00828680237424,422.1382207721923
113,2,350.84325027757666,1269.9299025264686
113,3,900.2677354130575,847.7130818219661
113,4,295.99069272382434,541.7372163097641
113,5,264.94807916524786,916.4124652081587
113,6,482.77990694300667,880.0990350383128
114,1,314.45924085025825,416.22068444593583
114,2,337.80934274395224,1291.4417572544169
114,3,905.194280508362,835.6069592849223
114,4,296.96962857700163,541.42990527427
114,5,259.09007705521367,922.4906817664419
114,6,497.0142741716179,856.9235777006488
115,1,314.27014050997445,412.7717913976831
115,2,328.3641242347719,1309.4781354355919
115,3,904.962263621593,824.241879993857
115,4,303.36847170352684,548.6880094968999
115,5,250.7313119542823,932.7207931080751
115,6,504.73649286425876,851.0146602970905
116,1,313.8407534978645,412.019839636056
116,2,322.7842518256322,1333.433259207968
116,3,896.9558708963515,798.5126533958394
116,4,310.3727361616513,556.0853955113936
116,5,240.9025793625843,937.158735237557
116,6,517.5815915588721,845.3769989243771
117,1,314.85979643468255,412.1006989848092
117,2,320.53575606577704,1345.1059992501814
117,3,902.0288530649098,787.4289344767823
117,4,313.01134402328825,558.8922176792664
117,5,223.43594204922988,938.5190041594507
117,6,523.6946511543271,835.8762405986892
118,6,567.5670612058757,840.7685748160334
118,1,317.53804604799075,402.2053445825367
118,2,260.315495544324,1339.931739401989
118,3,901.6038437095424,765.0346222576478
118,4,318.03220024672623,560.4047874660154
118,5,248.6050086827678,967.4256245150253
119,1,320.66643712746594,397.2025825793118
119,2,299.89272651473055,1359.0356545200661
119,3,900.1822763610617,747.7275584050459
119,4,320.95102277026024,558.8804881139113
119,5,260.39788866941973,984.5797400472937
119,6,580.7590904788217,830.1274973974624
120,1,320.63235099885486,391.7387789990597
120,2,303.6624865278552,1370.9680344861158
120,3,902.6551588524618,737.1133740204324
120,4,319.43067563644496,557.6029494329996
120,5,242.2278878462614,991.1254818788493
120,6,597.9874027426024,811.7136953343897
121,1,318.7786785383147,387.20179644548335
121,2,287.349055351307,1373.2870750826098
121,3,905.1474172914337,733.604235442326
121,4,289.73139606084135,536.1868574846006
121,5,242.8362172691202,1000.4048112272079
121,6,606.5495270511238,803.8926385640465
122,1,312.04531667765434,376.45321607412126
122,2,303.1736077883345,1391.5605362646586
122,3,908.1168876839589,731.9219060062449
122,4,289.7619901449762,543.8329456260035
122,5,271.6568392374303,1020.7360020678964
122,6,626.8204903834114,798.3306804143041
123,1,309.4222299796661,369.05891008821425
123,2,325.7138279012208,1407.60585093972
123,3,906.8465633611063,728.4600063376766
123,4,300.20934616725077,556.8904845404154
123,5,283.7530022185816,1034.0533962854936
123,6,637.2839045593022,789.8346814141505
124,1,313.20377863394066,363.46858017898865
124,2,318.912412854664,1420.0146105009587
124,3,906.3661006339738,727.5438793522117
124,4,298.72636279280914,563.8805509201127
124,5,289.98692629120524,1046.9196910529092
124,6,660.8807588937083,780.4254404274112
125,1,315.6159101769172,359.9367260574795
125,2,326.27421071492853,1428.8892456783549
125,3,906.7896306212831,726.6402341152447
125,4,298.8212962053613,567.902335840588
125,5,289.8032115932008,1051.7421812473303
125,6,684.65634917278,788.2216408318282
126,1,318.73397674652057,351.61926120519945
126,2,361.71441227736443,1441.7096496657703
126,3,904.9731715251165,722.858611744832
126,4,299.4603873468744,568.3446245284214
126,5,279.38444502049737,1055.5474791958666
126,6,701.8550233793574,785.4167149832324
127,1,317.69135605729264,343.855776681944
127,2,371.28639955792613,1446.0506072791252
127,3,905.1066188321096,722.722993439723
127,4,298.69205349181874,567.6070097985439
127,5,278.358415495197,1060.6882316651809
127,6,710.405545553568,785.8138696669116
128,1,310.9437964352065,328.739133620368
128,2,380.044547071659,1450.5979384947063
128,3,904.6924482125224,723.767314648344
128,4,298.90800202829837,566.1800024800356
128,5,286.29956672610143,1072.091548113522
128,6,722.1302162599236,785.2609062640005
129,1,304.5620507181071,317.64029417370585
129,2,381.8646938061737,1451.6324697397633
129,3,904.770177908998,728.6309553882533
129,4,300.6005826850668,565.4651751825908
129,5,286.2023119598089,1082.847013927603
129,6,726.712110922532,784.0838345574451
130,1,291.95979871522866,298.0850485397598
130,2,384.92060603904747,1452.1643272210383
130,3,902.5849931234717,736.46315565762
130,4,303.83842852746113,565.8522230488894
130,5,310.2363585680987,1100.8858735460574
130,6,728.2397805877573,783.4402930002984
131,1,284.05033568271097,284.1377778896779
131,2,385.89940587019385,1452.0073075527537
131,3,900.9694687026642,742.9892001858652
131,4,306.55704081298114,565.7497548414611
131,5,319.85642532001117,1107.6110431624113
131,6,729.2825898620943,781.8384933117653
132,1,275.16049527237715,267.6988788095269
132,2,389.42651240674775,1450.9697966951644
132,3,895.6953827609854,757.4314778884666
132,4,306.1594050320462,562.981568437186
132,5,330.29093625147664,1111.4929433731359
132,6,731.1995488101759,780.8359181659132
133,1,276.97488764366625,262.4761535001561
133,2,391.39497962147504,1449.0600074068198
133,3,889.9940442044815,768.8310946293852
133,4,305.33646333124057,560.6069181947971
133,5,341.0894945871706,1114.361748957627
133,6,730.3392254429625,779.9387138752098
134,1,282.9829604297436,258.01964512755853
134,2,411.4189861982032,1446.9078272025504
134,3,874.587520371401,792.1229554976964
134,4,303.31664810484875,557.5393490461175
134,5,351.8095977967565,1118.2952497256533
134,6,723.0666145229117,773.9025206509286
135,1,286.5382238312912,254.35979659651025
135,2,424.1961814811551,1445.9599886380568
135,3,873.7737578453139,788.5227715922342
135,4,301.0604824011564,553.635631633007
135,5,358.0800120106989,1123.54750679453
135,6,718.7420746876227,768.1069721314329
136,1,289.3842917027035,247.48844524843108
136,2,434.5968347169596,1438.3700375218473
136,3,867.573476173188,789.9061125689528
136,4,294.88767796613826,543.1521422965573
136,5,364.69245659629166,1121.0357611795073
136,6,709.0130904420639,764.5116270610051
137,1,282.3965364847523,234.04922891532632
137,2,446.1390802489941,1425.130981946777
137,3,862.4889048019072,792.5931132036112
137,4,293.52622664517463,540.0362026364381
137,5,368.9474320377559,1119.7005730255655
137,6,704.4800860986832,761.4443443838007
138,1,302.4522200946915,247.26326160467426
138,2,457.97571611975934,1409.7860728888309
138,3,844.4385785934344,801.352467295361
138,4,287.9736262342014,534.6228501193245
138,5,373.25829453302083,1118.8979931776196
138,6,703.9498214296098,764.1402628459568
139,1,301.528689704904,240.86717230949722
139,2,489.41820471596617,1408.076556050118
139,3,835.8879189317475,802.5986209829474
139,4,283.39354330661587,528.9962409987829
139,5,383.03769241401136,1121.8847095342735
139,6,698.4207847741349,760.7912138739177
140,1,283.83501567934695,214.17248953981357
140,2,487.48657158925295,1392.916268922915
140,3,824.6231619701036,818.3165699815621
140,4,272.2198867607901,516.5790872741092
140,5,400.2068481509632,1127.8783028875634
140,6,685.0656151093436,754.4444912235998
141,1,283.94111585154417,209.80142642631577
141,2,481.9330216694644,1382.691521893519
141,3,816.5019590135387,832.8554461325676
141,4,271.4338654814702,514.088068818074
141,5,431.59864703346693,1140.1003433856265
141,6,676.5612457747598,756.3113984200392
142,1,277.5499265850581,190.13667654232873
142,2,529.5501771999204,1391.4098784009998
142,3,813.9699330711466,849.1102516874042
142,4,269.9014333142865,512.9152624083838
142,5,447.3183275039311,1140.1768538440758
142,6,669.9282813882978,768.5898952466479
143,1,272.39462053233535,178.15176676470048
143,2,560.1096365712272,1396.1181404191511
143,3,810.5166849590029,863.8548462139885
143,4,276.289206357403,516.9178071592453
143,5,455.3893043683559,1137.314490611317
143,6,662.7163377145571,776.7135266800952
144,1,279.9427780180461,180.38601486377743
144,2,575.315003024937,1393.815982062308
144,3,794.0971640979581,875.6371596972978
144,4,273.47852227129,517.1148699319352
144,5,464.52713658795165,1136.897850710731
144,6,656.4700813973733,797.524996790639
145,1,286.7047770630492,181.04339210841604
145,2,583.7921648530616,1391.8966951914945
145,3,785.719495754529,888.0802955779085
145,4,257.5893607620952,504.66696886811087
145,5,468.1964543382451,1136.9310171358989
145,6,647.6081604357371,808.7722566942514
146,6,636.2206283089191,810.5510902521311
146,1,292.87433722178463,175.1506830534939
146,2,595.1907854323568,1383.1144786139166
146,3,779.0547654435372,900.8070490521279
146,4,260.1919472232304,516.0157219042518
146,5,477.27106000003295,1141.7017848540027
147,6,629.2804919560281,820.26752626476
147,1,296.1565708346693,171.39691484308028
147,2,599.1893351700213,1379.7587869379668
147,3,775.2321173155765,905.3628976301461
147,4,262.0366018296709,521.6926880280039
147,5,482.2657657720475,1145.7123776078097
148,6,622.3444549299592,829.9782230750553
148,1,295.9032194884874,162.930557873131
148,2,612.644326161951,1380.6863117379398
148,3,770.657904646921,912.2780650555472
148,4,266.5508977664803,519.9848770239682
148,5,485.06176149820965,1150.4666159190315
149,6,615.4125135997622,839.6831857664724
149,1,296.7696276236883,158.21469550276763
149,2,619.1969905805952,1381.7126430145906
149,3,769.6167793347555,920.7192746181968
149,4,270.9180658565424,523.1380442057799
149,5,491.3075144145867,1156.6465856019104
150,6,608.4846643387764,849.3824194164669
150,1,300.68917271933793,156.66531425190928
150,2,626.5039716108697,1375.7940192939682
150,3,762.3801746571022,932.5709834723888
150,4,263.6546736801792,520.6758456680648
150,5,502.35349929142313,1160.039111562026
151,6,601.56090352462,859.0759290964997
151,1,302.42507472971374,155.95939491679
151,2,631.9366007259139,1370.5232560573245
151,3,755.4063397429251,948.359566424047
151,4,257.7350692608266,520.2013579328416
151,5,504.2772136686728,1161.5792113102516
152,6,594.641227539186,868.7637198720493
152,1,303.7981290589948,144.49750284345618
152,2,635.3979544249325,1365.770193343066
152,3,744.7277753209183,964.9310424818398
152,4,255.45337690989572,519.954817645737
152,5,535.0182109949183,1181.6582398714525
153,6,579.935805155395,872.6212201970931
153,1,306.37014026491875,133.27925763073202
153,2,638.2932982081103,1362.852750760945
153,3,738.295924727727,977.3173585507567
153,4,255.50446596659734,521.3634625561027
153,5,551.0087291305182,1192.0800046089
154,6,588.2220219409041,889.3476497493326
154,1,309.92923385257234,127.68608074964625
154,2,640.7809267778242,1357.4202201011694
154,3,712.658567547965,982.7837191434321
154,4,262.0695665453962,524.2379262529433
154,5,555.7145010687723,1195.373080534647
155,6,591.4803310570352,901.3696110472613
155,1,311.61842210221596,121.89489726271715
155,2,642.8826616989512,1353.183347714392
155,3,700.4824394488896,990.6294637132023
155,4,263.8179128986018,523.9151557489761
155,5,557.2105898627775,1196.4602974674242
156,6,594.69446642795,913.2285874851145
156,1,321.62000387895216,122.5406386981643
156,2,642.7294830954795,1340.3331126740445
156,3,684.7189880566024,1006.922979560106
156,4,268.808878271493,524.30105467944
156,5,556.371388726755,1198.2815441823814
157,6,597.865320317771,924.9278711890747
157,1,323.8392316733042,119.39152393052989
157,2,654.1808710266505,1333.0197365110205
157,3,689.6372075483134,1024.1207238008283
157,4,273.462085974044,525.2464377988603
157,5,559.0044491079806,1198.242956338653
158,6,600.9937611209151,936.4706662148941
158,1,333.26577497865867,125.80605926569056
158,2,662.8464431096219,1318.037726747312
158,3,673.0983907430085,1029.6621374218253
158,4,275.5697490406259,522.0568122397401
158,5,567.6711778159397,1185.3685578086688
159,1,344.131274096164,134.15845715177446
159,2,675.4441100216109,1313.3852094004378
159,3,669.9332845629228,1045.7374672475414
159,4,285.30063431093805,526.8877744020648
159,5,570.6367531414152,1178.0855418522015
159,6,580.9740501743457,931.5071983261445
160,1,345.5897777095494,125.83677913223923
160,2,680.7208804042789,1305.3269374069612
160,3,667.0612230784126,1066.0073899235535
160,4,289.5284219308599,527.7249884765374
160,5,574.7279619811422,1174.682998361159
160,6,595.9411057790069,952.2452597070748
161,1,348.27305595415936,122.05878067615102
161,2,685.8867703204712,1297.027092651173
161,3,665.6564958382392,1074.0881908159072
161,4,289.9020099406116,527.0636831825875
161,5,574.6732093381365,1173.1130302112479
161,6,599.7201471305773,961.0037838901666
162,1,359.59600397526276,124.34332782257302
162,2,680.844684782183,1281.0154787477188
162,3,663.7285455256197,1081.5982635569244
162,4,298.6038110754485,530.3486403776193
162,5,585.1477266760385,1174.0458458708308
162,6,601.0029404048655,966.9488717525484
163,2,672.8443009486249,1273.2779237891743
163,1,359.3396602364162,117.22875148918185
163,3,658.7741122899803,1086.6855680756662
163,4,303.51224515832547,528.4518168854775
163,5,589.7233934741763,1175.2483147998414
163,6,598.868993880245,973.1782963699114
164,2,682.3111052192689,1264.634069647408
164,1,372.6459482367865,124.99082369672001
164,3,655.8736864230546,1101.4988060481062
164,4,308.06968801470583,520.223843160663
164,5,597.4585843144253,1170.344164224361
164,6,613.5487638044834,997.4611289545966
165,2,691.7414265789286,1256.02352695396
165,1,383.7768663560712,129.2771647812751
165,3,653.9802365897989,1108.2924143490982
165,4,309.14290502800395,512.7956552909972
165,5,603.660151604302,1165.1042210076657
165,6,624.6092312909001,1010.0193894830552
166,2,703.660074257111,1237.3668668230346
166,1,392.965052626311,128.03498899478424
166,3,653.2757878767395,1113.0245351020426
166,4,328.136347346085,513.4566698230257
166,5,600.9476905590606,1145.7002769082508
166,6,633.7028308613164,1021.168014771648
167,2,715.6191917741024,1218.646857892093
167,1,390.7064114486012,118.0376896706182
167,3,653.40004956201,1116.3477570636935
167,4,325.74257174741615,502.3451022660301
167,5,603.4579265673156,1136.7392548309606
167,6,638.4522804353542,1025.3851481017798
168,2,691.6914547162901,1186.0550015217402
168,1,423.3638238677467,151.66724919669102
168,3,640.1792313538808,1114.1681196602879
168,4,326.89810124065144,493.9174838164906
168,5,586.8201453356725,1118.3088866523722
168,6,637.0763916209073,1033.8189655413091
169,2,707.3775462762496,1181.0046245142037
169,1,435.4613944375822,161.05718385387883
169,3,629.7666897569228,1110.1675393154483
169,4,332.57694463474655,491.7043662836932
169,5,600.5515593870416,1122.8498505953219
169,6,635.820534524267,1037.6571426153553
170,2,715.683665680006,1161.4263514423808
170,1,440.1310757079499,158.42959696251995
170,3,619.120304912557,1098.4830201606987
170,4,343.5435076199829,488.24127921527634
170,5,604.5195768432388,1123.5771863042378
170,6,635.0415311205911,1036.6806371919051
171,2,728.8135986473629,1153.7816708799437
171,1,442.88872449636756,154.68642396461175
171,3,591.0878148821198,1073.5444029493333
171,4,351.5471228782435,487.61810174557746
171,5,605.0105943624542,1123.027959786916
171,6,634.4513109726144,1036.3897974152717
172,2,748.5945445517349,1141.9464607349644
172,1,449.221737663008,152.01723602518007
172,3,614.3443370314944,1090.0836596933937
172,4,358.24147032093396,488.69292955974123
172,5,603.09768699489,1121.3993065967948
172,6,629.0295961230602,1034.5627241107431
173,2,759.4828270959534,1137.507456167303
173,1,458.15125838520373,156.15549644717373
173,3,621.0855062422056,1097.7210665664434
173,4,359.79056354982515,487.6992949062384
173,5,595.0065711222842,1115.894388056123
173,6,613.182534420816,1023.1523459100824
174,1,463.40316948808163,153.76415117737628
174,2,765.303343306078,1126.7506138786932
174,3,613.6614221974129,1095.7825272456303
174,4,362.4465660930549,488.72669698383777
174,5,590.2018594818647,1111.6396273270298
174,6,606.7340422798082,1031.594557755809
175,1,473.04340241340867,158.4889744361398
175,2,770.6825257957994,1116.6169854230066
175,3,615.5893452290836,1099.4338272382076
175,4,363.85069101228515,488.15427267132344
175,5,581.2748944228848,1106.600531006172
175,6,569.0743516849407,1011.4668049500021
176,1,492.3211249697996,173.3968336009254
176,2,781.465650755914,1095.2149631222426
176,3,611.805584528648,1096.1018966582253
176,4,365.70446882333573,477.6512184114359
176,5,579.9114751593178,1106.4634499210374
176,6,573.9386266629302,1014.2896189154623
177,1,498.3824326396858,175.43263377080604
177,2,790.7799112248689,1082.5778457220179
177,3,609.877225726465,1093.372227755316
177,4,367.4189611713841,471.69419114005535
177,5,572.5266615094794,1112.684489081909
177,6,576.9056430221818,1013.478638915694
178,1,507.2674691993259,182.61963562756526
178,2,800.0440886058117,1072.4272303443506
178,3,615.2328365913811,1082.7324976779598
178,4,373.66558322819714,467.1188429166538
178,5,571.5749212104969,1107.0723914588818
178,6,571.576119094779,1007.3003937603553
179,1,511.8742482503852,185.37228891459668
179,2,807.6284017981462,1069.4909003176629
179,3,615.3576525031805,1076.9843217252212
179,4,374.00425945662795,461.33162710765015
179,5,569.2305640270822,1103.4097722759554
179,6,592.3581130510079,1027.5667666208599
180,1,513.2120114345392,181.0247144652669
180,2,818.2005437280119,1056.3213262186932
180,3,617.2724091180695,1076.846188493067
180,4,376.64644523484947,457.0341144435859
180,5,566.6504217423051,1099.7404754864156
180,6,550.7742592405809,999.4087184716742
181,1,513.7101040125032,178.69799171886916
181,2,826.7753356641875,1047.8362178630157
181,3,618.0577499096474,1076.8068012064766
181,4,380.51337239397577,455.2602835100851
181,5,564.0284541473118,1096.0884420881498
181,6,552.9849220005492,1000.4603067115477
182,1,514.4154334226556,176.36694477349536
182,2,832.7710086069505,1038.3912371575243
182,3,613.2277234868554,1075.4926282899926
182,4,394.8355587592991,460.12918886476683
182,5,569.0208570815439,1095.3959075154726
182,6,524.1188681327882,972.1911327497659
183,1,514.8957512561359,174.61316371087162
183,2,831.2741113386639,1031.1377101757594
183,3,607.024294049377,1074.669291406528
183,4,401.58584330600047,462.01709593301376
183,5,561.3531513359405,1087.8695934136326
183,6,512.2559992113526,957.1615774641202
184,1,513.2488733508443,171.33876386391594
184,2,831.7531336346975,1026.7243016475838
184,3,592.8174650492053,1066.1644704929852
184,4,402.6388823334473,462.3643200803902
184,5,554.5462602930957,1080.9264559375351
184,6,515.4746763659973,951.1245983153722
185,1,513.331887959012,171.19229592833753
185,2,830.4110222417054,1021.651363316849
185,3,584.7127763251927,1062.2008308428956
185,4,402.00032315416314,464.15520716700746
185,5,542.2980786108714,1070.398257908327
185,6,521.5658098021969,950.5937698541281
186,1,511.60399694368124,168.5879508973848
186,2,830.0195369365987,1013.8153972798306
186,3,587.7304822189084,1069.178605357917
186,4,403.118580423461,469.586318276098
186,5,505.9605796750399,1047.0824443699091
186,6,533.6186915029788,948.8603606545416
187,1,510.8069130399517,167.6186728128962
187,2,829.270966475382,1009.9625717274184
187,3,591.9802057348155,1074.5592582488198
187,4,406.2111999414521,474.36572358625114
187,5,512.0381696366935,1047.35680204305
187,6,536.5600672735029,954.3520323502268
188,1,511.3938724063393,168.045245001076
188,2,827.9689188335251,1008.1869921965036
188,3,587.8258983689012,1075.9262317385728
188,4,404.7864841622109,475.3567554338496
188,5,494.8239659976174,1034.6602496612545
188,6,540.9798382355548,954.3287772390782
189,1,510.51586915941346,167.40067868269685
189,2,826.686877769158,1006.8870649727021
189,3,581.0686363109112,1074.7215610374471
189,4,403.1784138986915,474.8324404459352
189,5,493.83138543062876,1033.209891914626
189,6,545.4508431751225,951.389643128888
190,5,493.91994270644534,1034.2579783413353
190,1,510.0583021825226,167.11026077845875
190,2,826.8730289374969,1007.375238516147
190,3,574.5094358887446,1073.2588481776747
190,4,399.3890940183646,472.4214710208288
190,6,549.3341327364756,945.3102362854818
191,5,495.4473372395869,1031.7483297991023
191,1,509.64482688371595,167.29096846506465
191,2,828.0302134809164,1007.8961457196336
191,3,570.9642373429575,1077.2624215230755
191,4,397.37588622798404,474.9366295414846
191,6,551.5536246381673,940.462539403559
192,1,509.41072553109154,167.3379998322139
192,2,826.5534116552654,1009.1766700168072
192,3,569.7246539288624,1083.942492057855
192,4,394.32553091468236,482.28598450603806
192,5,464.46403140291125,1010.9427032256143
192,6,558.8426979386109,931.1915117142806
193,1,509.27806041339437,167.38906801985547
193,2,828.6613724434997,1005.4766987910092
193,3,567.1777164260324,1087.5449827760326
193,4,389.97268092365573,485.87595244089033
193,5,454.4202982790905,1005.7319912502809
193,6,562.6218216553121,925.9847465012847
194,1,509.010182528782,167.67890669710448
194,2,826.4938507088656,1003.1476690275642
194,3,563.6135242422793,1095.7263321937687
194,4,383.26378743156107,493.24838951815116
194,5,458.3731244249522,1000.251694121273
194,6,560.5391516326818,916.2330296607205
195,1,507.9576597445224,166.60367126700095
195,2,821.3331656790346,1003.3896993422139
195,3,561.8548432923897,1102.1823657942589
195,4,377.55719005395736,496.83748228371144
195,5,451.13803295652116,992.1145460742937
195,6,565.6373308344876,913.7042464692283
196,1,504.82336429916603,162.75643008393862
196,2,794.1353149299423,982.5157628709192
196,3,559.1578144096388,1113.0457005391872
196,4,369.294971320495,496.40052035638115
196,5,454.6059058300368,993.9346048322976
196,6,566.1860249608592,907.554693422424
197,1,502.5825336451713,160.43342108606026
197,2,781.6443318931298,972.4560855362295
197,3,559.0942222281404,1120.7139701764079
197,4,372.36277082623667,504.92341835653485
197,5,455.14531823265446,994.7650996957921
197,6,575.8187826823317,910.7065749192994
198,1,502.77135521772254,160.46980738404193
198,2,765.2886035150435,959.2235267527991
198,3,562.1993947488858,1131.0156787822123
198,4,370.19093010690705,511.7618566524408
198,5,455.5504755358411,996.8915601153486
198,6,601.3325604704902,919.069852784358
199,1,502.9436219859519,160.16512723585623
199,2,758.5317549549208,954.3828057008453
199,3,564.5146828235597,1138.0122756443095
199,4,364.55789223289065,515.2198088639957
199,5,457.05462748368325,999.1200047424976
199,6,612.9256584097367,921.2515602249
200,1,502.300244979345,158.70893215690677
200,2,757.2040544289666,955.2136629286565
200,3,566.5034660678739,1143.71312242746
200,4,357.62108035770535,517.3836120844372
200,5,456.0956062139375,999.6378094254181
200,6,629.8437472550664,925.911009631401
201,1,503.8297775420651,160.44861689358265
201,2,759.5919933325631,958.0424073196103
201,3,568.5791780044017,1148.5542794749913
201,4,354.2108720038019,519.6237452304315
201,5,455.12941958946953,999.5230521423416
201,6,642.274917026375,930.8306954043227
202,6,671.7162023158813,947.486778760644
202,1,505.43920127552207,162.0368169782546
202,2,769.759434894277,968.8157017618645
202,3,566.8262518517047,1154.2230454255364
202,4,350.5110026566187,519.635617233518
202,5,454.17691581702786,999.1687384519003
203,1,505.1349753099622,161.46723301108668
203,2,782.1384559755786,980.9008753665297
203,3,564.767703311917,1158.50863160857
203,4,349.36041834906143,521.9967549983023
203,5,453.4267721231062,999.874902023349
203,6,669.1809325323676,943.8658867081728
204,1,506.52882854589353,164.1653300568417
204,2,788.0979716396691,986.1783141162514
204,3,558.9176921086746,1168.2412625968536
204,4,349.05874666201976,525.0857510408791
204,5,452.0918760480947,997.4569446587717
204,6,691.3724797958416,949.2615814982653
205,1,508.6484916779732,167.76788117737766
205,2,788.6343005805707,986.3129001392243
205,3,558.5952780563404,1175.7911883037943
205,4,347.485666657664,526.3113414515518
205,5,450.1986188484087,995.7331411502474
205,6,700.0050492932143,951.0666488031947
206,1,509.5705934594356,171.629330383394
206,2,784.9426274146034,981.7170971086493
206,3,552.1239279384299,1181.7561628864578
206,4,345.03813974382206,530.2656353084033
206,5,439.01555833032904,989.938031905617
206,6,693.4913998294338,949.9177458738992
207,1,509.26757125475245,174.17242972312397
207,2,783.3296114269732,978.3727409560785
207,3,547.1140424922221,1185.6035236629482
207,4,342.31859721920404,532.3077193880283
207,5,431.4323978673378,985.2426856656991
207,6,691.2749606887189,948.4208442906468
208,1,508.88396009102973,180.85861811071956
208,2,781.1546417907731,975.3856736143738
208,3,547.2793329915012,1195.5851212075543
208,4,348.61793911347763,545.3394910329012
208,5,428.47254204725937,985.5857316371711
208,6,690.8030363963516,946.7656712937854
209,1,509.20022007080706,187.7355508681682
209,2,780.7171279475016,971.624414325378
209,3,563.6871022622481,1208.099655986169
209,4,348.68766555569294,551.7674638354174
209,5,419.3221430323869,982.567381495082
209,6,696.4861720109618,943.6084050050296
210,1,507.08509181770603,191.64539760246222
210,2,779.4174600014138,967.837126995668
210,3,561.9026187317492,1213.8231628247586
210,4,340.7900663164992,553.15744008301
210,5,418.5424321613925,982.5051830401757
210,6,699.0489733063711,943.9583001259139
211,1,507.7816545400634,195.83386160767353
211,2,779.7445308455593,965.1436405609586
211,3,558.5419043158211,1215.330355473419
211,4,336.94012269371314,555.0060405148575
211,5,417.33947746725624,982.4654303542986
211,6,700.4828479023149,943.0571194470101
212,1,509.0919619971981,200.54014318007478
212,2,781.6627736684271,963.6952665647525
212,3,560.6597273773391,1221.8280195760613
212,4,318.01567768435734,545.7573117334694
212,5,413.13948322752253,982.402786289357
212,6,697.1255136441895,941.3346063627408
213,1,508.04492806953647,202.56359386429722
213,2,782.6103361525812,962.9163866460989
213,3,561.8544926272318,1227.960587900912
213,4,319.2901950198359,550.7852009298291
213,5,411.9545173325981,983.695600914631
213,6,689.8490710196193,937.6652557123484
214,1,505.38556622760126,206.88834390219918
214,2,782.0669545530667,961.966305445296
214,3,559.2578752564579,1234.854918601182
214,4,312.41661403126864,555.2641715455575
214,5,413.19089850485614,986.7713629493388
214,6,695.3721926550766,942.4100617486934
215,1,502.96622414991947,208.45686177483952
215,2,782.0807139993485,961.3639037644195
215,3,557.4001690057677,1240.938378772516
215,4,311.7808871440057,561.4025006385829
215,5,415.7460110446935,989.6700771302511
215,6,699.1417869485294,946.1210193272511
216,1,498.78330496045345,217.26110098417382
216,2,782.1410798884765,956.6846172459086
216,3,554.1110881548492,1251.6376493945857
216,4,315.16086156669655,570.2535595587841
216,5,420.22683785376904,990.111641424175
216,6,697.9639307302947,949.1686265709241
217,4,311.79108919200297,573.6047559406956
217,1,499.41585396433317,224.55596795224886
217,2,783.4976476065266,955.1143489300573
217,3,552.2960691083184,1256.4194729041672
217,5,420.3208319661856,989.8421293175811
217,6,696.6159079750395,949.1920150186614
218,1,496.48193383807836,227.75688519126618
218,2,785.631367619686,949.9028843789741
218,3,550.3935316743488,1264.4854421142602
218,4,286.2047980256086,558.1343080689712
218,5,421.3746531311182,989.7756369987846
218,6,696.3294969202692,950.9721184990993
219,1,500.89429182773847,237.40551660134693
219,2,790.284928419578,946.2353095914948
219,3,547.2903421225794,1268.9148982168906
219,4,302.92699303938366,577.323042623647
219,5,418.47574504919874,993.7078890339967
219,6,696.153609865534,951.6669220895432
220,1,505.9738665772599,250.430823114372
220,2,800.6290039927505,944.301403788172
220,3,545.9947207523464,1277.2511258824234
220,4,307.1171987157224,584.0437008078939
220,5,416.7155851018221,997.993876007286
220,6,697.25775942372,952.3612217132203
221,1,512.2754812106116,262.76470279714937
221,2,807.8369322039931,944.6136773771336
221,3,547.219591494057,1281.8237753893648
221,4,311.1100947871236,589.811671414661
221,5,416.3720648258339,1000.8149782945329
221,6,697.7728491691619,952.1909342804486
222,1,514.524887874278,270.1380137547707
222,2,802.4639196802773,936.2731556935612
222,3,550.1519726962512,1286.058795700705
222,4,301.32356722478534,589.0870922816918
222,5,414.1228960646725,1002.2040005604174
222,6,699.80547705812,951.5513355880212
223,1,518.9481073247698,278.88713463789907
223,2,809.6871923429546,941.9685179425882
223,3,551.3930438660489,1289.4208197031141
223,4,297.81437666091614,593.1972738075343
223,5,413.81583501055434,1003.5031128744552
223,6,701.0099157724318,948.0566788391292
224,1,518.6887736862321,282.71792453198657
224,2,808.3200713666259,935.5597646779974
224,3,553.7487001172458,1293.9547202558917
224,4,267.2537964715088,567.8738415795673
224,5,412.2828297263212,1003.1332335542901
224,6,702.8938103760119,944.2896102530098
