1,1,975.943046951606,526.4500031802011,red
1,2,617.0187748851878,157.48692704890937,blue
1,3,640.2825973365385,1380.8978875783191,pink
1,4,886.7207925839967,568.3688531176701,black
1,5,628.6056920058903,283.56216975563973,orange
1,6,612.1274493527313,1117.2445743881362,yellow
2,1,976.98387635679,528.1284922692071,red
2,2,622.3362364546355,164.43448700717556,blue
2,3,640.2825973365385,1380.8978875783191,pink
2,4,886.7207925839967,568.3688531176701,black
2,5,628.6056920058903,283.56216975563973,orange
2,6,611.854897737716,1117.6815343705416,yellow
3,1,976.8904630198612,528.863213147726,red
3,2,635.0513901980424,173.64606023735152,blue
3,3,643.8815788621768,1377.3188017793211,pink
3,4,885.1958157176855,570.8366495930397,black
3,5,618.5100410798854,263.3706061486135,orange
3,6,603.822353622391,1111.020338827553,yellow
4,1,976.7253366834988,529.2950837419755,red
4,2,634.3425982375417,167.59522679681697,blue
4,3,648.1454773374185,1373.337634954529,pink
4,4,886.1382489245423,572.3856571589467,black
4,5,615.7063737240057,256.41507580661363,orange
4,6,595.1056583637039,1104.8143234651072,yellow
5,1,975.5149029294048,528.3933617009575,red
5,2,637.089305491565,148.4895637511092,blue
5,3,651.7991947698663,1368.396120371906,pink
5,4,887.2671717571616,571.5522258865926,black
5,5,615.5516780327017,253.8759827306814,orange
5,6,582.6462752012042,1096.780561471617,yellow
6,1,974.2735602533994,526.695429874171,red
6,2,640.2982080827998,140.62264365447547,blue
6,3,653.0590676526776,1364.696075298047,pink
6,4,887.0743609193208,569.2445321141148,black
6,5,618.8226973348674,255.70318780029217,orange
6,6,568.6028614169277,1088.431152473534,yellow
7,1,971.2622846230036,522.3394673320921,red
7,2,650.4330632732941,146.17721731690142,blue
7,3,652.7160893884062,1360.9322257031722,pink
7,4,887.235387545722,567.9887641408853,black
7,5,620.0549325876966,254.19831436225007,orange
7,6,559.7795992423836,1081.7713295242268,yellow
8,1,969.2730417093604,519.6803047245118,red
8,2,654.6049256577626,143.9575555401113,blue
8,3,651.2601206445122,1358.0066587743818,pink
8,4,888.36388019978,568.694646215958,black
8,5,621.6376442663972,254.4159150148919,orange
8,6,558.8745618124141,1079.7258226245806,yellow
9,1,972.048364019414,526.2287578332546,red
9,2,674.1301020466948,141.52347829061836,blue
9,3,650.0916012145684,1352.5423407917713,pink
9,4,888.0792004814031,567.2568091626615,black
9,5,621.5622144320695,253.30532772462135,orange
9,6,564.5743494626705,1075.5794849898664,yellow
10,1,973.1071873837236,528.6509334392641,red
10,2,666.1103875253416,113.15279117147558,blue
10,3,651.478586499905,1347.7772735021013,pink
10,4,888.0730960364539,566.5426660058315,black
10,5,620.7766823708388,252.02084745857812,orange
10,6,567.8073488146406,1075.3261846875016,yellow
11,2,667.5579278142216,86.6795052639484,blue
11,1,973.698173269254,531.7259520308445,red
11,3,651.3898219592115,1338.039593354188,pink
11,4,888.8384566003699,567.7461730282976,black
11,5,624.396126829408,252.2917641401711,orange
11,6,569.2721900686647,1075.4820303765462,yellow
12,2,674.0803675452431,91.81479825237416,blue
12,1,974.1938382990448,532.5195731971025,red
12,3,658.7651310093711,1331.888038213198,pink
12,4,888.3384269107277,566.7468733471379,black
12,5,627.3189577735018,251.8901367979269,orange
12,6,567.3491011636515,1074.6713684810034,yellow
13,1,975.5243887926956,530.8869456239463,red
13,2,662.4058767134457,54.59454856273632,blue
13,3,664.6771646742274,1324.7966535349346,pink
13,4,888.3980502060581,566.0168246354106,black
13,5,635.1120118367865,251.84220641841824,orange
13,6,566.5965969326045,1069.5827221757029,yellow
14,1,972.3563313965658,536.2181234697431,red
14,2,679.4663757066213,52.67444478100632,blue
14,3,667.8225646061223,1320.717115499638,pink
14,4,888.3953025472033,565.7496341862523,black
14,5,640.7581100923585,249.45980108152463,orange
14,6,563.7360847723352,1064.2510216215553,yellow
15,1,975.468605798585,533.7295811128826,red
15,2,721.2435330804442,97.4639311667496,blue
15,3,675.0050633653012,1315.253384163408,pink
15,4,888.2781213233174,565.8487031673424,black
15,5,630.4158079452795,214.5453948614012,orange
15,6,536.6582898350098,1034.7892108903404,yellow
16,1,973.9509875415696,534.6622836873696,red
16,2,731.5118219121174,93.8953875703928,blue
16,3,678.2360967592307,1312.3963514129985,pink
16,4,889.2520091772528,566.9867429838963,black
16,5,645.8074204350071,224.1913599616616,orange
16,6,533.4159874068031,1020.625785606752,yellow
17,1,972.1329741462056,534.4874823558787,red
17,2,761.1659263469203,114.33347721433384,blue
17,3,680.3643103019722,1308.130982714207,pink
17,4,890.2634662780772,569.049757034792,black
17,5,673.4507707374318,247.36207191040717,orange
17,6,538.7172601945398,1012.4337011754792,yellow
18,1,968.5176576168224,531.5590809570001,red
18,2,772.5387701951215,120.70446594820196,blue
18,3,680.1122737409847,1304.6766310541734,pink
18,4,890.1495998514243,570.5843932452142,black
18,5,690.3122481980816,263.377309617861,orange
18,6,531.7205357109452,1000.300570905064,yellow
19,1,964.8488814233218,531.6231281789051,red
19,2,776.9776298331735,124.14637698886678,blue
19,3,686.0029049459522,1302.9315718678172,pink
19,4,889.7142878121019,574.5228748065348,black
19,5,710.9233888717434,273.68165078390655,orange
19,6,554.1371934651817,1005.6830538752675,yellow
20,1,961.1861447245362,530.2064519089266,red
20,2,779.1852685600356,121.53647642861972,blue
20,3,686.2325727674047,1301.8073889444358,pink
20,4,889.5037293002108,575.9394142346458,black
20,5,716.1871480442284,269.74665036383016,orange
20,6,566.5202268689995,1012.0260614274064,yellow
21,1,956.8568377068088,526.8196440787545,red
21,2,778.5432131861016,115.83040037866888,blue
21,3,689.6234268754263,1299.755129711379,pink
21,4,887.1864682537938,574.7465385207565,black
21,5,708.202743239458,251.713002678074,orange
21,6,557.8105430075323,1001.0071277590524,yellow
22,1,952.986966784396,524.1684209958206,red
22,2,776.5980580749855,109.40183288736806,blue
22,3,693.694517455969,1294.5810989556812,pink
22,4,884.0728654779397,572.563353108334,black
22,5,717.8463808052596,260.2337269185173,orange
22,6,562.3467157791843,995.394164948788,yellow
23,1,937.65267937308,508.8802138649641,red
23,2,777.8055303992637,105.2942719530756,blue
23,3,701.1644073240685,1283.4025722570518,pink
23,4,875.5596428500862,564.7124266699844,black
23,5,716.5920129060935,252.55156875133017,orange
23,6,567.7259696320364,990.2878575498283,yellow
24,1,929.2250998010584,501.6790213209382,red
24,2,776.8300186100424,116.72228190777524,blue
24,3,710.512385687411,1272.466160500832,pink
24,4,868.2800614596533,557.2165932818623,black
24,5,706.1576964712028,227.5288415539841,orange
24,6,570.5350447385755,984.4795365871222,yellow
25,1,922.2757833367024,497.1952752947103,red
25,2,775.6514710491622,113.20612292006568,blue
25,3,718.0265384810488,1263.7982209628713,pink
25,4,850.7126614064546,536.0960620401513,black
25,5,708.4190283300949,220.1869936131501,orange
25,6,580.4508467285261,982.269859237008,yellow
26,1,919.2611628118588,496.6375684180936,red
26,2,780.2331699610899,105.23715838430326,blue
26,3,722.357584784433,1258.1596105645638,pink
26,4,835.9311038957455,511.34614907041646,black
26,5,719.5323566618824,232.26324849041416,orange
26,6,578.9538040864107,970.3620654690436,yellow
27,1,909.8651193813364,496.25276705869896,red
27,2,778.0772803776309,99.85039607129066,blue
27,3,726.1309376847995,1250.9926784306929,pink
27,4,820.1280642824258,492.3167229057961,black
27,5,750.0076087731791,268.96268586616964,orange
27,6,583.8896408419904,959.8483065214864,yellow
28,1,902.0995884658402,492.1962718650657,red
28,2,776.4628695472379,100.9946921850688,blue
28,3,729.4445341309514,1243.4827362788849,pink
28,4,811.5569636582051,481.91370496171794,black
28,5,754.8798031665863,275.55109137034,orange
28,6,586.7224890378965,951.6206423820468,yellow
29,1,876.079792248289,466.16782176799103,red
29,2,772.7716393232662,102.0098948999276,blue
29,3,710.0993629434163,1224.389826425439,pink
29,4,806.6175674472861,478.27529666936914,black
29,5,748.8298792086543,267.86483536418774,orange
29,6,593.2798989436056,945.2766544230165,yellow
30,1,863.2897913511433,455.836745740022,red
30,2,769.6550288887814,103.06252246096928,blue
30,3,704.6648940081366,1215.2762928077063,pink
30,4,805.4794641229179,478.2148810317054,black
30,5,734.3024372839081,250.89697822713725,orange
30,6,597.0711837716243,940.9812942853396,yellow
31,1,853.6267401221245,453.23278218283497,red
31,2,769.659673636473,107.91934903175688,blue
31,3,706.1685408197944,1204.7738729744055,pink
31,4,799.7668759969597,486.0211771398879,black
31,5,734.0064453962416,248.63179332492143,orange
31,6,597.5880909326961,935.3028604136106,yellow
32,1,846.2120437496602,451.5358313842298,red
32,2,767.9156678936981,108.2501390859345,blue
32,3,709.4328541642626,1194.9452157015205,pink
32,4,796.4568273081786,489.86446416645424,black
32,5,729.3893931567804,247.02840337355136,orange
32,6,589.7392395696019,924.9255899296066,yellow
33,1,839.7199702452705,451.4732401834399,red
33,2,763.4150365594262,110.48570742951829,blue
33,3,715.0882336113482,1188.3598338894587,pink
33,4,794.263124440671,490.2449703519254,black
33,5,726.5358883213435,241.81319323981407,orange
33,6,587.483763336844,916.9462686374592,yellow
34,1,825.3795068389542,439.8742401785653,red
34,2,757.8393180371096,109.19946987012892,blue
34,3,718.8467528424151,1183.478239650026,pink
34,4,792.9261592377658,489.96315454394977,black
34,5,722.580522667543,244.46981419224284,orange
34,6,588.7826956298802,911.980680892135,yellow
35,1,798.4202185282651,414.7219452333011,red
35,2,741.6914044928432,99.7063507268914,blue
35,3,722.7485772908861,1172.3766438453506,pink
35,4,780.739722847798,486.9492891258952,black
35,5,718.6868216866524,245.18096695714505,orange
35,6,593.1527177648607,901.1881922711588,yellow
36,1,784.4690992372167,406.6323393417538,red
36,2,732.2558726528741,94.31325622924103,blue
36,3,726.0891150709796,1165.4653533256962,pink
36,4,758.9591860995284,464.57359911697085,black
36,5,712.6144829533935,246.89245256200107,orange
36,6,602.1962253253547,899.6855495234349,yellow
37,1,770.6880562703255,404.7573476507556,red
37,2,722.3907655615257,89.40196693664085,blue
37,3,731.1110904677716,1160.9088837018437,pink
37,4,732.6833785774776,439.7318644311382,black
37,5,705.0248726873799,250.29785103014007,orange
37,6,611.1485257762432,895.9979304059074,yellow
38,1,762.2604608409375,405.2262081777053,red
38,2,717.8066476198802,89.15656251176057,blue
38,3,733.483311628977,1158.6543702754404,pink
38,4,716.5125741027877,424.4489041595374,black
38,5,698.8666247701542,248.4889008549661,orange
38,6,615.3473420251214,893.3766471666413,yellow
39,1,750.19266875163,403.3070835484391,red
39,2,711.2039142058376,92.99277079901012,blue
39,3,734.9418760088366,1158.980106572138,pink
39,4,692.443558654175,404.0337551439304,black
39,5,688.4992493038037,237.9196825588127,orange
39,6,616.2657563935568,890.5261823704927,yellow
40,1,735.5760711783855,392.9648101299264,red
40,2,705.0920914326816,101.01763954811284,blue
40,3,735.1796343658749,1159.6893659535958,pink
40,4,678.7817190323874,398.8566313622191,black
40,5,682.4152991311845,233.0387431185817,orange
40,6,615.9551374606721,889.2971466669783,yellow
41,1,703.7525100628602,362.9904085173593,red
41,2,696.9608289617787,109.52548602705816,blue
41,3,732.5648117939252,1162.3924161546204,pink
41,4,666.9247926831036,403.66298927998383,black
41,5,677.9272895431253,239.84058462191027,orange
41,6,613.39204647379,885.545978922503,yellow
42,1,682.1372103891292,350.0008568554563,red
42,2,691.1738947392118,120.15244182899316,blue
42,3,730.0464571517754,1163.985918581771,pink
42,4,660.4175454736456,408.273164019153,black
42,5,671.1553317761056,249.07805987125516,orange
42,6,612.2965120707426,881.4940016518507,yellow
43,1,670.2781738839594,351.2270283784546,red
43,2,687.5376634275418,126.90609549182416,blue
43,3,722.9641666339949,1166.5844745093943,pink
43,4,655.7554821744869,418.9713289846773,black
43,5,664.8265125922903,259.18379800759067,orange
43,6,611.4120393201274,876.4801449195836,yellow
44,1,663.8972532338596,352.3970084031019,red
44,2,685.7379899117577,130.32976934877902,blue
44,3,719.4637362399009,1168.9275529734557,pink
44,4,651.1800605663442,424.71719331792303,black
44,5,659.9329563268525,258.8276564308196,orange
44,6,612.0947703186845,874.4778304555654,yellow
45,1,659.1854637913463,368.6988190042717,red
45,2,683.3462352895907,130.03485771139444,blue
45,3,718.4917571956761,1171.3577896646,pink
45,4,645.2730432661714,426.96374774022354,black
45,5,656.308517557747,259.5369418874604,orange
45,6,611.4721278726631,873.8263961409363,yellow
46,1,647.0185719842235,366.3617533141924,red
46,2,681.600366244369,129.24843175798006,blue
46,3,716.8728321180712,1172.418569025103,pink
46,4,617.8289910008612,402.0742269359274,black
46,5,649.7138369847173,258.1347552881038,orange
46,6,609.8793773130284,874.3684575379662,yellow
47,1,609.0136217586488,334.00055576835666,red
47,2,681.2520705248204,128.58075757792122,blue
47,3,711.3683287001401,1170.8917969626866,pink
47,4,600.4957017921244,389.2075282607919,black
47,5,632.4201272822058,244.6403986309216,orange
47,6,608.1675903924465,875.1029491461542,yellow
48,1,580.4787014547622,308.3638360805341,red
48,2,682.124238106902,129.13617620963657,blue
48,3,708.9437522487711,1170.9853559405608,pink
48,4,592.5137358723476,390.1077964489981,black
48,5,626.729202210874,245.012489235911,orange
48,6,607.266347189392,875.8891591160518,yellow
49,1,560.4224619348648,304.2715014476201,red
49,2,682.882172326888,128.77769122208943,blue
49,3,703.6921187861075,1176.0419116648472,pink
49,4,562.543203819478,369.2068055581857,black
49,5,621.0517474162464,242.34830555947465,orange
49,6,605.2035999533613,876.1075216411332,yellow
50,1,550.5349274060723,313.74096992617035,red
50,2,684.1301955419615,129.47180959419737,blue
50,3,699.0992950963829,1180.18681978035,pink
50,4,546.6439868678872,360.2809703227424,black
50,5,616.4568450707162,241.34860007727573,orange
50,6,603.6049983935233,876.1532049893605,yellow
51,1,533.8005701230319,331.69897570328044,red
51,2,684.8148797518093,129.3962527165776,blue
51,3,693.9546542951593,1187.2354491610286,pink
51,4,526.1180838294249,359.74863018557875,black
51,5,613.9967491324333,249.6804646495808,orange
51,6,596.9565242517365,867.0768379090197,yellow
52,1,531.8063770372139,338.6952296444191,red
52,4,527.5601177314375,362.01686943824063,black
52,2,686.155409070941,129.92464931926395,blue
52,3,689.9877062176141,1193.2189915830836,pink
52,5,612.1705847948862,259.40163976575684,orange
52,6,585.9353587895796,863.8725138804962,yellow
53,1,516.5911826489894,335.9943248987488,red
53,2,684.8902022574841,126.25905519681046,blue
53,3,681.8315383599708,1198.283744045506,pink
53,4,519.3819430826452,378.8810373998769,black
53,5,610.4732295399035,260.45957222250854,orange
53,6,580.8786431707991,862.6430049509082,yellow
54,1,501.1469398677848,333.2527609359957,red
54,2,684.3030100629123,125.05412121468493,blue
54,3,677.4814580706301,1200.29811687574,pink
54,4,519.0678339558522,383.375095186222,black
54,5,613.2885483538861,259.8098998290736,orange
54,6,580.3497708228847,863.3079463404886,yellow
55,1,485.4684373520845,330.4696126718881,red
55,2,686.4235035082208,130.09294888769233,blue
55,3,675.7405463633435,1203.3083654736702,pink
55,4,509.2476166546477,387.88377981412657,black
55,5,611.1960481098686,260.4602284865205,orange
55,6,577.5632477906519,865.0082171235223,yellow
56,1,469.5503044599888,327.6439267441588,red
56,2,686.692630404016,130.57465826824406,blue
56,3,672.3607238095829,1204.9106572950009,pink
56,4,502.5246739629369,388.22724792336015,black
56,5,608.5285470368214,259.7532832289306,orange
56,6,576.4464366435753,869.1192201560297,yellow
57,1,453.3870051154698,324.7747204237264,red
57,2,687.0176083501649,130.48655726735035,blue
57,3,671.487946650309,1212.8630819958364,pink
57,4,470.44624393397913,366.14661314759536,black
57,5,606.3686761900815,259.09615344308736,orange
57,6,575.7540758004739,878.9927161741158,yellow
58,1,426.1938938029564,308.4917198810666,red
58,2,689.3447730097491,131.34930723599695,blue
58,3,670.1097427493171,1219.5915064788626,pink
58,4,465.98222686047205,370.42314393217686,black
58,5,606.1857014485009,260.35373737886414,orange
58,6,573.9820473403096,883.7504123949187,yellow
59,1,398.086793399689,291.66143055303405,red
59,2,693.983153212137,136.96652358484104,blue
59,3,666.8249847984877,1226.5424819211212,pink
59,4,453.8206986635172,375.8395210548709,black
59,5,605.2418427180321,262.6118506108592,orange
59,6,577.5204332862764,892.5596590134837,yellow
60,1,369.0188360640156,274.25578838023205,red
60,2,696.3950040460369,140.11924093651425,blue
60,3,667.1655190060527,1232.5571193388446,pink
60,4,449.6318737008936,385.3669633870071,black
60,5,604.5197440183309,264.17298933108174,orange
60,6,577.9714468325941,895.6503849395898,yellow
61,1,338.9398938228675,256.2447771646868,red
61,2,697.359530617959,145.733451153394,blue
61,3,671.1144867852256,1236.542909494914,pink
61,4,446.9650388752532,394.7544433622353,black
61,5,603.4058995605227,263.902265339524,orange
61,6,574.6156835489448,899.6539977131396,yellow
62,1,307.7962900861846,237.5962558271732,red
62,2,701.2219130889778,153.23111688324357,blue
62,3,676.177158585464,1240.0265316379298,pink
62,4,420.2667115717634,385.58902227203737,black
62,5,601.3091928489924,262.3399232285227,orange
62,6,567.8558087930397,904.2020151925886,yellow
63,1,288.0385803287757,230.5326659462338,red
63,2,705.6506665613069,164.48454031487404,blue
63,3,677.3678061890776,1242.3661096711023,pink
63,4,395.946172999516,377.9453945119228,black
63,5,602.0366451972403,259.19187059290465,orange
63,6,558.3557663420183,906.8148909371746,yellow
64,1,282.92789417254346,239.8105011628808,red
64,2,697.8724365987968,157.00157073251364,blue
64,3,676.5699380565602,1245.2089114155688,pink
64,4,384.4022102083002,379.7996976056698,black
64,5,603.9401320843326,259.9943983895852,orange
64,6,547.3887855646466,906.2603155234845,yellow
65,1,277.8250828388801,249.07404058754943,red
65,2,710.6040340637389,182.52174460802425,blue
65,3,672.1659955012326,1252.632089497219,pink
65,4,368.5968865658981,382.6389593910064,black
65,5,609.6478372353125,265.47178216450754,orange
65,6,540.7550693075168,908.5769563881412,yellow
66,1,272.46218992188994,258.80972680410224,red
66,2,729.0857547771296,216.5522836499119,blue
66,3,668.2649179877202,1258.8209365842408,pink
66,4,357.74569839242935,384.9318184828032,black
66,5,609.2997854447643,260.6111998548837,orange
66,6,542.9131044238699,915.9160935689164,yellow
67,1,266.230008000495,259.2887424108848,red
67,2,731.198058717611,234.86453929315616,blue
67,3,663.8239586696226,1267.6304041963228,pink
67,4,353.4534913383941,384.7625003113037,black
67,5,609.5328064330619,269.86997039868726,orange
67,6,536.4079344038203,919.9106159113068,yellow
68,1,259.97004107029164,259.7698936184916,red
68,2,731.7443359832301,245.95016919974717,blue
68,3,662.1932099239627,1272.7170835490956,pink
68,4,347.7503555651115,383.8973210154887,black
68,5,608.6131931135072,275.0246219517171,orange
68,6,532.9657688483286,923.3035389399724,yellow
69,1,263.4710165003323,269.5089520589459,red
69,2,734.5549550240523,261.4862869104344,blue
69,3,661.7949976510687,1277.9355360323957,pink
69,4,341.7193424506306,391.6202470512404,black
69,5,615.762992118252,291.5628371694667,orange
69,6,533.8675000730807,930.3124175123792,yellow
70,1,259.7172774405158,268.0794519207259,red
70,2,729.2958469724715,261.3310554225503,blue
70,3,659.666811969215,1281.08616717808,pink
70,4,334.84497548959934,397.8439975496081,black
70,5,618.0405564663367,300.51822690281733,orange
70,6,532.3313817968069,933.051403797339,yellow
71,1,251.5920877028387,259.8787905046098,red
71,2,742.5401680539468,314.45729248540005,blue
71,3,655.7426210868975,1288.9351290063953,pink
71,4,326.8913274232564,402.0239173829378,black
71,5,614.3645909164931,309.0972808156821,orange
71,6,529.1583819182869,935.3904224110352,yellow
72,1,244.7340460113652,251.56390784093907,red
72,2,748.6633754042466,332.9188047391595,blue
72,3,653.0187797895063,1295.6459841918922,pink
72,4,317.93046750005,400.7453860456958,black
72,5,615.0804533762357,324.3302914345666,orange
72,6,527.3039726027266,938.8619151371928,yellow
73,1,224.4294477765465,227.3847170126141,red
73,2,743.1397276440663,354.4705291950021,blue
73,3,648.4427487298428,1301.8239398899325,pink
73,4,305.0090877840119,406.39398423922216,black
73,5,613.7631817675845,332.5312292315168,orange
73,6,523.2187234626286,947.4562251308706,yellow
74,1,210.10477290028507,213.97792376567463,red
74,2,741.3614561905513,367.0822917788141,blue
74,3,647.1963933681456,1305.2140010400606,pink
74,4,298.4436640838513,412.3456475109053,black
74,5,615.3766770763765,344.8037876640386,orange
74,6,523.0070771401832,954.592292249292,yellow
75,1,194.92354340779735,195.90400019706053,red
75,2,748.2198292391085,393.29033655035073,blue
75,3,645.6683266149709,1306.175560309818,pink
75,4,290.20571927854564,425.1284505628941,black
75,5,625.6661058144539,377.4109134922331,orange
75,6,521.2162529783451,960.2056194074872,yellow
76,1,179.6032457725091,179.05968212003896,red
76,2,739.4548137059496,401.9454031029738,blue
76,3,643.1247148368664,1305.8490198759173,pink
76,4,286.2529207856874,435.2600350315343,black
76,5,633.8071740662531,408.11567430511616,orange
76,6,520.1118486779574,964.4770375706844,yellow
77,1,167.58052036879417,163.17388327186447,red
77,2,729.2718456162125,421.2184784908534,blue
77,3,640.3554448314773,1308.5006448032211,pink
77,4,282.6207952783295,440.5918131171138,black
77,5,629.2988584729485,426.3286644164608,orange
77,6,517.2490394722113,970.1099088937862,yellow
78,1,163.50916657706102,154.40062427017864,red
78,2,719.9967704236453,435.1598770214834,blue
78,3,638.0097538318074,1311.5540013478285,pink
78,4,281.0269742127147,443.4370199073208,black
78,5,626.5475125324318,438.4852559483497,orange
78,6,516.7506359828175,971.338387221864,yellow
79,1,170.23914013551618,156.47577476800333,red
79,2,714.2634932483106,454.5443181524007,blue
79,3,634.7454309583753,1312.6510340299933,pink
79,4,278.3734975235,442.9853808138847,black
79,5,621.6572273404898,453.1446214078315,orange
79,6,508.51823776687775,975.9051072628392,yellow
80,1,172.37271850658337,155.76691434902884,red
80,2,710.1303752251148,469.95609214574665,blue
80,3,633.13400424405,1313.6671321404135,pink
80,4,275.7387060565265,440.16990488545474,black
80,5,614.8738688678628,462.6276802805895,orange
80,6,505.5364950050959,974.344209272446,yellow
81,1,165.77889172770043,146.8873795385324,red
81,2,702.9832297552085,488.2993533825995,blue
81,3,633.1307609292131,1316.8862745196247,pink
81,4,273.3333524488708,439.0490443046219,black
81,5,608.0464663616495,484.8296315131489,orange
81,6,474.0927139134404,961.1822466705074,yellow
82,1,168.60071553787822,146.9419051985614,red
82,2,695.8451680577873,498.67060500335737,blue
82,3,633.2976252753363,1317.8189763229043,pink
82,4,270.56450445511206,436.6185246402242,black
82,5,602.6414415985537,493.7245041627254,orange
82,6,465.4631932129403,958.0766484657196,yellow
83,1,173.2008363867542,144.68422800766166,red
83,2,688.7103168075618,509.5188235509769,blue
83,3,633.7555046784465,1317.602881540978,pink
83,4,267.42747158514453,436.77315413456495,black
83,5,586.1993565600199,507.1041472157509,orange
83,6,472.6598205801168,969.280750355306,yellow
84,1,179.0721527863872,144.31454774621804,red
84,2,697.195529384667,533.178614221504,blue
84,3,634.4572508274551,1316.627095884866,pink
84,4,268.9550051873396,438.13494615868257,black
84,5,578.0676586578577,521.0408709061876,orange
84,6,469.6853036971008,975.0727670733844,yellow
85,1,164.51163012781785,108.04889129348518,red
85,2,701.9169218451648,557.5526646420283,blue
85,3,642.4023665911016,1313.666514606182,pink
85,4,268.6067574464085,437.58891610124107,black
85,5,581.8961485710622,559.8902376493091,orange
85,6,473.8293137405652,984.5643355857708,yellow
86,1,169.04241009130416,98.80530889340528,red
86,2,691.5581808576327,586.5694782853068,blue
86,3,644.0116041566378,1310.8316468250778,pink
86,4,267.64618518922515,436.3816938229406,black
86,5,584.8277696853119,586.528633115132,orange
86,6,471.1391556899725,987.4234548171396,yellow
87,1,195.46077001685205,113.84898759115048,red
87,2,681.4761665111021,608.9368480098733,blue
87,3,649.0689069862032,1310.2888032558444,pink
87,4,266.3985286102878,434.90156951421255,black
87,5,564.3712507708774,584.6983557471594,orange
87,6,470.5400451267366,991.1761156849416,yellow
88,1,212.35582420885396,124.2711029210483,red
88,2,683.8867750427686,631.1646795598647,blue
88,3,651.1864788568364,1307.774128473817,pink
88,4,262.47268277119014,431.9271744474447,black
88,5,568.2577435329921,592.8056055298761,orange
88,6,468.83301056545633,991.9849281540548,yellow
89,1,212.95919222607571,111.29851456317472,red
89,2,668.4263933123534,632.0523598671182,blue
89,3,664.2722665129592,1296.695255441498,pink
89,4,257.333286238617,419.9645470668712,black
89,5,581.2008790049812,626.7301355409179,orange
89,6,464.76091213126136,993.1932162477996,yellow
90,1,212.91931219791124,99.44013925598696,red
90,2,659.4202267994681,643.3046121694279,blue
90,3,670.4366104803579,1294.0737180013157,pink
90,4,256.370034628763,413.70929919382246,black
90,5,575.387477363197,635.26254821106,orange
90,6,465.0519987789547,997.1818060026488,yellow
91,1,226.0772455961664,96.87691611125048,red
91,2,634.6829235066202,671.1200472925881,blue
91,3,686.7551847141644,1269.272854930201,pink
91,4,254.2786333955787,399.76849278199256,black
91,5,571.6972998760839,663.6236674312582,orange
91,6,457.4511336617903,997.0695691519704,yellow
92,1,231.21137793748056,95.25497705436464,red
92,2,621.1885831201251,688.1280369987912,blue
92,3,697.1480497553214,1255.026203700764,pink
92,4,228.6141407930384,363.99028498153,black
92,5,565.4109154200426,672.2209613330474,orange
92,6,454.4800812242064,1000.4920608332392,yellow
93,1,248.4510384561362,106.96458838635355,red
93,2,608.703276491239,704.9290040521532,blue
93,3,700.098936250334,1247.4786822131994,pink
93,4,224.6699706499517,351.1425346045692,black
93,5,531.6645164728302,659.2421818066001,orange
93,6,450.9018145642852,1002.7707204677894,yellow
94,1,261.27081902516005,116.78127585380088,red
94,2,601.508499509638,720.2872779137914,blue
94,3,703.6334455853685,1240.7234809296117,pink
94,4,201.5240370358659,324.4019220179502,black
94,5,522.6736634905225,671.478954921406,orange
94,6,445.4311531969987,1004.185023659302,yellow
95,5,504.0332023782163,688.6959967354833,orange
95,1,274.5794591646322,121.9501519383003,red
95,2,568.1572647712621,728.1308654713314,blue
95,3,685.7467343055805,1210.4813207185086,pink
95,4,240.4130958991909,356.33681279188323,black
95,6,414.9519643751714,988.9523347155996,yellow
96,5,489.7865766367624,699.8313567849543,orange
96,1,279.1471679742001,110.76097889610088,red
96,2,561.5440961852571,749.7318366124043,blue
96,3,684.1260970085175,1191.3522179690565,pink
96,4,260.71354396048565,370.48985836118186,black
96,6,430.3215843080607,998.6547436771956,yellow
97,5,479.2589628552988,730.5929830596943,orange
97,1,289.0771515453871,111.64020843020371,red
97,2,559.530296151021,763.6749218605446,blue
97,3,695.1977295532932,1172.1692809010171,pink
97,4,276.7357080690299,382.13610814199023,black
97,6,458.7661736709273,1028.9474329486925,yellow
98,5,475.7457419781826,749.3419756240281,orange
98,1,294.9551697678568,111.27515921640816,red
98,2,543.9955025018364,786.8202049310859,blue
98,3,701.6145342828207,1159.6486933092156,pink
98,4,284.02233547038225,386.9835943732805,black
98,6,469.06972810107857,1039.7984962232567,yellow
99,5,465.42906375098806,753.9814343218422,orange
99,1,307.28542290524,115.75139298484758,red
99,2,534.9693815763706,810.9867740610911,blue
99,3,732.6643751787332,1155.5877823302008,pink
99,4,280.54862397815754,379.68869914791344,black
99,6,473.69801024178906,1042.6422757008331,yellow
100,5,457.0289402869624,768.1873136816669,orange
100,1,311.37478005138763,115.0963360631402,red
100,2,532.1177321071473,825.6886137897627,blue
100,3,751.3384429518588,1151.2735846544665,pink
100,4,280.01085876734635,375.2540260066105,black
100,6,475.4465483137001,1043.5034047017891,yellow
101,5,448.6495269593266,782.3581690682921,orange
101,1,324.2256771240387,123.1571511927165,red
101,2,513.3822889571475,834.4290021348592,blue
101,3,765.825012107231,1136.3283631548347,pink
101,4,285.0378767624521,370.23157651491664,black
101,6,477.88944564569096,1039.1789815128477,yellow
102,5,440.504817832393,796.1321041507457,orange
102,1,334.7697833274109,132.1129778320869,red
102,2,489.6836722621819,834.0113387525547,blue
102,3,780.4791202948363,1125.35185356596,pink
102,4,297.8173289338181,372.1493311136851,black
102,6,471.16243965447,1033.4873441139114,yellow
103,2,448.5405165526775,832.8472440948622,blue
103,5,432.3796273578612,809.8730302396441,orange
103,1,336.0633299158418,126.89951913602783,red
103,3,794.0590818310155,1103.1219036512643,pink
103,4,323.44726147905936,384.8115638316656,black
103,6,470.7492205343207,1021.1024930820928,yellow
104,2,402.9936140113638,820.815698417752,blue
104,5,406.5740285393762,821.2809726394614,orange
104,1,339.2449252092827,125.95973206134845,red
104,3,802.1597552836499,1089.892786211987,pink
104,4,338.93648355648713,392.2589406191817,black
104,6,474.5357108873804,1016.0938613783684,yellow
105,2,388.90594398614616,831.5777290479614,blue
105,5,380.3367697320405,832.879739996443,orange
105,1,344.3468839433066,124.59212757197793,red
105,3,810.7155369041803,1070.7877197025105,pink
105,4,352.10734549747417,400.83305093664177,black
105,6,474.08779085137127,1007.9085947258578,yellow
106,2,371.71705275888377,840.8720155886983,blue
106,5,385.8525035254599,849.9024166318413,orange
106,1,368.6088487592184,146.73605108097647,red
106,3,814.2963705842496,1053.5695021356576,pink
106,4,355.8418676220075,403.0303484390962,black
106,6,475.5031023636779,1000.3505508261052,yellow
107,2,354.36148002549146,850.2564292736788,blue
107,5,383.6814775898944,866.5921799269902,orange
107,1,384.0799058184981,160.88561066134665,red
107,3,795.5516950338979,1024.2525965023265,pink
107,4,354.92625188631405,399.3318072420554,black
107,6,501.61142081903495,1004.5781266467692,yellow
108,2,364.0625655645939,873.7829338015817,blue
108,5,376.3208304683468,874.7517261582507,orange
108,1,397.9367625708352,175.47870726363865,red
108,3,790.2239259751888,1009.1699052004294,pink
108,4,356.6109997935301,399.2846719068708,black
108,6,511.4079025123576,1004.1274396249424,yellow
109,2,366.39662768044144,921.4602631215264,blue
109,5,368.95248955620383,882.9198012374537,orange
109,1,405.32780593865647,182.3636343207209,red
109,3,791.9042982455029,993.9782615819588,pink
109,4,355.1315166598054,397.3132541348149,black
109,6,526.849678379798,997.898931475649,yellow
110,2,376.0519436341135,942.634053233151,blue
110,5,361.57644278413824,891.0964185438891,orange
110,1,410.4584510746852,186.1487837597037,red
110,3,793.6808412787632,982.5351820216496,pink
110,4,356.86349770280003,397.36882692803215,black
110,6,540.8949728954098,981.8378877199756,yellow
111,2,373.9944924224066,958.3634771764274,blue
111,5,352.2535384983456,906.9164373297654,orange
111,1,430.5883915825008,200.60692728316923,red
111,3,793.2058531857988,965.6489096413314,pink
111,4,364.9445498852213,397.5104761421856,black
111,6,552.3439839930654,963.9506702555047,yellow
112,2,362.8271943061749,964.9252624575026,blue
112,1,445.6985271156582,211.6230715943009,red
112,3,796.1424185335953,954.57036217458,pink
112,4,373.4868194294211,400.712847185837,black
112,5,346.13049240614384,904.9028835306192,orange
112,6,562.5305566285673,954.4999052545496,yellow
113,1,454.55679185598825,214.7436904015651,red
113,2,358.54483948902174,998.0622664310164,blue
113,3,803.0218739324595,948.0338255508047,pink
113,4,383.58843410873953,408.1247428492852,black
113,5,337.2868419895722,909.5369420229828,orange
113,6,560.7042950029726,938.298712328987,yellow
114,1,458.0536929781645,214.53277497397144,red
114,2,348.825932326778,1013.8049221744968,blue
114,3,808.2258783867331,946.0595154038186,pink
114,4,389.1043236638392,412.740322310773,black
114,5,328.52750400846406,912.6447586549416,orange
114,6,558.7027674109547,927.7135242993096,yellow
115,1,468.1490559049951,217.46197110938428,red
115,2,311.0939761137672,1018.7474641765622,blue
115,3,813.1568943492159,945.1234796030516,pink
115,4,393.14973681920907,415.81074101253904,black
115,5,332.3359576188307,923.8782987241,orange
115,6,536.21366364813,900.8702289553491,yellow
116,1,481.2302207347239,226.01801907228477,red
116,2,340.8429821231651,1042.0501858208872,blue
116,3,816.064609685926,943.4142004255964,pink
116,4,395.3209732483885,415.31658118272,black
116,5,327.3463545787787,927.3612771818656,orange
116,6,526.6592528570721,886.3675234350186,yellow
117,1,508.5498329938952,249.22238810251548,red
117,2,328.2829388260647,1056.2482706310109,blue
117,3,819.8093019564632,934.385865305694,pink
117,4,398.30613510871984,413.3861337989476,black
117,5,322.98474270022103,934.6451099640404,orange
117,6,567.2322465282599,900.3595141823432,yellow
118,1,517.9794684839507,255.87048081448603,red
118,2,352.54668987302057,1083.0512730932526,blue
118,3,822.9360822588683,930.5691420560236,pink
118,4,402.67424676783264,411.98084300204886,black
118,5,324.17725016334253,942.5881918023993,orange
118,6,584.0329186841105,905.7750611409097,yellow
119,1,525.6172683066719,250.3883899259773,red
119,2,351.6302330782906,1115.5001579957136,blue
119,3,823.2472638817891,922.1355015121558,pink
119,4,411.7245885179476,413.3986533659036,black
119,5,323.98812919928827,958.3726992116456,orange
119,6,600.8861166811216,910.655946101968,yellow
120,1,528.3168106377254,245.1515086713168,red
120,2,342.41559212847324,1129.524237404536,blue
120,3,822.3185702369899,914.311355179526,pink
120,4,422.4737291930728,418.3338965018394,black
120,5,322.6336082735272,962.4775468173534,orange
120,6,608.8821513259641,912.4766416173871,yellow
121,1,532.9823165538908,243.48511983375943,red
121,2,340.01294482974566,1145.7384070055314,blue
121,3,809.3044316824815,885.7463702720944,pink
121,4,438.2121196847616,424.2885734864076,black
121,5,321.3814547110724,965.3748897436142,orange
121,6,620.3736070339658,912.9667295801664,yellow
122,1,537.0978740954645,240.72019670976823,red
122,2,340.03259173145483,1157.9046064108013,blue
122,3,803.010635237821,871.8330034740605,pink
122,4,448.33799713636057,428.6346007426026,black
122,5,319.18903240358605,967.2881233218576,orange
122,6,635.1249419567072,912.3417379223204,yellow
123,1,539.879682476226,234.3236917342961,red
123,2,345.48217409317834,1176.6170832388768,blue
123,3,802.1469773195963,864.725868666013,pink
123,4,453.2762272262129,432.4816687676697,black
123,5,318.9198466984455,969.0342770825632,orange
123,6,643.9909389940038,911.8001747256108,yellow
124,1,541.2959788056096,228.0918195822936,red
124,2,351.65784209432746,1193.3398336376558,blue
124,3,801.9683204473641,857.6288547295803,pink
124,4,455.0739805407593,433.26412652111793,black
124,5,318.123810361324,968.966006351836,orange
124,6,649.0116483421148,911.1160918836896,yellow
125,1,549.9564434526204,228.27133235478908,red
125,2,359.439694342278,1211.2245834179826,blue
125,3,799.602801573482,854.2893432079027,pink
125,4,458.1898639799343,433.8554177307959,black
125,5,320.2322809564539,970.5416406977964,orange
125,6,652.325000109054,908.0050683552926,yellow
126,1,554.1958347663093,226.28259362315603,red
126,2,358.2309656506268,1223.0933190684489,blue
126,3,781.9047047915554,835.4483056284444,pink
126,4,459.0596727603586,436.3935812534014,black
126,5,321.9462976475111,971.3593152976828,orange
126,6,651.9772120230814,909.1141161716324,yellow
127,1,557.1056843781034,225.25368054303695,red
127,2,353.90635115520007,1242.1927024986778,blue
127,3,758.205962796765,807.1306485369962,pink
127,4,463.5061749937316,439.3102033214764,black
127,5,321.9965557015961,968.8355677568168,orange
127,6,651.8099569243127,906.5709385393334,yellow
128,1,557.4036460544415,223.21552997345103,red
128,2,354.0956001459567,1259.1226855118225,blue
128,3,748.989560187076,794.1798360246504,pink
128,4,460.953443558288,435.3642701047141,black
128,5,324.2898962187269,967.9000311927828,orange
128,6,652.8925038184215,906.175677992363,yellow
129,1,559.8632754744428,225.3240655352661,red
129,2,370.1957910729881,1281.785817494135,blue
129,3,742.3134809046591,784.7103748592697,pink
129,4,458.8574001290036,427.9803639654705,black
129,5,327.9465062323892,964.5219769191976,orange
129,6,637.4330357895251,885.6200286906862,yellow
130,1,560.6258203169589,226.1780032887144,red
130,2,380.9436795174993,1295.6472498871588,blue
130,3,728.3860540538369,770.2749363118463,pink
130,4,455.5988591029866,426.8031567878173,black
130,5,324.3304298362472,962.4350062510662,orange
130,6,627.1661170312756,877.8130455886347,yellow
131,1,560.6756803695645,226.42680437774823,red
131,2,393.52080273697567,1317.748001200723,blue
131,3,702.0039986760397,748.2071149453701,pink
131,4,455.9565633371349,425.68966301368266,black
131,5,317.1180722496501,944.7511020629984,orange
131,6,618.1637132714153,871.595640709875,yellow
132,1,561.1904199220376,227.87749933739423,red
132,2,408.2833614673308,1334.4538205430504,blue
132,3,680.1890412999145,732.5843639901018,pink
132,4,453.7333068792543,426.9444997896785,black
132,5,300.84577251271844,927.0484841244388,orange
132,6,616.3320344762094,869.5994498412481,yellow
133,5,288.8990471318656,893.1403141551776,orange
133,1,558.9565234261861,227.2421687524165,red
133,2,411.3650605138474,1341.835190777732,blue
133,3,667.8878395035447,725.5666620604125,pink
133,4,453.1268563174248,431.76217745472064,black
133,6,614.8607650270712,867.289736174335,yellow
134,5,294.4296373006952,890.6891454586154,orange
134,1,557.7090181274974,227.56905151564047,red
134,2,404.6543311601018,1351.7643401293442,blue
134,3,663.0476505744632,724.7839022703071,pink
134,4,452.1853997736165,432.0948883794278,black
134,6,613.3364533556019,865.2478532752049,yellow
135,5,299.94135415708746,888.2463414521197,orange
135,1,553.8368813669455,225.726182356326,red
135,2,403.823258649675,1361.8338520755376,blue
135,3,653.5717946082459,717.8453035650813,pink
135,4,447.757947235946,434.4070478130071,black
135,6,588.0060677039271,844.9004990530862,yellow
136,5,305.4342941451388,885.8118593914718,orange
136,1,554.3490099755371,229.05352373804257,red
136,2,399.269145115401,1367.0222759505014,blue
136,3,645.733320031304,713.7779487973834,pink
136,4,441.40753899260056,431.3233082963292,black
136,6,560.9565080285263,822.906424195328,yellow
137,5,310.9085530529477,883.3856568231952,orange
137,1,552.3195416321827,228.8826382469449,red
137,2,414.3795887344508,1384.928407789118,blue
137,3,600.707548693508,684.63111536591,pink
137,4,431.7964135066939,422.7908478029511,black
137,6,547.8482418919549,813.0955530260613,yellow
138,5,305.0809904634448,851.184586581727,orange
138,1,552.8528285052157,231.49646687530867,red
138,2,426.178830801513,1399.6104502700894,blue
138,3,576.4169863693199,670.6415068606045,pink
138,4,425.9851671000839,418.12187955846514,black
138,6,543.1031800023965,810.2228585336678,yellow
139,5,298.1930665514322,819.5703885400422,orange
139,1,550.9423104773468,233.48215029833892,red
139,2,433.3473266086454,1411.3184250749296,blue
139,3,558.4198264764025,674.8957502679414,pink
139,4,421.0281669272701,413.5439171718352,black
139,6,537.4509840960392,804.3508642965755,yellow
140,5,285.72268064976925,811.4004049817485,orange
140,1,550.0849818612735,231.7702766676416,red
140,2,434.876377614268,1419.3024004334106,blue
140,3,548.1663601778655,678.3085872952925,pink
140,4,419.6117449170068,411.4119361958395,black
140,6,534.4515533754711,800.8991269119047,yellow
141,5,281.1551956799262,789.0177632080103,orange
141,1,556.2590077093791,237.6495499336736,red
141,2,432.5524938602736,1426.198395026268,blue
141,3,528.0665694663501,672.8501395972568,pink
141,4,416.89855663630607,406.7300091796083,black
141,6,491.7633388121631,767.7477538679718,yellow
142,1,559.3876750982141,238.2104633051426,red
142,2,431.5855942705568,1428.4248280531613,blue
142,3,501.14996804933554,658.1051803587972,pink
142,4,409.43583808089545,398.3540219424265,black
142,5,242.48861402523215,741.1704773074217,orange
142,6,450.68504104855015,738.1712024831091,yellow
143,1,563.3261774791772,240.6638440359717,red
143,2,426.8137224473013,1431.374472970306,blue
143,3,476.5652402080543,652.0811528055442,pink
143,4,402.4317041244022,397.547896832788,black
143,5,275.3955083640224,745.1191396460948,orange
143,6,435.48749743881285,730.050036078095,yellow
144,1,565.2107999940285,238.54278414308692,red
144,2,424.937998022834,1434.3012236980233,blue
144,3,455.8429953089303,643.7339928034213,pink
144,4,397.7280069665555,395.964681581341,black
144,5,286.9563352877097,740.0106389563177,orange
144,6,425.72571872532416,725.0316487569182,yellow
145,1,568.8577051408563,229.86800821244373,red
145,2,422.6579769073009,1439.6905800440816,blue
145,3,435.4073182367695,644.8722387015971,pink
145,4,395.3948573753548,393.8813243862458,black
145,5,301.92013822586813,738.0697740475769,orange
145,6,421.8014924158634,720.9913048054177,yellow
146,1,575.9018601517698,226.38849173162865,red
146,2,419.7110359510805,1442.3653674170118,blue
146,3,423.34132765400506,648.2378507215025,pink
146,4,393.7685735459899,392.3098160786824,black
146,5,310.24361101690977,730.4425375235735,orange
146,6,421.7822891156967,724.6108656026308,yellow
147,1,577.0661797278673,222.70731662017087,red
147,2,414.6205676685361,1447.1046994852527,blue
147,3,407.6945125185457,648.1889105128865,pink
147,4,393.62199731754606,393.81190532152993,black
147,5,317.2409684761284,722.787330741169,orange
147,6,399.7241666675916,715.1813335336469,yellow
148,1,575.4670569737602,217.35842633258923,red
148,2,415.1643864716226,1449.1895037207737,blue
148,3,370.3778172197591,624.4444623653227,pink
148,4,392.1739083761175,394.587777098838,black
148,5,316.0547404573947,717.4234754177986,orange
148,6,386.6799750781912,714.0831567748492,yellow
149,1,579.3407128332251,214.60200343590512,red
149,2,406.97560626576256,1456.3097099104834,blue
149,3,350.9433475852012,609.0858520951439,pink
149,4,370.631395554478,382.8812267069577,black
149,5,310.8995401771484,707.0349121386758,orange
149,6,349.7467010024074,690.2636341988035,yellow
150,1,582.6873874320396,210.26919366739128,red
150,2,403.8469273640832,1456.598590488646,blue
150,3,340.304789815924,601.0275251957096,pink
150,4,362.44870984441474,379.1801320698629,black
150,5,300.53718497855607,694.4824741165916,orange
150,6,316.6563191877842,667.2029569973193,yellow
151,1,605.9599497895531,235.59570930958867,red
151,2,400.3242934607189,1460.181057584005,blue
151,3,320.5850317959436,585.3716530410375,pink
151,4,371.4365447986766,393.1186877634552,black
151,5,281.82097377538565,674.309302444546,orange
151,6,312.879563415266,670.0929183346841,yellow
152,1,617.7756085895271,250.81651532747344,red
152,2,396.5399447612257,1460.7297576699236,blue
152,3,268.07886028184134,545.5915094954963,pink
152,4,387.5750192370821,412.6117557118557,black
152,5,233.9531794334628,633.6016843483434,orange
152,6,299.83341603392245,660.7459839948227,yellow
153,6,281.2242021805938,661.0704722604773,yellow
153,5,209.56490389654573,611.8675398541907,orange
153,1,643.4422773543398,275.64618212082473,red
153,2,388.9642078290866,1461.4574075952255,blue
153,3,215.9065916287495,521.0247718581013,pink
153,4,410.40237615636687,435.7413020422448,black
154,6,280.1866270879364,662.8885404586945,yellow
154,5,216.35272183972685,618.2068138404371,orange
154,1,653.981276176637,282.48422691997484,red
154,2,381.9489818983472,1461.3393853704042,blue
154,3,197.07978143614724,519.4205959159117,pink
154,4,421.0800757351039,445.7116559900523,black
155,6,279.14937710863234,664.7060389841663,yellow
155,5,213.93491153835572,616.3892234169134,orange
155,1,658.0250415695022,293.1153226556829,red
155,2,371.0021210359914,1462.8452503554186,blue
155,3,199.86241907217268,531.0091004384514,pink
155,4,425.43242198786857,448.9356738963526,black
156,6,278.11245208990084,666.5229681046045,yellow
156,5,211.5094448716399,614.5658773158978,orange
156,1,656.2321546335805,291.5218543054303,red
156,2,365.275208594139,1463.6121388237168,blue
156,3,209.12279669827493,543.0626581209256,pink
156,4,427.1515638736229,450.08005137494575,black
157,6,277.0758518790547,668.339328087549,yellow
157,5,209.07628541433183,612.7367481546879,orange
157,1,663.7796464719003,295.30273626849925,red
157,2,361.1456148140987,1464.7295691020165,blue
157,3,229.74904911641784,561.6054807035187,pink
157,4,429.0708875061018,452.51723656388106,black
158,6,276.0395763235029,670.1551192003758,yellow
158,5,201.23995235770488,608.0880324944552,orange
158,1,668.9274994442372,298.73228962040054,red
158,2,359.7162692753818,1465.0211005933754,blue
158,3,236.56266541940877,568.2937414369887,pink
158,4,431.86647976011005,457.0217985079623,black
159,6,245.99279470507255,654.9016615914744,yellow
159,5,205.65557199416705,600.2204951420783,orange
159,1,665.9307241456507,288.5917861199491,red
159,2,359.3307568443003,1464.9979040639982,blue
159,3,234.47986792245823,566.8029443956254,pink
159,4,422.857271493233,454.0962563281651,black
160,6,243.6072362232445,659.1062978837415,yellow
160,5,205.65557199416705,600.2204951420783,orange
160,1,666.3800139088762,285.3618668841371,red
160,2,359.7031379765784,1464.236494122698,blue
160,3,220.36161076797129,554.5837790385904,pink
160,4,427.11289872864455,461.3685649030977,black
161,5,182.2408705212598,584.9972287743087,orange
161,1,690.37011555542,312.2409670170004,red
161,2,362.6333452810251,1464.421253297591,blue
161,3,207.63091896685188,543.7988566299977,pink
161,4,444.4738343179724,474.9496009882831,black
161,6,208.02860832720933,641.5609726022027,yellow
162,1,705.9687805742057,331.2699128933673,red
162,2,364.18729117400005,1463.7626475301863,blue
162,3,189.6381662570065,532.1944596085876,pink
162,4,446.1462899515764,471.2428859607316,black
162,5,183.64924820190188,589.4184215006783,orange
162,6,226.96308730063495,655.370413726484,yellow
163,1,716.0495045141425,338.5124131926811,red
163,2,370.8632821595896,1463.3070334060594,blue
163,3,163.18441274560672,512.8179257744531,pink
163,4,468.7705145623185,483.8966773506523,black
163,5,166.6899997784491,576.776519180749,orange
163,6,238.6763438763549,670.7424030119007,yellow
164,1,720.5745913153954,341.162541620931,red
164,2,373.8053890141533,1462.45934192604,blue
164,3,150.33293527246138,502.2381071034501,pink
164,4,493.9505087459595,505.6875490230559,black
164,5,151.44972644488723,568.5562434252399,orange
164,6,236.9793501744924,672.6940844201034,yellow
165,1,721.1577830773142,347.13171390365164,red
165,2,375.2515895237119,1459.2613018189138,blue
165,3,142.1648030417898,493.01582348402536,pink
165,4,513.6124543062839,516.8641642025515,black
165,5,146.19660859528943,572.1842736081031,orange
165,6,181.9368460370196,638.1875322542444,yellow
166,1,719.666129606364,347.5537640482115,red
166,2,383.4906269939295,1459.72396600312,blue
166,3,123.9945371470193,476.60936433054127,pink
166,4,529.4606771248165,516.442106239717,black
166,5,142.4294005549972,569.0725669072177,orange
166,6,197.51041305564527,655.6834073327851,yellow
167,1,725.9068945518117,361.0736508907863,red
167,2,388.6165128166003,1458.907315387343,blue
167,3,121.0519063178774,474.9894015840396,pink
167,4,533.8056433539131,510.1519495774368,black
167,5,140.07414753732664,568.0448278397502,orange
167,6,205.60672086513907,667.8785139025682,yellow
168,1,742.8345008638937,387.87595519416215,red
168,2,390.5291531436238,1458.5571742659145,blue
168,3,121.6083564995834,473.09889451970855,pink
168,4,539.0253950305508,507.0576568745139,black
168,5,144.71832800744198,571.0150346229568,orange
168,6,204.70450273554184,671.6254853171162,yellow
169,1,748.8551168524948,401.0385630687908,red
169,2,393.6138318861572,1456.785173312964,blue
169,3,123.8798832980514,469.8298643830648,pink
169,4,576.8927490892332,531.2278992637088,black
169,5,139.12902190160986,573.6075206644449,orange
169,6,200.86515695739996,668.9180425055252,yellow
170,1,751.3913581877522,408.4580973639446,red
170,2,395.1492704082147,1455.482240226128,blue
170,3,120.93990900314236,466.421483004265,pink
170,4,587.3963486974756,533.7806734792445,black
170,5,139.8566796330682,578.9729385633317,orange
170,6,200.29178699579975,671.9122146141505,yellow
171,1,750.995226142835,418.1610260637093,red
171,2,398.4971112808756,1452.738600853353,blue
171,3,119.42201801957728,453.9575139152764,pink
171,4,597.2132577669444,528.0984566471799,black
171,5,140.79872652765633,580.7045073867978,orange
171,6,193.81049432974277,673.4940236865036,yellow
172,1,753.884584339617,431.83221782844527,red
172,2,401.2485373802874,1449.1739051548138,blue
172,3,112.17089505060862,442.2201111314609,pink
172,4,609.0731243953936,530.3393976466226,black
172,5,146.70641235966556,583.9170531729205,orange
172,6,190.1289561192712,676.5898090666491,yellow
173,1,747.9049540926553,434.4433761814067,red
173,2,407.8302999989669,1441.1620909598423,blue
173,3,105.2851564286757,422.651096664673,pink
173,4,615.9348756798862,526.3726999369964,black
173,5,157.14373420964347,588.2032050614721,orange
173,6,176.2596082175208,681.0241417559171,yellow
174,1,742.7574674922078,434.3190880002984,red
174,2,412.2752836492424,1437.2671153116523,blue
174,3,101.57315484113782,411.0825303758127,pink
174,4,617.6728412319817,525.499455379022,black
174,5,167.7226787131432,595.4929441771857,orange
174,6,173.9890932154425,685.9737878973134,yellow
175,1,737.1923124735308,434.48606285959465,red
175,2,415.7425889897152,1430.4767490235663,blue
175,3,99.4348182477106,398.5393938982464,pink
175,4,615.6047329526875,526.9297436562915,black
175,5,180.3933984596792,605.4064360295416,orange
175,6,169.26873738058586,694.910815983686,yellow
176,1,761.3833977856355,477.89739443561126,red
176,2,420.6022619576383,1426.760518579563,blue
176,3,80.96615667237565,374.9004782824943,pink
176,4,615.6926100111559,533.0760838028218,black
176,5,188.11710380359128,609.8625293934617,orange
176,6,167.05743965043288,701.9400614330863,yellow
177,1,768.8497716969681,512.75280417805,red
177,2,432.6982291649703,1417.929307833843,blue
177,3,88.1057165360451,372.7109076213404,pink
177,4,625.9285236613545,549.6557098344226,black
177,5,192.43593789331808,616.8502617532039,orange
177,6,163.87152596959115,709.0561374792982,yellow
178,1,769.936048801167,525.6401581028804,red
178,2,440.2885515554559,1414.1221976705317,blue
178,3,86.30112444259322,363.0985832033582,pink
178,4,628.7904124481781,560.5275765936614,black
178,5,193.8552444423412,620.1246959856805,orange
178,6,161.71560733011893,713.6131494300228,yellow
179,1,764.0075988900415,530.9896400983107,red
179,2,463.65793501226665,1401.8247273151612,blue
179,3,104.51388948395396,368.7612603030562,pink
179,4,627.8678581979599,574.6376808189194,black
179,5,199.0892690310231,621.2387518125757,orange
179,6,172.49956272424333,727.5949618105958,yellow
180,1,763.5060277449641,535.8228952780162,red
180,2,475.37593641045504,1394.61627526357,blue
180,3,101.52210016363344,361.0189439578429,pink
180,4,623.4615280386786,582.763862020946,black
180,5,204.22001938011124,623.9618125815206,orange
180,6,166.1160011495226,727.1084687023315,yellow
181,1,764.6466292687046,542.664382050558,red
181,2,489.49511101011706,1384.7989890323777,blue
181,3,101.52744502766072,356.72441571969665,pink
181,4,617.7674986046566,595.6132624563303,black
181,5,208.48328833772317,628.8890197460947,orange
181,6,171.04875243379027,737.6285834990175,yellow
182,1,765.0461222073673,549.603405845226,red
182,2,497.2880873789306,1376.9498485659533,blue
182,3,99.52420586008216,326.7552082437651,pink
182,4,610.4918584006568,606.838241562837,black
182,5,210.5493306839318,632.5329640456646,orange
182,6,188.3115308725733,758.1150533839914,yellow
183,1,768.1790401856789,560.6628557242713,red
183,2,528.3388777482527,1377.3646798466225,blue
183,3,103.52885304654336,311.052896537226,pink
183,4,618.0008577244168,633.6975149829506,black
183,5,208.13535858760784,633.7156047211485,orange
183,6,195.77072459465,778.6688546806732,yellow
184,1,771.0568659009485,570.905256485652,red
184,2,523.2585078396701,1370.9559604281762,blue
184,3,101.7540845898179,300.8740674515474,pink
184,4,622.9566730634452,648.447638881949,black
184,5,209.3690500876546,635.7225714110427,orange
184,6,191.5187798751,786.3083254225719,yellow
185,1,768.6816986545714,575.2268259219964,red
185,2,548.9872830575451,1374.9925696171165,blue
185,3,113.03121952019836,294.4047715430542,pink
185,4,627.2277670331503,664.7669808294492,black
185,5,207.3295409629471,635.3294035256201,orange
185,6,188.54105043728293,798.5842793580306,yellow
186,1,767.0491827061217,576.0369805932412,red
186,2,561.3512599455554,1373.3841533441148,blue
186,3,119.10140129931176,288.7617636024344,pink
186,4,628.0192295274156,675.1836035465817,black
186,5,208.62741413418632,636.6746619584018,orange
186,6,179.6964236757325,801.3629539435952,yellow
187,1,765.0745290396245,581.1575769423703,red
187,2,568.4746266367468,1372.4041721231283,blue
187,3,128.58377230203547,280.9215256158473,pink
187,4,621.23482191591,690.3121185901941,black
187,5,213.42437503043192,637.4346191756254,orange
187,6,212.4278446783112,834.4974769707699,yellow
188,1,765.3212573209131,587.1833179930262,red
188,2,570.0875461063563,1369.7306586484108,blue
188,3,140.7030501856108,279.99301612773985,pink
188,4,615.5376321524849,697.2981518140339,black
188,5,215.50633403920267,637.1842525830525,orange
188,6,233.8395388918415,855.7411161003956,yellow
189,1,780.5553318855949,616.9912057239685,red
189,2,567.3763987274083,1364.2736506086069,blue
189,3,155.52473792701483,264.5922916582697,pink
189,4,607.2469356417338,702.9259829716887,black
189,5,216.50950271563963,636.4910320459996,orange
189,6,242.9870459167955,877.3472765335805,yellow
190,1,786.3579288291028,630.0028158571115,red
190,2,557.1984261223787,1359.1191031091896,blue
190,3,162.11557283708973,257.20217051456416,pink
190,4,604.7946129089013,708.5964211982559,black
190,5,217.0848127345948,635.6517665721948,orange
190,6,243.85184766846425,887.3381770196465,yellow
191,1,787.7101010649998,638.6503869457929,red
191,2,555.364242827444,1358.7770119412894,blue
191,3,178.99399316071398,255.96333831306052,pink
191,4,591.8771533602838,710.2232957787523,black
191,5,219.42221041031476,634.0384990195637,orange
191,6,258.96238928504204,910.1105450606228,yellow
192,1,786.8189242516783,643.6676198206641,red
192,2,554.351805136607,1362.8100636809952,blue
192,3,191.10748113570503,255.2284871758283,pink
192,4,578.2561855166235,712.902262131581,black
192,5,224.2370184935368,631.9980465961195,orange
192,6,273.3536228117481,927.3756916074994,yellow
193,1,787.3315449369386,643.6971824764538,red
193,2,552.7594390886796,1362.1520765087837,blue
193,3,200.93160704769176,248.80058983296937,pink
193,4,565.8709215000416,718.7068097431517,black
193,5,231.75935673940077,634.0951518361462,orange
193,6,287.24062579667685,954.7341511986698,yellow
194,1,786.6476836343477,641.8291079912877,red
194,2,534.6431048125489,1355.4106130135397,blue
194,3,204.26801994802528,240.1181550670677,pink
194,4,554.4589172320362,719.7849003348443,black
194,5,233.7586985266526,633.589392346274,orange
194,6,301.0642953348572,972.8323013314596,yellow
195,1,789.9554464948964,643.4508896410543,red
195,2,520.1075770272017,1351.2215909591555,blue
195,3,208.6005560951624,227.50198171225108,pink
195,4,544.4601829978793,727.6843941585037,black
195,5,230.9060839495521,634.3553329654453,orange
195,6,312.0858651518798,991.780046490189,yellow
196,1,794.6505582282363,649.2421371695608,red
196,2,543.0315986569498,1356.4976310179416,blue
196,3,209.33572235973608,213.9845179234948,pink
196,4,531.9385847785016,734.8302880842949,black
196,5,231.51017756886776,636.6762808466625,orange
196,6,315.8207911814449,1000.5666641633886,yellow
197,1,795.9752812312013,654.6465920260753,red
197,2,553.9295135122551,1359.4212796820725,blue
197,3,223.2118050835726,214.8446535021971,pink
197,4,521.1954703695228,747.4073064609069,black
197,5,229.0159627098956,636.9859377869977,orange
197,6,323.1245579645682,1016.8441843568612,yellow
198,1,795.7542770831827,657.3588454830674,red
198,2,558.4434308229006,1361.5927715660473,blue
198,3,238.07512945678985,218.19055637413143,pink
198,4,515.8765414538086,756.334409935446,black
198,5,226.9766853221788,636.3033201307603,orange
198,6,325.0519306764767,1025.4143845707138,yellow
199,1,802.0570358042545,667.1660946909968,red
199,2,565.0076225453761,1360.4509487572486,blue
199,3,243.26772212466625,209.36803142572336,pink
199,4,512.519723199921,767.5274090989534,black
199,5,229.625667809464,635.0133700716553,orange
199,6,351.62282197514094,1056.259426215012,yellow
200,1,805.401299986729,671.5043171120249,red
200,2,567.8497096970545,1361.0785292865232,blue
200,3,245.56089646045777,205.16936833680128,pink
200,4,509.2677024964213,771.4149665385742,black
200,5,229.46662144055847,636.5456003351111,orange
200,6,371.9115375861962,1075.149302646478,yellow
201,1,807.7800708588396,676.4242804123769,red
201,2,567.5804417411778,1360.9733284783051,blue
201,3,252.55004626804984,205.81570784173857,pink
201,4,502.6927502428152,771.1853507033236,black
201,5,229.7133148418945,636.6447474082215,orange
201,6,385.1897713227696,1095.965251627947,yellow
202,1,807.6178061893282,679.5079108601577,red
202,2,566.2942448351381,1360.614432174817,blue
202,3,265.2896999232359,214.2911753849993,pink
202,4,493.9407773237786,768.768379460063,black
202,5,227.7941449253657,637.3613181180806,orange
202,6,389.8713660443742,1108.2249828155482,yellow
203,1,806.6709748098579,684.4900212823242,red
203,2,562.9246706261468,1358.802014454284,blue
203,3,287.6527659680461,233.61523023266477,pink
203,4,479.0384700508631,763.2751145843372,black
203,5,227.6894560546288,636.6523599728893,orange
203,6,392.6553120316047,1130.311682914604,yellow
204,1,805.6628745955699,687.1192183922731,red
204,2,562.7587662715636,1356.384593095992,blue
204,3,299.26404077637,243.68973772350355,pink
204,4,474.9032658322371,764.5850130169224,black
204,5,227.9843144710564,638.0971887861457,orange
204,6,405.6278327190876,1141.9391619846494,yellow
205,1,803.7772495832354,692.9752943573369,red
205,2,551.2109884532903,1347.882353758427,blue
205,3,307.9812711247754,248.8808529454482,pink
205,4,448.3915474077032,748.9162784947791,black
205,5,226.026977045218,637.0892668370581,orange
205,6,386.9493181692948,1145.8597076587978,yellow
206,1,801.618105792255,697.1938511314816,red
206,2,532.0611262765013,1336.5833706694334,blue
206,3,315.8787422097038,254.30746648030345,pink
206,4,435.4552104037375,742.8882795348758,black
206,5,224.247662470159,635.9353659140852,orange
206,6,392.1231020340391,1158.7310655760236,yellow
207,1,797.0939639568611,704.6107970824007,red
207,2,507.5646741103175,1328.2267282843995,blue
207,3,314.88814476287394,250.6698868828758,pink
207,4,424.60879083983406,743.4285823309268,black
207,5,224.57561671816208,636.2522456122061,orange
207,6,400.2382936228451,1168.806715952038,yellow
208,1,793.5971437212585,707.2978466774257,red
208,2,493.25574757331793,1322.6467158527134,blue
208,3,312.1296281469414,249.78982622222176,pink
208,4,419.51580041290026,743.8182641594137,black
208,5,228.982942655248,639.5431952075929,orange
208,6,404.5981131070325,1174.2320153676865,yellow
209,1,791.1226399410713,712.6595112828862,red
209,2,480.8222199037256,1313.4529792134051,blue
209,3,322.30099262665004,268.7937601365562,pink
209,4,410.7818691218896,750.1056150239955,black
209,5,238.23951238724587,642.8623373410646,orange
209,6,448.40899917660056,1201.79535101115,yellow
210,1,790.0187693901332,717.4184629608992,red
210,2,475.3161313169519,1308.918691907279,blue
210,3,313.0737381250131,265.81185515525726,pink
210,4,407.1053124157645,753.7739009896347,black
210,5,240.26009257859027,641.5844243964399,orange
210,6,483.2517289476907,1222.9917851294797,yellow
211,1,787.6921477621119,724.8652884969594,red
211,2,497.2042903687569,1315.1736462128138,blue
211,3,329.76762972817727,287.9218244288913,pink
211,4,402.4121109693894,759.4491115029165,black
211,5,238.2779927967757,640.5003134491562,orange
211,6,506.6333408208543,1237.5761043611474,yellow
212,1,784.9014096354914,727.8593288956276,red
212,2,504.0000224748082,1315.5308044859628,blue
212,3,334.2510443446934,298.7263057979701,pink
212,4,402.1534538764431,763.589739361481,black
212,5,249.99618085886485,649.4081701444378,orange
212,6,508.3074413722171,1253.9701960800992,yellow
213,1,779.5560846525169,730.4934938879672,red
213,2,534.5196849207679,1323.684730108021,blue
213,3,337.6720068453723,310.8500048729233,pink
213,4,398.2127443157048,763.8687824516907,black
213,5,213.92141739147283,621.792891535783,orange
213,6,510.3407003566595,1254.3840270631606,yellow
214,1,775.7838015437978,734.1703777501035,red
214,2,547.2417016861642,1326.5491942604594,blue
214,3,337.8730370036004,316.9896896121671,pink
214,4,393.41138301123607,763.8002979937157,black
214,5,205.3254695134945,616.6329859132069,orange
214,6,509.8159453660628,1257.781270660898,yellow
215,1,764.826938304926,737.4166849229596,red
215,2,553.8580708427427,1326.8859875680062,blue
215,3,332.91934432784376,321.9181881279088,pink
215,4,386.0904359759122,765.2210735968905,black
215,5,217.2848721113746,626.7709884775885,orange
215,6,512.4466544530392,1267.7333754764802,yellow
216,1,740.9694244729031,726.1339724114167,red
216,2,551.980873580648,1323.1907078094032,blue
216,3,333.62860742477363,327.3303471532573,pink
216,4,374.0858946457103,763.2078528426249,black
216,5,219.91260428084635,628.4641028844557,orange
216,6,511.1363336248396,1268.0250394686236,yellow
217,1,723.7612803500456,721.5235202234405,red
217,2,520.7904297487682,1307.929937069568,blue
217,3,326.1621570554519,328.296010826657,pink
217,4,359.40969473015963,763.1985099194544,black
217,5,220.5289809439632,632.437722232352,orange
217,6,521.2110496231351,1270.6277725388886,yellow
218,1,713.8479630795481,724.227541568973,red
218,2,511.8396380418816,1301.924424854367,blue
218,3,328.88036659158126,338.56375414510745,pink
218,4,351.0492169331547,764.170491564868,black
218,5,227.7205378061912,637.67040182946,orange
218,6,526.2200263647767,1271.3318665211702,yellow
219,1,703.759537579292,740.6321369434263,red
219,2,513.3007569772783,1297.5270079317097,blue
219,3,329.59783065391304,351.3082237968733,pink
219,4,342.1596739211532,764.0619554082791,black
219,5,232.6915093664827,643.4736496703522,orange
219,6,528.6735436522837,1270.0172854951966,yellow
220,1,696.7647969758495,744.9897450646704,red
220,2,518.2455631316318,1296.3190651715192,blue
220,3,327.2245732893557,357.6784824023793,pink
220,4,339.37534457474806,765.4940977924474,black
220,5,232.2365849853076,644.6322942032167,orange
220,6,532.518121346555,1270.9060847588246,yellow
221,1,674.9545741762511,745.6475298654972,red
221,2,541.4415062573864,1305.0487473598826,blue
221,3,329.13199222806566,374.4867565872679,pink
221,4,334.7957356962683,768.4000899205738,black
221,5,240.100242105074,648.8954978115084,orange
221,6,526.989599418305,1279.5961244854334,yellow
222,1,664.6912776104436,749.2753852673962,red
222,2,554.1466409875487,1307.6237625980912,blue
222,3,329.73290453094535,386.37434485597686,pink
222,4,334.7625615677137,771.6796641013833,black
222,5,248.0170733897344,652.028283648674,orange
222,6,532.5245127349644,1279.1017924688751,yellow
223,1,651.9505327370423,764.1794762233739,red
223,2,565.4863474542403,1299.9860572999644,blue
223,3,330.66318875374816,400.3972219484383,pink
223,4,330.52051709030724,771.6530692910758,black
223,5,250.16605900878216,651.8829336092109,orange
223,6,530.2837031046736,1283.1369708861664,yellow
224,1,641.9222138738228,780.3644763581977,red
224,2,576.0873398960686,1299.5992560773202,blue
224,3,329.7148434978595,407.5253187581551,pink
224,4,320.8579096563917,768.3463228811842,black
224,5,250.91655205240292,651.7728985415887,orange
224,6,519.0158722176884,1282.7876946603087,yellow
225,1,630.2919085050862,792.2064555219049,red
225,2,581.690653059744,1296.419902668935,blue
225,3,331.2696403394739,423.2041328037747,pink
225,4,321.2022382078597,771.6168793600907,black
225,5,252.4798774327258,651.9595139122407,orange
225,6,539.2789163019914,1294.5584920730023,yellow
226,1,620.3702890433129,798.5236861026724,red
226,2,583.5991201703154,1291.0347969911306,blue
226,3,330.2251795018685,431.3416153729341,pink
226,4,316.54009871235456,772.5214617805656,black
226,5,249.85289765666397,649.660678188747,orange
226,6,548.3045027888226,1300.1554048813769,yellow
227,1,585.177638413706,795.173131707207,red
227,2,592.8051618507558,1281.5848256356185,blue
227,3,329.2951330025082,443.2857882208166,pink
227,4,313.31035806678693,778.0966087667422,black
227,5,246.2409140748326,645.4096534551004,orange
227,6,548.1652185323588,1296.891259400608,yellow
228,1,568.4346187050414,797.4436478115451,red
228,2,600.5069706127804,1273.19191212777,blue
228,3,325.38257933050426,448.20415011016274,pink
228,4,313.5463296556797,782.3013545772548,black
228,5,242.7828526163406,642.2301170928611,orange
228,6,555.8398958360494,1297.769608591628,yellow
229,1,556.1661663536182,810.4010668881784,red
229,2,611.7388075303006,1258.6536554550223,blue
229,3,317.97942732494295,460.22732185553343,pink
229,4,311.9328910374998,785.0853383505936,black
229,5,245.01312404207013,637.2385930563003,orange
229,6,555.4962108608378,1294.4267608117734,yellow
230,1,547.1359029455011,826.6147895742307,red
230,2,619.5194276798863,1249.439186159249,blue
230,3,316.8376890144501,472.2981154835675,pink
230,4,314.897841071022,789.0030813726818,black
230,5,240.4954616655799,629.1450537520525,orange
230,6,558.2015714527167,1292.430882662489,yellow
231,1,534.8484533991037,839.934016685931,red
231,2,622.7409844050636,1243.2386652502487,blue
231,3,316.96325288398066,488.7395773121304,pink
231,4,313.12183593197096,788.9624910544093,black
231,5,206.1416584389505,599.1672718849283,orange
231,6,561.4158930105317,1289.9817039299958,yellow
232,5,227.9289062591273,615.8788485982246,orange
232,1,528.0667528365984,847.3146923981279,red
232,2,624.6340942404754,1235.5425634395683,blue
232,3,316.1905447928519,501.5936034185623,pink
232,4,312.65029476963423,788.8880516482506,black
232,6,568.4701271590818,1289.9980630278926,yellow
233,1,514.1600548823618,857.8206503813404,red
233,2,629.7645379263693,1221.3690840384525,blue
233,3,315.862929361482,511.44366165162654,pink
233,4,314.4003967705044,790.0083503369472,black
233,5,225.0319897242034,611.2011743037887,orange
233,6,574.0321918611727,1289.2480187863043,yellow
234,1,502.94787803490914,865.5697207500701,red
234,2,630.68467105784,1209.2507906269786,blue
234,3,316.12947203416724,516.6512979900726,pink
234,4,313.88055968035553,792.6745400432179,black
234,5,235.54475179392568,618.621490163117,orange
234,6,577.1523502725771,1289.1596309851186,yellow
235,1,482.2144314708255,862.3864380627318,red
235,2,625.0693404537058,1192.8283526149835,blue
235,3,316.1920458400864,528.8902021214511,pink
235,4,310.5949450604382,794.6504245733556,black
235,5,244.55366922888285,626.0502919956073,orange
235,6,578.0836794838808,1289.2281356013996,yellow
236,1,471.3855183121325,866.5070290097248,red
236,2,624.1674353553989,1179.9309306947375,blue
236,3,326.77192531560434,550.5395871214656,pink
236,4,304.40253477570644,793.175549568332,black
236,5,250.17765550337683,629.8789789026814,orange
236,6,578.3812133348304,1289.0370244064916,yellow
