1,1,982.1856738707044,508.8596179618689,red
1,2,504.1336770379101,179.03496758987475,blue
1,3,531.575197573796,1455.4917596174344,pink
1,4,847.7865193029361,555.9472885432839,black
1,5,464.4147786683558,261.2916618059204,orange
1,6,574.248968105905,1149.3404085994216,yellow
2,1,982.1856738707044,508.8596179618689,red
2,2,504.1336770379101,179.03496758987475,blue
2,3,531.575197573796,1455.4917596174344,pink
2,4,847.9403332289651,555.6967648957824,black
2,5,464.4096701059227,261.3006723198533,orange
2,6,574.2489681059054,1149.3404085994212,yellow
3,1,983.5243141302436,509.7476803829599,red
3,2,507.2123466052661,189.61159758736156,blue
3,3,529.101700262401,1457.225206553126,pink
3,4,846.8346637855689,554.1314824198008,black
3,5,466.7558764276084,266.6953327520316,orange
3,6,574.0037455712941,1149.7345694711955,yellow
4,1,983.59193582509,507.6998070152031,red
4,2,516.9503715734506,219.9501465396695,blue
4,3,528.1469272641672,1462.3397632806411,pink
4,4,846.7950583987907,553.2325086649905,black
4,5,458.5872585893836,262.5349671602983,orange
4,6,571.3427706316114,1148.5030324378877,yellow
5,1,982.580779791122,505.77326557223626,red
5,2,517.599148857588,230.90540504818145,blue
5,3,525.9744890306065,1464.933644082147,pink
5,4,847.8613986036003,554.3836599442598,black
5,5,460.315124004902,265.2750489890252,orange
5,6,567.1666077694555,1145.3522035182723,yellow
6,1,982.4750117627586,504.7574214161935,red
6,2,518.7313993997118,240.22942018655823,blue
6,3,521.8380825983679,1467.000703714781,pink
6,4,848.7869439681194,554.0296207951233,black
6,5,463.3702736154265,276.0639635757453,orange
6,6,557.3070134200518,1139.3236786933762,yellow
7,1,982.6994660616404,504.0579959496727,red
7,2,516.5096551891719,238.74159550852963,blue
7,3,519.7087749055966,1468.8248097178628,pink
7,4,849.3249548392969,553.4415695101243,black
7,5,463.011330609059,279.7337625606142,orange
7,6,549.4131067773873,1133.8933776094625,yellow
8,1,983.057027577975,500.76799378966734,red
8,2,518.8861079367044,242.72992491659025,blue
8,3,514.9696328725057,1469.7734411715182,pink
8,4,850.7547160803431,554.1838179502712,black
8,5,460.9114260547512,281.82586147481305,orange
8,6,530.5919717973343,1120.5693987739585,yellow
9,1,983.0325033215344,494.6728197659481,red
9,2,518.7878097117874,242.7291089039391,blue
9,3,509.7364878876305,1469.8523956546956,pink
9,4,851.3987665457811,554.2847704594981,black
9,5,459.22859681665534,283.89734203600693,orange
9,6,520.4311913060704,1112.9833857045112,yellow
10,1,981.8821565747252,483.8945999918558,red
10,2,522.206221052606,243.9948805548089,blue
10,3,492.82106458197256,1469.6077143249531,pink
10,4,851.1347267950966,552.2223979512903,black
10,5,459.4664885075403,291.32090990367624,orange
10,6,515.1975183788816,1105.0459615485122,yellow
11,1,980.7853485008668,473.24173615676233,red
11,2,522.4319806102401,243.42707822733743,blue
11,3,475.6586915085214,1468.2318997977582,pink
11,4,851.1052624797888,551.2143871075389,black
11,5,458.0733942347821,293.7736941519432,orange
11,6,514.5793543499294,1100.9444381932558,yellow
12,1,979.242260096304,463.1758146155415,red
12,2,521.600081512665,246.9513239105956,blue
12,3,456.71940589287954,1468.8957151010825,pink
12,4,850.3640661784765,549.1519541621958,black
12,5,457.6999510637284,297.0952516267454,orange
12,6,516.6554387378447,1096.3743422759317,yellow
13,1,979.8211125834008,460.2992951780306,red
13,2,525.5501286489289,253.41170052295487,blue
13,3,446.470269117539,1470.4069482243915,pink
13,4,849.0949230584553,547.0722946172509,black
13,5,460.617508033713,303.45670613025715,orange
13,6,520.8473348453449,1095.2121634043283,yellow
14,1,980.647310429512,458.43648190084826,red
14,2,537.4636233499193,267.7508518696085,blue
14,3,453.57725691671294,1475.4216808610856,pink
14,4,846.9061316148733,543.2761412337029,black
14,5,454.8928583591836,302.0365254812721,orange
14,6,513.8255614892221,1087.2668996330626,yellow
15,1,980.8868700371704,458.0501905751884,red
15,2,543.6949277189565,277.0009588858103,blue
15,3,443.04375733084834,1475.5729221969202,pink
15,4,841.093547111835,535.4427111816317,black
15,5,456.1613955865543,308.29632459992604,orange
15,6,502.9747920986305,1076.8782260346252,yellow
16,1,980.3572110912718,459.0811637170836,red
16,2,546.9265182481399,283.2262913883193,blue
16,3,431.4734753526392,1477.2895753696955,pink
16,4,834.6669466625975,527.4899226218274,black
16,5,461.0793815723405,315.9820411420034,orange
16,6,487.159377647131,1065.063913701171,yellow
17,1,978.9786579037498,458.914129596143,red
17,2,546.6054491035393,282.6365833611494,blue
17,3,419.8902527046191,1479.0197892095348,pink
17,4,830.6434570412853,522.7308274918968,black
17,5,464.5965208514736,323.5550547742972,orange
17,6,478.9901585570278,1058.98735877441,yellow
18,1,977.8453184825456,462.6894087616132,red
18,2,547.571563730724,275.2010119527075,blue
18,3,405.7623990694433,1482.3661425646285,pink
18,4,818.6609051432583,507.8438504450267,black
18,5,469.2939377811554,340.76899041104826,orange
18,6,464.7528128517762,1048.5446511227085,yellow
19,1,976.6174620124582,462.81086195780665,red
19,2,544.0994537707763,251.48345986001,blue
19,3,388.7654411688923,1482.439781322812,pink
19,4,813.8923126527841,502.6723836980199,black
19,5,463.62896171305744,342.1414742335455,orange
19,6,455.1789020271525,1041.3204534572594,yellow
20,1,974.4830991122776,460.3942207129305,red
20,2,546.1563970730225,223.1789756491293,blue
20,3,375.9333460595524,1481.6777861694318,pink
20,4,812.2527941764987,502.4369921383858,black
20,5,468.1151946078645,358.95158964282666,orange
20,6,449.3134368805886,1035.366659587528,yellow
21,1,974.0435801043824,461.72620494288026,red
21,2,549.081564757648,211.39234545125265,blue
21,3,366.8741657944353,1481.8034671572816,pink
21,4,810.8496365706768,502.4371857066672,black
21,5,470.7467670383796,365.7892469564404,orange
21,6,447.27399549586295,1032.3224723837282,yellow
22,1,966.6270941736678,460.6467024503584,red
22,2,552.5776597688705,195.12258579775624,blue
22,3,354.31612976392216,1480.5432733044786,pink
22,4,811.0111027378507,506.3631589308004,black
22,5,472.1881794417373,367.12195462819153,orange
22,6,452.4992861797015,1029.9931478994465,yellow
23,1,960.4125918120334,457.7740247737646,red
23,2,544.9261624663969,175.75449783275894,blue
23,3,345.62038862974515,1479.8329590246235,pink
23,4,810.3252837727642,507.909015504277,black
23,5,473.2401728626176,366.28796684031215,orange
23,6,453.5099076586808,1026.640338276644,yellow
24,2,553.7656678858746,148.3767921402155,blue
24,1,944.2670429228548,434.8578166680203,red
24,3,332.1275269681548,1479.5449823632466,pink
24,4,808.3773790799133,509.9609187654428,black
24,5,476.5029760198083,360.7579408384018,orange
24,6,452.2028718991775,1020.8903279702564,yellow
25,1,934.121326856276,418.24255187260326,red
25,2,538.8824032549974,109.76368309614524,blue
25,3,322.4724125169528,1477.618083193859,pink
25,4,806.7124597823148,510.918656986229,black
25,5,479.2765036686952,355.7478575696438,orange
25,6,451.4190033474623,1018.1597603154296,yellow
26,1,926.5204010435192,409.7089165997564,red
26,2,582.9543948533685,156.43755339680754,blue
26,3,315.24861780060326,1478.293036685376,pink
26,4,805.2505668753573,511.2260447600215,black
26,5,479.4346741403677,350.1094957267969,orange
26,6,441.427964744672,1003.2357858945036,yellow
27,1,919.2185380644396,402.3656502022732,red
27,2,597.741935775938,171.02835702909425,blue
27,3,309.8018984780728,1478.6379164238126,pink
27,4,803.7108402753371,514.7021177481198,black
27,5,479.6336498803766,347.4099623891942,orange
27,6,433.6525920061388,994.772221941262,yellow
28,1,907.6183516057856,396.4982642616157,red
28,2,611.6183846227091,172.01894331773232,blue
28,3,309.38160862849435,1481.955772534168,pink
28,4,792.1346063647966,507.7266333540239,black
28,5,485.058685689258,336.92122150336564,orange
28,6,416.1527664870088,977.7126920478934,yellow
29,1,904.1616345821224,402.3616794147852,red
29,2,615.2327021114725,168.0472314227462,blue
29,3,306.3149630090356,1483.2711417097746,pink
29,4,785.6184861420169,502.2409485283642,black
29,5,491.3994486433464,325.50434037540725,orange
29,6,409.0954956944692,967.2420006917996,yellow
30,1,895.5298805375645,401.9617945588899,red
30,2,611.5762993687913,148.0923732298019,blue
30,3,305.1477774722086,1484.397403281579,pink
30,4,771.0580621770431,487.9185764192509,black
30,5,496.6854412581337,303.5630739573499,orange
30,6,399.10168909742896,955.1804961214962,yellow
31,1,895.5871079796801,409.4626668787291,red
31,2,609.3806425000404,138.7657018417096,blue
31,3,304.6043848718884,1485.449238009633,pink
31,4,757.984411387893,474.78101858675416,black
31,5,508.1087293684921,296.305869000466,orange
31,6,392.0783275759462,946.0203309370404,yellow
32,1,892.753801278887,412.773976863778,red
32,2,604.1201714356686,135.19974741345732,blue
32,3,300.2710508216881,1487.8696634261248,pink
32,4,736.616334708355,455.6576941717792,black
32,5,520.595913545634,298.50423158053985,orange
32,6,395.7681407595767,943.7955603673302,yellow
33,1,891.0289503714613,415.599995484412,red
33,2,601.2697511059829,132.65593622013938,blue
33,3,298.5197193252749,1489.4283065407678,pink
33,4,727.81601612721,449.7960961641207,black
33,5,514.9396346334662,283.1848078434868,orange
33,6,394.9938115819789,940.1531473445208,yellow
34,1,880.9835557370134,413.8315681892403,red
34,2,600.8836911723027,135.5566701827347,blue
34,3,284.11841211293,1489.4883860654916,pink
34,4,719.265699425686,446.1708964050617,black
34,5,511.3641900267269,269.3391942116462,orange
34,6,399.8483343815209,936.4571313586276,yellow
35,1,865.0624689640838,405.1065113202951,red
35,2,597.4442317122159,134.71002606730525,blue
35,3,277.6755368102268,1491.476702092232,pink
35,4,716.3505956877951,448.9779242639032,black
35,5,501.93553377534784,251.92894301980465,orange
35,6,401.4637203994761,930.6054452602992,yellow
36,1,838.8824678910557,384.3405035135106,red
36,2,593.6233495750629,131.05444146876428,blue
36,3,257.11860885157915,1490.228248482126,pink
36,4,712.2458796176345,453.89760356617177,black
36,5,483.3620935448812,222.8004261031538,orange
36,6,402.9669267194772,927.4742833126694,yellow
37,1,823.8391253539677,380.2976717398216,red
37,2,581.5705012476246,119.72101127059172,blue
37,3,248.0833846435265,1489.4334441753765,pink
37,4,709.347749698473,456.91815028634375,black
37,5,475.17608502650046,208.90740377204511,orange
37,6,403.36177944029816,926.9313856882376,yellow
38,1,812.6921679857361,380.1227606333162,red
38,2,557.4391310083723,98.4939098897798,blue
38,3,243.5103075591136,1488.8300003168752,pink
38,4,702.682974444151,460.6092531709408,black
38,5,485.86856926437054,222.3654717963157,orange
38,6,390.4665385323399,914.750937790054,yellow
39,1,806.501090306379,382.4325149809215,red
39,2,545.2957069375166,93.0650496041203,blue
39,3,242.03859630429304,1488.5628740361567,pink
39,4,698.0466779522504,460.62390368038496,black
39,5,501.3562105381917,241.18234124138095,orange
39,6,382.2787613532767,906.4786397004352,yellow
40,1,793.1173659432551,385.2110602660905,red
40,2,539.2174627022831,96.93973522364035,blue
40,3,240.35533552821175,1488.1739348225278,pink
40,4,692.9036196485335,461.2056160316975,black
40,5,504.1917508051636,245.6916070432959,orange
40,6,367.1723043606028,885.896126023058,yellow
41,1,772.0088214301516,371.07755421604224,red
41,2,532.7177316661656,100.7963557233461,blue
41,3,240.4190110551694,1487.3285283005532,pink
41,4,682.7330045744478,455.2730626666069,black
41,5,500.6401382784048,245.4334839091325,orange
41,6,355.8669108672493,872.240446807934,yellow
42,2,538.5051809710062,121.1022929560435,blue
42,1,754.2144087192797,363.9429556102234,red
42,3,236.09286438746943,1486.139696810716,pink
42,4,665.8909015835123,446.6144292313919,black
42,5,483.1132148366139,226.32073520544697,orange
42,6,340.3597158971741,854.5378865788886,yellow
43,2,533.2076922645385,121.26451753657209,blue
43,1,741.5610527627928,366.7469913363834,red
43,3,236.37466874867025,1484.4642668880076,pink
43,4,656.530725809977,443.03069901624417,black
43,5,490.6697666360575,239.41567562293992,orange
43,6,333.7390139853762,845.7128346193116,yellow
44,2,527.8880247652877,121.4274212965298,blue
44,1,728.956179369173,374.3790540426442,red
44,3,214.7043068461428,1478.9300872830545,pink
44,4,635.228686012136,427.0075748069164,black
44,5,486.192025217571,241.22856986270835,orange
44,6,324.2046449048043,834.2836275627153,yellow
45,2,523.1665328205436,129.77440393396083,blue
45,1,724.1373652809135,382.2291111564797,red
45,3,204.9667507602461,1476.485016388809,pink
45,4,627.1361471060827,425.08113539829947,black
45,5,483.4300434365894,241.25858206719155,orange
45,6,335.36113152132214,838.0663815617352,yellow
46,2,515.1946374660372,134.59726931369894,blue
46,1,703.2944813074107,377.92899701412415,red
46,3,195.11902195597804,1474.372429645338,pink
46,4,610.6475916231673,419.222733956792,black
46,5,488.4613457301307,235.97922090813103,orange
46,6,337.73410851224315,836.6525545196727,yellow
47,2,507.1953848968778,139.43668535768478,blue
47,5,465.9795599324016,230.87352162194333,orange
47,1,680.971187919288,363.3724279215852,red
47,3,188.49991090726635,1473.020204102047,pink
47,4,603.5176969750131,419.29779063610016,black
47,6,339.0791182044349,836.0209466516817,yellow
48,2,492.8516832145128,127.11657391236103,blue
48,5,466.7515359952882,232.5653407132657,orange
48,1,656.6518109707664,354.2917288322638,red
48,3,190.05419194474172,1472.4574149039615,pink
48,4,597.9633771417206,420.8602474505311,black
48,6,336.4995188322134,833.3261671258721,yellow
49,2,506.9531860093908,158.43748880440882,blue
49,5,467.52221273252593,234.25431227596025,orange
49,1,644.5132397988268,348.803494537608,red
49,3,190.88202490626264,1472.2915834711828,pink
49,4,596.8447373619441,425.0342256645256,black
49,6,334.81545708486044,832.0118211115722,yellow
50,2,509.3085613881023,172.63982710877826,blue
50,5,468.2915934217298,235.9404434930659,orange
50,1,633.8859724716375,347.6763821777229,red
50,3,189.8080095784518,1471.9619586616757,pink
50,4,591.3583962272329,429.584011237201,black
50,6,328.5523903419236,831.0692701735685,yellow
51,2,505.7539002898184,172.81886061083176,blue
51,5,469.0596813295036,237.62374152348207,orange
51,1,627.4179134283579,348.5052008380481,red
51,3,189.24361421830548,1472.5937852264838,pink
51,4,585.3211199443577,438.7571895258064,black
51,6,325.2263316550198,830.8320124362207,yellow
52,2,502.1893737440961,172.99839099445938,blue
52,5,469.82647971147946,239.30421350207044,orange
52,1,616.2495210977777,354.12436074658723,red
52,3,189.26727873665584,1472.8555609358166,pink
52,4,576.9838898041228,444.6121675230107,black
52,6,321.1968254966906,829.6472674782779,yellow
53,2,498.6149406236807,173.1784203310705,blue
53,5,470.5919918123683,240.98186653975569,orange
53,1,610.7420536672091,356.99039579748285,red
53,3,187.7933161700338,1472.6817297967475,pink
53,4,571.895212474679,444.3103325632264,black
53,6,319.84360137548634,829.4039944003889,yellow
54,2,477.7066656736142,182.32227025433767,blue
54,5,464.94919118119526,238.80077068226996,orange
54,1,594.970256473918,349.76968731872967,red
54,3,181.61596112628396,1473.113809419352,pink
54,4,555.7701768936365,432.6165158303579,black
54,6,319.2116285226975,829.9181607423071,yellow
55,2,456.5629232325845,191.5690975587765,blue
55,5,459.27257927259967,236.6066058468156,orange
55,1,587.4646240034364,346.1620224695003,red
55,3,179.0977909489648,1474.037128041895,pink
55,4,548.5312672214682,419.27385775457975,black
55,6,319.9368170560536,830.812630968525,yellow
56,2,436.9326816847114,188.14213490140176,blue
56,5,453.5618512810868,234.39925421778372,orange
56,1,568.3423312910955,332.4376134636032,red
56,3,172.4358837148801,1474.8800666229656,pink
56,4,527.2032606824905,394.6584829083878,black
56,6,320.3890567509373,831.3185668484092,yellow
57,2,416.9500927708273,184.6536609649725,blue
57,5,468.356580388083,256.9834968089364,orange
57,1,554.9291573920485,319.99547013746496,red
57,3,170.0765258524651,1475.204807571627,pink
57,4,517.1338408235745,388.9314117839543,black
57,6,320.11323642009614,832.5037872586948,yellow
58,2,395.5023199556112,189.7995683940702,blue
58,5,482.7711716896972,278.9874567634316,orange
58,1,539.890489974551,321.9333739616532,red
58,3,169.00229055084316,1476.0617822227812,pink
58,4,495.84233469528914,375.0135695077881,black
58,6,319.9743816404531,835.4436137483676,yellow
59,2,373.7582673635613,195.01656144673416,blue
59,5,496.8200903209583,300.43321519652994,orange
59,1,531.4528442592522,318.78904118855144,red
59,3,168.69260208432087,1476.3697787630492,pink
59,4,483.3316085707515,380.7958611865877,black
59,6,318.79948379167365,836.4650557355349,yellow
60,2,351.7117530778506,200.30612333392736,blue
60,5,482.7408624453522,299.34566033262126,orange
60,1,530.8586301228606,309.3756481232494,red
60,3,172.90574538169145,1477.2680115415385,pink
60,4,473.9499530281416,387.28231578559394,black
60,6,321.1496180695095,838.6738454884514,yellow
61,2,327.10634365399306,202.66587510592692,blue
61,5,468.4840058086276,298.24438447315583,orange
61,1,524.2019686539043,298.37261629261053,red
61,3,176.6363232070756,1477.1974402116114,pink
61,4,465.2085018378939,392.6148343429501,black
61,6,321.5985622507699,840.4493837395515,yellow
62,2,317.06906174303055,199.4619112318013,blue
62,5,449.1926928589127,296.7542202812696,orange
62,1,514.7195357286805,292.5146466406433,red
62,3,178.13146426775253,1477.1574105174436,pink
62,4,461.2172157529215,396.926787117826,black
62,6,321.108345319543,844.3945706682659,yellow
63,2,306.93567328281114,196.22726953925533,blue
63,5,429.5713124245529,295.2385599115016,orange
63,1,510.60339711933466,292.79153799388354,red
63,3,178.75371928184748,1477.140750766359,pink
63,4,460.1051292282952,401.0202149996096,black
63,6,320.7646842486793,846.392504169492,yellow
64,2,283.15193471433105,217.6096803031313,blue
64,5,422.01666743264144,302.503757876761,orange
64,1,505.0119637796268,293.07925809707314,red
64,3,179.06468808175353,1477.1324251399124,pink
64,4,456.8245880701929,400.9415335628027,black
64,6,318.77609345779024,850.2232021673095,yellow
65,2,265.18796630331354,228.26700420686896,blue
65,5,414.4499463600203,309.7805692423972,orange
65,1,506.87275572312575,300.15417984758665,red
65,3,179.67471122863444,1476.426776974876,pink
65,4,453.5180422177529,400.3917002337818,black
65,6,317.89826314429257,852.1498103020846,yellow
66,2,251.97348834157205,230.09162653715055,blue
66,5,406.8711202281536,317.06902187666986,orange
66,1,509.8945645547067,309.66048979723354,red
66,3,180.76350369828512,1474.7266203845136,pink
66,4,451.0864977464081,397.790956688509,black
66,6,317.8444546469701,852.3826876912931,yellow
67,2,232.66134517235125,242.86890360145344,blue
67,5,400.1292553190242,322.8649772146194,orange
67,1,519.7512484355509,325.7534895868013,red
67,3,183.2759280263817,1473.7044002178686,pink
67,4,447.994126009517,401.0175317536449,black
67,6,318.7179073636595,852.994119162675,yellow
68,2,214.84300168387028,252.74876427583365,blue
68,5,393.374884619085,328.67168373284034,orange
68,1,529.2669656418246,343.42255025780884,red
68,3,187.20063337268988,1469.9378319863215,pink
68,4,445.3923254491416,402.8823620808305,black
68,6,322.70804549552787,846.9998212370335,yellow
69,2,219.5637996663609,289.25155531158015,blue
69,5,386.6079732996963,334.489171373379,orange
69,1,531.764290081542,349.8009676428674,red
69,3,189.9068251309851,1467.98129536619,pink
69,4,445.5023566316767,404.534306574092,black
69,6,322.9274963980381,846.9046954670907,yellow
70,2,210.17091441614764,306.3971202677171,blue
70,5,375.07742051170777,348.74703669747123,orange
70,1,529.9255592827585,349.9595763209141,red
70,3,194.18474895897745,1466.333640739797,pink
70,4,451.15864694758807,405.8439410033342,black
70,6,306.89292934037354,837.0359229424512,yellow
71,2,200.80488900996573,323.4936558587248,blue
71,5,363.541757121152,363.0112214309133,orange
71,1,529.375903658733,349.95497181616497,red
71,3,197.46802278413008,1464.5126240650372,pink
71,4,450.5031296167454,403.989296124046,black
71,6,286.2355983422368,825.1295779861564,yellow
72,2,177.1887205746325,344.31707728578937,blue
72,5,352.0009797295747,377.2817297759961,orange
72,1,526.4292243232081,347.3843418731735,red
72,3,199.0840756813315,1463.1422833034362,pink
72,4,452.4851059659005,404.69307347616666,black
72,6,257.56643126091944,806.5346248618334,yellow
73,2,170.7867272570384,356.025023948115,blue
73,5,340.2721947857177,390.6347158640706,orange
73,1,524.6077307196367,345.40414779327966,red
73,3,200.90122346238172,1462.13732545187,pink
73,4,452.288062405758,407.0322243427372,black
73,6,247.97210510971192,799.6425052475555,yellow
74,2,166.25004414279692,386.56930529304736,blue
74,5,328.5296881757968,404.00332379336055,orange
74,1,525.9426793248556,345.981156869324,red
74,3,199.53386983450483,1460.6002368367626,pink
74,4,454.15191203707593,417.1816842277296,black
74,6,242.75155278361208,788.7934153959056,yellow
75,2,161.2529721944085,417.6368179071031,blue
75,5,316.77343580597136,417.38758099422137,orange
75,1,525.8678222510848,344.9860811541804,red
75,3,200.62755183066128,1460.3932949463297,pink
75,4,452.9011734893768,421.9954020350276,black
75,6,238.28281835336136,777.8401208519631,yellow
76,2,153.3932815676648,431.9571934696241,blue
76,5,305.0034135259583,430.7875149612629,orange
76,1,525.2335688028203,343.35163155623565,red
76,3,200.9547605089544,1460.3523398781972,pink
76,4,445.6917417638879,420.7024682216097,black
76,6,204.38114052624445,746.4206626607139,yellow
77,2,150.66339657487467,451.3827201929336,blue
77,5,293.21959712886894,444.20315325354574,orange
77,1,525.0621465477542,342.6826575893761,red
77,3,201.8177236691149,1460.5241822369546,pink
77,4,441.0407956356888,418.8479487319493,black
77,6,197.2497410706428,734.7697966737813,yellow
78,2,147.95887500507013,470.6277639097086,blue
78,5,295.5315462948408,465.17708537948033,orange
78,1,521.9128214914463,338.2930834790878,red
78,3,208.98338789993463,1461.205443692142,pink
78,4,440.6172960156984,423.4174748879026,black
78,6,196.5396201612414,722.8176841023597,yellow
79,2,145.27936501454147,489.6948282966115,blue
79,5,297.8092082257303,485.8399647573783,orange
79,1,520.7460333515323,336.5876390522433,red
79,3,214.70770384419055,1462.0981864914102,pink
79,4,442.1076736541007,427.4542449505392,black
79,6,195.64306277450967,718.1066141475497,yellow
80,2,161.38328152800048,543.3967248528095,blue
80,5,300.0533400496984,506.19866003075344,orange
80,1,518.0582382186506,332.7891037478713,red
80,3,217.65089785965105,1462.6270888555832,pink
80,4,458.1899896108567,450.3155388784988,black
80,6,197.11990293267309,711.4622346246748,yellow
81,2,162.65966563494328,561.1989335447691,blue
81,5,300.14154754604766,530.0113501045353,orange
81,1,518.8994144059964,330.50869419904035,red
81,3,218.64689159568968,1462.8392279152667,pink
81,4,466.6860219886942,463.5698109923538,black
81,6,199.07199811935757,710.1202587041996,yellow
82,2,165.9680268940305,579.0584688756202,blue
82,5,300.22842020641417,553.4636849156391,orange
82,1,518.20308566688,322.04577212327814,red
82,3,220.94859834605884,1462.5520674850654,pink
82,4,468.5969441772948,482.48869769461567,black
82,6,198.3520933555908,710.1632569387688,yellow
83,2,169.23174977140627,596.6770327124779,blue
83,5,300.3139881031863,576.5637828713968,orange
83,1,517.3682830027512,317.23632017190226,red
83,3,223.2972322704632,1462.76065742803,pink
83,4,463.8665331575905,487.0976926084749,black
83,6,197.15145245517695,712.4602859270655,yellow
84,2,172.4517316445687,614.0594693706498,blue
84,5,301.8351787156332,596.7956551045098,orange
84,1,518.8322502003901,317.49167549866223,red
84,3,222.12674571877983,1463.2333797884774,pink
84,4,461.8045266424804,496.1027820943716,black
84,6,179.9430363737101,706.9001713788946,yellow
85,2,175.62884599749353,631.210494181005,blue
85,5,303.33450412058005,616.7367195447954,orange
85,1,520.2544333551297,318.63867424348024,red
85,3,221.1249525312516,1465.6573501398673,pink
85,4,462.17110696475913,506.43557250033706,black
85,6,161.8145520873615,704.141210236703,yellow
86,2,178.76394321061684,648.1346977544938,blue
86,5,304.81243238152337,636.3932014481582,orange
86,1,519.9858681520103,318.11882893540985,red
86,3,221.4754245681249,1466.7263301949502,pink
86,4,449.0926393546967,510.02501503226506,black
86,6,157.24870048144464,713.1715064848551,yellow
87,2,165.16061172080867,653.6663808601792,blue
87,5,306.2694182969751,655.771149645891,orange
87,1,519.7398455222302,318.21793421441123,red
87,3,221.5217394681381,1467.1337151929476,pink
87,4,446.68298336810176,515.9064635921748,black
87,6,148.32010233490192,713.835484391333,yellow
88,2,151.45227920507958,659.2407617712959,blue
88,5,307.705903867071,674.876442750579,orange
88,1,519.4038777853192,318.8029493044562,red
88,3,223.9219693643936,1466.1793326936745,pink
88,4,464.97895315718665,554.7890515909762,black
88,6,145.25096712530097,717.0885133965338,yellow
89,2,140.33099672589117,660.0360838943518,blue
89,5,309.1223187406208,693.7147951018729,orange
89,1,519.3218804763924,319.1103677847517,red
89,3,223.99581978450396,1465.6718711221256,pink
89,4,467.0178275966963,567.9590504422164,black
89,6,143.2297566331577,720.5026789204682,yellow
90,2,136.41425079347587,667.0489451594457,blue
90,5,314.9745018380438,730.4114909145917,orange
90,1,518.1917220762244,318.7720925923063,red
90,3,222.3090765552924,1466.708337595565,pink
90,4,458.3315096886444,595.4307538316685,black
90,6,150.36040519658232,730.3332861103277,yellow
91,2,130.05962610453528,678.4267833200647,blue
91,5,320.65291456864986,766.0185423696107,orange
91,1,518.7140738957124,319.34542184883054,red
91,3,217.6526252582361,1467.8806963587851,pink
91,4,455.8559836607458,604.0290321173761,black
91,6,132.86679490546072,720.8191015056578,yellow
92,2,116.85837285208744,682.8179838066253,blue
92,5,328.1622684874809,797.1498069382538,orange
92,1,517.9503762579094,318.8626919546052,red
92,3,210.7200907816483,1466.5127202205738,pink
92,4,456.0293704943726,621.8562904674836,black
92,6,119.43796850601196,715.5217805123755,yellow
93,2,112.78352738540634,690.1260641073101,blue
93,5,317.5249524876596,815.4405512994352,orange
93,1,518.5777714394274,319.74746754290186,red
93,3,205.27599683332636,1466.2338904279893,pink
93,4,455.0984833847738,632.1414090313858,black
93,6,102.1344182548436,712.6982412547102,yellow
94,2,108.71382150801278,697.4249267501643,blue
94,5,310.4522417751222,827.6019972493144,orange
94,1,518.3389465212398,320.8219109101691,red
94,3,196.73310872037337,1466.4259531367554,pink
94,4,446.2650724728481,639.8657762752949,black
94,6,112.85699387672734,733.888061008088,yellow
95,2,104.64924550221406,704.7145891634992,blue
95,5,302.0121807176653,856.4547450152338,orange
95,1,518.8325373025277,322.7583613645273,red
95,3,193.21888104063584,1465.6226023768345,pink
95,4,442.6572665046973,655.1366388533343,black
95,6,101.30145442861172,735.8226481484307,yellow
96,2,106.6519711738462,710.7592492896941,blue
96,5,285.4268951420771,899.0957247132106,orange
96,1,520.1482416106105,326.5365781592469,red
96,3,190.3618423626477,1465.01311167807,pink
96,4,445.6724162733077,675.6630336243434,black
96,6,134.9987442159569,760.8907330399486,yellow
97,2,108.64388403928722,716.7712740233494,blue
97,5,254.91358617720425,894.1787503648173,orange
97,1,523.5758565769851,332.64355695562926,red
97,3,188.09162454282887,1465.3351126029086,pink
97,4,444.771633793143,684.690228759755,black
97,6,146.1871379075312,776.5065121591507,yellow
98,2,110.38310397382833,723.1838078784434,blue
98,5,271.3585995605785,923.225565885478,orange
98,1,519.4214392978502,334.4969634407784,red
98,3,186.191798598716,1466.049615699478,pink
98,4,437.6769740785697,695.2766796416406,black
98,6,135.21914639085531,780.8194850437981,yellow
99,2,112.1128547907926,729.5614289339367,blue
99,5,287.2239718148778,951.24856168937,orange
99,1,519.0145959660423,335.6932051316925,red
99,3,184.28645630980373,1466.8710284701915,pink
99,4,432.896857431305,702.4671919033905,black
99,6,126.25023527563228,782.7451753556664,yellow
100,5,269.8300949831473,980.9374548670984,orange
100,1,517.943606664153,337.55556987218534,red
100,2,124.68116331088092,740.0553167768084,blue
100,3,184.8832240313427,1468.2145266109223,pink
100,4,429.8923189487135,712.9770996390454,black
100,6,136.0698953208619,794.6001429359659,yellow
101,5,258.19734354476793,1005.2766860578424,orange
101,1,522.1940757078906,344.921753560909,red
101,2,109.71343895192288,732.5282741897387,blue
101,3,182.2998028612695,1468.940914715919,pink
101,4,420.11807991951696,719.438569441519,black
101,6,144.9384258091764,802.6240410886651,yellow
102,5,246.6438592660618,1029.4500663976182,orange
102,1,526.9837308812022,351.7073014218498,red
102,2,111.49661838419306,735.9421788641886,blue
102,3,182.67162965990744,1470.252871412158,pink
102,4,412.2903143517004,730.5893647463369,black
102,6,137.11186131290393,807.19459320747,yellow
103,5,235.1688346921801,1053.4592853259717,orange
103,1,525.991176668295,349.26700421531,red
103,2,111.95603201046328,736.8145981051117,blue
103,3,183.71489956943032,1470.8557908002358,pink
103,4,409.42689135770894,740.320409883118,black
103,6,138.99450059950192,812.9540240587536,yellow
104,5,214.4035566491171,1088.8604947988438,orange
104,1,525.1264483197182,346.4337298857729,red
104,2,105.05247940739336,732.3406684876037,blue
104,3,181.96239515916207,1473.046757385922,pink
104,4,404.6166511880635,750.32480757118,black
104,6,133.592456382491,813.2440214716007,yellow
