1,1,996.8473731495749,1022.1221579103955
1,2,570.7305388185861,1370.7438517161618
1,3,593.7685616501145,113.94564551253897
1,4,877.5920803501333,1000.0027647118784
1,5,540.8358156971067,1286.5217185188355
1,6,609.1615950376433,452.6139592778169
2,1,996.1081378215343,1021.3859910155959
2,2,570.7273922082217,1370.74881122265
2,3,593.7685616501145,113.94564551253897
2,4,877.6136892346182,1000.0297984254673
2,5,540.8358156971067,1286.5217185188355
2,6,609.1615950376433,452.6139592778169
3,1,988.8605451202419,1014.7022277103399
3,2,569.5319655842022,1370.3447033236664
3,3,594.508174275927,115.61706299317883
3,4,876.5194682940943,999.6089194921282
3,5,537.5230437820026,1286.5973742574688
3,6,609.4541852036846,454.5782496119227
4,1,988.9539006132399,1016.0137389190457
4,2,567.2258734291531,1368.7311016505748
4,3,592.6995959784127,122.78988656014691
4,4,876.151386763312,1001.64333066108
4,5,533.3130292931617,1286.5091895993494
4,6,606.8920966662984,457.2917608530079
5,1,984.0733286156527,1012.5653868783671
5,2,563.9337814866271,1365.7344571542044
5,3,590.4855526411557,124.92764032424691
5,4,874.7745171471472,1002.2106758145117
5,5,528.2790281171638,1284.9790893699226
5,6,605.314432169535,459.4259221880576
6,1,979.5373129445042,1009.4891469163732
6,2,556.9364523288061,1361.15049591106
6,3,590.3550560722445,130.0214653080592
6,4,874.3108059341655,1004.3941672037541
6,5,524.2662449012548,1283.494688699886
6,6,604.3657407001976,467.3144252275605
7,1,977.9232980317433,1008.8377527605433
7,2,544.464835791456,1356.1583535984958
7,3,588.5236456326088,129.58113076425155
7,4,873.9882409588173,1005.4443570926929
7,5,523.0046116620495,1282.9943040309215
7,6,603.5665906648753,470.9839144600794
8,1,975.5181194151509,1010.1159494460317
8,2,535.3524345054658,1348.8821725648988
8,3,586.8953884369445,130.86752329868358
8,4,872.3211062595498,1006.3441769249597
8,5,521.6699660003623,1282.2225818367208
8,6,603.4515707027848,473.89435407359605
9,1,975.4277178112832,1011.2859053374963
9,2,535.9765434213818,1342.9536003637193
9,3,576.2589052428876,119.50770910595858
9,4,867.0599279171722,1006.4361181443278
9,5,515.8380097092014,1278.771130188193
9,6,602.9491870314891,475.83181648133683
10,2,544.2924731802419,1337.364021928214
10,1,974.4012948532456,1013.4825056142084
10,3,557.8553968154217,104.86843084294864
10,4,860.6802356574412,1005.9295306697469
10,5,501.7266272664789,1272.9255300366683
10,6,599.9940908535176,475.01215951627705
11,2,547.4739960178033,1332.3148067747318
11,1,972.9324354765691,1014.5572182051649
11,3,545.067431636302,96.06211762464811
11,4,855.2332263067839,1004.9292720990898
11,5,491.9797671877114,1268.3147171437422
11,6,594.7856610976287,473.2167832368828
12,2,550.6584606656182,1327.2609228403921
12,1,972.6330421039415,1017.898581656697
12,3,521.1363062164855,76.11372655057781
12,4,849.9703741030871,1002.170889836417
12,5,472.73149296612917,1256.9258186140758
12,6,582.0232053606908,476.3352371877873
13,2,553.8458712058143,1322.202363646686
13,1,970.8168469149156,1018.7895907379196
13,3,520.1095839948305,83.48548210113094
13,4,845.9058922116348,1000.6751835286647
13,5,459.2262164846724,1252.9834319287788
13,6,574.7023050943914,477.82513737174156
14,2,557.0362317280723,1317.1391227031102
14,1,970.4379929627174,1027.9744108815987
14,3,510.4214946959857,89.2023955965561
14,4,839.3738972512967,998.623952564716
14,5,437.6852181214451,1249.5939547511691
14,6,575.4954519097605,484.95694915696845
15,2,560.2295463296482,1312.0711935071415
15,1,969.4803370747653,1032.7513797616075
15,3,505.6186097454084,94.08684398781757
15,4,833.1800428407482,996.0372524796252
15,5,451.370804512778,1252.2600337853476
15,6,578.3616310472238,495.52573268955757
16,2,566.5161619661271,1297.8557411962845
16,1,975.0636800776298,1040.4757834289649
16,3,503.2089726980076,103.7454533262035
16,4,830.8610314310511,995.4357405046856
16,5,459.3229106611216,1250.8528129792535
16,6,573.1842787714846,502.27409849054317
17,2,572.8410628072227,1283.5537174244175
17,1,977.164573849495,1043.2648286040921
17,3,500.9639688114056,107.15955648764648
17,4,829.7494493132081,995.8730196140267
17,5,462.6341831878816,1247.7222318480008
17,6,572.4895784793466,506.7466271858005
18,2,579.2045996538619,1269.1643289517267
18,1,977.8837413153404,1045.8680626688242
18,3,497.62656103466577,107.71713173883336
18,4,828.2723030470534,997.9323090502138
18,5,459.0391590388306,1231.8121158290571
18,6,560.1633303017849,514.8000649903407
19,2,585.6071276058728,1254.686772817609
19,1,977.3749799187128,1046.4506801724986
19,3,489.1423462672016,100.96360445571504
19,4,828.2934904567542,1000.0586493009679
19,5,464.18635153054794,1220.657197719214
19,6,551.3296853549156,518.494366422524
20,2,592.0490061280406,1240.120236191312
20,5,471.50603228354214,1193.2125916236428
20,1,977.4146114512208,1046.3406138434007
20,3,458.6559942362639,70.02080985294515
20,4,827.6202439722929,1002.0964586297024
20,6,545.8045622759939,521.7892758840337
21,2,591.1570630691864,1215.9265841969807
21,5,476.72366309509255,1184.7330916353462
21,1,977.3973706985844,1046.1697491526634
21,3,452.91062954100994,72.77201753695584
21,4,828.6244160774138,1000.975874998948
21,6,541.2993479280025,520.9461328550736
22,2,590.242508804305,1191.119610932451
22,5,481.9492929707492,1176.2405918648794
22,1,976.6620482420318,1045.7665285494352
22,3,436.12662809750094,63.45555514950625
22,4,826.7428953653907,1002.364255763624
22,6,523.040258773559,512.9768711643081
23,1,976.029332320256,1046.094018527076
23,2,600.7529550430626,1184.1764002459772
23,3,431.5455396092175,70.0323569948189
23,4,828.2810305639971,1001.384781550361
23,5,508.61374320561026,1177.836061687887
23,6,500.1773186858733,497.9537099982743
24,1,975.3709745919942,1045.3217349398499
24,2,602.4125709111815,1171.0671757069967
24,3,420.9945517129508,76.88681075750283
24,4,828.9105626157077,1000.9831942427656
24,5,516.370200255979,1164.5063455226937
24,6,496.88928057946634,501.22760367647174
25,1,975.9243045867076,1045.2656055355446
25,2,610.2112184391419,1152.3345053324342
25,3,409.8234106794676,74.00155547268281
25,4,830.2295634319344,999.3025971096134
25,5,519.2900729905806,1155.1158612585261
25,6,494.2753301089386,503.04162101570677
26,1,974.3091401767899,1046.5536296671617
26,2,593.9735795309698,1119.1750161620873
26,3,374.9206805293903,48.04219336152846
26,4,830.9657082083764,996.4483865227617
26,5,526.242749768663,1143.0766722615313
26,6,484.6314926008499,516.8027368392076
27,1,973.699383988344,1046.9930108228177
27,2,590.3217169203575,1104.5419648461093
27,3,360.2039871074701,41.15896328107524
27,4,832.4612752881297,995.405172809493
27,5,526.5556743064006,1132.378327908394
27,6,474.0913788606281,518.6066327074936
28,1,974.6212627512878,1046.8675857063863
28,2,601.3303557065644,1080.9368960999943
28,3,355.147885178819,49.023120173478624
28,4,837.6467305392375,995.5857753776623
28,5,500.8643989045927,1096.133765449866
28,6,466.2020831574145,526.4716810841052
29,1,975.7545049633029,1047.0590808273291
29,2,609.9924079377809,1068.3953988339756
29,3,359.0913198526375,66.81002974612119
29,4,835.0625265861291,993.2107811791398
29,5,491.58116228257916,1070.9305924400999
29,6,461.3592116319834,535.4267082491065
30,1,975.4244165368051,1046.8236938584162
30,2,616.6403554423409,1048.673332063489
30,3,349.2470783268685,74.21342604298947
30,4,829.8533452465902,987.2881475609242
30,5,507.02317304197913,1049.6929121079393
30,6,461.24796983487954,542.9977351743569
31,2,585.8206723356467,1016.4524239961177
31,1,975.4861705410349,1046.4322471032476
31,3,345.7232741887488,80.85862109092683
31,4,828.8869309535472,985.4327789689029
31,5,513.9747840407069,1042.2627547903273
31,6,457.53605304245025,545.6359943120682
32,1,975.5036331932317,1046.257051578715
32,2,565.0413853335073,981.3320108523945
32,3,334.24920282454815,89.17963091035202
32,4,824.881003158276,980.6742714610208
32,5,521.1004328428904,1028.667918654714
32,6,450.8324989342408,551.6168005206155
33,1,975.1733952966864,1046.7139256604303
33,2,581.9485300670323,975.6252280737315
33,3,324.6299824256212,89.0683863217288
33,4,821.9613787305364,977.201988859393
33,5,523.2580050327657,1016.2160651322712
33,6,447.50621535208614,555.6926286900048
34,1,975.3949641707528,1046.3247131215908
34,2,576.4884141384969,950.3677004744296
34,3,319.0936345923683,93.26109153357476
34,4,813.8408855998524,970.8637532397129
34,5,499.3525761595848,969.8313069150456
34,6,442.7606300963203,558.7366367440694
35,1,976.2527290278882,1046.4434699682718
35,2,583.2207360410192,940.3198245967034
35,3,309.5122798782941,88.53960388819594
35,4,806.6143593439296,968.9270994262994
35,5,484.7067589729962,943.0357008322802
35,6,436.40893107813224,556.7756345322357
36,1,977.4711870672492,1045.118826980705
36,2,581.1101550370838,918.761246926472
36,3,284.2011836415943,66.9682782592369
36,4,804.3976989364835,969.6432931890181
36,5,500.39650823499215,931.4919697581284
36,6,433.8243731384746,565.8123307463072
37,1,978.2873823633303,1044.0651029748124
37,2,580.2164260265708,905.6802252959731
37,3,270.6461270016679,56.32191001291397
37,4,804.0952836690169,969.3536180171665
37,5,506.79319365981854,921.1105288555741
37,6,426.26652643548425,573.8390998165005
38,1,977.9891213982116,1043.0892623041505
38,2,563.1923796573172,874.9980441921214
38,3,268.6029612456269,62.03654916245531
38,4,816.2531306268799,978.6798132809665
38,5,513.462614723756,908.1238511907496
38,6,422.84386560893444,580.3615734473552
39,1,977.1120642882964,1042.4536260430284
39,2,559.5847772661632,855.3525522044168
39,3,278.81714933586136,79.50244547007483
39,4,814.104548531854,978.8686365803353
39,5,493.1378876997342,885.4002696521535
39,6,417.4670905312432,580.9454258164537
40,1,974.1917778614056,1040.2170592687894
40,2,556.2966175099018,834.2242111284847
40,3,253.64157695434568,59.63773974129972
40,4,804.9768370087966,973.877960798196
40,5,463.23937629156165,852.5900918654988
40,6,386.70497958342514,558.8839956525097
41,1,973.6154672867245,1038.55121921182
41,2,535.6124983845814,807.982957031539
41,3,252.56776391608514,68.99192216694061
41,4,800.81116679256,970.9098556119052
41,5,437.39171914792934,823.2268343735535
41,6,391.08450756035177,565.8064462936777
42,1,974.0169614701963,1034.0703433758683
42,2,503.75776533012805,761.466829268952
42,3,250.70588877298965,79.28266917178848
42,4,795.9570767199843,970.9280370936685
42,5,446.6860578637703,809.8056222353052
42,6,388.31614529413764,562.008338413982
43,1,972.9149506079707,1029.8576725409382
43,2,468.94487577038876,723.6456986346394
43,3,251.07903530243001,85.90072338095585
43,4,793.3709360422313,972.2673387709089
43,5,443.0636911247709,796.1520810904684
43,6,387.243566284893,560.9932978781675
44,2,498.3238155412029,736.5365453449695
44,1,973.3176952393561,1025.4835271575328
44,3,248.18838935489617,87.10550725639128
44,4,790.993952424939,973.0574321597314
44,5,444.3333302256276,782.3358850151867
44,6,388.2454972907511,560.8515557494026
45,2,490.4562170852641,720.2272157817033
45,1,973.2383042202983,1022.752765917965
45,3,250.99194754695492,95.27597639234061
45,4,789.2817650574901,972.6458651109431
45,5,435.0266645548614,763.2946354312887
45,6,383.49479895209925,560.4537965673306
46,2,482.4295881854467,703.5882201920979
46,1,973.2088058188115,1021.7770066562858
46,3,256.6248106703916,104.8581646894158
46,4,787.6738423434693,972.1323036093899
46,5,433.71723863042945,747.5828687025299
46,6,375.88418093969267,556.4093056273472
47,2,474.23905780712397,686.6094610464567
47,1,971.6637178268136,1020.8771400368503
47,3,259.8539745877462,109.89096324022772
47,4,785.3778368240302,970.4835112138909
47,5,434.961863040278,740.6433876121919
47,6,369.9517423575475,548.286120306348
48,6,375.9673873314321,545.0067111962662
48,1,970.3340554512039,1021.6905759212651
48,2,447.0372065699846,640.3960099364564
48,3,262.42739004973356,112.99418300026255
48,4,781.9314383189553,967.680327806183
48,5,441.1786004011618,735.3000250805118
49,6,370.677557834817,532.2579976154102
49,1,969.6804088608711,1022.3363734700969
49,2,450.6400119004042,637.9263761171275
49,3,258.87403884501657,108.59840822678008
49,4,776.6745997508433,962.2979463258088
49,5,443.0916638731919,728.1600483615763
50,6,365.31812394415135,519.3415344909663
50,1,966.813927092846,1020.5637483389772
50,2,445.49963259272454,630.0116628165648
50,3,256.00911615295803,106.23230216111733
50,4,771.0593791004039,955.1724536798557
50,5,440.2429780204897,718.7047160192135
51,6,359.8877027631941,506.25398898430325
51,1,964.9414198665753,1019.6126421137044
51,2,446.9451847271844,629.1136937480082
51,3,256.29671916882944,106.42017955295276
51,4,768.0180193847162,949.6535871371805
51,5,440.2282349296415,713.7031193144574
52,6,355.03558157617186,501.05715052939763
52,1,958.8298799667668,1013.640405175056
52,2,453.142411737074,628.6575076163815
52,3,250.3719349779103,100.04459699942527
52,4,762.0085484018537,939.8907447637079
52,5,426.11336657534537,692.3205562801116
53,6,350.14687685002,495.82112947050615
53,1,955.9246027262667,1010.8094258946351
53,2,459.0953395352837,629.2737232095658
53,3,245.83531342918238,94.61659763702346
53,4,757.9426570887834,934.6566291723825
53,5,420.1532068719137,678.7527073005588
54,6,345.2211732757099,490.545480993113
54,1,949.1911338457559,1005.7598292108573
54,2,422.22609395822866,588.1171082748194
54,3,243.55866698844633,90.29948881573316
54,4,754.3460210608969,934.06673875974
54,5,354.46946802339164,611.1337105405654
55,5,369.4472266174633,620.4283626854284
55,6,340.2580492340239,485.2297535242101
55,1,943.2642163439984,1001.0884885639157
55,2,450.9246791326809,603.2004296664024
55,3,247.51319668519704,94.43135600276494
55,4,749.4115360978619,932.9330382478739
56,6,335.2570766752529,479.8734886034459
56,1,937.4217812240194,996.8176533622452
56,2,467.8900690670933,609.962048737151
56,3,255.50024775743853,102.13714867418388
56,4,745.4389345655557,933.8869770192924
56,5,343.9616702843428,585.1208632823416
57,6,327.3235868201733,465.1733535080356
57,1,935.3299700146225,995.3179186976326
57,2,474.1814570987019,613.5082201838148
57,3,260.9267609437747,107.43925926800577
57,4,743.648289883236,935.0246435926239
57,5,399.8259851958219,623.6127240024472
58,6,319.26190072009706,450.23568081509865
58,1,932.3586344971657,991.726952631124
58,2,471.7807482894819,608.8453404723934
58,3,263.6379628357508,108.6307610441451
58,4,742.5168913267642,936.598481820076
58,5,420.5227586484091,637.4564494843496
59,6,311.06888580561275,435.05466611896
59,1,931.2463770179686,988.9309916988165
59,2,470.3018027195959,606.2609630155386
59,3,263.1807285988207,108.2848032012578
59,4,741.016239070354,936.7985950007845
59,5,433.1222096954969,644.6172609883625
60,6,302.7413066069764,419.62431434769024
60,1,928.036031284735,982.3439502983285
60,2,468.9482082726274,604.8730353034728
60,3,265.8429354989317,109.79025659615809
60,4,737.8990881686799,934.2113301124061
60,5,441.30982260134164,652.0526749940869
61,6,294.2758204939787,403.9384318694135
61,1,926.104531586065,977.745431110969
61,2,468.9741792230405,605.8269718468403
61,3,265.6444413417245,108.97093274071578
61,4,737.5747192275043,934.4138095649495
61,5,444.0739938145464,653.5615558805378
62,6,282.1056684590076,379.820751159871
62,1,917.0531247743886,966.5312131164351
62,2,464.4066160485316,610.0801865111055
62,3,262.80095592625605,103.27312597595345
62,4,737.0306402725867,933.0653101998633
62,5,382.54893120271856,610.2001589948941
63,6,269.6326900593714,355.10295719353115
63,1,910.3050447030889,958.6090055013465
63,2,464.84810038123624,612.4633936256677
63,3,259.6009201904346,97.69560071853017
63,4,737.3843006579931,931.943528625699
63,5,362.9978083650576,596.4503208534406
64,6,256.84544019151997,329.76236912365397
64,1,905.6263308695904,952.0988241756992
64,2,463.6771796913755,615.7501307931184
64,3,254.57789153739552,91.79919129281359
64,4,737.9467500295087,933.4222933597007
64,5,372.35289285549703,605.4770432771222
65,1,904.3422887111183,951.1588583939551
65,2,461.6851683180822,626.117663618531
65,3,252.98686340237916,89.17214103281422
65,4,735.6529153111254,933.4448346556804
65,5,364.9912725025862,604.005062127158
65,6,252.17403476675486,326.1881729636298
66,1,901.8531856045738,948.8840780697593
66,2,457.73299115798966,629.4779344594688
66,3,260.1817435091518,95.42576527258322
66,4,733.0220715818812,934.0767908009134
66,5,375.7918765940115,618.0198308695086
66,6,257.37555639130943,307.84734031141005
67,1,900.3224094632936,947.4983859810945
67,2,454.38277691773726,631.9455874406539
67,3,271.4130502916874,106.87547394015543
67,4,732.3308236663805,933.9879075236911
67,5,391.9042660162534,634.112143415366
67,6,260.87727067521365,295.52439650144527
68,1,896.9552333386017,944.2893637859079
68,2,453.10596941987995,634.9838331579999
68,3,267.8096686426398,108.0661465580937
68,4,731.3622567758214,932.8237938528741
68,5,388.01985709254075,637.4840781854485
68,6,247.41260436139623,266.6089750817463
69,1,893.9597972008437,942.4481603767764
69,2,451.63923374454885,638.0624392261732
69,3,264.3471072021129,108.51248975331534
69,4,722.6139156028205,924.4042235860661
69,5,379.6812112733229,639.5509125419127
69,6,248.23335856427195,258.27422550861746
70,2,423.6225710250937,633.0068981080641
70,1,889.3520591383366,939.9197354279339
70,3,251.63475095255893,107.82460514814807
70,4,714.1472858668297,912.115657688149
70,5,364.3226697524267,636.0379582110158
70,6,252.7446085156163,247.84032597903433
71,2,422.0243929135752,635.7549472665097
71,1,883.0218718985712,935.0529970869106
71,3,226.9856235818273,85.03996644811271
71,4,710.1991518605429,901.4994294884448
71,5,405.4480993075077,674.467808412029
71,6,254.68208961865668,240.98234112921315
72,2,420.42696984395496,638.5016981389637
72,1,871.8662847988693,925.791393978057
72,3,220.05986364346361,91.6705326931746
72,4,695.3212097736185,880.7427955643824
72,5,396.14266749421694,673.8116509987132
72,6,251.9333485725672,225.00631560720032
73,2,418.8303012812928,641.2471516452504
73,3,253.1962663365708,135.8913045033426
73,1,866.8228039182644,922.0154780593135
73,4,686.8777872390488,869.3585359212907
73,5,389.5918137382667,673.2970608742813
73,6,249.88162438118277,214.7751494964229
74,2,417.2343866911536,643.9913087043249
74,3,242.8227810675825,149.07102041942474
74,1,864.1618447570504,918.2805661481015
74,4,681.9885093005136,860.289258897713
74,5,384.5275014520444,675.054703612555
74,6,246.44773410103318,209.70461185605896
75,2,425.36243417576185,648.2499443640586
75,3,232.4476403283423,162.25283964284233
75,1,861.5317200335405,913.760030100623
75,4,681.6741611221873,857.6987414177217
75,5,385.15355567137436,682.4181016169401
75,6,245.71499003090105,210.59010708634318
76,2,433.406406059988,652.4645291800206
76,3,222.07084372253055,175.43676267712146
76,1,861.5997050152679,908.8837134702311
76,4,681.8042056551574,854.1948900260713
76,5,384.8584259995261,686.0239198164952
76,6,239.1345465166764,209.38689902920464
77,2,441.3676001344307,656.6357431208453
77,3,211.69239085370256,188.6227900259558
77,1,865.5080741157959,905.5874990925049
77,4,683.6129883314859,853.3612829628164
77,5,383.4044913163769,689.5577116609834
77,6,233.39004218146883,208.65230427260335
78,2,449.2472876161644,660.7642522321428
78,3,200.61537148071957,199.52177135616267
78,1,869.7377818579776,904.4954148181963
78,4,685.3964849432009,851.8353022351637
78,5,383.02204294467754,696.9710949775899
78,6,177.21575163081374,166.45681001357286
79,2,457.04671382542386,664.8507089910514
79,3,189.51674727685563,210.44201026843777
79,1,871.0111579798778,902.8282689808913
79,4,685.9580302054437,851.8365325231716
79,5,379.2772286775874,701.5087953187449
79,6,157.9676323781876,159.15808181213703
80,2,464.76709884171714,668.8957526500009
80,3,178.3964549726959,221.38356901528735
80,1,869.6541598650484,893.0349923439209
80,4,686.2815300969721,849.2092654567299
80,5,368.33614765221273,708.575779915589
80,6,181.10564372562993,205.04605797789426
81,2,472.409638140088,672.9000095700773
81,3,167.25443105153724,232.34651009252175
81,1,866.8477789160368,882.8903567840506
81,4,680.7817894654956,843.981155076539
81,5,364.6096143343128,712.6322017322595
81,6,193.6366542722698,228.5216928485767
82,2,479.9755032082319,676.8640935443577
82,3,156.09061174818567,243.33089624045888
82,1,857.3818003994423,863.0748000216973
82,4,666.8650696619809,830.695443941185
82,5,362.5097600519714,724.056881509866
82,6,174.22582930743363,223.55699002218378
83,2,482.57539357106856,661.4465134677972
83,3,157.15422255473118,265.4078751348363
83,1,845.1751896285948,851.8258969389277
83,4,661.1895674049042,826.5546893431668
83,5,358.1815711012634,728.1276498338863
83,6,156.76425921493092,218.45029038740878
84,2,485.1982885539813,645.8925139570878
84,3,158.20401668255366,287.19806630321506
84,1,838.86058923205,839.3148875864333
84,4,653.708108614785,823.9693545755591
84,5,349.0034161168644,725.1464155516353
84,6,156.92795771729195,249.7519109311177
85,2,487.8444948415933,630.2002763452507
85,3,159.24026161955248,308.70702189366057
85,1,834.5116787928959,831.5825235849031
85,4,649.09440824532,828.0068968204001
85,5,344.8403535735951,722.6214211978324
85,6,191.7105634171761,286.6867299712925
86,2,490.514324594258,614.367949493752
86,3,155.78103723514786,338.1684056101579
86,1,828.6379688884186,826.7147835867983
86,4,648.051515132712,831.8583306815166
86,5,327.7334096097106,713.2231155544727
86,6,189.7449003772507,298.05189200733554
87,2,493.20809557081265,598.393649064547
87,3,142.63172435680568,346.97332599789144
87,1,825.9449093928772,826.279946903902
87,4,647.4612336928158,832.5316574400919
87,5,319.3218811927476,710.0496714253139
87,6,184.20144946467988,299.5405424274297
88,2,495.9261312546543,582.2754567724496
88,3,129.42006706405462,355.8199928715857
88,1,827.5823880096235,836.265015046702
88,4,647.2959117922311,831.6323470881852
88,5,303.23173233391407,705.8651692695692
88,6,180.38768080023036,314.9702913997763
89,2,498.6687609832337,566.0114196172094
89,3,116.14562091593618,364.70870383365707
89,1,830.5872203493731,843.6266534618036
89,4,645.3765492014463,830.278892394728
89,5,297.00440700761067,704.6289907957027
89,6,177.19899507941759,328.75237621278865
90,2,501.4363200810843,549.5995490946494
90,3,107.54876720376657,380.55209490553284
90,1,829.0191059143126,846.503731624632
90,4,633.8372027738093,824.082915495185
90,5,294.4542890004686,700.2765527975273
90,6,175.45162902115263,347.2696156283813
91,2,504.22914999649413,533.0378203861889
91,3,107.6212845367685,395.9411243101349
91,1,826.1602357711154,847.025171963348
91,4,630.6941885137168,824.5407232994291
91,5,296.0188612261579,696.9080505459563
91,6,175.41411069897055,355.16965915826046
92,2,507.0475984419359,516.3241715260702
92,3,107.6931656050888,411.1951308797598
92,1,815.6054789488064,843.9452010522301
92,4,618.1578165295225,818.0173908614569
92,5,297.8797297198293,686.7465406665318
92,6,164.96124040302377,365.7829287480607
93,2,509.89201953838506,499.4565025455568
93,3,107.76441874600091,426.3158838814896
93,1,808.9074543623119,842.8726181477372
93,4,612.8812961207783,816.8480021856731
93,5,303.52350792324086,679.4841695080904
93,6,150.47206509586022,360.934826318688
94,3,127.09118989701847,458.04901160199444
94,1,804.6232056852002,845.7171543246016
94,2,514.4801250510338,488.9246170834529
94,4,610.4631308566437,815.9796016341746
94,5,314.72847062523897,656.3925866472637
94,6,171.30138829623448,391.22889019178166
95,3,145.79484718999672,488.75903248861454
95,6,162.5505159815809,393.32234216143075
95,1,795.4775836629447,844.9211295286177
95,2,538.7784879306802,501.7918677201956
95,4,608.1487031350244,816.7905118559139
95,5,321.6009943563098,645.7011584119725
96,3,128.87325363609384,487.44659754823925
96,6,172.19353383100338,440.83539618931144
96,1,786.9127004859304,850.8068781653028
96,2,548.9494159852742,494.21340617266463
96,4,602.6873941372891,822.0547712794926
96,5,322.1435396070659,636.153797009743
97,3,111.71529491148983,486.1158301790804
97,5,325.94262456465304,615.9455385324617
97,6,179.75388215814178,462.27070657595016
97,1,781.658658106926,856.5761002228127
97,2,556.6978380209767,486.49826909130115
97,4,592.619964449596,831.364842741646
98,3,94.31598377037814,484.76634357149123
98,5,328.3814366784819,598.4746451123345
98,6,187.17529777697158,483.3121110740515
98,1,767.2716269931537,871.8255958781959
98,2,566.5671567415785,467.37983980963116
98,4,585.871458533491,840.0936186632543
99,3,76.67019166697466,483.3977399566288
99,5,330.8436582392897,580.8360536760812
99,6,194.46157546460796,503.9703687415074
99,1,759.9903203404034,878.4089161234675
99,2,574.4618941064969,459.13723929945735
99,4,580.1686884377453,844.1666012359456
100,3,76.30126434734527,495.3710444070047
100,5,333.32962792319626,563.0273380530468
100,1,751.2591369915895,886.0856949656627
100,2,559.6734578781341,420.4715459770517
100,4,571.7374376708495,850.3090205804666
100,6,189.78562329483051,515.9923024495898
101,3,75.93478642050118,507.2648553529127
101,5,335.8396909710392,545.0460250449621
101,1,746.2417535106114,892.0208745019228
101,2,553.9721168138909,397.6082912356874
101,4,563.3735223946722,851.960612352878
101,6,175.83742253536425,516.5304311165905
102,5,338.3741993482112,526.8895932809463
102,1,734.3827078539096,895.9930513082871
102,2,554.7363737367353,381.8975626666622
102,3,51.16780265375588,509.773691124425
102,4,546.6169434802647,859.3515342181004
102,6,157.07807591679068,520.3542300447859
103,1,716.8921763233604,893.6752947142763
103,2,558.6893560912888,374.32372065710246
103,3,76.54137641462404,536.7516096407211
103,4,539.9204643077725,867.9616029606037
103,5,333.8084081032995,524.5584764107952
103,6,134.9952011037637,513.6491329427837
104,1,705.4688038555641,898.2404551655269
104,2,561.5002658791725,353.224456242136
104,3,142.302748922861,602.4064110816266
104,4,530.9459625327726,874.176467613759
104,5,367.3199356579331,526.0190119805746
104,6,177.34938840139435,559.2109036432387
105,1,695.8819152472107,903.8494924854602
105,2,570.3757779404631,343.9174801711231
105,3,156.52686630643174,626.7976937461544
105,4,528.8075721427435,879.8882869313389
105,5,377.0967206977869,527.0636095727749
105,6,186.49177602500515,576.6124378444903
106,1,688.9009569803261,909.2570552054485
106,2,573.4165181340431,334.0504080718062
106,3,158.75621718965593,641.2307096059014
106,4,527.7549478907373,884.3361628344147
106,5,387.62630581365755,508.6666437216042
106,6,204.85476702640335,599.9626237734327
107,1,685.3190165704154,915.9929813837823
107,2,573.6280099270921,327.34456326041675
107,3,168.53726515016945,660.3911552022868
107,4,525.723015864075,887.378714191228
107,5,391.57208515877613,492.1198137057672
107,6,212.22735010257836,613.0435983232968
108,1,676.9982074894093,927.5338266447568
108,2,577.0026058371781,323.99763730262345
108,3,176.42535706223003,683.4711330501117
108,4,520.7536723348029,890.8538476686631
108,5,395.8488833580204,473.4065147126064
108,6,218.87090206861177,629.0426813298161
109,1,684.3722751695017,948.5048471196717
109,2,580.1319414309945,317.51177871821073
109,3,187.6309827846257,695.246796903663
109,4,513.3441115142152,893.5737663202277
109,5,417.65458402609386,470.787468127018
109,6,223.96504413548965,640.2027733651182
110,1,693.7561348941093,965.0335661426321
110,2,589.1489362583968,299.306149965196
110,3,184.942306081414,705.5555664789393
110,4,501.47275576264497,895.2797326785941
110,5,433.0113666578351,466.6333480866809
110,6,184.28586685371297,621.2325581233596
111,1,696.2260357352068,970.4993106658085
111,2,583.2308084335991,271.29182326345745
111,3,182.6282379146034,710.903102102955
111,4,494.98088597993024,897.6494339832758
111,5,427.9212166881781,447.74231294756197
111,6,185.13122913395742,627.4358251031234
112,1,695.1830914814213,971.1202350836442
112,2,597.8934493282854,262.25447153868845
112,3,182.5100864427468,721.2427447571049
112,4,482.26846957813876,899.1116747244886
112,5,426.2062159407066,435.078605767118
112,6,218.73707750441037,663.005365702383
113,1,695.7084265730434,972.1393214019564
113,2,604.8586400835761,256.67579724939327
113,3,200.45434208688377,738.7811516220495
113,4,478.28906291415484,900.4361029624074
113,5,428.51624351602186,429.8676105883388
113,6,240.48909907547875,685.9613032528922
114,2,619.6174169684474,249.97569318051538
114,1,695.162346003789,973.6626180233018
114,3,194.3026718269265,745.1459680561934
114,4,475.13335580698066,900.5979406255059
114,5,439.1796669676314,423.2650647141331
114,6,225.18097267917898,684.9927978464173
115,2,621.0912323641719,247.43173933354174
115,1,694.8317454919401,974.3548033296269
115,3,203.17832980400684,759.2360003942745
115,4,474.0215718200132,900.9754342596018
115,5,410.2616667107885,376.5417940637216
115,6,224.1489783268383,692.536798852822
116,2,628.9621346305732,233.8457690974804
116,1,694.6215398686229,974.7729395554268
116,3,211.29686330681017,775.1544039014159
116,4,474.1015111548434,898.9092074625313
116,5,417.15655112000485,358.37611511570975
116,6,201.8556129729656,684.5210794371857
117,5,426.16240655407404,355.0810720197247
117,1,696.2534658539923,974.4960104346751
117,2,627.9844494678883,205.7561042673555
117,3,216.32922722693246,786.6312821445375
117,4,475.2276768569635,898.1686315080804
117,6,209.87705389641164,698.2212163006524
118,5,433.2722249451803,351.3703455223807
118,1,697.1823814276657,973.8927633417381
118,2,642.1104654232703,191.1662466923397
118,3,220.7241461598641,798.0075523011964
118,4,473.95539141321615,890.8189901286606
118,6,193.25753480807936,690.8270931897654
119,5,440.3569870014825,347.6726963218633
119,1,697.7948418169506,973.1520633002269
119,2,646.9784514675962,174.64349590464948
119,3,221.82787723822625,804.7990294334805
119,4,468.36106557180307,881.3620632750831
119,6,223.59202489618897,714.3227028822516
120,1,698.098378351763,972.7457335724743
120,2,657.0716757368732,161.3249648585598
120,3,219.25648107100332,814.1096250338419
120,4,467.1503847445248,872.89067688127
120,5,450.3845735810023,341.38473954229784
120,6,241.84454113504378,733.7176181835404
121,1,698.2600426585884,972.4863970840529
121,2,644.0811177595813,122.51881718903792
121,3,217.8773395989416,827.2234300321052
121,4,467.4540055387429,868.9822011998649
121,5,459.3285236542144,333.490843325733
121,6,251.19046043708255,745.7430474565575
122,1,697.3547157097396,971.5184150244157
122,2,664.4437382666571,133.5228437756354
122,3,229.756717687466,846.9350292788389
122,4,468.69466215038983,867.7274189652308
122,5,475.27509471077724,318.81447194102566
122,6,247.05314835653067,748.7419133254181
123,1,696.0151078258872,970.2709404862545
123,2,674.2908492145218,135.05007283908895
123,3,237.35341403232877,859.5936730191082
123,4,470.51714141563224,865.2640688731796
123,5,483.03280614679403,307.45577237632506
123,6,247.16995690479862,753.4181314901026
124,1,696.3648950074387,970.8430754465084
124,2,682.3406473288156,121.29108596698774
124,3,250.2737876807538,874.9031902633895
124,4,475.9966907924941,860.0801963040437
124,5,480.35523757523003,277.73428111113935
124,6,244.2517197733943,757.5427105895136
125,1,696.5216061568306,970.996137224796
125,2,690.5221444418368,114.14872790497387
125,3,246.70333916600092,886.1224300712313
125,4,476.8739282266974,846.2597847498762
125,5,478.36814644756066,259.1106621801425
125,6,240.48993662715156,758.4227669870277
126,1,697.6477121655194,971.774983234031
126,2,694.1794313771533,103.37354287568782
126,3,235.7928283348873,890.5378581799865
126,4,503.31121613251804,830.1535938662958
126,5,524.5126645536952,291.8403971925781
126,6,234.63656109151387,758.8536598020041
127,1,698.100394829227,972.0169091276885
127,2,695.3114981663177,99.66241023970308
127,3,245.02486037561724,903.7653834837861
127,4,513.7999114542124,835.1041487270888
127,5,510.14611357539195,265.6339677714087
127,6,230.11161212868015,759.8756109018852
128,1,698.7004010340289,971.3769094414072
128,2,696.1044453096026,97.65302499387502
128,3,251.11123162710473,916.4163244420806
128,4,520.6903615404232,834.998795548596
128,5,544.552844855627,279.9610001270167
128,6,224.37323321926246,762.0092978576856
129,1,698.7649903405782,971.4345450719507
129,2,694.4497973239967,95.55783246447866
129,3,268.51615400642055,932.3096175193382
129,4,518.5342051264927,825.8377628921592
129,5,556.3085787964184,282.42562697999585
129,6,221.34226991281255,764.0115452215771
130,1,696.4719646936377,972.692501946666
130,2,694.2376313928846,98.64457266356486
130,3,287.3407580706308,948.8821810164455
130,4,542.416599900054,831.242633735919
130,5,563.7657768129335,282.5927348028895
130,6,219.16342855400802,763.8519462217862
131,1,699.9115113538704,975.8663569382151
131,2,692.6906578645674,97.79991717816128
131,3,288.46686269935026,956.5512542885407
131,4,564.8624625427385,838.6107204720518
131,5,569.1319068971146,284.8587531383325
131,6,219.67916252212095,763.7775019688582
132,1,703.2850088570725,976.0571716356817
132,2,691.0872828700418,96.88570343134502
132,3,287.77896492388413,966.4454318662148
132,4,583.0015984453102,838.7580088455119
132,5,578.1920936827988,284.78914297346205
132,6,227.00852209307914,768.266377746856
133,1,704.5594055009824,976.0877304589741
133,2,693.0636718141377,101.47357379458448
133,3,286.7025006403295,972.818716355245
133,4,594.2473977400168,841.550927483161
133,5,586.924213380421,286.89549986430325
133,6,231.47226377947217,771.5817903854781
134,1,704.5945625926604,976.7479790852184
134,2,693.2775080069183,104.13577133565772
134,3,282.3222203769623,979.4822904815387
134,4,593.5862852532446,837.5710396824486
134,5,603.1576037685409,297.07683627822496
134,6,235.60356639935858,775.5719564654582
135,1,700.4973293655798,976.3692196929605
135,2,689.2234491222979,105.23771979749925
135,3,277.96496935685735,985.8406906035563
135,4,588.9438380882006,833.1444787619266
135,5,609.782799475542,301.70325331376483
135,6,240.6143413737263,780.5275269837961
136,1,672.5938938493164,962.4377613045739
136,2,689.6773846134688,114.01980940174788
136,3,277.72451730050176,997.0017598015107
136,4,587.1730464217148,833.8669583434671
136,5,612.1814227277263,303.0377742715917
136,6,247.6257928816028,789.5134515012363
137,1,658.6752386854457,958.9410029016384
137,2,693.3463422439085,124.91493684009308
137,3,282.21451482650104,1008.273398906279
137,4,587.5500973447586,835.0250735637281
137,5,611.7829621592612,302.81424786857673
137,6,252.90400518696748,795.1465606042092
138,1,649.4156969541128,961.8927704056833
138,2,698.711877307811,138.2989853369447
138,3,299.77360640104973,1030.614820560763
138,4,597.3751658761907,846.7862456483002
138,5,613.0288311220012,306.7212998328175
138,6,264.0009520378791,804.3287189690923
139,1,644.6248274026011,962.9378682126863
139,2,698.0837386888139,141.23955660858294
139,3,307.08646043424574,1044.283703269928
139,4,602.1864366481924,853.2314026139319
139,5,612.2504233009064,312.12939374091843
139,6,266.3234079807697,805.8390570408051
140,1,632.0550604736846,957.4481289937522
140,2,707.2480714372018,159.47109713802038
140,3,321.49039740375815,1064.8017234134993
140,4,603.053646103282,856.6571990336618
140,5,610.2751569939007,314.47117009519866
140,6,271.0272563942631,810.6872838713558
141,1,620.1058857392354,951.0764025878849
141,2,713.4747478150143,172.53943730315785
141,3,325.23125482425775,1072.886041044446
141,4,602.896038136826,858.1258065927065
141,5,609.3906548243143,317.19575327921376
141,6,270.93915877245405,813.1228692354032
142,1,577.8626825478308,925.5578782727109
142,2,716.453428770537,182.72645118999068
142,3,327.86790062417015,1078.2291392865877
142,4,601.0338530577748,856.643357809351
142,5,609.9593954620772,320.874640843546
142,6,277.9672983596005,821.6568186174084
143,1,563.1256719675683,918.9387861847918
143,2,717.5723205516471,188.47247919848
143,3,324.88096933499656,1084.6450991388142
143,4,599.5142606536681,857.1170435810318
143,5,608.9825598160392,321.80319023273813
143,6,280.81553826549634,826.1587894655484
144,1,550.8017544952562,916.4914047973126
144,2,717.784590223825,194.9998593693648
144,3,315.46811321168406,1095.0431825303217
144,4,582.3533203599563,850.9993287415508
144,5,610.118243132664,328.08125404275927
144,6,280.4250781713806,829.9612877829451
145,1,538.740450638496,910.1284265832932
145,2,716.2910272684297,197.84610678465933
145,3,312.8981294686866,1103.6905526640085
145,4,572.85141905248,849.8383893188214
145,5,611.8203300104415,334.67885887545094
145,6,282.43668621754165,833.9096622884924
146,1,521.5169991882752,900.8075382667745
146,2,717.4735469137034,208.49031222364286
146,3,296.6021366312104,1106.163882524058
146,4,554.9172109947037,844.527548297883
146,5,607.5712131891983,338.70607731571863
146,6,293.65170766463774,843.1831264794604
147,1,508.6053126811849,894.3296069414359
147,2,717.6542393779488,214.8343768641611
147,3,309.21724744000574,1120.3414956004638
147,4,539.2682058626232,837.4683973769711
147,5,608.243716433004,344.8115642458193
147,6,304.3858614669217,851.9501322063667
148,1,504.71636489907183,901.6615007399455
148,2,715.0764273374685,221.39693032360296
148,3,324.4007766511115,1139.298067418635
148,4,525.6739575608443,832.3551826548171
148,5,606.434784492,350.4239451801293
148,6,320.9207037275468,868.4736519437679
149,1,491.4433432176888,899.972446569857
149,2,712.0307783985706,224.8666743982006
149,3,334.2117406673593,1153.6419485140173
149,4,518.4217482981782,832.3036970248148
149,5,605.8337537177473,354.2540860174576
149,6,325.9699223263548,876.2380305404287
150,1,472.6088049890138,896.040347760432
150,2,715.3307703405053,237.71621296549924
150,3,340.85714521866913,1172.7913246424202
150,4,515.3248248553056,834.8446907261279
150,5,602.8341389023336,356.0089647451079
150,6,329.3992413401071,884.1553972070137
151,1,465.5622433426918,897.8290557002142
151,2,718.7327898908695,246.93611684446375
151,3,354.53265422255066,1187.5458419990973
151,4,514.7951929594618,836.753610149154
151,5,603.0145141485434,360.70530066839734
151,6,332.4713895210022,889.3278534099738
152,1,453.7365661427426,904.3023749709407
152,2,728.2778221782632,262.9214129349957
152,3,360.94540222279716,1200.6145283972548
152,4,512.887332762689,839.0221166304054
152,5,598.8161415786183,363.3419443257919
152,6,336.6480788323377,903.608464928933
153,1,448.16340450423627,907.9261023907794
153,2,731.9653070371032,270.2610931888569
153,3,365.5626243576351,1208.4954546696165
153,4,508.29344467679016,837.9920177080097
153,5,603.3840439479559,375.13181000426613
153,6,343.970062294751,914.069100046499
154,1,445.41457717488385,916.5925460795871
154,2,734.1848326220335,283.3534255151088
154,3,369.078662385213,1212.2285187210955
154,4,495.50655165110595,830.3725447595413
154,5,602.1705769429767,386.4866544236156
154,6,347.2467400395887,926.1576045489718
155,1,447.55199554252926,922.1562867829687
155,2,732.4643126860447,286.1319087285017
155,3,371.3402855086826,1215.6767794785026
155,4,486.23344495099525,824.6522018192657
155,5,607.5775864562222,401.7520423751639
155,6,358.391066252972,937.6521856936693
156,1,451.1714884332456,928.6159523947887
156,2,732.4356764264396,299.7595493709521
156,3,381.64880733492436,1220.000190357133
156,4,459.8090901130047,807.058409656825
156,5,604.642555744831,413.7077961731266
156,6,386.04668645889535,965.1700141048454
157,1,450.76834524427676,932.4815486882447
157,2,732.0350956220683,307.1104418709769
157,3,395.8113824665621,1225.5398657322594
157,4,448.70895312838786,800.0831185975346
157,5,602.1460290819441,418.10881699136223
157,6,394.0986955746085,976.5712843726619
158,1,449.2516647195933,938.3096840771223
158,2,728.4558718610002,315.42191972052757
158,3,417.18078954011395,1232.3678897504444
158,4,435.94142311262203,793.445925798867
158,5,597.7622007985437,423.4685445468605
158,6,399.6607560375774,984.310085033373
159,1,443.4812961536981,943.0464678784248
159,2,717.3955402506904,309.3563598300078
159,3,437.0170710338162,1236.339102042432
159,4,428.85990157669124,793.5297884781354
159,5,596.2232532018571,429.2024820241909
159,6,405.5729085560186,988.7404189771903
160,1,439.59584817132594,947.9355589870562
160,2,716.0639865272531,321.16475965942294
160,3,451.8350266429033,1233.0569096128322
160,4,420.5141188459193,798.0318241099515
160,5,596.4156828905581,440.11789879950254
160,6,409.72737035382397,991.3004895128399
161,1,440.03030495017697,951.8754247812542
161,2,716.8772890528786,333.1345368898961
161,3,460.25645117586754,1229.1372287297474
161,4,417.3466897486182,802.7498663551623
161,5,596.7457859345419,447.79082872913506
161,6,416.0490983036627,993.805637814709
162,4,417.00292479805495,810.1135289656996
162,1,441.91639285227194,960.713043973466
162,2,720.0470403612364,357.6154572427784
162,3,487.1567909729528,1234.1258558522536
162,5,600.249053659428,473.490466443789
162,6,440.19197252466785,1008.3297234910253
163,1,440.2132793714642,963.438843456713
163,2,721.2239723340932,372.30624023688415
163,3,505.1307194326999,1236.727651326654
163,4,411.4414412366201,809.4955248480196
163,5,605.6170499761247,491.48856669340995
163,6,454.9620284013481,1016.0058302734172
164,1,441.19623330271645,970.0993190311133
164,2,718.1878330496751,387.14443379281585
164,3,527.8334228795852,1237.1924879404014
164,4,412.2496628966293,812.0472724505283
164,5,600.0524257635133,495.3016105090419
164,6,468.94405810228375,1024.185530038435
165,1,439.38935768099145,973.220092511308
165,2,716.5683802961837,394.9589515270857
165,3,553.6549344732719,1240.5367843302151
165,4,412.7706764253059,812.9905964986441
165,5,598.3603971604957,499.37612529057094
165,6,469.6743862109794,1028.0369789578058
166,1,440.74162959164687,980.7637876418255
166,2,731.1377946231482,422.87491444417896
166,3,578.0801012283932,1232.9157754853459
166,4,407.54666717450795,814.924550068729
166,5,596.0865861235798,505.37102054215734
166,6,473.0120249587199,1034.219166739765
167,1,438.54541076402853,980.1988953273118
167,2,738.3016066562197,436.36319040543333
167,3,587.4670258225897,1229.187526894232
167,4,397.5469633436365,817.8233286427028
167,5,593.306220259359,510.6183321862979
167,6,478.45078553158663,1039.3654328216558
168,1,447.39737085607794,986.6644425406242
168,2,735.9449158261315,458.2010314809871
168,3,598.6422089110266,1216.7503624932274
168,4,397.52205145900155,828.7901422370267
168,5,591.1990623970504,519.9180446170946
168,6,504.54892141874126,1053.5519981349053
169,1,447.9295455587975,982.491470648161
169,2,730.2400992829338,477.27615921835076
169,3,612.0045216083008,1209.6196350433825
169,4,396.63172852562735,836.316860659618
169,5,586.2690464201992,526.2766501821262
169,6,518.9405281772958,1053.1513168804859
170,1,444.72825157469595,986.6040020326458
170,2,724.7092629136906,494.5764015863016
170,3,631.400189762005,1198.266109785883
170,4,405.10940750991205,851.0148376109772
170,5,592.8548816109059,549.6963848799734
170,6,524.9690012335681,1059.5954364743718
171,1,442.0447231475688,987.1054595226293
171,2,738.2179109097212,524.5661649853402
171,3,643.521279248385,1193.8277645673336
171,4,405.5314680763561,863.2771474174864
171,5,595.9238462448491,564.3673326224873
171,6,531.8851578996045,1061.7124807739483
172,1,417.17249168745855,976.6959192834258
172,2,726.6527470950044,530.8997462138792
172,3,676.7526441293435,1197.3176057346636
172,4,404.0282085859146,878.2889296726125
172,5,593.81624264482,573.2855420766208
172,6,549.0711184689778,1065.1732455780682
173,1,416.7372603718179,978.4519261182363
173,2,712.315330984389,531.5513543613971
173,3,689.8494963788104,1196.1934102643713
173,4,400.77052183218495,884.9156638302428
173,5,591.2671896521969,577.3281648188703
173,6,544.8595691900798,1043.4344810483801
174,1,431.7984202434369,992.8727302830104
174,2,694.4862873430039,560.5208595070891
174,3,696.2137959406206,1194.4704772413015
174,4,400.33087864572036,884.1544687154953
174,5,587.1829953941625,589.4249744775589
174,6,574.9571739719377,1046.7586982045348
175,1,413.0728594614256,983.7720402604825
175,2,690.6737516550809,571.4466992486003
175,3,699.3114066587137,1193.7534675183783
175,4,400.3855517362359,885.4402641498825
175,5,581.9483862495838,599.7664840275637
175,6,583.541825352727,1051.3289024798548
176,1,418.2111835980651,985.1025573284546
176,2,683.1295670334962,587.073417252576
176,3,699.9655248032016,1191.4928647169647
176,4,403.622238807373,895.4198142864744
176,5,573.3400535591957,601.5654448674311
176,6,593.7450442876964,1041.2604964277048
177,1,425.1160137751397,989.0481083368393
177,2,677.9228998407478,598.232784450785
177,3,699.060384685971,1191.8777892519006
177,4,394.28077242669656,891.9864990387953
177,5,569.8185613200649,607.8882342995715
177,6,555.2849199537458,1007.0162834252412
178,1,412.37694165661094,982.9899307889112
178,2,670.0645137178557,618.6538503931564
178,3,698.4777031492655,1193.7678463884863
178,4,392.07437034137473,907.8217117445731
178,5,568.8107180073207,630.3433169616399
178,6,588.6704350940232,1017.1150322016949
179,1,391.53246879610106,983.1028752257006
179,2,670.5958439144738,636.8210851616128
179,3,691.4561874943219,1189.6566614961207
179,4,395.9207565917157,918.6262492202686
179,5,563.4526021598366,644.9996649401716
179,6,622.4170869083207,1024.5832138593141
180,1,362.17930782231923,974.1085976338952
180,2,656.057378013288,648.3268782560795
180,3,679.2453934533543,1186.753966935731
180,4,402.71469732218026,926.3259244318716
180,5,556.9912204220202,661.479310764294
180,6,638.9099995325945,1025.3963232717983
181,1,353.0841660173153,972.8460479092417
181,2,652.2548261858477,659.2251060497815
181,3,659.0307297802981,1177.3836351125613
181,4,403.0225795936909,929.1927164962029
181,5,552.7831503695645,672.2794372930969
181,6,645.9983381501893,1026.0617638503966
182,1,364.7151222331476,984.6676547660991
182,2,662.9592818388618,686.5939032755539
182,3,633.4337581765775,1164.7438341555987
182,4,400.8094810704089,930.2549509491159
182,5,549.0747668636976,687.1540700999113
182,6,648.0264932643104,1026.6607229777753
183,1,354.7445830462563,982.4740404612857
183,2,663.2371343329118,696.4461871271014
183,3,622.3370891987214,1159.359894478927
183,4,401.90234199260453,932.6437101175105
183,5,548.0736828128732,697.172987348754
183,6,648.3137580098735,1026.8547086152807
184,1,317.79001709351974,967.8540478725196
184,2,659.0386488531356,711.6908506463199
184,3,616.5433290166748,1157.8375684027428
184,4,401.555738864521,932.8645306573206
184,5,545.0430540822398,712.3618192260213
184,6,648.4568944392819,1026.2146723064484
185,1,303.6531759234945,963.3050074267524
185,2,651.9130392737211,724.7233445986856
185,3,610.4778404843079,1156.9601839124646
185,4,399.88157128155507,931.8149655138006
185,5,540.0320344630167,722.5842185584294
185,6,648.6394123079431,1025.2650293212175
186,1,255.54506114623948,932.8498714022248
186,2,642.296279213766,739.3227073751983
186,3,596.1088822568812,1151.103417003979
186,4,401.32689940743995,929.6269034897086
186,5,545.9329242460238,741.5409999778699
186,6,650.3465472852228,1024.2419702564275
187,1,262.45277233891846,935.6903965713574
187,2,636.7775754335446,747.5837778589349
187,3,586.2114349925814,1146.5848380790587
187,4,402.55576782130834,929.2529017906835
187,5,547.4165211784202,751.317240686445
187,6,651.1997671746517,1023.1979330698256
188,1,249.95764579967303,925.7459474023193
188,2,628.6408680259882,760.4846050126537
188,3,570.3380536443516,1140.6571955822124
188,4,367.9651055855871,897.3564444442793
188,5,544.2331972346077,755.6994701903529
188,6,651.2645412835427,1022.7660581534592
189,1,235.27656112907985,913.8282703642012
189,2,622.2830272902727,767.3782630444879
189,3,540.7693447102203,1126.3935269987796
189,4,357.25626383648046,876.1123040519238
189,5,543.9615223296543,760.7216639748801
189,6,648.6281440090113,1024.2981487459551
190,1,211.98945298188096,893.6563992532912
190,2,607.8392816949162,772.1344568653586
190,3,525.5583253194454,1119.3748241429507
190,4,335.6751916978485,851.9543041030647
190,5,534.5791256277142,771.1334131699538
190,6,646.1472866633842,1026.8912726567357
191,4,316.0642111459818,832.3227743801893
191,1,197.25936307675647,880.6890846619451
191,2,603.5303637909591,779.797881700593
191,3,517.9278441577057,1115.256007567057
191,5,526.9521340345609,776.3658715669596
191,6,643.0069870379051,1028.8977539302266
192,4,311.99811293237536,824.9438893061914
192,1,203.61084419392745,877.6135584880705
192,2,615.6755406900193,810.0820518577486
192,3,483.87120003314874,1103.372114619726
192,5,526.3572619627804,789.5530339631632
192,6,611.5444456807704,1016.370127728417
193,4,307.89497483572393,817.4977867116643
193,1,205.00851156653306,872.2120713182027
193,2,623.9139375628159,829.6487139868938
193,3,462.37619021267056,1095.4507852082063
193,5,531.9313616179722,803.0381855558868
193,6,592.0752829760911,1019.0815346555248
194,1,202.35361512283728,860.3174335119721
194,2,626.3007703520532,846.6685850449289
194,3,446.194410478538,1087.227520356815
194,4,276.0122787449644,772.4828188946802
194,5,536.022315560342,819.8662432370211
194,6,584.6732012400946,1028.5093902769559
195,1,197.77760479979983,853.6770812959144
195,2,627.4870134614617,855.0589463350959
195,3,436.4571683412695,1080.6864699406851
195,4,266.50569079944734,759.9630786850446
195,5,538.5866538166449,832.5003291713633
195,6,578.8841893733821,1034.427407361889
196,1,171.73747354953667,829.2597579644577
196,2,626.5488524198016,861.5815053385694
196,3,431.22397178621287,1077.3621595136897
196,4,270.8667050563294,749.0355007439574
196,5,534.905314094343,843.1654884386164
196,6,569.7666608236134,1040.0992823778377
