1,1,1002.9636085697896,448.59281666392985,red
1,2,608.7126529136524,212.52900282536405,blue
1,3,614.1042461911169,1424.2520018969024,pink
1,4,837.7992143708699,507.98333952087154,black
1,5,571.6025383162506,284.09683773379453,orange
1,6,637.8937448055976,1111.080823079287,yellow
2,1,1002.9636085697896,448.59281666392985,red
2,2,609.752949282991,213.95203292670627,blue
2,3,614.1042461911169,1424.2520018969024,pink
2,4,837.9650422474556,507.71176438566033,black
2,5,570.3424631170705,283.0804582996168,orange
2,6,637.6236994678555,1111.5124049066578,yellow
3,1,1003.97249383079,446.9695745380152,red
3,2,611.2901223180546,209.02822955279024,blue
3,3,615.2215520855777,1424.5858014306336,pink
3,4,837.2717937213432,507.125972970379,black
3,5,588.0319693238214,304.49535777149447,orange
3,6,632.92292260086,1108.3011910396765,yellow
4,1,1005.6214659666858,444.3164670550219,red
4,2,591.1624912576692,186.17867646179488,blue
4,3,615.1809817715864,1425.3397146339664,pink
4,4,838.4864206017187,509.78883332225735,black
4,5,588.9468413021459,303.38148563716885,orange
4,6,625.9880953043556,1102.4487799568408,yellow
5,1,1006.0072447867052,440.8288900305772,red
5,2,609.7228538872831,227.9625068963714,blue
5,3,616.1337519342832,1425.8668750669897,pink
5,4,839.3134238315286,511.6611264485471,black
5,5,594.6438984120825,302.3682630555202,orange
5,6,599.3788484818743,1083.9976403680596,yellow
6,1,1002.6033961665038,431.1659320490817,red
6,2,613.950848780688,255.39131757483088,blue
6,3,619.4147748432109,1426.937891389165,pink
6,4,839.1714435459545,511.2892504313118,black
6,5,606.6874787079067,316.72057436263026,orange
6,6,601.1273054433045,1079.5187434442944,yellow
7,1,999.6912497624038,425.0643089999031,red
7,2,604.3858274556823,258.12280826126664,blue
7,3,619.5621884809004,1426.9935774475125,pink
7,4,839.3611436174599,510.6764689558421,black
7,5,613.0588347612864,326.01397718208915,orange
7,6,601.250756512854,1076.8217039721253,yellow
8,1,992.8672184935672,412.83737509283657,red
8,2,572.033560653694,226.4959570488209,blue
8,3,621.4662945046298,1427.5590357071346,pink
8,4,838.7543430597567,505.30551382713344,black
8,5,613.3201142633518,326.9055425597372,orange
8,6,602.0989849395605,1075.4547376776632,yellow
9,1,988.260120572877,406.4374073437826,red
9,2,532.688350768996,196.53590761306495,blue
9,3,618.7337231285609,1426.0566884341322,pink
9,4,835.6186736217386,494.2371548110715,black
9,5,609.2408916483184,321.9592809542839,orange
9,6,602.6950151399054,1075.244401883039,yellow
10,2,525.1051644195704,216.33661770657653,blue
10,1,984.8639452227924,407.2519830538103,red
10,3,615.7651300717696,1424.88968967431,pink
10,4,832.1812685421223,479.6109480607331,black
10,5,575.0745068496182,289.2346277080939,orange
10,6,603.3390185506689,1075.039650861453,yellow
11,2,511.78600202916135,226.9572732284319,blue
11,1,980.4745730531474,410.21382654795445,red
11,3,614.6717452298665,1424.463265645166,pink
11,4,831.2880854679121,473.5511320917214,black
11,5,562.2060120452935,277.7010056866945,orange
11,6,604.8889122701864,1075.8687459765722,yellow
12,2,498.4100864791847,237.62318352982132,blue
12,1,976.685298106222,417.9150642492119,red
12,3,614.2561594265027,1424.3037010691403,pink
12,4,832.5130845237708,472.0615523343442,black
12,5,578.5601060967049,308.40164437269243,orange
12,6,604.0371211445746,1076.3271958168125,yellow
13,2,484.97705425601714,248.334638475291,blue
13,1,975.5861144604226,420.70652030990607,red
13,3,609.081010693366,1423.3906569009423,pink
13,4,831.7115115173058,467.495132558694,black
13,5,548.1202943134356,298.9216433463514,orange
13,6,602.6807032152758,1075.933873373525,yellow
14,2,471.4865387349072,259.0919304101899,blue
14,1,971.0419915552104,412.0551792450989,red
14,3,602.6719552737721,1423.0346593303884,pink
14,4,832.8792865953144,466.8378994025645,black
14,5,525.987786363542,305.5245422744295,orange
14,6,597.7242204962424,1073.132360379315,yellow
15,2,457.9381701466162,269.8953541872721,blue
15,1,966.3214177456276,405.4706853886761,red
15,3,596.0894157067291,1422.3152805612642,pink
15,4,833.7057096240957,466.11011496103424,black
15,5,528.7050371084305,323.4027496064308,orange
15,6,591.3913161397032,1069.4036493684923,yellow
16,2,444.3315755436362,280.7452071936332,blue
16,1,949.9739220735236,383.7487117375272,red
16,3,592.7279120480382,1421.7842001088163,pink
16,4,834.4107628721132,466.9479154789903,black
16,5,512.3437922055504,319.20770160296723,orange
16,6,576.5486683835732,1060.032557714524,yellow
17,2,430.6663787659669,291.6417893779974,blue
17,1,947.001910648848,382.3134432163957,red
17,3,588.6200476395895,1420.7036963046207,pink
17,4,833.7571736414242,467.1820642215256,black
17,5,509.9794283913952,327.9617178852648,orange
17,6,569.983871714895,1055.4457662119012,yellow
18,2,416.9422004064528,302.5854032783638,blue
18,1,946.4201851562424,387.2873285847449,red
18,3,585.0084782350533,1418.3074889686102,pink
18,4,824.6136619161832,461.6859045971425,black
18,5,506.3942087647973,345.88708157037405,orange
18,6,566.7468917529114,1052.788241300705,yellow
19,2,403.158657775668,313.5763540499975,blue
19,1,943.0912397189632,385.7367914213234,red
19,3,582.5198474661975,1415.6814813723608,pink
19,4,815.2799059064926,456.4306179717212,black
19,5,505.7589033996736,358.7437943419294,orange
19,6,557.2590005781254,1046.7936694115783,yellow
20,2,389.31536486634496,324.61494949380324,blue
20,1,941.695165486642,385.844109595701,red
20,3,580.4453261232857,1412.9805981667987,pink
20,4,802.1566705173524,447.6596804970299,black
20,5,493.7218521602717,364.9982101930297,orange
20,6,552.8973674696127,1043.5916808375414,yellow
21,2,375.4119323173425,335.7015000850498,blue
21,1,941.3079207612666,383.11556072971536,red
21,3,582.0826550736962,1412.0129288157898,pink
21,4,794.8387774282505,444.96323814890246,black
21,5,455.297199042572,337.62027224913743,orange
21,6,550.1843495048365,1041.7696736073924,yellow
22,2,359.3125229056092,354.91539417598216,blue
22,1,940.426272695279,383.6631123750544,red
22,3,583.5544258132459,1410.5660399520395,pink
22,4,790.2651253510206,448.8418095404606,black
22,5,443.0502561966224,344.5122661125218,orange
22,6,544.8635731712294,1037.4937348691728,yellow
23,2,343.19623105473414,374.14943667045793,blue
23,1,938.7209540001488,383.4719193088758,red
23,3,584.5179998199288,1409.485553957256,pink
23,4,786.3424353275101,452.64724404568005,black
23,5,442.84404650507344,365.5179186056384,orange
23,6,548.4982664982218,1038.337324136183,yellow
24,2,323.6088586923526,390.05703783917886,blue
24,1,940.8034039459004,379.1793726364614,red
24,3,583.743980333943,1407.377703855531,pink
24,4,779.3355674918209,461.8999371526226,black
24,5,423.0458336915351,370.05561016797344,orange
24,6,552.1170538613884,1038.0698955178557,yellow
25,2,310.40606123391285,413.58114333558245,blue
25,1,942.1297873875816,377.0144295882533,red
25,3,578.9661505362438,1404.5300395244092,pink
25,4,774.4724954055076,467.7112200322621,black
25,5,405.5013968157554,365.7397123441994,orange
25,6,553.887486854951,1037.7617868417983,yellow
26,2,283.57534436008007,423.0659262823823,blue
26,1,942.7346356860054,379.3021013876368,red
26,3,572.9762792366446,1400.7773812508956,pink
26,4,772.7090039046313,471.7600852731428,black
26,5,387.9048002466403,378.3065132072698,orange
26,6,554.2307380472345,1038.4884239403834,yellow
27,2,269.045193313637,439.3365794597951,blue
27,1,943.1764716164374,379.8689066339526,red
27,3,569.1327724267036,1398.2044160105293,pink
27,4,770.8465356605964,472.2590527549926,black
27,5,383.0933157375525,388.2470952829072,orange
27,6,552.2158774626513,1036.9879943511132,yellow
28,2,254.49182197869317,455.6332343807324,blue
28,1,944.3905841923688,381.6450641489847,red
28,3,565.118502473852,1395.7667478038968,pink
28,4,766.8242679280037,473.17315595261925,black
28,5,376.28152293498016,396.13557579369416,orange
28,6,553.4160230241848,1036.1384431625092,yellow
29,2,238.4940731821479,464.6689833817956,blue
29,1,948.7463238272168,378.9773761836357,red
29,3,561.994794615635,1393.666238979942,pink
29,4,758.9752920569236,470.73634527751216,black
29,5,364.0462453979449,395.4524127530176,orange
29,6,552.716838186203,1035.15805099593,yellow
30,2,165.18733999718242,432.1483436799173,blue
30,1,952.9653039792402,379.6572858881589,red
30,3,562.6362860422662,1394.205527676049,pink
30,4,747.2972412080361,463.95759452509975,black
30,5,339.3546467112159,397.8768034594905,orange
30,6,535.3115189723832,1022.7793539063922,yellow
31,2,145.03052979481066,447.1941476718564,blue
31,1,955.3152565682326,381.6874873151792,red
31,3,562.6116439793929,1395.082600465832,pink
31,4,737.2286898354187,460.4382089472722,black
31,5,328.1845688249845,405.556493966821,orange
31,6,517.3045998871357,1011.5906747808052,yellow
32,2,124.74097930767488,462.3390340228773,blue
32,1,954.5924916458348,382.18254856670654,red
32,3,561.2615596540535,1395.7249614519578,pink
32,4,721.4612491799173,456.32176472849176,black
32,5,309.4772397632443,420.5495399338426,orange
32,6,495.87322063000937,995.2091132600692,yellow
33,2,169.47707852249852,528.8066550813153,blue
33,1,954.476457686126,382.176595566568,red
33,3,560.8969833021287,1396.0408663098192,pink
33,4,714.8697859354384,458.0284713795017,black
33,5,291.0373658204722,427.1040526116385,orange
33,6,482.6213672828412,985.3362220661758,yellow
34,2,201.23995235770488,608.0880324944552,blue
34,1,954.3809160947995,382.2347280999426,red
34,3,559.3958520545457,1396.4665144921428,pink
34,4,717.24467277724,463.7335137885758,black
34,5,280.59483445596203,445.1677775401409,orange
34,6,473.7904886788597,974.3886964170764,yellow
35,2,195.1492242356277,628.2533184110921,blue
35,1,954.2308440967388,382.4791591067607,red
35,3,557.5083173967644,1396.9145066907172,pink
35,4,716.9042681204703,468.2744532822278,black
35,5,279.9405255849859,466.1591268022343,orange
35,6,473.9792842609999,968.7082886203212,yellow
36,2,189.1055033805549,648.262971871268,blue
36,1,956.0196038060368,379.56570195053376,red
36,3,547.4828159164454,1396.3213261432068,pink
36,4,718.9400233725362,477.43397345383255,black
36,5,279.53716323907366,488.8885532789413,orange
36,6,465.7817915857844,958.2050917920812,yellow
37,2,156.19431957992953,641.227326437994,blue
37,1,957.5490982556536,379.9967821700222,red
37,3,538.7822041777741,1396.00504407855,pink
37,4,720.5882513291239,483.2290839662119,black
37,5,275.2529858241272,507.8575332071445,orange
37,6,460.5751900204341,951.8710539854987,yellow
38,2,122.22348274650726,633.96515183864,blue
38,1,956.1277260422884,380.46170443300986,red
38,3,529.7706906989129,1399.1155969757751,pink
38,4,719.5902335780296,486.5493783676747,black
38,5,265.65535395670173,516.0017916068053,orange
38,6,421.58468675346086,924.3523414528428,yellow
39,2,106.8806454908184,661.5750834702955,blue
39,1,954.896088188842,381.8829946945043,red
39,3,521.7844338493936,1401.7290807512763,pink
39,4,718.2115972963319,487.78552965931135,black
39,5,253.86077156706415,519.9755251690057,orange
39,6,408.6000845940412,919.9387468368816,yellow
40,2,56.81590083591765,650.289593510704,blue
40,1,954.3760735272926,382.43756815907847,red
40,3,504.2678541347472,1403.396376617497,pink
40,4,714.5437235901393,495.43990813970805,black
40,5,214.73305476439745,515.3222085579081,orange
40,6,390.8812638233102,911.3242445188804,yellow
41,2,42.0442814523135,656.1049235985946,blue
41,1,953.8592273046272,383.2793719020586,red
41,3,482.660123058181,1402.5452192256453,pink
41,4,710.2209390637299,496.3840134164319,black
41,5,209.5170581754608,528.5743105459535,orange
41,6,382.2938280350772,911.0991441365792,yellow
42,2,27.152953062255623,661.9673810439501,blue
42,1,953.6094725606358,383.5886931677107,red
42,3,482.3229829894328,1409.5367966985282,pink
42,4,705.4767179215644,502.0496266981437,black
42,5,187.24244376853025,532.1329270716683,orange
42,6,373.8568674633234,909.4775539632996,yellow
43,2,25.72138790833731,678.7491967101619,blue
43,1,952.8760307071,384.78328284578566,red
43,3,484.70157817178506,1414.8649608827038,pink
43,4,703.9662553314184,507.296485956664,black
43,5,172.12137685689788,536.7521401027464,orange
43,6,366.33357903068,909.6101355087628,yellow
44,2,24.302570981464218,695.3815686743208,blue
44,1,953.4625812118074,389.5646524879332,red
44,3,475.6137096580369,1422.5645263913689,pink
44,4,703.2572003390428,516.6214124192422,black
44,5,166.16509080850085,555.490417669922,orange
44,6,345.8778823708806,904.0196846637904,yellow
45,2,22.89633275017749,711.8664843036499,blue
45,1,952.6039060821691,390.2834199129298,red
45,3,471.5838000449226,1426.621548150721,pink
45,4,701.4697576665757,521.0128092989847,black
45,5,184.0268035755105,585.2749377381108,orange
45,6,338.0939422153832,904.8597045300515,yellow
46,2,-57.158840871544136,684.0965234394595,blue
46,1,953.539688392102,391.3776069583128,red
46,3,464.22652472315593,1431.4576371802,pink
46,4,697.7219067725885,526.0879350042994,black
46,5,214.5914975191343,635.3641890024945,orange
46,6,302.9335923856789,894.3985413974963,yellow
47,2,-25.13292678450958,714.3223144678706,blue
47,1,953.873052196976,391.8031078227589,red
47,3,462.0674195205956,1434.6793601572963,pink
47,4,696.6641191567046,529.2611986050739,black
47,5,226.32545069643604,657.9117365151284,orange
47,6,292.53078042067125,892.8211855555588,yellow
48,2,-11.50391166675479,753.4914132106073,blue
48,1,954.2292445470566,391.513680049027,red
48,3,452.59099362713584,1437.0681878797984,pink
48,4,696.5673604580325,531.6505899836465,black
48,5,221.46519114347865,672.8449766065139,orange
48,6,282.2303376949821,893.6944159367515,yellow
49,2,23.41435628024709,792.1027706099593,blue
49,1,954.6397197448052,391.0391264311323,red
49,3,448.4496528519253,1439.0871660559974,pink
49,4,696.7927684702628,532.2118025574592,black
49,5,204.4064317064136,671.2584872223002,orange
49,6,279.2738314417695,895.6461613441236,yellow
50,2,56.59807920679671,828.796130879224,blue
50,1,954.3504111378068,388.70123955394695,red
50,3,441.6677096660365,1441.9325042214618,pink
50,4,693.9475910753674,532.0300209311712,black
50,5,202.98320944337863,695.287344642171,orange
50,6,269.43718617719543,891.080932226632,yellow
51,2,66.77954544815556,847.6630776457848,blue
51,1,954.337794249642,387.55762433801385,red
51,3,437.3841424735775,1443.8413282877564,pink
51,4,692.7247204276531,532.3063727212326,black
51,5,214.3234623651403,716.5830389608635,orange
51,6,264.8597045613022,887.5294471192111,yellow
52,2,110.84974301021056,884.5698614907061,blue
52,1,955.5135454095924,388.1647744478407,red
52,3,431.2501349992694,1447.5770145000415,pink
52,4,687.4000729889841,535.2980967779356,black
52,5,198.7091601433323,715.8422007014369,orange
52,6,257.103251992954,882.4891944504608,yellow
53,2,152.32276608460344,919.3016299572932,blue
53,1,956.3370702442814,387.6959617644385,red
53,3,421.1756067321925,1448.3902942899742,pink
53,4,683.8350309712196,539.0036170165558,black
53,5,192.1009952532863,718.3985982971208,orange
53,6,255.57748971153785,881.2953541731097,yellow
54,1,955.9318500120188,385.8358525106481,red
54,2,150.52837659364508,933.2772349267568,blue
54,3,420.0921111765916,1451.3239290664,pink
54,4,679.6878888987566,541.6659980437053,black
54,5,221.4621857379032,755.831797447173,orange
54,6,254.56275795230303,878.0284041079715,yellow
55,1,956.5603142715828,386.6547131514776,red
55,2,149.2597422131725,941.6715027145476,blue
55,3,419.449895389198,1452.950745979145,pink
55,4,676.8347883535317,542.9897048589987,black
55,5,231.5689547278037,769.2915941597377,orange
55,6,253.9582676347498,875.9639914569149,yellow
56,1,955.8658878837676,382.7376509793068,red
56,2,176.66683623316817,981.0378661842102,blue
56,3,415.4704566026269,1453.2302092144391,pink
56,4,671.292305211428,544.1508471236291,black
56,5,232.89854888673327,773.4842742478143,orange
56,6,249.60607812557163,872.0324958981603,yellow
57,1,956.6073032710708,382.5027500016317,red
57,2,182.963565041904,995.3355035227576,blue
57,3,415.33183391593633,1453.52736663834,pink
57,4,669.4416495714955,545.9300085595509,black
57,5,234.44847226011277,775.3217380362692,orange
57,6,246.36555780794,869.5547100369765,yellow
58,1,956.9803668601782,382.2840744016441,red
58,2,185.1035510187613,1007.4206783787516,blue
58,3,416.7283918325091,1453.8514450708496,pink
58,4,665.0671993544228,549.2947197764296,black
58,5,233.1587867633359,776.2778390021186,orange
58,6,238.9644030640276,864.2578495040289,yellow
59,1,957.2793029161928,381.991694076536,red
59,2,184.815198125265,1014.1519046870116,blue
59,3,417.3599734463882,1453.89291000598,pink
59,4,660.935278502314,554.7663950249743,black
59,5,233.38446836732504,777.3429891722005,orange
59,6,236.51280849263009,862.4231524341802,yellow
60,1,957.2959602614906,381.964573508392,red
60,2,179.39783812966297,1019.873556052126,blue
60,3,416.1937253662031,1454.1805459104262,pink
60,4,658.0327901076123,561.0574895537397,black
60,5,237.11171335193956,780.3682616683649,orange
60,6,233.25240095735631,859.6737255202019,yellow
61,1,957.3001246096964,381.9577933470105,red
61,2,175.9636318773213,1023.7669743745756,blue
61,3,416.6850340688514,1455.1227097911838,pink
61,4,654.7282135287815,563.5891497318175,black
61,5,242.11447012769685,784.1590387224304,orange
61,6,232.38945599015145,860.711147713389,yellow
62,1,957.4791960786794,381.6662390872751,red
62,2,172.85348668956584,1029.5664249706554,blue
62,3,416.6295826349904,1456.036888874519,pink
62,4,651.4940578069092,564.4364367093727,black
62,5,240.69074089074277,786.3221864206581,orange
62,6,232.07685332274517,861.7130692729329,yellow
