1,1,961.9836298776514,1030.4201361724836
1,2,652.5234562725433,1348.6285242764072
1,3,608.1365033646881,104.27434289572452
1,4,834.6753770042495,999.4728987392086
1,5,630.741345129667,1252.0803315880808
1,6,611.7616691363369,451.20401199315677
2,1,962.457128076443,1029.6917542258684
2,2,652.4999935092137,1343.9900851134237
2,3,608.698358980777,113.48589223140934
2,4,834.4200914272232,999.8736732458967
2,5,641.4783899872485,1250.885763493856
2,6,610.6001870992991,453.1774937582219
3,1,961.811692727892,1028.8799453795216
3,2,651.347609256915,1340.85293520952
3,3,608.7877380657008,115.05100723404962
3,4,834.3703625847285,999.9517428828538
3,5,643.1085471696986,1253.3603408503527
3,6,609.9687527423972,454.38695055153346
4,1,961.3913638324545,1028.958721122137
4,2,627.2678985022739,1326.4666649641188
4,3,605.5245817670983,112.306697854444
4,4,833.4496132700366,999.191885428
4,5,646.0429777612028,1254.4805507644992
4,6,609.4102201786113,457.6556166993406
5,1,960.3735554589398,1028.6637883809074
5,2,637.8072229377499,1327.3196742111
5,3,606.4574058451458,113.61163436441822
5,4,833.815813211687,1000.0445047610916
5,5,648.4069319394492,1254.6346657115364
5,6,608.9250667389726,459.16124665321877
6,1,959.858055153143,1028.8877088040547
6,2,649.1237577766107,1325.2328718473623
6,3,605.6317569279861,116.09079048887182
6,4,832.8914383202484,999.9384680153331
6,5,648.1668715049325,1251.6606207310508
6,6,607.6606740978615,463.7591154111632
7,1,960.1505803763844,1029.8861696574752
7,2,656.2862332445935,1321.789024632725
7,3,601.3664009396151,118.37111403482496
7,4,833.410910068661,1000.6153653610462
7,5,648.6094673518729,1249.6453756201304
7,6,607.204188993446,465.214139188566
8,1,959.8200930384273,1032.6146744774262
8,2,665.0074160211788,1323.9836667697866
8,3,601.1079626850413,122.45034387996543
8,4,831.5316037053823,998.1050800919489
8,5,647.0915030794454,1251.5100232626323
8,6,606.0373621976661,467.4674207585163
9,1,958.767481568207,1035.0070455798386
9,2,673.4816237386048,1320.168482511798
9,3,597.9541958563225,121.40007824317456
9,4,832.2960479781473,996.9043021490523
9,5,646.6602395329215,1251.8598603279024
9,6,606.1078629296818,469.5199769806396
10,1,957.7361616953631,1038.4456815586589
10,2,674.4143107652928,1323.8853882332314
10,3,596.2024624493664,122.04009597923006
10,4,829.0929143937707,995.9872499073991
10,5,647.2541871186535,1252.7695256835548
10,6,605.8534752470016,470.63000585017073
11,1,956.7481478593119,1039.0913407191472
11,2,677.8868990389863,1318.5284325571024
11,3,594.1181578624523,122.04412404826867
11,4,826.4942949876123,995.9333559652803
11,5,647.2582437910885,1253.4214784512994
11,6,604.3404402097437,471.435362254576
12,1,956.2110041197246,1039.557473829838
12,2,672.2081128219047,1321.8608402648524
12,3,570.8392771022769,95.7718299218949
12,4,823.5028134013876,997.1433412878979
12,5,648.9759403530481,1248.870007883865
12,6,601.0720988213242,472.0923481714346
13,1,955.8752887526607,1039.9709818982167
13,2,669.0492221649092,1322.8339563100928
13,3,561.2959925508131,86.1994397557495
13,4,821.19484015304,997.5334567825394
13,5,648.3851508180916,1251.0532578472146
13,6,597.3273065916809,470.53891914740626
14,1,954.4702710743571,1042.0293868071153
14,2,663.2151019271764,1321.3567072004241
14,3,558.466977215465,90.09071294247991
14,4,820.8111591032163,997.0769580673151
14,5,649.5520058426257,1251.7145683934934
14,6,595.2295311156076,473.14684428999607
15,1,953.6223289066329,1043.3337696669944
15,2,659.3834765640795,1321.527529648464
15,3,553.1694608118038,88.40265621947763
15,4,820.7102023963746,996.9042870583764
15,5,649.7125328531578,1252.2498258340179
15,6,589.6022176641029,474.2062703005598
16,1,953.5795740941643,1044.8902700905894
16,2,655.6495860832019,1327.1840395298402
16,3,548.0017149580847,96.60742178117249
16,4,821.3622557687609,997.8659297747893
16,5,649.5617372893231,1252.749940968347
16,6,586.3592950434942,478.62225310957416
17,1,953.5922643745429,1045.4355389325976
17,2,657.0807826373101,1328.5478576211276
17,3,546.8811784376092,104.11216530835836
17,4,820.585265964942,997.8300023689334
17,5,648.1744706387403,1253.0961155855869
17,6,582.5538309945399,480.54871103545435
18,1,952.3838475520686,1044.466978505066
18,2,661.4789082606959,1333.8815615718079
18,3,540.2612481637665,104.5553298267188
18,4,820.9961076779367,998.8389049520479
18,5,636.6570854097592,1248.8667443334477
18,6,593.9297389129011,498.7021470000244
19,1,952.1946511222312,1045.1698118114768
19,2,664.3300149426492,1337.385462167576
19,3,537.1466743460053,111.53770585668387
19,4,821.5442163406692,998.5719882947324
19,5,618.6668637580643,1248.445833016792
19,6,598.3951749727129,508.5243294202102
20,1,954.1477860250618,1045.4533447078916
20,2,661.9494417796581,1342.2709807060467
20,3,535.8761755665831,114.70577674002882
20,4,822.0055792660884,998.1768686212253
20,5,601.2671951137374,1243.8917495845783
20,6,603.5388788086015,516.2150677320844
21,1,953.6479188246556,1044.3741632084877
21,2,660.3978430928827,1345.042261523746
21,3,534.2562703434405,115.53657430526043
21,4,820.7678532616383,998.2713804654735
21,5,592.3708442819233,1239.463907233068
21,6,601.4850070190886,515.8717988356844
22,1,950.6622267198131,1046.7036358949554
22,2,661.6605974664304,1348.326996124627
22,3,528.9848837075098,113.1775718170378
22,4,821.3448407309318,998.6872155345577
22,5,585.7662130895136,1236.6636924578195
22,6,593.7508659536712,511.7328544895789
23,1,949.652691780912,1048.977324224216
23,2,659.8390737653725,1351.3992839849925
23,3,526.4840950105583,113.31945246006154
23,4,824.391130825933,996.4064287863353
23,5,582.9300611065399,1236.6342815824833
23,6,592.4193270586131,514.9225165153587
24,1,949.5643614366588,1050.9120088254717
24,2,664.316712939352,1361.3198552784222
24,3,523.4042211191111,109.238996075056
24,4,825.7611284554727,997.1518458663279
24,5,579.1366413507466,1234.7151910401656
24,6,585.0929670582331,515.8439303851046
25,1,951.3368871766062,1048.853019193357
25,2,678.5596492966304,1360.3184327779118
25,3,518.6355977351692,111.491126766312
25,4,825.2692279738133,997.0693757409921
25,5,578.3700957288343,1231.1161379250543
25,6,569.2621135191233,505.78706485507814
26,1,957.0344082101182,1040.346869682708
26,2,708.2519486269624,1375.7162239496795
26,3,517.3904308851147,117.26460644044451
26,4,825.4762169009696,996.4145538584679
26,5,571.8495780469823,1219.6704216796377
26,6,553.9390002120603,507.22088280107516
27,1,961.5941193528726,1037.94543207577
27,2,721.2420431453957,1394.1017364187578
27,3,515.7966141613427,121.58692494096523
27,4,825.5450197914334,996.1745905012289
27,5,566.2025994493719,1213.8823794967636
27,6,549.550628450063,503.4939775988789
28,1,967.8572396823399,1039.0929548509864
28,2,729.499576506937,1402.880797276697
28,3,513.4429661675186,126.50406334184417
28,4,824.7644481824241,995.4233109201319
28,5,567.0672751031351,1207.5658604294206
28,6,542.2087001596685,514.3381686597853
29,1,970.9775511645385,1039.8421528387473
29,2,733.3894183266798,1403.2552033421289
29,3,512.1856504966922,129.10484461923622
29,4,824.4826423619577,997.054096669504
29,5,567.5197764672815,1205.3724692660883
29,6,537.3064863546658,518.0591465077105
30,1,972.9651061957097,1038.74783594055
30,2,734.5300074390977,1406.3085799255407
30,3,512.3021511957929,132.07630183349823
30,4,822.756496508165,996.334471112717
30,5,568.9134896995431,1203.0639982688726
30,6,533.0664567106171,517.382981193624
31,1,974.0340667276638,1037.8086134417294
31,2,733.7193501327802,1407.5526347563732
31,3,511.38336713039484,132.20842118350285
31,4,819.11980798776,996.8839774754733
31,5,568.6784681142807,1201.5035617119565
31,6,528.1342587182853,520.986611695752
32,1,964.9370147004214,1023.141526514217
32,2,732.6756869856737,1410.1696095723314
32,3,510.70565013304974,133.03456809289037
32,4,817.1413871430042,999.93092614872
32,5,571.673778706351,1203.3577642235036
32,6,521.9678292034569,534.2249713961671
33,1,963.8004049738246,1018.4581264804224
33,2,730.4994941638649,1413.5572408159337
33,3,509.27053322882256,132.58281159950076
33,4,816.4332141820865,1001.1118140613207
33,5,575.7709868994186,1206.3981216321247
33,6,515.3795342205086,538.2445658264185
34,1,946.5150533869152,1001.5323882518273
34,2,725.3048013651397,1418.2397341813364
34,3,509.4393349233544,134.15504254245957
34,4,814.7814419161109,1003.7111735933914
34,5,582.6641334386766,1212.6737622813605
34,6,509.5271749091871,545.6913569220923
35,1,935.2471524785159,988.3208613416979
35,2,721.899814619417,1421.9148584253517
35,3,512.9756904310974,139.63798318653656
35,4,814.635346183116,1005.9981217189733
35,5,587.1296108068954,1216.3292456962354
35,6,503.76058867261906,552.7058298649636
36,1,932.1690182757008,980.2211964658751
36,2,718.5568317705728,1426.2219489425775
36,3,513.487522653136,143.37002797271015
36,4,814.2101140605479,1007.4622535256559
36,5,591.2306558693023,1220.540957804788
36,6,490.3268780906891,551.4234568877544
37,1,930.6773673095278,974.5667114489406
37,2,716.1458587680842,1427.9799209294033
37,3,518.6181878493092,152.5451333469376
37,4,813.2284640964508,1007.2834263041597
37,5,594.1732181400082,1228.4672015238853
37,6,481.2848854031552,553.4113079860217
38,1,914.8890822626421,952.7907379631308
38,2,712.3293298743954,1430.0395509740388
38,3,521.1896681080121,160.06028122390822
38,4,813.8838512578814,1005.6548976058401
38,5,600.0152268387212,1240.8936363417388
38,6,467.7089840425431,556.609746955458
39,1,898.8129829844995,937.6844222721817
39,2,703.5361264522345,1428.933285603302
39,3,525.4349868376374,167.97466209495795
39,4,811.288609399461,1001.7434553228588
39,5,610.4366245803011,1250.8752412583715
39,6,463.3667859453253,572.1771540631843
40,1,882.9541509599071,912.6584197989273
40,2,688.2308539690956,1425.7618105556996
40,3,533.0071587227985,181.48716236770338
40,4,795.1629919976878,982.0087366827647
40,5,614.6263476459793,1260.1356085449324
40,6,458.20687155787294,582.2174515281678
41,1,875.3615973903569,902.2626963930097
41,2,676.1526405922958,1423.0537908248198
41,3,539.2397484000536,190.83235130341265
41,4,784.5631129367493,968.1880405361226
41,5,616.5954303572523,1264.9450557454365
41,6,454.6289872851354,586.8986643188989
42,1,868.466370545557,893.3984602863903
42,2,656.0064916805316,1417.5432692258903
42,3,541.3800566068214,194.4281371047453
42,4,769.8713203653161,951.4856983549818
42,5,615.0680072094749,1266.0664717680688
42,6,448.8460921565666,592.1376929036446
43,1,851.8687654900853,877.3218832942324
43,2,643.0788826517851,1413.6521102875006
43,3,541.7166902535936,193.66310004846346
43,4,759.2128073052535,939.8445905781016
43,5,613.8282337749295,1267.277292325173
43,6,427.68337633459,577.9361099999352
44,1,821.0240818757654,850.3222883284429
44,2,622.9678856705406,1407.1957207031423
44,3,551.4491666626369,202.0966967793684
44,4,742.669593094979,920.7769351809658
44,5,612.398073105379,1271.10477908552
44,6,439.1250628847234,593.9391950018883
45,1,798.5190554021478,829.0085189131827
45,2,613.184714897404,1404.6151427001623
45,3,553.2668854517002,200.46381827816168
45,4,733.0610406530739,911.7892132331344
45,5,607.2673319436565,1273.5576801466339
45,6,445.21759897127475,609.0656364984919
46,1,786.642332987527,818.3137205582108
46,2,585.0477690382087,1397.1016738312658
46,3,556.2843440388949,200.50735629701515
46,4,729.5461566116745,909.1037731145038
46,5,578.6360754797118,1264.8332022687189
46,6,448.3036092677796,620.0193601610209
47,1,780.9313471736848,815.4611373914381
47,2,576.5182425980582,1394.833236793128
47,3,557.959587231128,201.68730592772303
47,4,730.3374195788272,908.3245859454411
47,5,559.3550279353291,1262.326502976725
47,6,443.3592264564882,619.8216411704736
48,1,771.5778620681739,809.6516542612281
48,2,570.7300667518974,1393.080254050737
48,3,561.3384224359643,204.8219960155162
48,4,728.0478326005059,907.4883181544733
48,5,563.1194193160247,1266.721216354019
48,6,440.82361312474734,623.0131770430895
49,1,755.793013379512,800.1587574807651
49,2,570.5765341993405,1392.2364849379032
49,3,566.2107318290213,209.36238240548752
49,4,725.7783131819675,907.6765317665999
49,5,563.0607584698563,1268.4273335426467
49,6,424.6502562162705,613.3655364035828
50,1,729.2292958771257,782.5676791805347
50,2,570.8265004684932,1394.140090941647
50,3,574.6345733308686,219.3075611109141
50,4,706.9221382054775,897.433209481751
50,5,563.1639238527607,1271.1886632383778
50,6,425.90561078887345,623.6382225587748
51,1,710.828405849342,770.9806555647408
51,2,569.1635316099508,1396.3731751366902
51,3,581.0120760099138,226.89806217299585
51,4,697.0989529729313,887.5880427178165
51,5,563.0005942926639,1272.6166065350671
51,6,443.6670821714654,643.4599711311708
52,1,694.8083983201675,762.8027111328776
52,2,568.4593060233162,1397.799357721731
52,3,600.1563254886262,252.79933331337995
52,4,662.278728620639,864.5307606744319
52,5,563.956316891259,1273.8636930500197
52,6,436.8755861681164,645.9443670950366
53,1,687.697776695355,760.4221953587687
53,2,568.517310287632,1398.3449827233894
53,3,606.7763633842704,260.43073742530436
53,4,644.9648517981062,853.6339405572626
53,5,563.3601922156587,1273.647804261616
53,6,444.3230275555741,655.1156429504
54,1,662.5691533111003,743.1146318160803
54,2,568.7557418532141,1398.5428330852214
54,3,618.5484528259437,272.0896150956935
54,4,624.1874138159992,840.0107658973664
54,5,553.8772320237833,1270.986581455478
54,6,428.24547347804327,646.3422364356621
55,1,639.4132429625279,726.8065026191302
55,2,569.0317193535935,1398.6177430241792
55,3,625.2554782940161,276.44339110097206
55,4,613.9764580984013,834.0568381007045
55,5,544.5131455912802,1268.0964923320355
55,6,411.764634007882,636.0012863881677
56,1,626.1174802061662,724.1027976911573
56,2,569.2893888089943,1398.6576423503382
56,3,649.2169501834842,302.35956330536266
56,4,607.5755910399821,834.4020101615251
56,5,530.2936536754952,1259.021793115243
56,6,421.87106783934996,652.6494297144775
57,1,620.4287380945524,724.7561069224015
57,2,569.5225790779498,1398.6723134214026
57,3,664.7547587531154,320.5229510441816
57,4,604.068812655785,835.8735993239776
57,5,522.0289450385031,1253.2241607990175
57,6,424.7747162327591,659.9434925185342
58,1,614.2014268155401,730.1234060323138
58,2,569.71581050111,1398.6861616560293
58,3,679.754182734762,337.6076102856878
58,4,597.5825338602663,833.8865933069004
58,5,515.7634186382613,1254.0340123658734
58,6,433.9869199374295,671.9535116922656
59,1,610.7984729040127,732.1220136300293
59,2,569.8784227953296,1398.6845553567362
59,3,688.8329266027931,349.5067760561996
59,4,581.0870258411703,825.766264906227
59,5,511.75271526155086,1255.0681733563238
59,6,437.57877881117656,682.3811944225093
60,1,608.0313781604505,733.1692795942264
60,2,570.0378971251375,1398.6878266099816
60,3,690.0591386707009,349.0512028156155
60,4,568.395499668399,831.1548859051296
60,5,509.33888882752575,1254.7947534225864
60,6,475.29377380708974,720.0739327927885
61,1,601.7503211964024,731.7944677938752
61,2,570.1973360808756,1398.691097137608
61,3,693.6334543355773,352.2930183010632
61,4,562.2104374806254,839.456409587289
61,5,508.6246653126782,1252.4174961980723
61,6,495.076886259381,741.1312574500967
62,1,591.2833178437642,739.0923778027619
62,2,571.3284926429428,1399.0055025234524
62,3,729.1842792854468,399.20046078611347
62,4,534.811685295903,835.2124961695757
62,5,510.7430847914824,1250.3754933258563
62,6,512.4398973379343,758.8284001355573
63,1,583.7551604798856,745.2968473709789
63,2,571.8171235281914,1399.1239506529062
63,3,747.1540351576484,420.00694031602734
63,4,519.0747146714422,834.2864711394338
63,5,511.62875303342855,1249.833412340497
63,6,520.7751004031575,767.3701281240366
64,1,574.2071853575017,752.80236649815
64,2,573.0364412508155,1399.4836973089175
64,3,758.1921954199372,432.45073145134387
64,4,507.23481266354605,848.2172056746484
64,5,513.6342079305869,1249.4909745022578
64,6,529.9297059092795,777.1469418275243
65,1,568.5834229768201,759.8924344259741
65,2,572.5462450665095,1399.306313332683
65,3,763.9116507340195,436.9980632031417
65,4,470.76767010081477,834.4486996873568
65,5,515.4089848008433,1247.9172809918325
65,6,535.694534025104,783.1476357449735
66,1,555.9603514903378,763.886786735205
66,2,572.0590985199087,1399.8190466320004
66,3,767.4234699402631,437.0930596702918
66,4,478.7333614722799,856.3213663177677
66,5,514.7590616995842,1244.881955946877
66,6,540.6869680677519,786.9429993835844
67,1,551.3072546112785,774.5162391733577
67,2,571.8985926036916,1400.0080778297372
67,3,774.8881477156693,444.7614705815376
67,4,479.75737193362465,861.8452031619838
67,5,515.887738392569,1244.1093166468124
67,6,541.262802901925,786.5574232378692
68,1,546.3008091012296,777.9250562676112
68,2,571.8583350210417,1400.071348360889
68,3,796.9910842248025,472.15402841419086
68,4,476.7720266275204,863.4576619705787
68,5,518.4862573780065,1240.4134845821284
68,6,523.7585716072884,774.2684777742672
69,1,549.1935236457869,782.1607210964642
69,2,572.0124612158451,1398.0570628591463
69,3,820.8204361758129,503.36523002268984
69,4,477.06749210620853,865.8766253660181
69,5,519.4875325482338,1241.5237412761
69,6,526.9419981968919,779.9119731201655
70,1,548.7379287385471,781.5479836245172
70,2,573.7934157886159,1396.4607193420907
70,3,837.0787196644504,526.9395135678584
70,4,473.72561854137524,864.5815829704883
70,5,519.290156135504,1242.9585942596345
70,6,524.5339491586461,787.5741346330486
71,1,548.0264666222445,779.2976696433665
71,2,572.7612432719965,1396.689972671587
71,3,843.340514733218,537.8676361794634
71,4,471.827798161416,862.1314057972367
71,5,521.1058550069883,1242.910991690532
71,6,526.1682257436898,797.894123634071
72,1,562.789339353104,789.3772493843953
72,2,579.6523322568612,1387.315448548826
72,3,852.260666427823,552.7856863502207
72,4,468.77181216660125,853.4371398242341
72,5,528.112450895295,1246.846191152922
72,6,537.397051547343,816.0000528566984
73,1,567.6335538320261,794.2400891578257
73,2,575.7478934082825,1392.058570140777
73,3,857.1560969437807,560.5248089449287
73,4,467.5321181840343,850.521902370165
73,5,535.5690509511825,1249.0219687926751
73,6,522.9895130964768,807.3671363104412
74,1,570.2369194882405,798.3106190607643
74,2,574.8181634661565,1396.873282357581
74,3,877.0651145077175,595.2418420765994
74,4,465.97691021305496,844.8866457574801
74,5,537.9845580554302,1248.8707919939552
74,6,544.3411087239314,830.9240156606003
75,1,570.0245422591074,798.6629716724846
75,2,573.8176650471316,1397.8138089077866
75,3,890.8559002478478,617.0336178588875
75,4,461.14631440469066,846.6281703306139
75,5,539.6687196295455,1249.7256243994009
75,6,553.1904945985972,843.0609583183926
76,1,570.110751450708,803.5724893196691
76,2,574.5294276409197,1396.442437266932
76,3,894.6398412552846,636.553919948369
76,4,462.80383184525704,845.5300042973694
76,5,543.6656511636372,1242.4784109352024
76,6,559.8027061903924,851.1539875533143
77,1,569.5628667816533,804.8098551274695
77,2,575.5526247917285,1394.771196388576
77,3,897.9194555413137,649.7101757881043
77,4,464.373435404119,847.456914371191
77,5,544.4666558005745,1238.4905922094442
77,6,565.0753729228769,858.464897838987
78,1,560.6732135961025,822.9395779184177
78,2,578.0574819764859,1392.7302357782874
78,3,913.0791962783738,679.0012865343942
78,4,463.9081595138934,850.2727164570942
78,5,549.8221968963828,1233.4714502366667
78,6,542.1577981644755,847.0867454932578
79,1,556.0330150910725,828.6674513020512
79,2,578.984937366304,1391.9671234773018
79,3,924.7541415017693,699.4977705797984
79,4,462.69541155383484,849.9126707717435
79,5,550.5169574128321,1233.5937607889275
79,6,567.111321828281,870.6183007702923
80,1,581.3167578371349,849.0657650902214
80,2,574.4146231978649,1395.67419852218
80,3,929.4434234046649,716.9471806538717
80,4,466.0880265304957,848.8878493433131
80,5,555.9409033498528,1227.6863310512085
80,6,579.3960328810716,884.8204423739038
81,1,571.3159434075586,842.8678233832053
81,2,573.4343914607662,1395.9486436677178
81,3,930.8438836600127,725.4473132780736
81,4,470.94201999477997,851.579770629788
81,5,557.8747046474889,1225.5151913850593
81,6,580.7092859481841,886.408328790578
82,1,561.5518736592717,841.4059396696704
82,2,564.6773483000115,1394.0841153675883
82,3,928.19774139012,732.6787860053428
82,4,477.48954604288093,850.066863113006
82,5,551.7667216172864,1233.288687124771
82,6,601.0093305581912,899.5820748074215
83,1,559.293581971594,841.702504864515
83,2,559.3020706961645,1392.7260102917694
83,3,926.8784225660061,734.9194451969224
83,4,480.7970678307936,848.2951123373501
83,5,550.5671401443055,1234.438371021962
83,6,617.4076714900873,908.9279065439954
84,1,550.9814384626522,832.7789986024673
84,2,544.0986309494639,1391.6046646537786
84,3,933.1480983546597,739.2847743945476
84,4,481.61390216399377,846.6930949981769
84,5,543.2730187735535,1231.8548609587046
84,6,608.5361280304612,898.7239999854188
85,6,642.4730593421081,896.9564993903631
85,1,562.397115227311,836.9956335629066
85,2,528.6072674215817,1390.316404471723
85,3,947.4775837352738,759.2206751152105
85,4,480.26261106081836,843.6559270169512
85,5,535.0127291099149,1228.0452717804837
86,1,525.0506992010373,802.0765457613611
86,2,513.6447746578847,1389.9126927531106
86,3,958.1321634265524,777.5809290386518
86,4,484.7250589851495,841.3688349905149
86,5,517.4559674578411,1216.3818762381236
86,6,648.2883833003658,896.7383535063784
87,1,545.9721881501223,816.883945086445
87,2,509.35876409618186,1390.1453524988074
87,3,961.3169699414238,794.7709469369878
87,4,489.2725146490575,840.9162120324164
87,5,509.26032016303895,1209.074489178795
87,6,656.194827080505,890.1321719841164
88,1,560.6755123283731,826.2056264431507
88,2,503.3892370803376,1393.2280376246454
88,3,961.9500017838699,803.2842898782546
88,4,502.2131782445855,842.6224650966424
88,5,501.0513548993517,1199.6552053926064
88,6,664.27950987197,887.0456199012451
89,1,566.2694116038933,827.9969637248223
89,2,499.1166347423853,1395.9204744779927
89,3,962.1564469925087,805.3886595175067
89,4,505.53862458789587,837.4173924732165
89,5,498.2799607577824,1195.8495540004162
89,6,669.0348897515732,885.2269171928615
90,1,573.3661052730945,822.0693530424445
90,2,492.8260224063185,1396.187289211419
90,3,962.9429508610706,808.2761422450618
90,4,510.01957364926903,834.9975702525279
90,5,497.21175179804254,1194.916889793815
90,6,683.9038400922373,884.0117443518292
91,1,575.6027471400328,814.0560687376593
91,2,490.7465635790472,1396.2790376242651
91,3,962.5326077434654,809.7680711245803
91,4,513.3325803832961,833.0244555813512
91,5,495.5120418278077,1194.484110053799
91,6,692.2838282675256,881.1650548691754
92,1,591.7648701091829,801.611701786508
92,2,475.97251778775706,1395.056545083863
92,3,960.5859653765347,810.5362437882526
92,4,517.1777461212937,829.5862970388043
92,5,494.18183721935816,1193.1858626413743
92,6,699.4521486327909,870.534356040658
93,1,600.3837186445678,792.598706187785
93,2,464.28045502522576,1395.7118789976976
93,3,959.7138718196371,812.4922961825298
93,4,522.759486197463,829.8506711347862
93,5,491.7507643980852,1190.9713670044903
93,6,715.0659847265553,844.911382302163
94,1,603.358895183572,783.0842966361497
94,2,446.61257148648946,1399.5304637797683
94,3,958.600703323036,815.8044710428793
94,4,521.4070875999213,820.2453423307799
94,5,479.16143667347194,1188.4130981821816
94,6,744.4732088044503,858.6169383551306
95,1,605.3044844930708,774.929039947899
95,2,446.3342497588948,1404.9024431525602
95,3,956.692695462143,817.1008243603223
95,4,533.08389419711,797.7848596330783
95,5,467.0964373364173,1183.6998917491408
95,6,765.4322781016078,870.57348060507
96,1,599.0883674741324,749.3378036362859
96,2,443.3539542058414,1409.670912926361
96,3,955.4463960321771,819.9041469013747
96,4,534.2455055466867,791.2370930798297
96,5,454.66805256567545,1175.619805183668
96,6,784.6492979313069,872.5313263525114
97,1,595.0111227138942,726.6856610099185
97,2,444.1319732792284,1413.3273876796607
97,3,955.9474811050538,819.1834085240955
97,4,538.5278952402591,782.3564713754465
97,5,451.40250393586996,1173.7160759988858
97,6,794.8306262785325,872.6047462199825
98,1,626.4228332521236,737.7296603526563
98,2,439.0994476362304,1414.5881407988525
98,3,952.093698598541,813.3572481566137
98,4,566.5042952512122,780.8504588432014
98,5,445.4223624233231,1169.9244926611375
98,6,801.3822058106633,865.3267498756578
99,1,652.4628313888187,753.86050500173
99,2,436.6808490563947,1416.262603526682
99,3,936.0969292124194,798.3753158124848
99,4,582.1432500503748,780.8701220806064
99,5,445.49307991726494,1168.208913493594
99,6,801.6332300751674,865.2359861132629
100,1,672.6510268133298,730.3416115370356
100,2,425.5380136815749,1417.6964142462393
100,3,913.6675619812288,777.1779059156971
100,4,600.6658380703448,775.81053739754
100,5,442.2908764062864,1163.3275191586727
100,6,803.0305352476488,862.4634929674598
101,1,673.1893263233924,729.4563499774666
101,2,425.21848313476744,1419.1309355375681
101,3,903.008195317366,767.4010457144713
101,4,609.5851889317858,772.2537792607068
101,5,436.51503457511353,1159.4179551786685
101,6,804.0737186638426,857.8485769624796
102,1,673.7277084758148,728.5709525082355
102,2,416.7715257398956,1421.7946445999082
102,3,893.5763472080724,765.9161325355764
102,4,619.1148052497224,765.1662942662423
102,5,427.3605874820011,1150.9814723817817
102,6,802.8106533957736,853.7070620001745
103,1,674.2661732896298,727.6854190980422
103,2,412.5688936508418,1422.397698795976
103,3,888.3847146344557,766.1135106980581
103,4,622.1409771684296,758.1375158149403
103,5,419.89173609775213,1144.528856082787
103,6,801.4083559788883,850.9331051400081
104,1,673.5931051889472,728.7923146187858
104,2,403.345312213063,1423.4920826722503
104,3,868.0677359568258,742.8238974470977
104,4,638.9264407561606,756.476385362569
104,5,403.6261948889803,1132.9204023265088
104,6,786.3172851043994,830.4932222437546
105,1,672.9201662392556,729.8989977440029
105,2,398.44461987551404,1424.1720752193287
105,3,844.8658719374031,716.4596510016768
105,4,648.4226955973224,759.3729533217997
105,5,393.9991746748251,1125.4871390998867
105,6,767.719398547571,812.1280412729307
106,1,672.2473564033855,731.0054685348206
106,2,388.85979303517877,1425.3058512258115
106,3,836.9792559764421,715.6527131528603
106,4,654.3924826979022,757.594970136212
106,5,395.3122935152705,1120.1843534378488
106,6,757.9990878414616,801.1294756717174
107,1,670.991526466497,738.2027960551635
107,2,379.0567465730647,1426.3105507776627
107,3,833.6842318464531,713.9845812275853
107,4,656.8981130629846,757.5818333228359
107,5,392.49636215161087,1114.7728663371836
107,6,754.8502884600667,798.8833519506325
108,4,654.9554403538847,749.1370033720696
108,1,653.9944763367405,751.3395146115832
108,2,359.413601319099,1425.622395454797
108,3,829.90198706988,710.5745038731026
108,5,391.7279535514481,1112.9869492840314
108,6,710.7136267859611,760.0149482585119
109,4,662.7073690721818,746.6944742002921
109,1,651.3256126697014,751.0707920799844
109,2,350.0589780256693,1426.2939201302886
109,3,821.7085237962887,705.4285308423883
109,5,390.88729205107256,1112.1601551890826
109,6,720.581080117104,766.3360758680441
110,4,670.4109316371643,744.2671845572416
110,1,653.4423043842411,754.8311642517587
110,2,343.8819518613288,1428.8319376040158
110,3,785.7379682361134,673.9310830716406
110,5,390.5572632584942,1104.5351335481382
110,6,719.6539531445889,765.4913025042293
111,4,678.0665792932689,741.8549922618246
111,1,655.2672816214608,760.4685217090639
111,2,340.1745125457493,1430.064918218687
111,3,782.1689687474048,676.7297056727891
111,5,384.8552236951844,1095.5489403893896
111,6,718.7946637607838,765.4760077183017
112,4,657.2545179719597,719.1918215877848
112,1,673.1922261578471,782.8854428869822
112,2,340.09682888615356,1431.4723894198664
112,3,761.7973966059817,663.3827980493443
112,5,363.0572330440881,1080.9631072711302
112,6,715.2879935573159,762.0020114578654
113,4,635.5671672924167,695.5755097611915
113,1,681.8377877450824,793.1153926002366
113,2,338.96304919395976,1431.6020667994155
113,3,752.824383237566,658.3911044793415
113,5,347.7606022695085,1066.8950939131005
113,6,713.6948492006911,760.6001421820648
114,4,612.9481233236163,670.944636056065
114,1,682.2054343932268,807.19264340244
114,2,328.8804493472993,1432.3025646755189
114,3,751.1168780602786,660.9866986332971
114,5,329.2209440525334,1055.268013612217
114,6,712.4172653138631,760.7747980515917
115,4,589.3360295012108,645.2323866057574
115,1,677.8403406401166,816.78829680409
115,2,325.9143687757969,1434.1720557554977
115,3,724.5547221166036,635.8285101916118
115,5,321.10180970278174,1049.9611528443052
115,6,710.263120377913,760.5583765343118
116,1,652.6707547993042,807.3164833923483
116,2,322.563204845755,1438.8348569940206
116,3,683.8882981244077,597.1609652260319
116,4,611.5168691726187,644.8896385126403
116,5,320.4810172715386,1046.6490879800763
116,6,702.5325615444796,755.723720029422
117,1,639.4296769576804,804.9808912034591
117,2,325.31249900788106,1442.1583328539675
117,3,662.2832231041376,582.9661499000537
117,4,608.9054656643044,637.3704729751856
117,5,321.9118796329504,1045.3303861661711
117,6,699.9520464684189,754.3940887296121
118,1,629.6196398832961,819.576433985212
118,2,325.33595674230327,1445.3066951069663
118,3,649.5402332453225,578.4821776609022
118,4,603.3203902981253,639.6575313432432
118,5,326.87617691191366,1043.5020750548606
118,6,688.8016992536197,751.5000175155205
119,1,622.227132672329,826.4722320864585
119,2,327.46388372876646,1448.3710509086402
119,3,640.5810151625291,574.5058809104604
119,4,599.2491293027614,637.8142839432347
119,5,326.54697556268235,1038.131649341591
119,6,680.3772464711087,753.9575696516383
120,1,618.3932442749469,833.8801707515547
120,2,323.9064572642954,1449.1731944519215
120,3,623.070509045269,561.6982106506819
120,4,584.8095131274383,620.9115930500212
120,5,319.1825922153185,1018.0471226071487
120,6,675.1849581751154,759.7701655277158
121,1,614.7975901937623,833.9237601747152
121,2,323.28868979883913,1451.0337808456836
121,3,600.940182738462,540.7071940193727
121,4,581.7146932117187,617.6442119783025
121,5,299.3311517171083,992.5842317602882
121,6,666.7063771512381,774.0728623118528
122,1,614.332238138332,835.5999702578581
122,2,316.98965197721964,1454.0322596373871
122,3,590.9952503240949,539.0101638158507
122,4,560.3554257922564,595.7897657473935
122,5,249.39938397332358,942.5556215961781
122,6,628.809976151018,755.7518781366233
123,1,611.7667047704415,834.0333960220182
123,2,314.7427005047085,1455.0903558427256
123,3,584.8186103850453,537.7488716750104
123,4,550.5748190288482,589.537693814069
123,5,232.36581671902636,918.9993974331709
123,6,608.1981420613446,750.9465582332167
124,1,638.1518901274275,848.8302614812719
124,2,310.830264151404,1455.4668131807714
124,3,580.68231943521,541.7119729999337
124,4,524.6910960315643,571.2083748635588
124,5,253.61851700341057,917.1468271937503
124,6,591.8202852323759,763.9363686509273
125,1,647.1931805784994,848.7450914063812
125,2,308.09137103381465,1455.2181931664034
125,3,530.7109152889562,492.341621445856
125,4,517.358134295251,563.7530336781098
125,5,252.19560888954317,903.8211622411226
125,6,586.2793149228874,768.3809318167504
126,1,662.4201229413427,840.4201149887057
126,2,302.1169424250357,1455.4795099949874
126,3,478.94734039701785,440.4177967360635
126,4,514.3876858353132,560.0085837975805
126,5,251.3935920033432,883.351909512542
126,6,582.438263618701,776.8540925627509
127,1,669.1176593205181,835.6587786582867
127,2,296.75732414434646,1455.5597528257679
127,3,432.2888133010812,394.66303854139016
127,4,512.2651268965128,560.4025440623643
127,5,250.84513995775123,873.3202721762863
127,6,559.7022975217616,762.2420767571216
128,1,675.5726595131435,829.8585642568487
128,2,288.2437947736923,1455.634564102278
128,3,426.88294455815566,397.4635409510747
128,4,505.2532731251827,556.7001669092837
128,5,241.86573328963715,857.8636204652748
128,6,546.5798364298112,767.7585663096577
129,1,678.8377956779152,823.310527689185
129,2,286.6347827717492,1455.9286461105987
129,3,431.4571474786622,398.1693762097368
129,4,492.13053841113174,550.9361839392772
129,5,256.72140409369626,856.5913120195353
129,6,542.7710258719317,770.287037795392
130,1,686.5235358465698,809.9327839540105
130,2,287.6656555909351,1456.3086528913448
130,3,456.31538910463473,424.9011231642641
130,4,461.89712493902397,535.1030404562445
130,5,309.32091791688873,866.7098516217993
130,6,536.8216883514277,769.0255281787379
131,1,702.6938539173315,807.8778181802328
131,2,288.2029328181976,1456.4171141917077
131,3,461.64130311544113,431.41717490482347
131,4,448.875999090983,526.6470023738019
131,5,328.22368271745006,867.1701518056286
131,6,535.4734230969193,769.5212004496886
132,1,718.6946111683715,796.0964405377548
132,2,288.5319862057314,1456.41729151639
132,3,460.1814857412093,431.68785459507365
132,4,428.66935641848386,511.00925850036646
132,5,339.3653079034731,864.9758223643046
132,6,521.4771146540791,773.3430142173924
133,1,726.8587111364883,788.0678002128651
133,2,288.77088154384813,1456.3854609655136
133,3,462.0975743401044,436.6045455843176
133,4,414.83887036555046,502.98660051562507
133,5,344.4959001950432,862.7439823747683
133,6,515.0427695100049,775.4222388810064
134,1,739.8109968852198,774.1733209998179
134,2,288.9612523690658,1456.3432714023957
134,3,466.45559136247573,442.8467137320484
134,4,416.5886333846687,511.8770414651354
134,5,365.11649059257144,857.8360741400398
134,6,503.66316006485494,777.4375313253198
135,1,753.1142850096226,771.1688705199076
135,2,289.1515877806098,1456.3010896875787
135,3,475.0494322625451,453.80102718265226
135,4,418.5111054226069,530.7060192755398
135,5,380.7364914791461,858.0611301929598
135,6,499.20857081438515,778.9801033542268
136,1,761.8296976680863,768.8713591409277
136,2,289.28306874116134,1456.2654573141872
136,3,473.29366783354567,451.7997083810593
136,4,404.71904003251666,525.6082703470927
136,5,391.12824388953453,857.9808302693688
136,6,499.1367227855729,782.9786809081469
137,1,765.5504918236497,767.1205015330067
137,2,289.4179912082335,1456.2241929378695
137,3,473.4460656948119,450.11384535910537
137,4,396.7853305935859,522.4198722259382
137,5,393.22192530474035,857.1442657322066
137,6,498.8579447789891,783.8095814260516
138,1,766.1179838485752,764.7803159540368
138,2,289.49409020083044,1456.189472076851
138,3,466.1104917762357,438.47963989825644
138,4,393.9271995468291,524.9582452928036
138,5,394.54821777810344,859.4044142600214
138,6,498.33748444570017,781.5344916149215
139,1,761.0206274771768,761.7751561490785
139,2,291.0217052833845,1456.4655681228146
139,3,457.93084447772856,429.2676786050051
139,4,386.42449742401516,520.5154366851538
139,5,393.79487694739987,860.2943828547923
139,6,499.7074626442615,780.3253328179594
140,1,747.8193018807115,754.4001199246608
140,2,289.8124448344882,1456.9204396045636
140,3,447.9016005183964,418.5030650872728
140,4,386.90409504974116,523.9547403809431
140,5,391.9112145769408,866.9500485538349
140,6,504.2152943127347,782.4217348328884
141,1,731.8191741882982,752.458241888081
141,2,289.79851360603163,1456.4076406343352
141,3,444.0563342848122,412.746581363895
141,4,379.9795556814394,520.8670672022149
141,5,391.0764951703027,871.4359968729555
141,6,506.4972117891478,782.320924616728
142,1,729.3846818774359,759.4202672181203
142,2,289.8676344899931,1456.205695957506
142,3,429.2948756184473,396.6612765225322
142,4,359.7648388375005,508.8581512835484
142,5,388.87188903339535,879.7615835373728
142,6,502.6167501754006,772.7714778794607
143,1,727.1985466751737,761.479324467249
143,2,289.9229465735863,1456.1155361980486
143,3,428.08077922686476,393.4754278671281
143,4,348.80001672032716,502.6957979501805
143,5,386.572388682021,883.396898899249
143,6,503.01804912968794,766.0094322685513
144,1,721.1726118228481,756.6833008177347
144,2,289.94714590035625,1456.0760908302575
144,3,418.58672294527906,375.44389998415676
144,4,342.73622605166025,504.6884920953974
144,5,390.4682510995337,891.5094816122568
144,6,516.352120572289,763.3888465138756
145,1,714.5773113287551,753.232231074924
145,2,290.01283990972104,1456.058287525487
145,3,417.3321833553907,367.6246070725202
145,4,337.3087005694885,503.9544817910378
145,5,391.3413123059878,895.4441229545475
145,6,533.282688873892,768.6031916185225
146,1,709.7578417606474,747.2182879820165
146,2,290.0716160682827,1456.0517547927047
146,3,417.0150368785826,359.8676594058639
146,4,355.0908430615838,521.9906949701415
146,5,397.3903899061193,909.3835621366151
146,6,544.7818748005573,772.3813254846843
147,1,707.9836746715852,745.0661655624465
147,2,290.08544373199004,1456.029215807434
147,3,412.3900986680219,349.64904517095556
147,4,354.8392626545449,523.1109480873419
147,5,397.94007838440115,913.5059223642055
147,6,548.3620819651857,773.2207124042019
148,1,696.3789633331686,740.3794965850417
148,2,291.54645575739113,1456.3231922194336
148,3,414.02308829655755,348.3817061903156
148,4,344.43924864465316,513.2999228568287
148,5,395.3233353438454,915.5773128895348
148,6,550.3069875338041,769.1697599596637
149,1,679.1615246702836,719.2227768929381
149,2,290.6798740200026,1456.1311057210198
149,3,427.75383344368265,359.67124327759456
149,4,340.8869868943238,509.6793901830084
149,5,390.70137136632627,922.5030171323322
149,6,550.9595711966899,767.6198433852462
150,1,666.4047784611549,700.4899926159524
150,2,289.9403169985573,1456.7120175688954
150,3,426.77309681216497,346.5813246433447
150,4,339.4287399781795,506.5059729759702
150,5,377.86208058792965,930.801552056585
150,6,551.2953887186909,768.4431993511799
151,1,661.549020905893,694.0904324414201
151,2,289.6914447030862,1456.939190631648
151,3,430.654353898592,342.22670985959877
151,4,337.1553410160801,503.6998302255116
151,5,381.7843225353405,940.9641099869489
151,6,549.9481928403671,769.4223390631014
152,1,658.0817843912557,690.1217387039583
152,2,289.591193230117,1457.0133511506745
152,3,446.117940725658,342.26375997521666
152,4,337.40278775005595,501.1632918554726
152,5,376.0009449210663,954.8630508416368
152,6,546.4785261298583,764.3288577508138
153,1,653.9103533688562,685.834793056686
153,2,287.7119725154027,1457.3964694518838
153,3,453.6040371729921,336.7750067061587
153,4,335.6287250937827,498.4979033321959
153,5,380.33192326865344,967.0909719817316
153,6,541.7160631716013,759.5550219272727
154,1,645.2107888142145,675.2567134352502
154,2,285.20433826716186,1457.9027634234685
154,3,452.1329244660423,322.42068746334564
154,4,329.87131986027896,493.64248304953173
154,5,385.32370013564855,974.4984880385695
154,6,527.0384674392127,747.635093724976
155,1,618.6268002460853,649.48595209859
155,2,284.21407467468754,1458.0819136141865
155,3,451.4939266318743,314.21253693401434
155,4,330.40506507243197,490.2156462136081
155,5,385.7776106714675,977.8932740484812
155,6,510.1970378610715,734.3768072134184
156,1,597.6660100422652,630.4156561683583
156,2,283.89770407956485,1458.1488794276834
156,3,451.8480304537739,297.2575562380292
156,4,335.19954834358373,481.2203543644848
156,5,381.7754761475795,984.1343256438391
156,6,492.3744236624805,720.4847355549562
157,1,587.8668011317895,625.5535176544614
157,2,283.7829028847477,1458.1564645521398
157,3,447.16465396993414,283.4209112630765
157,4,341.52098246066686,486.0011790690812
157,5,380.2733914351607,987.9577762288243
157,6,476.6151295569496,709.0729923834207
158,1,584.3314056100669,611.3652830683696
158,2,283.7829028847477,1458.1564645521398
158,3,453.30581468451146,278.0022611831381
158,4,343.99886340756,472.264108528601
158,5,373.2783398039069,994.7167013282003
158,6,463.1747382760684,701.9297778947093
159,1,570.208937320586,594.6697758952142
159,2,283.8385737950171,1458.1554963480546
159,3,455.67286750760576,275.9900749513436
159,4,350.9190481277645,464.1339432627472
159,5,371.4976629289492,1000.7881281509384
159,6,455.38911284073595,696.3099651616255
160,1,559.4935037372343,584.4422684543209
160,2,283.84549990398034,1458.144198420668
160,3,462.4329528390394,275.92616034000525
160,4,375.28723872287526,450.90523436746696
160,5,365.50431856776345,1006.8163172172864
160,6,458.1900427304584,695.6053493114784
161,1,554.4551618061633,579.6561915870943
161,2,283.8524260274269,1458.1329004696574
161,3,465.1915151912483,267.8379886407985
161,4,372.6974309988288,427.3274433826103
161,5,362.50085012612095,1011.7394455780567
161,6,459.38704918433905,695.4608631905468
162,1,547.1176567033988,576.1180065585709
162,2,285.36534836528887,1458.447172883238
162,3,467.2279681206653,244.37706230837975
162,4,359.354850485483,394.60722174728875
162,5,353.4638184309805,1023.3501438424823
162,6,457.9777712459878,689.1884775845023
163,1,547.2402486719852,579.1194219607676
163,2,285.9071325653464,1458.5492529028309
163,3,467.8336724763518,230.53058015622926
163,4,327.68623811039856,348.8938556048058
163,5,340.2933127291296,1024.543967132035
163,6,455.4330739815948,682.4732357183665
164,1,532.7435710410572,571.617687531922
164,2,286.1084492010445,1458.5791761065507
164,3,473.92812046836934,214.98281414166118
164,4,370.4423988635012,371.46826597352265
164,5,339.8028221434356,1035.094910882248
164,6,438.5997087765247,657.6869706681692
165,1,517.0671631768432,566.2009926718813
165,2,285.2141097337233,1457.6177010753656
165,3,481.82545479200076,210.38536319458777
165,4,392.32629284989594,386.8350304598587
165,5,331.129779704045,1044.4060637540988
165,6,427.70307261580035,640.8927341833039
166,1,476.2376588445235,537.6461676202576
166,2,284.83437727943897,1457.2497254019318
166,3,481.1829750617881,187.91112901135435
166,4,402.16618372667733,392.2080413316428
166,5,329.9531735927239,1049.7384469547646
166,6,422.9661386322029,629.8730918211544
167,1,461.5102476386016,529.1142238097677
167,2,284.70188662644915,1457.1066005185396
167,3,484.80678326325426,178.14633374422394
167,4,404.7765488145431,393.7727983273406
167,5,329.3896862123569,1051.8812894724485
167,6,422.31465047649573,626.8664639169463
168,1,456.6044639797637,536.365039327031
168,2,284.2618222632931,1457.7345934494558
168,3,496.2465974250339,168.30597483641708
168,4,405.9792763235495,390.77751094130616
168,5,324.55661924670335,1056.8971274011406
168,6,418.6529087651461,625.7714619333824
169,1,454.3306628961766,536.0376189713755
169,2,284.5284894319024,1457.2996145622612
169,3,514.5190072335276,176.18431000613788
169,4,402.5072600209772,393.72180911596763
169,5,320.8267047856958,1060.174412053505
169,6,417.2199498627303,626.1614959068504
170,1,444.0289978147906,528.2447979695022
170,2,284.6289280868597,1457.1357822667728
170,3,539.6246850653089,194.18602538461846
170,4,401.1086993426136,389.83360713432336
170,5,318.4795419801273,1064.8411319584084
170,6,414.8725360804804,621.2703418805477
171,1,423.32519709364374,512.9714726641829
171,2,284.61830914593446,1457.0632714939645
171,3,546.3081697911778,197.4504484288246
171,4,395.31883416200793,389.2213198064012
171,5,318.10034058587485,1069.1872378522992
171,6,405.46633653587764,614.3268758868546
172,1,384.2383363471112,502.94096479367033
172,2,284.632163511891,1457.0406725110693
172,3,554.6672848093053,190.77297286535068
172,4,391.82284565931417,399.6442433369496
172,5,319.789635464236,1073.0206154220675
172,6,368.54447169637,588.2397767685865
173,1,368.4052996634914,497.79056714712453
173,2,284.6878073349789,1457.0397403357047
173,3,557.3366015181144,183.50415881713957
173,4,388.9777065695984,406.0749242512827
173,5,320.6966808936684,1075.887316969716
173,6,353.2227512252119,580.4417949922558
174,1,353.06748998162277,501.2411910732528
174,2,283.2771713680589,1456.733150994499
174,3,563.2067324833414,179.79485725612258
174,4,388.9249183398889,414.46549715897714
174,5,318.1571196662275,1076.3576204496424
174,6,335.3497147436212,572.4423751897416
175,1,345.41944343689136,507.4283646198969
175,2,284.1552103083775,1456.9200097220412
175,3,567.6248956864696,176.71667210447902
175,4,385.2315937439595,416.38665132758894
175,5,317.02596912431653,1076.7133878409045
175,6,316.46431065252824,563.6759204844479
176,1,333.74195307586695,516.3411919315299
176,2,283.0296178384902,1456.6868621191954
176,3,570.3319621717861,168.53178384029084
176,4,380.7151538757034,417.27128144985875
176,5,319.4883705775525,1073.8833163635284
176,6,309.29327795007043,561.8004584296074
177,1,324.8144849342087,550.7184177017026
177,2,282.64237579223305,1456.5980577906541
177,3,580.5536252273471,171.93106673594738
177,4,377.49670118975644,420.10792015407515
177,5,321.130499591095,1071.4807453808876
177,6,304.01926455887644,561.8823077984197
178,1,269.9658359754501,541.3336782426702
178,2,281.0705115132123,1456.2763484271366
178,3,594.4358872997412,180.47514268013666
178,4,366.12625117086446,418.3949028157435
178,5,313.40696907388195,1070.4957496007075
178,6,306.9691550116316,567.447708751783
179,1,258.81605522292557,542.7876206701798
179,2,280.90284970359124,1455.4656165276933
179,3,609.558231732335,195.639865918669
179,4,364.62318311800664,420.510906141674
179,5,307.351504017678,1062.8168180055734
179,6,296.6519326371738,574.8572452924642
180,1,247.57350452962032,544.2536603896336
180,2,282.23020344130185,1455.467069840359
180,3,628.2424352267433,211.50300694872485
180,4,362.8059527083563,420.84496047259023
180,5,299.3698658361275,1054.8409413882368
180,6,285.4367859633267,573.1060373083809
181,1,236.2370212428549,545.7319490120939
181,2,282.77109459940647,1455.4865438569118
181,3,635.3939246731446,216.3275177797382
181,4,362.147585147386,420.92846968760495
181,5,296.20018254588183,1052.1467870366475
181,6,284.32261213019433,575.5998262685738
182,1,225.65789861671084,555.169274630001
182,2,282.9873522816629,1455.4943299070637
182,3,646.0079726057978,226.93000942801635
182,4,362.1292325896088,423.4789315903
182,5,292.5354860803502,1049.8724134930856
182,6,235.91725060904486,560.7104539683472
183,1,215.05018120241112,564.632108821383
183,2,283.08852328636675,1455.509541393969
183,3,653.4011281339583,235.62703923346643
183,4,360.2079925577329,422.55498400083127
183,5,292.1312957657041,1049.4312669277456
183,6,222.15892148816,565.9309187024409
184,1,193.74849701162003,583.6347177354261
184,2,286.42911890873444,1455.4565939993258
184,3,660.9885335811259,245.52739085933126
184,4,358.5322290322651,421.18766561305927
184,5,290.663044494568,1048.0339814909064
184,6,192.42179946911486,561.3403434454564
185,1,177.61252908212953,593.2841886538059
185,2,290.55895980268986,1456.0605763045714
185,3,664.2653528752276,245.7362633133567
185,4,351.58078508888303,416.06003393259425
185,5,289.3594679287283,1047.1021437878803
185,6,190.30839512632403,576.3461893889233
186,1,161.36221208982394,603.0020414604604
186,2,296.3958168575981,1457.2100748595594
186,3,667.43422646406,243.87944936257728
186,4,347.7384913473561,416.1021500429315
186,5,289.5637300065661,1043.8640588612036
186,6,184.251840675416,586.6070696541162
187,1,144.99632619427356,612.7890056322215
187,2,301.84667093082936,1457.5878819105974
187,3,667.0500316335322,243.0478829885188
187,4,344.3550125661502,414.2066766966929
187,5,281.761621533353,1035.5131337752869
187,6,181.79267022818772,592.1633525811976
188,1,76.19701828582218,609.8522790469794
188,2,315.2153350918593,1460.185631232391
188,3,672.2415309976178,255.03500091882367
188,4,344.09080174311697,411.91386778213626
188,5,245.98746211932055,1008.1172089516018
188,6,167.96016563467268,600.89697283967
189,1,65.80914719988402,624.9322212357465
189,2,323.1719234008743,1461.0425953409026
189,3,690.4717848961424,284.33586212966065
189,4,346.6887088316343,411.9087608573678
189,5,241.343457460472,999.8026712273572
189,6,160.36013031407202,609.4706048287621
190,1,70.3177456065114,637.8913160211408
190,2,327.2388907884723,1459.3710742922967
190,3,704.3835351825095,306.64654714901604
190,4,356.3090049891553,418.60466175938063
190,5,233.8673720827077,990.4622477433253
190,6,155.04254193956154,638.1150532981981
191,1,55.417605929151165,639.6009478484435
191,2,317.8139104923901,1455.6234562226425
191,3,709.485900241989,318.83632040331
191,4,365.72033158081337,424.31121130649746
191,5,229.0054984145542,984.7911933928281
191,6,147.25982856929264,648.3987415139107
192,1,63.1241768120302,668.3037833541194
192,2,326.0799418717787,1453.0067873256037
192,3,712.1912193400269,337.3349208417467
192,4,374.2960358341237,430.5312857893437
192,5,228.06968226546076,979.7654567707455
192,6,144.08147182476412,661.7511408667083
193,1,70.80381372342852,686.8143800525863
193,2,331.57383438319926,1450.3964396559015
193,3,710.0113564657252,345.0069572956147
193,4,379.0585255797203,435.1754726631745
193,5,225.55541833324867,975.716685207987
193,6,146.89617288041757,676.851412731183
194,1,100.28424567915717,699.9405702089542
194,2,337.94120331250394,1447.4423694169525
194,3,714.5687334922337,365.2934302318148
194,4,375.6875234739963,438.301401344265
194,5,209.95678056570904,958.9962025621426
194,6,142.25982794202008,687.3942218208534
195,1,84.46348322952666,712.3436536571501
195,2,339.2086035451664,1445.389690681328
195,3,725.4687363767637,390.503629649522
195,4,373.3831444691635,440.95333796613966
195,5,221.29206229384587,959.5320760484924
195,6,137.4248519383979,688.8596059261167
196,1,70.23593269964765,722.7844424102185
196,2,347.9431241123486,1436.0489227013964
196,3,730.9667530832801,413.2102507802706
196,4,373.01585803190767,448.78951635929866
196,5,225.43078662775196,959.9056982741271
196,6,77.52402762249326,667.3883838433525
197,1,76.75755630899138,738.2973292861092
197,2,351.5387594101847,1431.9940637904558
197,3,730.8387917845583,432.0371919184279
197,4,379.5331051868629,460.4367849665791
197,5,227.195576585839,960.31795340861
197,6,27.531543633349102,647.1221527803225
198,1,70.00861565078317,753.9104837244449
198,2,381.2417114412766,1430.813035251771
198,3,725.3820791788185,450.97280319858254
198,4,413.62445928076903,493.3997750993552
198,5,225.76305702842984,960.0530690506271
198,6,91.34706952221931,712.483874920626
199,1,66.64879844085729,757.4231283445486
199,2,403.64556405199204,1423.2460678977297
199,3,717.431281276212,458.59076614197227
199,4,428.53249066778835,514.4191786096258
199,5,224.17670852910126,955.4302599660879
199,6,101.77759277762596,735.3508016963127
200,1,61.14291795737528,779.2827000331772
200,2,416.03091024460474,1418.5541751497444
200,3,708.7234389353931,478.94332024406697
200,4,439.8432998731128,532.8581041811744
200,5,217.6934952012149,953.5387912857402
200,6,114.85391736429564,758.6816368922416
201,1,100.97483183456302,808.3114002802042
201,2,426.45370216484116,1414.0728916480425
201,3,701.6825908950093,492.2757702463982
201,4,440.57122628900424,534.2259067892505
201,5,213.72421543485038,955.5679091551476
201,6,127.50487376190344,775.1064229293202
202,1,140.7212308528819,852.5272564323319
202,2,460.48706902106227,1417.1154746543539
202,3,690.9153168163333,497.62767819482167
202,4,440.2420985279413,534.7952182489103
202,5,202.90487826017184,964.2743674882801
202,6,140.2470342666469,795.5000054870387
203,1,154.21046732516734,869.6491716824055
203,2,476.7021833174683,1417.9786694648835
203,3,691.6776205112608,507.2004575529814
203,4,439.9358898366503,534.7071972838933
203,5,190.3393303592539,964.9831695736771
203,6,154.20414661422996,807.0654597064192
204,1,162.68221043736034,881.8362593241231
204,2,499.7108624624985,1417.6345363531937
204,3,693.3989497222144,525.641295838884
204,4,442.0151871088328,544.1843748473675
204,5,150.95876977657812,959.4352147214889
204,6,171.01349759969776,820.4932387605651
205,1,165.85400681121777,883.5803184362834
205,2,514.6016246686097,1413.2344266866146
205,3,685.6648995804032,528.4788878420308
205,4,460.43132737619584,568.5335521527052
205,5,143.23340170354447,964.1414700242244
205,6,172.20925179870727,824.590855100157
206,1,164.93103892551522,894.2217585325787
206,2,528.6258901441568,1401.734417808862
206,3,706.0848523560413,561.3148115975806
206,4,472.5353525794787,603.5765254698446
206,5,115.84521181186446,958.3177233756044
206,6,174.85858578527004,831.4341215127296
207,1,162.90135462801217,898.2509380747501
207,2,536.5724890814764,1392.6679858487232
207,3,712.8501053133253,573.6660241230047
207,4,479.74574101198596,623.8938528226582
207,5,95.05870797672819,952.6485583657807
207,6,173.13824918372862,833.2907829345536
208,1,156.27661388995995,902.2686125934958
208,2,538.50571116819,1378.4611969836787
208,3,713.1134565254422,578.5600213347612
208,4,481.6069566040639,631.9450246419206
208,5,108.74819283285768,965.2368357750596
208,6,170.72830388409008,839.0131761260271
209,1,154.83195629584057,905.9232133085845
209,2,551.708507443205,1368.6738954597797
209,3,712.5660484530687,580.906580372366
209,4,476.6219478426834,643.6139305036703
209,5,103.90047801758006,967.2275918626968
209,6,167.23755691529882,838.1604733204074
210,1,156.19174735106765,908.050433423254
210,2,580.2826550991891,1362.5961984344628
210,3,714.248055753967,584.6354948815731
210,4,489.624597544141,678.3177918019725
210,5,101.25563890598731,972.8405754616192
210,6,170.99466838481203,840.5345764334588
211,1,154.82463307591385,911.7243833760369
211,2,597.5374581316911,1358.7605390087328
211,3,722.9729860704005,602.524013877994
211,4,506.776377085254,703.4371638609842
211,5,112.13495265877583,983.4623865760047
211,6,180.30562899459102,846.4235679124405
212,1,145.94187363913434,920.3420217058543
212,2,609.8396523311114,1353.1969269253675
212,3,741.1170974802286,624.0663802340027
212,4,518.3378933452082,739.5363592443495
212,5,117.97697509992874,996.2480668065803
212,6,198.9746931232565,861.6143285379153
213,1,142.1413945239313,923.766439889759
213,2,613.6086401998347,1349.787224753935
213,3,753.3295632450648,637.6889488474122
213,4,523.8345280876562,750.8392056716625
213,5,118.14067405980006,1000.5187189200935
213,6,215.63048816641472,873.3380795960106
214,1,140.3236820837571,925.1716034984192
214,2,615.1827659178819,1347.6922712939738
214,3,746.1768939985789,627.6887912493611
214,4,523.7782347231331,764.726444816859
214,5,141.44097353042213,1014.5609017993232
214,6,223.27939444051623,877.1278895799285
215,1,140.18985599044777,926.8577831282721
215,2,616.0718319525677,1345.921398615565
215,3,768.8478313389274,652.6480305679221
215,4,522.1040691579964,770.1523735435898
215,5,180.48809120168207,1032.8413838508795
215,6,232.81060771165144,882.1806170876853
216,1,140.09033361731574,929.6096948893378
216,2,617.8693834769574,1342.4737812434498
216,3,779.2919788849111,651.8009284302454
216,4,531.5071960603946,795.8067930625842
216,5,199.08606816170675,1039.658636702359
216,6,247.4979815520441,888.5995750400896
217,1,137.09629098961287,930.6568077493038
217,2,620.5324931969697,1335.8458028950317
217,3,784.5725310417421,648.7713685265388
217,4,533.9248112413057,816.5820690770327
217,5,207.8922426808564,1040.5484687307153
217,6,253.96802076441952,890.8329220008316
218,1,125.60686798468066,932.1170823118669
218,2,620.7377091085541,1336.0891765232793
218,3,794.713861470186,642.1030460250125
218,4,553.3503918145459,855.0861129579023
218,5,210.11444846202298,1039.7812624199407
218,6,255.3978093604724,892.7594019353394
219,1,121.78645328183012,936.3646579408143
219,2,619.7074319419687,1337.64369225632
219,3,800.9119826665034,638.0056479275296
219,4,554.5499534869306,879.0042623806856
219,5,213.72532082406426,1038.4215966359077
219,6,254.51410416332166,893.1130854106294
220,1,112.0971247810777,937.7752055050637
220,2,618.4342190665266,1339.3911491202982
220,3,798.421105863748,624.2700173621297
220,4,549.5246787016056,899.2095058015342
220,5,236.52407658491123,1045.9532046795562
220,6,253.94723500842463,895.406280466108
221,1,109.49444258000435,941.0251555607861
221,2,615.5401424668446,1339.8440420208187
221,3,814.2415211702129,633.2143399133244
221,4,544.0482401455242,912.0792378552746
221,5,226.69508686781288,1039.4598659440398
221,6,251.77091168290718,896.8187922197834
222,1,100.24181415274343,944.5354504673664
222,2,608.1841934340976,1338.5204984628442
222,3,837.5086121994466,653.3894624488443
222,4,536.1146970833648,928.6715260849085
222,5,282.5821427882007,1061.827022768847
222,6,248.22146833634284,899.2780209401051
223,1,101.28896870615961,950.3159790835005
223,2,603.1304485531305,1337.4907412540474
223,3,838.6477281711174,651.7259650114785
223,4,533.9556467657594,944.7406713780341
223,5,304.3750512374289,1070.2596351498323
223,6,245.09007463958946,900.8633831833906
224,1,99.06311822525647,954.5555124586854
224,2,594.8820714301414,1335.5570926254609
224,3,856.4554250801692,671.6654997838913
224,4,570.7760006716225,1002.6853209879795
224,5,315.3340749527145,1075.7469669616717
224,6,241.113086851235,901.5431788159945
225,1,100.59216296467912,961.912439198062
225,2,588.8810525057199,1333.3210318213398
225,3,863.3078394053333,680.4155046057907
225,4,580.9663424777842,1029.7088748044202
225,5,314.59824244278815,1074.955681734452
225,6,242.3294150891349,903.2743422182965
226,1,118.85596298131628,977.7762691533864
226,2,586.712521643671,1332.2389079336808
226,3,868.6352479904075,681.2009069005201
226,4,576.7635322301006,1050.1980858951206
226,5,349.1011140324209,1090.5067535366209
226,6,242.5273111413295,904.2565452799433
227,1,116.78498193415454,981.394776398939
227,2,588.4490555104854,1333.8042084894632
227,3,870.9054460624054,680.319485927383
227,4,575.4129509916647,1066.3230291327823
227,5,377.10746838653245,1104.6327312491092
227,6,239.6772809409266,902.8415205402068
228,1,114.71532846117859,985.0109640497196
228,2,591.1098475114277,1335.2108502097817
228,3,871.3028703738318,677.5861625767449
228,4,569.661527865998,1084.9079582768502
228,5,397.9535124327598,1118.2168473941965
228,6,230.12496974403487,899.144443111962
229,1,112.64700128626242,988.6248343354299
229,2,590.0547915352768,1335.0321657467853
229,3,872.436173848665,676.9392771812184
229,4,572.4446450689535,1106.090354530959
229,5,403.13420715480237,1123.0421720511358
229,6,223.7397180292449,895.4740289554761
230,1,119.9844299078477,995.419231328419
230,2,586.6375916031061,1333.8824831450443
230,3,871.1287070493377,674.0010200767794
230,4,575.4311562453223,1127.1998182030363
230,5,400.6201460130969,1125.1294384943724
230,6,236.29929583205367,903.7967064356069
231,1,143.4827692496943,1009.1973032362439
231,2,585.3421663217686,1333.4719532381625
231,3,870.8311845670938,671.9514149058148
231,4,575.1657729595133,1139.2625749540412
231,5,398.47366050169035,1128.262675445922
231,6,241.91732486988306,907.3656021259139
232,1,143.24443310481882,1013.2487370312261
232,2,568.2104275311515,1322.955300707692
232,3,872.8769314812616,672.3694377261504
232,4,570.6335809926418,1154.9092286955492
232,5,445.6629012161513,1156.7632800043643
232,6,238.36892608262661,905.395590660203
233,1,145.39276275970244,1016.7709350595574
233,2,550.9997407620009,1315.5447159825253
233,3,873.3626073793762,672.5977729877337
233,4,575.2809934602085,1168.497525325779
233,5,448.137058414511,1164.8275991843686
233,6,236.70931983224932,905.0118794556886
234,1,140.67454717811086,1018.1618842828154
234,2,522.6487956165397,1304.2888287191258
234,3,874.7041274846052,668.0865221858206
234,4,568.8553267438324,1179.5983351071702
234,5,490.31282659511396,1191.4758878737018
234,6,235.74493363234248,905.1982809372732
235,1,157.41000801014724,1030.5213656850165
235,2,513.8941193353738,1299.4759702254216
235,3,875.5487618737261,663.0167643458635
235,4,561.092735280255,1180.5250538513453
235,5,526.6912028486393,1212.4535710038435
235,6,236.0924545561258,906.2250363149492
236,1,165.78413805296188,1039.2964367261216
236,2,498.68039167502263,1292.175447408674
236,3,877.6888941317435,657.9688527913652
236,4,561.5467911338045,1185.7738092634693
236,5,536.4714560562106,1234.9317246052537
236,6,234.75151590561907,906.914134857038
237,1,176.5169278827438,1048.109722382246
237,2,492.13317390818946,1288.3358257157895
237,3,879.3427482431845,656.9173972965738
237,4,564.298193535918,1192.3527164580992
237,5,542.4281818870778,1243.4558043219317
237,6,234.26964756457127,907.1544907807831
238,1,193.29856412554537,1057.6690964577497
238,2,496.4700412662052,1287.93883744968
238,3,879.0148820330747,655.413397034931
238,4,587.3463895167877,1206.3282700116583
238,5,546.1062850570912,1250.0131734304302
238,6,234.98106958285567,907.7009043167992
239,1,203.16545773873688,1064.8665430138149
239,2,505.664464503906,1289.951673051023
239,3,878.0189683924681,653.5368964955406
239,4,600.6978791000419,1218.376082446493
239,5,542.5070853703229,1250.6425285547798
239,6,234.07331197969341,907.7896150591417
240,1,213.32572793646455,1069.867462738748
240,2,533.9464768372944,1300.3269859057073
240,3,877.746786974395,652.4444521918824
240,4,611.762125808947,1248.496493791888
240,5,549.4778157333441,1258.7365413784792
240,6,233.92684082910813,907.3025318807687
241,1,234.61191817941202,1080.0802425686875
241,2,546.3728634928143,1303.4470573843294
241,3,877.8285010907884,651.7173479286415
241,4,614.1310504721849,1259.6155785404183
241,5,553.6926182958565,1265.1189902179453
241,6,234.2096470866052,906.6659492819035
242,1,257.37461691852656,1091.5540369611429
242,2,552.2673186970442,1303.0192540232038
242,3,878.9468560164498,647.0201015336844
242,4,616.6773241991879,1264.4753084099355
242,5,561.2458628323769,1272.2694375539727
242,6,235.1921673200935,906.8927090403387
243,1,254.8702873251938,1090.7490933101724
243,2,554.4640515422415,1302.8999661465957
243,3,879.4148519223185,645.0714380023959
243,4,613.3557196567428,1270.2029187358232
243,5,562.462162565366,1272.5981432407646
243,6,235.64427176666547,906.9990370467414
244,5,562.2925870281734,1272.9411527089312
244,1,214.88742579486677,1073.1096440956194
244,2,554.1839938263179,1302.484853549935
244,3,879.196075894996,644.9107276461197
244,4,619.3645716821054,1286.2973064535554
244,6,235.03738356405105,905.9763955009385
245,5,560.0887575795044,1271.5733466314116
245,1,218.58181512163006,1075.8900883543072
245,2,545.5304288515134,1298.8291256449336
245,3,880.385365969552,645.3028044973778
245,4,613.0439757129984,1293.6132161878988
245,6,236.06801110521124,905.6758318836663
246,5,557.8757337313527,1270.1998340526472
246,1,219.58426447978684,1077.240342077546
246,2,537.0272659179191,1294.673263217936
246,3,877.8385881968297,650.2532032766455
246,4,651.6973391884496,1318.8889933639202
246,6,236.92909232837215,904.6323327820057
247,5,555.653457824745,1268.820579186614
247,1,221.63316816877372,1078.3912338451266
247,2,540.1784807044297,1291.7200764003444
247,3,876.6738108851622,652.2976250680606
247,4,667.7456627610645,1329.2947274604728
247,6,237.31703335416094,904.2580623974987
248,1,222.0515023934201,1079.1347157886457
248,2,538.3817586975451,1291.0302022390847
248,3,877.5035456654433,656.0636460916754
248,4,672.4617550681166,1333.4694509744136
248,5,543.6203436847105,1266.811392683918
248,6,237.67749679051815,903.6355589481244
249,1,224.88339546291144,1078.406307891456
249,2,540.5517577787015,1295.1106908724623
249,3,876.3174452381511,659.8353360413236
249,4,673.5886752905135,1336.7611690137646
249,5,559.9113975191408,1271.831429035914
249,6,239.67980237066848,904.459949140452
250,1,243.23990320074577,1083.2999688438701
250,2,534.4859368613947,1294.5717398588126
250,3,873.7203233354818,662.1477056917215
250,4,672.2368944389573,1339.965619093653
250,5,565.9814454751772,1273.7650974637847
250,6,238.83249765905327,903.266560556757
251,1,254.48664901754668,1086.5878813881889
251,2,530.5414371152277,1294.7544667455136
251,3,872.4951831115541,663.3548024274145
251,4,670.4615931567254,1342.731036567445
251,5,570.1417487233699,1273.441737770975
251,6,238.75663709209059,902.3632838063036
252,1,264.0375715219716,1089.6927207717035
252,2,528.0793765305169,1294.2670604334871
252,3,874.1047035225034,660.5117009023496
252,4,678.0772241158053,1343.7879019710783
252,5,570.9663023984431,1271.986071227894
252,6,237.03904945320622,900.4445407654374
253,1,271.8380115591661,1090.7026782585117
253,2,527.4893617560643,1293.6324187525963
253,3,872.7232623220094,654.900551140886
253,4,694.8666994795788,1350.0530869001639
253,5,570.9849489541582,1271.6676899026093
253,6,236.14699401222188,900.2054212347681
254,1,279.5557889974525,1091.7313264109155
254,2,526.9025710561292,1291.8609729361835
254,3,874.9444767015058,655.9313798646274
254,4,713.5927233781537,1348.3815754018094
254,5,580.2521176178079,1271.4979699875632
254,6,235.06807400291925,899.0980927773076
255,1,283.49375134153996,1091.578740099913
255,2,531.6247062039681,1292.3520788367653
255,3,875.7869406984099,658.9938287433461
255,4,718.1560204822372,1354.3094072465897
255,5,577.622243208547,1272.5362571743883
255,6,236.6265843543336,899.8220510068184
256,1,289.5360465262199,1092.591742343508
256,2,538.6816222692388,1295.2154493016824
256,3,874.103114135188,663.2264857984251
256,4,727.1378527632249,1349.3759282778778
256,5,572.544184348207,1272.7918232012064
256,6,237.9520649371226,898.7189014778955
257,1,289.89863961374596,1092.1020485894535
257,2,550.011549296568,1299.9011370919454
257,3,872.004430201695,664.5680673087733
257,4,723.6372832281539,1355.932581301524
257,5,576.0110985702837,1274.7387754169397
257,6,239.0329365857049,897.4447944870212
258,1,290.05547262583286,1087.8302066802366
258,2,540.8230264683856,1297.180008913186
258,3,865.9795923085361,663.3611943889799
258,4,722.0017155775571,1359.8680070570852
258,5,573.8382736449937,1276.5466847316454
258,6,242.72984013633624,893.4300466690289
259,1,289.776378263544,1084.524660935449
259,2,538.2654982913796,1296.543392422056
259,3,860.8447484037275,664.8536174468261
259,4,720.3123614628473,1360.9621641084154
259,5,570.2465093960083,1277.2357799954923
259,6,251.19365820808696,890.6262407715069
260,1,293.9397323585213,1081.1614579536317
260,2,533.0545628888353,1294.2507622167207
260,3,845.9251351000675,657.8235944712527
260,4,720.2985582958688,1363.0190330559024
260,5,574.1360075882493,1279.6449017794407
260,6,267.1611455775236,893.5551433951787
261,1,299.56464355955774,1078.241781367346
261,2,530.5091305968384,1294.3574739279175
261,3,835.3200506599277,660.3245883409538
261,4,719.5563953578796,1363.0694605018289
261,5,576.8779138714987,1282.6093191727134
261,6,273.276555025474,894.249313959858
262,1,304.7532852556589,1073.4976100242845
262,2,528.6548636900997,1293.648115335064
262,3,822.4149284117797,676.0157894958581
262,4,719.2391917462222,1365.8005228920767
262,5,577.7073742529639,1290.176067815997
262,6,280.55340796842586,892.1684188036747
