1,1,961.9100515134115,1023.5518003566808
1,2,653.4105808981362,1298.085933469581
1,3,615.5962044441127,110.70748175737849
1,4,824.9075725240575,994.1413104926021
1,5,632.738152947426,1239.8331896474097
1,6,603.2065496710013,453.40461260210355
2,1,961.6693416493065,1023.9223143062868
2,2,652.3508758505365,1297.3799246855424
2,3,616.661856948615,112.27007958337303
2,4,826.5427360841126,996.7782503379594
2,5,634.5881714781251,1242.2808732437325
2,6,605.3436969374909,455.1299790725759
3,1,961.9362859254829,1025.3267778105153
3,2,652.4984765477577,1298.9558167910454
3,3,614.9609962131018,109.75950853831193
3,4,824.9215890402627,997.8793676596126
3,5,633.2788176411773,1242.856938609222
3,6,604.0397345144769,455.97461406261584
4,1,961.8094147731465,1026.0917925006095
4,2,652.9909909241302,1300.919374729958
4,3,614.4165097140093,108.99421680988586
4,4,823.2037508585355,997.7457098811942
4,5,630.1093300813618,1242.625221466131
4,6,603.4977083495173,456.3469926648523
5,1,960.6814702672943,1026.2731007350355
5,2,656.6553196375714,1302.1687504940653
5,3,614.2613068777396,108.75008192363491
5,4,821.8087031379922,999.0812456107917
5,5,629.525067670239,1241.841640158126
5,6,601.0165319076447,455.7526567888896
6,1,960.1045616588699,1026.5904114115383
6,2,661.2577607747374,1303.190339503139
6,3,615.1108556101462,110.0123465992783
6,4,819.8728988057416,1001.861639824258
6,5,631.3084491301714,1240.7292989619784
6,6,597.2348024907657,456.11440637840127
7,1,960.1031764501986,1026.384948820434
7,2,668.5339017202808,1305.9579544115254
7,3,615.3828325242124,110.39460819234972
7,4,815.6152903831085,1004.3236847481298
7,5,632.1847781893982,1240.026115058918
7,6,592.0385858517238,458.58741979128274
8,1,960.1070521897391,1026.2751673212035
8,2,670.8267084416491,1307.1868169576471
8,3,614.6888170467532,109.37695274491047
8,4,813.5631144545982,1006.1596106028026
8,5,632.5097848213838,1239.7851114163043
8,6,591.9007220030558,463.1185915223541
9,1,960.1314174390557,1026.2376628072404
9,2,671.3516637656643,1307.865669438039
9,3,614.4165097140095,108.99421680988505
9,4,812.279569048026,1007.7147199949733
9,5,631.4430115361594,1239.5605241526061
9,6,585.2017093649594,461.32657764352746
10,1,960.1557828510083,1026.2001580429371
10,2,670.885266704944,1307.0953076228159
10,3,614.3733662658981,108.89784074523018
10,4,811.6416336404454,1008.5194201606552
10,5,633.2126454186846,1240.105189289566
10,6,585.2826448002552,464.95161372268393
11,1,960.3507120017515,1025.9001109159456
11,2,670.1480921052882,1307.4668847097057
11,3,615.9109656948091,111.18556000274477
11,4,811.8854757226932,1008.1356864385267
11,5,637.4623772235923,1242.814706638843
11,6,581.8604465671525,472.31114973583476
12,1,960.2711007636674,1026.0745640903397
12,2,670.4185779582937,1306.5635677107407
12,3,616.5605253479374,112.1049688848145
12,4,811.41572042582,1006.9473275118703
12,5,642.3631805064596,1244.6192609925793
12,6,580.0185903577471,474.0586202033594
13,1,959.8481814594152,1026.6736373222234
13,2,670.1148492691465,1304.9328113135014
13,3,615.8099064676043,111.53337337298646
13,4,810.8630786214266,1003.2159507933976
13,5,645.7331220701103,1244.840288302647
13,6,576.0185507002516,478.2299205086105
14,1,959.35750716611,1027.480817936332
14,2,672.7663392521109,1301.6311106142534
14,3,615.4867156049211,111.24149411240529
14,4,811.7186254086407,1002.1361526202306
14,5,647.3434955332576,1244.29510721772
14,6,575.1914273281355,480.8918149394888
15,1,959.168726332029,1027.7713998479012
15,2,672.4729301496847,1300.5837704878154
15,3,615.4179427053417,111.19029519755043
15,4,809.9580544092695,999.0112046005606
15,5,648.4732778197862,1243.1776129468553
15,6,581.4401215166913,489.46577833638764
16,1,958.9072648741787,1028.1219549138311
16,2,673.2490534350854,1302.2600794005991
16,3,615.5087088123308,110.86034711053934
16,4,810.8230601255984,999.5288634344867
16,5,649.0282655055878,1242.4352547706615
16,6,589.6017311232447,498.8976874477323
17,1,958.8429501160081,1028.2728526360306
17,2,674.5395592353711,1306.6535944570453
17,3,615.4109221815472,111.03119207210666
17,4,812.0128452816435,1000.4022499494251
17,5,649.0161074337936,1244.443971688403
17,6,586.9628588669849,499.9945765298652
18,1,958.1900627697561,1027.7196077523313
18,2,678.8705813231588,1316.3490670408319
18,3,615.3748962211521,111.09413374184052
18,4,812.2783617828298,1001.0542816122038
18,5,649.5128149708132,1246.2414115310953
18,6,582.5353223420722,498.00269555536426
19,1,958.564256687,1028.078849683874
19,2,683.8958325466928,1324.924433860741
19,3,615.359456638077,111.12110854356959
19,4,811.8202014636803,1002.24350012559
19,5,650.8195876687219,1245.1065387234094
19,6,581.7483774420949,501.65554805204715
20,1,958.2859565997397,1027.3640103884381
20,2,684.8234729466432,1327.6814464370084
20,3,615.3543101256168,111.13010011753504
20,4,811.4337887903174,1002.9855296640275
20,5,650.8870320826533,1245.2643260489192
20,6,582.0814132543122,503.9447053362883
21,1,958.377238122121,1026.8073866566247
21,2,682.9615781877498,1330.235296849721
21,3,615.359456638077,111.12110854356959
21,4,811.3355243383988,1003.2738377691517
21,5,651.8142343828434,1249.7267942331039
21,6,577.9011129787137,502.0586823054466
22,1,958.5707406374444,1026.3013517930983
22,2,678.2938646983322,1340.595517604144
22,3,615.3543101256168,111.13010011753504
22,4,810.9458999361618,1004.0208645261625
22,5,654.8285838414051,1255.035917535096
22,6,576.3033942538395,503.2716983678567
23,1,960.1012423231393,1027.0105631895826
23,2,669.1973592894217,1342.2133555586772
23,3,615.9995808852232,112.57150940646652
23,4,810.3387919892315,1002.9715619608876
23,5,663.1223008472629,1261.110872653043
23,6,565.3217298714093,500.89897608013956
24,1,960.2233227053472,1026.4076120550799
24,2,659.0112324623369,1340.9800884683202
24,3,616.2144619892669,113.05151197093045
24,4,810.3395468665459,1002.2341204063825
24,5,665.5278584272289,1262.2305984617212
24,6,562.7309184251949,501.56649100348733
25,1,961.0762817273096,1026.4948927978119
25,2,628.0190773030362,1330.3016405063115
25,3,616.3484820012567,113.33042161941657
25,4,810.7720662311143,1001.3520581237367
25,5,662.6761791927094,1266.3279301438554
25,6,561.5472818831629,502.19373161356833
26,1,961.3943783373117,1026.5233733206705
26,2,613.3724760971267,1325.6865091753132
26,3,616.3484820012567,113.33042161941657
26,4,811.3445005233748,1000.3835540949683
26,5,656.0681339016752,1268.7470518243474
26,6,560.599875082453,503.2520661717424
27,1,961.4903847483616,1026.530978195925
27,2,605.2747851103932,1326.6128171716239
27,3,616.3433405120181,113.3394015073323
27,4,813.3848142190814,999.11146342066
27,5,640.0273174950662,1267.3100976005794
27,6,555.5701886620403,499.2612480117219
28,1,961.3647336513937,1026.8278998995959
28,2,601.2485173156551,1324.9364806967449
28,3,616.3484820012567,113.33042161941657
28,4,814.3517464397748,998.3243257083856
28,5,624.8299276450848,1266.9348664285744
28,6,557.2274607743834,502.17208040661234
29,1,961.5670184468568,1028.0684719496705
29,2,587.2605582153423,1322.5725801576223
29,3,616.3484820012567,113.33042161941657
29,4,814.2995067527679,996.7343857689145
29,5,607.0887430892377,1267.3231407981239
29,6,557.9131000656145,505.4656980942244
30,1,961.0100215505942,1027.943068568002
30,2,552.0694713330873,1309.3538499755387
30,3,616.3433405120181,113.3394015073323
30,4,812.2049782950014,995.4041696034697
30,5,603.0136727216177,1272.0519165117112
30,6,557.1848428450758,506.2892804835733
31,1,959.726552213593,1026.4454928068299
31,2,525.954193964962,1301.4799011721273
31,3,616.3536234980949,113.32144171822746
31,4,810.3941518699793,994.5529055845415
31,5,601.7079464605989,1275.7022018855807
31,6,554.6728352695666,506.38847850924793
32,1,959.2520119718401,1025.876770701158
32,2,519.3092672064965,1296.515050741714
32,3,616.3484820012567,113.33042161941657
32,4,809.086794651372,995.1955359343834
32,5,601.6200771169052,1278.6573471700656
32,6,553.5115731459923,506.83210945316614
33,1,954.3976051703298,1023.5250112158423
33,2,514.2469455775936,1290.4220215160535
33,3,616.2045231752272,113.58185346380664
33,4,807.4116531888592,997.362871558851
33,5,599.8028437278939,1272.7169277261564
33,6,546.5193357468822,503.7375045641725
34,1,950.8202858757794,1023.7159478727805
34,2,512.8638306905654,1288.1732993815144
34,3,616.1376871740929,113.69858614009048
34,4,805.7935315017352,999.7782150477749
34,5,594.0105289940971,1270.4183646659362
34,6,544.3651062561233,503.7433415878359
35,1,950.6115404218594,1025.3050356208603
35,2,465.2307852114821,1260.544942244387
35,3,616.1222636639031,113.7255241314666
35,4,805.6219156283026,1000.0487174838673
35,5,555.0879336301671,1255.567922148161
35,6,536.8971585649806,500.44307710834653
36,1,949.725200804687,1025.5625936517306
36,2,440.86830731918855,1242.5604834183334
36,3,616.1171225090375,113.73450343538134
36,4,803.7451706044567,1001.046065849944
36,5,533.4133105874938,1247.2664759367956
36,6,540.8431821385806,506.9289701156867
37,1,948.0819227442285,1023.0642674534357
37,2,427.2500213612929,1231.1756626439299
37,3,615.9577504772404,114.01285527392018
37,4,802.0431565078095,1002.9846782914958
37,5,515.2883486642417,1241.4632059092207
37,6,535.140733982682,507.0144424295982
38,1,947.7687356427664,1023.2816820918258
38,2,423.17861836374425,1229.945171227478
38,3,615.9063417021179,114.10264346894456
38,4,801.421373510625,1003.6941010379978
38,5,511.29366164610485,1240.7956436548204
38,6,532.6795918680804,509.6549516601448
39,1,951.9558442538071,1030.957217737975
39,2,413.78228210127673,1224.0822821610009
39,3,615.8857784048229,114.13855837536818
39,4,800.4203152832772,1005.2046746637717
39,5,509.5295099091502,1238.4489214088937
39,6,534.0065024241843,521.8605777396688
40,1,950.31310318926,1032.597953246113
40,2,413.4461087208309,1216.0058027396392
40,3,615.7212764029678,114.42586998295432
40,4,800.0954100686,1005.7846486204704
40,5,512.4526970889765,1237.6366065856487
40,6,529.6594416819731,522.0712359354236
41,2,427.4276642783159,1191.7198086814071
41,1,951.1172257622349,1030.940219051961
41,3,615.664730636718,114.52463020970049
41,4,800.1795301751979,1005.6520227275447
41,5,507.9165150539732,1227.892682137955
41,6,524.9730996618378,521.1237754695517
42,2,406.15363316961765,1175.190079839116
42,1,952.183587868056,1029.1926667715156
42,3,615.6493092236535,114.55156453833361
42,4,800.6203519387983,1004.9570119580246
42,5,496.49765220352054,1216.0022474467803
42,6,522.2094954072663,522.5678191669563
43,2,384.0423755317532,1158.0098335920134
43,1,950.9467874281693,1030.9932066448705
43,3,615.2773366275427,115.03028221111308
43,4,798.7293792002934,1002.0308182619508
43,5,481.9142642241393,1202.8274153127131
43,6,510.0624585184801,518.455286368026
44,2,361.0434765324904,1140.1398980736049
44,1,949.6979159007341,1031.396501339549
44,3,614.2152578879686,114.31914060804193
44,4,797.1644144427265,1000.2005884111144
44,5,462.3250950495449,1186.5800342992443
44,6,499.9518550688758,513.4384327907402
45,2,349.102494381441,1105.249852722076
45,1,948.4206532402783,1031.2104741902342
45,3,614.3425752035795,115.80798768738458
45,4,784.4066969790699,990.1205166225078
45,5,452.4515557379256,1173.769393031302
45,6,509.6025608350751,536.9870036869216
46,2,336.654789149178,1068.8792263713813
46,1,948.7559699771238,1031.4298616134236
46,3,612.2884725429017,114.77253437248095
46,4,774.676347597456,983.2876776107285
46,5,446.6803826460066,1167.585594965727
46,6,511.8752646314856,547.7904361064924
47,2,306.1323049306746,1035.8652488771977
47,1,951.4613797202996,1030.7243361329527
47,3,611.6270548764888,116.95677201169934
47,4,763.5706180371161,975.1980542673632
47,5,419.31247597848886,1146.5733116896831
47,6,508.09668619432586,561.8898072219463
48,2,317.4842383658811,1029.0799689711198
48,1,953.2215478022088,1029.3215068009563
48,3,611.8627488743695,119.45546736660484
48,4,758.0252241971484,970.0346795632584
48,5,413.19638618008435,1132.2978540942545
48,6,505.473594660355,567.0767254267421
49,2,277.02151197969107,995.4197344448332
49,1,954.3320384264651,1026.5117006695107
49,3,615.4967794201989,131.81967333332406
49,4,756.0572170042832,968.1675024938208
49,5,415.32282588366314,1120.9738821618546
49,6,504.2711027630786,571.3842847206333
50,2,233.7765397651715,959.4449982659013
50,1,954.8642877506625,1023.7514292238325
50,3,613.5998916215424,134.62083702274296
50,4,755.416766097152,967.5405900778104
50,5,414.6060137635986,1114.2860122589836
50,6,501.56489512023745,572.7685286514566
51,2,187.45214073300755,920.9085407659906
51,1,955.3080854683066,1020.7018671738305
51,3,611.3280975973107,140.77928483593956
51,4,754.7307305347654,968.4080403903752
51,5,413.9282478542259,1103.9682597586423
51,6,472.6314301129326,560.9554163519292
52,2,191.7807446465879,913.3871836712345
52,1,955.3032958852734,1019.8665526364653
52,3,613.158737368091,148.6910689917942
52,4,753.4555133967683,968.4142286436054
52,5,406.01701358538253,1093.4392630214797
52,6,457.31833231658857,556.6586714361206
53,2,196.11509292144098,905.855845207596
53,1,955.9124687951097,1020.1915717364925
53,3,611.8069900426184,154.8964012536418
53,4,752.0921356094625,965.6974601335892
53,5,367.47900258310096,1066.604999147989
53,6,445.6807940368578,581.4658817417654
54,2,200.4551969999145,898.314505492915
54,1,956.1303729040543,1020.3292789136837
54,3,611.1785954030108,157.32772468459513
54,4,750.5129368268023,964.2873088510466
54,5,330.9111051294663,1035.1416583481193
54,6,448.6275470417324,599.9940301819361
55,2,204.8010683547671,890.7631445921945
55,1,956.2088086517294,1020.4187785610817
55,3,604.9477695645028,151.06224469948825
55,4,747.74971570654,963.0045833369904
55,5,321.9080072082157,1020.504133008689
55,6,440.47097905365246,608.1503630560023
56,1,956.3922789082783,1020.1886557094302
56,2,151.52282691764856,853.5742345870041
56,3,575.1106588271768,121.87778617842892
56,4,744.7012099426953,961.3861389815435
56,5,320.1549073427103,1011.803538949091
56,6,431.13492301227876,608.8780546570886
57,6,381.6183327385741,583.526489887883
57,1,956.4443493725978,1020.1084213599811
57,2,189.61048750011636,861.2167789887012
57,3,558.6732347429531,116.10894196908352
57,4,738.9868338078497,959.1345176097334
57,5,312.43282952386085,1001.2407426329675
58,6,368.4276242413312,590.5254995270155
58,1,956.2939614863909,1020.3927314165519
58,2,204.79736704462076,861.9014907746028
58,3,547.2058811493612,123.63916307903884
58,4,738.6410556856406,960.2270468292622
58,5,309.00613002452394,995.5937640287784
59,6,335.6363782351433,615.3759070211131
59,1,956.1283729122459,1019.0691499018506
59,2,208.37968538131318,851.3970532093974
59,3,534.4183685265698,128.31628686834898
59,4,723.436989933852,952.6083463420891
59,5,279.81335628679045,972.5212836878239
60,1,957.8833324982768,1018.9423639191683
60,2,193.93036677116848,831.3828322931981
60,3,525.1912946966387,130.0782681938918
60,4,711.1182605630806,948.1390945751133
60,5,253.67917396291594,944.1243296135259
60,6,314.7562120729489,611.6780554462417
61,1,957.4593339365618,1017.4393670911699
61,2,165.9393683947352,802.6724919302885
61,3,504.7685804841905,119.46439331702473
61,4,695.8318089305244,941.670493276484
61,5,260.6462504278118,932.3057847393424
61,6,331.00531384597485,642.3679075993745
62,1,957.751503535231,1017.7786427762217
62,2,159.31545980347082,781.2316544685734
62,3,486.4945775885198,108.59318398799499
62,4,688.7397423819673,939.1999776685965
62,5,264.4775008414576,927.2832329595641
62,6,335.6980731280314,652.8797685819769
63,1,957.645583858361,1018.2048696848078
63,2,159.03411589624997,764.1953465624849
63,3,464.93174540061216,110.39861458191262
63,4,684.8522212592733,938.2901469590361
63,5,262.3596223584944,924.4094424904655
63,6,326.9190664189262,656.8512968149994
64,1,958.5809624049407,1018.392704688908
64,2,161.42180837982013,756.4385797129736
64,3,455.99676467710884,116.84453865750712
64,4,683.8585059255278,937.6890012442838
64,5,262.3702284139278,921.1252857155235
64,6,310.0318954882293,648.6556875940714
65,1,959.4945042286721,1017.6676293280289
65,2,164.13227023558733,740.2787356960271
65,3,452.1684438670051,126.861138406541
65,4,684.5975443242565,938.7853667190146
65,5,234.63615165502384,894.6296325501254
65,6,270.45651649306905,620.471445532638
66,1,959.6065793013134,1017.6523711787593
66,2,124.12657354125183,697.2635619029453
66,3,446.84196046501876,135.38778744967777
66,4,685.0801031839251,939.2765916849552
66,5,227.8067412893574,874.4684950498743
66,6,252.5028050261002,606.1376370293673
67,1,958.9323536228127,1018.7959580642504
67,2,107.03914169860093,663.2695534856873
67,3,428.6989324580618,123.13781818304726
67,4,684.1673307268657,939.0555873390864
67,5,233.80096458050352,863.0056741362856
67,6,236.01402267319997,597.179471595635
68,1,959.3918184342036,1021.2821026749502
68,2,104.9608914568147,646.5077778010241
68,3,412.45376204006396,114.17423699067828
68,4,683.5655009143785,939.7717756272705
68,5,231.60782946177304,851.456467377652
68,6,215.19668904117654,582.2833890633358
69,1,952.7829548930417,1021.6940685038926
69,2,111.05807989948232,628.4858030176459
69,3,376.26030040318824,82.6314437264071
69,4,674.5189164880048,936.7934902278847
69,5,240.75082859145553,842.825904383277
69,6,198.71991583460598,569.379604282933
70,1,955.3739735522873,1026.686073707279
70,2,113.47513293828213,619.2850586999277
70,3,377.28841458705597,91.63744580769168
70,4,662.7376052299031,931.2686322912708
70,5,207.42969858977474,807.6016733363797
70,6,196.7255833031263,566.597775782257
71,6,168.9706258897773,529.719598567838
71,1,957.0790579072374,1027.348380565803
71,2,110.33207379481047,612.184302169667
71,3,361.2620394034351,82.63998924758806
71,4,651.488556956566,927.0973942448027
71,5,216.22136948407731,784.6875084964411
72,6,170.49022024690703,526.9803418617503
72,1,959.0660345860473,1026.9947641421834
72,2,104.4734530557372,603.5409173896669
72,3,339.1974177095217,65.87570678383202
72,4,640.9066124788908,922.736569334563
72,5,227.41342437426326,778.0274762684376
73,6,172.01052425700047,524.2398059184566
73,1,960.2656837061487,1013.4833495419915
73,2,85.5648025793958,582.2666226765251
73,3,350.0584001057848,93.26836235658008
73,4,628.8571133372398,915.4107561080215
73,5,236.02046627888558,766.3995166190288
74,6,169.87268058266028,517.9375420740112
74,1,962.1802230115928,1006.1508370784214
74,2,28.515714318203074,525.5112499918878
74,3,352.69599031886895,102.39857588605616
74,4,622.9223145166628,912.5697970351263
74,5,235.5539569728139,754.7873202151143
75,5,240.43915925083718,732.5351691659845
75,6,167.72299498937969,511.60036880261333
75,1,965.6764565030508,987.9070669638761
75,2,59.83147156210032,526.6994549328916
75,3,349.2193141543035,105.4112364754718
75,4,612.95836984649,907.7281855909188
76,5,238.77880649865344,706.1438351688209
76,6,168.95605466072163,501.1540016598718
76,1,968.1391118480706,976.1174608878733
76,2,96.1575436211167,540.768073989781
76,3,344.8000508323559,103.05534768866902
76,4,607.8205839012087,905.8727268340762
77,5,237.08643772378826,679.24360597048
77,6,170.1957332508011,490.6515596516333
77,1,973.3248102765265,961.9017913636737
77,2,64.69622812699087,496.0777727346137
77,3,339.7043359649062,102.5508468622828
77,4,605.9836775476391,905.6979530694185
78,5,235.36111787988287,651.8196189938842
78,6,171.44208419740272,480.0925900579372
78,1,974.842795500471,957.3129116036262
78,2,71.6138857885883,489.95984597485415
78,3,338.231214067726,108.3477627218615
78,4,605.3602984354898,906.1386419252833
79,5,233.60187515119912,623.8564272120718
79,6,172.69516151510547,469.4766352722994
79,1,967.4289945497186,925.170764097261
79,2,65.34793572114987,469.90369872419654
79,3,337.6404338489193,107.8662837862693
79,4,596.9548271851722,901.1406081829621
80,5,234.62893796324326,597.9373977074699
80,6,173.95501980307893,458.8032327356016
80,1,959.0450726818315,899.6732208524797
80,2,42.481290415923446,441.13096882250187
80,3,336.88261378628744,106.12846131737761
80,4,574.5431227612593,884.6650732934595
81,5,235.67238520360235,571.6048896152644
81,6,171.15424369447595,442.7221022663861
81,1,959.7171678202376,878.7041415610936
81,2,46.218189636694945,422.67030278932856
81,3,338.14860999733565,106.49620329274393
81,4,550.8893651617145,868.6657975021965
82,5,236.7326120885448,544.8489292298275
82,6,168.3202985436003,426.4505261222424
82,1,961.2899306854915,867.4236046589602
82,2,35.87416465994701,401.91400485132567
82,3,337.899023467971,101.8242950994599
82,4,538.8371539735759,860.7706383349648
83,6,158.7037475412523,389.26914506769026
83,1,965.7448499163951,852.1149936165139
83,2,41.289094935069286,393.5649906503237
83,3,331.0260304000146,99.33695861126249
83,4,528.9421287653321,857.8185474414819
83,5,263.33137446289885,542.1258992504966
84,6,148.80116394538592,350.98184913252925
84,1,968.2738861318225,845.3625363841633
84,2,39.70668564603219,382.91838878537726
84,3,328.9274258289216,98.21022923693891
84,4,521.4732482223649,855.6037856288573
84,5,274.3379822310626,533.7629754480613
85,2,38.85995604787888,362.53861160411117
85,6,170.2537954723202,356.999648037926
85,1,955.7996634804977,809.2531875168536
85,3,325.4118589547355,92.86568713963071
85,4,498.24441241862354,845.4446571136305
85,5,288.50760292963804,523.2017417322694
86,2,41.04218162307573,350.07760831885383
86,6,191.29411271703407,362.90178633389434
86,1,953.1797594470268,789.7013439655873
86,3,321.9961859876373,88.1847684542232
86,4,485.9273127268268,841.3546371627243
86,5,290.6960088405962,508.77568881427317
87,2,43.236043483528626,337.5501592039581
87,6,236.70043452504805,387.04413054749983
87,1,956.6394260686668,776.0592242982149
87,3,322.64195795205916,87.00462498621967
87,4,476.9167994490822,837.6481970915708
87,5,293.26222038164224,484.0136874456382
88,2,45.44163495032158,324.95573137485087
88,6,242.94891790002504,375.7609111466942
88,1,957.0770301470557,764.7678270740078
88,3,325.358395860404,88.87512905620126
88,4,472.97265507326256,835.068132836535
88,5,289.4579284935209,460.7297654506068
89,2,42.673639373805386,304.48188630054386
89,6,196.47045926612196,309.0546899389571
89,1,945.8084569781048,730.9877215118498
89,3,324.51540763508103,86.77336448926573
89,4,475.8753177620614,831.6364902215429
89,5,296.1485335836005,448.06434830019305
90,2,42.44502257285162,289.347678099084
90,6,210.4389092683075,305.90792839288616
90,1,934.0486056757784,705.4306280257688
90,3,318.7859072151239,78.93619078837722
90,4,471.21940326647604,824.2846555178678
90,5,301.6492975119878,443.5481408488327
91,2,42.21447734282771,274.0858097828161
91,6,270.1634399383154,326.61819848848546
91,1,927.8564553741205,680.836931432136
91,3,325.63004884462583,84.05317437252076
91,4,457.88921519798214,806.6860354483046
91,5,287.58763226205826,417.2513381051654
92,2,41.981979180351885,258.69465925194163
92,6,251.62969135461128,296.6286190134293
92,1,925.2831623222831,666.0022305907255
92,3,327.5042906532182,84.04565620097385
92,4,452.4468365905965,794.0246702798305
92,5,280.5854364977681,400.85119999014466
93,2,41.74750316514567,243.1725768083832
93,6,265.5034089586845,271.44255556949776
93,1,923.5919245997393,648.067535717401
93,3,333.6247333875892,91.44597513882508
93,4,451.7059480563064,774.4935993924439
93,5,285.8124159353953,383.57600880894955
94,2,41.511023951125864,227.51788456633145
94,6,272.46218992188994,258.80972680410224
94,1,924.2126681276757,637.9478741421983
94,3,336.68689521514926,92.6129796950778
94,4,450.3842797586084,763.9498012458246
94,5,290.18457805878234,375.9355377300589
95,2,36.35584475015187,210.11832751816422
95,6,281.04699583164614,243.2250455768092
95,1,915.8790374840925,614.379415756645
95,3,334.9555225777571,85.1822487851463
95,4,452.4009511105775,744.8750016283096
95,5,290.0858526227931,358.56595887621245
96,2,31.707672209835916,191.40716671772566
96,6,278.8267027209484,225.47584974897066
96,1,907.6847903586863,596.3132151359633
96,3,326.51279918880033,73.52648879668193
96,4,454.21990329647355,734.6820458744355
96,5,291.1635220457165,356.6309933790473
97,2,26.99818967766881,172.4492033069611
97,6,275.4929055807644,209.4913796167689
97,1,901.7329140563594,582.2686405998849
97,3,280.3520149731033,19.32269267059851
97,4,447.02489039524073,715.5480238591982
97,5,290.36063684035173,352.04757341364257
98,2,22.226176070548096,153.23952183101227
98,6,271.0274564601016,195.310934625579
98,1,900.635093684717,576.3791877424007
98,3,242.75365575394915,-20.955954793996558
98,4,449.8028344484323,703.6494206168401
98,5,290.2983908472326,350.14618281609614
99,2,17.682322683226573,133.21607991261584
99,6,280.38542292577534,200.5772010372321
99,1,900.8990737298386,568.7745344991794
99,3,239.3512950131154,-17.981492784414115
99,4,455.56704152439653,690.0286096270767
99,5,288.63904796575497,346.6703891434284
100,2,13.076899766551215,112.92131896390177
100,6,260.83740584880775,168.47501605090463
100,1,900.1637488568929,562.6496274098073
100,3,246.96840122917973,-7.906926825612845
100,4,463.5949372950154,690.1929787160954
100,5,287.91986413581475,345.7380226158683
101,2,24.949298099632887,111.0714800091446
101,6,289.9193953797793,183.20627988678547
101,1,891.4290346611334,542.5786293269988
101,3,235.0641282723929,-19.08896670323908
101,4,464.810209720649,687.8558149741685
101,5,286.6695768748724,341.4968431858772
102,2,36.73950860104621,109.23444674438899
102,6,318.1486323911283,197.50558832498325
102,1,884.6725581216774,530.1272961194605
102,3,222.79697599040094,-31.931070935651217
102,4,464.56675173724665,686.9191581891258
102,5,286.03076494196614,340.2062877521843
103,2,48.44838175688605,107.41008665535334
103,6,328.4220429015679,178.88882771915607
103,1,873.1805155264672,509.2736156152245
103,3,284.88271621024984,45.54939779644803
103,4,465.88394958603897,688.7274647471246
103,5,284.38747547238654,339.4976891309809
104,2,60.076756359058166,105.59826904983588
104,1,868.0787692800599,500.82865521665747
104,3,306.37297135248093,74.3500519278344
104,4,466.157226976561,690.1483156147265
104,5,282.542055931684,338.73818005520593
104,6,329.02755773280387,158.73689618300665
105,2,71.62545970558008,103.79886502648628
105,1,863.3458831409133,497.4208745873004
105,3,311.36093449703884,77.5253549802925
105,4,465.2611210496153,690.7296597982097
105,5,280.68150968120653,337.58860614279473
105,6,331.4680512441096,153.43595847795393
106,2,83.0953077967901,102.0117474442582
106,1,859.1991014373584,497.8476100368546
106,3,317.15375030829694,82.15258083534883
106,4,463.0596893219227,690.293454123891
106,5,277.5303946771621,335.87874806371156
106,6,332.5965667996546,150.0793135517361
107,2,94.48710552753509,100.23679089244342
107,1,852.0114162350612,496.21087927725307
107,3,322.4889497072645,84.54408521728037
107,4,447.6003078551114,690.8885933544511
107,5,272.6372425448383,332.73835320270234
107,6,331.30484309853455,144.11709541830385
108,2,97.58621796864223,94.37875112776656
108,1,843.9092669442122,491.5805682976121
108,3,325.79071907097,86.0377207418501
108,4,434.637401207905,689.2201634464344
108,5,270.76717321466333,331.76212085161956
108,6,324.3924188406363,133.31293878229715
109,2,100.68831696948509,88.51506607398706
109,1,824.9956010043613,471.8941114402541
109,3,329.4257422420416,88.9385673996289
109,4,420.86952812162133,693.5528810873805
109,5,269.1963257952402,333.3525281630941
109,6,318.06220865273326,127.45799633461462
110,2,103.79340684928584,82.64572756677448
110,1,812.4683078404944,459.1191671596085
110,3,330.27558666699684,86.93407849389531
110,4,407.80028777408506,700.6324226716025
110,5,268.4894289963721,334.00585844899786
110,6,319.5792375689051,133.62756609368122
111,1,809.1412642863742,459.83088893276334
111,2,51.01146369352702,16.35276952015799
111,3,329.2070191564774,85.02809210010203
111,4,382.6088925797098,700.6086711236956
111,5,269.4648085168834,335.5636530560679
111,6,324.98134305665616,139.7691968896056
112,1,803.5414898576042,458.37493171292937
112,2,92.6186996058118,51.52591012428006
112,3,331.16580959589777,86.66857788219576
112,4,369.4052872381576,700.0760141341688
112,5,269.5366530491725,336.88377340268613
112,6,327.2877791008047,140.87017115363204
113,1,793.3681192792711,452.0913113179277
113,2,103.41618096042396,54.15107314301719
113,3,325.0540945463442,79.16927767676653
113,4,357.21568774286203,706.2022519229287
113,5,267.8175381572452,337.5002521621228
113,6,323.82148853842534,135.46100136285523
114,1,787.4663350732171,450.7846253086242
114,2,95.7526889577548,40.185506375995686
114,3,322.986963443809,75.61666137852268
114,4,348.88786693241246,710.9789649047807
114,5,266.94856568899326,338.4466721519406
114,6,322.81563909410016,132.1853638596367
115,1,766.3191296849287,432.9902913708853
115,2,149.45033975333274,90.72159054450601
115,3,328.7151095585249,79.55633268443667
115,4,338.8463819419407,720.7922726215495
115,5,268.03701217660574,339.38269639568193
115,6,323.53478595582743,131.5429845653924
116,1,750.9149444892726,423.0916172587175
116,2,169.7142788310804,107.11096678480008
116,3,333.3896035934882,83.06278296985933
116,4,332.06731286955494,732.8092615552165
116,5,267.3644188315321,338.7324866235246
116,6,324.8373266077253,132.5031779844227
117,1,732.6537365925014,421.19327030837223
117,2,179.61250970395602,112.22550544309543
117,3,339.0753003404012,87.13547027946622
117,4,329.9807389123192,745.8803439678888
117,5,264.87725692658887,336.3717329421082
117,6,326.09256766011083,134.20876984579755
118,1,724.8293053634784,427.06377679977305
118,2,181.12168526342808,110.17745555710954
118,3,344.7819972524801,91.9689177993592
118,4,328.1752418753802,750.9427537352424
118,5,264.0253618863999,335.62098080742925
118,6,325.4707389552314,133.34639051386904
119,1,714.1068472802912,435.91738190612625
119,2,181.15177555649794,105.27339423885745
119,3,348.99459061471543,89.87106185033018
119,4,324.74131104622256,757.767409149875
119,5,262.5007845015404,334.2055317404733
119,6,324.2516311454269,131.12688125441068
120,1,707.2171345859733,441.1600594356128
120,2,185.57118058400857,105.45187025219383
120,3,357.1383831552224,96.52886468228584
120,4,319.9552207422842,764.6858933099239
120,5,263.2319542143867,334.9705229174264
120,6,324.419849090481,132.1532743522351
121,1,688.4084552998405,435.9798118216663
121,2,188.1708517162283,102.898564057644
121,3,343.3650234937738,76.83868735894656
121,4,318.1124949622108,778.5782322228796
121,5,259.6450380288526,332.4665437302618
121,6,322.0844597328268,129.9560083250955
122,1,676.7430875981873,432.8343269114341
122,2,195.7389377962984,107.29291846857842
122,3,340.3147685000814,71.55678035771285
122,4,316.01342906155446,786.3412149968011
122,5,259.2190838069131,333.23656033584234
122,6,320.9092052769422,129.42162957535186
123,1,656.0754324156718,426.67334673167835
123,2,203.9705900102255,113.05948763585026
123,3,351.87208769260786,79.95310580075733
123,4,313.00237789039625,795.6614550218044
123,5,254.65093504760821,329.3103186779613
123,6,326.00427438801194,135.47617068969387
124,1,647.173820503537,427.3599182867023
124,2,209.53767181561045,117.14791562447293
124,3,354.2446277158802,79.87124836276563
124,4,308.64922032904104,800.5138130318785
124,5,252.60272229546135,328.37342997088257
124,6,327.8102116707713,137.71534334052188
