1,1,767.692,332.411,D1
1,3,343.374,456.101,D3
1,5,849.087,698.341,D5
1,6,213.610,716.711,O6
1,9,817.562,933.986,O9
1,10,811.429,268.045,O10
2,1,773.384,365.302,D1
2,3,341.582,456.177,D3
2,5,847.128,704.196,D5
2,6,211.354,716.739,O6
2,9,810.089,937.208,O9
2,10,805.385,278.189,O10
3,1,774.670,375.375,D1
3,3,340.310,455.873,D3
3,5,846.868,713.654,D5
3,6,209.945,716.277,O6
3,9,807.458,936.804,O9
3,10,832.925,269.413,O10
4,1,777.928,411.425,D1
4,3,338.783,455.135,D3
4,5,842.657,711.916,D5
4,6,209.669,715.861,O6
4,9,807.687,937.683,O9
4,10,830.120,255.749,O10
5,1,779.889,411.136,D1
5,3,337.338,454.832,D3
5,5,838.903,706.571,D5
5,6,209.429,716.299,O6
5,9,804.247,937.588,O9
5,10,836.898,252.707,O10
6,1,783.178,402.581,D1
6,3,336.262,454.591,D3
6,5,836.121,710.946,D5
6,6,208.973,715.645,O6
6,9,798.917,939.183,O9
6,10,844.743,263.130,O10
7,1,797.483,432.329,D1
7,3,334.957,454.384,D3
7,5,833.808,728.575,D5
7,6,209.018,716.218,O6
7,9,796.551,939.323,O9
7,10,850.164,263.581,O10
8,1,794.967,416.914,D1
8,3,333.391,454.591,D3
8,5,827.508,728.445,D5
8,6,209.176,717.493,O6
8,9,797.246,941.282,O9
8,10,865.373,323.105,O10
9,1,801.777,411.920,D1
9,3,333.257,455.434,D3
9,5,825.430,734.436,D5
9,6,209.423,717.649,O6
9,9,793.791,936.998,O9
9,10,863.317,314.897,O10
10,1,807.243,423.035,D1
10,3,330.731,454.161,D3
10,5,821.231,738.815,D5
10,6,209.564,717.944,O6
10,9,791.913,931.648,O9
10,10,862.218,318.596,O10
11,1,810.110,418.657,D1
11,3,330.278,455.897,D3
11,5,817.755,741.308,D5
11,6,208.997,718.359,O6
11,9,794.285,929.800,O9
11,10,868.657,319.782,O10
12,1,812.328,426.225,D1
12,3,331.037,458.484,D3
12,5,813.657,740.617,D5
12,6,208.713,718.610,O6
12,9,780.425,929.626,O9
12,10,873.940,325.391,O10
13,1,807.009,377.655,D1
13,3,330.083,459.631,D3
13,5,808.851,736.340,D5
13,6,206.947,717.307,O6
13,9,773.255,927.488,O9
13,10,876.852,321.656,O10
14,1,811.625,379.021,D1
14,3,329.094,461.063,D3
14,5,804.679,737.459,D5
14,6,206.644,717.456,O6
14,9,768.522,929.322,O9
14,10,883.258,314.341,O10
15,1,815.501,395.017,D1
15,3,329.610,462.388,D3
15,5,803.797,743.203,D5
15,6,206.139,717.459,O6
15,9,765.162,925.489,O9
15,10,891.357,314.754,O10
16,1,817.123,396.457,D1
16,3,327.425,463.270,D3
16,5,802.582,748.951,D5
16,6,205.293,717.161,O6
16,9,759.910,925.598,O9
16,10,900.757,316.330,O10
17,1,818.967,397.676,D1
17,3,327.267,462.127,D3
17,5,792.312,758.389,D5
17,6,202.735,717.303,O6
17,9,754.156,926.036,O9
17,10,909.515,313.372,O10
18,1,824.197,397.556,D1
18,3,326.908,461.713,D3
18,5,790.087,742.626,D5
18,6,201.105,716.924,O6
18,9,750.022,926.785,O9
18,10,916.498,315.905,O10
19,1,828.799,394.223,D1
19,3,326.726,462.487,D3
19,5,787.035,752.882,D5
19,6,199.294,717.327,O6
19,9,747.164,929.518,O9
19,10,923.193,316.716,O10
20,1,830.863,418.988,D1
20,3,326.967,461.377,D3
20,5,784.081,749.352,D5
20,6,198.655,718.840,O6
20,9,742.404,929.548,O9
20,10,926.521,311.706,O10
21,1,832.155,415.936,D1
21,3,327.165,462.095,D3
21,5,780.381,751.786,D5
21,6,195.453,718.058,O6
21,9,739.739,931.851,O9
21,10,929.325,322.891,O10
22,1,837.488,414.491,D1
22,3,327.261,461.614,D3
22,5,778.215,755.604,D5
22,6,193.072,717.824,O6
22,9,737.381,931.729,O9
22,10,934.493,325.498,O10
23,1,842.442,410.591,D1
23,3,327.794,462.026,D3
23,5,775.261,755.111,D5
23,6,191.878,719.698,O6
23,9,735.433,930.065,O9
23,10,939.982,331.543,O10
24,1,846.608,410.982,D1
24,3,328.266,462.049,D3
24,5,773.620,752.121,D5
24,6,192.901,722.541,O6
24,9,734.458,930.133,O9
24,10,947.476,333.892,O10
25,1,851.456,416.184,D1
25,3,329.023,463.104,D3
25,5,771.457,751.192,D5
25,6,192.789,723.777,O6
25,9,732.375,928.023,O9
25,10,951.725,327.836,O10
26,1,850.724,417.267,D1
26,3,330.580,466.295,D3
26,5,770.606,757.115,D5
26,6,194.424,725.543,O6
26,9,732.045,924.985,O9
26,10,966.735,319.634,O10
27,1,852.256,415.522,D1
27,3,331.032,467.018,D3
27,5,767.768,749.236,D5
27,6,194.528,726.899,O6
27,9,730.138,921.513,O9
27,10,972.686,321.377,O10
28,1,853.837,411.355,D1
28,3,331.299,467.813,D3
28,5,766.406,744.863,D5
28,6,196.283,728.119,O6
28,9,726.776,918.393,O9
28,10,981.318,321.211,O10
29,1,855.148,410.136,D1
29,3,332.295,470.375,D3
29,5,762.468,737.919,D5
29,6,197.591,728.570,O6
29,9,723.919,913.955,O9
29,10,987.147,325.521,O10
30,1,860.770,414.179,D1
30,3,330.316,467.286,D3
30,5,758.301,734.013,D5
30,6,198.637,727.034,O6
30,9,719.408,903.994,O9
30,10,991.078,332.522,O10
31,1,870.896,406.561,D1
31,3,328.878,467.892,D3
31,5,754.683,739.160,D5
31,6,200.183,729.078,O6
31,9,716.267,898.098,O9
31,10,993.521,331.771,O10
32,1,876.103,403.139,D1
32,3,328.751,468.444,D3
32,5,750.534,736.121,D5
32,6,200.690,729.868,O6
32,9,713.778,896.200,O9
32,10,1005.722,335.702,O10
33,1,878.432,410.671,D1
33,3,329.498,470.302,D3
33,5,748.513,735.791,D5
33,6,203.314,729.178,O6
33,9,712.201,893.456,O9
33,10,999.217,359.011,O10
34,1,883.980,414.365,D1
34,3,329.936,474.344,D3
34,5,747.749,735.000,D5
34,6,203.160,730.805,O6
34,9,709.732,893.059,O9
34,10,1011.320,356.444,O10
35,1,889.565,414.041,D1
35,3,330.097,476.321,D3
35,5,745.391,733.082,D5
35,6,206.838,733.662,O6
35,9,707.467,893.915,O9
35,10,1022.994,341.781,O10
36,1,893.335,415.901,D1
36,3,330.878,475.033,D3
36,5,743.593,732.202,D5
36,6,207.828,733.278,O6
36,9,706.141,893.854,O9
36,10,1022.078,350.611,O10
37,1,899.186,417.247,D1
37,3,332.969,476.770,D3
37,5,742.104,727.435,D5
37,6,209.533,733.581,O6
37,9,706.214,893.396,O9
37,10,1026.279,356.317,O10
38,1,903.686,428.311,D1
38,3,334.619,478.063,D3
38,5,741.512,730.296,D5
38,6,210.281,733.953,O6
38,9,700.403,894.182,O9
38,10,1035.725,342.513,O10
39,1,905.629,426.405,D1
39,3,336.352,479.203,D3
39,5,740.908,733.196,D5
39,6,211.288,733.962,O6
39,9,700.834,893.859,O9
39,10,1040.286,345.161,O10
40,1,909.226,440.644,D1
40,3,337.725,478.955,D3
40,5,739.629,733.956,D5
40,6,212.231,734.134,O6
40,9,701.194,894.058,O9
40,10,1043.821,341.270,O10
41,1,912.545,441.162,D1
41,3,339.862,483.499,D3
41,5,739.558,738.874,D5
41,6,214.269,733.565,O6
41,9,704.703,893.647,O9
41,10,1047.424,348.746,O10
42,1,914.773,432.124,D1
42,3,339.988,480.792,D3
42,5,738.660,734.828,D5
42,6,217.445,733.655,O6
42,9,708.205,892.864,O9
42,10,1050.612,361.959,O10
43,1,917.478,435.468,D1
43,3,340.474,480.356,D3
43,5,736.443,727.242,D5
43,6,218.726,731.686,O6
43,9,710.175,892.547,O9
43,10,1057.880,368.500,O10
44,1,919.047,434.842,D1
44,3,340.403,479.293,D3
44,5,734.773,721.732,D5
44,6,225.107,737.516,O6
44,9,713.950,892.024,O9
44,10,1061.094,375.528,O10
45,1,921.307,435.081,D1
45,3,339.644,476.107,D3
45,5,731.888,707.154,D5
45,6,228.806,738.105,O6
45,9,718.876,892.260,O9
45,10,1065.939,376.192,O10
46,1,924.666,435.334,D1
46,3,342.917,483.117,D3
46,5,728.396,701.516,D5
46,6,236.632,743.996,O6
46,9,721.982,891.483,O9
46,10,1074.913,372.918,O10
47,1,928.178,436.265,D1
47,3,342.051,485.698,D3
47,5,727.204,700.577,D5
47,6,240.186,744.476,O6
47,9,723.350,891.663,O9
47,10,1083.097,373.184,O10
48,1,932.623,429.635,D1
48,3,339.853,488.513,D3
48,5,727.423,698.763,D5
48,6,232.116,742.455,O6
48,9,722.880,892.203,O9
48,10,1094.244,370.967,O10
49,1,932.855,427.636,D1
49,3,343.766,491.391,D3
49,5,728.275,696.672,D5
49,6,243.040,743.088,O6
49,9,724.525,892.417,O9
49,10,1101.466,377.937,O10
50,1,938.361,419.435,D1
50,3,345.448,495.997,D3
50,5,727.516,694.924,D5
50,6,243.873,743.977,O6
50,9,724.649,891.790,O9
50,10,1104.621,383.942,O10
51,1,942.069,425.110,D1
51,3,344.959,499.223,D3
51,5,726.033,696.798,D5
51,6,244.047,740.209,O6
51,9,723.685,893.145,O9
51,10,1106.133,390.187,O10
52,1,946.426,419.297,D1
52,3,343.905,499.980,D3
52,5,725.901,697.310,D5
52,6,245.648,738.794,O6
52,9,723.454,892.818,O9
52,10,1108.779,402.105,O10
53,1,948.060,428.778,D1
53,3,345.620,502.913,D3
53,5,724.251,695.329,D5
53,6,250.180,735.850,O6
53,9,724.519,893.437,O9
53,10,1114.333,407.841,O10
54,1,950.189,425.841,D1
54,3,347.277,509.974,D3
54,5,722.253,686.792,D5
54,6,252.926,736.929,O6
54,9,724.992,893.854,O9
54,10,1118.352,414.321,O10
55,1,951.949,427.039,D1
55,3,347.242,515.429,D3
55,5,718.262,665.921,D5
55,6,255.278,734.723,O6
55,9,725.865,892.712,O9
55,10,1122.279,411.278,O10
56,1,957.411,425.774,D1
56,3,350.608,525.387,D3
56,5,716.678,663.161,D5
56,6,261.519,737.602,O6
56,9,728.855,890.833,O9
56,10,1127.261,413.363,O10
57,1,959.141,428.559,D1
57,3,350.565,527.836,D3
57,5,716.385,683.887,D5
57,6,266.211,741.392,O6
57,9,734.947,892.108,O9
57,10,1134.874,409.299,O10
58,1,960.937,428.692,D1
58,3,349.899,528.106,D3
58,5,714.154,678.357,D5
58,6,269.847,742.547,O6
58,9,739.576,889.562,O9
58,10,1142.906,405.864,O10
59,1,960.942,427.371,D1
59,3,348.088,529.450,D3
59,5,716.484,645.006,D5
59,6,275.050,748.510,O6
59,9,743.883,885.105,O9
59,10,1147.664,409.322,O10
60,1,961.120,427.257,D1
60,3,347.397,528.581,D3
60,5,709.499,633.656,D5
60,6,277.626,747.473,O6
60,9,757.587,883.599,O9
60,10,1152.062,410.225,O10
61,1,962.529,430.785,D1
61,3,348.472,533.264,D3
61,5,712.613,648.627,D5
61,6,277.720,746.610,O6
61,9,744.575,879.043,O9
61,10,1155.007,413.706,O10
62,1,963.987,433.022,D1
62,3,349.245,532.378,D3
62,5,711.345,630.267,D5
62,6,280.126,748.940,O6
62,9,746.779,874.025,O9
62,10,1160.170,409.798,O10
63,1,967.347,431.239,D1
63,3,351.046,531.341,D3
63,5,718.807,656.840,D5
63,6,285.096,751.636,O6
63,9,769.774,870.136,O9
63,10,1162.002,423.438,O10
64,1,969.074,430.591,D1
64,3,354.176,528.687,D3
64,5,715.324,669.324,D5
64,6,289.783,752.282,O6
64,9,769.504,874.493,O9
64,10,1166.124,428.386,O10
65,1,967.191,425.550,D1
65,3,360.210,531.672,D3
65,5,716.075,669.215,D5
65,6,307.590,759.275,O6
65,9,769.358,876.726,O9
65,10,1169.882,437.109,O10
66,1,965.760,426.135,D1
66,3,365.311,538.528,D3
66,5,714.329,642.246,D5
66,6,320.767,759.834,O6
66,9,767.494,878.050,O9
66,10,1174.713,431.079,O10
67,1,965.393,426.563,D1
67,3,358.125,507.895,D3
67,5,717.054,647.458,D5
67,6,317.729,762.088,O6
67,9,767.263,881.814,O9
67,10,1179.530,427.316,O10
68,1,967.936,419.626,D1
68,3,359.014,500.254,D3
68,5,719.976,651.217,D5
68,6,335.765,758.615,O6
68,9,768.363,880.479,O9
68,10,1184.740,430.140,O10
69,1,968.622,415.456,D1
69,3,368.252,519.349,D3
69,5,721.523,655.275,D5
69,6,360.964,755.441,O6
69,9,771.045,879.332,O9
69,10,1189.570,433.406,O10
70,1,970.833,409.249,D1
70,3,370.313,520.480,D3
70,5,722.379,654.144,D5
70,6,369.242,754.703,O6
70,9,770.334,876.272,O9
70,10,1192.367,436.384,O10
71,1,968.620,409.462,D1
71,3,373.494,518.254,D3
71,5,724.077,651.252,D5
71,6,412.280,748.781,O6
71,9,769.886,870.554,O9
71,10,1192.522,457.598,O10
72,1,975.688,411.806,D1
72,3,383.117,530.563,D3
72,5,725.906,633.957,D5
72,6,393.381,752.037,O6
72,9,769.984,864.192,O9
72,10,1192.593,476.102,O10
73,1,973.575,405.586,D1
73,3,393.516,551.411,D3
73,5,729.265,619.697,D5
73,6,388.321,735.328,O6
73,9,771.051,855.005,O9
73,10,1194.446,480.805,O10
74,1,971.411,397.191,D1
74,3,400.604,556.752,D3
74,5,747.911,664.617,D5
74,6,410.215,716.318,O6
74,9,770.525,847.451,O9
74,10,1196.064,490.526,O10
75,1,971.836,403.248,D1
75,3,393.810,541.357,D3
75,5,742.333,635.107,D5
75,6,419.904,715.088,O6
75,9,771.075,847.637,O9
75,10,1197.627,490.692,O10
76,1,972.968,409.474,D1
76,3,397.268,548.169,D3
76,5,747.854,661.647,D5
76,6,434.805,696.936,O6
76,9,771.094,843.471,O9
76,10,1199.425,490.312,O10
77,1,972.092,406.683,D1
77,3,396.053,529.930,D3
77,5,745.854,649.904,D5
77,6,441.185,692.599,O6
77,9,772.166,841.353,O9
77,10,1202.858,489.674,O10
78,1,970.580,406.162,D1
78,3,403.704,528.808,D3
78,5,750.037,667.278,D5
78,6,449.211,694.265,O6
78,9,773.900,841.492,O9
78,10,1205.563,489.556,O10
79,1,970.106,410.186,D1
79,3,405.787,505.865,D3
79,5,749.806,664.344,D5
79,6,445.530,692.942,O6
79,9,776.570,837.500,O9
79,10,1209.520,489.746,O10
80,1,969.618,426.889,D1
80,3,421.429,507.383,D3
80,5,751.557,661.112,D5
80,6,454.394,680.581,O6
80,9,779.229,834.887,O9
80,10,1212.171,491.342,O10
81,1,967.925,425.134,D1
81,3,434.858,516.758,D3
81,5,752.820,657.939,D5
81,6,476.902,665.437,O6
81,9,780.558,836.050,O9
81,10,1213.337,506.478,O10
82,1,968.947,428.877,D1
82,3,451.975,532.837,D3
82,5,748.129,596.267,D5
82,6,486.577,639.319,O6
82,9,781.589,836.773,O9
82,10,1212.381,531.536,O10
83,1,970.294,417.236,D1
83,3,463.518,516.305,D3
83,5,749.180,602.575,D5
83,6,511.368,635.037,O6
83,9,777.096,837.492,O9
83,10,1212.609,544.606,O10
84,1,967.149,411.875,D1
84,3,458.496,494.289,D3
84,5,745.556,590.127,D5
84,6,518.487,630.839,O6
84,9,772.619,838.103,O9
84,10,1213.765,548.887,O10
85,1,962.637,418.005,D1
85,3,466.419,496.960,D3
85,5,735.156,537.565,D5
85,6,536.446,632.098,O6
85,9,771.127,837.981,O9
85,10,1214.860,553.497,O10
86,1,960.194,419.231,D1
86,3,475.683,472.335,D3
86,5,740.302,590.890,D5
86,6,558.361,629.710,O6
86,9,769.426,838.090,O9
86,10,1215.717,552.429,O10
87,1,959.319,411.391,D1
87,3,495.265,477.279,D3
87,5,732.475,559.095,D5
87,6,568.602,599.990,O6
87,9,767.688,835.296,O9
87,10,1215.955,554.553,O10
88,1,956.524,406.449,D1
88,3,514.013,478.409,D3
88,5,730.130,572.943,D5
88,6,574.806,619.482,O6
88,9,766.797,837.501,O9
88,10,1214.919,554.903,O10
89,1,954.459,397.455,D1
89,3,526.086,468.841,D3
89,5,727.674,544.579,D5
89,6,571.684,596.325,O6
89,9,764.705,839.777,O9
89,10,1214.522,553.945,O10
90,1,951.714,395.119,D1
90,3,537.274,467.196,D3
90,5,724.881,539.112,D5
90,6,574.713,583.534,O6
90,9,761.316,842.791,O9
90,10,1214.750,551.715,O10
91,1,946.661,390.772,D1
91,3,547.224,465.732,D3
91,5,726.026,546.390,D5
91,6,591.322,552.415,O6
91,9,758.363,843.623,O9
91,10,1215.606,551.990,O10
92,1,942.257,382.825,D1
92,3,548.516,457.677,D3
92,5,718.173,543.632,D5
92,6,604.387,525.197,O6
92,9,755.459,843.970,O9
92,10,1218.060,550.379,O10
93,1,937.013,382.321,D1
93,3,547.988,441.811,D3
93,5,719.773,534.185,D5
93,6,616.156,525.427,O6
93,9,753.581,845.273,O9
93,10,1222.006,553.024,O10
94,1,932.769,384.781,D1
94,3,561.850,447.777,D3
94,5,725.931,515.165,D5
94,6,623.246,511.914,O6
94,9,752.740,846.625,O9
94,10,1224.662,550.787,O10
95,1,925.331,374.320,D1
95,3,563.068,427.439,D3
95,5,729.653,526.074,D5
95,6,633.000,502.256,O6
95,9,750.760,843.668,O9
95,10,1224.995,553.769,O10
96,1,924.652,370.251,D1
96,3,572.438,430.125,D3
96,5,735.349,517.308,D5
96,6,629.896,469.318,O6
96,9,749.180,842.760,O9
96,10,1225.818,554.030,O10
97,1,910.030,363.609,D1
97,3,585.098,384.471,D3
97,5,714.260,516.974,D5
97,6,651.914,476.920,O6
97,9,748.298,848.594,O9
97,10,1226.541,553.037,O10
98,1,901.227,363.215,D1
98,3,597.382,365.994,D3
98,5,721.658,498.156,D5
98,6,648.949,447.112,O6
98,9,748.699,850.767,O9
98,10,1227.730,554.133,O10
99,1,893.051,360.883,D1
99,3,607.236,389.772,D3
99,5,709.948,475.869,D5
99,6,651.609,401.511,O6
99,9,748.212,856.399,O9
99,10,1227.814,553.849,O10
100,1,892.069,360.620,D1
100,3,616.954,375.450,D3
100,5,717.791,485.757,D5
100,6,663.418,387.258,O6
100,9,743.053,858.777,O9
100,10,1228.928,554.013,O10
101,1,892.366,365.669,D1
101,3,615.253,362.663,D3
101,5,715.794,477.066,D5
101,6,669.184,370.129,O6
101,9,745.401,858.716,O9
101,10,1231.940,553.975,O10
102,1,889.762,366.507,D1
102,3,613.706,365.670,D3
102,5,713.872,469.012,D5
102,6,682.359,428.801,O6
102,9,745.865,868.415,O9
102,10,1238.459,552.759,O10
103,1,884.184,359.889,D1
103,3,617.403,342.881,D3
103,5,711.104,470.181,D5
103,6,691.565,405.004,O6
103,9,744.821,873.003,O9
103,10,1241.410,554.337,O10
104,1,876.723,349.800,D1
104,3,619.703,306.676,D3
104,5,712.911,456.386,D5
104,6,692.077,369.187,O6
104,9,744.604,875.694,O9
104,10,1248.551,557.263,O10
105,1,870.234,354.885,D1
105,3,633.184,343.234,D3
105,5,716.424,464.153,D5
105,6,708.316,355.874,O6
105,9,744.596,875.695,O9
105,10,1252.285,560.591,O10
106,1,864.060,360.289,D1
106,3,628.620,281.107,D3
106,5,711.983,432.056,D5
106,6,724.755,342.371,O6
106,9,746.226,878.417,O9
106,10,1255.776,554.598,O10
107,1,866.439,369.188,D1
107,3,651.793,270.013,D3
107,5,710.311,413.904,D5
107,6,741.395,328.701,O6
107,9,747.619,881.084,O9
107,10,1257.118,558.424,O10
108,1,863.054,365.769,D1
108,3,658.371,242.521,D3
108,5,691.161,303.528,D5
108,6,741.947,343.781,O6
108,9,747.805,879.469,O9
108,10,1260.082,552.966,O10
109,1,855.627,355.300,D1
109,3,680.163,259.093,D3
109,5,699.356,224.500,D5
109,6,750.579,353.300,O6
109,9,747.725,879.947,O9
109,10,1262.645,553.567,O10
110,1,855.348,361.311,D1
110,3,681.535,234.596,D3
110,5,730.821,402.052,D5
110,6,755.401,291.192,O6
110,9,746.699,880.799,O9
110,10,1266.270,554.552,O10
111,1,846.397,336.662,D1
111,3,691.897,247.696,D3
111,5,709.976,413.907,D5
111,6,752.876,281.286,O6
111,9,746.765,881.683,O9
111,10,1267.221,562.226,O10
112,1,843.121,316.551,D1
112,3,696.694,251.814,D3
112,5,715.023,421.628,D5
112,6,756.552,242.874,O6
112,9,745.021,883.665,O9
112,10,1270.208,556.493,O10
113,1,847.456,332.581,D1
113,3,702.343,241.275,D3
113,5,716.381,410.100,D5
113,6,774.239,245.048,O6
113,9,744.828,884.106,O9
113,10,1271.698,562.556,O10
114,1,825.724,303.294,D1
114,3,704.143,226.282,D3
114,5,720.077,409.299,D5
114,6,775.106,181.307,O6
114,9,744.510,884.276,O9
114,10,1273.750,560.907,O10
115,1,826.190,302.658,D1
115,3,708.680,240.328,D3
115,5,721.371,406.399,D5
115,6,782.327,243.840,O6
115,9,743.995,883.873,O9
115,10,1271.853,574.836,O10
116,1,828.035,321.924,D1
116,3,718.640,243.700,D3
116,5,722.211,406.438,D5
116,6,799.866,225.957,O6
116,9,742.249,883.103,O9
116,10,1273.176,575.746,O10
117,1,824.350,324.010,D1
117,3,722.063,228.534,D3
117,5,726.953,405.809,D5
117,6,810.003,193.733,O6
117,9,741.299,882.245,O9
117,10,1273.298,578.482,O10
118,1,819.941,316.640,D1
118,3,727.644,242.354,D3
118,5,731.355,403.427,D5
118,6,815.225,161.266,O6
118,9,740.646,881.809,O9
118,10,1275.172,578.907,O10
119,1,815.478,313.661,D1
119,3,730.638,202.332,D3
119,5,731.008,403.268,D5
119,6,815.946,128.421,O6
119,9,740.431,881.625,O9
119,10,1277.921,577.797,O10
120,1,814.976,311.615,D1
120,3,748.166,194.644,D3
120,5,728.346,404.527,D5
120,6,821.433,93.845,O6
120,9,740.151,882.131,O9
120,10,1282.180,576.641,O10
121,1,810.701,319.230,D1
121,3,750.632,229.171,D3
121,5,729.776,404.995,D5
121,6,829.170,57.768,O6
121,9,739.600,882.285,O9
121,10,1291.320,574.780,O10
122,1,806.193,303.848,D1
122,3,752.049,194.062,D3
122,5,723.115,406.141,D5
122,6,835.070,20.780,O6
122,9,739.388,882.403,O9
122,10,1296.064,572.943,O10
123,1,802.658,312.266,D1
123,3,753.398,162.947,D3
123,5,721.329,404.086,D5
123,6,841.221,23.921,O6
123,9,739.345,882.358,O9
123,10,1299.047,571.394,O10
124,1,799.162,310.863,D1
124,3,761.769,166.907,D3
124,5,723.276,398.790,D5
124,6,850.186,22.187,O6
124,9,739.291,882.857,O9
124,10,1300.055,570.461,O10
125,1,796.515,314.432,D1
125,3,758.689,156.906,D3
125,5,723.492,397.814,D5
125,6,850.506,8.868,O6
125,9,738.966,882.324,O9
125,10,1303.828,569.390,O10
126,1,795.399,311.961,D1
126,3,762.180,161.627,D3
126,5,723.732,394.515,D5
126,6,859.722,11.648,O6
126,9,738.815,882.005,O9
126,10,1306.542,569.523,O10
127,1,793.478,308.573,D1
127,3,766.444,191.903,D3
127,5,723.595,387.518,D5
127,6,862.300,35.135,O6
127,9,738.418,881.621,O9
127,10,1309.114,563.724,O10
128,1,786.231,309.700,D1
128,3,771.422,175.815,D3
128,5,723.298,374.721,D5
128,6,883.384,74.873,O6
128,9,738.805,881.931,O9
128,10,1310.073,565.135,O10
129,1,786.553,312.453,D1
129,3,781.288,158.755,D3
129,5,723.275,371.158,D5
129,6,876.012,69.141,O6
129,9,737.758,882.143,O9
129,10,1312.927,565.126,O10
130,1,789.812,314.429,D1
130,3,784.496,153.026,D3
130,5,722.649,363.732,D5
130,6,900.250,113.340,O6
130,9,737.052,881.588,O9
130,10,1314.826,565.853,O10
131,1,788.426,311.456,D1
131,3,789.297,173.132,D3
131,5,721.885,360.997,D5
131,6,904.295,88.607,O6
131,9,735.117,881.976,O9
131,10,1317.275,562.297,O10
132,1,790.999,308.812,D1
132,3,791.840,151.921,D3
132,5,720.242,350.881,D5
132,6,921.102,124.243,O6
132,9,734.372,882.787,O9
132,10,1318.577,563.095,O10
133,1,790.362,257.366,D1
133,3,793.102,130.468,D3
133,5,720.208,346.899,D5
133,6,924.714,81.515,O6
133,9,732.702,882.482,O9
133,10,1318.914,560.877,O10
134,1,783.231,307.259,D1
134,3,795.024,140.866,D3
134,5,719.926,346.941,D5
134,6,931.845,83.609,O6
134,9,732.463,882.226,O9
134,10,1318.812,560.186,O10
135,1,779.504,310.725,D1
135,3,804.112,123.424,D3
135,5,720.211,345.974,D5
135,6,942.777,94.282,O6
135,9,731.937,881.960,O9
135,10,1319.905,561.140,O10
136,1,779.675,305.410,D1
136,3,802.820,101.791,D3
136,5,721.522,348.401,D5
136,6,949.399,78.011,O6
136,9,729.948,882.381,O9
136,10,1321.709,558.811,O10
137,1,777.626,282.215,D1
137,3,808.200,95.450,D3
137,5,721.266,346.392,D5
137,6,960.659,78.316,O6
137,9,728.011,883.324,O9
137,10,1322.158,557.914,O10
138,1,777.094,282.003,D1
138,3,813.888,83.443,D3
138,5,720.932,347.465,D5
138,6,966.930,84.203,O6
138,9,726.186,883.999,O9
138,10,1322.324,562.412,O10
139,1,777.917,289.517,D1
139,3,820.564,104.614,D3
139,5,719.633,348.556,D5
139,6,973.930,69.576,O6
139,9,724.027,884.356,O9
139,10,1325.465,558.834,O10
140,1,779.785,301.712,D1
140,3,823.712,93.107,D3
140,5,718.830,350.816,D5
140,6,969.415,59.157,O6
140,9,722.739,883.770,O9
140,10,1326.310,557.189,O10
141,1,779.511,295.393,D1
141,3,832.926,86.156,D3
141,5,719.094,351.821,D5
141,6,977.261,38.078,O6
141,9,721.459,883.296,O9
141,10,1326.303,556.818,O10
142,1,778.337,284.546,D1
142,3,831.210,86.415,D3
142,5,717.898,350.183,D5
142,6,982.605,31.766,O6
142,9,721.023,882.765,O9
142,10,1325.793,557.158,O10
143,1,779.064,269.802,D1
143,3,828.125,86.881,D3
143,5,716.137,351.116,D5
143,6,993.693,31.012,O6
143,9,720.307,882.816,O9
143,10,1327.631,554.834,O10
144,1,778.416,274.963,D1
144,3,832.403,102.828,D3
144,5,715.459,350.196,D5
144,6,995.415,29.595,O6
144,9,719.945,882.918,O9
144,10,1326.587,557.557,O10
145,1,778.107,251.777,D1
145,3,835.102,113.339,D3
145,5,712.886,351.150,D5
145,6,1001.070,20.211,O6
145,9,719.281,883.403,O9
145,10,1325.644,551.988,O10
146,1,777.085,244.842,D1
146,3,823.425,32.839,D3
146,5,709.593,353.079,D5
146,6,1008.474,25.864,O6
146,9,718.792,883.472,O9
146,10,1325.458,552.033,O10
147,1,776.311,253.003,D1
147,3,828.279,29.302,D3
147,5,708.156,353.417,D5
147,6,1011.273,21.626,O6
147,9,718.733,884.149,O9
147,10,1325.391,550.668,O10
148,1,775.349,255.413,D1
148,3,831.860,43.921,D3
148,5,705.498,352.916,D5
148,6,1016.707,22.861,O6
148,9,718.999,884.427,O9
148,10,1324.498,551.815,O10
149,1,774.734,237.359,D1
149,3,833.029,42.611,D3
149,5,703.630,350.079,D5
149,6,1019.927,21.710,O6
149,9,719.505,884.317,O9
149,10,1323.976,549.495,O10
150,1,776.516,225.771,D1
150,3,842.179,3.454,D3
150,5,703.924,353.025,D5
150,6,1025.077,18.803,O6
150,9,720.156,884.338,O9
150,10,1321.915,550.366,O10
151,1,780.679,226.806,D1
151,3,847.223,19.105,D3
151,5,704.744,353.251,D5
151,6,1029.903,13.339,O6
151,9,720.751,884.506,O9
151,10,1318.868,545.405,O10
152,1,786.705,233.539,D1
152,3,856.522,49.407,D3
152,5,704.461,354.436,D5
152,6,1039.508,-6.072,O6
152,9,720.876,884.034,O9
152,10,1315.917,548.188,O10
153,1,786.843,211.548,D1
153,3,859.910,55.316,D3
153,5,699.292,354.133,D5
153,6,1043.794,-13.025,O6
153,9,721.082,883.223,O9
153,10,1313.759,549.631,O10
154,1,792.268,211.533,D1
154,3,873.273,68.846,D3
154,5,691.637,355.317,D5
154,6,1048.454,-8.381,O6
154,9,722.183,882.524,O9
154,10,1311.570,549.015,O10
155,1,795.328,197.722,D1
155,3,875.893,79.665,D3
155,5,679.983,343.024,D5
155,6,1053.686,-12.342,O6
155,9,722.849,880.102,O9
155,10,1309.712,551.364,O10
156,1,799.174,195.934,D1
156,3,879.363,112.086,D3
156,5,670.685,345.084,D5
156,6,1058.331,0.712,O6
156,9,723.512,878.472,O9
156,10,1310.263,547.300,O10
157,1,812.523,194.800,D1
157,3,882.940,106.128,D3
157,5,659.930,337.435,D5
157,6,1062.878,-0.685,O6
157,9,724.781,876.129,O9
157,10,1309.420,547.476,O10
158,1,817.233,189.987,D1
158,3,878.155,71.886,D3
158,5,651.463,337.393,D5
158,6,1067.427,-9.664,O6
158,9,725.777,875.248,O9
158,10,1308.999,546.258,O10
159,1,825.975,192.814,D1
159,3,881.725,83.562,D3
159,5,642.498,332.331,D5
159,6,1072.975,-6.302,O6
159,9,727.107,874.051,O9
159,10,1308.269,545.210,O10
160,1,837.124,192.499,D1
160,3,883.812,64.528,D3
160,5,636.158,328.850,D5
160,6,1073.576,-2.072,O6
160,9,728.345,876.146,O9
160,10,1307.740,542.865,O10
161,1,859.966,192.475,D1
161,3,897.719,103.900,D3
161,5,616.770,268.969,D5
161,6,1076.737,-5.825,O6
161,9,729.305,875.869,O9
161,10,1305.429,544.664,O10
162,1,866.101,182.953,D1
162,3,889.286,52.805,D3
162,5,616.324,295.016,D5
162,6,1078.393,-4.961,O6
162,9,730.168,876.103,O9
162,10,1301.343,544.081,O10
163,1,881.770,165.971,D1
163,3,890.043,104.838,D3
163,5,608.773,278.109,D5
163,6,1077.414,-2.351,O6
163,9,731.764,878.152,O9
163,10,1297.086,548.200,O10
164,1,883.431,178.004,D1
164,3,889.582,133.633,D3
164,5,592.888,323.462,D5
164,6,1080.156,-2.935,O6
164,9,732.563,877.772,O9
164,10,1294.789,548.497,O10
165,1,890.861,179.184,D1
165,3,889.718,171.787,D3
165,5,600.814,321.574,D5
165,6,1080.581,-1.215,O6
165,9,734.001,878.950,O9
165,10,1292.280,542.149,O10
166,1,898.264,180.335,D1
166,3,895.424,189.691,D3
166,5,593.937,318.856,D5
166,6,1077.330,-2.271,O6
166,9,734.552,877.566,O9
166,10,1288.711,540.648,O10
167,1,905.664,181.510,D1
167,3,899.465,192.779,D3
167,5,579.399,304.445,D5
167,6,1075.421,-7.791,O6
167,9,736.502,877.581,O9
167,10,1285.861,543.751,O10
168,1,913.049,182.711,D1
168,3,911.173,182.675,D3
168,5,576.648,310.252,D5
168,6,1074.736,-8.940,O6
168,9,738.137,876.091,O9
168,10,1282.756,544.492,O10
169,1,920.405,183.854,D1
169,3,902.501,125.786,D3
169,5,574.332,311.736,D5
169,6,1070.945,3.604,O6
169,9,740.301,877.967,O9
169,10,1280.275,543.290,O10
170,1,927.758,185.022,D1
170,3,887.976,100.227,D3
170,5,573.838,320.980,D5
170,6,1069.276,3.958,O6
170,9,742.126,878.657,O9
170,10,1278.375,540.633,O10
171,1,933.458,192.055,D1
171,3,892.371,103.913,D3
171,5,572.237,317.671,D5
171,6,1079.962,-23.759,O6
171,9,743.504,871.121,O9
171,10,1272.437,539.960,O10
172,1,937.077,171.591,D1
172,3,897.990,129.086,D3
172,5,564.847,317.876,D5
172,6,1081.349,30.877,O6
172,9,741.329,868.391,O9
172,10,1267.648,545.756,O10
173,1,949.419,153.492,D1
173,3,899.228,135.243,D3
173,5,558.356,317.391,D5
173,6,1084.192,32.403,O6
173,9,743.871,863.168,O9
173,10,1265.019,542.387,O10
174,1,960.585,161.862,D1
174,3,899.898,118.180,D3
174,5,546.119,315.697,D5
174,6,1081.941,32.646,O6
174,9,744.008,859.149,O9
174,10,1265.062,537.605,O10
175,1,962.468,154.952,D1
175,3,901.607,124.974,D3
175,5,535.201,315.998,D5
175,6,1067.786,29.954,O6
175,9,740.850,847.336,O9
175,10,1263.880,537.244,O10
176,1,981.346,138.105,D1
176,3,902.436,104.890,D3
176,5,523.515,312.182,D5
176,6,1071.507,37.250,O6
176,9,736.789,839.789,O9
176,10,1261.621,536.008,O10
177,1,1001.929,152.675,D1
177,3,904.563,99.105,D3
177,5,519.320,312.913,D5
177,6,1079.209,24.652,O6
177,9,730.805,822.265,O9
177,10,1260.462,536.195,O10
178,1,1011.847,159.192,D1
178,3,905.086,113.485,D3
178,5,515.430,320.478,D5
178,6,1081.954,36.644,O6
178,9,727.663,817.316,O9
178,10,1257.091,537.401,O10
179,1,1018.951,155.418,D1
179,3,906.795,139.447,D3
179,5,507.499,312.432,D5
179,6,1079.307,44.060,O6
179,9,725.572,813.602,O9
179,10,1255.756,537.227,O10
180,1,1021.086,172.798,D1
180,3,907.073,128.541,D3
180,5,499.041,311.686,D5
180,6,1079.896,66.203,O6
180,9,723.523,813.573,O9
180,10,1255.846,534.174,O10
181,1,1039.665,163.544,D1
181,3,910.102,131.123,D3
181,5,489.957,311.996,D5
181,6,1078.826,71.850,O6
181,9,724.811,808.788,O9
181,10,1255.539,535.860,O10
182,1,1061.836,200.481,D1
182,3,911.471,137.629,D3
182,5,486.072,320.287,D5
182,6,1070.228,86.559,O6
182,9,720.189,789.624,O9
182,10,1256.500,538.332,O10
183,1,1071.981,201.220,D1
183,3,913.774,149.177,D3
183,5,477.782,319.073,D5
183,6,1080.389,51.611,O6
183,9,722.070,790.469,O9
183,10,1257.092,538.669,O10
184,1,1087.842,208.442,D1
184,3,915.648,146.570,D3
184,5,473.425,322.383,D5
184,6,1072.287,57.248,O6
184,9,721.689,786.101,O9
184,10,1259.143,542.545,O10
185,1,1088.256,217.876,D1
185,3,917.133,155.205,D3
185,5,465.246,317.952,D5
185,6,1056.071,75.088,O6
185,9,720.052,771.627,O9
185,10,1257.793,546.057,O10
186,1,1096.794,211.866,D1
186,3,917.718,151.589,D3
186,5,449.968,318.918,D5
186,6,1058.062,84.520,O6
186,9,718.455,761.537,O9
186,10,1256.779,547.730,O10
187,1,1107.162,219.772,D1
187,3,918.019,145.109,D3
187,5,437.590,321.190,D5
187,6,1061.823,55.345,O6
187,9,713.388,743.729,O9
187,10,1256.182,546.455,O10
188,1,1141.205,219.393,D1
188,3,919.801,160.265,D3
188,5,432.169,332.449,D5
188,6,1061.430,66.283,O6
188,9,710.696,735.646,O9
188,10,1256.621,541.028,O10
189,1,1146.499,216.757,D1
189,3,920.972,160.884,D3
189,5,424.983,321.704,D5
189,6,1062.842,55.159,O6
189,9,708.384,732.972,O9
189,10,1255.696,538.063,O10
190,1,1158.615,232.604,D1
190,3,922.025,171.318,D3
190,5,418.682,333.531,D5
190,6,1065.104,60.144,O6
190,9,704.811,721.445,O9
190,10,1255.796,533.608,O10
191,1,1169.243,230.267,D1
191,3,922.702,189.015,D3
191,5,413.552,331.910,D5
191,6,1063.456,52.857,O6
191,9,701.533,717.469,O9
191,10,1257.098,525.379,O10
192,1,1158.181,231.649,D1
192,3,924.731,188.797,D3
192,5,405.152,332.975,D5
192,6,1059.088,55.310,O6
192,9,698.288,711.683,O9
192,10,1259.505,513.772,O10
193,1,1159.675,244.050,D1
193,3,925.154,200.302,D3
193,5,397.868,334.219,D5
193,6,1049.077,45.599,O6
193,9,694.857,705.677,O9
193,10,1261.621,500.069,O10
194,1,1174.120,260.302,D1
194,3,926.759,199.723,D3
194,5,394.526,338.503,D5
194,6,1047.322,56.895,O6
194,9,693.100,701.116,O9
194,10,1264.661,490.242,O10
195,1,1186.142,253.712,D1
195,3,926.173,199.528,D3
195,5,384.287,336.586,D5
195,6,1038.561,64.818,O6
195,9,689.030,693.279,O9
195,10,1265.470,485.244,O10
196,1,1193.683,247.581,D1
196,3,927.686,210.827,D3
196,5,372.650,334.067,D5
196,6,1033.736,70.304,O6
196,9,686.358,680.648,O9
196,10,1264.907,487.321,O10
197,1,1203.773,240.783,D1
197,3,928.019,214.488,D3
197,5,363.064,334.669,D5
197,6,1030.331,80.361,O6
197,9,682.171,667.477,O9
197,10,1263.766,482.944,O10
198,1,1210.807,239.034,D1
198,3,930.419,220.734,D3
198,5,353.219,341.186,D5
198,6,1019.672,94.091,O6
198,9,680.117,658.742,O9
198,10,1261.868,483.397,O10
199,1,1219.963,230.713,D1
199,3,931.461,229.224,D3
199,5,346.906,342.523,D5
199,6,1017.505,97.635,O6
199,9,673.887,646.444,O9
199,10,1259.446,484.691,O10
200,1,1221.507,245.467,D1
200,3,931.926,235.303,D3
200,5,341.547,343.427,D5
200,6,1016.192,93.096,O6
200,9,671.708,642.909,O9
200,10,1258.094,485.378,O10
201,1,1224.100,245.650,D1
201,3,933.446,235.021,D3
201,5,337.516,344.901,D5
201,6,1013.754,95.323,O6
201,9,671.249,640.392,O9
201,10,1257.714,486.491,O10
202,1,1230.779,246.311,D1
202,3,934.772,234.033,D3
202,5,327.595,345.028,D5
202,6,1005.973,110.766,O6
202,9,671.096,639.200,O9
202,10,1255.878,486.661,O10
203,1,1235.485,248.111,D1
203,3,934.510,233.172,D3
203,5,319.594,352.899,D5
203,6,1009.252,98.384,O6
203,9,666.253,627.417,O9
203,10,1253.328,487.971,O10
204,1,1236.891,242.743,D1
204,3,935.074,232.433,D3
204,5,312.168,355.608,D5
204,6,1006.917,97.746,O6
204,9,664.171,623.605,O9
204,10,1252.100,489.557,O10
205,1,1237.341,237.929,D1
205,3,935.093,221.252,D3
205,5,307.989,361.886,D5
205,6,1002.978,107.974,O6
205,9,659.653,614.379,O9
205,10,1251.235,484.180,O10
206,1,1240.527,237.846,D1
206,3,936.789,206.556,D3
206,5,302.332,358.227,D5
206,6,999.354,123.061,O6
206,9,654.230,602.351,O9
206,10,1251.117,485.061,O10
207,1,1245.063,234.830,D1
207,3,937.858,229.091,D3
207,5,295.237,360.357,D5
207,6,996.008,138.079,O6
207,9,649.062,594.532,O9
207,10,1250.389,482.021,O10
208,1,1246.138,241.835,D1
208,3,938.019,238.092,D3
208,5,286.402,365.619,D5
208,6,990.832,141.948,O6
208,9,643.009,584.774,O9
208,10,1249.985,480.462,O10
209,1,1254.810,239.486,D1
209,3,938.392,237.330,D3
209,5,274.811,367.447,D5
209,6,987.843,109.976,O6
209,9,637.206,577.718,O9
209,10,1253.203,471.281,O10
210,1,1261.089,257.625,D1
210,3,939.302,232.512,D3
210,5,266.419,374.363,D5
210,6,984.401,64.349,O6
210,9,631.209,572.493,O9
210,10,1256.647,466.217,O10
211,1,1279.911,256.254,D1
211,3,940.892,294.382,D3
211,5,261.022,381.752,D5
211,6,982.383,59.871,O6
211,9,626.986,568.717,O9
211,10,1260.114,448.891,O10
212,1,1285.949,261.396,D1
212,3,941.383,291.466,D3
212,5,254.160,383.595,D5
212,6,979.494,65.379,O6
212,9,624.323,561.422,O9
212,10,1261.485,447.360,O10
213,1,1291.955,266.531,D1
213,3,944.100,308.974,D3
213,5,249.957,393.303,D5
213,6,979.179,69.836,O6
213,9,622.873,563.675,O9
213,10,1263.141,440.738,O10
214,1,1297.917,271.609,D1
214,3,944.364,326.855,D3
214,5,251.137,404.064,D5
214,6,975.860,139.948,O6
214,9,620.043,565.195,O9
214,10,1266.212,439.007,O10
215,1,1303.849,276.654,D1
215,3,946.288,332.304,D3
215,5,248.255,416.518,D5
215,6,967.556,161.749,O6
215,9,617.478,564.045,O9
215,10,1267.804,440.160,O10
216,1,1309.731,281.719,D1
216,3,948.246,343.375,D3
216,5,244.495,414.688,D5
216,6,960.662,162.783,O6
216,9,614.780,559.354,O9
216,10,1253.035,438.614,O10
217,1,1315.590,286.702,D1
217,3,951.520,333.784,D3
217,5,236.102,415.234,D5
217,6,950.452,128.072,O6
217,9,611.956,548.998,O9
217,10,1257.183,431.552,O10
218,1,1321.405,291.655,D1
218,3,950.719,339.708,D3
218,5,231.502,417.510,D5
218,6,938.025,140.427,O6
218,9,605.293,535.005,O9
218,10,1258.446,431.263,O10
219,1,1327.190,296.601,D1
219,3,948.742,333.852,D3
219,5,227.406,418.092,D5
219,6,936.111,151.093,O6
219,9,600.464,521.979,O9
219,10,1258.574,429.340,O10
220,1,1332.934,301.493,D1
220,3,948.620,335.215,D3
220,5,220.954,418.625,D5
220,6,932.980,156.713,O6
220,9,595.612,517.390,O9
220,10,1259.413,428.483,O10
221,1,1323.696,306.584,D1
221,3,950.148,348.819,D3
221,5,212.913,420.613,D5
221,6,925.658,178.148,O6
221,9,592.708,510.727,O9
221,10,1257.409,427.013,O10
222,1,1326.769,306.821,D1
222,3,950.022,370.372,D3
222,5,204.784,421.942,D5
222,6,922.459,163.414,O6
222,9,588.456,501.249,O9
222,10,1257.969,427.855,O10
223,1,1329.778,307.258,D1
223,3,952.534,381.520,D3
223,5,200.678,433.742,D5
223,6,918.704,169.074,O6
223,9,582.720,483.457,O9
223,10,1258.529,427.773,O10
224,1,1333.539,305.369,D1
224,3,953.662,407.975,D3
224,5,201.894,454.895,D5
224,6,919.420,168.967,O6
224,9,581.768,486.024,O9
224,10,1260.503,420.677,O10
225,1,1335.769,301.505,D1
225,3,955.012,423.961,D3
225,5,205.338,469.657,D5
225,6,925.137,170.938,O6
225,9,580.095,486.903,O9
225,10,1264.400,416.969,O10
226,1,1338.425,303.288,D1
226,3,959.636,438.348,D3
226,5,208.651,482.396,D5
226,6,916.464,199.455,O6
226,9,576.260,482.256,O9
226,10,1267.699,410.861,O10
227,1,1344.139,295.638,D1
227,3,961.238,447.089,D3
227,5,205.484,480.303,D5
227,6,918.036,199.104,O6
227,9,574.912,479.265,O9
227,10,1270.801,408.437,O10
228,1,1347.079,298.517,D1
228,3,965.369,450.155,D3
228,5,202.597,482.870,D5
228,6,912.616,204.950,O6
228,9,568.168,467.539,O9
228,10,1271.390,408.887,O10
229,1,1345.931,320.242,D1
229,3,966.377,456.815,D3
229,5,197.661,484.272,D5
229,6,914.790,214.393,O6
229,9,563.667,461.649,O9
229,10,1273.667,406.216,O10
230,1,1347.313,325.941,D1
230,3,965.954,458.406,D3
230,5,190.660,483.514,D5
230,6,914.442,223.810,O6
230,9,559.361,457.563,O9
230,10,1276.297,406.023,O10
231,1,1350.092,331.188,D1
231,3,969.582,458.999,D3
231,5,183.093,487.048,D5
231,6,913.477,209.508,O6
231,9,556.191,457.599,O9
231,10,1277.429,403.256,O10
232,1,1365.745,338.835,D1
232,3,971.601,455.582,D3
232,5,177.104,489.670,D5
232,6,906.933,211.495,O6
232,9,549.730,451.340,O9
232,10,1277.382,404.876,O10
233,1,1357.680,348.235,D1
233,3,975.109,463.198,D3
233,5,175.460,495.938,D5
233,6,907.705,205.705,O6
233,9,548.870,454.431,O9
233,10,1278.231,400.896,O10
234,1,1359.101,351.326,D1
234,3,977.717,481.097,D3
234,5,181.389,512.380,D5
234,6,906.114,209.458,O6
234,9,546.728,456.883,O9
234,10,1279.177,403.732,O10
235,1,1360.085,358.931,D1
235,3,977.180,514.965,D3
235,5,181.354,519.240,D5
235,6,901.938,208.087,O6
235,9,544.986,455.185,O9
235,10,1281.113,402.479,O10
236,1,1362.396,360.134,D1
236,3,982.005,518.430,D3
236,5,186.180,534.787,D5
236,6,900.391,209.499,O6
236,9,543.562,453.755,O9
236,10,1286.408,405.357,O10
237,1,1362.863,370.386,D1
237,3,982.958,536.552,D3
237,5,190.655,549.118,D5
237,6,897.323,214.023,O6
237,9,544.677,455.389,O9
237,10,1293.004,399.960,O10
238,1,1367.374,364.167,D1
238,3,986.882,562.320,D3
238,5,190.118,553.613,D5
238,6,894.535,219.685,O6
238,9,534.404,426.970,O9
238,10,1299.188,393.190,O10
239,1,1375.163,367.299,D1
239,3,989.931,556.054,D3
239,5,188.787,556.168,D5
239,6,893.341,227.181,O6
239,9,534.188,431.975,O9
239,10,1298.274,398.540,O10
240,1,1375.811,370.381,D1
240,3,992.165,559.161,D3
240,5,186.943,556.653,D5
240,6,889.345,243.176,O6
240,9,528.979,428.570,O9
240,10,1305.191,381.385,O10
241,1,1379.924,368.895,D1
241,3,996.405,565.087,D3
241,5,183.655,555.699,D5
241,6,889.210,258.193,O6
241,9,528.441,431.231,O9
241,10,1309.218,381.936,O10
242,1,1378.898,386.159,D1
242,3,998.563,564.570,D3
242,5,181.570,555.532,D5
242,6,888.382,262.350,O6
242,9,531.705,442.922,O9
242,10,1306.958,382.970,O10
243,1,1382.066,407.682,D1
243,3,1001.875,554.807,D3
243,5,176.650,550.006,D5
243,6,887.229,261.108,O6
243,9,530.357,443.560,O9
243,10,1307.543,383.959,O10
244,1,1386.190,407.078,D1
244,3,1003.894,575.684,D3
244,5,174.973,554.674,D5
244,6,885.185,261.892,O6
244,9,526.594,432.908,O9
244,10,1305.962,384.848,O10
245,1,1386.057,414.407,D1
245,3,1005.407,589.158,D3
245,5,177.004,564.788,D5
245,6,883.980,256.963,O6
245,9,519.677,425.986,O9
245,10,1290.434,386.777,O10
246,1,1389.510,413.902,D1
246,3,1006.596,617.067,D3
246,5,181.005,578.950,D5
246,6,884.462,302.634,O6
246,9,510.188,430.309,O9
246,10,1303.412,387.824,O10
247,1,1386.089,432.406,D1
247,3,1007.353,632.635,D3
247,5,189.409,598.252,D5
247,6,882.797,271.222,O6
247,9,508.083,439.024,O9
247,10,1299.698,410.461,O10
248,1,1399.683,435.498,D1
248,3,1009.041,642.723,D3
248,5,189.343,602.004,D5
248,6,884.505,287.370,O6
248,9,505.767,446.098,O9
248,10,1292.978,446.013,O10
249,1,1403.498,434.302,D1
249,3,1011.336,655.559,D3
249,5,191.745,612.841,D5
249,6,884.586,307.633,O6
249,9,523.260,459.634,O9
249,10,1283.495,462.400,O10
250,1,1406.984,407.699,D1
250,3,1015.276,669.260,D3
250,5,196.016,628.122,D5
250,6,883.201,323.569,O6
250,9,522.349,466.579,O9
250,10,1282.022,465.540,O10
251,1,1409.529,414.607,D1
251,3,1020.330,666.930,D3
251,5,194.245,628.184,D5
251,6,882.894,335.733,O6
251,9,517.433,445.696,O9
251,10,1284.111,464.055,O10
252,1,1412.243,426.668,D1
252,3,1022.604,666.911,D3
252,5,191.938,629.580,D5
252,6,882.470,338.235,O6
252,9,518.422,453.070,O9
252,10,1284.084,463.297,O10
253,1,1414.120,452.107,D1
253,3,1024.996,666.972,D3
253,5,191.161,628.908,D5
253,6,882.559,344.549,O6
253,9,514.141,445.418,O9
253,10,1286.231,463.525,O10
254,1,1422.825,426.676,D1
254,3,1026.750,666.832,D3
254,5,189.533,629.008,D5
254,6,882.165,345.413,O6
254,9,511.594,447.087,O9
254,10,1288.711,461.599,O10
255,1,1428.670,422.319,D1
255,3,1028.656,676.641,D3
255,5,189.224,629.485,D5
255,6,881.014,342.869,O6
255,9,511.675,455.620,O9
255,10,1291.268,463.411,O10
256,1,1432.306,432.329,D1
256,3,1030.354,701.940,D3
256,5,188.395,629.429,D5
256,6,881.247,327.177,O6
256,9,511.944,462.480,O9
256,10,1293.207,463.228,O10
257,1,1435.348,438.659,D1
257,3,1031.251,714.719,D3
257,5,187.307,628.193,D5
257,6,881.328,337.370,O6
257,9,506.830,468.163,O9
257,10,1295.062,466.134,O10
258,1,1432.851,456.638,D1
258,3,1034.408,720.876,D3
258,5,185.542,627.427,D5
258,6,881.600,343.908,O6
258,9,502.540,457.605,O9
258,10,1299.808,464.764,O10
259,1,1434.327,465.210,D1
259,3,1036.078,732.436,D3
259,5,186.227,626.362,D5
259,6,884.067,361.634,O6
259,9,506.878,469.666,O9
259,10,1302.762,463.674,O10
260,1,1433.911,471.780,D1
260,3,1036.722,749.787,D3
260,5,187.309,628.094,D5
260,6,885.099,383.888,O6
260,9,505.234,467.247,O9
260,10,1304.456,462.348,O10
261,1,1435.379,476.140,D1
261,3,1037.693,758.588,D3
261,5,189.547,633.863,D5
261,6,887.306,408.569,O6
261,9,506.347,472.958,O9
261,10,1305.775,463.913,O10
262,1,1437.837,474.530,D1
262,3,1041.183,758.089,D3
262,5,193.483,641.874,D5
262,6,889.594,415.820,O6
262,9,505.978,473.505,O9
262,10,1308.351,462.979,O10
263,1,1438.850,474.402,D1
263,3,1045.363,757.321,D3
263,5,197.604,646.993,D5
263,6,891.752,420.541,O6
263,9,507.329,490.623,O9
263,10,1307.881,462.108,O10
264,1,1437.972,476.052,D1
264,3,1051.056,758.173,D3
264,5,199.592,649.997,D5
264,6,891.530,433.065,O6
264,9,508.394,505.005,O9
264,10,1309.445,462.520,O10
265,1,1437.096,475.987,D1
265,3,1057.621,757.292,D3
265,5,199.038,648.547,D5
265,6,892.099,432.052,O6
265,9,509.026,511.094,O9
265,10,1308.832,461.730,O10
266,1,1437.697,474.917,D1
266,3,1062.653,759.664,D3
266,5,198.524,648.124,D5
266,6,893.131,433.427,O6
266,9,508.032,517.419,O9
266,10,1311.012,463.529,O10
267,1,1437.277,473.532,D1
267,3,1066.261,774.622,D3
267,5,199.252,649.109,D5
267,6,893.868,433.340,O6
267,9,507.212,518.455,O9
267,10,1313.119,463.700,O10
268,1,1436.068,476.098,D1
268,3,1065.374,797.341,D3
268,5,199.733,649.422,D5
268,6,894.200,431.345,O6
268,9,510.801,528.358,O9
268,10,1313.086,464.024,O10
269,1,1436.694,475.082,D1
269,3,1066.234,812.233,D3
269,5,200.030,651.040,D5
269,6,894.079,432.160,O6
269,9,510.378,531.086,O9
269,10,1312.838,463.482,O10
270,1,1438.963,475.677,D1
270,3,1067.594,822.421,D3
270,5,200.060,651.189,D5
270,6,897.158,438.671,O6
270,9,509.241,531.273,O9
270,10,1311.721,464.263,O10
271,1,1437.583,485.976,D1
271,3,1068.986,829.252,D3
271,5,200.458,652.541,D5
271,6,898.638,465.356,O6
271,9,507.480,533.478,O9
271,10,1311.760,463.420,O10
272,1,1434.681,502.042,D1
272,3,1070.425,839.880,D3
272,5,202.397,654.390,D5
272,6,901.385,475.442,O6
272,9,506.653,534.560,O9
272,10,1312.811,460.489,O10
273,1,1433.979,509.382,D1
273,3,1072.550,851.864,D3
273,5,204.910,659.647,D5
273,6,903.844,485.194,O6
273,9,504.346,535.983,O9
273,10,1311.962,460.833,O10
274,1,1433.195,514.598,D1
274,3,1075.191,851.465,D3
274,5,205.307,662.226,D5
274,6,904.158,485.127,O6
274,9,502.471,535.611,O9
274,10,1309.414,463.043,O10
275,1,1432.608,520.208,D1
275,3,1078.666,850.344,D3
275,5,213.388,674.200,D5
275,6,905.764,488.912,O6
275,9,504.094,535.540,O9
275,10,1307.878,460.307,O10
276,1,1433.208,521.906,D1
276,3,1081.309,849.698,D3
276,5,214.028,674.440,D5
276,6,907.004,483.464,O6
276,9,506.112,535.328,O9
276,10,1306.349,457.218,O10
277,1,1432.289,527.514,D1
277,3,1084.332,847.268,D3
277,5,215.431,676.378,D5
277,6,908.664,480.388,O6
277,9,508.105,536.871,O9
277,10,1304.032,457.073,O10
278,1,1433.978,528.028,D1
278,3,1089.824,848.615,D3
278,5,216.956,675.234,D5
278,6,909.915,488.656,O6
278,9,509.868,537.758,O9
278,10,1304.528,449.338,O10
279,1,1435.482,527.196,D1
279,3,1091.311,862.438,D3
279,5,218.529,676.960,D5
279,6,910.371,492.712,O6
279,9,512.483,544.190,O9
279,10,1301.822,448.554,O10
280,1,1434.960,528.896,D1
280,3,1092.726,876.601,D3
280,5,222.105,677.306,D5
280,6,912.173,502.262,O6
280,9,516.753,551.696,O9
280,10,1301.036,446.612,O10
281,1,1435.873,527.555,D1
281,3,1093.204,886.723,D3
281,5,224.093,676.539,D5
281,6,914.098,520.274,O6
281,9,519.204,559.957,O9
281,10,1298.753,446.905,O10
282,1,1436.743,525.585,D1
282,3,1094.364,893.768,D3
282,5,224.595,675.656,D5
282,6,916.192,535.529,O6
282,9,516.615,551.185,O9
282,10,1297.106,446.778,O10
283,1,1438.254,524.769,D1
283,3,1095.603,904.232,D3
283,5,223.640,674.836,D5
283,6,917.218,545.560,O6
283,9,517.467,553.958,O9
283,10,1296.554,446.022,O10
284,1,1438.611,525.206,D1
284,3,1097.525,911.203,D3
284,5,225.398,674.027,D5
284,6,919.241,555.245,O6
284,9,516.039,549.201,O9
284,10,1294.906,446.161,O10
285,1,1438.285,527.855,D1
285,3,1099.260,916.959,D3
285,5,225.127,673.216,D5
285,6,919.704,566.388,O6
285,9,517.127,553.906,O9
285,10,1294.113,446.542,O10
286,1,1437.992,535.188,D1
286,3,1101.486,918.566,D3
286,5,227.011,673.072,D5
286,6,918.327,566.982,O6
286,9,517.589,551.492,O9
286,10,1293.593,445.862,O10
287,1,1439.962,544.496,D1
287,3,1104.637,918.926,D3
287,5,226.152,669.659,D5
287,6,918.521,568.753,O6
287,9,516.481,553.083,O9
287,10,1293.100,446.445,O10
