1,1,111.280,560.139,O6
1,2,391.430,427.140,D1
1,4,743.042,943.715,O9
1,5,769.564,723.112,D5
1,6,1030.508,429.146,D3
1,7,1402.751,400.741,O10
2,1,108.416,559.760,O6
2,2,390.803,428.050,D1
2,4,741.607,943.014,O9
2,5,768.370,729.641,D5
2,6,1035.330,428.330,D3
2,7,1403.015,400.660,O10
3,1,106.023,559.506,O6
3,2,389.056,427.515,D1
3,4,738.680,943.061,O9
3,5,766.090,736.349,D5
3,6,1038.635,427.889,D3
3,7,1403.357,400.674,O10
4,1,102.840,559.541,O6
4,2,387.355,429.591,D1
4,4,734.976,944.419,O9
4,5,764.073,740.231,D5
4,6,1040.972,425.631,D3
4,7,1404.085,400.567,O10
5,1,99.274,559.653,O6
5,2,383.969,429.588,D1
5,4,731.982,947.114,O9
5,5,760.951,741.801,D5
5,6,1043.314,426.463,D3
5,7,1404.082,400.504,O10
6,1,93.341,553.461,O6
6,2,380.633,430.944,D1
6,4,733.145,945.764,O9
6,5,758.368,742.433,D5
6,6,1045.215,425.705,D3
6,7,1404.333,400.488,O10
7,1,90.429,552.009,O6
7,2,378.400,433.740,D1
7,4,726.851,946.161,O9
7,5,758.019,746.524,D5
7,6,1046.964,425.253,D3
7,7,1404.168,400.491,O10
8,1,87.521,552.590,O6
8,2,377.125,436.960,D1
8,4,722.050,945.615,O9
8,5,755.475,744.182,D5
8,6,1048.549,424.040,D3
8,7,1404.384,400.481,O10
9,1,90.112,561.798,O6
9,2,377.963,447.377,D1
9,4,718.500,944.580,O9
9,5,753.197,740.530,D5
9,6,1049.991,427.287,D3
9,7,1404.171,400.491,O10
10,1,91.523,568.075,O6
10,2,377.890,453.420,D1
10,4,716.042,946.394,O9
10,5,750.706,740.687,D5
10,6,1051.696,429.335,D3
10,7,1404.118,400.456,O10
11,1,94.238,576.580,O6
11,2,378.625,459.582,D1
11,4,713.967,947.213,O9
11,5,747.199,739.617,D5
11,6,1053.580,427.997,D3
11,7,1404.055,400.487,O10
12,1,100.461,589.175,O6
12,2,376.789,459.062,D1
12,4,712.049,947.656,O9
12,5,745.235,737.843,D5
12,6,1054.572,426.463,D3
12,7,1403.739,400.554,O10
13,1,103.729,595.506,O6
13,2,372.573,452.026,D1
13,4,710.190,947.998,O9
13,5,737.574,739.530,D5
13,6,1054.383,426.035,D3
13,7,1403.594,400.639,O10
14,1,106.558,602.854,O6
14,2,370.714,450.164,D1
14,4,708.982,945.051,O9
14,5,732.465,740.357,D5
14,6,1054.192,422.863,D3
14,7,1403.541,400.604,O10
15,1,111.979,615.677,O6
15,2,367.154,444.606,D1
15,4,708.592,943.944,O9
15,5,727.677,741.044,D5
15,6,1053.595,420.833,D3
15,7,1403.511,400.588,O10
16,1,108.581,610.412,O6
16,2,367.668,447.530,D1
16,4,706.873,941.672,O9
16,5,724.947,741.390,D5
16,6,1052.703,419.170,D3
16,7,1403.524,400.586,O10
17,1,112.317,621.751,O6
17,2,369.038,453.626,D1
17,4,703.187,936.071,O9
17,5,722.327,743.095,D5
17,6,1054.158,418.321,D3
17,7,1403.713,398.672,O10
18,1,113.490,627.599,O6
18,2,373.065,465.705,D1
18,4,700.403,933.094,O9
18,5,720.488,743.822,D5
18,6,1057.348,413.678,D3
18,7,1403.817,397.913,O10
19,1,112.845,629.822,O6
19,2,375.261,470.079,D1
19,4,697.098,927.052,O9
19,5,718.711,745.587,D5
19,6,1059.546,412.782,D3
19,7,1403.104,399.630,O10
20,1,111.460,630.620,O6
20,2,376.770,473.570,D1
20,4,693.400,925.165,O9
20,5,717.852,747.617,D5
20,6,1060.875,411.440,D3
20,7,1403.318,398.305,O10
21,1,109.808,630.881,O6
21,2,376.735,474.901,D1
21,4,689.324,923.847,O9
21,5,718.087,748.259,D5
21,6,1061.466,407.992,D3
21,7,1403.399,397.805,O10
22,1,107.020,631.168,O6
22,2,375.452,473.467,D1
22,4,686.188,923.658,O9
22,5,717.347,745.860,D5
22,6,1063.167,407.521,D3
22,7,1403.132,397.695,O10
23,1,104.823,631.251,O6
23,2,372.732,470.038,D1
23,4,683.181,922.852,O9
23,5,716.662,744.972,D5
23,6,1064.179,403.374,D3
23,7,1403.037,397.645,O10
24,1,103.862,633.018,O6
24,2,368.288,464.120,D1
24,4,678.758,923.119,O9
24,5,716.027,744.709,D5
24,6,1065.957,398.671,D3
24,7,1403.010,397.692,O10
25,1,101.493,632.054,O6
25,2,366.038,461.879,D1
25,4,674.507,924.713,O9
25,5,713.952,742.086,D5
25,6,1071.593,395.220,D3
25,7,1403.003,397.693,O10
26,1,100.551,631.556,O6
26,2,364.930,462.089,D1
26,4,671.698,925.565,O9
26,5,711.262,741.388,D5
26,6,1069.624,396.676,D3
26,7,1402.664,397.827,O10
27,1,100.243,631.263,O6
27,2,365.242,469.279,D1
27,4,669.846,923.889,O9
27,5,705.677,737.586,D5
27,6,1075.004,395.347,D3
27,7,1402.570,397.820,O10
28,1,103.803,637.593,O6
28,2,364.123,470.088,D1
28,4,668.189,922.372,O9
28,5,699.893,735.273,D5
28,6,1076.004,395.088,D3
28,7,1402.535,397.846,O10
29,1,108.037,642.928,O6
29,2,364.043,476.382,D1
29,4,666.511,918.742,O9
29,5,695.664,733.323,D5
29,6,1073.081,398.541,D3
29,7,1402.523,397.869,O10
30,1,111.425,648.072,O6
30,2,364.722,480.657,D1
30,4,664.465,916.538,O9
30,5,692.791,729.984,D5
30,6,1074.603,398.473,D3
30,7,1402.532,397.847,O10
31,1,114.434,653.058,O6
31,2,361.565,482.689,D1
31,4,661.236,910.644,O9
31,5,689.565,727.646,D5
31,6,1077.443,398.123,D3
31,7,1402.023,399.852,O10
32,1,117.314,658.048,O6
32,2,360.061,487.505,D1
32,4,657.982,903.267,O9
32,5,686.764,728.508,D5
32,6,1081.992,395.530,D3
32,7,1401.850,400.577,O10
33,1,121.040,664.534,O6
33,2,358.930,489.363,D1
33,4,653.191,890.900,O9
33,5,684.131,727.713,D5
33,6,1086.886,391.106,D3
33,7,1401.805,400.859,O10
34,1,126.912,672.852,O6
34,2,357.939,490.027,D1
34,4,649.250,880.815,O9
34,5,681.280,727.710,D5
34,6,1090.077,385.199,D3
34,7,1401.803,400.901,O10
35,1,128.422,672.670,O6
35,2,360.533,496.776,D1
35,4,647.028,877.407,O9
35,5,676.864,728.265,D5
35,6,1094.769,379.446,D3
35,7,1401.504,400.987,O10
36,1,130.766,673.757,O6
36,2,361.647,501.134,D1
36,4,645.435,876.418,O9
36,5,671.917,728.929,D5
36,6,1098.420,387.203,D3
36,7,1401.697,400.896,O10
37,1,131.770,672.371,O6
37,2,362.411,503.640,D1
37,4,644.351,877.490,O9
37,5,668.692,729.456,D5
37,6,1101.190,390.958,D3
37,7,1401.473,400.949,O10
38,1,133.966,673.066,O6
38,2,361.808,503.596,D1
38,4,643.166,878.124,O9
38,5,667.090,729.719,D5
38,6,1103.253,389.217,D3
38,7,1401.681,400.898,O10
39,1,133.907,671.703,O6
39,2,361.832,502.439,D1
39,4,643.392,880.709,O9
39,5,665.655,729.957,D5
39,6,1104.598,387.444,D3
39,7,1402.268,398.862,O10
40,1,133.818,671.039,O6
40,2,361.965,503.861,D1
40,4,643.482,879.486,O9
40,5,664.968,728.640,D5
40,6,1106.236,380.555,D3
40,7,1402.512,398.041,O10
41,1,133.737,670.731,O6
41,2,361.461,504.400,D1
41,4,644.054,879.030,O9
41,5,663.857,728.307,D5
41,6,1108.295,378.730,D3
41,7,1402.127,399.667,O10
42,1,135.991,676.874,O6
42,2,360.109,504.687,D1
42,4,644.592,880.049,O9
42,5,663.815,729.570,D5
42,6,1110.052,378.994,D3
42,7,1401.663,400.371,O10
43,1,139.326,683.697,O6
43,2,359.040,504.822,D1
43,4,647.151,882.462,O9
43,5,663.402,730.138,D5
43,6,1111.160,378.058,D3
43,7,1401.982,398.670,O10
44,1,143.694,693.929,O6
44,2,358.117,504.958,D1
44,4,648.930,881.079,O9
44,5,663.847,730.312,D5
44,6,1111.877,376.723,D3
44,7,1401.630,400.016,O10
45,1,144.231,697.786,O6
45,2,356.286,504.164,D1
45,4,652.795,878.974,O9
45,5,664.088,730.357,D5
45,6,1111.838,377.275,D3
45,7,1401.224,400.520,O10
46,1,142.531,697.832,O6
46,2,356.309,505.688,D1
46,4,655.734,876.893,O9
46,5,665.020,731.698,D5
46,6,1111.427,377.586,D3
46,7,1401.069,400.712,O10
47,1,143.283,702.344,O6
47,2,356.693,507.179,D1
47,4,659.213,874.680,O9
47,5,665.722,733.591,D5
47,6,1111.303,374.733,D3
47,7,1401.006,400.827,O10
48,1,143.510,703.899,O6
48,2,356.833,507.666,D1
48,4,662.861,872.373,O9
48,5,665.241,732.964,D5
48,6,1110.482,378.840,D3
48,7,1401.480,398.850,O10
49,1,144.398,705.896,O6
49,2,358.050,507.708,D1
49,4,666.830,871.238,O9
49,5,664.450,727.202,D5
49,6,1109.675,380.525,D3
49,7,1401.652,398.167,O10
50,1,144.669,706.521,O6
50,2,359.522,510.465,D1
50,4,669.672,870.678,O9
50,5,666.104,724.728,D5
50,6,1108.119,383.405,D3
50,7,1401.703,397.947,O10
51,1,150.684,715.364,O6
51,2,361.648,514.190,D1
51,4,672.641,869.098,O9
51,5,667.878,722.231,D5
51,6,1107.221,382.586,D3
51,7,1401.715,397.924,O10
52,1,153.956,718.414,O6
52,2,363.364,516.386,D1
52,4,674.226,868.495,O9
52,5,668.389,715.535,D5
52,6,1105.872,387.437,D3
52,7,1401.717,397.902,O10
53,1,153.716,714.871,O6
53,2,363.456,517.223,D1
53,4,675.429,867.047,O9
53,5,673.255,707.939,D5
53,6,1105.313,386.257,D3
53,7,1401.724,397.922,O10
54,1,157.823,719.107,O6
54,2,364.370,518.309,D1
54,4,677.218,868.695,O9
54,5,677.169,701.899,D5
54,6,1104.603,382.813,D3
54,7,1401.718,397.923,O10
55,1,159.264,720.608,O6
55,2,364.351,517.746,D1
55,4,678.538,870.430,O9
55,5,679.363,695.138,D5
55,6,1103.155,381.666,D3
55,7,1401.221,399.885,O10
56,1,159.675,720.988,O6
56,2,365.754,518.150,D1
56,4,678.060,868.862,O9
56,5,684.799,693.573,D5
56,6,1101.015,379.414,D3
56,7,1401.500,398.656,O10
57,1,160.610,722.557,O6
57,2,367.214,519.197,D1
57,4,676.807,869.677,O9
57,5,689.348,697.391,D5
57,6,1098.395,379.936,D3
57,7,1401.119,400.196,O10
58,1,159.880,723.137,O6
58,2,367.751,519.466,D1
58,4,677.572,869.776,O9
58,5,693.204,696.983,D5
58,6,1096.061,379.256,D3
58,7,1400.723,400.763,O10
59,1,159.564,723.323,O6
59,2,367.952,519.567,D1
59,4,678.715,869.730,O9
59,5,695.662,696.778,D5
59,6,1093.799,378.222,D3
59,7,1401.340,398.977,O10
60,1,158.349,723.429,O6
60,2,368.569,519.455,D1
60,4,681.034,868.257,O9
60,5,698.812,697.924,D5
60,6,1092.145,376.913,D3
60,7,1401.873,398.198,O10
61,1,158.869,723.266,O6
61,2,369.332,519.299,D1
61,4,688.949,865.555,O9
61,5,700.415,698.352,D5
61,6,1091.138,375.507,D3
61,7,1401.769,397.980,O10
62,1,158.998,723.142,O6
62,2,370.053,517.214,D1
62,4,691.728,855.161,O9
62,5,685.015,694.887,D5
62,6,1090.094,376.095,D3
62,7,1401.704,397.904,O10
63,1,159.070,723.044,O6
63,2,371.733,515.201,D1
63,4,698.114,842.028,O9
63,5,678.434,692.261,D5
63,6,1089.410,377.430,D3
63,7,1401.723,397.880,O10
64,1,160.108,722.788,O6
64,2,374.101,514.176,D1
64,4,707.858,834.860,O9
64,5,677.780,691.038,D5
64,6,1088.767,378.004,D3
64,7,1402.034,397.835,O10
65,1,161.647,720.949,O6
65,2,375.998,511.688,D1
65,4,719.675,826.247,O9
65,5,679.975,690.304,D5
65,6,1087.705,379.392,D3
65,7,1401.820,397.887,O10
66,1,163.146,720.063,O6
66,2,377.539,511.637,D1
66,4,733.396,820.571,O9
66,5,683.316,692.690,D5
66,6,1087.460,379.952,D3
66,7,1401.704,397.968,O10
67,1,164.750,719.585,O6
67,2,377.687,508.742,D1
67,4,748.047,819.724,O9
67,5,693.275,689.487,D5
67,6,1087.266,380.209,D3
67,7,1401.676,397.993,O10
68,1,166.336,719.197,O6
68,2,378.203,505.585,D1
68,4,756.941,817.766,O9
68,5,697.828,683.743,D5
68,6,1087.181,381.245,D3
68,7,1401.504,399.865,O10
69,1,167.904,718.882,O6
69,2,378.839,502.377,D1
69,4,766.840,811.338,O9
69,5,701.942,679.732,D5
69,6,1087.606,381.615,D3
69,7,1401.128,400.661,O10
70,1,169.484,718.618,O6
70,2,383.549,512.352,D1
70,4,779.699,810.115,O9
70,5,709.352,678.882,D5
70,6,1087.275,380.776,D3
70,7,1401.485,398.955,O10
71,1,171.660,721.432,O6
71,2,386.462,517.850,D1
71,4,788.261,808.031,O9
71,5,718.528,679.226,D5
71,6,1087.755,380.410,D3
71,7,1401.609,398.364,O10
72,1,171.638,721.031,O6
72,2,387.179,519.003,D1
72,4,798.135,798.996,O9
72,5,726.922,674.235,D5
72,6,1088.094,380.246,D3
72,7,1401.653,398.124,O10
73,1,169.787,719.577,O6
73,2,387.391,519.448,D1
73,4,807.985,780.827,O9
73,5,735.058,670.162,D5
73,6,1088.141,379.191,D3
73,7,1401.656,398.039,O10
74,1,168.295,717.520,O6
74,2,388.041,519.440,D1
74,4,821.135,773.883,O9
74,5,738.009,673.175,D5
74,6,1087.368,378.872,D3
74,7,1401.239,399.925,O10
75,1,166.924,715.387,O6
75,2,388.817,519.477,D1
75,4,834.706,768.988,O9
75,5,741.356,672.642,D5
75,6,1086.961,379.935,D3
75,7,1401.498,398.826,O10
76,1,165.248,714.514,O6
76,2,389.827,518.115,D1
76,4,844.728,763.811,O9
76,5,745.578,671.846,D5
76,6,1086.942,379.026,D3
76,7,1401.692,398.118,O10
77,1,164.679,714.401,O6
77,2,390.120,515.878,D1
77,4,853.909,757.494,O9
77,5,747.978,671.635,D5
77,6,1086.592,378.963,D3
77,7,1401.671,398.100,O10
78,1,164.422,714.243,O6
78,2,390.749,514.807,D1
78,4,861.066,753.288,O9
78,5,751.581,669.574,D5
78,6,1086.738,377.709,D3
78,7,1401.736,397.899,O10
79,1,162.735,711.308,O6
79,2,391.683,511.376,D1
79,4,866.815,746.177,O9
79,5,755.124,667.044,D5
79,6,1086.566,378.351,D3
79,7,1401.735,397.878,O10
80,1,162.130,710.255,O6
80,2,392.463,506.176,D1
80,4,870.834,732.661,O9
80,5,759.453,662.722,D5
80,6,1086.658,378.634,D3
80,7,1401.730,397.900,O10
81,1,162.127,708.185,O6
81,2,391.540,495.383,D1
81,4,876.627,714.545,O9
81,5,764.417,656.040,D5
81,6,1087.011,380.633,D3
81,7,1401.256,399.816,O10
82,1,164.050,708.889,O6
82,2,394.225,495.099,D1
82,4,882.873,688.735,O9
82,5,770.858,637.670,D5
82,6,1087.411,381.553,D3
82,7,1401.787,398.720,O10
83,1,164.935,707.402,O6
83,2,396.904,494.594,D1
83,4,888.235,674.184,O9
83,5,779.682,627.844,D5
83,6,1087.919,379.566,D3
83,7,1401.804,398.102,O10
84,1,167.379,706.762,O6
84,2,398.012,489.699,D1
84,4,893.257,665.894,O9
84,5,789.846,607.384,D5
84,6,1088.033,381.120,D3
84,7,1401.688,398.119,O10
85,1,169.646,702.919,O6
85,2,399.476,487.489,D1
85,4,896.748,661.295,O9
85,5,800.280,591.890,D5
85,6,1088.046,380.413,D3
85,7,1401.434,397.922,O10
86,1,172.485,702.974,O6
86,2,402.065,483.579,D1
86,4,900.549,653.617,O9
86,5,807.416,580.843,D5
86,6,1087.962,380.266,D3
86,7,1401.471,399.785,O10
87,1,176.100,705.838,O6
87,2,404.242,476.928,D1
87,4,902.940,647.945,O9
87,5,813.325,573.114,D5
87,6,1087.677,381.354,D3
87,7,1401.147,400.658,O10
88,1,178.402,706.773,O6
88,2,407.458,471.038,D1
88,4,904.919,641.371,O9
88,5,818.125,564.970,D5
88,6,1087.835,379.647,D3
88,7,1401.015,400.932,O10
89,1,180.266,706.985,O6
89,2,410.639,467.642,D1
89,4,905.580,629.968,O9
89,5,827.211,543.758,D5
89,6,1088.427,379.924,D3
89,7,1401.449,399.088,O10
90,1,182.931,706.778,O6
90,2,414.094,466.102,D1
90,4,905.315,605.506,O9
90,5,831.189,521.488,D5
90,6,1089.009,380.999,D3
90,7,1401.624,398.341,O10
91,1,183.887,706.710,O6
91,2,418.133,463.187,D1
91,4,903.309,578.546,O9
91,5,835.363,507.488,D5
91,6,1091.348,378.035,D3
91,7,1401.394,398.119,O10
92,1,182.627,703.711,O6
92,2,422.518,461.782,D1
92,4,903.751,558.315,O9
92,5,837.059,500.856,D5
92,6,1092.664,378.890,D3
92,7,1401.319,398.024,O10
93,1,183.952,703.949,O6
93,2,424.837,461.256,D1
93,4,903.316,539.100,O9
93,5,846.157,497.648,D5
93,6,1093.404,376.088,D3
93,7,1401.598,397.920,O10
94,1,187.472,703.582,O6
94,2,425.684,461.154,D1
94,4,899.010,527.844,O9
94,5,851.373,486.765,D5
94,6,1093.281,376.152,D3
94,7,1401.660,397.932,O10
95,1,188.727,703.471,O6
95,2,425.681,462.259,D1
95,4,897.093,516.949,O9
95,5,856.418,486.027,D5
95,6,1093.582,375.079,D3
95,7,1401.406,397.948,O10
96,1,193.068,704.470,O6
96,2,425.603,462.730,D1
96,4,895.415,491.685,O9
96,5,866.511,484.550,D5
96,6,1093.696,374.627,D3
96,7,1401.345,397.893,O10
97,1,194.128,701.757,O6
97,2,427.723,460.600,D1
97,4,893.329,490.275,O9
97,5,873.766,483.488,D5
97,6,1094.152,374.445,D3
97,7,1400.807,399.861,O10
98,1,196.207,702.029,O6
98,2,431.890,457.265,D1
98,4,891.613,443.251,O9
98,5,881.075,472.956,D5
98,6,1094.520,373.314,D3
98,7,1401.077,398.654,O10
99,1,196.883,702.200,O6
99,2,438.631,453.309,D1
99,4,889.020,450.553,O9
99,5,877.640,459.173,D5
99,6,1094.688,373.977,D3
99,7,1400.857,398.304,O10
100,1,197.414,700.689,O6
100,2,444.756,447.245,D1
100,4,887.917,436.046,O9
100,5,876.000,444.537,D5
100,6,1095.171,373.195,D3
100,7,1400.840,398.158,O10
101,1,201.203,702.737,O6
101,2,451.912,440.084,D1
101,4,895.394,420.969,O9
101,5,871.598,424.915,D5
101,6,1095.363,372.823,D3
101,7,1400.860,398.028,O10
102,1,203.538,703.399,O6
102,2,460.585,434.450,D1
102,4,896.225,397.787,O9
102,5,861.963,401.684,D5
102,6,1095.146,373.772,D3
102,7,1400.822,398.033,O10
103,1,209.462,702.880,O6
103,2,467.235,427.693,D1
103,4,897.347,380.114,O9
103,5,856.846,379.502,D5
103,6,1094.601,374.219,D3
103,7,1400.804,397.993,O10
104,1,214.526,702.289,O6
104,2,471.209,420.815,D1
104,4,898.114,369.933,O9
104,5,864.538,359.350,D5
104,6,1093.422,375.560,D3
104,7,1401.093,397.951,O10
105,1,218.461,701.701,O6
105,2,474.648,412.598,D1
105,4,898.771,361.283,O9
105,5,858.689,339.169,D5
105,6,1091.942,376.189,D3
105,7,1400.910,397.978,O10
106,1,221.760,702.899,O6
106,2,478.256,405.044,D1
106,4,898.155,354.599,O9
106,5,856.979,321.991,D5
106,6,1090.862,375.571,D3
106,7,1400.824,398.075,O10
107,1,224.423,701.533,O6
107,2,483.669,394.100,D1
107,4,898.901,344.938,O9
107,5,857.433,312.576,D5
107,6,1092.220,375.096,D3
107,7,1400.796,398.101,O10
108,1,226.409,700.871,O6
108,2,493.358,393.427,D1
108,4,898.582,325.406,O9
108,5,857.445,307.432,D5
108,6,1091.869,375.056,D3
108,7,1400.778,398.146,O10
109,1,227.883,700.550,O6
109,2,499.486,394.066,D1
109,4,899.897,307.013,O9
109,5,856.330,298.129,D5
109,6,1089.301,375.388,D3
109,7,1400.795,398.165,O10
110,1,228.639,698.797,O6
110,2,504.421,392.968,D1
110,4,901.967,291.222,O9
110,5,855.912,305.768,D5
110,6,1087.563,375.621,D3
110,7,1400.818,398.098,O10
111,1,228.842,698.141,O6
111,2,509.376,395.589,D1
111,4,906.262,278.429,O9
111,5,857.057,311.031,D5
111,6,1086.306,375.829,D3
111,7,1400.792,398.165,O10
112,1,228.664,697.952,O6
112,2,513.498,398.516,D1
112,4,910.985,268.982,O9
112,5,856.958,314.270,D5
112,6,1085.442,377.969,D3
112,7,1400.539,398.138,O10
113,1,230.525,699.274,O6
113,2,516.973,398.440,D1
113,4,913.995,267.029,O9
113,5,854.550,286.196,D5
113,5,860.698,290.700,D5
113,6,1085.132,380.932,D3
113,7,1400.407,398.285,O10
114,1,231.322,697.961,O6
114,2,519.352,393.697,D1
114,4,915.539,262.827,O9
114,5,853.365,260.800,D5
114,5,860.845,264.957,D5
114,6,1085.907,379.702,D3
114,7,1400.185,400.100,O10
115,1,231.967,696.148,O6
115,2,521.948,392.089,D1
115,4,917.681,249.149,O9
115,5,857.692,242.747,D5
115,6,1084.821,382.775,D3
115,7,1400.243,399.137,O10
116,1,230.535,692.202,O6
116,2,525.208,386.474,D1
116,4,921.264,224.586,O9
116,5,854.772,201.780,D5
116,6,1081.784,377.936,D3
116,7,1399.860,400.465,O10
117,1,232.241,685.673,O6
117,2,528.966,377.555,D1
117,4,926.585,189.148,O9
117,5,854.908,168.029,D5
117,6,1076.529,375.780,D3
117,7,1400.146,399.130,O10
118,1,233.803,683.008,O6
118,2,531.688,361.587,D1
118,4,930.920,157.124,O9
118,5,856.888,137.002,D5
118,6,1069.557,368.354,D3
118,7,1399.850,400.446,O10
119,1,235.730,683.402,O6
119,2,539.637,357.927,D1
119,4,934.176,124.860,O9
119,5,858.684,118.435,D5
119,6,1058.011,363.646,D3
119,7,1400.219,398.822,O10
120,1,239.707,683.190,O6
120,2,548.251,350.266,D1
120,4,936.512,95.039,O9
120,5,861.795,104.144,D5
120,6,1047.842,362.882,D3
120,7,1400.628,398.317,O10
121,1,243.791,681.376,O6
121,2,555.981,349.399,D1
121,4,938.784,87.093,O9
121,5,866.587,99.905,D5
121,6,1037.650,362.725,D3
121,7,1400.810,398.205,O10
122,1,247.426,680.210,O6
122,2,562.876,348.401,D1
122,4,940.645,61.892,O9
122,5,855.719,88.286,D5
122,6,1027.357,363.564,D3
122,7,1400.879,398.152,O10
123,1,249.493,678.321,O6
123,2,567.496,341.314,D1
123,4,942.308,28.316,O9
123,5,859.415,78.291,D5
123,6,1021.726,351.875,D3
123,7,1400.324,400.228,O10
124,1,254.255,673.596,O6
124,2,569.363,330.417,D1
124,4,943.690,19.174,O9
124,5,865.905,67.787,D5
124,6,1016.131,352.012,D3
124,7,1400.676,398.925,O10
125,1,256.814,668.541,O6
125,2,573.650,323.732,D1
125,4,942.683,23.317,O9
125,5,879.858,91.341,D5
125,6,1012.485,349.409,D3
125,7,1399.987,400.616,O10
126,1,262.043,665.930,O6
126,2,580.349,325.191,D1
126,4,945.796,27.721,O9
126,5,882.338,103.895,D5
126,6,1005.365,347.045,D3
126,7,1400.525,399.075,O10
127,1,263.682,661.901,O6
127,2,585.628,324.510,D1
127,4,947.683,47.014,O9
127,5,881.064,123.688,D5
127,6,998.648,345.978,D3
127,7,1400.389,398.670,O10
128,1,266.300,659.992,O6
128,2,590.962,322.490,D1
128,4,951.951,59.601,O9
128,5,879.787,135.743,D5
128,6,991.570,346.064,D3
128,7,1400.441,398.259,O10
129,1,268.272,659.370,O6
129,2,594.919,322.946,D1
129,4,952.697,76.572,O9
129,5,880.844,151.708,D5
129,6,984.828,345.883,D3
129,7,1400.382,398.246,O10
130,1,269.672,658.980,O6
130,2,596.890,317.158,D1
130,4,954.368,104.021,O9
130,5,879.651,153.289,D5
130,6,970.865,346.431,D3
130,7,1399.885,400.165,O10
131,1,270.174,659.019,O6
131,2,599.427,309.006,D1
131,4,955.661,134.809,O9
131,5,878.356,151.425,D5
131,6,964.871,348.015,D3
131,7,1399.708,400.933,O10
132,1,270.248,659.008,O6
132,2,603.521,303.116,D1
132,4,958.672,112.803,O9
132,5,878.571,153.302,D5
132,6,954.689,340.020,D3
132,7,1399.665,401.108,O10
133,1,269.626,658.968,O6
133,2,611.359,299.818,D1
133,4,963.272,112.295,O9
133,5,881.451,155.995,D5
133,6,943.104,343.457,D3
133,7,1399.730,400.929,O10
134,1,270.800,662.431,O6
134,2,619.759,293.512,D1
134,4,964.764,118.431,O9
134,5,877.627,159.447,D5
134,6,935.994,329.204,D3
134,7,1400.153,399.129,O10
135,1,270.064,662.073,O6
135,2,630.123,292.397,D1
135,4,965.170,129.045,O9
135,5,878.027,156.301,D5
135,6,933.452,340.217,D3
135,7,1400.299,398.386,O10
136,1,271.322,663.562,O6
136,2,638.664,290.347,D1
136,4,966.676,143.733,O9
136,5,879.614,155.051,D5
136,6,926.580,345.318,D3
136,7,1400.104,398.223,O10
137,1,272.531,664.036,O6
137,2,645.398,289.263,D1
137,4,971.188,141.479,O9
137,5,881.340,149.153,D5
137,6,921.215,347.832,D3
137,7,1400.028,398.256,O10
138,1,273.119,664.192,O6
138,2,649.796,286.297,D1
138,4,978.767,139.596,O9
138,5,883.250,146.770,D5
138,6,914.536,347.390,D3
138,7,1399.951,398.288,O10
139,1,274.337,662.363,O6
139,2,653.098,281.275,D1
139,4,985.789,127.272,O9
139,5,883.762,125.335,D5
139,6,905.180,315.373,D3
139,7,1399.609,398.296,O10
140,1,274.583,660.094,O6
140,2,656.711,282.815,D1
140,4,993.069,123.220,O9
140,5,883.636,127.128,D5
140,6,904.760,312.641,D3
140,7,1399.510,398.310,O10
141,1,275.965,659.092,O6
141,2,660.202,281.998,D1
141,4,1001.073,118.201,O9
141,5,885.898,153.274,D5
141,6,901.787,299.675,D3
141,7,1399.484,398.314,O10
142,1,277.632,656.907,O6
142,2,663.755,276.599,D1
142,4,1008.814,115.579,O9
142,5,887.093,117.552,D5
142,6,889.314,301.347,D3
142,7,1399.522,398.287,O10
143,1,284.425,656.911,O6
143,2,667.672,271.857,D1
143,4,1014.342,111.521,O9
143,5,886.177,104.784,D5
143,6,880.985,302.686,D3
143,7,1399.978,396.370,O10
144,1,289.552,656.502,O6
144,2,670.926,266.183,D1
144,4,1024.125,111.542,O9
144,5,887.513,92.841,D5
144,6,872.683,293.687,D3
144,7,1399.272,395.750,O10
145,1,295.317,659.074,O6
145,2,675.806,254.854,D1
145,4,1031.562,114.950,O9
145,5,889.603,93.851,D5
145,6,862.435,284.344,D3
145,7,1398.272,397.429,O10
146,1,299.441,659.849,O6
146,2,680.033,250.450,D1
146,4,1037.296,109.104,O9
146,5,892.411,94.184,D5
146,6,852.934,276.036,D3
146,7,1397.305,398.229,O10
147,1,302.132,656.725,O6
147,2,683.407,245.042,D1
147,4,1041.332,108.101,O9
147,5,894.038,93.119,D5
147,6,845.506,279.883,D3
147,7,1396.039,398.776,O10
148,1,305.673,655.093,O6
148,2,688.109,249.938,D1
148,4,1044.045,106.015,O9
148,5,894.789,96.877,D5
148,6,841.043,280.415,D3
148,7,1395.069,398.897,O10
149,1,309.880,657.460,O6
149,2,692.148,250.390,D1
149,4,1048.715,101.948,O9
149,5,894.452,99.940,D5
149,6,838.240,277.456,D3
149,7,1393.551,402.871,O10
150,1,311.901,653.255,O6
150,2,695.024,242.999,D1
150,4,1050.866,98.957,O9
150,5,895.521,98.211,D5
150,6,836.412,270.727,D3
150,7,1393.245,404.332,O10
151,1,315.772,652.767,O6
151,2,699.889,234.612,D1
151,4,1054.938,95.945,O9
151,5,897.978,100.003,D5
151,6,834.360,263.658,D3
151,7,1393.339,402.881,O10
152,1,319.237,652.431,O6
152,2,705.704,228.603,D1
152,4,1062.526,91.380,O9
152,5,900.248,100.757,D5
152,6,832.828,255.454,D3
152,7,1392.486,402.604,O10
153,1,321.572,652.129,O6
153,2,709.509,223.578,D1
153,4,1066.193,86.712,O9
153,5,901.715,99.503,D5
153,6,830.171,246.689,D3
153,7,1389.700,402.715,O10
154,1,324.126,653.567,O6
154,2,711.563,221.904,D1
154,4,1066.271,88.063,O9
154,5,902.922,99.133,D5
154,6,827.641,236.632,D3
154,7,1384.556,405.350,O10
155,1,325.948,653.787,O6
155,2,712.317,222.418,D1
155,4,1065.269,87.068,O9
155,5,901.310,101.784,D5
155,6,824.174,231.779,D3
155,7,1380.329,406.433,O10
156,1,325.904,652.414,O6
156,2,714.604,220.081,D1
156,4,1063.373,87.260,O9
156,5,901.977,101.528,D5
156,6,823.360,225.411,D3
156,7,1378.147,407.111,O10
157,1,328.338,651.520,O6
157,2,717.282,219.081,D1
157,4,1067.697,83.939,O9
157,5,904.073,94.188,D5
157,6,821.743,220.892,D3
157,7,1375.850,405.737,O10
158,1,328.883,647.905,O6
158,2,719.769,216.022,D1
158,4,1076.331,81.674,O9
158,5,906.216,91.250,D5
158,6,819.958,219.613,D3
158,7,1371.663,405.716,O10
159,1,328.588,641.606,O6
159,2,723.574,212.040,D1
159,4,1079.228,81.019,O9
159,5,908.228,84.460,D5
159,6,817.773,214.639,D3
159,7,1367.524,404.267,O10
160,1,329.611,634.017,O6
160,2,729.783,217.694,D1
160,4,1071.054,86.506,O9
160,5,909.725,86.200,D5
160,6,816.367,211.904,D3
160,7,1362.482,406.192,O10
161,1,332.042,630.874,O6
161,2,733.286,214.656,D1
161,4,1068.958,89.824,O9
161,5,910.074,82.720,D5
161,6,813.406,203.833,D3
161,7,1357.599,409.275,O10
162,1,335.484,627.651,O6
162,2,735.615,212.016,D1
162,4,1070.085,92.032,O9
162,5,908.133,85.870,D5
162,6,811.786,209.921,D3
162,7,1353.451,412.496,O10
163,1,340.608,627.654,O6
163,2,736.681,208.582,D1
163,4,1073.252,91.154,O9
163,5,908.857,89.810,D5
163,6,809.216,211.471,D3
163,7,1350.190,414.025,O10
164,1,345.098,627.307,O6
164,2,739.717,208.012,D1
164,4,1074.319,89.233,O9
164,5,907.015,91.413,D5
164,6,807.385,208.303,D3
164,7,1348.098,412.605,O10
165,1,348.770,627.041,O6
165,2,741.763,205.315,D1
165,4,1076.263,89.775,O9
165,5,906.259,90.802,D5
165,6,804.441,202.598,D3
165,7,1345.234,414.350,O10
166,1,350.778,621.575,O6
166,2,743.381,206.571,D1
166,4,1076.764,91.150,O9
166,5,906.728,91.614,D5
166,6,803.838,196.419,D3
166,7,1343.442,414.949,O10
167,1,356.365,619.062,O6
167,2,744.145,209.878,D1
167,4,1076.139,93.400,O9
167,5,906.896,92.188,D5
167,6,802.551,188.122,D3
167,7,1341.565,417.323,O10
168,1,361.872,615.820,O6
168,2,744.951,210.990,D1
168,4,1072.855,100.030,O9
168,5,907.623,92.172,D5
168,6,801.869,181.158,D3
168,7,1339.138,420.253,O10
169,1,365.707,610.924,O6
169,2,745.468,208.761,D1
169,4,1069.377,105.466,O9
169,5,907.110,92.187,D5
169,6,799.860,173.635,D3
169,7,1335.207,421.727,O10
170,1,368.348,609.036,O6
170,2,747.890,210.321,D1
170,4,1066.728,107.871,O9
170,5,906.892,89.601,D5
170,6,797.582,167.400,D3
170,7,1330.610,424.651,O10
171,1,371.661,611.635,O6
171,2,749.704,213.456,D1
171,4,1064.771,111.623,O9
171,5,906.845,88.723,D5
171,6,796.535,161.386,D3
171,7,1325.068,426.357,O10
172,1,373.462,614.345,O6
172,2,750.670,212.053,D1
172,4,1063.564,111.714,O9
172,5,906.171,91.288,D5
172,6,791.918,157.254,D3
172,7,1317.402,427.769,O10
173,1,375.645,616.834,O6
173,2,745.526,209.757,D1
173,4,1062.495,110.450,O9
173,5,904.530,92.481,D5
173,6,787.209,159.013,D3
173,7,1306.382,429.464,O10
174,1,377.372,617.838,O6
174,2,743.308,210.434,D1
174,4,1059.745,115.824,O9
174,5,903.224,94.662,D5
174,6,787.973,159.708,D3
174,7,1293.320,429.647,O10
175,1,378.181,614.569,O6
175,2,740.430,204.331,D1
175,4,1057.253,120.444,O9
175,5,902.676,93.738,D5
175,6,786.099,156.174,D3
175,7,1280.899,432.441,O10
176,1,380.070,613.324,O6
176,2,738.753,202.357,D1
176,4,1053.731,121.424,O9
176,5,902.690,99.293,D5
176,6,786.570,159.139,D3
176,7,1271.032,434.404,O10
177,1,382.117,609.079,O6
177,2,738.671,200.080,D1
177,4,1047.810,118.221,O9
177,5,902.622,96.952,D5
177,6,786.203,160.304,D3
177,7,1264.589,433.536,O10
178,1,384.349,607.310,O6
178,2,738.748,200.591,D1
178,4,1041.141,121.633,O9
178,5,900.856,85.065,D5
178,6,785.427,160.990,D3
178,7,1258.696,433.689,O10
179,1,388.996,607.843,O6
179,2,738.916,202.072,D1
179,4,1036.073,120.558,O9
179,5,900.365,86.154,D5
179,6,783.733,160.165,D3
179,7,1252.235,432.506,O10
180,1,393.940,607.610,O6
180,2,739.675,209.025,D1
180,4,1030.782,121.956,O9
180,5,898.562,79.776,D5
180,6,781.309,154.875,D3
180,7,1245.216,432.696,O10
181,1,397.755,607.268,O6
181,2,740.900,214.059,D1
181,4,1026.894,126.717,O9
181,5,897.204,77.456,D5
181,6,780.232,150.261,D3
181,7,1237.212,427.991,O10
182,1,401.192,603.409,O6
182,2,740.272,212.293,D1
182,4,1023.437,132.798,O9
182,5,894.536,75.553,D5
182,6,778.362,139.301,D3
182,7,1229.319,425.010,O10
183,1,405.634,603.270,O6
183,2,739.458,218.071,D1
183,4,1020.298,133.955,O9
183,5,892.898,74.966,D5
183,6,776.510,136.850,D3
183,7,1220.015,424.827,O10
184,1,409.828,601.152,O6
184,2,739.575,223.960,D1
184,4,1016.530,136.099,O9
184,5,891.723,77.836,D5
184,6,773.124,121.172,D3
184,7,1208.316,427.916,O10
185,1,414.524,601.682,O6
185,2,738.636,223.732,D1
185,4,1012.516,137.207,O9
185,5,891.545,85.994,D5
185,6,768.627,110.243,D3
185,7,1194.601,430.474,O10
186,1,418.338,601.595,O6
186,2,736.852,222.525,D1
186,4,1008.392,140.618,O9
186,5,891.446,86.295,D5
186,6,761.160,102.945,D3
186,7,1182.801,434.333,O10
187,1,421.776,601.231,O6
187,2,735.347,220.848,D1
187,4,1004.294,140.906,O9
187,5,892.375,94.725,D5
187,6,755.242,90.785,D3
187,7,1174.319,428.866,O10
188,1,423.594,601.122,O6
188,2,734.806,220.275,D1
188,4,1000.883,139.964,O9
188,5,891.996,95.254,D5
188,6,750.675,97.158,D3
188,7,1167.853,429.218,O10
189,1,425.166,599.191,O6
189,2,733.312,220.186,D1
189,4,999.665,140.830,O9
189,5,891.931,96.743,D5
189,6,743.192,97.648,D3
189,7,1161.503,427.081,O10
190,1,426.180,596.690,O6
190,2,730.975,221.701,D1
190,4,997.985,141.320,O9
190,5,892.063,101.490,D5
190,6,742.608,110.599,D3
190,7,1152.720,426.296,O10
191,1,428.576,595.515,O6
191,2,728.179,222.603,D1
191,4,996.834,140.275,O9
191,5,891.528,104.727,D5
191,6,741.399,111.572,D3
191,7,1144.065,421.169,O10
192,1,428.744,589.906,O6
192,2,725.193,223.163,D1
192,4,990.569,139.372,O9
192,5,890.807,110.125,D5
192,6,738.897,117.940,D3
192,7,1135.795,420.894,O10
193,1,431.356,585.616,O6
193,2,721.752,224.955,D1
193,4,984.849,138.086,O9
193,5,889.170,110.837,D5
193,6,736.084,115.027,D3
193,7,1129.339,420.350,O10
194,1,433.289,578.563,O6
194,2,727.040,228.408,D1
194,4,979.353,140.759,O9
194,5,888.661,113.826,D5
194,6,732.512,127.044,D3
194,7,1123.019,421.731,O10
195,1,434.959,570.440,O6
195,2,732.479,232.945,D1
195,4,974.802,142.186,O9
195,5,887.754,113.622,D5
195,6,729.557,123.459,D3
195,7,1114.396,420.378,O10
196,1,439.439,568.711,O6
196,2,735.640,244.337,D1
196,4,969.061,145.929,O9
196,5,886.315,120.533,D5
196,6,699.868,97.996,D3
196,7,1101.177,424.350,O10
197,1,444.900,569.413,O6
197,2,733.866,256.324,D1
197,4,963.770,146.545,O9
197,5,884.535,125.984,D5
197,6,690.113,99.760,D3
197,7,1087.211,424.300,O10
198,1,448.994,567.660,O6
198,2,740.184,270.534,D1
198,4,958.607,147.142,O9
198,5,883.959,129.216,D5
198,6,684.202,87.697,D3
198,7,1079.821,423.628,O10
199,1,452.577,566.792,O6
199,2,737.090,282.532,D1
199,4,954.816,146.346,O9
199,5,883.784,130.431,D5
199,6,678.494,82.417,D3
199,7,1072.706,422.129,O10
200,1,457.092,566.052,O6
200,2,735.533,291.604,D1
200,4,949.509,145.240,O9
200,5,883.081,132.150,D5
200,6,672.791,79.636,D3
200,7,1066.043,419.290,O10
201,1,461.385,561.949,O6
201,2,732.563,296.501,D1
201,4,944.951,148.094,O9
201,5,882.927,135.604,D5
201,6,662.544,56.202,D3
201,7,1056.093,413.708,O10
202,1,467.269,563.266,O6
202,2,729.979,295.701,D1
202,4,941.407,147.706,O9
202,5,882.852,133.795,D5
202,6,656.118,42.845,D3
202,7,1049.693,410.718,O10
203,1,470.044,560.297,O6
203,2,731.663,302.063,D1
203,4,940.069,147.847,O9
203,5,881.548,118.449,D5
203,6,651.864,63.595,D3
203,7,1042.020,403.731,O10
204,1,472.611,558.861,O6
204,2,730.325,303.203,D1
204,4,938.333,142.535,O9
204,5,881.232,116.429,D5
204,6,647.038,72.829,D3
204,7,1035.606,398.512,O10
205,1,474.602,560.099,O6
205,2,726.899,300.416,D1
205,4,935.892,142.185,O9
205,5,881.354,121.218,D5
205,6,643.154,75.408,D3
205,7,1030.478,400.143,O10
206,1,476.841,560.383,O6
206,2,723.233,300.699,D1
206,4,931.724,138.496,O9
206,5,880.849,125.773,D5
206,6,635.870,65.518,D3
206,7,1020.823,396.946,O10
207,1,477.602,558.805,O6
207,2,718.866,302.397,D1
207,4,930.401,138.575,O9
207,5,880.899,132.995,D5
207,6,628.604,59.634,D3
207,7,1001.102,396.273,O10
208,1,479.419,556.089,O6
208,2,716.828,308.652,D1
208,4,927.182,130.767,O9
208,5,881.036,136.858,D5
208,6,623.034,60.815,D3
208,7,988.633,399.851,O10
209,1,482.170,554.848,O6
209,2,716.197,321.181,D1
209,4,923.309,126.981,O9
209,5,880.404,138.406,D5
209,6,615.515,62.293,D3
209,7,983.924,399.322,O10
210,1,484.179,552.423,O6
210,2,714.721,330.474,D1
210,4,919.948,125.904,O9
210,5,879.416,137.677,D5
210,6,607.103,54.711,D3
210,7,978.521,387.551,O10
211,1,489.999,550.853,O6
211,2,713.736,339.531,D1
211,4,917.654,132.563,O9
211,5,879.062,137.428,D5
211,6,595.113,45.718,D3
211,7,974.463,381.394,O10
212,1,495.235,542.515,O6
212,2,712.366,344.132,D1
212,4,916.515,145.902,O9
212,5,878.292,137.392,D5
212,6,588.872,56.766,D3
212,7,964.263,371.182,O10
213,1,504.464,551.282,O6
213,2,712.192,356.587,D1
213,4,915.788,157.476,O9
213,5,878.047,137.278,D5
213,6,577.389,60.715,D3
213,7,955.964,369.119,O10
214,1,510.997,554.170,O6
214,2,711.133,362.392,D1
214,4,911.365,155.952,O9
214,5,878.730,138.446,D5
214,6,564.816,68.167,D3
214,7,947.190,368.317,O10
215,1,515.330,556.773,O6
215,2,706.910,362.747,D1
215,4,909.697,149.939,O9
215,5,879.665,138.729,D5
215,6,554.338,70.296,D3
215,7,941.759,368.505,O10
216,1,518.601,553.915,O6
216,2,700.687,364.430,D1
216,4,908.152,135.624,O9
216,5,880.584,135.987,D5
216,6,546.363,74.802,D3
216,7,932.280,368.795,O10
217,1,522.421,552.419,O6
217,2,695.591,367.467,D1
217,4,911.534,152.696,O9
217,5,881.525,132.111,D5
217,6,539.243,72.654,D3
217,7,921.684,367.970,O10
218,1,527.449,553.172,O6
218,2,689.919,367.914,D1
218,4,910.661,147.289,O9
218,5,883.263,131.819,D5
218,6,532.827,73.930,D3
218,7,912.026,369.774,O10
219,1,531.428,553.120,O6
219,2,685.084,373.739,D1
219,4,906.457,147.054,O9
219,5,885.819,128.662,D5
219,6,531.307,78.730,D3
219,7,902.142,371.470,O10
220,1,531.403,551.535,O6
220,2,681.940,382.529,D1
220,4,906.212,169.401,O9
220,5,885.836,83.165,D5
220,6,528.644,82.448,D3
220,7,894.571,370.693,O10
221,1,532.753,550.705,O6
221,2,678.075,391.350,D1
221,4,903.625,181.729,O9
221,5,887.558,94.191,D5
221,6,524.629,88.690,D3
221,7,885.919,369.216,O10
222,1,535.901,548.161,O6
222,2,673.913,395.978,D1
222,4,899.752,175.151,O9
222,5,898.687,116.854,D5
222,6,519.292,85.703,D3
222,7,880.299,364.849,O10
223,1,539.209,546.941,O6
223,2,669.180,395.962,D1
223,4,901.115,177.242,O9
223,5,898.784,119.915,D5
223,6,497.265,84.664,D3
223,7,874.931,363.751,O10
224,1,543.056,546.051,O6
224,2,662.912,397.436,D1
224,4,899.161,178.289,O9
224,5,898.690,129.102,D5
224,6,483.510,95.421,D3
224,7,867.770,363.083,O10
225,1,543.780,544.100,O6
225,2,654.852,399.865,D1
225,4,895.953,180.392,O9
225,5,899.544,144.082,D5
225,6,465.862,92.603,D3
225,7,862.015,359.241,O10
226,1,543.188,545.253,O6
226,2,645.150,397.291,D1
226,4,905.318,172.949,O9
226,5,900.583,144.925,D5
226,6,457.862,90.038,D3
226,7,852.147,353.532,O10
227,1,551.458,549.949,O6
227,2,636.214,404.401,D1
227,4,895.329,187.552,O9
227,5,901.621,145.767,D5
227,6,453.932,95.246,D3
227,7,840.784,353.728,O10
228,1,557.989,551.211,O6
228,2,627.257,405.676,D1
228,4,891.028,195.584,O9
228,5,902.658,146.609,D5
228,6,445.896,92.255,D3
228,7,830.774,354.795,O10
229,1,561.761,553.397,O6
229,2,618.955,407.970,D1
229,4,888.460,206.383,O9
229,5,904.923,146.269,D5
229,6,435.414,89.350,D3
229,7,818.935,357.739,O10
230,1,563.539,554.068,O6
230,2,610.825,410.426,D1
230,4,884.732,205.585,O9
230,5,914.739,144.794,D5
230,6,427.901,109.577,D3
230,7,808.073,359.783,O10
231,1,565.535,555.917,O6
231,2,606.150,423.113,D1
231,4,883.462,208.935,O9
231,5,920.403,143.943,D5
231,6,412.542,117.500,D3
231,7,801.209,358.925,O10
232,1,566.311,554.775,O6
232,2,600.982,427.164,D1
232,4,884.581,213.574,O9
232,5,923.801,143.433,D5
232,6,403.684,116.607,D3
232,7,796.569,358.953,O10
233,1,565.544,550.859,O6
233,2,598.024,440.129,D1
233,4,883.784,215.402,O9
233,5,927.200,142.922,D5
233,6,398.651,125.137,D3
233,7,791.020,354.177,O10
234,1,564.674,547.590,O6
234,2,593.828,449.290,D1
234,4,882.989,218.484,O9
234,5,933.213,167.659,D5
234,6,394.006,133.001,D3
234,7,782.641,348.972,O10
235,1,565.844,547.888,O6
235,2,588.480,456.059,D1
235,4,882.698,216.935,O9
235,5,936.821,165.776,D5
235,6,387.920,139.356,D3
235,7,776.327,349.635,O10
236,1,566.774,548.017,O6
236,2,585.734,470.573,D1
236,4,881.274,215.274,O9
236,5,940.142,173.915,D5
236,6,382.186,143.702,D3
236,7,767.160,341.164,O10
237,1,567.031,548.020,O6
237,2,586.647,489.035,D1
237,4,880.074,213.322,O9
237,5,942.549,174.076,D5
237,6,375.174,147.300,D3
237,7,758.540,334.221,O10
238,1,566.537,548.214,O6
238,2,583.432,486.893,D1
238,4,877.782,214.170,O9
238,5,944.753,182.936,D5
238,6,361.789,147.493,D3
238,7,748.880,333.941,O10
239,1,567.157,551.759,O6
239,2,579.607,481.238,D1
239,4,877.082,215.648,O9
239,5,947.528,190.917,D5
239,6,353.286,149.324,D3
239,7,739.119,332.611,O10
240,1,567.832,553.057,O6
240,2,576.213,475.209,D1
240,4,876.837,216.161,O9
240,5,949.745,197.472,D5
240,6,347.630,147.511,D3
240,7,727.312,336.913,O10
241,1,568.345,557.099,O6
241,2,574.893,479.620,D1
241,4,876.846,217.530,O9
241,5,951.782,203.333,D5
241,6,344.009,155.500,D3
241,7,718.447,339.286,O10
242,1,567.555,556.932,O6
242,2,572.447,479.495,D1
242,4,875.688,219.379,O9
242,5,953.830,210.130,D5
242,6,341.071,161.490,D3
242,7,712.883,339.430,O10
243,1,568.137,558.437,O6
243,2,571.692,482.115,D1
243,4,875.484,224.865,O9
243,5,956.423,215.882,D5
243,6,336.513,165.510,D3
243,7,705.080,332.489,O10
244,1,568.033,555.432,O6
244,2,570.432,483.178,D1
244,4,874.936,229.377,O9
244,5,958.614,215.223,D5
244,6,331.552,171.632,D3
244,7,699.476,331.464,O10
245,1,569.479,555.906,O6
245,2,572.221,497.650,D1
245,4,873.411,230.047,O9
245,5,960.630,215.946,D5
245,6,328.543,185.179,D3
245,7,693.336,331.815,O10
246,1,570.134,554.217,O6
246,2,575.509,518.546,D1
246,4,872.729,226.524,O9
246,5,962.619,217.059,D5
246,6,323.678,186.628,D3
246,7,685.422,326.059,O10
247,1,571.204,557.084,O6
247,2,570.815,517.906,D1
247,4,871.946,241.194,O9
247,5,964.558,218.427,D5
247,6,316.649,187.812,D3
247,7,677.239,321.302,O10
248,1,572.530,559.763,O6
248,2,560.031,525.221,D1
248,4,871.574,244.140,O9
248,5,966.492,218.579,D5
248,6,307.542,191.794,D3
248,7,669.909,319.028,O10
249,1,572.202,557.321,O6
249,2,558.775,525.405,D1
249,4,870.780,244.068,O9
249,5,968.426,220.797,D5
249,6,297.635,196.940,D3
249,7,660.560,319.328,O10
250,1,573.072,556.228,O6
250,2,554.192,523.979,D1
250,4,870.800,236.602,O9
250,5,970.981,226.175,D5
250,6,286.128,202.683,D3
250,7,650.179,322.970,O10
251,1,579.792,560.226,O6
251,2,552.935,524.163,D1
251,4,870.656,243.433,O9
251,5,973.128,231.526,D5
251,6,279.701,205.004,D3
251,7,637.088,325.769,O10
252,1,583.974,563.330,O6
252,2,551.678,524.347,D1
252,4,871.023,254.378,O9
252,5,975.760,232.003,D5
252,6,280.697,213.515,D3
252,7,629.796,328.505,O10
253,1,587.552,565.892,O6
253,2,551.678,524.347,D1
253,4,871.258,259.555,O9
253,5,978.557,237.787,D5
253,6,273.974,218.966,D3
253,7,622.633,324.446,O10
254,1,589.115,563.178,O6
254,2,551.678,524.347,D1
254,4,871.356,261.361,O9
254,5,980.814,238.421,D5
254,6,266.676,228.253,D3
254,7,619.644,322.968,O10
255,1,590.753,561.923,O6
255,2,551.678,524.347,D1
255,4,870.915,264.337,O9
255,5,982.303,232.330,D5
255,6,259.802,229.557,D3
255,7,613.208,323.223,O10
256,1,591.695,563.160,O6
256,2,547.392,543.449,D1
256,4,870.735,265.297,O9
256,5,985.329,229.516,D5
256,6,254.442,236.960,D3
256,7,604.812,320.822,O10
257,1,594.292,561.506,O6
257,2,541.755,539.083,D1
257,4,871.297,265.506,O9
257,5,987.470,242.781,D5
257,6,252.197,246.253,D3
257,7,597.565,324.039,O10
258,1,595.392,559.069,O6
258,2,538.932,543.062,D1
258,4,871.032,267.939,O9
258,5,989.959,257.998,D5
258,6,247.907,248.821,D3
258,7,589.778,327.278,O10
259,1,596.485,561.625,O6
259,2,537.059,542.780,D1
259,4,870.190,266.549,O9
259,5,992.094,261.130,D5
259,6,241.899,250.344,D3
259,7,581.526,329.440,O10
260,1,597.765,564.203,O6
260,2,535.089,546.437,D1
260,4,867.297,265.116,O9
260,5,994.107,258.462,D5
260,6,226.959,256.538,D3
260,7,574.864,336.564,O10
261,1,598.760,565.051,O6
261,2,532.719,549.791,D1
261,4,864.284,264.738,O9
261,5,996.061,258.250,D5
261,6,215.076,262.256,D3
261,7,561.760,333.883,O10
262,1,596.603,567.485,O6
262,2,532.228,556.394,D1
262,4,860.625,264.936,O9
262,5,997.877,262.581,D5
262,6,204.786,265.118,D3
262,7,551.461,339.473,O10
263,1,593.255,566.984,O6
263,2,531.470,560.649,D1
263,4,856.001,264.236,O9
263,5,998.965,272.153,D5
263,6,204.959,266.758,D3
263,7,540.976,316.092,O10
264,1,592.508,566.677,O6
264,2,527.423,564.521,D1
264,4,853.165,266.500,O9
264,5,999.162,282.503,D5
264,6,204.727,273.780,D3
264,7,536.857,314.053,O10
265,1,591.807,564.874,O6
265,2,524.591,573.248,D1
265,4,850.257,267.627,O9
265,5,999.009,294.238,D5
265,6,205.321,286.430,D3
265,7,532.766,327.850,O10
266,1,591.561,564.115,O6
266,2,526.182,591.790,D1
266,4,848.150,270.495,O9
266,5,998.791,306.264,D5
266,6,199.808,288.144,D3
266,7,529.607,328.320,O10
267,1,589.546,567.703,O6
267,2,525.619,602.108,D1
267,4,845.734,275.389,O9
267,5,998.572,315.117,D5
267,6,196.899,307.537,D3
267,7,513.216,338.582,O10
268,1,589.247,568.954,O6
268,2,525.298,607.511,D1
268,4,841.643,277.637,O9
268,5,998.861,323.640,D5
268,6,195.302,311.026,D3
268,7,504.976,334.598,O10
269,1,586.553,568.021,O6
269,2,525.196,609.317,D1
269,4,837.802,281.108,O9
269,5,998.840,328.788,D5
269,6,188.661,308.039,D3
269,7,497.850,328.872,O10
270,1,585.612,567.662,O6
270,2,523.172,610.086,D1
270,4,836.559,283.554,O9
270,5,999.412,333.699,D5
270,6,176.598,310.685,D3
270,7,493.499,330.150,O10
271,1,585.167,569.193,O6
271,2,522.589,608.363,D1
271,4,837.233,289.945,O9
271,5,999.486,342.707,D5
271,6,167.559,314.587,D3
271,7,479.318,315.775,O10
272,1,584.534,568.038,O6
272,2,522.899,607.460,D1
272,4,837.144,295.757,O9
272,5,1000.061,343.680,D5
272,6,158.411,316.710,D3
272,7,475.210,337.092,O10
273,1,583.200,567.756,O6
273,2,522.935,608.694,D1
273,4,836.674,300.224,O9
273,5,1000.814,343.713,D5
273,6,154.872,326.116,D3
273,7,472.900,346.002,O10
274,1,582.200,567.645,O6
274,2,523.568,608.906,D1
274,4,835.273,300.793,O9
274,5,1001.041,346.631,D5
274,6,152.377,336.958,D3
274,7,470.918,367.491,O10
275,1,580.894,565.989,O6
275,2,523.852,608.865,D1
275,4,834.825,300.860,O9
275,5,1001.731,346.409,D5
275,6,154.302,345.292,D3
275,7,466.721,375.810,O10
276,1,578.807,565.617,O6
276,2,524.644,607.015,D1
276,4,834.674,299.695,O9
276,5,1002.568,347.172,D5
276,6,148.645,349.281,D3
276,7,463.206,384.612,O10
277,1,577.549,565.602,O6
277,2,523.953,606.429,D1
277,4,832.352,301.871,O9
277,5,1004.062,349.269,D5
277,6,146.728,360.227,D3
277,7,451.527,379.595,O10
278,1,577.790,563.714,O6
278,2,524.128,607.720,D1
278,4,830.140,301.607,O9
278,5,1005.603,356.081,D5
278,6,148.749,376.591,D3
278,7,442.714,378.994,O10
279,1,574.393,563.572,O6
279,2,526.353,607.911,D1
279,4,828.196,302.901,O9
279,5,1007.308,359.494,D5
279,6,146.174,384.285,D3
279,7,439.562,387.494,O10
280,1,575.728,568.450,O6
280,2,527.280,606.174,D1
280,4,826.475,305.678,O9
280,5,1008.918,369.811,D5
280,6,141.174,386.360,D3
280,7,437.511,387.324,O10
281,1,575.854,568.590,O6
281,2,527.112,605.549,D1
281,4,824.627,306.902,O9
281,5,1009.345,378.727,D5
281,6,134.244,382.949,D3
281,7,436.396,389.357,O10
282,1,577.266,566.677,O6
282,2,529.241,603.249,D1
282,4,823.794,313.013,O9
282,5,1009.819,390.992,D5
282,6,128.961,381.822,D3
282,7,434.020,389.112,O10
283,1,578.597,569.359,O6
283,2,530.118,600.609,D1
283,4,823.515,323.100,O9
283,5,1010.968,401.303,D5
283,6,124.207,382.792,D3
283,7,430.644,390.334,O10
284,1,577.916,570.547,O6
284,2,531.529,599.442,D1
284,4,822.998,329.137,O9
284,5,1012.371,409.829,D5
284,6,119.333,381.127,D3
284,7,424.362,394.740,O10
285,1,578.961,569.068,O6
285,2,534.148,600.445,D1
285,4,822.220,331.456,O9
285,5,1013.907,415.642,D5
285,6,119.002,386.028,D3
285,7,421.457,408.454,O10
286,1,580.383,570.207,O6
286,2,536.945,598.904,D1
286,4,822.167,342.205,O9
286,5,1014.440,419.670,D5
286,6,120.770,396.896,D3
286,7,416.445,414.163,O10
287,1,580.248,565.347,O6
287,2,538.004,596.516,D1
287,4,821.677,347.184,O9
287,5,1014.582,422.792,D5
287,6,123.784,409.490,D3
287,7,412.148,421.767,O10
288,1,581.230,563.352,O6
288,2,537.742,595.743,D1
288,4,821.732,352.203,O9
288,5,1013.996,422.966,D5
288,6,127.557,421.491,D3
288,7,410.249,433.019,O10
289,1,582.145,562.461,O6
289,2,537.602,595.377,D1
289,4,821.957,355.977,O9
289,5,1013.101,424.698,D5
289,6,130.688,431.085,D3
289,7,407.930,439.365,O10
290,1,583.042,562.070,O6
290,2,538.552,596.841,D1
290,4,822.102,357.222,O9
290,5,1012.803,424.194,D5
290,6,134.167,439.657,D3
290,7,405.494,443.902,O10
291,1,582.860,562.077,O6
291,2,538.478,595.790,D1
291,4,822.838,357.526,O9
291,5,1013.282,423.795,D5
291,6,135.546,446.009,D3
291,7,404.261,449.716,O10
292,1,582.159,562.119,O6
292,2,538.363,595.363,D1
292,4,823.334,360.656,O9
292,5,1013.364,424.418,D5
292,6,136.601,451.268,D3
292,7,405.212,459.695,O10
293,1,581.436,560.406,O6
293,2,538.159,596.917,D1
293,4,823.580,362.773,O9
293,5,1014.429,426.341,D5
293,6,135.906,454.163,D3
293,7,404.185,464.414,O10
294,1,578.194,549.376,O6
294,2,538.657,597.403,D1
294,4,822.723,358.175,O9
294,5,1015.329,430.699,D5
294,6,134.189,453.083,D3
294,7,403.467,468.103,O10
295,1,576.489,543.415,O6
295,2,539.342,597.496,D1
295,4,821.701,355.333,O9
295,5,1016.303,447.500,D5
295,6,131.951,452.612,D3
295,7,402.069,469.363,O10
296,1,574.734,533.991,O6
296,2,539.606,597.516,D1
296,4,822.045,355.112,O9
296,5,1017.005,460.998,D5
296,6,131.438,455.479,D3
296,7,398.739,467.997,O10
297,1,574.011,532.400,O6
297,2,539.713,597.481,D1
297,4,822.315,355.973,O9
297,5,1018.294,469.410,D5
297,6,127.407,453.649,D3
297,7,395.368,469.617,O10
298,1,574.099,533.898,O6
298,2,539.125,597.701,D1
298,4,822.491,358.598,O9
298,5,1020.271,474.175,D5
298,6,125.820,452.960,D3
298,7,391.275,472.690,O10
299,1,572.209,531.067,O6
299,2,539.973,597.578,D1
299,4,823.005,364.814,O9
299,5,1021.508,477.477,D5
299,6,125.973,454.566,D3
299,7,387.874,474.949,O10
300,1,571.023,530.286,O6
300,2,539.272,597.795,D1
300,4,823.241,367.188,O9
300,5,1022.455,480.315,D5
300,6,125.297,455.369,D3
300,7,385.458,479.013,O10
301,1,571.610,539.086,O6
301,2,538.332,599.548,D1
301,4,824.834,379.351,O9
301,5,1023.275,482.834,D5
301,6,128.292,455.968,D3
301,7,384.185,482.350,O10
302,1,571.301,542.660,O6
302,2,536.449,598.860,D1
302,4,825.253,381.919,O9
302,5,1024.078,483.677,D5
302,6,124.854,458.050,D3
302,7,382.404,484.849,O10
303,1,571.210,543.921,O6
303,2,534.617,600.376,D1
303,4,825.758,386.753,O9
303,5,1025.518,483.487,D5
303,6,125.246,459.466,D3
303,7,380.588,490.738,O10
304,1,570.998,546.279,O6
304,2,532.268,601.198,D1
304,4,826.504,396.728,O9
304,5,1026.513,483.219,D5
304,6,125.275,459.921,D3
304,7,373.914,487.653,O10
305,1,569.683,541.790,O6
305,2,530.711,604.930,D1
305,4,826.912,401.240,O9
305,5,1027.471,482.773,D5
305,6,125.810,460.927,D3
305,7,369.150,486.573,O10
306,1,568.006,544.103,O6
306,2,530.636,609.780,D1
306,4,827.752,402.874,O9
306,5,1028.923,484.294,D5
306,6,124.048,459.547,D3
306,7,364.591,484.600,O10
307,1,561.435,534.778,O6
307,2,529.966,611.623,D1
307,4,828.091,405.338,O9
307,5,1029.805,486.485,D5
307,6,123.323,461.030,D3
307,7,361.460,481.865,O10
308,1,557.910,529.291,O6
308,2,528.573,615.664,D1
308,4,828.247,405.891,O9
308,5,1029.728,497.818,D5
308,6,120.377,461.755,D3
308,7,364.327,493.354,O10
309,1,554.922,529.833,O6
309,2,525.507,617.844,D1
309,4,829.070,408.345,O9
309,5,1029.915,509.355,D5
309,6,116.069,460.727,D3
309,7,370.318,515.954,O10
310,1,553.617,531.523,O6
310,2,522.722,616.704,D1
310,4,829.038,412.701,O9
310,5,1031.314,519.796,D5
310,6,113.026,459.921,D3
310,7,377.988,536.159,O10
311,1,550.531,531.017,O6
311,2,518.005,618.727,D1
311,4,829.346,411.536,O9
311,5,1033.061,530.571,D5
311,6,108.602,458.227,D3
311,7,379.401,544.086,O10
312,1,550.925,545.433,O6
312,2,514.317,617.925,D1
312,4,829.575,410.770,O9
312,5,1034.747,537.552,D5
312,6,104.401,454.622,D3
312,7,380.033,546.729,O10
313,1,549.792,552.815,O6
313,2,511.227,621.330,D1
313,4,830.122,410.460,O9
313,5,1036.139,543.415,D5
313,6,102.593,455.498,D3
313,7,384.033,546.983,O10
314,1,547.990,552.042,O6
314,2,504.461,624.920,D1
314,4,830.414,411.104,O9
314,5,1036.699,545.263,D5
314,6,100.083,457.061,D3
314,7,384.921,546.811,O10
315,1,547.805,553.470,O6
315,2,507.124,627.150,D1
315,4,831.897,414.129,O9
315,5,1036.809,547.455,D5
315,6,96.813,458.031,D3
315,7,380.440,547.257,O10
316,1,549.020,551.892,O6
316,2,507.870,626.276,D1
316,4,832.964,414.063,O9
316,5,1038.464,546.121,D5
316,6,95.985,461.474,D3
316,7,374.260,549.715,O10
317,1,549.583,551.322,O6
317,2,508.841,627.498,D1
317,4,833.973,421.994,O9
317,5,1043.428,544.814,D5
317,6,93.465,463.177,D3
317,7,368.473,549.199,O10
318,1,549.452,547.407,O6
318,2,507.104,628.160,D1
318,4,834.749,422.783,O9
318,5,1049.640,543.477,D5
318,6,91.462,461.732,D3
318,7,366.526,550.617,O10
319,1,549.209,549.606,O6
319,2,503.912,627.132,D1
319,4,834.874,420.957,O9
319,5,1055.678,543.978,D5
319,6,90.126,462.365,D3
319,7,366.025,552.888,O10
320,1,548.026,550.593,O6
320,2,498.974,627.251,D1
320,4,834.975,421.213,O9
320,5,1059.803,542.113,D5
320,6,87.092,457.573,D3
320,7,366.530,553.525,O10
321,1,546.065,549.372,O6
321,2,494.869,630.832,D1
321,4,836.235,422.090,O9
321,5,1063.077,539.328,D5
321,6,86.146,453.542,D3
321,7,367.285,551.720,O10
322,1,545.236,550.655,O6
322,2,490.286,630.976,D1
322,4,837.407,424.195,O9
322,5,1066.661,539.509,D5
322,6,84.159,451.070,D3
322,7,365.761,549.302,O10
323,1,545.051,549.255,O6
323,2,485.526,629.728,D1
323,4,839.143,426.661,O9
323,5,1071.147,540.654,D5
323,6,84.034,451.138,D3
323,7,362.772,544.855,O10
324,1,546.125,548.731,O6
324,2,481.715,631.308,D1
324,4,839.912,429.731,O9
324,5,1077.033,543.982,D5
324,6,83.849,448.120,D3
324,7,361.020,541.514,O10
325,1,547.151,548.295,O6
325,2,481.796,641.266,D1
325,4,840.787,430.563,O9
325,5,1083.268,547.744,D5
325,6,85.937,450.954,D3
325,7,360.150,536.302,O10
326,1,548.645,548.077,O6
326,2,481.704,653.107,D1
326,4,841.554,429.892,O9
326,5,1087.542,550.611,D5
326,6,87.767,454.182,D3
326,7,359.825,529.623,O10
327,1,550.225,549.620,O6
327,2,482.191,663.776,D1
327,4,841.795,429.521,O9
327,5,1090.326,554.661,D5
327,6,86.903,452.330,D3
327,7,360.874,522.061,O10
328,1,550.256,550.349,O6
328,2,482.479,670.950,D1
328,4,841.737,427.424,O9
328,5,1092.352,560.985,D5
328,6,86.641,451.683,D3
328,7,363.636,514.051,O10
329,1,550.826,550.469,O6
329,2,482.187,673.577,D1
329,4,842.409,428.401,O9
329,5,1093.837,564.688,D5
329,6,84.297,449.553,D3
329,7,368.891,509.419,O10
330,1,550.557,550.712,O6
330,2,483.252,675.964,D1
330,4,843.500,431.750,O9
330,5,1094.984,567.603,D5
330,6,82.033,445.851,D3
330,7,370.833,508.914,O10
331,1,549.929,548.950,O6
331,2,481.565,676.948,D1
331,4,843.302,433.940,O9
331,5,1096.035,570.030,D5
331,6,78.787,442.427,D3
331,7,372.923,509.420,O10
332,1,549.660,548.235,O6
332,2,481.985,677.010,D1
332,4,843.244,435.661,O9
332,5,1098.250,570.507,D5
332,6,78.623,443.194,D3
332,7,375.381,509.410,O10
333,1,549.752,546.362,O6
333,2,478.672,676.080,D1
333,4,843.234,436.506,O9
333,5,1102.644,570.286,D5
333,6,79.806,445.811,D3
333,7,374.726,505.037,O10
334,1,551.931,546.963,O6
334,2,476.472,675.605,D1
334,4,844.038,439.422,O9
334,5,1108.517,569.308,D5
334,6,79.773,445.668,D3
334,7,375.209,500.207,O10
335,1,553.222,547.224,O6
335,2,476.099,676.893,D1
335,4,843.545,438.676,O9
335,5,1115.114,573.121,D5
335,6,80.603,449.952,D3
335,7,374.628,496.644,O10
336,1,553.748,547.209,O6
336,2,476.600,677.138,D1
336,4,844.553,438.041,O9
336,5,1121.309,578.590,D5
336,6,78.361,446.346,D3
336,7,373.838,488.362,O10
337,1,553.939,547.303,O6
337,2,476.863,677.223,D1
337,4,847.915,439.427,O9
337,5,1126.153,586.594,D5
337,6,81.409,450.054,D3
337,7,369.043,470.834,O10
338,1,553.953,547.281,O6
338,2,477.443,678.635,D1
338,4,846.764,438.181,O9
338,5,1131.386,592.049,D5
338,6,84.066,454.412,D3
338,7,364.664,457.240,O10
339,1,552.400,545.730,O6
339,2,475.658,677.838,D1
339,4,844.675,439.925,O9
339,5,1136.918,599.670,D5
339,6,86.761,456.867,D3
339,7,362.672,451.328,O10
340,1,550.579,547.100,O6
340,2,475.535,678.981,D1
340,4,843.299,440.614,O9
340,5,1141.832,606.519,D5
340,6,87.846,457.826,D3
340,7,359.857,443.267,O10
341,1,549.768,549.504,O6
341,2,474.975,681.028,D1
341,4,842.882,442.858,O9
341,5,1145.427,611.834,D5
341,6,88.896,456.941,D3
341,7,363.544,448.327,O10
342,1,549.471,550.341,O6
342,2,475.267,683.173,D1
342,4,842.071,442.669,O9
342,5,1148.146,617.874,D5
342,6,88.737,455.551,D3
342,7,361.877,445.527,O10
343,1,549.967,550.676,O6
343,2,475.424,684.007,D1
343,4,841.770,442.669,O9
343,5,1150.191,622.952,D5
343,6,89.234,456.087,D3
343,7,364.101,452.807,O10
344,1,550.157,550.729,O6
344,2,475.494,685.793,D1
344,4,842.265,442.486,O9
344,5,1152.592,624.399,D5
344,6,89.395,456.234,D3
344,7,363.848,450.543,O10
345,1,549.767,548.933,O6
345,2,475.026,684.850,D1
345,4,842.363,441.325,O9
345,5,1155.406,625.900,D5
345,6,89.414,456.207,D3
345,7,361.808,447.923,O10
346,1,549.174,546.467,O6
346,2,475.845,685.847,D1
346,4,842.326,439.851,O9
346,5,1158.098,626.063,D5
346,6,88.896,455.162,D3
346,7,359.307,441.995,O10
347,1,549.505,545.416,O6
347,2,479.660,684.092,D1
347,4,842.320,439.254,O9
347,5,1161.484,625.575,D5
347,6,88.834,452.484,D3
347,7,361.109,445.782,O10
348,1,549.645,545.109,O6
348,2,481.261,683.442,D1
348,4,842.309,439.145,O9
348,5,1164.810,623.558,D5
348,6,88.844,451.577,D3
348,7,362.421,447.290,O10
349,1,550.263,544.916,O6
349,2,479.768,683.431,D1
349,4,842.301,439.080,O9
349,5,1167.746,623.887,D5
349,6,90.002,451.014,D3
349,7,363.723,451.995,O10
350,1,551.385,548.411,O6
350,2,478.077,686.742,D1
350,4,842.232,438.094,O9
350,5,1170.209,623.766,D5
350,6,90.133,447.656,D3
350,7,363.447,449.873,O10
351,1,551.484,546.088,O6
351,2,480.449,693.634,D1
351,4,842.802,437.567,O9
351,5,1171.238,625.019,D5
351,6,92.586,445.964,D3
351,7,362.800,443.899,O10
352,1,551.630,543.383,O6
352,2,476.081,703.036,D1
352,4,842.930,436.439,O9
352,5,1171.059,625.529,D5
352,6,92.140,440.101,D3
352,7,361.981,441.814,O10
353,1,553.575,547.581,O6
353,2,476.535,712.179,D1
353,4,842.992,436.008,O9
353,5,1174.202,626.657,D5
353,6,87.784,429.627,D3
353,7,360.046,438.148,O10
354,1,553.411,545.705,O6
354,2,475.691,712.772,D1
354,4,843.146,437.893,O9
354,5,1178.567,626.560,D5
354,6,83.318,414.837,D3
354,7,362.269,447.053,O10
355,1,553.407,543.083,O6
355,2,476.737,718.585,D1
355,4,843.164,438.533,O9
355,5,1182.400,629.076,D5
355,6,80.612,404.724,D3
355,7,362.001,447.376,O10
356,1,553.409,542.158,O6
356,2,477.136,722.189,D1
356,4,843.192,438.839,O9
356,5,1186.048,632.629,D5
356,6,80.365,399.874,D3
356,7,363.212,449.507,O10
357,1,554.524,541.667,O6
357,2,476.343,722.121,D1
357,4,843.783,438.862,O9
357,5,1188.231,639.622,D5
357,6,80.473,395.857,D3
357,7,361.850,443.281,O10
358,1,555.814,544.965,O6
358,2,476.502,723.342,D1
358,4,844.070,439.793,O9
358,5,1190.976,643.245,D5
358,6,81.948,391.934,D3
358,7,363.649,445.809,O10
359,1,556.306,546.324,O6
359,2,477.534,726.585,D1
359,4,843.538,439.341,O9
359,5,1192.518,648.856,D5
359,6,85.038,390.402,D3
359,7,364.154,442.727,O10
360,1,557.344,550.289,O6
360,2,479.341,730.391,D1
360,4,843.978,440.028,O9
360,5,1193.123,655.083,D5
360,6,84.510,389.014,D3
360,7,365.629,443.481,O10
361,1,558.163,553.457,O6
361,2,482.439,734.250,D1
361,4,844.096,439.215,O9
361,5,1192.865,658.719,D5
361,6,90.491,391.212,D3
361,7,366.130,436.318,O10
362,1,560.179,561.606,O6
362,2,483.611,735.647,D1
362,4,844.763,439.868,O9
362,5,1192.901,662.815,D5
362,6,95.051,393.064,D3
362,7,370.537,440.526,O10
363,1,561.644,569.809,O6
363,2,487.282,744.235,D1
363,4,844.947,439.112,O9
363,5,1193.835,665.487,D5
363,6,94.024,386.050,D3
363,7,379.543,461.882,O10
364,1,562.071,574.635,O6
364,2,489.441,754.328,D1
364,4,844.518,439.926,O9
364,5,1195.322,664.817,D5
364,6,95.315,386.829,D3
364,7,377.688,449.159,O10
365,1,562.501,579.803,O6
365,2,489.252,758.122,D1
365,4,844.845,439.149,O9
365,5,1198.709,662.612,D5
365,6,95.883,384.828,D3
365,7,375.869,435.691,O10
366,1,562.934,585.075,O6
366,2,490.414,766.198,D1
366,4,845.034,439.806,O9
366,5,1203.877,661.112,D5
366,6,93.943,379.767,D3
366,7,374.935,426.232,O10
367,1,563.804,592.026,O6
367,2,493.439,778.303,D1
367,4,845.681,439.977,O9
367,5,1210.290,659.795,D5
367,6,92.501,374.469,D3
367,7,374.526,415.131,O10
368,1,564.267,599.588,O6
368,2,496.676,789.077,D1
368,4,845.894,440.034,O9
368,5,1216.340,660.126,D5
368,6,91.697,366.608,D3
368,7,360.382,363.373,O10
369,1,564.286,603.954,O6
369,2,499.464,800.607,D1
369,4,845.959,439.980,O9
369,5,1220.398,662.678,D5
369,6,90.417,355.312,D3
369,7,360.191,355.505,O10
370,1,565.105,608.824,O6
370,2,501.274,808.608,D1
370,4,845.976,440.088,O9
370,5,1222.932,669.105,D5
370,6,89.345,346.534,D3
370,7,357.523,345.120,O10
371,1,565.398,610.556,O6
371,2,502.392,811.380,D1
371,4,846.483,439.063,O9
371,5,1226.231,675.236,D5
371,6,91.781,344.252,D3
371,7,367.464,374.376,O10
372,1,565.775,614.285,O6
372,2,502.187,814.796,D1
372,4,846.679,438.614,O9
372,5,1229.003,682.623,D5
372,6,92.269,339.862,D3
372,7,366.967,370.688,O10
373,1,565.087,612.373,O6
373,2,502.124,814.587,D1
373,4,846.689,437.506,O9
373,5,1231.574,689.140,D5
373,6,96.520,340.301,D3
373,7,374.008,391.165,O10
374,1,564.812,611.566,O6
374,2,503.408,815.451,D1
374,4,847.332,438.053,O9
374,5,1235.262,692.459,D5
374,6,97.042,337.191,D3
374,7,376.345,394.445,O10
375,1,563.214,609.609,O6
375,2,503.830,815.551,D1
375,4,847.624,439.139,O9
375,5,1238.407,697.271,D5
375,6,99.016,333.355,D3
375,7,376.875,394.641,O10
376,1,562.477,610.472,O6
376,2,501.628,817.057,D1
376,4,847.654,438.603,O9
376,5,1241.381,700.021,D5
376,6,102.182,332.937,D3
376,7,378.556,395.664,O10
377,1,563.346,617.263,O6
377,2,499.749,818.935,D1
377,4,848.387,440.264,O9
377,5,1244.106,700.701,D5
377,6,105.508,333.880,D3
377,7,381.871,402.297,O10
378,1,566.037,631.082,O6
378,2,498.590,819.666,D1
378,4,849.160,440.040,O9
378,5,1246.449,700.736,D5
378,6,107.646,335.689,D3
378,7,383.388,403.876,O10
379,1,567.651,640.553,O6
379,2,497.146,819.698,D1
379,4,850.023,439.427,O9
379,5,1248.695,701.483,D5
379,6,107.131,330.033,D3
379,7,386.599,406.899,O10
380,1,568.067,647.527,O6
380,2,497.511,822.276,D1
380,4,850.901,439.497,O9
380,5,1251.024,701.653,D5
380,6,106.790,327.191,D3
380,7,388.999,406.101,O10
381,1,567.117,649.840,O6
381,2,496.218,821.783,D1
381,4,851.791,439.035,O9
381,5,1254.475,699.662,D5
381,6,105.596,324.664,D3
381,7,391.293,406.180,O10
382,1,567.443,655.374,O6
382,2,495.717,822.893,D1
382,4,852.571,437.062,O9
382,5,1256.837,698.818,D5
382,6,105.046,321.528,D3
382,7,391.902,397.690,O10
383,1,567.849,660.397,O6
383,2,497.155,830.656,D1
383,4,853.510,437.146,O9
383,5,1258.593,698.270,D5
383,6,104.389,318.032,D3
383,7,395.539,397.176,O10
384,1,567.361,663.843,O6
384,2,499.329,839.562,D1
384,4,855.059,438.046,O9
384,5,1260.554,697.855,D5
384,6,99.996,308.681,D3
384,7,397.989,392.509,O10
385,1,567.022,666.532,O6
385,2,501.399,845.064,D1
385,4,857.597,441.974,O9
385,5,1262.336,697.466,D5
385,6,95.605,301.751,D3
385,7,399.607,387.219,O10
386,1,565.866,667.560,O6
386,2,503.542,846.848,D1
386,4,859.318,447.248,O9
386,5,1263.533,698.558,D5
386,6,89.715,290.969,D3
386,7,402.959,383.809,O10
387,1,564.322,669.747,O6
387,2,506.068,848.514,D1
387,4,860.850,455.075,O9
387,5,1264.455,700.323,D5
387,6,85.740,282.456,D3
387,7,405.687,381.516,O10
388,1,562.779,668.534,O6
388,2,508.318,847.208,D1
388,4,862.898,462.924,O9
388,5,1269.208,698.606,D5
388,6,81.748,273.745,D3
388,7,407.906,371.967,O10
389,1,560.284,667.033,O6
389,2,509.222,846.899,D1
389,4,864.671,465.278,O9
389,5,1273.023,699.289,D5
389,6,80.095,272.724,D3
389,7,410.433,364.078,O10
390,1,557.757,666.184,O6
390,2,508.638,845.244,D1
390,4,867.053,466.339,O9
390,5,1277.046,698.847,D5
390,6,80.041,270.455,D3
390,7,411.560,351.304,O10
391,1,554.758,666.513,O6
391,2,504.801,844.174,D1
391,4,867.992,470.016,O9
391,5,1279.514,698.863,D5
391,6,80.432,273.176,D3
391,7,414.746,356.250,O10
392,1,553.402,670.959,O6
392,2,503.868,842.127,D1
392,4,869.082,472.659,O9
392,5,1282.960,696.800,D5
392,6,79.151,270.055,D3
392,7,417.135,359.818,O10
393,1,551.698,676.025,O6
393,2,503.590,840.218,D1
393,4,870.172,477.465,O9
393,5,1284.524,697.495,D5
393,6,79.937,271.831,D3
393,7,417.236,357.069,O10
394,1,550.417,680.983,O6
394,2,500.256,830.084,D1
394,4,871.370,473.425,O9
394,5,1285.550,697.600,D5
394,6,80.364,271.235,D3
394,7,418.432,355.883,O10
395,1,548.349,686.076,O6
395,2,494.294,816.915,D1
395,4,872.740,467.852,O9
395,5,1285.828,698.920,D5
395,6,78.502,268.848,D3
395,7,417.274,354.607,O10
396,1,546.830,690.923,O6
396,2,485.778,795.399,D1
396,4,874.399,467.290,O9
396,5,1286.034,699.305,D5
396,6,76.874,265.348,D3
396,7,417.889,353.894,O10
397,1,546.613,694.075,O6
397,2,479.190,782.018,D1
397,4,875.820,472.519,O9
397,5,1286.483,699.344,D5
397,6,74.505,260.271,D3
397,7,418.940,352.337,O10
398,1,548.110,704.103,O6
398,2,476.014,771.724,D1
398,4,876.334,474.622,O9
398,5,1287.297,699.345,D5
398,6,72.887,257.547,D3
398,7,419.608,348.520,O10
399,1,548.936,712.068,O6
399,2,475.931,764.900,D1
399,4,877.934,480.680,O9
399,5,1287.963,700.548,D5
399,6,72.143,253.869,D3
399,7,422.025,345.577,O10
400,1,549.080,717.955,O6
400,2,475.955,759.750,D1
400,4,879.589,482.804,O9
400,5,1289.541,700.778,D5
400,6,69.508,249.070,D3
400,7,425.411,348.906,O10
401,1,547.196,720.317,O6
401,2,477.463,757.794,D1
401,4,880.798,485.299,O9
401,5,1291.711,700.645,D5
401,6,67.284,246.219,D3
401,7,429.784,356.701,O10
402,1,544.494,722.742,O6
402,2,480.036,758.420,D1
402,4,882.266,484.166,O9
402,5,1294.687,698.922,D5
402,6,66.587,243.861,D3
402,7,434.525,368.219,O10
403,1,541.864,726.571,O6
403,2,485.668,766.537,D1
403,4,884.443,483.347,O9
403,5,1297.097,699.344,D5
403,6,65.643,242.997,D3
403,7,436.470,373.514,O10
404,1,538.940,726.666,O6
404,2,491.878,778.849,D1
404,4,885.757,482.862,O9
404,5,1299.648,697.947,D5
404,6,65.869,244.060,D3
404,7,429.448,340.389,O10
405,1,533.702,724.379,O6
405,2,503.074,804.033,D1
405,4,888.448,482.489,O9
405,5,1301.872,698.675,D5
405,6,65.187,243.554,D3
405,7,420.116,305.085,O10
406,1,531.510,726.250,O6
406,2,511.752,824.080,D1
406,4,893.470,487.147,O9
406,5,1304.239,699.970,D5
406,6,65.169,244.653,D3
406,7,418.763,292.610,O10
407,1,533.694,725.035,O6
407,2,515.759,833.789,D1
407,4,897.563,490.400,O9
407,5,1305.131,701.751,D5
407,6,66.827,246.349,D3
407,7,419.795,295.682,O10
408,1,526.161,724.186,O6
408,2,519.696,840.623,D1
408,4,900.751,491.297,O9
408,5,1306.649,700.903,D5
408,6,67.545,245.633,D3
408,7,417.774,293.559,O10
409,1,519.529,725.798,O6
409,2,520.671,841.728,D1
409,4,902.067,493.412,O9
409,5,1309.918,698.878,D5
409,6,68.279,244.062,D3
409,7,419.739,302.521,O10
410,1,514.647,725.172,O6
410,2,521.314,843.073,D1
410,4,903.036,494.011,O9
410,5,1312.708,697.832,D5
410,6,68.359,240.727,D3
410,7,423.145,312.750,O10
411,1,509.814,726.771,O6
411,2,521.048,842.176,D1
411,4,904.353,492.193,O9
411,5,1314.885,697.270,D5
411,6,70.015,240.630,D3
411,7,430.685,338.261,O10
412,1,506.262,724.670,O6
412,2,520.398,841.781,D1
412,4,903.685,491.652,O9
412,5,1315.636,697.103,D5
412,6,71.166,237.889,D3
412,7,429.250,331.110,O10
413,1,503.786,719.475,O6
413,2,519.547,842.767,D1
413,4,907.269,490.736,O9
413,5,1315.128,698.368,D5
413,6,73.017,235.158,D3
413,7,427.973,328.195,O10
414,1,502.489,717.602,O6
414,2,513.071,843.956,D1
414,4,911.316,490.041,O9
414,5,1313.986,697.767,D5
414,6,75.697,235.398,D3
414,7,425.818,321.553,O10
415,1,502.629,716.733,O6
415,2,508.007,844.609,D1
415,4,914.495,491.287,O9
415,5,1312.108,697.711,D5
415,6,76.192,231.391,D3
415,7,423.978,317.856,O10
416,1,503.314,717.899,O6
416,2,504.290,846.351,D1
416,4,919.131,493.137,O9
416,5,1309.500,697.982,D5
416,6,77.957,228.535,D3
416,7,422.749,319.114,O10
417,1,502.439,721.408,O6
417,2,502.290,849.414,D1
417,4,924.111,489.572,O9
417,5,1306.211,697.052,D5
417,6,79.756,228.604,D3
417,7,418.054,311.778,O10
418,1,501.087,725.844,O6
418,2,504.424,857.456,D1
418,4,931.164,489.323,O9
418,5,1302.477,698.397,D5
418,6,84.719,235.020,D3
418,7,414.347,306.927,O10
419,1,502.677,727.274,O6
419,2,509.575,865.835,D1
419,4,935.211,489.082,O9
419,5,1298.534,698.017,D5
419,6,86.213,233.538,D3
419,7,413.412,308.862,O10
420,1,502.354,727.846,O6
420,2,514.301,875.513,D1
420,4,937.601,488.753,O9
420,5,1294.658,698.144,D5
420,6,87.051,227.381,D3
420,7,410.397,305.062,O10
421,1,501.783,728.174,O6
421,2,520.604,887.754,D1
421,4,939.392,483.085,O9
421,5,1290.223,700.047,D5
421,6,91.921,225.875,D3
421,7,406.655,299.322,O10
422,1,498.310,722.847,O6
422,2,525.124,898.717,D1
422,4,942.198,478.670,O9
422,5,1288.120,700.761,D5
422,6,95.711,225.026,D3
422,7,403.645,296.165,O10
423,1,497.864,726.604,O6
423,2,527.371,905.999,D1
423,4,943.740,478.860,O9
423,5,1288.070,700.974,D5
423,6,102.219,226.791,D3
423,7,401.551,294.021,O10
424,1,499.228,740.743,O6
424,2,529.007,908.373,D1
424,4,946.474,482.215,O9
424,5,1286.624,702.476,D5
424,6,102.943,223.441,D3
424,7,400.141,293.291,O10
425,1,513.434,787.807,O6
425,2,531.231,908.840,D1
425,4,949.601,483.267,O9
425,5,1285.608,703.165,D5
425,6,106.248,226.060,D3
425,7,399.035,293.290,O10
426,1,518.368,800.940,O6
426,2,532.832,909.811,D1
426,4,952.914,483.279,O9
426,5,1285.104,702.061,D5
426,6,106.863,225.690,D3
426,7,397.565,289.738,O10
427,1,511.513,775.969,O6
427,2,538.380,910.407,D1
427,4,956.829,482.830,O9
427,5,1285.019,700.291,D5
427,6,106.997,225.547,D3
427,7,395.703,286.147,O10
428,1,497.469,737.049,O6
428,2,542.103,909.087,D1
428,4,961.542,482.162,O9
428,5,1284.314,699.669,D5
428,6,109.359,229.314,D3
428,7,394.158,286.295,O10
429,1,494.539,736.156,O6
429,2,543.730,906.233,D1
429,4,964.938,479.867,O9
429,5,1283.212,698.290,D5
429,6,111.311,233.342,D3
429,7,392.270,284.175,O10
430,1,494.320,744.476,O6
430,2,545.330,902.663,D1
430,4,967.264,477.040,O9
430,5,1281.129,698.040,D5
430,6,112.106,233.589,D3
430,7,389.396,273.808,O10
431,1,494.679,750.266,O6
431,2,547.651,894.143,D1
431,4,968.645,474.010,O9
431,5,1278.940,698.146,D5
431,6,112.554,230.858,D3
431,7,387.034,270.082,O10
432,1,493.920,751.172,O6
432,2,549.015,875.651,D1
432,4,969.084,471.046,O9
432,5,1275.173,699.958,D5
432,6,116.777,236.060,D3
432,7,386.220,268.841,O10
433,1,492.691,751.603,O6
433,2,552.963,850.920,D1
433,4,969.687,471.814,O9
433,5,1271.056,702.392,D5
433,6,120.329,237.748,D3
433,7,385.258,266.110,O10
434,1,494.032,757.104,O6
434,2,557.314,841.023,D1
434,4,969.275,474.043,O9
434,5,1264.813,703.963,D5
434,6,124.248,237.857,D3
434,7,383.592,265.304,O10
435,1,494.142,756.361,O6
435,2,566.535,830.120,D1
435,4,969.030,474.932,O9
435,5,1259.936,703.615,D5
435,6,127.165,236.384,D3
435,7,382.778,266.481,O10
436,1,492.769,757.554,O6
436,2,570.163,824.858,D1
436,4,968.295,475.268,O9
436,5,1256.203,704.989,D5
436,6,131.604,240.542,D3
436,7,383.641,270.562,O10
437,1,490.389,758.227,O6
437,2,577.354,822.270,D1
437,4,967.929,475.447,O9
437,5,1252.270,707.185,D5
437,6,133.035,236.747,D3
437,7,387.601,279.180,O10
438,1,487.111,760.212,O6
438,2,582.606,817.303,D1
438,4,967.151,473.770,O9
438,5,1247.547,707.185,D5
438,6,135.619,233.650,D3
438,7,387.683,280.236,O10
439,1,482.002,761.498,O6
439,2,584.777,807.889,D1
439,4,965.083,469.686,O9
439,5,1242.633,706.312,D5
439,6,136.474,225.751,D3
439,7,390.255,288.996,O10
440,1,477.181,762.269,O6
440,2,587.770,793.604,D1
440,4,964.277,464.299,O9
440,5,1237.403,707.709,D5
440,6,141.273,223.246,D3
440,7,391.924,292.053,O10
441,1,474.466,762.707,O6
441,2,587.675,764.148,D1
441,4,962.750,454.024,O9
441,5,1233.391,707.281,D5
441,6,149.283,225.632,D3
441,7,393.244,293.214,O10
442,1,473.513,762.781,O6
442,2,593.873,746.441,D1
442,4,960.966,440.671,O9
442,5,1230.731,707.234,D5
442,6,155.985,227.286,D3
442,7,394.350,293.436,O10
443,1,473.673,764.094,O6
443,2,603.980,740.616,D1
443,4,959.092,430.982,O9
443,5,1229.308,707.290,D5
443,6,162.803,230.014,D3
443,7,394.969,289.793,O10
444,1,474.301,764.490,O6
444,2,618.209,735.906,D1
444,4,957.816,424.610,O9
444,5,1228.221,706.101,D5
444,6,167.141,233.497,D3
444,7,397.166,288.074,O10
445,1,473.645,761.896,O6
445,2,629.436,735.022,D1
445,4,956.136,417.514,O9
445,5,1227.212,705.698,D5
445,6,169.917,234.504,D3
445,7,398.575,287.251,O10
446,1,474.938,760.701,O6
446,2,636.484,733.182,D1
446,4,955.522,410.064,O9
446,5,1225.810,704.433,D5
446,6,171.575,234.830,D3
446,7,399.764,286.878,O10
447,1,475.528,758.911,O6
447,2,642.490,730.966,D1
447,4,954.090,405.791,O9
447,5,1224.433,700.243,D5
447,6,173.327,236.322,D3
447,7,399.505,284.546,O10
448,1,476.280,756.728,O6
448,2,647.627,724.294,D1
448,4,952.973,407.490,O9
448,5,1222.351,696.232,D5
448,6,174.843,239.354,D3
448,7,399.392,286.126,O10
449,1,477.117,754.353,O6
449,2,651.205,704.406,D1
449,4,951.987,408.334,O9
449,5,1220.735,694.811,D5
449,6,174.906,237.776,D3
449,7,401.707,290.064,O10
450,1,477.472,752.056,O6
450,2,651.611,663.612,D1
450,4,951.080,411.952,O9
450,5,1216.766,689.445,D5
450,6,175.468,237.088,D3
450,7,403.527,292.619,O10
451,1,478.221,746.729,O6
451,2,654.538,631.128,D1
451,4,950.166,411.413,O9
451,5,1211.108,685.235,D5
451,6,177.201,239.090,D3
451,7,407.450,295.404,O10
452,1,480.567,744.477,O6
452,2,664.948,616.617,D1
452,4,949.829,407.298,O9
452,5,1206.567,678.582,D5
452,6,178.065,237.180,D3
452,7,410.227,298.733,O10
453,1,482.879,743.451,O6
453,2,674.778,612.627,D1
453,4,949.665,394.574,O9
453,5,1202.410,676.475,D5
453,6,176.877,231.212,D3
453,7,411.555,301.115,O10
454,1,484.686,742.997,O6
454,2,682.691,611.054,D1
454,4,949.567,382.676,O9
454,5,1198.510,673.389,D5
454,6,179.713,233.848,D3
454,7,412.946,300.633,O10
455,1,486.303,742.668,O6
455,2,689.250,605.318,D1
455,4,948.809,362.520,O9
455,5,1192.942,671.461,D5
455,6,183.256,230.343,D3
455,7,412.690,297.981,O10
456,1,487.397,742.591,O6
456,2,693.397,593.422,D1
456,4,947.828,342.249,O9
456,5,1186.391,671.559,D5
456,6,187.089,230.130,D3
456,7,414.587,301.648,O10
457,1,489.699,743.726,O6
457,2,697.371,578.707,D1
457,4,946.620,372.025,O9
457,5,1179.757,672.261,D5
457,6,190.930,230.978,D3
457,7,415.871,300.416,O10
458,1,491.014,745.626,O6
458,2,698.829,540.365,D1
458,4,944.962,378.774,O9
458,5,1175.279,671.590,D5
458,6,195.815,234.933,D3
458,7,417.902,298.521,O10
459,1,492.901,747.567,O6
459,2,698.125,493.925,D1
459,4,942.550,375.602,O9
459,5,1172.406,670.184,D5
459,6,199.553,236.120,D3
459,7,420.853,298.685,O10
460,1,493.605,746.889,O6
460,2,700.785,470.474,D1
460,4,940.275,359.929,O9
460,5,1170.446,669.885,D5
460,6,203.616,240.169,D3
460,7,423.179,298.529,O10
461,1,494.349,745.098,O6
461,2,709.108,465.447,D1
461,4,938.141,346.588,O9
461,5,1169.996,666.943,D5
461,6,209.836,240.913,D3
461,7,426.888,301.645,O10
462,1,495.544,745.761,O6
462,2,717.488,469.375,D1
462,4,937.875,336.243,O9
462,5,1169.402,663.170,D5
462,6,215.803,241.991,D3
462,7,430.238,307.384,O10
463,1,495.997,744.572,O6
463,2,724.808,469.825,D1
463,4,937.666,321.432,O9
463,5,1168.156,663.413,D5
463,6,219.717,238.078,D3
463,7,434.283,312.710,O10
464,1,496.607,745.495,O6
464,2,729.922,468.291,D1
464,4,938.250,314.886,O9
464,5,1166.880,656.508,D5
464,6,222.006,235.091,D3
464,7,438.624,320.153,O10
465,1,496.326,745.921,O6
465,2,736.376,468.584,D1
465,4,940.219,298.819,O9
465,5,1164.750,652.786,D5
465,6,224.727,233.659,D3
465,7,440.835,322.790,O10
466,1,495.234,746.190,O6
466,2,740.801,458.993,D1
466,4,943.679,308.558,O9
466,5,1161.725,648.880,D5
466,6,229.047,236.555,D3
466,7,442.916,328.227,O10
467,1,493.772,749.344,O6
467,2,745.589,445.495,D1
467,4,946.175,306.676,O9
467,5,1158.108,646.498,D5
467,6,232.672,241.397,D3
467,7,441.440,327.013,O10
468,1,492.205,750.606,O6
468,2,746.668,397.834,D1
468,4,947.647,297.080,O9
468,5,1153.939,643.156,D5
468,6,237.547,249.164,D3
468,7,442.054,333.276,O10
469,1,490.125,751.399,O6
469,2,748.538,352.812,D1
469,4,949.349,285.654,O9
469,5,1149.437,642.563,D5
469,6,240.560,252.021,D3
469,7,443.136,339.061,O10
470,1,487.799,753.150,O6
470,2,753.344,334.640,D1
470,4,950.540,264.890,O9
470,5,1145.975,642.570,D5
470,6,242.841,252.592,D3
470,7,441.254,337.740,O10
471,1,486.906,755.359,O6
471,2,758.832,323.699,D1
471,4,950.892,250.211,O9
471,5,1142.795,643.028,D5
471,6,245.593,252.680,D3
471,7,440.174,338.504,O10
472,1,486.001,757.531,O6
472,2,765.282,327.692,D1
472,4,951.638,242.365,O9
472,5,1140.507,643.374,D5
472,6,248.642,254.723,D3
472,7,439.999,339.658,O10
473,1,486.092,761.146,O6
473,2,770.565,323.687,D1
473,4,951.857,237.412,O9
473,5,1138.020,643.830,D5
473,6,248.909,247.872,D3
473,7,440.213,341.225,O10
474,1,486.574,765.156,O6
474,2,775.998,321.177,D1
474,4,952.568,233.286,O9
474,5,1135.642,642.830,D5
474,6,255.587,249.381,D3
474,7,440.279,341.686,O10
475,1,487.131,770.749,O6
475,2,781.654,321.431,D1
475,4,953.453,227.175,O9
475,5,1133.283,641.299,D5
475,6,258.495,245.988,D3
475,7,440.924,344.046,O10
476,1,487.311,774.177,O6
476,2,786.281,311.236,D1
476,4,953.702,218.998,O9
476,5,1130.645,639.556,D5
476,6,262.972,246.765,D3
476,7,440.465,344.975,O10
477,1,487.812,778.127,O6
477,2,790.275,300.646,D1
477,4,953.055,201.542,O9
477,5,1127.496,639.350,D5
477,6,265.342,245.670,D3
477,7,440.281,345.289,O10
478,1,488.867,783.472,O6
478,2,794.024,288.541,D1
478,4,953.409,187.445,O9
478,5,1123.843,638.209,D5
478,6,267.222,242.454,D3
478,7,440.208,345.326,O10
479,1,489.677,788.053,O6
479,2,794.369,230.191,D1
479,4,954.177,178.566,O9
479,5,1121.021,633.658,D5
479,6,270.456,240.840,D3
479,7,441.145,348.699,O10
480,1,489.556,788.419,O6
480,2,797.369,188.579,D1
480,4,955.070,165.024,O9
480,5,1118.450,630.678,D5
480,6,277.046,238.096,D3
480,7,442.719,351.963,O10
481,1,489.403,791.117,O6
481,2,803.607,180.047,D1
481,4,954.657,149.780,O9
481,5,1117.919,623.552,D5
481,6,283.433,235.081,D3
481,7,442.630,350.890,O10
482,1,488.439,792.205,O6
482,2,811.507,189.888,D1
482,4,955.145,130.793,O9
482,5,1118.571,611.645,D5
482,6,287.528,236.402,D3
482,7,442.937,351.517,O10
483,1,488.476,793.705,O6
483,2,816.191,184.475,D1
483,4,955.259,117.206,O9
483,5,1118.911,599.407,D5
483,6,289.563,232.727,D3
483,7,445.205,359.324,O10
484,1,486.633,793.157,O6
484,2,820.576,176.210,D1
484,4,955.970,115.324,O9
484,5,1117.971,593.569,D5
484,6,293.121,237.643,D3
484,7,446.952,363.237,O10
485,1,484.958,792.915,O6
485,2,825.529,175.585,D1
485,4,956.873,109.202,O9
485,5,1117.022,585.173,D5
485,6,295.775,241.750,D3
485,7,449.396,371.014,O10
486,1,483.430,792.983,O6
486,2,829.753,173.069,D1
486,4,957.188,96.576,O9
486,5,1115.858,580.896,D5
486,6,298.249,241.970,D3
486,7,452.800,380.359,O10
487,1,482.386,794.367,O6
487,2,833.760,160.420,D1
487,4,957.970,78.094,O9
487,5,1114.083,578.188,D5
487,6,299.507,243.288,D3
487,7,455.284,388.025,O10
488,1,480.544,795.052,O6
488,2,838.410,134.026,D1
488,4,958.145,52.735,O9
488,5,1110.805,577.750,D5
488,6,301.541,244.870,D3
488,7,457.010,393.960,O10
489,1,478.310,796.739,O6
489,2,840.347,73.175,D1
489,4,958.072,36.076,O9
489,5,1107.374,577.996,D5
489,6,302.023,245.298,D3
489,7,457.488,395.935,O10
490,1,475.800,797.864,O6
490,2,844.391,33.292,D1
490,4,958.137,25.084,O9
490,5,1105.548,577.113,D5
490,6,304.391,245.737,D3
490,7,458.476,399.107,O10
491,1,472.500,798.441,O6
491,2,849.488,33.996,D1
491,4,958.898,24.235,O9
491,5,1103.961,575.330,D5
491,6,310.800,250.000,D3
491,7,458.456,401.095,O10
492,1,470.266,799.959,O6
492,2,855.323,32.306,D1
492,4,959.806,20.922,O9
492,5,1102.628,574.677,D5
492,6,315.478,248.360,D3
492,7,457.371,400.521,O10
493,1,470.298,810.968,O6
493,2,867.138,41.503,D1
493,4,960.785,13.923,O9
493,5,1101.007,574.696,D5
493,6,321.537,248.388,D3
493,7,456.861,402.358,O10
494,1,470.758,817.544,O6
494,2,872.114,29.020,D1
494,4,961.906,4.212,O9
494,5,1099.185,571.873,D5
494,6,324.883,248.179,D3
494,7,455.172,402.095,O10
495,1,471.498,823.873,O6
495,2,875.375,26.508,D1
495,4,962.388,1.178,O9
495,5,1097.730,566.276,D5
495,6,326.009,245.812,D3
495,7,453.144,401.220,O10
496,1,471.280,827.366,O6
496,2,879.558,17.594,D1
496,4,963.980,-7.857,O9
496,5,1096.478,560.863,D5
496,6,329.644,246.674,D3
496,7,452.282,400.539,O10
