1,1,1318.274,730.899,O12
1,3,64.228,425.871,O4
1,4,471.153,338.114,D9
1,5,1116.397,610.090,D10
1,9,746.055,1048.193,O10
1,10,739.974,819.951,D6
2,1,1317.832,721.397,O12
2,3,62.467,426.865,O4
2,4,462.704,341.590,D9
2,5,1116.978,609.937,D10
2,9,743.038,1048.442,O10
2,10,740.602,825.389,D6
3,1,1318.221,710.070,O12
3,3,60.564,427.198,O4
3,4,456.017,350.298,D9
3,5,1118.230,608.157,D10
3,9,740.203,1049.578,O10
3,10,741.204,829.577,D6
4,1,1318.174,698.109,O12
4,3,57.958,428.543,O4
4,4,451.080,357.347,D9
4,5,1120.717,601.006,D10
4,9,738.395,1050.080,O10
4,10,741.779,833.283,D6
5,1,1317.568,692.543,O12
5,3,55.248,428.088,O4
5,4,448.611,363.451,D9
5,5,1123.266,596.459,D10
5,9,737.761,1050.226,O10
5,10,741.543,834.547,D6
6,1,1315.673,690.915,O12
6,3,54.738,428.769,O4
6,4,443.647,373.031,D9
6,5,1125.828,592.958,D10
6,9,737.730,1051.064,O10
6,10,739.618,835.038,D6
7,1,1312.962,692.135,O12
7,3,55.062,429.906,O4
7,4,441.345,383.259,D9
7,5,1128.669,589.809,D10
7,9,738.719,1050.342,O10
7,10,739.769,834.908,D6
8,1,1310.517,692.989,O12
8,3,54.567,431.465,O4
8,4,437.272,384.188,D9
8,5,1130.726,585.367,D10
8,9,737.476,1049.422,O10
8,10,741.182,842.858,D6
9,1,1308.167,693.681,O12
9,3,58.120,439.128,O4
9,4,433.889,387.986,D9
9,5,1130.837,583.829,D10
9,9,736.484,1048.244,O10
9,10,740.997,838.693,D6
10,1,1304.516,694.530,O12
10,3,62.699,448.099,O4
10,4,429.222,389.848,D9
10,5,1129.990,583.491,D10
10,9,735.609,1047.037,O10
10,10,739.972,837.064,D6
11,1,1300.808,695.357,O12
11,3,66.961,458.628,O4
11,4,424.044,395.407,D9
11,5,1128.562,583.626,D10
11,9,733.854,1045.079,O10
11,10,738.742,834.067,D6
12,1,1296.606,696.180,O12
12,3,69.571,464.462,O4
12,4,416.741,393.786,D9
12,5,1127.146,583.867,D10
12,9,730.779,1043.803,O10
12,10,736.827,835.448,D6
13,1,1293.099,694.206,O12
13,3,73.262,469.349,O4
13,4,410.581,393.556,D9
13,5,1126.037,584.063,D10
13,9,725.682,1043.029,O10
13,10,732.986,836.333,D6
14,1,1289.329,691.293,O12
14,3,75.688,473.049,O4
14,4,404.808,391.748,D9
14,5,1125.028,584.315,D10
14,9,722.083,1042.149,O10
14,10,729.822,836.865,D6
15,1,1287.801,683.575,O12
15,3,80.307,479.028,O4
15,4,402.063,396.606,D9
15,5,1124.614,584.464,D10
15,9,718.490,1042.144,O10
15,10,727.262,837.189,D6
16,1,1282.850,678.666,O12
16,3,84.435,488.144,O4
16,4,398.600,402.068,D9
16,5,1124.604,582.940,D10
16,9,713.987,1041.749,O10
16,10,725.631,838.541,D6
17,1,1278.927,667.597,O12
17,3,85.870,491.314,O4
17,4,395.921,412.867,D9
17,5,1124.987,580.733,D10
17,9,709.833,1041.057,O10
17,10,723.909,837.909,D6
18,1,1274.233,658.381,O12
18,3,85.165,492.496,O4
18,4,394.835,422.228,D9
18,5,1125.111,579.967,D10
18,9,706.452,1042.833,O10
18,10,721.729,839.056,D6
19,1,1270.633,646.777,O12
19,3,82.659,491.038,O4
19,4,393.911,425.739,D9
19,5,1125.217,576.451,D10
19,9,702.034,1043.090,O10
19,10,720.487,839.475,D6
20,1,1269.275,635.345,O12
20,3,82.009,493.384,O4
20,4,391.631,426.125,D9
20,5,1125.043,571.970,D10
20,9,697.961,1044.404,O10
20,10,719.391,838.472,D6
21,1,1266.393,628.745,O12
21,3,80.504,494.284,O4
21,4,389.157,426.346,D9
21,5,1123.157,567.368,D10
21,9,694.593,1043.427,O10
21,10,718.338,836.933,D6
22,1,1260.663,627.250,O12
22,3,76.863,488.626,O4
22,4,385.396,426.734,D9
22,5,1120.370,562.738,D10
22,9,692.658,1043.169,O10
22,10,717.098,836.420,D6
23,1,1253.049,624.787,O12
23,3,75.314,488.501,O4
23,4,379.934,427.373,D9
23,5,1117.227,554.783,D10
23,9,691.099,1044.054,O10
23,10,717.322,837.321,D6
24,1,1245.861,621.867,O12
24,3,74.588,490.562,O4
24,4,377.597,429.786,D9
24,5,1115.357,545.455,D10
24,9,690.422,1043.600,O10
24,10,717.010,837.758,D6
25,1,1240.059,623.033,O12
25,3,75.186,495.280,O4
25,4,377.578,432.570,D9
25,5,1113.673,538.772,D10
25,9,693.223,1042.118,O10
25,10,716.703,839.111,D6
26,1,1236.812,622.361,O12
26,3,77.731,503.745,O4
26,4,380.360,443.649,D9
26,5,1111.962,536.591,D10
26,9,692.817,1043.509,O10
26,10,715.924,838.480,D6
27,1,1233.838,619.524,O12
27,3,78.109,508.078,O4
27,4,383.718,457.808,D9
27,5,1110.584,536.037,D10
27,9,691.767,1043.343,O10
27,10,715.691,838.243,D6
28,1,1231.883,612.713,O12
28,3,80.249,513.366,O4
28,4,384.962,468.098,D9
28,5,1109.295,536.092,D10
28,9,691.643,1044.105,O10
28,10,715.420,836.956,D6
29,1,1227.764,613.961,O12
29,3,82.112,517.225,O4
29,4,384.582,476.117,D9
29,5,1108.060,536.422,D10
29,9,691.299,1044.496,O10
29,10,712.678,832.035,D6
30,1,1220.194,612.402,O12
30,3,86.797,526.032,O4
30,4,381.891,478.357,D9
30,5,1106.559,538.488,D10
30,9,691.423,1043.744,O10
30,10,710.312,830.337,D6
31,1,1208.901,608.634,O12
31,3,93.105,535.525,O4
31,4,380.037,480.083,D9
31,5,1104.712,537.852,D10
31,9,690.900,1040.909,O10
31,10,707.639,827.509,D6
32,1,1196.141,607.049,O12
32,3,97.864,543.493,O4
32,4,376.543,480.938,D9
32,5,1102.744,536.156,D10
32,9,690.342,1038.124,O10
32,10,704.838,824.230,D6
33,1,1178.429,608.466,O12
33,3,99.573,546.281,O4
33,4,372.742,482.495,D9
33,5,1099.102,534.339,D10
33,9,687.563,1033.014,O10
33,10,703.158,824.386,D6
34,1,1162.341,613.506,O12
34,3,99.154,545.265,O4
34,4,368.481,483.326,D9
34,5,1096.314,532.200,D10
34,9,686.333,1028.402,O10
34,10,702.138,824.504,D6
35,1,1152.700,614.508,O12
35,3,100.995,546.336,O4
35,4,365.166,483.701,D9
35,5,1093.707,524.862,D10
35,9,683.485,1025.215,O10
35,10,701.593,825.852,D6
36,1,1146.820,616.864,O12
36,3,103.836,546.226,O4
36,4,359.826,484.306,D9
36,5,1090.463,519.053,D10
36,9,680.627,1021.610,O10
36,10,700.056,826.581,D6
37,1,1141.497,612.316,O12
37,3,107.257,545.745,O4
37,4,356.283,484.714,D9
37,5,1088.205,515.446,D10
37,9,678.171,1017.788,O10
37,10,698.625,827.034,D6
38,1,1134.314,609.885,O12
38,3,107.284,545.654,O4
38,4,353.336,484.989,D9
38,5,1086.471,514.356,D10
38,9,675.048,1013.969,O10
38,10,696.533,826.215,D6
39,1,1123.422,610.242,O12
39,3,108.167,547.324,O4
39,4,352.679,491.003,D9
39,5,1081.446,511.225,D10
39,9,671.681,1010.143,O10
39,10,694.889,826.063,D6
40,1,1111.877,613.074,O12
40,3,108.448,547.896,O4
40,4,350.654,496.463,D9
40,5,1076.707,508.840,D10
40,9,668.152,1004.438,O10
40,10,693.202,827.435,D6
41,1,1100.609,621.211,O12
41,3,107.544,546.186,O4
41,4,348.605,499.557,D9
41,5,1072.457,503.075,D10
41,9,663.413,1000.009,O10
41,10,690.319,825.775,D6
42,1,1089.690,626.866,O12
42,3,107.609,546.374,O4
42,4,347.331,500.725,D9
42,5,1066.376,498.166,D10
42,9,657.437,996.192,O10
42,10,687.676,824.173,D6
43,1,1076.892,631.761,O12
43,3,108.307,545.305,O4
43,4,345.553,497.235,D9
43,5,1074.424,521.639,D10
43,9,651.390,992.522,O10
43,10,685.818,823.689,D6
44,1,1063.783,636.319,O12
44,3,106.608,541.215,O4
44,4,344.923,503.837,D9
44,5,1073.055,513.522,D10
44,9,646.919,990.635,O10
44,10,685.169,823.531,D6
45,1,1052.109,639.007,O12
45,3,103.056,534.173,O4
45,4,345.443,508.081,D9
45,5,1070.127,507.204,D10
45,9,643.329,990.350,O10
45,10,684.545,823.565,D6
46,1,1036.756,638.642,O12
46,3,98.923,523.796,O4
46,4,344.441,507.764,D9
46,5,1066.240,507.100,D10
46,9,640.714,991.530,O10
46,10,684.369,823.590,D6
47,1,1023.782,642.490,O12
47,3,92.367,510.412,O4
47,4,343.330,508.612,D9
47,5,1060.282,513.036,D10
47,9,640.319,991.033,O10
47,10,684.148,824.856,D6
48,1,1013.842,644.676,O12
48,3,88.035,499.443,O4
48,4,343.120,510.828,D9
48,5,1054.066,514.157,D10
48,9,640.400,989.971,O10
48,10,683.419,824.211,D6
49,1,1002.490,646.597,O12
49,3,82.884,488.584,O4
49,4,344.049,517.321,D9
49,5,1051.556,504.162,D10
49,9,640.418,990.673,O10
49,10,681.532,820.501,D6
50,1,991.543,649.711,O12
50,3,80.666,481.541,O4
50,4,346.670,522.256,D9
50,5,1045.660,504.565,D10
50,9,640.548,991.012,O10
50,10,679.660,815.502,D6
51,1,981.214,654.659,O12
51,3,81.061,478.821,O4
51,4,349.556,525.607,D9
51,5,1037.659,507.297,D10
51,9,641.066,991.102,O10
51,10,678.222,809.890,D6
52,1,968.378,656.442,O12
52,3,81.318,478.045,O4
52,4,350.105,526.953,D9
52,5,1029.010,528.268,D10
52,9,641.763,991.177,O10
52,10,677.035,806.720,D6
53,1,955.422,662.627,O12
53,3,82.645,477.730,O4
53,4,351.567,529.069,D9
53,5,1022.369,531.588,D10
53,9,643.681,991.026,O10
53,10,676.108,803.082,D6
54,1,943.887,663.018,O12
54,3,85.901,480.554,O4
54,4,352.121,529.785,D9
54,5,1016.219,536.786,D10
54,9,647.199,990.628,O10
54,10,675.555,800.564,D6
55,1,928.982,666.107,O12
55,3,87.297,479.564,O4
55,4,351.174,530.096,D9
55,5,1010.438,554.258,D10
55,9,650.185,990.262,O10
55,10,674.400,797.242,D6
56,1,915.717,668.315,O12
56,3,88.521,478.147,O4
56,4,352.898,527.861,D9
56,5,1005.417,556.244,D10
56,9,656.710,988.434,O10
56,10,673.941,793.455,D6
57,1,901.487,668.996,O12
57,3,89.527,478.712,O4
57,4,354.212,522.018,D9
57,5,999.993,555.719,D10
57,9,660.143,986.670,O10
57,10,674.007,790.797,D6
58,1,894.832,670.879,O12
58,3,88.198,478.171,O4
58,4,357.428,522.219,D9
58,5,992.193,559.587,D10
58,9,664.943,984.559,O10
58,10,675.457,789.699,D6
59,1,888.799,674.990,O12
59,3,86.176,475.110,O4
59,4,360.311,522.035,D9
59,5,985.717,563.123,D10
59,9,672.180,983.039,O10
59,10,677.864,789.121,D6
60,1,879.110,674.709,O12
60,3,85.432,474.074,O4
60,4,365.621,527.094,D9
60,5,978.178,568.475,D10
60,9,682.923,981.374,O10
60,10,680.249,782.222,D6
61,1,866.163,672.964,O12
61,3,83.257,467.533,O4
61,4,369.199,528.678,D9
61,5,974.361,568.862,D10
61,9,696.562,978.438,O10
61,10,687.409,786.733,D6
62,1,852.387,675.032,O12
62,3,81.587,460.963,O4
62,4,371.969,529.990,D9
62,5,972.620,570.634,D10
62,9,695.904,976.244,O10
62,10,692.848,790.707,D6
63,1,839.445,675.491,O12
63,3,77.643,447.044,O4
63,4,374.300,529.305,D9
63,5,970.053,569.877,D10
63,9,698.102,975.112,O10
63,10,697.670,794.420,D6
64,1,827.548,678.116,O12
64,3,72.040,431.260,O4
64,4,375.396,528.006,D9
64,5,968.234,569.585,D10
64,9,701.095,973.427,O10
64,10,701.373,798.138,D6
65,1,817.040,681.463,O12
65,3,70.289,420.893,O4
65,4,375.676,525.576,D9
65,5,965.634,571.352,D10
65,9,704.124,968.618,O10
65,10,704.584,799.284,D6
66,1,807.300,686.469,O12
66,3,64.772,407.568,O4
66,4,375.269,526.605,D9
66,5,963.825,568.796,D10
66,9,710.467,962.082,O10
66,10,705.984,798.411,D6
67,1,798.248,694.973,O12
67,3,63.962,402.572,O4
67,4,374.122,526.127,D9
67,5,962.291,569.520,D10
67,9,714.785,961.439,O10
67,10,708.307,797.792,D6
68,1,788.165,701.946,O12
68,3,63.178,399.886,O4
68,4,373.552,524.010,D9
68,5,960.828,576.444,D10
68,9,718.338,958.978,O10
68,10,711.609,808.616,D6
69,1,777.188,704.138,O12
69,3,62.981,399.162,O4
69,4,373.612,517.388,D9
69,5,956.596,589.280,D10
69,9,722.602,958.736,O10
69,10,712.434,797.718,D6
70,1,766.233,707.324,O12
70,3,63.690,397.911,O4
70,4,374.862,509.860,D9
70,5,951.530,594.534,D10
70,9,726.146,958.449,O10
70,10,714.786,794.380,D6
71,1,759.377,707.394,O12
71,3,65.284,397.492,O4
71,4,377.572,504.685,D9
71,5,947.746,603.026,D10
71,9,728.707,961.218,O10
71,10,716.557,790.390,D6
72,1,751.913,713.808,O12
72,3,65.932,397.525,O4
72,4,380.190,498.608,D9
72,5,945.550,625.006,D10
72,9,731.924,963.979,O10
72,10,716.694,781.180,D6
73,1,749.366,752.208,O12
73,3,69.203,398.470,O4
73,4,381.135,489.447,D9
73,5,942.833,633.323,D10
73,9,733.383,965.026,O10
73,10,718.558,780.121,D6
74,1,741.032,737.935,O12
74,3,72.402,397.552,O4
74,4,381.090,478.020,D9
74,5,939.903,635.016,D10
74,9,733.790,965.445,O10
74,10,724.298,775.105,D6
75,1,734.387,723.704,O12
75,3,75.556,395.912,O4
75,4,384.007,475.427,D9
75,5,935.528,638.985,D10
75,9,733.817,963.646,O10
75,10,727.807,767.749,D6
76,1,734.123,744.852,O12
76,3,78.509,396.254,O4
76,4,386.723,467.149,D9
76,5,932.438,643.534,D10
76,9,734.690,963.845,O10
76,10,728.851,766.436,D6
77,1,726.328,731.366,O12
77,3,80.077,397.555,O4
77,4,389.573,460.751,D9
77,5,930.778,645.097,D10
77,9,735.710,963.812,O10
77,10,731.211,767.082,D6
78,1,719.944,739.924,O12
78,3,79.604,396.013,O4
78,4,393.668,460.147,D9
78,5,929.233,644.082,D10
78,9,736.405,963.769,O10
78,10,731.145,764.852,D6
79,1,717.640,740.255,O12
79,3,76.654,390.026,O4
79,4,398.130,461.687,D9
79,5,928.184,642.057,D10
79,9,737.142,964.663,O10
79,10,729.210,761.651,D6
80,1,715.337,740.585,O12
80,3,65.343,361.923,O4
80,4,401.604,464.196,D9
80,5,925.368,640.008,D10
80,9,736.913,965.060,O10
80,10,727.029,758.015,D6
81,1,712.373,736.343,O12
81,3,66.097,352.902,O4
81,4,402.822,463.187,D9
81,5,918.463,639.945,D10
81,9,735.187,965.425,O10
81,10,725.631,759.363,D6
82,1,711.022,733.408,O12
82,3,68.297,348.170,O4
82,4,403.138,460.787,D9
82,5,909.030,639.287,D10
82,9,730.767,966.070,O10
82,10,724.826,761.497,D6
83,1,709.116,733.682,O12
83,3,70.638,341.494,O4
83,4,402.545,458.027,D9
83,5,897.447,637.076,D10
83,9,726.787,966.653,O10
83,10,724.459,762.347,D6
84,1,707.481,733.917,O12
84,3,74.788,337.502,O4
84,4,402.088,452.979,D9
84,5,886.512,637.139,D10
84,9,723.611,967.123,O10
84,10,723.812,762.830,D6
85,1,706.120,734.112,O12
85,3,70.931,330.908,O4
85,4,402.947,448.950,D9
85,5,872.850,637.005,D10
85,9,721.363,966.488,O10
85,10,723.293,764.450,D6
86,1,693.095,712.091,O12
86,3,66.569,325.236,O4
86,4,405.580,447.179,D9
86,5,859.956,636.477,D10
86,9,720.267,967.240,O10
86,10,720.021,769.505,D6
87,1,687.775,707.985,O12
87,3,63.688,318.595,O4
87,4,408.882,442.129,D9
87,5,849.592,637.072,D10
87,9,718.889,966.714,O10
87,10,718.592,770.171,D6
88,1,685.349,713.206,O12
88,3,64.370,316.144,O4
88,4,415.630,445.930,D9
88,5,842.385,637.801,D10
88,9,718.381,966.531,O10
88,10,717.563,770.527,D6
89,1,686.545,719.481,O12
89,3,67.549,309.811,O4
89,4,419.437,441.914,D9
89,5,836.742,636.912,D10
89,9,717.988,965.467,O10
89,10,716.669,770.684,D6
90,1,684.166,726.214,O12
90,3,70.345,308.822,O4
90,4,425.375,438.822,D9
90,5,834.116,632.066,D10
90,9,717.283,964.199,O10
90,10,714.035,768.484,D6
91,1,684.787,730.882,O12
91,3,72.473,307.247,O4
91,4,432.439,440.207,D9
91,5,830.059,622.861,D10
91,9,716.626,963.779,O10
91,10,710.699,767.990,D6
92,1,682.600,731.196,O12
92,3,72.177,304.374,O4
92,4,436.769,440.509,D9
92,5,823.603,615.227,D10
92,9,715.386,962.751,O10
92,10,706.362,769.553,D6
93,1,681.506,731.353,O12
93,3,68.794,298.730,O4
93,4,440.341,441.345,D9
93,5,812.978,602.185,D10
93,9,712.508,962.676,O10
93,10,701.370,775.903,D6
94,1,679.593,731.628,O12
94,3,70.318,297.781,O4
94,4,443.928,441.520,D9
94,5,804.408,598.054,D10
94,9,707.023,957.302,O10
94,10,696.480,782.679,D6
95,1,677.406,731.943,O12
95,3,69.711,289.993,O4
95,4,448.058,441.216,D9
95,5,796.990,595.608,D10
95,9,699.672,949.917,O10
95,10,690.950,790.934,D6
96,1,674.946,732.296,O12
96,3,68.925,286.002,O4
96,4,450.692,440.991,D9
96,5,786.909,595.925,D10
96,9,690.444,946.023,O10
96,10,685.358,797.075,D6
97,1,671.940,732.729,O12
97,3,66.402,277.082,O4
97,4,452.137,438.711,D9
97,5,773.874,595.872,D10
97,9,680.636,941.355,O10
97,10,681.214,798.345,D6
98,1,671.120,732.846,O12
98,3,65.687,269.854,O4
98,4,452.565,433.697,D9
98,5,758.304,599.189,D10
98,9,666.500,931.664,O10
98,10,681.517,798.460,D6
99,1,670.710,732.905,O12
99,3,68.855,270.802,O4
99,4,452.264,426.526,D9
99,5,748.010,601.183,D10
99,9,653.135,925.978,O10
99,10,676.952,800.364,D6
100,1,670.300,732.964,O12
100,3,70.759,265.940,O4
100,4,451.758,422.876,D9
100,5,742.542,603.918,D10
100,9,641.510,923.874,O10
100,10,675.809,803.483,D6
101,1,669.754,733.043,O12
101,3,72.545,262.779,O4
101,4,449.621,415.382,D9
101,5,735.674,607.329,D10
101,9,633.033,923.808,O10
101,10,674.184,807.270,D6
102,1,670.300,732.964,O12
102,3,75.320,264.152,O4
102,4,447.763,413.917,D9
102,5,727.118,609.601,D10
102,9,628.345,922.004,O10
102,10,667.514,808.294,D6
103,1,671.120,732.846,O12
103,3,78.499,267.186,O4
103,4,444.485,409.529,D9
103,5,719.436,611.156,D10
103,9,618.816,915.036,O10
103,10,655.347,802.475,D6
104,1,669.754,733.043,O12
104,3,81.172,270.936,O4
104,4,440.005,404.120,D9
104,5,714.814,610.430,D10
104,9,615.614,908.046,O10
104,10,638.591,796.679,D6
105,1,665.655,733.632,O12
105,3,81.307,269.939,O4
105,4,437.158,391.332,D9
105,5,709.522,605.808,D10
105,9,610.357,896.094,O10
105,10,626.931,797.808,D6
106,1,662.210,737.737,O12
106,3,82.712,268.097,O4
106,4,436.351,385.450,D9
106,5,701.814,599.933,D10
106,9,601.114,886.959,O10
106,10,608.657,807.940,D6
107,1,659.401,740.684,O12
107,3,82.286,266.320,O4
107,4,439.990,380.578,D9
107,5,692.795,595.318,D10
107,9,586.005,876.061,O10
107,10,601.015,813.098,D6
108,1,656.275,743.324,O12
108,3,82.736,265.628,O4
108,4,444.009,379.681,D9
108,5,682.378,589.612,D10
108,9,568.521,861.844,O10
108,10,593.349,808.124,D6
109,1,656.188,742.633,O12
109,3,82.536,265.539,O4
109,4,442.675,369.805,D9
109,5,670.473,585.322,D10
109,9,550.966,840.887,O10
109,10,587.306,807.904,D6
110,1,656.708,742.120,O12
110,3,84.995,266.448,O4
110,4,437.964,356.414,D9
110,5,660.666,579.411,D10
110,9,545.241,829.422,O10
110,10,581.752,810.807,D6
111,1,657.279,743.148,O12
111,3,85.159,262.971,O4
111,4,439.016,354.684,D9
111,5,649.627,566.203,D10
111,9,537.053,822.569,O10
111,10,577.136,800.757,D6
112,1,657.753,741.985,O12
112,3,85.949,260.256,O4
112,4,440.667,356.373,D9
112,5,638.463,549.799,D10
112,9,529.370,818.484,O10
112,10,566.195,776.822,D6
113,1,656.534,741.660,O12
113,3,85.680,258.082,O4
113,4,441.252,354.894,D9
113,5,631.732,545.969,D10
113,9,521.839,815.399,O10
113,10,550.313,750.875,D6
114,1,655.919,742.828,O12
114,3,81.125,248.502,O4
114,4,443.971,361.020,D9
114,5,624.367,541.799,D10
114,9,513.244,804.982,O10
114,10,540.529,743.176,D6
115,1,654.471,741.972,O12
115,3,76.723,234.446,O4
115,4,446.845,367.713,D9
115,5,621.641,555.079,D10
115,9,503.498,796.990,O10
115,10,529.777,725.517,D6
116,1,653.584,744.413,O12
116,3,72.119,222.758,O4
116,4,448.207,366.875,D9
116,5,617.834,558.749,D10
116,9,493.346,784.459,O10
116,10,530.652,739.119,D6
117,1,652.809,745.366,O12
117,3,66.740,212.075,O4
117,4,449.611,365.394,D9
117,5,618.114,567.233,D10
117,9,481.050,763.191,O10
117,10,526.881,734.774,D6
118,1,652.592,745.678,O12
118,3,61.380,201.706,O4
118,4,451.354,371.533,D9
118,5,615.804,565.516,D10
118,9,469.512,749.346,O10
118,10,520.664,734.049,D6
119,1,653.326,747.005,O12
119,3,56.159,194.176,O4
119,4,455.656,371.123,D9
119,5,623.874,612.597,D10
119,9,463.195,739.109,O10
119,10,518.972,725.222,D6
120,1,654.986,751.371,O12
120,3,52.818,186.039,O4
120,4,445.863,339.546,D9
120,5,622.446,630.896,D10
120,9,452.187,729.612,O10
120,10,511.040,714.204,D6
121,1,656.711,755.592,O12
121,3,48.579,176.534,O4
121,4,451.174,353.136,D9
121,5,614.024,611.340,D10
121,9,443.971,722.727,O10
121,10,511.792,696.138,D6
122,1,657.857,757.054,O12
122,3,48.024,174.498,O4
122,4,449.340,344.828,D9
122,5,596.715,564.853,D10
122,9,442.904,721.829,O10
122,10,506.424,666.737,D6
123,1,662.550,760.980,O12
123,3,48.986,173.896,O4
123,4,447.977,339.467,D9
123,5,592.224,553.834,D10
123,9,438.891,722.441,O10
123,10,501.483,649.621,D6
124,1,665.564,763.497,O12
124,3,51.413,174.964,O4
124,4,448.053,337.384,D9
124,5,591.134,548.135,D10
124,9,429.406,716.657,O10
124,10,495.457,642.610,D6
125,1,667.432,768.248,O12
125,3,52.093,174.143,O4
125,4,448.380,337.834,D9
125,5,593.663,555.032,D10
125,9,422.114,712.344,O10
125,10,486.277,631.391,D6
126,1,670.110,772.370,O12
126,3,54.088,175.276,O4
126,4,449.153,340.392,D9
126,5,596.327,557.392,D10
126,9,414.964,702.565,O10
126,10,477.333,616.506,D6
127,1,673.755,774.761,O12
127,3,53.208,174.594,O4
127,4,450.353,344.755,D9
127,5,599.358,559.849,D10
127,9,413.744,688.029,O10
127,10,471.018,606.653,D6
128,1,677.710,773.882,O12
128,3,52.884,174.448,O4
128,4,449.232,343.202,D9
128,5,602.191,560.573,D10
128,9,409.118,665.823,O10
128,10,465.119,602.217,D6
129,1,683.445,772.821,O12
129,3,54.191,174.282,O4
129,4,446.939,340.590,D9
129,5,604.720,564.221,D10
129,9,400.671,645.443,O10
129,10,461.061,597.772,D6
130,1,690.895,771.590,O12
130,3,55.082,174.343,O4
130,4,442.616,334.327,D9
130,5,606.555,569.017,D10
130,9,396.570,633.346,O10
130,10,455.981,593.563,D6
131,1,694.938,776.173,O12
131,3,57.125,175.761,O4
131,4,437.805,327.847,D9
131,5,607.568,574.353,D10
131,9,388.724,621.706,O10
131,10,454.894,592.327,D6
132,1,702.763,783.452,O12
132,3,58.595,176.287,O4
132,4,432.136,316.506,D9
132,5,606.343,571.411,D10
132,9,384.379,616.393,O10
132,10,450.937,585.699,D6
133,1,710.257,793.169,O12
133,3,56.993,172.553,O4
133,4,428.112,310.196,D9
133,5,606.120,568.489,D10
133,9,377.966,610.366,O10
133,10,448.017,582.011,D6
134,1,718.137,802.300,O12
134,3,53.310,162.838,O4
134,4,425.997,308.017,D9
134,5,604.023,565.889,D10
134,9,372.897,603.710,O10
134,10,443.778,572.446,D6
135,1,727.414,813.339,O12
135,3,50.028,155.060,O4
135,4,425.234,307.370,D9
135,5,604.451,564.756,D10
135,9,371.207,598.159,O10
135,10,446.615,561.231,D6
136,1,735.855,822.716,O12
136,3,49.458,153.616,O4
136,4,425.337,308.387,D9
136,5,606.712,565.754,D10
136,9,366.903,597.084,O10
136,10,441.797,556.318,D6
137,1,742.763,832.790,O12
137,3,47.676,150.487,O4
137,4,424.814,309.007,D9
137,5,609.233,565.901,D10
137,9,363.949,597.277,O10
137,10,441.257,552.790,D6
138,1,747.995,839.629,O12
138,3,47.029,149.449,O4
138,4,423.775,310.735,D9
138,5,613.290,567.305,D10
138,9,360.808,596.266,O10
138,10,443.034,551.517,D6
139,1,752.222,842.914,O12
139,3,46.957,146.180,O4
139,4,421.595,311.764,D9
139,5,616.135,565.923,D10
139,9,358.042,592.946,O10
139,10,445.641,547.405,D6
140,1,755.780,846.021,O12
140,3,45.706,143.852,O4
140,4,417.736,312.718,D9
140,5,619.173,566.862,D10
140,9,357.236,592.065,O10
140,10,448.472,545.910,D6
141,1,758.806,844.450,O12
141,3,45.560,143.001,O4
141,4,411.947,316.229,D9
141,5,622.105,565.250,D10
141,9,357.145,592.039,O10
141,10,450.653,549.182,D6
142,1,761.711,844.580,O12
142,3,45.542,142.802,O4
142,4,400.591,306.908,D9
142,5,624.984,562.634,D10
142,9,356.498,588.709,O10
142,10,458.315,547.771,D6
143,1,765.029,845.274,O12
143,3,43.893,139.987,O4
143,4,392.895,298.901,D9
143,5,629.254,566.378,D10
143,9,356.555,589.483,O10
143,10,455.740,546.343,D6
144,1,766.380,844.208,O12
144,3,45.713,140.149,O4
144,4,384.831,313.859,D9
144,5,633.278,574.340,D10
144,9,361.596,596.528,O10
144,10,455.193,551.578,D6
145,1,768.215,844.609,O12
145,3,47.131,140.169,O4
145,4,384.896,335.487,D9
145,5,637.033,580.417,D10
145,9,363.983,597.331,O10
145,10,453.317,550.158,D6
146,1,770.838,843.189,O12
146,3,47.094,137.306,O4
146,4,375.715,326.419,D9
146,5,641.698,585.618,D10
146,9,367.798,599.131,O10
146,10,453.790,545.818,D6
147,1,774.283,848.010,O12
147,3,48.412,137.579,O4
147,4,367.221,310.331,D9
147,5,649.259,590.070,D10
147,9,380.957,601.749,O10
147,10,455.694,545.934,D6
148,1,783.153,852.150,O12
148,3,48.275,136.383,O4
148,4,359.924,297.333,D9
148,5,655.010,587.897,D10
148,9,380.143,600.056,O10
148,10,456.917,549.776,D6
149,1,792.442,859.663,O12
149,3,49.560,137.269,O4
149,4,351.743,285.780,D9
149,5,661.312,586.368,D10
149,9,381.516,599.225,O10
149,10,458.566,547.402,D6
150,1,802.690,864.864,O12
150,3,50.790,137.657,O4
150,4,349.075,292.783,D9
150,5,664.805,585.611,D10
150,9,386.519,601.882,O10
150,10,463.118,549.799,D6
151,1,809.744,868.466,O12
151,3,52.078,136.245,O4
151,4,355.464,329.572,D9
151,5,668.898,591.667,D10
151,9,391.712,602.420,O10
151,10,463.169,549.151,D6
152,1,816.098,872.526,O12
152,3,54.489,138.445,O4
152,4,343.681,303.963,D9
152,5,671.717,595.365,D10
152,9,395.228,600.710,O10
152,10,457.842,549.724,D6
153,1,821.531,879.049,O12
153,3,55.346,139.259,O4
153,4,336.112,292.487,D9
153,5,672.611,593.307,D10
153,9,396.895,596.508,O10
153,10,455.734,549.970,D6
154,1,825.488,884.334,O12
154,3,54.365,136.742,O4
154,4,327.309,280.213,D9
154,5,675.191,593.783,D10
154,9,397.311,594.906,O10
154,10,453.747,550.261,D6
155,1,828.204,887.012,O12
155,3,56.515,139.857,O4
155,4,322.646,277.193,D9
155,5,678.687,593.483,D10
155,9,394.959,587.719,O10
155,10,455.077,550.066,D6
156,1,829.356,889.983,O12
156,3,57.431,139.549,O4
156,4,321.099,280.009,D9
156,5,683.388,591.115,D10
156,9,391.603,578.269,O10
156,10,455.101,550.083,D6
157,1,831.930,892.836,O12
157,3,57.792,139.528,O4
157,4,314.440,266.808,D9
157,5,688.858,589.637,D10
157,9,381.600,548.808,O10
157,10,452.917,543.135,D6
158,1,835.661,893.340,O12
158,3,57.895,139.513,O4
158,4,312.054,265.755,D9
158,5,694.823,590.172,D10
158,9,372.033,516.596,O10
158,10,449.838,535.223,D6
159,1,839.898,892.995,O12
159,3,56.581,138.229,O4
159,4,308.748,262.036,D9
159,5,700.964,594.808,D10
159,9,371.999,501.078,O10
159,10,443.877,518.843,D6
160,1,848.309,891.816,O12
160,3,55.350,139.562,O4
160,4,304.914,254.856,D9
160,5,706.818,602.711,D10
160,9,373.094,496.714,O10
160,10,437.543,501.597,D6
161,1,857.432,890.427,O12
161,3,54.167,140.213,O4
161,4,302.974,256.283,D9
161,5,710.898,608.640,D10
161,9,372.142,489.534,O10
161,10,431.658,491.731,D6
162,1,867.986,886.647,O12
162,3,54.930,144.802,O4
162,4,291.138,228.360,D9
162,5,714.644,612.127,D10
162,9,373.687,488.992,O10
162,10,420.707,474.459,D6
163,1,876.026,885.630,O12
163,3,53.830,146.745,O4
163,4,285.766,215.065,D9
163,5,717.743,611.512,D10
163,9,378.630,484.411,O10
163,10,414.235,462.289,D6
164,1,882.772,887.870,O12
164,3,53.936,151.872,O4
164,4,283.802,215.969,D9
164,5,720.522,615.814,D10
164,9,379.598,475.027,O10
164,10,415.072,457.454,D6
165,1,888.041,889.290,O12
165,3,54.141,156.627,O4
165,4,294.569,243.232,D9
165,5,722.765,615.489,D10
165,9,381.691,471.242,O10
165,10,416.123,449.579,D6
166,1,894.709,892.260,O12
166,3,52.860,157.054,O4
166,4,300.051,255.410,D9
166,5,724.767,613.426,D10
166,9,383.325,461.926,O10
166,10,418.387,444.467,D6
167,1,901.393,895.898,O12
167,3,51.993,157.152,O4
167,4,301.159,262.797,D9
167,5,726.715,610.724,D10
167,9,388.357,453.745,O10
167,10,415.377,439.164,D6
168,1,908.082,900.815,O12
168,3,52.544,159.949,O4
168,4,305.449,272.691,D9
168,5,729.135,611.034,D10
168,9,389.188,434.319,O10
168,10,415.925,440.359,D6
169,1,915.979,904.982,O12
169,3,50.747,159.858,O4
169,4,306.853,271.449,D9
169,5,735.122,610.422,D10
169,9,387.942,418.744,O10
169,10,420.646,441.524,D6
170,1,924.553,905.643,O12
170,3,47.710,160.120,O4
170,4,309.226,271.896,D9
170,5,740.806,612.873,D10
170,9,391.262,382.294,O10
170,10,429.472,435.901,D6
171,1,932.966,905.015,O12
171,3,44.815,160.426,O4
171,4,309.557,268.317,D9
171,5,743.023,613.737,D10
171,9,396.226,363.722,O10
171,10,438.211,423.657,D6
172,1,938.536,903.281,O12
172,3,39.617,159.592,O4
172,4,308.706,268.272,D9
172,5,743.341,610.805,D10
172,9,410.569,366.722,O10
172,10,440.609,405.253,D6
173,1,942.553,902.246,O12
173,3,36.886,166.711,O4
173,4,305.910,267.281,D9
173,5,742.835,609.706,D10
173,9,418.692,355.224,O10
173,10,442.544,389.391,D6
174,1,945.973,902.523,O12
174,3,34.205,169.551,O4
174,4,304.951,266.849,D9
174,5,744.267,610.615,D10
174,9,425.655,354.189,O10
174,10,435.139,373.534,D6
175,1,947.930,900.385,O12
175,3,32.314,175.048,O4
175,4,303.107,264.327,D9
175,5,745.726,610.825,D10
175,9,427.641,346.100,O10
175,10,439.840,357.603,D6
176,1,948.901,898.439,O12
176,3,28.384,174.760,O4
176,4,304.011,265.779,D9
176,5,748.349,607.292,D10
176,9,432.186,345.424,O10
176,10,437.075,346.860,D6
177,1,951.117,896.336,O12
177,3,29.990,185.744,O4
177,4,304.149,267.660,D9
177,5,751.883,605.603,D10
177,9,434.910,337.159,O10
177,10,432.340,326.960,D6
178,1,956.301,891.759,O12
178,3,34.053,199.244,O4
178,4,304.223,268.397,D9
178,5,755.752,604.618,D10
178,9,439.365,320.578,O10
178,10,438.656,320.684,D6
179,1,962.768,887.240,O12
179,3,36.974,210.964,O4
179,4,304.011,269.952,D9
179,5,761.236,602.016,D10
179,9,438.558,307.229,O10
179,10,446.447,319.523,D6
180,1,971.127,882.551,O12
180,3,40.959,220.415,O4
180,4,304.163,273.084,D9
180,5,767.559,600.416,D10
180,9,439.628,307.069,O10
180,10,451.406,318.784,D6
181,1,978.810,876.937,O12
181,3,43.906,229.153,O4
181,4,305.940,279.096,D9
181,5,772.367,599.496,D10
181,9,433.212,272.105,O10
181,10,456.719,317.992,D6
182,1,985.310,872.162,O12
182,3,45.476,236.266,O4
182,4,305.947,281.397,D9
182,5,776.199,600.472,D10
182,9,432.872,237.790,O10
182,10,456.035,304.622,D6
183,1,991.005,866.634,O12
183,3,45.256,241.547,O4
183,4,307.611,286.950,D9
183,5,780.343,602.043,D10
183,9,437.522,216.485,O10
183,10,457.462,304.409,D6
184,1,996.396,863.072,O12
184,3,41.181,243.995,O4
184,4,310.142,292.507,D9
184,5,783.470,599.195,D10
184,9,440.848,210.019,O10
184,10,455.348,285.542,D6
185,1,1000.741,862.542,O12
185,3,38.980,243.379,O4
185,4,311.323,293.200,D9
185,5,787.674,597.626,D10
185,9,444.194,203.514,O10
185,10,462.914,284.412,D6
186,1,1004.640,865.364,O12
186,3,38.803,242.917,O4
186,4,311.746,293.388,D9
186,5,791.430,598.390,D10
186,9,452.458,202.271,O10
186,10,472.089,266.290,D6
187,1,1007.972,868.382,O12
187,3,35.767,242.976,O4
187,4,310.831,292.264,D9
187,5,795.332,598.303,D10
187,9,463.340,203.641,O10
187,10,476.360,242.862,D6
188,1,1012.862,870.143,O12
188,3,31.681,241.968,O4
188,4,310.256,293.107,D9
188,5,799.791,597.859,D10
188,9,475.451,192.774,O10
188,10,481.593,236.297,D6
189,1,1019.627,870.131,O12
189,3,28.835,248.418,O4
189,4,309.373,293.435,D9
189,5,802.323,595.906,D10
189,9,491.724,187.292,O10
189,10,490.077,235.025,D6
190,1,1026.332,868.418,O12
190,3,24.664,255.273,O4
190,4,308.397,293.581,D9
190,5,803.769,595.086,D10
190,9,503.813,185.473,O10
190,10,500.848,230.507,D6
191,1,1031.233,866.353,O12
191,3,21.339,265.989,O4
191,4,306.274,296.361,D9
191,5,804.041,593.142,D10
191,9,511.167,178.270,O10
191,10,509.349,229.232,D6
192,1,1034.029,863.278,O12
192,3,27.878,283.103,O4
192,4,304.356,296.257,D9
192,5,804.487,592.373,D10
192,9,522.578,164.247,O10
192,10,512.110,222.985,D6
193,1,1036.830,858.634,O12
193,3,24.546,294.207,O4
193,4,303.460,297.481,D9
193,5,805.599,592.026,D10
193,9,538.219,161.891,O10
193,10,516.188,222.373,D6
194,1,1039.608,853.346,O12
194,3,23.831,302.007,O4
194,4,302.923,299.180,D9
194,5,807.118,593.380,D10
194,9,556.537,159.130,O10
194,10,515.814,198.752,D6
195,1,1042.281,847.787,O12
195,3,21.624,306.349,O4
195,4,301.281,297.499,D9
195,5,810.417,590.195,D10
195,9,572.572,156.714,O10
195,10,518.650,180.196,D6
196,1,1044.764,841.056,O12
196,3,23.606,316.194,O4
196,4,298.746,293.342,D9
196,5,815.971,585.032,D10
196,9,577.491,141.692,O10
196,10,525.893,176.420,D6
197,1,1048.830,834.736,O12
197,3,24.842,323.364,O4
197,4,297.159,291.809,D9
197,5,822.880,577.355,D10
197,9,584.466,141.676,O10
197,10,529.464,169.812,D6
198,1,1055.035,826.033,O12
198,3,25.219,328.331,O4
198,4,296.376,292.516,D9
198,5,830.556,570.382,D10
198,9,588.855,134.752,O10
198,10,537.877,170.541,D6
199,1,1062.286,818.700,O12
199,3,22.914,327.859,O4
199,4,295.681,295.342,D9
199,5,839.375,566.953,D10
199,9,596.012,112.085,O10
199,10,550.741,169.463,D6
200,1,1068.322,812.107,O12
200,3,26.357,328.020,O4
200,4,294.588,297.773,D9
200,5,845.654,565.298,D10
200,9,601.496,84.434,O10
200,10,557.442,151.225,D6
201,1,1072.997,810.564,O12
201,3,25.904,329.410,O4
201,4,291.710,299.042,D9
201,5,848.899,559.536,D10
201,9,604.329,45.893,O10
201,10,559.669,131.590,D6
202,1,1076.654,806.324,O12
202,3,27.858,328.302,O4
202,4,290.642,299.509,D9
202,5,852.145,557.088,D10
202,9,589.931,-130.334,O10
202,10,561.968,136.663,D6
203,1,1079.402,805.867,O12
203,3,31.352,327.272,O4
203,4,289.265,302.364,D9
203,5,855.238,554.291,D10
203,9,607.029,-6.833,O10
203,10,561.929,127.747,D6
204,1,1081.573,803.353,O12
204,3,34.005,326.565,O4
204,4,291.032,308.042,D9
204,5,857.842,553.161,D10
204,9,616.688,3.091,O10
204,10,564.457,124.140,D6
205,1,1084.011,801.112,O12
205,3,37.516,328.319,O4
205,4,294.900,317.049,D9
205,5,859.508,549.246,D10
205,9,618.642,-49.160,O10
205,10,570.476,113.656,D6
206,1,1086.219,802.560,O12
206,3,41.573,334.628,O4
206,4,298.897,323.554,D9
206,5,861.393,544.134,D10
206,9,624.174,-55.157,O10
206,10,588.273,108.961,D6
207,1,1088.579,802.965,O12
207,3,44.156,339.169,O4
207,4,301.829,331.677,D9
207,5,863.921,538.488,D10
207,9,632.275,-51.060,O10
207,10,596.814,105.597,D6
208,1,1090.192,803.092,O12
208,3,48.469,347.589,O4
208,4,302.265,334.736,D9
208,5,868.243,530.669,D10
208,9,643.975,-24.570,O10
208,10,604.392,97.981,D6
209,1,1091.447,801.909,O12
209,3,52.098,357.553,O4
209,4,301.536,337.019,D9
209,5,873.484,525.501,D10
209,9,656.008,-17.111,O10
209,10,611.327,96.181,D6
210,1,1093.037,797.835,O12
210,3,53.431,361.183,O4
210,4,300.407,339.090,D9
210,5,880.227,521.209,D10
210,9,670.322,-5.724,O10
210,10,619.087,102.326,D6
211,1,1094.404,793.892,O12
211,3,57.400,366.670,O4
211,4,299.968,339.771,D9
211,5,885.295,517.608,D10
211,9,684.468,11.805,O10
211,10,623.744,104.471,D6
212,1,1095.823,787.548,O12
212,3,62.142,375.238,O4
212,4,300.625,342.211,D9
212,5,889.624,512.455,D10
212,9,697.725,37.719,O10
212,10,628.575,99.106,D6
213,1,1097.556,780.204,O12
213,3,64.451,379.471,O4
213,4,298.833,340.983,D9
213,5,893.967,512.043,D10
213,9,706.635,46.511,O10
213,10,630.897,83.906,D6
214,1,1099.483,772.427,O12
214,3,67.552,382.851,O4
214,4,297.492,340.488,D9
214,5,897.648,511.747,D10
214,9,712.427,49.206,O10
214,10,637.539,93.650,D6
215,1,1101.280,766.994,O12
215,3,69.151,385.016,O4
215,4,296.778,341.449,D9
215,5,899.954,509.818,D10
215,9,732.255,42.556,O10
215,10,643.793,95.341,D6
216,1,1103.717,762.325,O12
216,3,70.371,384.386,O4
216,4,298.514,347.316,D9
216,5,901.167,507.317,D10
216,9,742.971,39.510,O10
216,10,648.145,86.978,D6
217,1,1106.328,756.676,O12
217,3,71.266,385.044,O4
217,4,301.603,352.626,D9
217,5,903.192,508.073,D10
217,9,744.206,37.121,O10
217,10,651.031,83.686,D6
218,1,1108.434,752.008,O12
218,3,71.718,382.812,O4
218,4,301.830,357.041,D9
218,5,904.882,506.470,D10
218,9,743.872,41.029,O10
218,10,657.927,84.612,D6
219,1,1109.217,751.641,O12
219,3,73.603,382.743,O4
219,4,301.856,358.560,D9
219,5,907.591,505.609,D10
219,9,745.693,40.483,O10
219,10,664.685,75.456,D6
220,1,1110.379,749.003,O12
220,3,74.782,383.703,O4
220,4,303.666,362.268,D9
220,5,911.727,503.119,D10
220,9,749.505,36.723,O10
220,10,669.426,68.838,D6
221,1,1110.723,748.142,O12
221,3,75.705,385.069,O4
221,4,307.551,372.362,D9
221,5,916.506,501.771,D10
221,9,752.061,27.453,O10
221,10,675.873,70.219,D6
222,1,1110.763,747.980,O12
222,3,78.142,389.831,O4
222,4,310.172,379.252,D9
222,5,920.445,502.840,D10
222,9,754.583,26.762,O10
222,10,682.338,70.167,D6
223,1,1110.844,746.827,O12
223,3,82.785,399.151,O4
223,4,310.978,379.542,D9
223,5,923.451,504.953,D10
223,9,760.377,33.513,O10
223,10,687.488,65.536,D6
224,1,1111.058,743.964,O12
224,3,87.088,407.879,O4
224,4,313.674,382.593,D9
224,5,924.970,507.578,D10
224,9,772.351,30.132,O10
224,10,692.540,55.952,D6
225,1,1111.328,740.377,O12
225,3,91.216,416.261,O4
225,4,315.239,383.457,D9
225,5,926.387,504.868,D10
225,9,782.500,26.379,O10
225,10,695.551,40.092,D6
226,1,1112.007,735.220,O12
226,3,92.808,417.042,O4
226,4,317.030,383.497,D9
226,5,927.886,501.977,D10
226,9,789.591,32.197,O10
226,10,700.268,41.416,D6
227,1,1112.890,729.339,O12
227,3,94.253,417.081,O4
227,4,317.670,383.428,D9
227,5,929.497,502.552,D10
227,9,794.875,41.506,O10
227,10,707.402,51.818,D6
228,1,1113.692,724.602,O12
228,3,101.423,427.278,O4
228,4,318.518,383.251,D9
228,5,930.504,500.966,D10
228,9,796.514,51.042,O10
228,10,714.127,61.232,D6
229,1,1114.645,716.144,O12
229,3,104.424,428.563,O4
229,4,318.710,382.967,D9
229,5,931.834,498.373,D10
229,9,800.058,59.871,O10
229,10,718.211,61.445,D6
230,1,1115.114,704.894,O12
230,3,108.037,429.529,O4
230,4,320.136,384.767,D9
230,5,933.904,495.278,D10
230,9,802.025,65.750,O10
230,10,722.835,65.489,D6
231,1,1114.753,693.987,O12
231,3,114.401,432.304,O4
231,4,320.597,385.334,D9
231,5,935.670,492.135,D10
231,9,802.474,66.304,O10
231,10,725.545,65.244,D6
232,1,1111.846,686.312,O12
232,3,118.306,428.506,O4
232,4,323.627,391.773,D9
232,5,937.329,489.019,D10
232,9,800.635,62.318,O10
232,10,726.886,62.157,D6
233,1,1108.231,684.046,O12
233,3,124.350,428.484,O4
233,4,327.552,403.771,D9
233,5,938.993,487.767,D10
233,9,798.714,56.477,O10
233,10,729.699,57.740,D6
234,1,1103.400,684.007,O12
234,3,132.292,428.704,O4
234,4,331.227,414.435,D9
234,5,940.688,489.124,D10
234,9,797.259,55.870,O10
234,10,734.155,62.847,D6
235,1,1098.885,684.640,O12
235,3,137.771,429.437,O4
235,4,334.415,423.553,D9
235,5,942.321,485.942,D10
235,9,796.122,58.686,O10
235,10,731.702,70.156,D6
236,1,1094.929,686.829,O12
236,3,142.600,430.364,O4
236,4,336.443,431.056,D9
236,5,944.557,486.439,D10
236,9,792.912,61.645,O10
236,10,730.261,71.460,D6
237,1,1093.445,687.851,O12
237,3,147.147,433.510,O4
237,4,338.943,438.758,D9
237,5,946.445,488.385,D10
237,9,790.213,64.454,O10
237,10,730.497,68.954,D6
238,1,1092.702,687.055,O12
238,3,149.952,434.530,O4
238,4,341.310,445.579,D9
238,5,948.792,490.812,D10
238,9,787.869,67.172,O10
238,10,729.685,66.668,D6
239,1,1092.115,682.705,O12
239,3,151.331,430.337,O4
239,4,344.990,455.885,D9
239,5,951.262,489.631,D10
239,9,786.357,69.660,O10
239,10,731.459,72.856,D6
240,1,1091.349,678.448,O12
240,3,157.567,427.822,O4
240,4,346.095,460.656,D9
240,5,953.283,494.548,D10
240,9,784.320,79.379,O10
240,10,732.884,76.444,D6
241,1,1090.835,675.586,O12
241,3,164.954,427.125,O4
241,4,347.324,463.082,D9
241,5,955.070,499.851,D10
241,9,783.938,95.650,O10
241,10,733.311,77.818,D6
242,1,1091.422,670.264,O12
242,3,169.597,426.561,O4
242,4,347.931,462.714,D9
242,5,956.253,508.918,D10
242,9,782.887,99.060,O10
242,10,732.680,78.371,D6
243,1,1090.830,665.587,O12
243,3,173.860,427.023,O4
243,4,348.673,462.279,D9
243,5,957.183,512.158,D10
243,9,781.438,96.092,O10
243,10,733.647,70.980,D6
244,1,1090.000,661.172,O12
244,3,176.189,424.763,O4
244,4,349.790,462.788,D9
244,5,957.456,513.334,D10
244,9,782.399,119.960,O10
244,10,737.127,70.585,D6
245,1,1088.996,658.279,O12
245,3,176.194,420.622,O4
245,4,350.751,462.740,D9
245,5,958.065,513.603,D10
245,9,782.795,128.537,O10
245,10,739.689,83.565,D6
246,1,1088.271,654.502,O12
246,3,179.391,420.848,O4
246,4,351.288,461.497,D9
246,5,959.310,513.501,D10
246,9,777.791,136.473,O10
246,10,741.442,96.791,D6
247,1,1087.028,653.329,O12
247,3,180.554,417.522,O4
247,4,351.792,461.865,D9
247,5,961.924,513.080,D10
247,9,781.037,137.120,O10
247,10,742.777,108.642,D6
248,1,1085.976,651.668,O12
248,3,184.460,413.477,O4
248,4,351.721,463.015,D9
248,5,965.641,512.459,D10
248,9,782.459,135.770,O10
248,10,743.955,119.877,D6
249,1,1084.990,651.271,O12
249,3,195.256,414.012,O4
249,4,350.576,465.574,D9
249,5,969.187,513.652,D10
249,9,783.206,137.775,O10
249,10,742.679,128.377,D6
250,1,1085.062,649.672,O12
250,3,203.697,411.227,O4
250,4,350.085,471.582,D9
250,5,972.036,520.828,D10
250,9,782.556,135.725,O10
250,10,743.556,137.967,D6
251,1,1084.613,649.261,O12
251,3,216.354,414.542,O4
251,4,354.737,492.297,D9
251,5,974.046,531.970,D10
251,9,783.241,137.341,O10
251,10,742.829,144.282,D6
252,1,1084.619,647.684,O12
252,3,227.217,413.681,O4
252,4,357.435,509.407,D9
252,5,976.922,535.771,D10
252,9,782.105,129.816,O10
252,10,741.340,147.962,D6
253,1,1084.760,645.705,O12
253,3,240.524,422.174,O4
253,4,360.082,525.057,D9
253,5,979.487,541.995,D10
253,9,783.397,130.702,O10
253,10,738.613,148.128,D6
254,1,1084.312,642.235,O12
254,3,251.134,428.847,O4
254,4,361.021,535.577,D9
254,5,981.907,550.843,D10
254,9,784.150,133.701,O10
254,10,735.601,149.711,D6
255,1,1083.533,639.627,O12
255,3,259.096,437.271,O4
255,4,361.585,543.105,D9
255,5,983.787,553.934,D10
255,9,784.562,136.191,O10
255,10,733.054,150.429,D6
256,1,1082.620,635.827,O12
256,3,258.254,436.498,O4
256,4,360.090,545.902,D9
256,5,985.970,558.037,D10
256,9,784.579,135.635,O10
256,10,727.476,147.084,D6
257,1,1081.295,636.135,O12
257,3,255.139,422.132,O4
257,4,359.788,547.548,D9
257,5,986.745,557.756,D10
257,9,784.338,132.626,O10
257,10,722.596,150.172,D6
258,1,1080.055,636.464,O12
258,3,253.200,407.801,O4
258,4,359.648,547.948,D9
258,5,988.512,558.999,D10
258,9,784.956,139.533,O10
258,10,717.311,150.387,D6
259,1,1078.477,633.848,O12
259,3,254.908,407.548,O4
259,4,361.761,556.892,D9
259,5,991.205,560.684,D10
259,9,784.272,139.483,O10
259,10,726.212,150.086,D6
260,1,1077.019,634.561,O12
260,3,261.399,406.585,O4
260,4,369.675,580.784,D9
260,5,993.201,561.048,D10
260,9,784.476,144.764,O10
260,10,728.664,152.643,D6
261,1,1075.088,632.122,O12
261,3,283.051,423.214,O4
261,4,375.819,601.140,D9
261,5,996.054,559.120,D10
261,9,786.388,159.886,O10
261,10,728.554,157.761,D6
262,1,1072.016,631.623,O12
262,3,289.356,424.731,O4
262,4,382.871,619.850,D9
262,5,998.071,559.836,D10
262,9,787.330,168.047,O10
262,10,726.357,153.264,D6
263,1,1070.479,630.043,O12
263,3,296.450,423.681,O4
263,4,386.376,636.430,D9
263,5,999.242,561.588,D10
263,9,787.342,167.093,O10
263,10,724.248,146.130,D6
264,1,1067.881,626.834,O12
264,3,302.531,422.780,O4
264,4,389.352,639.286,D9
264,5,1000.181,560.463,D10
264,9,787.001,170.622,O10
264,10,723.110,146.148,D6
265,1,1066.823,619.580,O12
265,3,311.655,421.430,O4
265,4,392.018,638.899,D9
265,5,1003.641,559.513,D10
265,9,786.197,171.929,O10
265,10,721.813,150.351,D6
266,1,1066.842,618.413,O12
266,3,317.918,422.947,O4
266,4,393.796,638.640,D9
266,5,1008.042,556.967,D10
266,9,785.765,170.956,O10
266,10,720.322,154.781,D6
267,1,1067.596,605.589,O12
267,3,326.188,429.019,O4
267,4,393.185,642.005,D9
267,5,1011.232,555.661,D10
267,9,785.040,171.865,O10
267,10,719.749,161.747,D6
268,1,1070.596,587.610,O12
268,3,341.226,457.753,O4
268,4,400.129,654.554,D9
268,5,1013.914,556.507,D10
268,9,784.855,173.285,O10
268,10,718.051,168.446,D6
269,1,1069.425,582.990,O12
269,3,358.779,480.554,O4
269,4,409.064,667.654,D9
269,5,1015.880,558.389,D10
269,9,784.541,171.169,O10
269,10,717.231,175.002,D6
270,1,1072.587,577.714,O12
270,3,369.849,499.173,O4
270,4,421.784,692.568,D9
270,5,1017.173,557.324,D10
270,9,784.359,176.935,O10
270,10,716.454,184.086,D6
271,1,1072.724,574.532,O12
271,3,385.030,532.014,O4
271,4,432.609,715.570,D9
271,5,1018.576,558.482,D10
271,9,783.988,183.078,O10
271,10,715.841,190.103,D6
272,1,1073.837,568.446,O12
272,3,391.732,540.042,O4
272,4,441.999,733.257,D9
272,5,1019.148,557.149,D10
272,9,783.789,191.720,O10
272,10,713.235,193.838,D6
273,1,1074.868,569.536,O12
273,3,397.337,537.485,O4
273,4,446.103,748.019,D9
273,5,1020.445,553.086,D10
273,9,784.949,201.122,O10
273,10,710.465,196.623,D6
274,1,1074.760,566.961,O12
274,3,401.291,537.393,O4
274,4,454.120,768.911,D9
274,5,1022.399,553.046,D10
274,9,782.838,212.575,O10
274,10,707.807,195.209,D6
275,1,1076.459,552.704,O12
275,3,402.907,534.930,O4
275,4,451.970,777.132,D9
275,5,1024.664,552.792,D10
275,9,781.217,221.829,O10
275,10,701.039,195.345,D6
276,1,1077.340,545.703,O12
276,3,406.869,533.861,O4
276,4,457.345,780.115,D9
276,5,1029.558,555.394,D10
276,9,780.060,226.477,O10
276,10,695.286,197.058,D6
277,1,1076.467,560.292,O12
277,3,415.356,546.085,O4
277,4,466.463,781.084,D9
277,5,1033.485,557.733,D10
277,9,779.568,234.243,O10
277,10,684.622,198.891,D6
278,1,1076.815,567.266,O12
278,3,429.040,572.255,O4
278,4,461.341,779.557,D9
278,5,1034.252,558.720,D10
278,9,778.468,240.851,O10
278,10,674.223,188.533,D6
279,1,1077.182,568.326,O12
279,3,442.039,599.431,O4
279,4,461.688,785.035,D9
279,5,1035.471,558.896,D10
279,9,778.044,243.098,O10
279,10,665.254,186.589,D6
280,1,1075.800,564.119,O12
280,3,451.967,620.348,O4
280,4,484.211,798.230,D9
280,5,1036.433,560.483,D10
280,9,776.730,245.115,O10
280,10,662.156,204.365,D6
281,1,1074.251,557.864,O12
281,3,458.052,637.425,O4
281,4,492.598,813.177,D9
281,5,1035.943,562.887,D10
281,9,775.059,247.155,O10
281,10,660.026,221.185,D6
282,1,1072.006,550.817,O12
282,3,460.980,648.291,O4
282,4,494.196,830.109,D9
282,5,1036.673,565.273,D10
282,9,773.831,247.861,O10
282,10,654.605,230.714,D6
283,1,1068.818,538.456,O12
283,3,463.904,661.219,O4
283,4,496.073,841.010,D9
283,5,1037.883,567.619,D10
283,9,772.212,249.312,O10
283,10,650.145,246.965,D6
284,1,1064.412,530.944,O12
284,3,468.794,671.423,O4
284,4,499.523,851.732,D9
284,5,1040.840,568.108,D10
284,9,770.234,248.728,O10
284,10,647.074,255.652,D6
285,1,1063.590,522.983,O12
285,3,473.850,677.483,O4
285,4,505.783,860.745,D9
285,5,1042.445,569.800,D10
285,9,767.986,246.145,O10
285,10,640.577,260.835,D6
286,1,1063.204,520.192,O12
286,3,478.053,677.421,O4
286,4,513.314,872.572,D9
286,5,1043.252,575.229,D10
286,9,766.126,247.663,O10
286,10,631.096,267.298,D6
287,1,1063.789,517.484,O12
287,3,470.742,636.585,O4
287,4,520.379,885.381,D9
287,5,1046.607,578.389,D10
287,9,763.920,252.031,O10
287,10,626.664,270.898,D6
288,1,1064.166,514.914,O12
288,3,474.375,623.638,O4
288,4,524.920,891.823,D9
288,5,1049.397,580.912,D10
288,9,762.612,260.988,O10
288,10,618.035,276.781,D6
289,1,1065.215,508.726,O12
289,3,486.108,630.856,O4
289,4,527.789,892.451,D9
289,5,1050.194,585.005,D10
289,9,760.992,271.555,O10
289,10,607.986,266.338,D6
290,1,1063.258,508.677,O12
290,3,497.489,638.933,O4
290,4,531.307,891.899,D9
290,5,1049.589,588.207,D10
290,9,758.410,274.544,O10
290,10,594.810,250.890,D6
291,1,1062.184,503.643,O12
291,3,507.014,647.565,O4
291,4,533.752,891.150,D9
291,5,1051.831,590.701,D10
291,9,756.965,282.768,O10
291,10,590.728,261.458,D6
292,1,1055.783,503.724,O12
292,3,521.154,663.360,O4
292,4,534.561,889.402,D9
292,5,1051.831,590.701,D10
292,9,755.736,290.499,O10
292,10,585.348,268.254,D6
293,1,1055.783,503.724,O12
293,3,530.702,668.514,O4
293,4,535.006,890.804,D9
293,5,1051.831,590.701,D10
293,9,753.567,294.665,O10
293,10,583.684,281.606,D6
294,1,1055.783,503.724,O12
294,3,545.287,684.039,O4
294,4,534.587,891.213,D9
294,5,1050.316,604.387,D10
294,9,751.693,303.235,O10
294,10,578.636,291.998,D6
295,1,1055.783,503.724,O12
295,3,558.400,697.546,O4
295,4,535.253,889.887,D9
295,5,1051.461,607.347,D10
295,9,749.571,309.960,O10
295,10,570.092,299.196,D6
296,1,1056.464,507.815,O12
296,3,569.859,710.246,O4
296,4,534.543,889.326,D9
296,5,1054.144,611.113,D10
296,9,746.199,311.495,O10
296,10,560.969,303.825,D6
297,1,1055.472,524.030,O12
297,3,580.164,721.152,O4
297,4,534.970,890.031,D9
297,5,1058.104,613.500,D10
297,9,744.620,314.258,O10
297,10,542.249,300.550,D6
298,1,1057.023,516.306,O12
298,3,585.712,724.715,O4
298,4,534.646,890.285,D9
298,5,1061.053,615.608,D10
298,9,742.119,314.243,O10
298,10,528.155,297.713,D6
299,1,1058.306,528.629,O12
299,3,587.806,727.119,O4
299,4,533.054,891.612,D9
299,5,1064.159,615.968,D10
299,9,739.236,313.227,O10
299,10,517.789,300.961,D6
300,1,1058.397,533.234,O12
300,3,588.666,727.642,O4
300,4,531.508,892.142,D9
300,5,1066.904,614.195,D10
300,9,736.832,311.698,O10
300,10,507.696,310.236,D6
301,1,1057.927,512.733,O12
301,3,589.535,728.873,O4
301,4,529.941,892.352,D9
301,5,1071.083,616.034,D10
301,9,734.234,312.368,O10
301,10,499.683,305.818,D6
302,1,1056.909,504.728,O12
302,3,590.421,730.420,O4
302,4,529.727,892.240,D9
302,5,1073.680,614.971,D10
302,9,731.905,311.550,O10
302,10,491.142,307.172,D6
303,1,1054.726,502.093,O12
303,3,590.550,730.820,O4
303,4,529.613,892.127,D9
303,5,1077.352,612.565,D10
303,9,728.866,318.400,O10
303,10,479.242,295.744,D6
304,1,1052.667,504.931,O12
304,3,588.446,731.107,O4
304,4,529.561,892.057,D9
304,5,1080.878,611.314,D10
304,9,723.405,320.444,O10
304,10,474.714,327.412,D6
305,1,1050.825,506.268,O12
305,3,591.389,736.227,O4
305,4,528.632,892.124,D9
305,5,1083.404,613.739,D10
305,9,717.951,322.794,O10
305,10,465.097,349.129,D6
306,1,1049.741,494.336,O12
306,3,594.749,743.304,O4
306,4,525.684,891.338,D9
306,5,1087.076,618.723,D10
306,9,713.800,326.200,O10
306,10,452.431,362.015,D6
307,1,1048.357,499.060,O12
307,3,595.411,745.921,O4
307,4,520.568,890.417,D9
307,5,1091.562,630.619,D10
307,9,710.407,327.674,O10
307,10,445.141,368.322,D6
308,1,1046.676,502.790,O12
308,3,596.327,747.975,O4
308,4,516.887,889.091,D9
308,5,1095.763,644.894,D10
308,9,708.326,327.089,O10
308,10,434.905,377.156,D6
309,1,1042.331,503.006,O12
309,3,595.725,747.292,O4
309,4,512.790,888.931,D9
309,5,1098.441,658.585,D10
309,9,707.884,329.018,O10
309,10,422.049,379.366,D6
310,1,1039.071,505.090,O12
310,3,595.852,746.802,O4
310,4,509.515,889.070,D9
310,5,1100.526,669.099,D10
310,9,707.039,328.557,O10
310,10,414.921,380.297,D6
311,1,1035.776,504.458,O12
311,3,595.163,748.001,O4
311,4,507.151,888.113,D9
311,5,1102.841,681.070,D10
311,9,706.065,331.885,O10
311,10,401.671,372.994,D6
312,1,1032.868,506.212,O12
312,3,595.794,748.193,O4
312,4,504.584,886.775,D9
312,5,1106.147,686.338,D10
312,9,701.684,330.168,O10
312,10,395.943,374.684,D6
313,1,1031.168,508.777,O12
313,3,593.048,748.603,O4
313,4,503.712,887.463,D9
313,5,1110.163,694.584,D10
313,9,696.130,327.775,O10
313,10,390.868,383.512,D6
314,1,1030.563,509.755,O12
314,3,587.268,749.339,O4
314,4,502.635,886.672,D9
314,5,1113.112,697.256,D10
314,9,685.648,332.701,O10
314,10,382.330,386.642,D6
315,1,1030.435,508.291,O12
315,3,583.263,748.375,O4
315,4,501.835,886.392,D9
315,5,1116.726,697.640,D10
315,9,677.550,332.781,O10
315,10,375.029,384.954,D6
316,1,1029.916,507.812,O12
316,3,580.663,748.072,O4
316,4,501.608,886.267,D9
316,5,1120.940,698.500,D10
316,9,666.989,332.766,O10
316,10,360.295,376.921,D6
317,1,1029.731,509.441,O12
317,3,579.072,749.418,O4
317,4,502.003,887.352,D9
317,5,1123.014,698.584,D10
317,9,656.799,337.110,O10
317,10,355.055,393.023,D6
318,1,1029.172,510.136,O12
318,3,578.427,749.888,O4
318,4,504.566,885.137,D9
318,5,1125.121,698.206,D10
318,9,648.143,342.816,O10
318,10,337.173,401.199,D6
319,1,1027.466,508.862,O12
319,3,578.065,751.415,O4
319,4,502.156,881.353,D9
319,5,1128.060,698.987,D10
319,9,643.453,345.183,O10
319,10,312.712,371.544,D6
320,1,1025.717,510.283,O12
320,3,577.115,750.736,O4
320,4,496.207,873.670,D9
320,5,1131.081,700.195,D10
320,9,639.272,345.247,O10
320,10,302.021,356.382,D6
321,1,1023.389,512.833,O12
321,3,575.208,751.998,O4
321,4,487.666,858.667,D9
321,5,1133.945,698.904,D10
321,9,635.238,344.503,O10
321,10,341.937,473.381,D6
322,1,1020.904,514.022,O12
322,3,570.302,751.683,O4
322,4,479.921,844.537,D9
322,5,1136.020,700.867,D10
322,9,630.181,344.670,O10
322,10,311.809,429.982,D6
323,1,1020.003,516.277,O12
323,3,564.024,746.646,O4
323,4,471.550,827.975,D9
323,5,1137.458,706.817,D10
323,9,623.985,347.667,O10
323,10,311.888,447.026,D6
324,1,1019.254,515.423,O12
324,3,558.379,749.306,O4
324,4,464.207,810.307,D9
324,5,1137.867,716.904,D10
324,9,616.343,349.534,O10
324,10,297.183,448.127,D6
325,1,1017.297,517.122,O12
325,3,554.091,754.781,O4
325,4,456.793,796.425,D9
325,5,1137.563,727.184,D10
325,9,611.547,349.436,O10
325,10,288.467,455.965,D6
326,1,1015.454,519.683,O12
326,3,549.939,765.417,O4
326,4,452.193,786.091,D9
326,5,1136.245,740.036,D10
326,9,605.425,352.240,O10
326,10,283.096,464.152,D6
327,1,1014.874,518.828,O12
327,3,547.566,776.316,O4
327,4,450.155,778.322,D9
327,5,1135.674,744.735,D10
327,9,596.468,354.250,O10
327,10,273.614,470.205,D6
328,1,1013.573,520.329,O12
328,3,548.269,786.757,O4
328,4,446.596,775.996,D9
328,5,1135.024,747.573,D10
328,9,587.038,352.440,O10
328,10,266.934,473.660,D6
329,1,1012.108,519.192,O12
329,3,549.298,794.420,O4
329,4,449.135,778.932,D9
329,5,1134.200,747.208,D10
329,9,578.152,355.856,O10
329,10,260.034,475.375,D6
330,1,1010.530,518.951,O12
330,3,548.116,801.403,O4
330,4,448.903,781.897,D9
330,5,1132.735,747.090,D10
330,9,572.493,362.035,O10
330,10,254.888,476.157,D6
331,1,1008.896,518.954,O12
331,3,545.784,805.434,O4
331,4,449.902,787.184,D9
331,5,1131.467,746.959,D10
331,9,568.332,364.583,O10
331,10,246.423,478.219,D6
332,1,1007.238,519.019,O12
332,3,543.007,808.315,O4
332,4,452.768,797.093,D9
332,5,1130.290,746.828,D10
332,9,563.648,364.801,O10
332,10,236.358,476.680,D6
333,1,1005.579,519.202,O12
333,3,542.489,807.922,O4
333,4,456.322,810.033,D9
333,5,1131.395,746.428,D10
333,9,557.519,369.912,O10
333,10,227.359,477.728,D6
334,1,1004.979,519.290,O12
334,3,539.983,809.185,O4
334,4,460.507,825.055,D9
334,5,1132.499,749.875,D10
334,9,549.816,371.552,O10
334,10,218.219,479.915,D6
335,1,1004.261,519.453,O12
335,3,539.011,810.881,O4
335,4,465.783,844.323,D9
335,5,1134.351,755.924,D10
335,9,545.270,375.735,O10
335,10,214.357,495.071,D6
336,1,1002.948,519.625,O12
336,3,536.371,811.680,O4
336,4,469.017,862.258,D9
336,5,1136.412,761.594,D10
336,9,541.514,378.599,O10
336,10,209.315,503.131,D6
337,1,1001.929,519.891,O12
337,3,533.626,810.880,O4
337,4,471.412,874.599,D9
337,5,1138.742,767.189,D10
337,9,538.493,379.988,O10
337,10,206.856,515.107,D6
338,1,1001.060,519.978,O12
338,3,530.745,812.020,O4
338,4,472.640,882.413,D9
338,5,1140.363,770.245,D10
338,9,536.351,380.528,O10
338,10,204.513,518.717,D6
339,1,999.703,520.078,O12
339,3,530.266,809.627,O4
339,4,472.559,886.199,D9
339,5,1140.794,772.431,D10
339,9,533.334,380.925,O10
339,10,203.306,521.835,D6
340,1,998.262,515.016,O12
340,3,527.528,806.362,O4
340,4,472.894,887.233,D9
340,5,1141.380,773.045,D10
340,9,530.353,380.128,O10
340,10,200.852,523.108,D6
341,1,997.350,506.160,O12
341,3,526.019,806.461,O4
341,4,472.963,888.594,D9
341,5,1141.085,773.251,D10
341,9,528.888,379.875,O10
341,10,196.713,521.848,D6
342,1,995.596,492.293,O12
342,3,526.404,807.680,O4
342,4,471.643,887.925,D9
342,5,1140.946,773.257,D10
342,9,528.339,378.691,O10
342,10,193.709,523.469,D6
343,1,994.598,479.701,O12
343,3,529.422,808.974,O4
343,4,469.829,890.065,D9
343,5,1140.656,773.121,D10
343,9,528.590,379.200,O10
343,10,192.107,524.015,D6
344,1,992.115,466.065,O12
344,3,533.987,808.963,O4
344,4,467.820,892.109,D9
344,5,1140.300,773.035,D10
344,9,529.160,378.222,O10
344,10,191.507,527.099,D6
345,1,988.427,454.882,O12
345,3,534.772,809.099,O4
345,4,462.743,893.394,D9
345,5,1139.539,770.637,D10
345,9,529.239,376.868,O10
345,10,191.641,531.124,D6
346,1,984.184,450.286,O12
346,3,533.099,809.382,O4
346,4,457.237,895.433,D9
346,5,1138.317,769.782,D10
346,9,528.701,376.400,O10
346,10,191.402,533.515,D6
347,1,978.638,444.581,O12
347,3,530.115,809.824,O4
347,4,451.175,898.981,D9
347,5,1135.292,772.257,D10
347,9,527.706,375.278,O10
347,10,193.166,539.893,D6
348,1,976.229,436.891,O12
348,3,524.264,810.661,O4
348,4,444.043,899.761,D9
348,5,1133.042,773.290,D10
348,9,527.720,373.654,O10
348,10,196.514,547.589,D6
349,1,972.507,438.566,O12
349,3,516.289,805.253,O4
349,4,441.031,905.775,D9
349,5,1130.196,773.928,D10
349,9,527.849,373.086,O10
349,10,198.028,553.226,D6
350,1,967.834,438.883,O12
350,3,507.386,797.328,O4
350,4,442.301,916.642,D9
350,5,1126.689,774.441,D10
350,9,528.810,373.817,O10
350,10,197.542,553.447,D6
351,1,963.305,440.610,O12
351,3,497.082,788.565,O4
351,4,443.737,928.215,D9
351,5,1123.570,774.858,D10
351,9,528.695,371.886,O10
351,10,199.642,554.898,D6
352,1,959.953,440.646,O12
352,3,488.480,785.964,O4
352,4,443.605,941.221,D9
352,5,1120.839,775.138,D10
352,9,528.654,373.391,O10
352,10,200.062,554.408,D6
353,1,957.014,439.037,O12
353,3,478.612,781.871,O4
353,4,442.418,953.510,D9
353,5,1118.086,776.651,D10
353,9,530.463,373.597,O10
353,10,199.058,554.169,D6
354,1,955.944,436.582,O12
354,3,472.256,783.564,O4
354,4,440.043,963.490,D9
354,5,1116.153,773.627,D10
354,9,532.299,375.718,O10
354,10,200.583,558.500,D6
355,1,955.105,438.817,O12
355,3,469.350,785.753,O4
355,4,439.140,971.205,D9
355,5,1114.745,772.578,D10
355,9,532.793,375.470,O10
355,10,198.370,558.569,D6
356,1,953.206,437.115,O12
356,3,465.664,784.342,O4
356,4,438.633,977.018,D9
356,5,1113.390,769.851,D10
356,9,533.542,377.547,O10
356,10,196.146,558.703,D6
357,1,950.845,432.017,O12
357,3,459.110,783.275,O4
357,4,440.085,981.837,D9
357,5,1111.953,765.263,D10
357,9,533.797,372.853,O10
357,10,192.520,557.205,D6
358,1,948.178,414.619,O12
358,3,453.489,781.993,O4
358,4,440.241,983.454,D9
358,5,1110.720,757.372,D10
358,9,535.331,366.339,O10
358,10,189.334,555.831,D6
359,1,945.460,402.169,O12
359,3,447.751,780.722,O4
359,4,436.853,981.260,D9
359,5,1111.431,741.413,D10
359,9,537.400,359.095,O10
359,10,189.034,558.913,D6
360,1,941.456,390.872,O12
360,3,443.297,779.244,O4
360,4,433.741,979.442,D9
360,5,1110.092,744.733,D10
360,9,541.879,358.076,O10
360,10,190.390,563.570,D6
361,1,936.365,385.364,O12
361,3,440.363,780.362,O4
361,4,430.113,977.944,D9
361,5,1108.858,739.793,D10
361,9,549.416,360.346,O10
361,10,192.504,567.898,D6
362,1,931.703,391.226,O12
362,3,437.463,778.348,O4
362,4,423.502,976.942,D9
362,5,1107.513,735.529,D10
362,9,551.939,357.900,O10
362,10,194.448,571.155,D6
363,1,926.944,385.779,O12
363,3,435.555,776.370,O4
363,4,421.287,974.347,D9
363,5,1107.860,727.333,D10
363,9,553.995,356.836,O10
363,10,195.768,574.090,D6
364,1,923.766,390.343,O12
364,3,432.166,774.723,O4
364,4,419.458,974.465,D9
364,5,1106.764,721.904,D10
364,9,555.244,347.388,O10
364,10,199.905,580.206,D6
365,1,920.190,387.446,O12
365,3,431.124,776.944,O4
365,4,418.271,974.493,D9
365,5,1103.751,716.392,D10
365,9,558.084,343.482,O10
365,10,199.532,579.012,D6
366,1,914.624,381.964,O12
366,3,426.554,777.056,O4
366,4,419.034,975.306,D9
366,5,1100.545,714.759,D10
366,9,562.503,340.435,O10
366,10,197.969,574.919,D6
367,1,908.563,380.708,O12
367,3,419.683,777.965,O4
367,4,421.560,977.356,D9
367,5,1096.549,716.094,D10
367,9,568.021,340.053,O10
367,10,193.593,565.391,D6
368,1,903.477,381.833,O12
368,3,413.357,778.858,O4
368,4,423.781,978.896,D9
368,5,1093.088,715.663,D10
368,9,569.722,337.689,O10
368,10,193.601,563.375,D6
369,1,899.304,382.682,O12
369,3,406.745,777.032,O4
369,4,426.089,979.183,D9
369,5,1090.765,715.756,D10
369,9,571.983,338.898,O10
369,10,195.618,566.110,D6
370,1,897.728,382.072,O12
370,3,402.041,776.661,O4
370,4,428.381,980.015,D9
370,5,1089.582,715.911,D10
370,9,570.340,333.954,O10
370,10,200.951,574.838,D6
371,1,897.245,380.903,O12
371,3,396.533,775.714,O4
371,4,430.921,981.074,D9
371,5,1088.855,716.120,D10
371,9,570.735,328.523,O10
371,10,207.615,584.797,D6
372,1,896.430,375.336,O12
372,3,391.258,775.813,O4
372,4,430.640,979.499,D9
372,5,1088.428,713.572,D10
372,9,573.059,324.996,O10
372,10,213.344,589.763,D6
373,1,894.300,368.312,O12
373,3,384.616,776.564,O4
373,4,427.887,979.218,D9
373,5,1087.019,708.845,D10
373,9,574.631,321.308,O10
373,10,217.929,594.838,D6
374,1,890.468,361.887,O12
374,3,381.777,776.940,O4
374,4,428.888,976.727,D9
374,5,1084.753,703.293,D10
374,9,581.921,323.704,O10
374,10,221.272,594.614,D6
375,1,889.608,357.452,O12
375,3,379.102,778.767,O4
375,4,429.780,974.637,D9
375,5,1083.096,700.046,D10
375,9,585.672,321.028,O10
375,10,224.731,592.273,D6
