1,1,505.042,372.688,O12
1,3,1296.109,671.454,O4
1,4,756.202,788.503,D9
1,5,470.994,305.101,D10
1,9,753.673,1020.045,O10
1,10,1035.922,614.371,D6
2,1,502.289,368.245,O12
2,3,1301.063,671.019,O4
2,4,757.774,788.149,D9
2,5,473.489,304.729,D10
2,9,752.412,1020.242,O10
2,10,1035.613,615.921,D6
3,1,501.743,371.119,O12
3,3,1303.824,670.761,O4
3,4,758.211,786.688,D9
3,5,479.548,303.825,D10
3,9,751.028,1019.550,O10
3,10,1035.992,614.949,D6
4,1,502.657,374.295,O12
4,3,1305.932,670.459,O4
4,4,758.086,787.369,D9
4,5,483.469,303.240,D10
4,9,749.931,1020.258,O10
4,10,1035.707,614.627,D6
5,1,502.671,376.693,O12
5,3,1307.005,671.620,O4
5,4,754.884,791.823,D9
5,5,488.459,302.496,D10
5,9,749.175,1020.555,O10
5,10,1035.927,614.439,D6
6,1,502.698,377.588,O12
6,3,1308.862,670.391,O4
6,4,753.737,793.391,D9
6,5,495.590,301.433,D10
6,9,748.786,1019.754,O10
6,10,1037.072,615.692,D6
7,1,502.317,379.090,O12
7,3,1310.675,668.461,O4
7,4,754.581,793.728,D9
7,5,498.443,301.007,D10
7,9,748.029,1020.434,O10
7,10,1038.941,616.027,D6
8,1,500.707,378.756,O12
8,3,1311.766,667.614,O4
8,4,754.316,792.578,D9
8,5,503.435,300.263,D10
8,9,747.960,1021.560,O10
8,10,1041.223,614.349,D6
9,1,498.828,381.001,O12
9,3,1312.452,668.574,O4
9,4,752.963,796.072,D9
9,5,507.715,299.625,D10
9,9,747.183,1022.051,O10
9,10,1044.431,608.677,D6
10,1,498.021,384.026,O12
10,3,1313.423,667.422,O4
10,4,753.273,799.709,D9
10,5,511.989,305.545,D10
10,9,746.139,1022.317,O10
10,10,1047.138,601.602,D6
11,1,497.391,386.323,O12
11,3,1314.916,662.696,O4
11,4,752.293,799.878,D9
11,5,519.233,308.892,D10
11,9,744.660,1020.755,O10
11,10,1049.440,595.609,D6
12,1,495.655,388.508,O12
12,3,1317.591,656.465,O4
12,4,753.596,798.372,D9
12,5,523.573,308.808,D10
12,9,742.424,1019.506,O10
12,10,1051.981,590.002,D6
13,1,493.528,388.477,O12
13,3,1321.737,649.504,O4
13,4,753.671,797.835,D9
13,5,525.500,307.557,D10
13,9,740.058,1019.272,O10
13,10,1053.804,587.847,D6
14,1,492.681,390.625,O12
14,3,1325.389,643.778,O4
14,4,753.419,798.894,D9
14,5,526.661,306.982,D10
14,9,736.693,1018.611,O10
14,10,1056.250,586.850,D6
15,1,492.016,394.755,O12
15,3,1328.233,640.071,O4
15,4,752.386,799.382,D9
15,5,527.438,309.061,D10
15,9,732.516,1017.890,O10
15,10,1057.490,586.527,D6
16,1,490.581,396.413,O12
16,3,1330.200,638.596,O4
16,4,750.894,798.388,D9
16,5,526.491,305.264,D10
16,9,729.843,1017.768,O10
16,10,1057.889,586.451,D6
17,1,489.999,396.940,O12
17,3,1332.042,637.965,O4
17,4,748.715,796.907,D9
17,5,525.750,300.179,D10
17,9,726.511,1018.042,O10
17,10,1057.519,586.577,D6
18,1,490.155,398.238,O12
18,3,1333.655,637.685,O4
18,4,746.169,794.057,D9
18,5,526.968,299.350,D10
18,9,722.616,1018.578,O10
18,10,1055.983,586.888,D6
19,1,490.562,397.493,O12
19,3,1334.555,639.004,O4
19,4,744.502,794.310,D9
19,5,527.530,302.582,D10
19,9,719.684,1018.969,O10
19,10,1054.394,585.615,D6
20,1,489.550,395.218,O12
20,3,1335.249,639.571,O4
20,4,743.766,799.591,D9
20,5,526.376,306.515,D10
20,9,716.900,1018.506,O10
20,10,1051.700,585.522,D6
21,1,488.249,395.509,O12
21,3,1336.255,638.282,O4
21,4,743.251,802.826,D9
21,5,529.664,310.946,D10
21,9,714.167,1019.459,O10
21,10,1050.290,585.583,D6
22,1,485.155,394.961,O12
22,3,1336.575,637.839,O4
22,4,741.803,801.702,D9
22,5,532.331,315.975,D10
22,9,712.456,1019.943,O10
22,10,1049.047,587.338,D6
23,1,483.631,395.775,O12
23,3,1336.730,636.255,O4
23,4,740.544,802.548,D9
23,5,534.394,319.928,D10
23,9,711.103,1020.204,O10
23,10,1048.093,584.861,D6
24,1,481.013,397.560,O12
24,3,1336.098,634.382,O4
24,4,738.989,801.778,D9
24,5,537.631,326.891,D10
24,9,708.550,1019.729,O10
24,10,1047.582,582.418,D6
25,1,476.470,400.849,O12
25,3,1335.647,629.425,O4
25,4,739.310,803.799,D9
25,5,539.246,325.864,D10
25,9,706.304,1020.593,O10
25,10,1047.600,578.227,D6
26,1,470.299,401.665,O12
26,3,1335.436,624.724,O4
26,4,738.815,803.417,D9
26,5,542.319,330.898,D10
26,9,703.205,1019.461,O10
26,10,1048.256,575.013,D6
27,1,463.446,405.873,O12
27,3,1334.896,618.670,O4
27,4,738.189,803.280,D9
27,5,543.793,337.201,D10
27,9,701.130,1020.048,O10
27,10,1049.215,570.446,D6
28,1,453.503,408.487,O12
28,3,1334.989,615.006,O4
28,4,737.974,803.212,D9
28,5,545.018,342.853,D10
28,9,699.647,1020.388,O10
28,10,1050.630,563.727,D6
29,1,445.959,415.465,O12
29,3,1338.070,608.862,O4
29,4,737.279,802.022,D9
29,5,545.791,349.431,D10
29,9,699.398,1019.588,O10
29,10,1051.675,554.590,D6
30,1,440.524,428.022,O12
30,3,1342.618,600.178,O4
30,4,736.763,802.833,D9
30,5,546.997,356.202,D10
30,9,704.188,1016.781,O10
30,10,1052.935,544.338,D6
31,1,436.685,433.960,O12
31,3,1348.791,587.345,O4
31,4,736.317,804.438,D9
31,5,545.218,357.783,D10
31,9,705.180,1014.931,O10
31,10,1053.179,537.254,D6
32,1,434.318,440.424,O12
32,3,1353.580,577.637,O4
32,4,735.992,803.792,D9
32,5,542.679,358.489,D10
32,9,704.231,1014.438,O10
32,10,1053.239,533.048,D6
33,1,432.453,446.983,O12
33,3,1358.097,569.042,O4
33,4,735.097,798.539,D9
33,5,537.736,358.032,D10
33,9,702.917,1013.450,O10
33,10,1052.669,533.360,D6
34,1,429.253,450.767,O12
34,3,1361.087,562.669,O4
34,4,733.904,794.119,D9
34,5,532.133,358.280,D10
34,9,699.871,1010.721,O10
34,10,1052.650,531.889,D6
35,1,427.080,458.436,O12
35,3,1363.021,558.918,O4
35,4,731.697,787.616,D9
35,5,528.706,360.866,D10
35,9,695.038,1009.348,O10
35,10,1052.521,533.324,D6
36,1,422.976,463.760,O12
36,3,1364.185,557.660,O4
36,4,730.464,782.632,D9
36,5,525.902,363.102,D10
36,9,690.267,1006.489,O10
36,10,1051.829,534.075,D6
37,1,417.770,467.141,O12
37,3,1364.423,555.794,O4
37,4,727.800,773.214,D9
37,5,520.916,365.532,D10
37,9,683.921,1001.389,O10
37,10,1050.892,534.536,D6
38,1,410.370,468.071,O12
38,3,1363.509,557.019,O4
38,4,726.143,768.494,D9
38,5,515.234,361.320,D10
38,9,677.265,995.357,O10
38,10,1050.232,533.160,D6
39,1,401.273,471.264,O12
39,3,1362.556,557.773,O4
39,4,723.696,767.100,D9
39,5,508.441,365.970,D10
39,9,674.022,988.452,O10
39,10,1050.380,532.698,D6
40,1,391.454,475.378,O12
40,3,1361.471,556.785,O4
40,4,720.931,766.973,D9
40,5,503.889,370.248,D10
40,9,668.931,981.620,O10
40,10,1050.693,532.633,D6
41,1,382.982,474.414,O12
41,3,1360.365,555.040,O4
41,4,717.147,767.425,D9
41,5,497.214,366.979,D10
41,9,663.758,975.678,O10
41,10,1051.323,530.855,D6
42,1,377.967,478.366,O12
42,3,1358.147,553.274,O4
42,4,714.571,769.227,D9
42,5,494.487,376.932,D10
42,9,659.786,971.903,O10
42,10,1052.235,530.242,D6
43,1,377.385,493.381,O12
43,3,1355.056,551.309,O4
43,4,711.974,771.431,D9
43,5,491.570,385.056,D10
43,9,658.994,971.458,O10
43,10,1054.059,527.978,D6
44,1,377.513,509.624,O12
44,3,1350.365,551.277,O4
44,4,709.879,771.255,D9
44,5,487.938,387.476,D10
44,9,658.018,971.574,O10
44,10,1056.166,523.658,D6
45,1,377.472,527.895,O12
45,3,1347.228,549.844,O4
45,4,708.008,772.624,D9
45,5,486.067,392.638,D10
45,9,657.566,970.701,O10
45,10,1058.193,520.010,D6
46,1,377.261,546.778,O12
46,3,1344.890,551.233,O4
46,4,706.367,773.364,D9
46,5,483.782,400.256,D10
46,9,657.877,970.457,O10
46,10,1060.151,515.128,D6
47,1,373.988,554.207,O12
47,3,1343.831,551.831,O4
47,4,705.333,773.705,D9
47,5,478.612,404.651,D10
47,9,657.988,968.452,O10
47,10,1061.383,513.267,D6
48,1,370.668,557.128,O12
48,3,1343.395,553.760,O4
48,4,703.127,766.215,D9
48,5,474.905,410.846,D10
48,9,657.661,965.885,O10
48,10,1062.595,509.088,D6
49,1,364.613,558.700,O12
49,3,1343.431,556.146,O4
49,4,700.173,756.954,D9
49,5,471.736,415.461,D10
49,9,655.072,958.288,O10
49,10,1063.879,502.207,D6
50,1,357.479,559.765,O12
50,3,1342.466,560.379,O4
50,4,697.184,748.292,D9
50,5,470.840,420.248,D10
50,9,652.343,951.657,O10
50,10,1064.159,494.397,D6
51,1,356.815,561.501,O12
51,3,1340.982,566.886,O4
51,4,694.894,741.128,D9
51,5,467.990,421.243,D10
51,9,649.275,944.389,O10
51,10,1062.830,488.222,D6
52,1,353.366,564.220,O12
52,3,1338.053,574.225,O4
52,4,693.103,733.030,D9
52,5,462.622,423.111,D10
52,9,648.122,939.675,O10
52,10,1059.888,480.851,D6
53,1,347.866,567.584,O12
53,3,1335.909,577.229,O4
53,4,691.951,727.398,D9
53,5,456.735,425.389,D10
53,9,647.544,933.871,O10
53,10,1055.974,476.912,D6
54,1,345.558,581.331,O12
54,3,1334.021,579.929,O4
54,4,691.830,723.917,D9
54,5,451.643,428.618,D10
54,9,648.621,929.510,O10
54,10,1050.521,474.244,D6
55,1,343.869,597.226,O12
55,3,1333.696,582.567,O4
55,4,691.872,722.939,D9
55,5,449.007,439.549,D10
55,9,649.917,925.906,O10
55,10,1046.226,475.775,D6
56,1,341.803,610.048,O12
56,3,1332.981,583.406,O4
56,4,692.287,723.979,D9
56,5,439.820,440.435,D10
56,9,650.772,920.245,O10
56,10,1041.690,478.590,D6
57,1,341.994,626.473,O12
57,3,1332.153,585.269,O4
57,4,692.754,723.051,D9
57,5,437.508,453.938,D10
57,9,652.789,915.870,O10
57,10,1038.048,478.241,D6
58,1,341.509,639.255,O12
58,3,1332.866,585.797,O4
58,4,692.653,721.469,D9
58,5,440.098,479.401,D10
58,9,654.268,912.133,O10
58,10,1035.538,478.424,D6
59,1,338.889,645.776,O12
59,3,1333.310,587.352,O4
59,4,691.839,716.759,D9
59,5,440.337,497.536,D10
59,9,652.499,906.779,O10
59,10,1034.089,478.594,D6
60,1,337.006,648.186,O12
60,3,1333.339,586.445,O4
60,4,690.805,710.930,D9
60,5,439.590,506.460,D10
60,9,649.725,906.455,O10
60,10,1033.209,475.170,D6
61,1,333.196,648.983,O12
61,3,1332.115,586.042,O4
61,4,688.336,700.158,D9
61,5,439.106,519.780,D10
61,9,646.430,904.434,O10
61,10,1033.035,471.896,D6
62,1,329.910,651.123,O12
62,3,1330.213,587.816,O4
62,4,687.131,691.973,D9
62,5,435.713,523.450,D10
62,9,645.004,905.169,O10
62,10,1033.159,467.257,D6
63,1,327.677,651.653,O12
63,3,1328.320,588.447,O4
63,4,687.349,681.315,D9
63,5,431.964,523.765,D10
63,9,643.360,904.534,O10
63,10,1031.264,460.106,D6
64,1,326.052,653.474,O12
64,3,1326.321,588.939,O4
64,4,688.720,672.750,D9
64,5,429.285,528.577,D10
64,9,643.163,904.388,O10
64,10,1027.340,452.383,D6
65,1,323.938,654.116,O12
65,3,1324.139,592.276,O4
65,4,690.307,666.473,D9
65,5,425.565,532.374,D10
65,9,642.697,904.479,O10
65,10,1023.805,444.138,D6
66,1,327.141,663.568,O12
66,3,1320.890,599.961,O4
66,4,691.140,662.836,D9
66,5,421.423,532.153,D10
66,9,642.109,904.712,O10
66,10,1021.130,431.824,D6
67,1,331.176,674.645,O12
67,3,1315.703,612.234,O4
67,4,692.229,660.031,D9
67,5,417.169,532.288,D10
67,9,640.669,905.065,O10
67,10,1018.435,429.525,D6
68,1,337.175,689.117,O12
68,3,1310.578,621.632,O4
68,4,693.436,660.688,D9
68,5,415.507,536.918,D10
68,9,639.423,907.631,O10
68,10,1015.833,427.205,D6
69,1,342.544,701.711,O12
69,3,1306.746,632.600,O4
69,4,694.909,661.046,D9
69,5,413.053,537.933,D10
69,9,636.662,913.403,O10
69,10,1013.764,427.748,D6
70,1,346.340,709.069,O12
70,3,1303.166,641.192,O4
70,4,695.731,659.802,D9
70,5,411.474,541.031,D10
70,9,628.916,916.568,O10
70,10,1010.176,428.602,D6
71,1,349.606,715.893,O12
71,3,1301.737,642.831,O4
71,4,697.037,659.318,D9
71,5,409.332,544.118,D10
71,9,618.627,919.905,O10
71,10,1005.531,427.581,D6
72,1,352.683,723.947,O12
72,3,1300.723,644.708,O4
72,4,698.040,659.208,D9
72,5,406.375,545.432,D10
72,9,606.096,920.229,O10
72,10,1000.383,431.761,D6
73,1,353.928,728.209,O12
73,3,1297.455,645.670,O4
73,4,698.395,656.151,D9
73,5,410.956,567.096,D10
73,9,587.140,923.439,O10
73,10,995.686,433.842,D6
74,1,353.194,728.113,O12
74,3,1293.842,646.157,O4
74,4,697.467,652.079,D9
74,5,413.482,587.109,D10
74,9,575.494,925.259,O10
74,10,990.570,435.135,D6
75,1,352.786,727.684,O12
75,3,1290.656,644.980,O4
75,4,694.724,646.150,D9
75,5,410.106,593.218,D10
75,9,569.376,927.173,O10
75,10,986.344,438.898,D6
76,1,352.638,727.384,O12
76,3,1285.601,646.453,O4
76,4,691.361,642.923,D9
76,5,408.659,604.139,D10
76,9,564.812,928.306,O10
76,10,983.133,444.589,D6
77,1,352.558,727.076,O12
77,3,1283.179,648.419,O4
77,4,687.211,640.700,D9
77,5,409.042,619.898,D10
77,9,558.899,926.121,O10
77,10,982.595,446.644,D6
78,1,352.445,726.771,O12
78,3,1282.061,654.748,O4
78,4,682.711,638.839,D9
78,5,408.316,632.355,D10
78,9,552.728,923.652,O10
78,10,981.878,447.542,D6
79,1,352.424,726.504,O12
79,3,1281.081,666.701,O4
79,4,678.726,637.004,D9
79,5,411.047,634.631,D10
79,9,545.825,918.982,O10
79,10,980.628,448.004,D6
80,1,352.543,727.735,O12
80,3,1280.588,676.538,O4
80,4,674.629,633.595,D9
80,5,402.386,622.894,D10
80,9,530.962,916.704,O10
80,10,979.741,448.220,D6
81,1,350.917,726.823,O12
81,3,1279.224,687.018,O4
81,4,670.997,632.753,D9
81,5,387.905,614.469,D10
81,9,520.693,919.891,O10
81,10,977.177,446.773,D6
82,1,350.274,726.376,O12
82,3,1276.813,698.969,O4
82,4,667.287,631.288,D9
82,5,378.346,615.261,D10
82,9,507.497,920.244,O10
82,10,973.388,448.530,D6
83,1,350.577,726.028,O12
83,3,1273.748,708.698,O4
83,4,663.385,631.185,D9
83,5,378.104,621.908,D10
83,9,492.242,927.445,O10
83,10,971.603,447.289,D6
84,1,348.601,724.655,O12
84,3,1271.679,713.682,O4
84,4,662.145,634.505,D9
84,5,377.117,626.131,D10
84,9,478.724,924.636,O10
84,10,969.908,446.033,D6
85,1,347.338,724.109,O12
85,3,1267.915,717.043,O4
85,4,658.687,636.265,D9
85,5,376.667,625.795,D10
85,9,470.942,923.957,O10
85,10,968.225,447.634,D6
86,1,347.586,726.764,O12
86,3,1264.056,717.118,O4
86,4,654.381,637.428,D9
86,5,376.091,625.573,D10
86,9,462.343,920.077,O10
86,10,967.711,452.016,D6
87,1,344.484,725.267,O12
87,3,1260.280,717.340,O4
87,4,648.504,636.985,D9
87,5,371.686,624.281,D10
87,9,451.102,916.446,O10
87,10,966.402,466.093,D6
88,1,326.924,690.246,O12
88,3,1259.233,715.853,O4
88,4,642.795,637.345,D9
88,5,365.918,617.245,D10
88,9,439.359,913.879,O10
88,10,965.995,473.106,D6
89,1,316.158,676.587,O12
89,3,1259.251,715.081,O4
89,4,640.510,637.550,D9
89,5,366.118,617.758,D10
89,9,426.765,906.175,O10
89,10,965.883,484.825,D6
90,1,313.834,676.290,O12
90,3,1257.130,714.920,O4
90,4,639.219,637.683,D9
90,5,363.105,616.590,D10
90,9,411.472,889.445,O10
90,10,965.944,485.494,D6
91,1,320.252,692.899,O12
91,3,1257.014,714.733,O4
91,4,635.019,636.778,D9
91,5,360.786,612.830,D10
91,9,399.286,879.195,O10
91,10,966.553,496.473,D6
92,1,329.609,708.821,O12
92,3,1258.043,714.383,O4
92,4,632.942,636.537,D9
92,5,359.497,611.458,D10
92,9,389.223,875.137,O10
92,10,965.700,507.720,D6
93,1,334.625,719.204,O12
93,3,1259.882,714.003,O4
93,4,629.692,636.864,D9
93,5,363.041,613.902,D10
93,9,381.430,875.606,O10
93,10,964.326,510.279,D6
94,1,336.228,726.171,O12
94,3,1257.325,712.958,O4
94,4,624.091,636.013,D9
94,5,362.185,611.613,D10
94,9,375.463,876.375,O10
94,10,962.755,509.430,D6
95,1,337.296,727.235,O12
95,3,1255.635,712.617,O4
95,4,615.557,633.442,D9
95,5,361.376,610.814,D10
95,9,368.248,873.912,O10
95,10,961.646,512.603,D6
96,1,337.213,727.670,O12
96,3,1255.081,711.135,O4
96,4,604.946,628.740,D9
96,5,359.546,610.768,D10
96,9,363.244,869.846,O10
96,10,960.170,512.062,D6
97,1,335.988,724.985,O12
97,3,1252.762,713.435,O4
97,4,594.055,628.027,D9
97,5,358.922,610.781,D10
97,9,356.009,864.309,O10
97,10,958.571,513.689,D6
98,1,333.741,721.091,O12
98,3,1251.688,713.006,O4
98,4,584.039,625.392,D9
98,5,358.293,612.531,D10
98,9,348.620,856.743,O10
98,10,956.840,500.078,D6
99,1,329.997,715.414,O12
99,3,1251.548,712.764,O4
99,4,577.164,628.179,D9
99,5,360.336,614.646,D10
99,9,338.279,843.647,O10
99,10,955.131,500.328,D6
100,1,328.095,713.295,O12
100,3,1252.742,711.148,O4
100,4,572.255,631.264,D9
100,5,362.085,611.842,D10
100,9,328.404,829.163,O10
100,10,954.033,505.832,D6
101,1,324.137,716.020,O12
101,3,1255.148,708.887,O4
101,4,566.984,632.983,D9
101,5,361.734,610.898,D10
101,9,319.681,815.194,O10
101,10,952.622,516.821,D6
102,1,317.891,708.518,O12
102,3,1258.569,703.751,O4
102,4,561.719,632.536,D9
102,5,357.135,607.735,D10
102,9,309.143,800.282,O10
102,10,951.602,520.988,D6
103,1,313.175,702.863,O12
103,3,1262.370,697.491,O4
103,4,556.136,634.613,D9
103,5,356.042,608.208,D10
103,9,300.164,788.701,O10
103,10,950.731,526.075,D6
104,1,312.081,702.214,O12
104,3,1267.933,686.452,O4
104,4,553.141,637.153,D9
104,5,349.570,605.774,D10
104,9,293.509,785.254,O10
104,10,949.957,534.836,D6
105,1,313.344,701.856,O12
105,3,1273.005,673.726,O4
105,4,551.108,639.986,D9
105,5,349.850,613.235,D10
105,9,287.895,781.996,O10
105,10,948.708,545.054,D6
106,1,314.400,701.668,O12
106,3,1277.371,662.954,O4
106,4,543.903,640.283,D9
106,5,347.441,618.077,D10
106,9,282.338,775.880,O10
106,10,947.790,550.465,D6
107,1,314.683,700.046,O12
107,3,1281.188,651.693,O4
107,4,539.170,642.337,D9
107,5,345.153,623.512,D10
107,9,279.127,769.734,O10
107,10,947.496,554.044,D6
108,1,317.591,702.189,O12
108,3,1282.767,647.559,O4
108,4,534.463,640.210,D9
108,5,340.361,624.364,D10
108,9,274.311,762.390,O10
108,10,946.878,556.938,D6
109,1,319.240,702.931,O12
109,3,1284.347,644.614,O4
109,4,530.864,636.371,D9
109,5,335.311,625.119,D10
109,9,267.741,751.772,O10
109,10,946.134,556.251,D6
110,1,321.715,701.417,O12
110,3,1286.605,643.445,O4
110,4,526.747,632.084,D9
110,5,334.608,630.309,D10
110,9,257.219,732.656,O10
110,10,945.897,555.831,D6
111,1,325.579,698.873,O12
111,3,1288.390,643.045,O4
111,4,522.891,627.525,D9
111,5,334.617,633.918,D10
111,9,246.214,714.285,O10
111,10,945.286,553.929,D6
112,1,327.967,696.291,O12
112,3,1290.002,642.925,O4
112,4,516.770,618.247,D9
112,5,335.328,635.185,D10
112,9,238.244,700.386,O10
112,10,946.219,552.977,D6
113,1,328.181,692.247,O12
113,3,1290.723,644.366,O4
113,4,510.057,610.243,D9
113,5,334.189,637.421,D10
113,9,232.344,689.520,O10
113,10,946.624,552.443,D6
114,1,328.070,689.173,O12
114,3,1291.744,642.101,O4
114,4,500.300,601.522,D9
114,5,330.999,630.069,D10
114,9,226.331,679.906,O10
114,10,946.185,550.584,D6
115,1,331.021,687.695,O12
115,3,1292.721,638.378,O4
115,4,488.225,590.921,D9
115,5,328.525,623.947,D10
115,9,222.094,672.140,O10
115,10,944.934,546.542,D6
116,1,331.793,688.758,O12
116,3,1293.360,634.236,O4
116,4,481.378,585.571,D9
116,5,329.101,626.658,D10
116,9,219.692,669.762,O10
116,10,943.303,541.725,D6
117,1,331.648,689.330,O12
117,3,1295.310,628.147,O4
117,4,472.703,573.992,D9
117,5,324.424,619.644,D10
117,9,218.374,667.757,O10
117,10,941.599,533.096,D6
118,1,332.253,691.108,O12
118,3,1298.138,618.342,O4
118,4,463.684,563.444,D9
118,5,323.247,615.277,D10
118,9,219.003,669.007,O10
118,10,939.898,528.242,D6
119,1,332.424,691.810,O12
119,3,1302.278,606.895,O4
119,4,454.971,558.619,D9
119,5,324.440,613.402,D10
119,9,218.637,668.204,O10
119,10,937.612,524.940,D6
120,1,332.179,689.005,O12
120,3,1305.779,597.985,O4
120,4,448.616,557.581,D9
120,5,326.497,610.808,D10
120,9,218.738,666.623,O10
120,10,934.669,527.669,D6
121,1,334.137,687.635,O12
121,3,1311.785,583.364,O4
121,4,445.374,559.387,D9
121,5,332.141,614.352,D10
121,9,216.183,658.272,O10
121,10,932.515,528.827,D6
122,1,334.722,685.589,O12
122,3,1314.875,579.526,O4
122,4,443.304,558.563,D9
122,5,339.707,625.153,D10
122,9,211.423,647.376,O10
122,10,930.097,529.552,D6
123,1,336.520,686.042,O12
123,3,1320.078,573.008,O4
123,4,441.705,560.354,D9
123,5,341.836,627.571,D10
123,9,204.114,632.033,O10
123,10,928.652,529.841,D6
124,1,333.500,670.876,O12
124,3,1325.677,568.732,O4
124,4,441.416,563.032,D9
124,5,337.519,608.435,D10
124,9,196.593,612.954,O10
124,10,928.169,531.772,D6
125,1,336.836,659.416,O12
125,3,1330.699,563.821,O4
125,4,440.406,562.466,D9
125,5,339.640,608.126,D10
125,9,190.330,599.340,O10
125,10,927.536,534.326,D6
126,1,347.334,632.048,O12
126,3,1335.317,561.853,O4
126,4,439.700,562.528,D9
126,5,330.791,579.403,D10
126,9,187.661,591.116,O10
126,10,925.546,526.954,D6
127,1,358.512,620.584,O12
127,3,1338.780,561.000,O4
127,4,438.500,560.904,D9
127,5,334.204,574.819,D10
127,9,184.916,585.015,O10
127,10,923.697,522.446,D6
128,1,371.842,625.599,O12
128,3,1341.680,559.101,O4
128,4,435.965,553.337,D9
128,5,337.833,563.988,D10
128,9,183.803,581.314,O10
128,10,921.156,510.429,D6
129,1,379.029,628.999,O12
129,3,1342.931,561.631,O4
129,4,434.632,548.725,D9
129,5,339.803,560.584,D10
129,9,183.267,578.410,O10
129,10,917.517,487.937,D6
130,1,379.512,632.593,O12
130,3,1344.330,562.622,O4
130,4,432.580,541.784,D9
130,5,341.781,557.168,D10
130,9,181.219,570.501,O10
130,10,912.649,476.186,D6
131,1,377.034,631.019,O12
131,3,1345.928,561.390,O4
131,4,431.316,535.595,D9
131,5,343.655,556.894,D10
131,9,180.849,565.944,O10
131,10,907.973,470.475,D6
132,1,378.114,628.618,O12
132,3,1347.966,557.751,O4
132,4,428.700,524.329,D9
132,5,348.653,556.162,D10
132,9,184.012,566.075,O10
132,10,904.662,470.791,D6
133,1,383.770,627.033,O12
133,3,1349.913,556.287,O4
133,4,424.186,511.030,D9
133,5,350.215,555.934,D10
133,9,185.872,564.423,O10
133,10,902.412,471.184,D6
134,1,391.531,625.752,O12
134,3,1352.374,555.595,O4
134,4,420.138,496.684,D9
134,5,351.777,555.705,D10
134,9,186.156,564.233,O10
134,10,899.903,469.902,D6
135,1,401.503,622.602,O12
135,3,1352.683,555.497,O4
135,4,415.049,483.941,D9
135,5,353.651,555.431,D10
135,9,187.769,564.166,O10
135,10,897.870,467.848,D6
136,1,411.683,622.266,O12
136,3,1353.977,555.398,O4
136,4,408.543,466.897,D9
136,5,356.763,554.975,D10
136,9,189.847,564.223,O10
136,10,896.851,472.948,D6
137,1,422.823,621.142,O12
137,3,1357.035,551.875,O4
137,4,398.683,432.344,D9
137,5,356.860,543.056,D10
137,9,191.096,563.403,O10
137,10,895.284,471.382,D6
138,1,442.708,611.794,O12
138,3,1359.388,550.504,O4
138,4,398.978,443.874,D9
138,5,364.451,552.909,D10
138,9,193.346,565.025,O10
138,10,893.765,459.772,D6
139,1,462.991,604.656,O12
139,3,1360.114,553.255,O4
139,4,402.453,456.997,D9
139,5,363.328,541.345,D10
139,9,195.420,564.594,O10
139,10,892.460,449.701,D6
140,1,480.343,600.620,O12
140,3,1360.783,554.325,O4
140,4,390.387,431.993,D9
140,5,356.633,529.317,D10
140,9,198.575,565.169,O10
140,10,890.057,440.459,D6
141,1,494.737,599.802,O12
141,3,1359.552,558.119,O4
141,4,371.167,393.464,D9
141,5,353.866,515.267,D10
141,9,202.186,568.041,O10
141,10,888.235,427.381,D6
142,1,503.981,602.432,O12
142,3,1358.240,562.801,O4
142,4,363.244,367.490,D9
142,5,352.453,499.214,D10
142,9,206.547,570.581,O10
142,10,885.070,417.928,D6
143,1,510.010,598.003,O12
143,3,1356.222,569.504,O4
143,4,366.053,371.183,D9
143,5,355.439,493.047,D10
143,9,210.667,571.279,O10
143,10,881.418,411.004,D6
144,1,514.768,592.616,O12
144,3,1355.287,573.671,O4
144,4,383.572,413.328,D9
144,5,360.411,491.575,D10
144,9,215.447,572.988,O10
144,10,877.578,405.028,D6
145,1,518.492,586.844,O12
145,3,1355.426,575.134,O4
145,4,390.589,431.915,D9
145,5,365.475,491.795,D10
145,9,219.124,573.307,O10
145,10,874.307,400.188,D6
146,1,520.637,570.637,O12
146,3,1355.451,578.688,O4
146,4,382.289,418.293,D9
146,5,372.324,492.357,D10
146,9,224.772,574.651,O10
146,10,871.485,400.949,D6
147,1,518.971,539.788,O12
147,3,1356.464,579.827,O4
147,4,373.673,407.337,D9
147,5,376.434,490.542,D10
147,9,228.767,571.226,O10
147,10,868.140,400.751,D6
148,1,529.893,513.767,O12
148,3,1355.786,583.393,O4
148,4,370.279,407.840,D9
148,5,380.126,487.752,D10
148,9,230.874,569.829,O10
148,10,864.005,400.324,D6
149,1,536.446,504.450,O12
149,3,1354.763,584.732,O4
149,4,361.431,401.733,D9
149,5,381.866,487.789,D10
149,9,232.450,569.158,O10
149,10,860.131,399.626,D6
150,1,542.479,503.780,O12
150,3,1353.472,586.839,O4
150,4,361.431,401.733,D9
150,5,384.030,485.737,D10
150,9,233.032,567.101,O10
150,10,856.491,400.947,D6
151,1,550.098,502.103,O12
151,3,1353.017,587.499,O4
151,4,361.431,401.733,D9
151,5,388.794,476.134,D10
151,9,235.392,566.041,O10
151,10,853.512,402.860,D6
152,1,554.846,496.567,O12
152,3,1353.591,587.602,O4
152,4,360.069,401.935,D9
152,5,397.280,474.885,D10
152,9,238.146,563.512,O10
152,10,851.853,403.818,D6
153,1,563.322,498.697,O12
153,3,1351.407,589.442,O4
153,4,359.047,402.087,D9
153,5,401.155,476.543,D10
153,9,240.807,560.441,O10
153,10,851.519,407.401,D6
154,1,575.366,499.323,O12
154,3,1348.856,590.334,O4
154,4,359.047,402.087,D9
154,5,407.307,466.918,D10
154,9,244.035,557.087,O10
154,10,851.475,408.758,D6
155,1,587.351,492.859,O12
155,3,1346.163,590.841,O4
155,4,355.802,392.586,D9
155,5,415.402,455.853,D10
155,9,247.473,548.826,O10
155,10,851.559,409.294,D6
156,1,596.796,483.993,O12
156,3,1343.639,591.155,O4
156,4,355.802,392.586,D9
156,5,420.221,445.862,D10
156,9,251.000,543.478,O10
156,10,849.466,411.862,D6
157,1,601.411,472.790,O12
157,3,1340.950,591.475,O4
157,4,361.281,391.773,D9
157,5,425.303,436.043,D10
157,9,254.898,542.109,O10
157,10,842.471,406.601,D6
158,1,604.159,452.531,O12
158,3,1338.423,591.823,O4
158,4,369.843,390.504,D9
158,5,432.699,432.366,D10
158,9,259.897,543.098,O10
158,10,830.935,378.759,D6
159,1,611.371,437.933,O12
159,3,1335.971,595.113,O4
159,4,374.296,389.843,D9
159,5,442.530,430.843,D10
159,9,258.898,548.691,O10
159,10,817.484,354.957,D6
160,1,620.957,431.800,O12
160,3,1332.983,601.132,O4
160,4,379.419,389.886,D9
160,5,452.111,429.404,D10
160,9,257.073,555.813,O10
160,10,802.577,349.052,D6
161,1,635.951,429.221,O12
161,3,1327.909,614.235,O4
161,4,382.225,386.607,D9
161,5,456.475,426.571,D10
161,9,258.420,569.454,O10
161,10,792.358,347.978,D6
162,1,651.675,426.048,O12
162,3,1323.587,626.624,O4
162,4,384.809,388.686,D9
162,5,460.961,427.170,D10
162,9,257.875,572.927,O10
162,10,783.629,351.980,D6
163,1,661.062,423.623,O12
163,3,1319.073,638.730,O4
163,4,388.318,395.885,D9
163,5,463.113,423.110,D10
163,9,256.893,570.678,O10
163,10,777.323,357.551,D6
164,1,669.387,421.121,O12
164,3,1316.510,646.113,O4
164,4,383.288,383.123,D9
164,5,469.420,419.596,D10
164,9,265.333,579.510,O10
164,10,770.457,361.548,D6
165,1,672.536,412.081,O12
165,3,1313.778,647.563,O4
165,4,384.034,378.990,D9
165,5,480.884,422.179,D10
165,9,272.160,585.851,O10
165,10,765.363,360.251,D6
166,1,674.691,399.336,O12
166,3,1310.993,649.617,O4
166,4,386.358,376.107,D9
166,5,490.348,417.102,D10
166,9,276.584,589.643,O10
166,10,763.064,359.930,D6
167,1,676.086,390.230,O12
167,3,1308.135,649.020,O4
167,4,390.213,374.695,D9
167,5,499.744,411.056,D10
167,9,280.400,590.647,O10
167,10,755.572,315.077,D6
168,1,678.934,380.216,O12
168,3,1304.494,651.855,O4
168,4,390.794,373.285,D9
168,5,508.230,402.649,D10
168,9,282.686,588.974,O10
168,10,757.045,334.569,D6
169,1,683.247,362.208,O12
169,3,1299.177,658.953,O4
169,4,391.905,373.935,D9
169,5,516.947,397.568,D10
169,9,287.013,589.600,O10
169,10,751.477,296.839,D6
170,1,689.843,339.339,O12
170,3,1294.094,666.054,O4
170,4,392.631,375.379,D9
170,5,526.987,388.154,D10
170,9,290.479,585.864,O10
170,10,755.677,314.521,D6
171,1,695.994,314.373,O12
171,3,1289.989,671.704,O4
171,4,394.054,375.879,D9
171,5,533.611,379.844,D10
171,9,295.167,583.896,O10
171,10,761.733,320.030,D6
172,1,703.733,299.527,O12
172,3,1283.663,677.088,O4
172,4,394.724,372.701,D9
172,5,540.064,376.134,D10
172,9,299.935,582.608,O10
172,10,762.808,320.227,D6
173,1,709.429,283.260,O12
173,3,1278.094,682.139,O4
173,4,398.397,372.232,D9
173,5,545.636,373.293,D10
173,9,304.493,583.531,O10
173,10,763.927,314.812,D6
174,1,717.702,271.697,O12
174,3,1274.082,686.837,O4
174,4,403.168,372.747,D9
174,5,552.573,372.688,D10
174,9,306.356,585.597,O10
174,10,767.105,313.492,D6
175,1,723.429,265.092,O12
175,3,1272.161,691.240,O4
175,4,409.024,373.556,D9
175,5,558.087,369.952,D10
175,9,305.381,586.653,O10
175,10,773.193,302.302,D6
176,1,729.779,262.538,O12
176,3,1270.643,692.849,O4
176,4,416.297,375.419,D9
176,5,560.713,358.746,D10
176,9,304.271,587.099,O10
176,10,777.498,304.646,D6
177,1,735.058,266.699,O12
177,3,1270.001,693.329,O4
177,4,424.274,380.999,D9
177,5,566.915,365.269,D10
177,9,304.933,594.250,O10
177,10,784.611,308.292,D6
178,1,737.967,273.533,O12
178,3,1270.155,693.292,O4
178,4,432.657,391.179,D9
178,5,571.887,369.602,D10
178,9,306.619,602.084,O10
178,10,789.759,310.565,D6
179,1,740.110,271.085,O12
179,3,1271.078,692.951,O4
179,4,437.970,396.829,D9
179,5,575.180,364.369,D10
179,9,307.352,606.701,O10
179,10,794.026,310.008,D6
180,1,741.466,266.557,O12
180,3,1271.552,691.313,O4
180,4,442.562,395.235,D9
180,5,583.884,365.680,D10
180,9,307.677,610.031,O10
180,10,799.188,302.355,D6
181,1,743.066,271.238,O12
181,3,1272.291,690.518,O4
181,4,449.480,395.938,D9
181,5,591.423,357.820,D10
181,9,306.461,609.597,O10
181,10,802.675,302.769,D6
182,1,749.955,259.774,O12
182,3,1272.642,690.138,O4
182,4,452.931,392.760,D9
182,5,599.477,350.721,D10
182,9,304.306,609.596,O10
182,10,804.002,296.084,D6
183,1,751.325,245.872,O12
183,3,1273.767,689.872,O4
183,4,455.409,393.580,D9
183,5,605.231,343.235,D10
183,9,300.134,610.027,O10
183,10,804.245,291.427,D6
184,1,750.455,236.055,O12
184,3,1274.721,689.615,O4
184,4,457.991,395.786,D9
184,5,612.904,340.769,D10
184,9,295.850,612.248,O10
184,10,807.770,286.891,D6
185,1,744.293,224.584,O12
185,3,1275.059,690.825,O4
185,4,460.922,401.733,D9
185,5,619.923,342.736,D10
185,9,293.699,613.074,O10
185,10,803.403,280.287,D6
186,1,739.425,217.192,O12
186,3,1275.955,689.828,O4
186,4,462.427,403.855,D9
186,5,622.516,340.159,D10
186,9,288.447,613.938,O10
186,10,801.245,272.044,D6
187,1,738.143,208.104,O12
187,3,1276.743,690.629,O4
187,4,465.484,407.468,D9
187,5,625.901,340.014,D10
187,9,285.226,616.118,O10
187,10,799.782,270.256,D6
188,1,737.291,202.547,O12
188,3,1278.548,689.322,O4
188,4,468.002,407.459,D9
188,5,627.682,339.954,D10
188,9,281.612,618.958,O10
188,10,797.759,267.554,D6
189,1,737.229,203.511,O12
189,3,1280.676,688.567,O4
189,4,471.198,407.011,D9
189,5,628.334,337.687,D10
189,9,281.188,619.842,O10
189,10,797.616,259.350,D6
190,1,735.549,201.650,O12
190,3,1280.763,684.296,O4
190,4,474.329,407.567,D9
190,5,629.333,335.594,D10
190,9,280.978,621.846,O10
190,10,797.964,253.866,D6
191,1,735.287,205.044,O12
191,3,1281.607,679.862,O4
191,4,479.784,404.939,D9
191,5,632.138,335.689,D10
191,9,280.898,622.541,O10
191,10,799.240,250.566,D6
192,1,734.803,209.094,O12
192,3,1283.017,675.305,O4
192,4,484.490,402.418,D9
192,5,636.321,336.475,D10
192,9,285.004,623.909,O10
192,10,799.849,250.693,D6
193,1,734.731,211.919,O12
193,3,1285.612,670.536,O4
193,4,488.690,402.138,D9
193,5,639.983,335.369,D10
193,9,288.235,624.158,O10
193,10,801.845,242.083,D6
194,1,732.796,208.473,O12
194,3,1289.159,665.619,O4
194,4,492.219,400.568,D9
194,5,646.011,333.117,D10
194,9,291.809,625.540,O10
194,10,801.185,236.655,D6
195,1,729.073,198.992,O12
195,3,1292.336,660.791,O4
195,4,496.509,397.371,D9
195,5,653.432,329.295,D10
195,9,294.786,625.785,O10
195,10,802.080,218.370,D6
196,1,724.135,183.288,O12
196,3,1295.138,656.021,O4
196,4,501.998,392.295,D9
196,5,660.771,329.515,D10
196,9,298.258,627.253,O10
196,10,802.946,201.244,D6
197,1,713.437,161.790,O12
197,3,1298.071,649.851,O4
197,4,504.377,387.043,D9
197,5,665.469,328.227,D10
197,9,299.717,629.434,O10
197,10,804.287,183.166,D6
198,1,704.727,135.372,O12
198,3,1299.396,647.529,O4
198,4,509.164,393.369,D9
198,5,669.513,327.421,D10
198,9,302.028,631.676,O10
198,10,800.993,162.479,D6
199,1,698.373,111.917,O12
199,3,1300.117,645.350,O4
199,4,510.374,391.399,D9
199,5,673.774,325.631,D10
199,9,306.601,631.932,O10
199,10,802.837,160.140,D6
200,1,692.351,85.192,O12
200,3,1300.074,644.659,O4
200,4,510.929,393.940,D9
200,5,677.652,324.618,D10
200,9,311.088,631.529,O10
200,10,806.423,152.366,D6
201,1,687.189,63.750,O12
201,3,1299.552,643.145,O4
201,4,514.670,397.588,D9
201,5,681.194,322.778,D10
201,9,313.064,629.512,O10
201,10,817.873,146.901,D6
202,1,684.630,44.095,O12
202,3,1299.555,642.667,O4
202,4,520.602,400.455,D9
202,5,685.029,322.930,D10
202,9,313.534,627.018,O10
202,10,817.829,147.301,D6
203,1,679.712,34.440,O12
203,3,1298.436,644.179,O4
203,4,523.461,399.304,D9
203,5,686.744,321.876,D10
203,9,315.841,625.755,O10
203,10,821.457,148.628,D6
204,1,676.686,27.197,O12
204,3,1297.227,644.973,O4
204,4,527.051,399.574,D9
204,5,688.252,320.234,D10
204,9,317.565,623.416,O10
204,10,820.523,149.764,D6
205,1,673.776,32.494,O12
205,3,1295.176,646.964,O4
205,4,530.548,401.433,D9
205,5,691.015,318.144,D10
205,9,320.951,623.832,O10
205,10,820.363,153.069,D6
206,1,670.288,32.371,O12
206,3,1292.498,646.620,O4
206,4,536.154,404.759,D9
206,5,695.834,313.358,D10
206,9,323.797,623.766,O10
206,10,823.795,145.920,D6
207,1,670.524,43.178,O12
207,3,1290.377,645.242,O4
207,4,543.006,405.239,D9
207,5,699.834,310.085,D10
207,9,324.139,622.110,O10
207,10,826.881,140.392,D6
208,1,664.123,20.898,O12
208,3,1288.194,643.472,O4
208,4,546.513,405.153,D9
208,5,703.543,307.342,D10
208,9,326.343,621.130,O10
208,10,829.783,134.010,D6
209,1,664.526,63.883,O12
209,3,1286.712,641.515,O4
209,4,550.755,413.145,D9
209,5,706.802,307.249,D10
209,9,330.978,621.927,O10
209,10,832.876,131.524,D6
210,1,665.816,96.684,O12
210,3,1284.921,641.037,O4
210,4,553.423,410.723,D9
210,5,711.050,306.853,D10
210,9,334.177,620.319,O10
210,10,835.763,126.422,D6
211,1,667.457,135.698,O12
211,3,1283.751,640.997,O4
211,4,562.021,424.446,D9
211,5,717.209,313.009,D10
211,9,336.897,619.496,O10
211,10,839.475,122.965,D6
212,1,667.513,164.275,O12
212,3,1282.691,639.644,O4
212,4,567.675,424.950,D9
212,5,719.912,315.272,D10
212,9,338.796,617.317,O10
212,10,842.507,128.418,D6
213,1,666.193,174.318,O12
213,3,1282.617,637.745,O4
213,4,571.478,424.834,D9
213,5,724.881,317.937,D10
213,9,340.504,616.407,O10
213,10,844.006,127.886,D6
214,1,666.026,174.674,O12
214,3,1283.291,632.681,O4
214,4,571.581,416.504,D9
214,5,730.499,315.015,D10
214,9,341.481,614.317,O10
214,10,844.353,127.895,D6
215,1,664.650,170.304,O12
215,3,1283.116,629.431,O4
215,4,578.515,434.355,D9
215,5,733.936,310.212,D10
215,9,342.155,611.720,O10
215,10,845.899,129.165,D6
216,1,664.012,167.014,O12
216,3,1282.938,625.350,O4
216,4,582.399,444.585,D9
216,5,737.989,311.397,D10
216,9,343.523,612.283,O10
216,10,846.565,133.745,D6
217,1,663.998,171.186,O12
217,3,1281.895,618.128,O4
217,4,585.467,448.109,D9
217,5,739.824,309.493,D10
217,9,345.732,614.049,O10
217,10,847.294,132.780,D6
218,1,662.944,169.927,O12
218,3,1280.684,603.660,O4
218,4,587.534,446.093,D9
218,5,740.342,313.398,D10
218,9,348.050,614.471,O10
218,10,845.912,129.930,D6
219,1,659.942,165.657,O12
219,3,1277.962,590.956,O4
219,4,589.333,445.051,D9
219,5,739.960,311.518,D10
219,9,352.116,615.940,O10
219,10,841.986,130.857,D6
220,1,660.179,167.712,O12
220,3,1274.100,578.906,O4
220,4,591.077,447.374,D9
220,5,740.534,312.983,D10
220,9,356.216,616.100,O10
220,10,837.379,133.020,D6
221,1,659.945,165.778,O12
221,3,1268.768,573.566,O4
221,4,591.413,438.989,D9
221,5,741.881,313.350,D10
221,9,359.850,615.862,O10
221,10,834.080,131.373,D6
222,1,658.431,159.829,O12
222,3,1262.114,570.910,O4
222,4,593.281,444.721,D9
222,5,744.627,311.987,D10
222,9,363.414,617.184,O10
222,10,839.058,127.156,D6
223,1,656.607,153.522,O12
223,3,1257.942,570.333,O4
223,4,594.196,442.619,D9
223,5,748.188,312.259,D10
223,9,365.664,615.791,O10
223,10,832.585,124.065,D6
224,1,655.484,152.524,O12
224,3,1253.884,570.744,O4
224,4,595.851,445.713,D9
224,5,752.039,313.157,D10
224,9,367.743,618.584,O10
224,10,839.413,121.616,D6
225,1,654.634,149.357,O12
225,3,1250.123,569.788,O4
225,4,596.239,443.623,D9
225,5,756.451,312.965,D10
225,9,368.184,616.121,O10
225,10,832.762,101.133,D6
226,1,654.389,148.313,O12
226,3,1245.894,573.309,O4
226,4,597.943,444.766,D9
226,5,763.855,320.200,D10
226,9,369.164,611.706,O10
226,10,834.439,102.898,D6
227,1,656.536,152.980,O12
227,3,1242.168,573.461,O4
227,4,600.752,446.860,D9
227,5,769.755,329.128,D10
227,9,372.140,607.917,O10
227,10,830.910,111.242,D6
228,1,657.827,153.400,O12
228,3,1238.976,574.011,O4
228,4,606.722,454.052,D9
228,5,773.620,332.287,D10
228,9,376.303,602.545,O10
228,10,831.636,115.592,D6
229,1,659.246,164.152,O12
229,3,1236.335,571.341,O4
229,4,612.498,463.076,D9
229,5,776.654,338.658,D10
229,9,380.977,598.237,O10
229,10,827.706,115.126,D6
230,1,661.188,177.352,O12
230,3,1234.175,567.436,O4
230,4,620.713,484.992,D9
230,5,779.092,342.983,D10
230,9,388.292,595.866,O10
230,10,824.314,115.263,D6
231,1,664.868,201.562,O12
231,3,1230.660,566.504,O4
231,4,625.924,498.389,D9
231,5,781.878,352.018,D10
231,9,397.178,595.934,O10
231,10,825.373,112.264,D6
232,1,665.859,208.004,O12
232,3,1226.613,561.964,O4
232,4,629.065,512.534,D9
232,5,784.737,362.748,D10
232,9,403.482,593.888,O10
232,10,823.047,108.921,D6
233,1,666.393,211.377,O12
233,3,1223.899,552.350,O4
233,4,631.591,513.718,D9
233,5,787.408,371.665,D10
233,9,406.444,589.469,O10
233,10,821.411,106.279,D6
234,1,665.598,205.977,O12
234,3,1220.864,537.568,O4
234,4,633.717,511.790,D9
234,5,789.879,378.850,D10
234,9,411.748,585.408,O10
234,10,827.241,101.556,D6
235,1,664.434,202.534,O12
235,3,1218.551,530.602,O4
235,4,634.983,505.042,D9
235,5,791.799,380.116,D10
235,9,419.032,584.964,O10
235,10,827.336,105.794,D6
236,1,663.509,202.555,O12
236,3,1214.395,520.233,O4
236,4,635.016,503.277,D9
236,5,794.299,381.247,D10
236,9,424.325,582.674,O10
236,10,831.143,111.050,D6
237,1,662.783,199.912,O12
237,3,1209.085,517.118,O4
237,4,634.199,507.378,D9
237,5,797.318,385.404,D10
237,9,428.938,581.481,O10
237,10,825.801,118.306,D6
238,1,661.861,198.907,O12
238,3,1205.405,511.280,O4
238,4,635.886,525.317,D9
238,5,800.633,391.706,D10
238,9,430.661,579.327,O10
238,10,828.677,121.686,D6
239,1,661.709,199.780,O12
239,3,1200.902,511.513,O4
239,4,637.587,540.640,D9
239,5,803.361,391.679,D10
239,9,433.786,578.209,O10
239,10,829.141,121.678,D6
240,1,661.555,203.988,O12
240,3,1194.376,510.832,O4
240,4,640.561,566.934,D9
240,5,805.862,389.171,D10
240,9,436.418,577.645,O10
240,10,829.048,117.537,D6
241,1,658.678,204.653,O12
241,3,1186.801,513.238,O4
241,4,642.894,588.206,D9
241,5,808.843,391.950,D10
241,9,439.880,573.499,O10
241,10,829.019,115.956,D6
242,1,658.016,207.289,O12
242,3,1181.082,512.958,O4
242,4,644.932,599.184,D9
242,5,812.462,394.530,D10
242,9,444.904,569.635,O10
242,10,827.165,119.745,D6
243,1,656.061,209.735,O12
243,3,1176.247,509.968,O4
243,4,646.808,606.166,D9
243,5,815.586,396.124,D10
243,9,451.098,565.750,O10
243,10,825.361,114.357,D6
244,1,655.176,218.374,O12
244,3,1172.794,509.254,O4
244,4,647.087,606.911,D9
244,5,819.002,396.297,D10
244,9,461.217,565.064,O10
244,10,824.062,113.836,D6
245,1,654.281,226.742,O12
245,3,1170.451,509.402,O4
245,4,647.055,606.860,D9
245,5,821.474,398.190,D10
245,9,469.285,562.423,O10
245,10,822.806,123.592,D6
246,1,651.083,231.668,O12
246,3,1169.062,504.529,O4
246,4,646.504,606.734,D9
246,5,825.713,418.861,D10
246,9,476.325,562.857,O10
246,10,821.772,127.451,D6
247,1,648.695,238.517,O12
247,3,1167.523,499.334,O4
247,4,645.803,609.710,D9
247,5,829.133,428.986,D10
247,9,483.173,560.536,O10
247,10,823.904,144.663,D6
248,1,647.075,248.572,O12
248,3,1164.124,497.929,O4
248,4,648.826,629.708,D9
248,5,832.528,431.375,D10
248,9,492.518,560.511,O10
248,10,826.734,159.925,D6
249,1,647.036,259.594,O12
249,3,1159.940,496.242,O4
249,4,652.311,653.786,D9
249,5,838.381,440.297,D10
249,9,498.766,561.991,O10
249,10,826.082,160.679,D6
250,1,648.003,273.238,O12
250,3,1156.144,490.738,O4
250,4,655.783,675.851,D9
250,5,844.210,446.839,D10
250,9,503.174,562.298,O10
250,10,825.925,151.451,D6
251,1,648.164,280.604,O12
251,3,1151.675,485.727,O4
251,4,658.716,696.919,D9
251,5,850.745,454.324,D10
251,9,508.842,567.313,O10
251,10,827.285,158.350,D6
252,1,649.392,282.746,O12
252,3,1139.845,488.827,O4
252,4,659.633,708.823,D9
252,5,855.787,463.987,D10
252,9,514.366,572.091,O10
252,10,828.254,157.876,D6
253,1,653.639,298.338,O12
253,3,1130.968,488.966,O4
253,4,658.447,713.186,D9
253,5,859.900,468.966,D10
253,9,519.399,573.408,O10
253,10,828.782,140.106,D6
254,1,656.637,308.348,O12
254,3,1125.606,489.449,O4
254,4,656.972,714.568,D9
254,5,863.628,471.251,D10
254,9,523.762,573.508,O10
254,10,828.503,115.130,D6
255,1,659.053,311.763,O12
255,3,1120.672,488.433,O4
255,4,654.890,714.965,D9
255,5,867.745,481.794,D10
255,9,527.972,571.421,O10
255,10,829.684,104.087,D6
256,1,661.390,313.688,O12
256,3,1113.583,488.908,O4
256,4,652.782,713.497,D9
256,5,872.897,492.374,D10
256,9,535.354,571.498,O10
256,10,831.013,102.816,D6
257,1,664.468,316.149,O12
257,3,1106.402,491.632,O4
257,4,651.250,714.173,D9
257,5,877.625,499.367,D10
257,9,543.609,583.007,O10
257,10,831.936,109.398,D6
258,1,666.956,313.252,O12
258,3,1100.187,493.295,O4
258,4,652.664,728.243,D9
258,5,884.295,502.933,D10
258,9,549.053,595.505,O10
258,10,833.624,111.832,D6
259,1,671.006,319.512,O12
259,3,1096.297,495.992,O4
259,4,654.481,748.284,D9
259,5,889.575,505.359,D10
259,9,553.221,608.185,O10
259,10,836.051,119.430,D6
260,1,675.216,322.428,O12
260,3,1094.047,498.899,O4
260,4,655.018,770.223,D9
260,5,893.724,507.492,D10
260,9,557.679,612.471,O10
260,10,838.979,143.667,D6
261,1,679.871,322.949,O12
261,3,1091.657,502.075,O4
261,4,653.295,782.462,D9
261,5,899.343,516.520,D10
261,9,556.656,597.630,O10
261,10,842.385,157.634,D6
262,1,683.071,320.461,O12
262,3,1088.926,501.801,O4
262,4,644.139,789.348,D9
262,5,901.724,516.073,D10
262,9,557.199,589.738,O10
262,10,844.116,160.233,D6
263,1,686.907,324.683,O12
263,3,1086.034,503.782,O4
263,4,635.740,791.006,D9
263,5,905.984,538.088,D10
263,9,569.806,627.532,O10
263,10,845.822,156.969,D6
264,1,690.779,330.332,O12
264,3,1082.797,504.885,O4
264,4,628.606,790.484,D9
264,5,909.237,550.873,D10
264,9,571.941,629.931,O10
264,10,847.599,152.846,D6
265,1,696.041,337.407,O12
265,3,1075.626,506.166,O4
265,4,616.775,792.633,D9
265,5,914.097,558.312,D10
265,9,581.136,624.521,O10
265,10,848.639,157.738,D6
266,1,703.050,345.864,O12
266,3,1069.188,507.183,O4
266,4,615.709,792.712,D9
266,5,918.591,565.460,D10
266,9,588.642,624.946,O10
266,10,849.843,163.322,D6
267,1,710.380,365.842,O12
267,3,1060.517,512.042,O4
267,4,611.934,787.807,D9
267,5,923.808,567.442,D10
267,9,592.537,629.716,O10
267,10,853.666,167.537,D6
268,1,716.559,372.564,O12
268,3,1054.581,517.695,O4
268,4,607.664,791.346,D9
268,5,928.812,565.759,D10
268,9,593.142,626.634,O10
268,10,852.593,170.672,D6
269,1,722.332,373.337,O12
269,3,1049.825,523.633,O4
269,4,598.927,797.477,D9
269,5,933.353,567.834,D10
269,9,595.057,628.359,O10
269,10,854.342,175.367,D6
270,1,728.233,375.008,O12
270,3,1044.409,528.149,O4
270,4,590.637,809.349,D9
270,5,938.174,574.616,D10
270,9,603.487,634.319,O10
270,10,855.141,180.995,D6
271,1,732.612,373.949,O12
271,3,1042.320,528.106,O4
271,4,582.944,824.320,D9
271,5,943.619,584.517,D10
271,9,612.428,648.359,O10
271,10,856.761,184.063,D6
272,1,736.361,371.820,O12
272,3,1038.390,526.670,O4
272,4,576.344,837.669,D9
272,5,947.652,595.672,D10
272,9,617.867,656.215,O10
272,10,859.144,183.329,D6
273,1,739.901,369.476,O12
273,3,1034.794,528.121,O4
273,4,570.480,852.668,D9
273,5,952.115,602.429,D10
273,9,621.109,660.410,O10
273,10,863.841,183.698,D6
274,1,744.176,373.401,O12
274,3,1031.656,523.718,O4
274,4,565.527,860.858,D9
274,5,958.851,611.824,D10
274,9,620.788,661.981,O10
274,10,870.150,184.345,D6
275,1,748.721,379.689,O12
275,3,1029.988,523.805,O4
275,4,560.748,862.924,D9
275,5,964.374,616.256,D10
275,9,620.048,662.473,O10
275,10,873.287,184.309,D6
276,1,753.569,383.664,O12
276,3,1028.529,534.420,O4
276,4,556.413,862.587,D9
276,5,969.333,620.422,D10
276,9,619.899,664.086,O10
276,10,877.411,193.105,D6
277,1,755.664,384.881,O12
277,3,1028.087,524.587,O4
277,4,552.091,863.713,D9
277,5,975.084,621.101,D10
277,9,619.616,664.459,O10
277,10,879.660,198.540,D6
278,1,756.685,383.012,O12
278,3,1023.956,531.703,O4
278,4,548.333,864.262,D9
278,5,981.634,628.182,D10
278,9,618.530,663.025,O10
278,10,883.635,201.187,D6
279,1,758.430,384.091,O12
279,3,1018.957,531.371,O4
279,4,544.078,863.496,D9
279,5,986.878,637.745,D10
279,9,616.893,664.119,O10
279,10,889.037,204.007,D6
280,1,760.737,384.084,O12
280,3,1013.380,531.739,O4
280,4,540.733,864.470,D9
280,5,990.604,646.806,D10
280,9,614.182,664.738,O10
280,10,893.688,207.040,D6
281,1,762.797,384.875,O12
281,3,1010.910,512.718,O4
281,4,535.172,866.485,D9
281,5,993.187,657.152,D10
281,9,610.204,668.382,O10
281,10,900.384,206.067,D6
282,1,765.143,383.767,O12
282,3,1004.170,516.972,O4
282,4,528.850,866.539,D9
282,5,994.449,666.545,D10
282,9,604.074,665.764,O10
282,10,907.940,202.283,D6
283,1,768.516,385.006,O12
283,3,999.362,510.046,O4
283,4,522.136,867.065,D9
283,5,997.045,675.256,D10
283,9,595.890,667.017,O10
283,10,917.889,202.151,D6
284,1,770.673,383.141,O12
284,3,995.669,527.150,O4
284,4,512.800,863.373,D9
284,5,1000.755,679.295,D10
284,9,587.007,666.728,O10
284,10,928.087,202.347,D6
285,1,774.224,386.207,O12
285,3,995.253,524.756,O4
285,4,504.852,864.898,D9
285,5,1004.957,681.549,D10
285,9,579.452,667.208,O10
285,10,937.850,206.481,D6
286,1,777.817,386.957,O12
286,3,991.232,534.769,O4
286,4,495.311,865.146,D9
286,5,1010.299,683.025,D10
286,9,571.853,663.387,O10
286,10,943.975,208.785,D6
287,1,780.460,382.743,O12
287,3,987.142,542.260,O4
287,4,486.358,869.547,D9
287,5,1016.615,684.101,D10
287,9,566.192,660.707,O10
287,10,947.976,211.785,D6
288,1,783.817,381.843,O12
288,3,984.045,548.712,O4
288,4,478.658,875.365,D9
288,5,1022.636,685.261,D10
288,9,560.662,658.599,O10
288,10,955.379,213.265,D6
289,1,787.962,381.064,O12
289,3,983.051,549.388,O4
289,4,472.858,882.647,D9
289,5,1027.763,694.790,D10
289,9,555.828,661.322,O10
289,10,963.797,214.116,D6
290,1,790.824,369.908,O12
290,3,984.469,551.001,O4
290,4,468.128,895.020,D9
290,5,1032.575,704.624,D10
290,9,549.415,664.640,O10
290,10,975.168,211.947,D6
291,1,794.349,359.769,O12
291,3,984.528,551.560,O4
291,4,461.826,901.360,D9
291,5,1038.835,714.178,D10
291,9,542.519,668.073,O10
291,10,983.356,223.234,D6
292,1,799.702,345.532,O12
292,3,986.611,553.127,O4
292,4,453.618,905.650,D9
292,5,1045.250,726.260,D10
292,9,536.442,671.467,O10
292,10,991.676,221.993,D6
293,1,808.188,334.760,O12
293,3,991.139,554.769,O4
293,4,445.493,907.821,D9
293,5,1051.292,735.281,D10
293,9,533.168,672.853,O10
293,10,1001.445,220.536,D6
294,1,816.893,331.094,O12
294,3,996.099,554.857,O4
294,4,438.256,907.987,D9
294,5,1056.648,736.727,D10
294,9,532.037,673.350,O10
294,10,1013.749,218.700,D6
295,1,825.726,330.060,O12
295,3,988.867,562.796,O4
295,4,431.346,903.943,D9
295,5,1060.591,749.569,D10
295,9,531.332,671.961,O10
295,10,1022.074,217.458,D6
296,1,831.834,330.506,O12
296,3,1001.140,566.846,O4
296,4,427.028,899.036,D9
296,5,1064.303,758.862,D10
296,9,529.841,668.444,O10
296,10,1021.745,228.402,D6
297,1,837.577,330.280,O12
297,3,1004.860,570.036,O4
297,4,422.351,892.788,D9
297,5,1066.525,764.452,D10
297,9,526.061,662.774,O10
297,10,1041.909,225.397,D6
298,1,844.763,333.950,O12
298,3,997.462,575.683,O4
298,4,420.866,891.518,D9
298,5,1068.654,771.050,D10
298,9,521.897,656.231,O10
298,10,1050.305,237.599,D6
299,1,853.011,338.997,O12
299,3,1006.050,574.401,O4
299,4,416.084,889.240,D9
299,5,1070.937,776.731,D10
299,9,517.018,649.400,O10
299,10,1055.489,255.352,D6
300,1,861.169,348.910,O12
300,3,1010.260,578.557,O4
300,4,410.993,890.005,D9
300,5,1072.192,779.756,D10
300,9,512.457,640.694,O10
300,10,1063.442,264.596,D6
301,1,868.141,349.853,O12
301,3,1013.078,581.419,O4
301,4,403.459,891.104,D9
301,5,1073.047,779.332,D10
301,9,507.813,634.611,O10
301,10,1071.197,263.444,D6
302,1,874.252,349.728,O12
302,3,1018.545,583.397,O4
302,4,394.922,888.827,D9
302,5,1073.983,777.632,D10
302,9,502.627,629.649,O10
302,10,1075.780,262.764,D6
303,1,877.064,347.388,O12
303,3,1021.760,582.280,O4
303,4,386.467,886.348,D9
303,5,1076.081,776.549,D10
303,9,498.726,628.184,O10
303,10,1091.294,260.459,D6
304,1,880.159,344.024,O12
304,3,1027.465,582.736,O4
304,4,381.409,884.538,D9
304,5,1079.068,775.710,D10
304,9,496.420,627.940,O10
304,10,1105.051,258.415,D6
305,1,883.505,342.452,O12
305,3,1032.794,583.984,O4
305,4,375.523,880.873,D9
305,5,1082.981,774.835,D10
305,9,495.779,627.977,O10
305,10,1110.294,280.697,D6
306,1,889.479,343.403,O12
306,3,1040.722,580.327,O4
306,4,369.250,876.455,D9
306,5,1087.692,776.379,D10
306,9,495.688,628.084,O10
306,10,1122.726,296.409,D6
307,1,897.676,342.874,O12
307,3,1043.899,585.271,O4
307,4,364.116,874.021,D9
307,5,1091.630,784.993,D10
307,9,495.328,626.640,O10
307,10,1135.505,301.941,D6
308,1,906.720,341.780,O12
308,3,1048.451,596.053,O4
308,4,360.080,872.243,D9
308,5,1096.008,791.265,D10
308,9,494.704,627.909,O10
308,10,1144.554,303.063,D6
309,1,916.777,342.513,O12
309,3,1051.145,609.099,O4
309,4,356.893,870.613,D9
309,5,1101.358,801.214,D10
309,9,493.500,628.588,O10
309,10,1156.759,323.653,D6
310,1,927.129,340.665,O12
310,3,1052.244,621.429,O4
310,4,351.683,865.652,D9
310,5,1105.294,812.602,D10
310,9,492.597,628.962,O10
310,10,1163.753,317.204,D6
311,1,933.366,338.547,O12
311,3,1054.920,634.577,O4
311,4,345.166,859.451,D9
311,5,1106.230,825.915,D10
311,9,490.772,629.377,O10
311,10,1168.161,345.001,D6
312,1,940.410,339.139,O12
312,3,1056.086,645.160,O4
312,4,338.004,851.461,D9
312,5,1105.971,837.445,D10
312,9,489.110,628.011,O10
312,10,1171.457,362.789,D6
313,1,950.058,341.555,O12
313,3,1059.197,650.031,O4
313,4,331.974,845.198,D9
313,5,1105.508,840.406,D10
313,9,488.074,625.933,O10
313,10,1176.757,379.646,D6
314,1,957.188,348.380,O12
314,3,1061.299,653.029,O4
314,4,325.718,838.342,D9
314,5,1103.024,842.685,D10
314,9,487.240,623.575,O10
314,10,1184.530,387.003,D6
315,1,963.255,353.600,O12
315,3,1062.933,650.923,O4
315,4,319.200,835.199,D9
315,5,1101.159,843.396,D10
315,9,484.503,614.646,O10
315,10,1197.421,389.041,D6
316,1,967.763,358.393,O12
316,3,1064.065,655.673,O4
316,4,315.239,833.095,D9
316,5,1100.174,841.212,D10
316,9,482.526,608.035,O10
316,10,1208.765,388.571,D6
317,1,972.762,359.672,O12
317,3,1064.613,642.670,O4
317,4,311.421,830.237,D9
317,5,1099.261,842.585,D10
317,9,482.432,603.854,O10
317,10,1218.874,386.223,D6
318,1,976.764,363.930,O12
318,3,1067.495,639.976,O4
318,4,308.383,825.542,D9
318,5,1097.686,843.119,D10
318,9,479.973,592.320,O10
318,10,1234.139,388.336,D6
319,1,981.020,362.004,O12
319,3,1078.513,647.939,O4
319,4,305.457,822.964,D9
319,5,1094.549,842.494,D10
319,9,478.176,581.170,O10
319,10,1240.427,387.920,D6
320,1,986.568,358.440,O12
320,3,1080.144,645.216,O4
320,4,300.665,817.273,D9
320,5,1091.519,839.031,D10
320,9,477.109,571.745,O10
320,10,1250.837,390.242,D6
321,1,993.183,360.587,O12
321,3,1080.446,651.516,O4
321,4,294.122,811.898,D9
321,5,1086.729,831.400,D10
321,9,477.419,566.524,O10
321,10,1256.701,403.232,D6
322,1,998.978,359.755,O12
322,3,1079.964,666.910,O4
322,4,287.380,809.313,D9
322,5,1079.419,824.599,D10
322,9,478.077,566.508,O10
322,10,1260.068,420.889,D6
323,1,1006.368,360.740,O12
323,3,1076.585,672.907,O4
323,4,283.128,808.777,D9
323,5,1070.717,815.955,D10
323,9,478.876,568.409,O10
323,10,1265.875,432.201,D6
324,1,1013.773,359.318,O12
324,3,1074.049,690.682,O4
324,4,280.152,807.580,D9
324,5,1061.177,811.182,D10
324,9,478.160,567.667,O10
324,10,1272.074,442.958,D6
325,1,1020.346,361.290,O12
325,3,1071.224,695.921,O4
325,4,277.314,807.512,D9
325,5,1051.346,809.106,D10
325,9,477.421,565.796,O10
325,10,1278.364,453.381,D6
326,1,1023.875,354.497,O12
326,3,1070.934,697.505,O4
326,4,274.828,806.455,D9
326,5,1045.024,806.394,D10
326,9,477.750,565.141,O10
326,10,1286.519,456.201,D6
327,1,1026.731,351.611,O12
327,3,1073.339,691.949,O4
327,4,271.795,803.732,D9
327,5,1039.789,804.654,D10
327,9,476.905,557.866,O10
327,10,1297.424,454.003,D6
328,1,1029.193,356.642,O12
328,3,1073.800,686.837,O4
328,4,269.818,802.903,D9
328,5,1032.799,804.769,D10
328,9,475.513,551.677,O10
328,10,1307.720,451.913,D6
329,1,1035.031,377.480,O12
329,3,1070.042,686.783,O4
329,4,265.685,797.736,D9
329,5,1028.573,800.368,D10
329,9,472.911,540.500,O10
329,10,1315.707,452.082,D6
330,1,1039.854,388.801,O12
330,3,1064.255,687.348,O4
330,4,262.701,794.743,D9
330,5,1021.011,792.404,D10
330,9,472.041,534.643,O10
330,10,1315.343,466.838,D6
331,1,1042.307,388.894,O12
331,3,1055.141,685.648,O4
331,4,260.119,792.573,D9
331,5,1014.672,777.582,D10
331,9,469.288,528.257,O10
331,10,1310.691,486.650,D6
332,1,1054.211,402.208,O12
332,3,1053.759,673.271,O4
332,4,256.999,789.367,D9
332,5,1009.783,767.340,D10
332,9,465.542,520.681,O10
332,10,1309.877,502.142,D6
333,1,1059.856,404.877,O12
333,3,1049.057,661.773,O4
333,4,250.904,780.436,D9
333,5,1002.367,748.807,D10
333,9,463.911,519.145,O10
333,10,1310.358,520.852,D6
334,1,1063.656,406.406,O12
334,3,1039.689,657.075,O4
334,4,245.946,771.745,D9
334,5,994.334,744.251,D10
334,9,463.038,517.858,O10
334,10,1318.129,521.656,D6
335,1,1065.489,405.693,O12
335,3,1030.284,660.668,O4
335,4,239.760,761.930,D9
335,5,983.732,743.935,D10
335,9,464.985,517.294,O10
335,10,1321.501,523.094,D6
336,1,1065.697,408.345,O12
336,3,1018.394,666.171,O4
336,4,237.319,759.895,D9
336,5,975.436,738.024,D10
336,9,471.471,517.372,O10
336,10,1323.705,523.163,D6
337,1,1072.888,407.134,O12
337,3,1012.169,667.083,O4
337,4,235.872,757.957,D9
337,5,966.364,734.264,D10
337,9,476.665,517.146,O10
337,10,1326.948,519.243,D6
338,1,1078.266,406.100,O12
338,3,1006.992,670.727,O4
338,4,235.532,757.377,D9
338,5,958.071,731.093,D10
338,9,480.183,517.915,O10
338,10,1328.687,527.292,D6
339,1,1082.853,407.240,O12
339,3,1000.827,669.899,O4
339,4,236.260,758.727,D9
339,5,952.260,731.926,D10
339,9,482.421,519.168,O10
339,10,1332.565,537.781,D6
340,1,1086.381,405.351,O12
340,3,995.623,672.881,O4
340,4,235.942,758.029,D9
340,5,948.881,731.298,D10
340,9,483.559,518.745,O10
340,10,1334.513,550.971,D6
341,1,1089.348,405.247,O12
341,3,991.410,672.905,O4
341,4,232.809,753.887,D9
341,5,946.450,731.390,D10
341,9,484.812,517.578,O10
341,10,1337.239,561.610,D6
342,1,1093.016,405.770,O12
342,3,986.058,673.482,O4
342,4,230.023,751.172,D9
342,5,942.478,732.065,D10
342,9,487.246,515.938,O10
342,10,1339.526,566.834,D6
343,1,1095.596,407.687,O12
343,3,979.287,675.845,O4
343,4,225.936,746.213,D9
343,5,939.845,733.975,D10
343,9,490.757,512.119,O10
343,10,1342.951,566.653,D6
344,1,1096.945,407.246,O12
344,3,975.390,672.572,O4
344,4,221.273,740.330,D9
344,5,937.243,740.298,D10
344,9,495.331,514.067,O10
344,10,1345.347,566.080,D6
345,1,1098.898,405.768,O12
345,3,972.639,662.780,O4
345,4,216.643,732.519,D9
345,5,935.558,742.859,D10
345,9,499.556,513.490,O10
345,10,1347.369,565.439,D6
346,1,1099.254,406.201,O12
346,3,968.317,653.576,O4
346,4,213.018,723.756,D9
346,5,932.361,749.478,D10
346,9,505.360,513.646,O10
346,10,1349.632,563.240,D6
347,1,1100.211,405.177,O12
347,3,964.876,651.904,O4
347,4,210.289,717.717,D9
347,5,931.070,755.918,D10
347,9,509.859,511.508,O10
347,10,1352.342,560.357,D6
348,1,1101.980,407.565,O12
348,3,960.772,653.314,O4
348,4,209.723,714.078,D9
348,5,928.485,762.574,D10
348,9,512.438,512.565,O10
348,10,1355.007,560.481,D6
349,1,1104.170,409.223,O12
349,3,956.332,646.933,O4
349,4,209.910,711.301,D9
349,5,927.345,768.983,D10
349,9,512.039,504.600,O10
349,10,1356.462,558.830,D6
350,1,1106.099,412.581,O12
350,3,956.355,635.225,O4
350,4,211.171,710.341,D9
350,5,925.437,780.399,D10
350,9,512.039,504.600,O10
350,10,1354.996,561.466,D6
351,1,1106.780,419.630,O12
351,3,947.780,647.477,O4
351,4,212.016,708.538,D9
351,5,924.058,787.233,D10
351,9,512.039,504.600,O10
351,10,1353.092,565.659,D6
352,1,1107.098,425.101,O12
352,3,946.484,652.534,O4
352,4,214.494,707.701,D9
352,5,922.421,794.844,D10
352,9,512.995,504.460,O10
352,10,1349.632,572.206,D6
353,1,1106.654,429.190,O12
353,3,944.307,659.514,O4
353,4,214.905,704.409,D9
353,5,920.191,801.557,D10
353,9,515.226,504.132,O10
353,10,1345.821,579.616,D6
354,1,1106.188,433.477,O12
354,3,941.670,662.379,O4
354,4,213.654,700.342,D9
354,5,918.767,808.856,D10
354,9,518.094,503.712,O10
354,10,1342.491,587.065,D6
355,1,1106.015,434.036,O12
355,3,939.041,665.234,O4
355,4,212.727,695.756,D9
355,5,916.122,814.161,D10
355,9,523.194,502.963,O10
355,10,1347.187,590.322,D6
356,1,1106.130,435.982,O12
356,3,938.003,670.313,O4
356,4,210.330,687.943,D9
356,5,914.877,819.617,D10
356,9,531.697,510.020,O10
356,10,1348.895,592.912,D6
357,1,1105.664,438.623,O12
357,3,936.605,670.514,O4
357,4,207.396,678.871,D9
357,5,913.251,824.080,D10
357,9,535.170,509.340,O10
357,10,1349.547,592.261,D6
358,1,1105.343,439.498,O12
358,3,935.208,670.715,O4
358,4,205.367,669.107,D9
358,5,912.306,825.645,D10
358,9,541.628,509.142,O10
358,10,1349.564,591.854,D6
359,1,1104.780,439.708,O12
359,3,933.970,679.037,O4
359,4,206.832,665.325,D9
359,5,912.143,828.376,D10
359,9,546.946,511.353,O10
359,10,1348.456,593.160,D6
360,1,1104.104,441.629,O12
360,3,933.136,679.157,O4
360,4,208.487,663.960,D9
360,5,913.036,827.933,D10
360,9,548.483,505.608,O10
360,10,1345.138,604.463,D6
361,1,1103.552,442.260,O12
361,3,932.581,679.237,O4
361,4,210.482,661.755,D9
361,5,914.305,827.488,D10
361,9,549.255,504.142,O10
361,10,1343.303,610.024,D6
362,1,1102.772,442.480,O12
362,3,932.025,679.317,O4
362,4,213.121,662.536,D9
362,5,915.715,825.888,D10
362,9,550.479,505.316,O10
362,10,1339.813,616.736,D6
363,1,1102.486,440.638,O12
363,3,932.025,679.317,O4
363,4,215.189,662.874,D9
363,5,917.133,823.912,D10
363,9,551.857,507.493,O10
363,10,1335.224,629.760,D6
364,1,1101.943,439.975,O12
364,3,931.469,679.397,O4
364,4,217.053,663.053,D9
364,5,917.740,823.096,D10
364,9,553.299,510.059,O10
364,10,1330.191,640.600,D6
365,1,1102.143,437.715,O12
365,3,931.469,679.397,O4
365,4,219.061,661.335,D9
365,5,917.172,825.178,D10
365,9,554.955,508.942,O10
365,10,1326.912,650.267,D6
366,1,1102.046,438.813,O12
366,3,932.581,679.237,O4
366,4,222.408,663.810,D9
366,5,916.172,828.396,D10
366,9,555.723,504.697,O10
366,10,1326.332,655.070,D6
367,1,1101.595,439.198,O12
367,3,933.576,687.149,O4
367,4,226.320,662.755,D9
367,5,914.236,834.403,D10
367,9,555.376,493.537,O10
367,10,1326.994,655.146,D6
368,1,1101.387,441.223,O12
368,3,935.660,694.818,O4
368,4,226.984,659.168,D9
368,5,912.731,839.004,D10
368,9,556.971,486.996,O10
368,10,1327.667,656.294,D6
369,1,1101.033,440.087,O12
369,3,935.807,702.681,O4
369,4,226.989,654.585,D9
369,5,911.864,844.181,D10
369,9,557.723,480.600,O10
369,10,1328.447,656.493,D6
370,1,1101.035,439.620,O12
370,3,935.807,702.681,O4
370,4,226.197,649.615,D9
370,5,910.367,848.476,D10
370,9,559.126,473.083,O10
370,10,1329.608,654.911,D6
371,1,1101.326,435.598,O12
371,3,934.987,702.799,O4
371,4,221.691,639.889,D9
371,5,908.500,850.185,D10
371,9,561.160,472.072,O10
371,10,1329.958,655.608,D6
372,1,1101.262,439.863,O12
372,3,934.197,704.480,O4
372,4,221.270,637.885,D9
372,5,907.959,854.145,D10
372,9,561.885,466.829,O10
372,10,1330.474,654.319,D6
373,1,1100.330,449.160,O12
373,3,931.090,712.710,O4
373,4,222.369,640.542,D9
373,5,907.338,855.590,D10
373,9,563.241,464.791,O10
373,10,1331.153,653.692,D6
374,1,1099.380,458.279,O12
374,3,929.460,712.944,O4
374,4,224.630,643.097,D9
374,5,906.452,860.639,D10
374,9,563.184,462.193,O10
374,10,1329.293,659.179,D6
375,1,1098.602,463.529,O12
375,3,926.743,713.334,O4
375,4,225.963,645.796,D9
375,5,906.432,869.075,D10
375,9,562.868,460.324,O10
375,10,1326.094,669.632,D6
376,1,1097.508,469.123,O12
376,3,924.569,713.646,O4
376,4,226.483,646.924,D9
376,5,904.365,872.390,D10
376,9,562.712,459.715,O10
376,10,1322.327,680.451,D6
377,1,1096.680,467.580,O12
377,3,922.174,724.764,O4
377,4,227.964,648.920,D9
377,5,898.572,875.333,D10
377,9,562.222,460.644,O10
377,10,1318.240,692.728,D6
378,1,1095.937,470.623,O12
378,3,921.916,722.386,O4
378,4,228.962,651.323,D9
378,5,891.280,878.137,D10
378,9,561.983,461.063,O10
378,10,1313.443,704.189,D6
379,1,1093.992,477.437,O12
379,3,921.332,719.925,O4
379,4,230.906,653.769,D9
379,5,882.008,878.959,D10
379,9,561.887,461.370,O10
379,10,1308.547,713.920,D6
380,1,1093.000,483.556,O12
380,3,921.260,722.771,O4
380,4,233.120,657.844,D9
380,5,874.797,881.858,D10
380,9,562.048,462.517,O10
380,10,1304.189,721.593,D6
381,1,1090.962,491.427,O12
381,3,920.571,733.155,O4
381,4,234.931,660.923,D9
381,5,868.825,884.454,D10
381,9,561.724,464.116,O10
381,10,1299.120,728.577,D6
382,1,1089.685,496.021,O12
382,3,919.108,742.270,O4
382,4,238.120,664.982,D9
382,5,863.363,886.814,D10
382,9,561.334,463.702,O10
382,10,1293.857,735.154,D6
383,1,1088.282,499.422,O12
383,3,917.293,748.258,O4
383,4,240.294,667.976,D9
383,5,856.937,891.406,D10
383,9,560.950,462.544,O10
383,10,1289.562,740.139,D6
384,1,1087.254,500.661,O12
384,3,914.370,750.654,O4
384,4,241.295,670.702,D9
384,5,849.768,891.621,D10
384,9,560.216,462.246,O10
384,10,1283.205,747.407,D6
385,1,1085.373,501.252,O12
385,3,911.853,751.545,O4
385,4,243.369,674.753,D9
385,5,840.828,898.912,D10
385,9,559.706,461.240,O10
385,10,1277.071,754.175,D6
386,1,1084.024,503.187,O12
386,3,910.319,749.124,O4
386,4,244.828,677.735,D9
386,5,829.955,905.824,D10
386,9,558.916,460.950,O10
386,10,1272.823,757.987,D6
387,1,1083.019,503.827,O12
387,3,910.196,747.898,O4
387,4,247.062,681.795,D9
387,5,819.160,914.520,D10
387,9,558.869,461.836,O10
387,10,1267.905,760.849,D6
388,1,1083.211,500.379,O12
388,3,909.385,750.040,O4
388,4,248.289,686.466,D9
388,5,809.767,920.519,D10
388,9,558.624,461.241,O10
388,10,1263.717,760.848,D6
389,1,1082.236,500.838,O12
389,3,907.269,750.963,O4
389,4,249.138,689.631,D9
389,5,801.513,921.206,D10
389,9,558.523,460.986,O10
389,10,1261.810,763.086,D6
390,1,1081.070,504.703,O12
390,3,903.611,749.048,O4
390,4,248.102,690.952,D9
390,5,796.070,919.583,D10
390,9,558.252,460.010,O10
390,10,1258.875,765.384,D6
391,1,1080.423,506.077,O12
391,3,896.674,747.670,O4
391,4,248.198,691.298,D9
391,5,793.153,917.913,D10
391,9,558.399,460.620,O10
391,10,1257.756,763.663,D6
392,1,1079.793,508.331,O12
392,3,888.553,747.822,O4
392,4,245.878,690.031,D9
392,5,791.223,913.075,D10
392,9,558.450,460.861,O10
392,10,1257.007,765.326,D6
393,1,1079.448,509.147,O12
393,3,879.628,746.031,O4
393,4,245.664,692.619,D9
393,5,788.694,906.062,D10
393,9,557.657,460.120,O10
393,10,1255.167,767.315,D6
394,1,1079.082,509.435,O12
394,3,869.725,740.910,O4
394,4,245.273,695.169,D9
394,5,784.416,896.190,D10
394,9,557.823,461.788,O10
394,10,1251.942,774.265,D6
395,1,1078.448,511.232,O12
395,3,860.593,738.276,O4
395,4,243.619,694.656,D9
395,5,779.430,888.441,D10
395,9,558.345,464.344,O10
395,10,1247.620,781.892,D6
396,1,1077.430,515.478,O12
396,3,854.237,734.965,O4
396,4,240.697,694.685,D9
396,5,772.232,884.108,D10
396,9,557.607,466.405,O10
396,10,1240.486,793.522,D6
397,1,1076.799,517.009,O12
397,3,849.444,731.298,O4
397,4,236.822,695.014,D9
397,5,765.074,884.350,D10
397,9,555.944,466.381,O10
397,10,1235.326,804.936,D6
398,1,1074.495,524.773,O12
398,3,844.692,727.614,O4
398,4,234.748,696.802,D9
398,5,759.015,883.872,D10
398,9,554.650,468.475,O10
398,10,1229.805,812.960,D6
399,1,1073.430,531.010,O12
399,3,840.287,727.984,O4
399,4,230.459,694.751,D9
399,5,755.332,883.982,D10
399,9,552.698,470.439,O10
399,10,1223.692,815.256,D6
400,1,1072.004,533.393,O12
400,3,834.741,727.360,O4
400,4,230.783,700.041,D9
400,5,750.485,883.479,D10
400,9,550.741,473.358,O10
400,10,1215.626,815.605,D6
401,1,1068.118,538.141,O12
401,3,825.925,729.583,O4
401,4,235.055,712.467,D9
401,5,745.121,879.458,D10
401,9,548.571,475.701,O10
401,10,1204.788,817.862,D6
402,1,1065.890,541.569,O12
402,3,816.900,734.018,O4
402,4,242.366,728.424,D9
402,5,738.099,874.162,D10
402,9,545.279,475.897,O10
402,10,1194.548,819.416,D6
403,1,1063.047,546.352,O12
403,3,810.242,738.895,O4
403,4,248.715,745.764,D9
403,5,729.593,866.231,D10
403,9,543.622,478.958,O10
403,10,1187.470,821.417,D6
404,1,1061.051,546.511,O12
404,3,805.786,739.626,O4
404,4,256.249,764.486,D9
404,5,718.633,842.120,D10
404,9,543.441,481.970,O10
404,10,1180.826,827.043,D6
405,1,1055.845,548.675,O12
405,3,802.927,741.333,O4
405,4,255.245,761.668,D9
405,5,710.307,827.088,D10
405,9,543.969,487.766,O10
405,10,1173.911,829.611,D6
406,1,1049.178,546.806,O12
406,3,799.558,740.977,O4
406,4,270.060,792.808,D9
406,5,703.077,813.507,D10
406,9,541.533,488.343,O10
406,10,1163.727,833.782,D6
407,1,1044.323,546.325,O12
407,3,791.923,737.725,O4
407,4,276.548,810.272,D9
407,5,696.131,800.306,D10
407,9,540.256,489.538,O10
407,10,1151.844,840.789,D6
408,1,1040.307,546.400,O12
408,3,785.007,730.209,O4
408,4,282.345,825.380,D9
408,5,690.029,793.590,D10
408,9,540.674,495.760,O10
408,10,1140.889,846.408,D6
409,1,1036.055,550.104,O12
409,3,778.972,722.279,O4
409,4,284.421,834.665,D9
409,5,685.373,787.842,D10
409,9,537.449,502.363,O10
409,10,1132.028,850.169,D6
410,1,1032.878,553.360,O12
410,3,768.655,710.616,O4
410,4,286.616,842.830,D9
410,5,681.509,783.720,D10
410,9,533.295,509.058,O10
410,10,1126.635,851.774,D6
411,1,1030.204,558.098,O12
411,3,755.837,700.381,O4
411,4,290.070,849.070,D9
411,5,677.657,778.899,D10
411,9,527.321,512.116,O10
411,10,1123.426,851.363,D6
412,1,1027.772,568.240,O12
412,3,746.192,688.552,O4
412,4,292.453,849.624,D9
412,5,676.114,773.394,D10
412,9,521.190,511.775,O10
412,10,1119.327,852.602,D6
413,1,1024.224,575.567,O12
413,3,737.973,674.448,O4
413,4,296.269,850.347,D9
413,5,673.488,762.528,D10
413,9,518.193,515.503,O10
413,10,1115.141,854.424,D6
414,1,1020.848,580.130,O12
414,3,730.240,660.789,O4
414,4,299.623,850.040,D9
414,5,670.847,749.342,D10
414,9,514.425,513.280,O10
414,10,1111.033,855.358,D6
415,1,1018.670,580.155,O12
415,3,721.820,653.268,O4
415,4,304.034,850.388,D9
415,5,665.699,731.109,D10
415,9,510.380,515.561,O10
415,10,1099.701,856.938,D6
416,1,1014.738,582.139,O12
416,3,713.312,645.275,O4
416,4,310.338,857.280,D9
416,5,660.496,710.447,D10
416,9,503.995,518.011,O10
416,10,1098.410,857.073,D6
417,1,1011.271,583.112,O12
417,3,706.790,639.820,O4
417,4,319.738,871.116,D9
417,5,655.317,691.553,D10
417,9,505.373,550.965,O10
417,10,1097.729,857.120,D6
418,1,1008.916,586.849,O12
418,3,701.547,638.571,O4
418,4,328.947,884.983,D9
418,5,651.706,675.995,D10
418,9,508.122,586.709,O10
418,10,1096.866,857.230,D6
419,1,1006.526,589.894,O12
419,3,698.810,638.380,O4
419,4,337.299,898.659,D9
419,5,649.361,672.390,D10
419,9,505.644,613.453,O10
419,10,1096.795,857.131,D6
420,1,1003.601,592.757,O12
420,3,696.595,642.005,O4
420,4,347.811,915.104,D9
420,5,648.370,669.916,D10
420,9,501.219,628.792,O10
420,10,1097.425,856.884,D6
421,1,1001.582,593.890,O12
421,3,691.625,642.601,O4
421,4,355.244,922.874,D9
421,5,647.910,667.961,D10
421,9,497.793,634.585,O10
421,10,1098.343,856.681,D6
422,1,1000.415,594.310,O12
422,3,687.660,638.497,O4
422,4,361.734,927.269,D9
422,5,647.254,664.641,D10
422,9,496.679,639.640,O10
422,10,1098.854,856.548,D6
423,1,999.560,594.505,O12
423,3,685.417,634.117,O4
423,4,368.575,925.751,D9
423,5,648.304,655.825,D10
423,9,494.824,641.436,O10
423,10,1098.817,855.494,D6
424,1,997.740,596.305,O12
424,3,689.010,627.145,O4
424,4,378.448,928.316,D9
424,5,646.969,646.776,D10
424,9,489.350,642.432,O10
424,10,1098.355,856.217,D6
425,1,994.552,594.067,O12
425,3,678.701,613.184,O4
425,4,392.015,940.888,D9
425,5,643.305,636.100,D10
425,9,485.622,650.813,O10
425,10,1100.357,857.198,D6
426,1,990.283,593.539,O12
426,3,676.548,602.781,O4
426,4,403.003,950.932,D9
426,5,636.711,620.089,D10
426,9,496.121,694.602,O10
426,10,1101.890,856.324,D6
427,1,985.102,592.225,O12
427,3,671.563,587.856,O4
427,4,413.829,959.879,D9
427,5,629.400,601.687,D10
427,9,502.707,726.695,O10
427,10,1102.947,855.919,D6
428,1,979.587,593.869,O12
428,3,667.223,574.220,O4
428,4,423.181,965.437,D9
428,5,623.237,588.804,D10
428,9,506.556,755.034,O10
428,10,1103.392,855.783,D6
429,1,975.537,596.356,O12
429,3,665.066,553.572,O4
429,4,434.154,970.378,D9
429,5,621.099,589.710,D10
429,9,515.625,781.705,O10
429,10,1104.448,855.634,D6
430,1,972.605,597.497,O12
430,3,662.146,533.634,O4
430,4,445.074,972.069,D9
430,5,614.488,575.652,D10
430,9,519.692,810.542,O10
430,10,1105.517,855.470,D6
431,1,970.590,594.777,O12
431,3,657.242,523.330,O4
431,4,454.912,970.527,D9
431,5,605.389,564.560,D10
431,9,521.105,822.370,O10
431,10,1106.359,855.278,D6
432,1,969.435,596.971,O12
432,3,653.270,510.859,O4
432,4,464.607,968.819,D9
432,5,598.081,556.054,D10
432,9,521.051,827.711,O10
432,10,1107.449,854.016,D6
433,1,968.616,597.967,O12
433,3,653.216,510.448,O4
433,4,471.065,964.563,D9
433,5,593.974,551.866,D10
433,9,520.123,828.214,O10
433,10,1109.150,853.445,D6
434,1,968.457,598.258,O12
434,3,649.368,507.478,O4
434,4,477.526,960.089,D9
434,5,593.128,543.311,D10
434,9,517.121,826.975,O10
434,10,1110.127,854.245,D6
435,1,967.961,599.974,O12
435,3,648.901,508.557,O4
435,4,484.623,960.651,D9
435,5,594.077,532.918,D10
435,9,518.030,840.735,O10
435,10,1110.790,855.551,D6
436,1,967.888,598.913,O12
436,3,648.833,509.240,O4
436,4,489.855,960.323,D9
436,5,593.884,518.252,D10
436,9,528.440,856.152,O10
436,10,1111.715,853.728,D6
437,1,967.970,596.897,O12
437,3,648.582,507.951,O4
437,4,494.375,960.729,D9
437,5,590.080,495.484,D10
437,9,530.476,875.947,O10
437,10,1112.942,850.734,D6
438,1,968.636,592.776,O12
438,3,648.071,507.836,O4
438,4,502.110,963.017,D9
438,5,583.142,475.187,D10
438,9,530.767,885.421,O10
438,10,1115.192,850.427,D6
439,1,969.475,591.158,O12
439,3,647.775,509.963,O4
439,4,510.150,963.035,D9
439,5,574.218,460.952,D10
439,9,532.803,892.902,O10
439,10,1119.839,850.894,D6
440,1,969.850,588.953,O12
440,3,646.501,507.371,O4
440,4,516.310,961.442,D9
440,5,571.001,453.128,D10
440,9,532.793,893.201,O10
440,10,1126.353,851.485,D6
441,1,969.479,589.893,O12
441,3,643.576,502.278,O4
441,4,519.873,957.417,D9
441,5,568.832,456.191,D10
441,9,540.216,916.488,O10
441,10,1131.750,850.257,D6
442,1,969.367,590.198,O12
442,3,641.106,493.058,O4
442,4,523.869,956.454,D9
442,5,562.588,456.499,D10
442,9,545.764,933.371,O10
442,10,1136.056,847.264,D6
443,1,969.355,590.290,O12
443,3,634.351,468.171,O4
443,4,529.870,959.584,D9
443,5,556.278,457.654,D10
443,9,546.154,934.526,O10
443,10,1140.921,840.188,D6
444,1,968.878,585.557,O12
444,3,630.922,456.945,O4
444,4,554.772,976.546,D9
444,5,552.425,456.680,D10
444,9,546.392,934.492,O10
444,10,1147.654,834.555,D6
445,1,968.167,588.762,O12
445,3,623.936,448.829,O4
445,4,567.750,981.456,D9
445,5,549.355,451.784,D10
445,9,550.208,933.951,O10
445,10,1153.722,830.874,D6
446,1,967.411,586.823,O12
446,3,616.419,438.658,O4
446,4,579.794,985.321,D9
446,5,547.222,450.430,D10
446,9,550.208,933.951,O10
446,10,1158.855,828.028,D6
447,1,967.162,581.212,O12
447,3,615.582,431.761,O4
447,4,589.389,983.968,D9
447,5,545.280,447.325,D10
447,9,551.640,933.749,O10
447,10,1163.923,826.581,D6
448,1,966.564,579.194,O12
448,3,613.259,427.725,O4
448,4,596.243,983.002,D9
448,5,540.891,435.629,D10
448,9,556.172,933.107,O10
448,10,1168.301,824.602,D6
449,1,965.822,575.259,O12
449,3,608.560,416.638,O4
449,4,609.956,981.070,D9
449,5,526.461,399.297,D10
449,9,565.662,937.782,O10
449,10,1171.413,824.853,D6
450,1,965.020,570.589,O12
450,3,606.381,419.262,O4
450,4,621.158,979.491,D9
450,5,516.802,381.516,D10
450,9,577.901,939.635,O10
450,10,1173.593,826.001,D6
451,1,964.739,565.536,O12
451,3,603.727,422.886,O4
451,4,630.237,979.595,D9
451,5,509.954,379.352,D10
451,9,583.809,943.548,O10
451,10,1174.755,825.284,D6
452,1,964.152,563.772,O12
452,3,601.165,427.882,O4
452,4,640.385,975.783,D9
452,5,499.934,366.475,D10
452,9,589.947,942.680,O10
452,10,1176.568,824.838,D6
453,1,963.393,559.891,O12
453,3,598.056,425.031,O4
453,4,659.252,966.110,D9
453,5,497.755,364.193,D10
453,9,600.185,950.627,O10
453,10,1177.983,824.587,D6
454,1,962.635,558.609,O12
454,3,596.799,423.160,O4
454,4,674.957,965.141,D9
454,5,492.727,354.086,D10
454,9,601.357,950.461,O10
454,10,1180.968,823.044,D6
455,1,962.351,556.521,O12
455,3,598.122,427.679,O4
455,4,689.384,968.487,D9
455,5,488.309,349.913,D10
455,9,608.859,949.401,O10
455,10,1184.356,821.013,D6
456,1,961.216,555.950,O12
456,3,598.070,426.405,O4
456,4,701.240,972.724,D9
456,5,480.204,340.395,D10
456,9,612.611,948.871,O10
456,10,1187.966,821.069,D6
457,1,960.792,559.234,O12
457,3,596.500,421.001,O4
457,4,711.880,978.233,D9
457,5,474.868,330.475,D10
457,9,619.813,954.937,O10
457,10,1192.984,820.609,D6
458,1,960.125,555.504,O12
458,3,594.343,414.043,O4
458,4,721.008,983.328,D9
458,5,463.885,314.138,D10
458,9,624.754,953.617,O10
458,10,1200.385,818.537,D6
459,1,959.898,559.251,O12
459,3,591.576,407.592,O4
459,4,729.541,979.600,D9
459,5,455.134,302.964,D10
459,9,626.099,954.130,O10
459,10,1207.148,819.444,D6
460,1,959.317,564.138,O12
460,3,588.440,394.880,O4
460,4,733.237,971.107,D9
460,5,444.743,291.681,D10
460,9,626.019,954.349,O10
460,10,1214.409,819.169,D6
461,1,958.569,562.768,O12
461,3,590.335,398.459,O4
461,4,737.705,962.343,D9
461,5,437.249,291.036,D10
461,9,625.383,951.389,O10
461,10,1218.385,818.932,D6
462,1,957.303,567.473,O12
462,3,588.078,388.627,O4
462,4,745.511,951.049,D9
462,5,427.404,291.154,D10
462,9,625.970,949.090,O10
462,10,1222.314,817.406,D6
463,1,955.784,566.127,O12
463,3,584.528,377.788,O4
463,4,756.006,945.818,D9
463,5,417.273,298.917,D10
463,9,628.312,946.874,O10
463,10,1225.838,817.712,D6
464,1,953.684,569.171,O12
464,3,581.838,372.997,O4
464,4,765.663,942.076,D9
464,5,404.957,302.127,D10
464,9,631.487,943.586,O10
464,10,1228.345,817.671,D6
465,1,950.804,570.574,O12
465,3,580.030,370.361,O4
465,4,774.995,938.862,D9
465,5,396.469,302.873,D10
465,9,635.855,939.740,O10
465,10,1233.645,815.887,D6
466,1,946.127,571.551,O12
466,3,580.946,368.210,O4
466,4,779.316,934.498,D9
466,5,386.986,294.426,D10
466,9,638.872,933.876,O10
466,10,1237.797,814.845,D6
467,1,941.162,570.785,O12
467,3,581.045,368.843,O4
467,4,784.191,929.396,D9
467,5,380.122,290.788,D10
467,9,640.913,927.324,O10
467,10,1240.528,816.609,D6
468,1,936.717,570.872,O12
468,3,582.707,367.899,O4
468,4,791.996,922.551,D9
468,5,372.248,286.693,D10
468,9,641.893,919.443,O10
468,10,1243.047,814.805,D6
469,1,931.870,569.637,O12
469,3,587.290,365.923,O4
469,4,798.303,912.193,D9
469,5,362.630,288.774,D10
469,9,643.577,909.695,O10
469,10,1245.225,811.645,D6
470,1,927.423,567.928,O12
470,3,591.614,365.008,O4
470,4,801.065,889.998,D9
470,5,353.946,291.803,D10
470,9,645.430,902.551,O10
470,10,1246.506,803.604,D6
471,1,922.474,561.108,O12
471,3,595.702,364.452,O4
471,4,804.588,872.118,D9
471,5,348.095,294.796,D10
471,9,647.130,895.329,O10
471,10,1246.822,800.611,D6
472,1,917.370,555.631,O12
472,3,598.891,363.031,O4
472,4,807.789,857.238,D9
472,5,338.421,294.765,D10
472,9,650.449,891.277,O10
472,10,1249.285,796.886,D6
473,1,912.634,547.171,O12
473,3,600.732,362.483,O4
473,4,812.030,845.571,D9
473,5,325.226,293.807,D10
473,9,655.523,885.886,O10
473,10,1253.979,790.342,D6
474,1,908.557,539.115,O12
474,3,601.969,362.199,O4
474,4,815.267,838.868,D9
474,5,310.154,297.541,D10
474,9,660.932,882.374,O10
474,10,1257.819,787.630,D6
475,1,904.777,531.141,O12
475,3,602.879,364.336,O4
475,4,818.748,830.306,D9
475,5,302.397,303.016,D10
475,9,664.783,880.970,O10
475,10,1258.617,787.882,D6
476,1,901.127,525.182,O12
476,3,602.929,360.882,O4
476,4,822.568,823.479,D9
476,5,298.211,301.779,D10
476,9,667.660,879.279,O10
476,10,1261.346,784.325,D6
477,1,897.834,526.889,O12
477,3,603.121,357.342,O4
477,4,825.420,810.042,D9
477,5,285.470,301.789,D10
477,9,671.488,879.518,O10
477,10,1263.471,780.522,D6
478,1,893.920,526.272,O12
478,3,603.382,353.830,O4
478,4,827.034,798.912,D9
478,5,276.485,302.546,D10
478,9,679.511,879.966,O10
478,10,1268.648,772.622,D6
479,1,889.358,528.362,O12
479,3,604.476,351.244,O4
479,4,827.727,783.561,D9
479,5,269.894,302.052,D10
479,9,694.463,880.790,O10
479,10,1272.707,765.747,D6
480,1,885.173,531.420,O12
480,3,607.530,347.777,O4
480,4,824.905,753.467,D9
480,5,263.471,301.419,D10
480,9,711.114,879.623,O10
480,10,1277.803,756.692,D6
481,1,882.034,532.901,O12
481,3,608.804,340.816,O4
481,4,821.671,732.950,D9
481,5,257.885,302.898,D10
481,9,727.724,877.760,O10
481,10,1284.882,741.572,D6
482,1,878.247,533.926,O12
482,3,608.367,333.803,O4
482,4,817.575,723.494,D9
482,5,250.005,301.837,D10
482,9,743.951,873.395,O10
482,10,1294.020,724.882,D6
483,1,874.598,531.245,O12
483,3,607.533,327.961,O4
483,4,815.581,716.389,D9
483,5,243.170,304.735,D10
483,9,751.835,872.734,O10
483,10,1302.178,707.694,D6
484,1,868.406,529.219,O12
484,3,605.953,326.095,O4
484,4,816.784,709.719,D9
484,5,231.178,303.532,D10
484,9,755.828,870.100,O10
484,10,1307.372,698.566,D6
485,1,862.719,525.379,O12
485,3,603.196,321.089,O4
485,4,806.634,703.406,D9
485,5,217.622,306.820,D10
485,9,763.790,871.534,O10
485,10,1312.090,693.712,D6
486,1,855.392,519.524,O12
486,3,600.657,318.537,O4
486,4,800.820,679.817,D9
486,5,209.890,311.191,D10
486,9,771.214,864.840,O10
486,10,1315.615,690.701,D6
487,1,851.260,512.091,O12
487,3,598.656,318.992,O4
487,4,804.638,665.923,D9
487,5,204.924,315.555,D10
487,9,781.891,849.634,O10
487,10,1317.957,684.321,D6
488,1,848.044,498.528,O12
488,3,597.061,318.207,O4
488,4,804.986,653.734,D9
488,5,199.844,320.171,D10
488,9,792.160,827.337,O10
488,10,1323.240,676.138,D6
489,1,843.128,496.085,O12
489,3,595.240,318.295,O4
489,4,804.015,634.086,D9
489,5,195.394,318.646,D10
489,9,804.817,820.158,O10
489,10,1329.986,665.829,D6
490,1,840.973,502.979,O12
490,3,594.191,319.787,O4
490,4,803.484,630.868,D9
490,5,185.813,314.345,D10
490,9,819.475,816.295,O10
490,10,1336.861,649.230,D6
491,1,841.149,592.889,O12
491,3,594.461,320.270,O4
491,4,804.031,626.771,D9
491,5,182.572,317.644,D10
491,9,836.799,812.074,O10
491,10,1342.663,631.116,D6
492,1,834.853,551.731,O12
492,3,594.388,319.286,O4
492,4,804.674,619.224,D9
492,5,176.481,314.595,D10
492,9,852.729,809.241,O10
492,10,1347.791,621.195,D6
493,1,827.402,507.034,O12
493,3,594.157,317.853,O4
493,4,808.148,611.648,D9
493,5,168.503,315.564,D10
493,9,860.650,804.384,O10
493,10,1352.275,614.549,D6
494,1,826.205,483.565,O12
494,3,594.011,313.878,O4
494,4,813.634,603.806,D9
494,5,162.270,318.869,D10
494,9,869.475,795.692,O10
494,10,1357.306,609.013,D6
495,1,827.767,498.497,O12
495,3,594.186,309.839,O4
495,4,816.845,601.313,D9
495,5,152.127,317.538,D10
495,9,880.715,789.990,O10
495,10,1362.840,602.011,D6
496,1,825.909,494.599,O12
496,3,594.654,307.226,O4
496,4,817.209,597.264,D9
496,5,145.957,319.857,D10
496,9,892.975,773.063,O10
496,10,1365.448,595.280,D6
497,1,822.983,485.910,O12
497,3,594.965,303.858,O4
497,4,815.777,591.383,D9
497,5,142.106,325.778,D10
497,9,905.819,747.162,O10
497,10,1367.709,583.816,D6
498,1,822.268,472.176,O12
498,3,595.984,303.866,O4
498,4,813.882,581.462,D9
498,5,134.237,325.454,D10
498,9,916.659,735.298,O10
498,10,1372.508,573.166,D6
499,1,822.246,448.484,O12
499,3,594.682,301.848,O4
499,4,812.811,574.818,D9
499,5,128.941,329.382,D10
499,9,931.332,728.271,O10
499,10,1378.691,559.528,D6
500,1,822.603,428.577,O12
500,3,593.983,300.083,O4
500,4,811.542,569.383,D9
500,5,123.728,335.080,D10
500,9,947.050,723.147,O10
500,10,1388.119,534.472,D6
501,1,830.246,412.021,O12
501,3,594.754,298.095,O4
501,4,807.276,562.983,D9
501,5,117.004,336.663,D10
501,9,958.152,719.329,O10
501,10,1395.810,519.781,D6
502,1,830.842,411.796,O12
502,3,595.699,297.338,O4
502,4,809.577,555.140,D9
502,5,113.535,338.640,D10
502,9,965.041,712.299,O10
502,10,1401.602,512.712,D6
503,1,830.027,413.172,O12
503,3,595.430,297.218,O4
503,4,814.013,545.015,D9
503,5,111.592,340.634,D10
503,9,971.938,706.521,O10
503,10,1405.020,508.693,D6
504,1,824.902,411.687,O12
504,3,595.968,297.218,O4
504,4,804.514,544.867,D9
504,5,110.763,346.316,D10
504,9,980.599,696.843,O10
504,10,1409.113,502.204,D6
505,1,815.733,416.577,O12
505,3,597.925,299.469,O4
505,4,800.482,546.967,D9
505,5,108.044,346.394,D10
505,9,989.910,664.146,O10
505,10,1413.766,494.647,D6
506,1,824.508,419.719,O12
506,3,599.892,300.138,O4
506,4,797.897,548.128,D9
506,5,105.628,346.509,D10
506,9,1000.725,627.620,O10
506,10,1417.876,488.441,D6
507,1,830.065,420.805,O12
507,3,601.683,302.698,O4
507,4,796.427,548.910,D9
507,5,103.442,349.154,D10
507,9,1010.714,610.166,O10
507,10,1420.665,483.001,D6
508,1,831.857,420.292,O12
508,3,601.724,303.623,O4
508,4,795.589,545.893,D9
508,5,100.275,350.281,D10
508,9,1021.101,611.074,O10
508,10,1423.779,473.950,D6
509,1,840.646,419.090,O12
509,3,602.380,307.481,O4
509,4,793.650,539.980,D9
509,5,98.834,353.161,D10
509,9,1032.728,601.259,O10
509,10,1427.201,463.590,D6
510,1,848.890,420.951,O12
510,3,601.519,306.735,O4
510,4,786.445,530.008,D9
510,5,95.995,356.918,D10
510,9,1043.407,595.525,O10
510,10,1430.900,452.593,D6
511,1,854.551,414.617,O12
511,3,600.983,308.880,O4
511,4,781.857,535.599,D9
511,5,93.994,358.488,D10
511,9,1053.522,588.120,O10
511,10,1433.672,445.063,D6
512,1,857.312,404.162,O12
512,3,600.573,308.544,O4
512,4,774.158,538.694,D9
512,5,94.803,368.367,D10
512,9,1061.537,580.306,O10
512,10,1437.740,434.879,D6
513,1,857.225,395.335,O12
513,3,600.200,307.302,O4
513,4,764.058,535.858,D9
513,5,96.011,375.407,D10
513,9,1065.941,572.686,O10
513,10,1439.908,427.720,D6
514,1,856.162,388.132,O12
514,3,599.392,306.892,O4
514,4,755.391,532.129,D9
514,5,96.166,379.198,D10
514,9,1071.524,554.925,O10
514,10,1439.200,427.579,D6
515,1,855.019,385.654,O12
515,3,598.699,308.055,O4
515,4,750.396,527.550,D9
515,5,98.157,388.450,D10
515,9,1077.601,530.957,O10
515,10,1438.507,426.108,D6
516,1,853.279,386.028,O12
516,3,598.828,307.188,O4
516,4,746.247,524.403,D9
516,5,97.800,394.217,D10
516,9,1085.667,498.356,O10
516,10,1437.525,425.904,D6
517,1,853.894,384.083,O12
517,3,596.984,307.118,O4
517,4,743.794,523.499,D9
517,5,94.644,393.307,D10
517,9,1091.548,491.742,O10
517,10,1437.532,426.066,D6
518,1,855.339,383.259,O12
518,3,595.019,307.251,O4
518,4,741.366,523.508,D9
518,5,91.340,393.095,D10
518,9,1098.921,483.540,O10
518,10,1438.527,426.166,D6
519,1,856.513,384.049,O12
519,3,594.704,306.024,O4
519,4,733.655,526.445,D9
519,5,89.986,395.171,D10
519,9,1107.246,474.688,O10
519,10,1441.758,418.596,D6
520,1,857.613,385.366,O12
520,3,593.850,311.554,O4
520,4,724.014,530.471,D9
520,5,89.650,395.897,D10
520,9,1113.328,471.456,O10
520,10,1444.636,415.616,D6
521,1,859.307,387.785,O12
521,3,591.353,309.255,O4
521,4,714.791,534.690,D9
521,5,86.722,392.947,D10
521,9,1117.782,466.632,O10
521,10,1450.867,402.716,D6
522,1,860.514,388.823,O12
522,3,588.550,312.211,O4
522,4,706.557,537.143,D9
522,5,87.324,395.047,D10
522,9,1123.552,462.892,O10
522,10,1457.537,387.088,D6
523,1,862.251,391.062,O12
523,3,585.108,311.296,O4
523,4,701.448,541.970,D9
523,5,87.036,394.621,D10
523,9,1130.090,453.747,O10
523,10,1462.744,373.131,D6
524,1,863.825,387.750,O12
524,3,581.714,310.107,O4
524,4,699.124,543.913,D9
524,5,85.926,392.256,D10
524,9,1137.063,450.041,O10
524,10,1466.987,357.063,D6
525,1,864.898,385.393,O12
525,3,577.173,310.094,O4
525,4,697.618,546.511,D9
525,5,82.490,390.493,D10
525,9,1145.588,432.181,O10
525,10,1469.274,346.216,D6
526,1,867.273,375.954,O12
526,3,576.026,311.219,O4
526,4,696.746,551.157,D9
526,5,79.671,386.558,D10
526,9,1154.955,416.162,O10
526,10,1470.890,338.338,D6
527,1,869.464,363.768,O12
527,3,575.247,309.452,O4
527,4,696.020,553.028,D9
527,5,81.475,388.207,D10
527,9,1164.857,401.830,O10
527,10,1470.666,332.976,D6
528,1,872.036,358.893,O12
528,3,576.125,307.329,O4
528,4,692.150,554.186,D9
528,5,82.768,389.823,D10
528,9,1174.988,393.908,O10
528,10,1469.042,333.487,D6
529,1,875.692,351.459,O12
529,3,578.285,308.708,O4
529,4,688.742,558.475,D9
529,5,84.545,390.266,D10
529,9,1184.188,384.624,O10
529,10,1467.732,334.177,D6
530,1,880.741,351.392,O12
530,3,578.904,311.505,O4
530,4,683.743,560.523,D9
530,5,84.662,389.253,D10
530,9,1190.950,376.930,O10
530,10,1464.542,339.046,D6
531,1,885.832,343.453,O12
531,3,581.066,312.321,O4
531,4,677.279,563.684,D9
531,5,83.516,389.031,D10
531,9,1196.897,367.874,O10
531,10,1462.302,337.257,D6
532,1,890.646,337.861,O12
532,3,580.927,307.996,O4
532,4,671.814,568.707,D9
532,5,84.327,388.727,D10
532,9,1202.733,364.218,O10
532,10,1455.441,332.495,D6
533,1,894.957,337.862,O12
533,3,580.460,304.153,O4
533,4,668.918,575.930,D9
533,5,83.482,388.879,D10
533,9,1210.913,355.258,O10
533,10,1455.481,325.514,D6
534,1,897.706,336.620,O12
534,3,576.462,299.588,O4
534,4,666.742,580.396,D9
534,5,82.626,387.773,D10
534,9,1221.242,341.728,O10
534,10,1459.218,314.166,D6
535,1,900.355,332.827,O12
535,3,574.753,300.352,O4
535,4,664.825,587.310,D9
535,5,82.839,388.424,D10
535,9,1228.615,328.068,O10
535,10,1462.138,306.806,D6
536,1,901.286,331.504,O12
536,3,572.230,300.969,O4
536,4,663.065,595.054,D9
536,5,81.909,386.540,D10
536,9,1235.464,317.368,O10
536,10,1467.132,295.314,D6
537,1,902.115,329.897,O12
537,3,570.855,298.867,O4
537,4,662.700,604.475,D9
537,5,82.632,387.930,D10
537,9,1243.184,313.022,O10
537,10,1471.012,280.215,D6
538,1,902.239,328.317,O12
538,3,570.599,299.255,O4
538,4,655.381,613.908,D9
538,5,82.384,387.389,D10
538,9,1251.640,304.386,O10
538,10,1472.022,268.275,D6
539,1,902.173,326.838,O12
539,3,569.914,299.625,O4
539,4,657.234,621.594,D9
539,5,83.558,387.030,D10
539,9,1260.383,298.637,O10
539,10,1473.545,258.542,D6
540,1,901.338,324.225,O12
540,3,567.898,297.561,O4
540,4,655.618,626.231,D9
540,5,85.735,387.704,D10
540,9,1268.341,289.485,O10
540,10,1474.349,247.300,D6
541,1,899.445,316.902,O12
541,3,564.665,291.213,O4
541,4,652.899,629.771,D9
541,5,86.558,388.001,D10
541,9,1275.305,280.311,O10
541,10,1473.290,234.714,D6
542,1,897.970,312.134,O12
542,3,561.089,286.804,O4
542,4,651.556,634.218,D9
542,5,87.797,387.974,D10
542,9,1281.127,277.916,O10
542,10,1471.542,229.385,D6
543,1,896.644,307.140,O12
543,3,557.753,281.813,O4
543,4,649.617,635.924,D9
543,5,90.667,388.805,D10
543,9,1286.437,276.832,O10
543,10,1470.259,226.655,D6
544,1,895.372,303.130,O12
544,3,554.981,278.908,O4
544,4,645.542,635.234,D9
544,5,90.183,389.244,D10
544,9,1293.534,271.437,O10
544,10,1467.875,228.483,D6
545,1,894.099,298.460,O12
545,3,555.132,280.176,O4
545,4,641.681,633.554,D9
545,5,89.419,388.310,D10
545,9,1299.934,265.749,O10
545,10,1466.271,226.177,D6
546,1,892.826,292.347,O12
546,3,552.579,277.452,O4
546,4,640.140,631.203,D9
546,5,89.670,389.058,D10
546,9,1306.139,259.964,O10
546,10,1462.860,227.167,D6
547,1,891.602,286.886,O12
547,3,551.319,277.860,O4
547,4,638.414,632.016,D9
547,5,89.257,388.307,D10
547,9,1310.527,254.372,O10
547,10,1461.886,225.477,D6
548,1,890.443,282.765,O12
548,3,549.767,275.805,O4
548,4,635.521,634.211,D9
548,5,91.440,390.025,D10
548,9,1314.409,252.228,O10
548,10,1461.502,220.523,D6
549,1,889.479,283.873,O12
549,3,549.273,275.162,O4
549,4,632.454,635.289,D9
549,5,90.971,390.905,D10
549,9,1316.620,248.195,O10
549,10,1461.642,215.413,D6
550,1,888.426,282.230,O12
550,3,547.844,268.978,O4
550,4,633.049,643.352,D9
550,5,90.803,391.270,D10
550,9,1318.711,246.715,O10
550,10,1462.021,211.353,D6
551,1,886.159,282.045,O12
551,3,544.759,267.158,O4
551,4,635.055,653.957,D9
551,5,93.064,393.359,D10
551,9,1322.094,247.154,O10
551,10,1462.150,207.729,D6
552,1,884.091,282.248,O12
552,3,543.669,266.485,O4
552,4,636.555,660.820,D9
552,5,93.787,388.341,D10
552,9,1326.361,240.141,O10
552,10,1461.912,207.739,D6
553,1,882.793,284.841,O12
553,3,543.589,267.500,O4
553,4,638.760,670.770,D9
553,5,95.040,388.573,D10
553,9,1327.029,249.267,O10
553,10,1460.580,210.428,D6
554,1,881.143,287.220,O12
554,3,544.298,267.867,O4
554,4,640.765,677.217,D9
554,5,97.093,388.451,D10
554,9,1331.764,247.550,O10
554,10,1459.800,211.579,D6
555,1,880.541,288.192,O12
555,3,545.236,267.950,O4
555,4,642.534,683.859,D9
555,5,97.381,386.128,D10
555,9,1339.235,243.874,O10
555,10,1458.593,213.440,D6
556,1,880.241,286.287,O12
556,3,546.264,267.935,O4
556,4,644.828,688.952,D9
556,5,97.827,380.509,D10
556,9,1340.789,242.778,O10
556,10,1457.853,215.434,D6
557,1,880.305,289.110,O12
557,3,545.033,269.426,O4
557,4,647.112,694.977,D9
557,5,99.749,375.726,D10
557,9,1347.503,241.578,O10
557,10,1457.248,215.214,D6
558,1,880.473,292.504,O12
558,3,545.515,271.158,O4
558,4,648.299,698.471,D9
558,5,100.282,368.032,D10
558,9,1351.872,238.658,O10
558,10,1456.730,215.239,D6
559,1,880.002,295.026,O12
559,3,546.894,274.108,O4
559,4,648.760,699.600,D9
559,5,105.412,369.190,D10
559,9,1353.992,237.551,O10
559,10,1456.257,216.496,D6
560,1,878.428,292.730,O12
560,3,547.667,276.394,O4
560,4,651.018,702.470,D9
560,5,106.838,367.349,D10
560,9,1354.753,239.457,O10
560,10,1454.868,219.480,D6
561,1,877.014,287.391,O12
561,3,548.097,274.840,O4
561,4,653.972,706.048,D9
561,5,107.498,360.761,D10
561,9,1353.684,241.654,O10
561,10,1454.035,221.939,D6
562,1,875.026,280.928,O12
562,3,548.906,274.112,O4
562,4,658.957,706.659,D9
562,5,109.266,358.073,D10
562,9,1353.325,236.831,O10
562,10,1452.537,225.307,D6
563,1,873.724,279.785,O12
563,3,549.321,271.338,O4
563,4,664.980,707.594,D9
563,5,113.042,355.457,D10
563,9,1352.003,224.895,O10
563,10,1451.674,226.635,D6
564,1,872.011,279.620,O12
564,3,550.779,270.150,O4
564,4,673.858,711.226,D9
564,5,115.801,353.151,D10
564,9,1345.283,228.326,O10
564,10,1451.066,227.210,D6
565,1,870.805,279.695,O12
565,3,552.360,268.303,O4
565,4,683.336,713.010,D9
565,5,115.311,350.186,D10
565,9,1342.331,226.305,O10
565,10,1450.888,226.241,D6
566,1,869.686,278.732,O12
566,3,553.076,265.163,O4
566,4,690.327,713.040,D9
566,5,115.287,345.477,D10
566,9,1340.052,226.955,O10
566,10,1450.215,227.132,D6
567,1,869.436,280.738,O12
567,3,553.477,261.473,O4
567,4,695.595,713.962,D9
567,5,121.818,350.166,D10
567,9,1338.641,223.893,O10
567,10,1449.074,228.753,D6
568,1,870.086,282.579,O12
568,3,555.444,262.353,O4
568,4,698.990,713.973,D9
568,5,123.739,352.076,D10
568,9,1337.492,222.893,O10
568,10,1448.090,230.553,D6
569,1,870.351,283.272,O12
569,3,557.709,263.717,O4
569,4,701.114,710.759,D9
569,5,123.034,350.581,D10
569,9,1336.254,225.054,O10
569,10,1446.803,233.662,D6
570,1,870.525,284.709,O12
570,3,559.301,261.609,O4
570,4,704.278,714.952,D9
570,5,123.655,348.696,D10
570,9,1334.597,227.221,O10
570,10,1444.839,238.426,D6
571,1,871.264,285.173,O12
571,3,560.537,260.781,O4
571,4,708.788,724.533,D9
571,5,125.829,346.549,D10
571,9,1334.362,224.555,O10
571,10,1442.953,242.555,D6
572,1,872.192,285.270,O12
572,3,561.775,257.907,O4
572,4,714.409,737.189,D9
572,5,126.299,342.193,D10
572,9,1332.011,227.501,O10
572,10,1442.891,243.994,D6
573,1,872.961,280.659,O12
573,3,563.357,259.240,O4
573,4,720.156,749.494,D9
573,5,129.479,341.417,D10
573,9,1328.957,229.043,O10
573,10,1442.344,248.028,D6
574,1,872.640,278.923,O12
574,3,563.903,259.718,O4
574,4,725.929,758.777,D9
574,5,131.310,337.388,D10
574,9,1324.130,233.585,O10
574,10,1441.328,251.692,D6
575,1,872.620,280.657,O12
575,3,564.707,259.822,O4
575,4,732.678,761.469,D9
575,5,131.785,333.435,D10
575,9,1320.715,235.561,O10
575,10,1440.313,253.159,D6
576,1,873.843,279.977,O12
576,3,564.989,259.920,O4
576,4,740.567,762.843,D9
576,5,136.698,331.349,D10
576,9,1317.664,237.712,O10
576,10,1436.032,258.598,D6
577,1,875.585,280.714,O12
577,3,564.369,260.068,O4
577,4,749.116,762.352,D9
577,5,141.079,329.035,D10
577,9,1315.141,241.038,O10
577,10,1430.553,263.353,D6
578,1,875.909,286.931,O12
578,3,563.855,258.914,O4
578,4,758.761,766.350,D9
578,5,146.852,330.080,D10
578,9,1315.334,239.753,O10
578,10,1423.860,268.956,D6
579,1,876.758,291.451,O12
579,3,563.396,257.272,O4
579,4,766.749,780.122,D9
579,5,148.592,326.944,D10
579,9,1316.118,235.677,O10
579,10,1417.355,273.752,D6
580,1,877.158,295.449,O12
580,3,562.036,254.356,O4
580,4,772.468,793.527,D9
580,5,154.254,331.209,D10
580,9,1314.318,235.661,O10
580,10,1413.892,276.722,D6
581,1,878.401,293.225,O12
581,3,562.442,254.380,O4
581,4,779.584,805.082,D9
581,5,160.341,329.804,D10
581,9,1312.452,235.757,O10
581,10,1414.583,275.209,D6
582,1,879.381,289.948,O12
582,3,562.581,254.416,O4
582,4,790.333,812.976,D9
582,5,167.681,327.327,D10
582,9,1309.872,236.063,O10
582,10,1409.496,302.328,D6
583,1,882.212,288.204,O12
583,3,562.841,255.586,O4
583,4,799.906,818.551,D9
583,5,173.384,327.138,D10
583,9,1306.516,237.643,O10
583,10,1414.121,299.491,D6
584,1,886.570,290.641,O12
584,3,562.691,254.962,O4
584,4,807.545,828.249,D9
584,5,178.977,329.114,D10
584,9,1303.505,236.286,O10
584,10,1410.506,304.399,D6
585,1,891.999,289.705,O12
585,3,563.045,253.276,O4
585,4,812.798,837.139,D9
585,5,180.131,327.454,D10
585,9,1300.925,232.377,O10
585,10,1407.464,312.458,D6
586,1,896.600,291.425,O12
586,3,562.945,251.628,O4
586,4,817.322,841.164,D9
586,5,178.017,327.467,D10
586,9,1297.495,231.435,O10
586,10,1401.012,321.419,D6
587,1,899.709,298.499,O12
587,3,563.507,250.753,O4
587,4,821.436,841.962,D9
587,5,178.164,327.141,D10
587,9,1294.002,230.083,O10
587,10,1392.778,331.443,D6
588,1,902.089,303.433,O12
588,3,566.313,250.305,O4
588,4,825.418,841.751,D9
588,5,178.957,325.891,D10
588,9,1288.789,228.071,O10
588,10,1384.964,334.977,D6
589,1,904.377,312.773,O12
589,3,567.094,248.803,O4
589,4,831.061,839.605,D9
589,5,180.490,323.894,D10
589,9,1282.428,229.095,O10
589,10,1375.960,337.903,D6
590,1,907.371,326.987,O12
590,3,568.935,249.291,O4
590,4,838.820,836.641,D9
590,5,181.822,321.867,D10
590,9,1272.408,236.535,O10
590,10,1364.292,343.040,D6
591,1,909.379,345.238,O12
591,3,569.627,249.583,O4
591,4,846.696,837.012,D9
591,5,185.405,325.591,D10
591,9,1263.078,248.329,O10
591,10,1353.880,351.868,D6
592,1,910.787,357.135,O12
592,3,569.858,249.718,O4
592,4,851.616,839.050,D9
592,5,186.936,324.561,D10
592,9,1255.312,253.342,O10
592,10,1342.719,361.081,D6
593,1,912.632,367.552,O12
593,3,570.183,250.996,O4
593,4,855.048,840.621,D9
593,5,187.556,322.921,D10
593,9,1246.893,254.846,O10
593,10,1331.924,367.285,D6
594,1,913.976,376.418,O12
594,3,569.641,251.613,O4
594,4,859.084,844.159,D9
594,5,187.503,323.620,D10
594,9,1235.057,257.825,O10
594,10,1317.012,370.165,D6
595,1,914.485,382.731,O12
595,3,568.775,252.025,O4
595,4,862.028,849.791,D9
595,5,187.405,323.939,D10
595,9,1221.437,259.235,O10
595,10,1303.909,377.121,D6
596,1,915.811,385.655,O12
596,3,567.879,256.012,O4
596,4,865.478,855.949,D9
596,5,187.578,326.424,D10
596,9,1212.519,262.492,O10
596,10,1286.008,389.242,D6
597,1,916.241,385.499,O12
597,3,567.304,262.562,O4
597,4,869.143,862.314,D9
597,5,187.524,328.690,D10
597,9,1203.546,275.620,O10
597,10,1273.186,394.525,D6
598,1,916.982,388.174,O12
598,3,565.514,263.889,O4
598,4,872.380,868.720,D9
598,5,186.874,328.292,D10
598,9,1194.775,291.094,O10
598,10,1262.532,395.217,D6
599,1,918.433,392.006,O12
599,3,564.055,267.084,O4
599,4,874.017,873.174,D9
599,5,185.311,328.388,D10
599,9,1184.923,305.488,O10
599,10,1249.695,398.667,D6
600,1,920.184,394.074,O12
600,3,562.760,270.798,O4
600,4,875.458,875.671,D9
600,5,183.005,327.521,D10
600,9,1177.292,311.429,O10
600,10,1235.330,401.144,D6
601,1,921.996,395.531,O12
601,3,560.765,271.151,O4
601,4,876.275,876.383,D9
601,5,183.282,333.138,D10
601,9,1173.686,314.722,O10
601,10,1223.428,402.868,D6
602,1,923.349,400.917,O12
602,3,558.139,271.516,O4
602,4,877.809,877.412,D9
602,5,182.384,332.971,D10
602,9,1164.633,324.384,O10
602,10,1212.535,412.983,D6
603,1,924.552,409.685,O12
603,3,556.380,274.100,O4
603,4,878.519,875.373,D9
603,5,182.496,333.968,D10
603,9,1152.764,330.103,O10
603,10,1200.294,428.180,D6
604,1,926.216,418.608,O12
604,3,551.973,275.586,O4
604,4,878.273,875.655,D9
604,5,180.606,334.605,D10
604,9,1143.000,332.902,O10
604,10,1190.719,436.373,D6
605,1,927.946,422.569,O12
605,3,545.968,276.703,O4
605,4,878.001,874.543,D9
605,5,179.584,337.272,D10
605,9,1136.863,330.900,O10
605,10,1184.584,441.483,D6
606,1,929.441,440.493,O12
606,3,542.119,282.256,O4
606,4,877.852,875.146,D9
606,5,179.016,339.483,D10
606,9,1125.865,325.959,O10
606,10,1176.264,449.693,D6
607,1,931.304,458.205,O12
607,3,533.667,285.326,O4
607,4,877.716,875.302,D9
607,5,176.305,340.676,D10
607,9,1118.030,332.056,O10
607,10,1163.085,457.753,D6
608,1,932.637,471.960,O12
608,3,528.112,290.416,O4
608,4,877.151,875.357,D9
608,5,175.362,339.837,D10
608,9,1115.306,342.731,O10
608,10,1156.026,462.746,D6
609,1,933.683,478.583,O12
609,3,523.963,291.335,O4
609,4,876.964,876.372,D9
609,5,177.526,339.079,D10
609,9,1112.573,359.233,O10
609,10,1152.463,464.514,D6
610,1,934.630,482.600,O12
610,3,519.169,288.584,O4
610,4,877.283,876.685,D9
610,5,176.044,337.964,D10
610,9,1108.672,369.808,O10
610,10,1150.342,468.802,D6
611,1,937.192,483.386,O12
611,3,514.445,291.392,O4
611,4,877.279,875.586,D9
611,5,174.319,336.364,D10
611,9,1098.360,377.892,O10
611,10,1146.990,468.803,D6
612,1,941.909,480.997,O12
612,3,508.609,294.224,O4
612,4,877.303,876.238,D9
612,5,171.779,336.060,D10
612,9,1093.976,381.927,O10
612,10,1144.178,468.948,D6
