1,1,873.080,715.913,D1
1,2,159.329,590.311,O11
1,3,957.806,349.804,D3
1,5,460.257,459.025,D5
1,6,1212.111,341.069,O6
1,9,877.414,880.666,O9
2,1,870.738,718.148,D1
2,2,159.972,591.085,O11
2,3,960.773,340.141,D3
2,5,460.091,458.728,D5
2,6,1216.915,345.830,O6
2,9,872.630,879.858,O9
3,1,868.394,720.378,D1
3,2,160.043,590.909,O11
3,3,961.713,366.952,D3
3,5,460.211,459.078,D5
3,6,1219.590,350.318,O6
3,9,869.555,874.340,O9
4,1,866.064,722.586,D1
4,2,159.990,589.987,O11
4,3,962.553,370.801,D3
4,5,459.433,458.297,D5
4,6,1221.286,358.338,O6
4,9,867.316,876.466,O9
5,1,863.732,724.804,D1
5,2,159.650,589.933,O11
5,3,964.129,365.605,D3
5,5,458.964,459.353,D5
5,6,1221.500,366.386,O6
5,9,867.741,880.317,O9
6,1,861.409,727.017,D1
6,2,160.721,590.273,O11
6,3,965.122,368.403,D3
6,5,459.001,460.678,D5
6,6,1225.399,362.976,O6
6,9,868.065,888.460,O9
7,1,859.095,729.223,D1
7,2,158.304,589.985,O11
7,3,966.345,366.622,D3
7,5,458.655,460.316,D5
7,6,1229.520,366.407,O6
7,9,867.040,889.564,O9
8,1,856.785,731.424,D1
8,2,158.084,589.748,O11
8,3,971.558,372.237,D3
8,5,458.337,459.515,D5
8,6,1234.744,363.123,O6
8,9,865.818,889.628,O9
9,1,854.477,733.619,D1
9,2,156.657,590.888,O11
9,3,975.764,373.253,D3
9,5,458.416,460.443,D5
9,6,1239.302,362.770,O6
9,9,865.161,889.163,O9
10,1,853.089,732.627,D1
10,2,156.491,590.354,O11
10,3,977.669,371.149,D3
10,5,458.347,460.499,D5
10,6,1246.417,362.812,O6
10,9,863.038,889.475,O9
11,1,851.690,731.649,D1
11,2,151.967,589.794,O11
11,3,982.261,367.096,D3
11,5,457.951,460.145,D5
11,6,1257.845,360.881,O6
11,9,859.647,889.810,O9
12,1,850.293,730.670,D1
12,2,152.684,591.035,O11
12,3,984.895,366.896,D3
12,5,457.997,460.001,D5
12,6,1268.821,358.722,O6
12,9,858.465,890.402,O9
13,1,848.894,729.673,D1
13,2,149.087,592.078,O11
13,3,987.575,378.837,D3
13,5,457.956,460.717,D5
13,6,1268.965,368.628,O6
13,9,856.543,890.868,O9
14,1,847.492,728.691,D1
14,2,150.005,592.316,O11
14,3,991.363,385.981,D3
14,5,457.738,461.208,D5
14,6,1274.858,378.377,O6
14,9,855.325,890.264,O9
15,1,846.085,727.707,D1
15,2,151.326,592.825,O11
15,3,995.547,383.204,D3
15,5,457.407,461.508,D5
15,6,1276.131,390.167,O6
15,9,855.130,890.376,O9
16,1,844.680,726.706,D1
16,2,151.813,591.927,O11
16,3,1001.131,379.661,D3
16,5,457.004,461.476,D5
16,6,1274.604,396.578,O6
16,9,854.014,889.806,O9
17,1,843.271,725.718,D1
17,2,153.610,591.706,O11
17,3,1006.853,384.503,D3
17,5,456.818,461.137,D5
17,6,1282.541,398.643,O6
17,9,853.708,890.104,O9
18,1,841.858,724.730,D1
18,2,155.101,591.529,O11
18,3,1009.634,386.202,D3
18,5,456.950,460.820,D5
18,6,1284.202,397.794,O6
18,9,854.776,889.722,O9
19,1,836.779,717.312,D1
19,2,159.508,594.020,O11
19,3,1011.483,389.243,D3
19,5,456.758,460.183,D5
19,6,1288.816,399.992,O6
19,9,855.860,889.301,O9
20,1,835.050,698.217,D1
20,2,165.267,598.309,O11
20,3,1012.207,390.800,D3
20,5,456.641,459.673,D5
20,6,1296.959,402.953,O6
20,9,856.076,889.295,O9
21,1,834.440,714.915,D1
21,2,172.640,608.472,O11
21,3,1014.331,393.147,D3
21,5,456.168,458.203,D5
21,6,1301.276,401.675,O6
21,9,856.037,890.224,O9
22,1,830.895,718.157,D1
22,2,175.393,614.607,O11
22,3,1014.064,389.957,D3
22,5,456.037,457.924,D5
22,6,1303.390,395.543,O6
22,9,858.288,890.318,O9
23,1,830.770,718.175,D1
23,2,181.089,624.485,O11
23,3,1014.148,391.879,D3
23,5,456.053,458.174,D5
23,6,1310.074,391.398,O6
23,9,860.293,889.585,O9
24,1,834.294,720.391,D1
24,2,184.593,627.290,O11
24,3,1015.865,390.626,D3
24,5,455.978,458.185,D5
24,6,1319.126,397.790,O6
24,9,861.646,889.854,O9
25,1,831.972,723.437,D1
25,2,186.744,630.494,O11
25,3,1016.241,389.364,D3
25,5,455.856,458.088,D5
25,6,1322.038,399.814,O6
25,9,864.554,889.770,O9
26,1,835.352,728.347,D1
26,2,188.769,631.003,O11
26,3,1017.393,390.629,D3
26,5,456.172,458.088,D5
26,6,1325.883,400.645,O6
26,9,865.225,889.966,O9
27,1,838.029,725.270,D1
27,2,190.430,631.701,O11
27,3,1029.603,386.120,D3
27,5,456.213,458.817,D5
27,6,1328.882,402.603,O6
27,9,865.310,889.906,O9
28,1,837.639,728.018,D1
28,2,189.656,630.991,O11
28,3,1029.071,389.570,D3
28,5,455.623,458.077,D5
28,6,1327.765,423.880,O6
28,9,865.575,889.529,O9
29,1,840.793,738.237,D1
29,2,191.356,632.212,O11
29,3,1026.374,402.581,D3
29,5,455.273,457.507,D5
29,6,1328.142,443.856,O6
29,9,866.192,888.409,O9
30,1,836.714,725.459,D1
30,2,191.706,630.242,O11
30,3,1034.731,388.850,D3
30,5,455.172,456.601,D5
30,6,1329.982,449.736,O6
30,9,866.822,888.381,O9
31,1,837.558,738.701,D1
31,2,192.864,631.229,O11
31,3,1040.530,389.610,D3
31,5,456.033,456.935,D5
31,6,1331.558,455.409,O6
31,9,867.468,887.463,O9
32,1,835.226,728.365,D1
32,2,193.254,630.702,O11
32,3,1043.736,395.899,D3
32,5,456.782,458.090,D5
32,6,1332.068,462.750,O6
32,9,866.824,886.434,O9
33,1,836.958,728.116,D1
33,2,193.038,630.224,O11
33,3,1046.814,399.222,D3
33,5,456.959,458.455,D5
33,6,1332.236,484.290,O6
33,9,866.662,884.797,O9
34,1,840.182,730.336,D1
34,2,194.990,631.878,O11
34,3,1047.270,402.714,D3
34,5,456.346,458.085,D5
34,6,1336.172,482.612,O6
34,9,866.435,884.401,O9
35,1,839.623,730.416,D1
35,2,197.456,637.014,O11
35,3,1049.845,412.949,D3
35,5,456.471,459.376,D5
35,6,1336.696,487.259,O6
35,9,865.633,884.442,O9
36,1,838.986,727.825,D1
36,2,201.221,645.410,O11
36,3,1054.340,419.346,D3
36,5,455.853,456.593,D5
36,6,1348.487,437.047,O6
36,9,865.639,884.771,O9
37,1,838.108,717.121,D1
37,2,208.248,658.501,O11
37,3,1058.162,420.075,D3
37,5,454.101,448.754,D5
37,6,1346.611,459.435,O6
37,9,865.432,886.021,O9
38,1,837.471,717.213,D1
38,2,209.921,661.179,O11
38,3,1062.225,426.035,D3
38,5,455.352,448.569,D5
38,6,1342.867,480.160,O6
38,9,865.531,887.445,O9
39,1,840.510,730.289,D1
39,2,211.888,664.010,O11
39,3,1064.413,430.129,D3
39,5,456.398,445.785,D5
39,6,1340.977,497.964,O6
39,9,865.703,885.226,O9
40,1,839.439,730.443,D1
40,2,217.106,670.843,O11
40,3,1067.059,426.974,D3
40,5,458.759,445.367,D5
40,6,1339.046,510.562,O6
40,9,865.935,884.594,O9
41,1,830.253,683.375,D1
41,2,219.120,672.886,O11
41,3,1067.173,434.204,D3
41,5,457.793,439.990,D5
41,6,1338.430,522.007,O6
41,9,865.713,883.206,O9
42,1,833.405,704.032,D1
42,2,222.635,676.014,O11
42,3,1068.652,441.152,D3
42,5,457.969,439.636,D5
42,6,1335.359,538.845,O6
42,9,865.443,880.938,O9
43,1,834.241,709.449,D1
43,2,227.980,683.907,O11
43,3,1069.667,445.846,D3
43,5,458.466,439.867,D5
43,6,1333.094,552.371,O6
43,9,863.909,881.302,O9
44,1,836.162,728.230,D1
44,2,232.266,689.097,O11
44,3,1069.127,454.502,D3
44,5,458.441,439.519,D5
44,6,1332.728,559.603,O6
44,9,862.194,880.660,O9
45,1,835.987,720.148,D1
45,2,232.363,688.884,O11
45,3,1071.674,457.645,D3
45,5,458.098,437.761,D5
45,6,1332.478,561.542,O6
45,9,859.697,880.447,O9
46,1,838.898,719.730,D1
46,2,233.965,690.730,O11
46,3,1071.813,460.190,D3
46,5,459.536,438.465,D5
46,6,1332.313,562.815,O6
46,9,858.669,877.395,O9
47,1,837.453,722.650,D1
47,2,235.686,692.788,O11
47,3,1071.795,460.484,D3
47,5,460.901,440.868,D5
47,6,1333.234,561.556,O6
47,9,855.939,877.088,O9
48,1,832.176,728.802,D1
48,2,236.888,692.452,O11
48,3,1073.511,462.208,D3
48,5,460.985,442.072,D5
48,6,1334.606,561.833,O6
48,9,847.282,881.319,O9
49,1,832.657,734.088,D1
49,2,236.478,693.321,O11
49,3,1075.429,463.918,D3
49,5,459.648,441.872,D5
49,6,1335.375,560.295,O6
49,9,836.858,880.115,O9
50,1,829.264,726.528,D1
50,2,237.858,692.671,O11
50,3,1076.514,465.064,D3
50,5,459.314,447.218,D5
50,6,1333.530,567.579,O6
50,9,822.521,876.877,O9
51,1,829.369,731.888,D1
51,2,240.944,691.305,O11
51,3,1078.282,464.412,D3
51,5,457.608,447.888,D5
51,6,1328.130,581.587,O6
51,9,822.720,874.924,O9
52,1,825.773,724.327,D1
52,2,245.315,693.118,O11
52,3,1079.765,464.299,D3
52,5,456.975,455.898,D5
52,6,1324.500,599.004,O6
52,9,816.044,876.247,O9
53,1,827.295,737.520,D1
53,2,248.601,692.337,O11
53,3,1082.016,463.576,D3
53,5,456.666,466.095,D5
53,6,1322.637,605.610,O6
53,9,809.933,872.343,O9
54,1,825.681,721.628,D1
54,2,250.657,690.726,O11
54,3,1083.302,465.601,D3
54,5,454.889,469.926,D5
54,6,1320.636,610.613,O6
54,9,812.585,862.296,O9
55,1,824.464,724.515,D1
55,2,252.853,690.695,O11
55,3,1084.684,467.317,D3
55,5,453.589,473.560,D5
55,6,1317.870,618.275,O6
55,9,810.195,852.355,O9
56,1,822.604,724.782,D1
56,2,253.145,688.870,O11
56,3,1084.469,468.151,D3
56,5,454.258,479.139,D5
56,6,1316.657,619.907,O6
56,9,807.615,845.044,O9
57,1,821.839,722.180,D1
57,2,257.652,692.676,O11
57,3,1085.759,469.238,D3
57,5,453.175,476.171,D5
57,6,1314.922,624.284,O6
57,9,806.329,851.163,O9
58,1,822.142,715.997,D1
58,2,260.813,695.333,O11
58,3,1089.538,467.555,D3
58,5,453.307,478.582,D5
58,6,1313.672,624.317,O6
58,9,804.751,853.570,O9
59,1,820.968,715.615,D1
59,2,266.324,701.895,O11
59,3,1093.080,465.678,D3
59,5,451.882,477.825,D5
59,6,1311.499,626.126,O6
59,9,803.456,853.988,O9
60,1,817.413,700.699,D1
60,2,273.569,711.166,O11
60,3,1094.805,467.299,D3
60,5,447.798,479.437,D5
60,6,1307.726,626.311,O6
60,9,800.246,856.451,O9
61,1,812.439,694.246,D1
61,2,278.206,713.041,O11
61,3,1096.351,467.176,D3
61,5,444.796,479.205,D5
61,6,1303.592,628.108,O6
61,9,798.648,856.717,O9
62,1,808.393,687.066,D1
62,2,274.550,711.443,O11
62,3,1098.049,467.504,D3
62,5,440.636,479.142,D5
62,6,1301.391,630.044,O6
62,9,790.401,855.674,O9
63,1,805.162,696.169,D1
63,2,282.451,711.347,O11
63,3,1100.199,466.696,D3
63,5,435.431,481.684,D5
63,6,1293.935,646.841,O6
63,9,782.844,853.602,O9
64,1,802.024,693.015,D1
64,2,285.367,711.291,O11
64,3,1100.236,467.862,D3
64,5,432.921,493.321,D5
64,6,1289.106,654.709,O6
64,9,771.989,835.877,O9
65,1,799.382,685.506,D1
65,2,290.946,709.123,O11
65,3,1100.174,467.892,D3
65,5,435.509,507.648,D5
65,6,1285.069,662.704,O6
65,9,760.812,826.211,O9
66,1,794.593,680.184,D1
66,2,302.061,707.498,O11
66,3,1099.688,471.713,D3
66,5,439.448,519.686,D5
66,6,1282.996,668.741,O6
66,9,748.285,824.404,O9
67,1,790.815,675.820,D1
67,2,304.731,713.857,O11
67,3,1097.294,476.467,D3
67,5,439.838,532.211,D5
67,6,1281.229,673.879,O6
67,9,734.454,839.383,O9
68,1,786.909,674.880,D1
68,2,312.436,723.008,O11
68,3,1092.931,482.537,D3
68,5,440.870,537.336,D5
68,6,1278.190,680.852,O6
68,9,727.178,846.292,O9
69,1,782.999,674.490,D1
69,2,316.768,729.844,O11
69,3,1088.571,481.535,D3
69,5,441.818,539.677,D5
69,6,1275.430,681.460,O6
69,9,721.437,845.509,O9
70,1,776.931,668.774,D1
70,2,319.066,732.332,O11
70,3,1082.359,483.433,D3
70,5,443.618,543.515,D5
70,6,1273.374,683.845,O6
70,9,713.902,841.248,O9
71,1,773.084,663.294,D1
71,2,324.995,740.690,O11
71,3,1078.932,488.591,D3
71,5,443.212,546.492,D5
71,6,1270.077,681.636,O6
71,9,705.299,839.358,O9
72,1,770.994,664.191,D1
72,2,327.503,742.423,O11
72,3,1076.971,485.896,D3
72,5,443.359,545.929,D5
72,6,1264.176,681.525,O6
72,9,697.955,847.903,O9
73,1,769.590,664.292,D1
73,2,333.209,746.467,O11
73,3,1075.020,484.019,D3
73,5,443.282,547.293,D5
73,6,1257.899,686.727,O6
73,9,686.273,848.282,O9
74,1,767.041,669.627,D1
74,2,337.802,746.035,O11
74,3,1074.597,488.358,D3
74,5,442.284,549.536,D5
74,6,1246.048,697.997,O6
74,9,678.568,854.766,O9
75,1,763.693,672.068,D1
75,2,342.663,744.509,O11
75,3,1073.670,486.216,D3
75,5,442.668,548.048,D5
75,6,1241.064,706.787,O6
75,9,672.926,861.545,O9
76,1,761.234,677.278,D1
76,2,345.612,737.516,O11
76,3,1072.066,487.015,D3
76,5,444.106,545.362,D5
76,6,1234.718,712.746,O6
76,9,664.235,871.710,O9
77,1,756.178,677.421,D1
77,2,354.084,739.784,O11
77,3,1069.132,488.169,D3
77,5,444.384,548.399,D5
77,6,1230.851,713.065,O6
77,9,649.007,872.939,O9
78,1,750.365,679.030,D1
78,2,359.323,739.427,O11
78,3,1064.962,490.207,D3
78,5,442.965,547.609,D5
78,6,1226.396,720.996,O6
78,9,638.513,873.481,O9
79,1,740.717,682.929,D1
79,2,362.046,738.902,O11
79,3,1059.300,489.785,D3
79,5,444.349,553.349,D5
79,6,1220.676,727.167,O6
79,9,622.892,874.738,O9
80,1,731.702,682.877,D1
80,2,365.475,736.598,O11
80,3,1054.133,488.745,D3
80,5,447.877,566.343,D5
80,6,1215.854,728.302,O6
80,9,611.436,875.779,O9
81,1,724.087,682.453,D1
81,2,369.010,735.905,O11
81,3,1046.903,491.574,D3
81,5,458.707,579.454,D5
81,6,1207.787,730.818,O6
81,9,601.833,874.544,O9
82,1,720.358,683.158,D1
82,2,376.584,738.710,O11
82,3,1043.693,492.405,D3
82,5,457.792,588.422,D5
82,6,1202.848,732.798,O6
82,9,593.756,877.157,O9
83,1,713.192,684.024,D1
83,2,384.048,733.969,O11
83,3,1035.346,501.297,D3
83,5,454.675,581.971,D5
83,6,1193.771,734.695,O6
83,9,584.667,877.692,O9
84,1,705.654,686.634,D1
84,2,392.416,734.622,O11
84,3,1030.385,508.100,D3
84,5,463.933,573.657,D5
84,6,1179.382,735.707,O6
84,9,570.652,875.618,O9
85,1,698.711,683.313,D1
85,2,397.270,732.112,O11
85,3,1029.135,511.207,D3
85,5,461.075,560.812,D5
85,6,1171.600,735.558,O6
85,9,553.772,857.413,O9
86,1,694.949,688.612,D1
86,2,399.343,729.148,O11
86,3,1025.917,507.662,D3
86,5,470.381,593.435,D5
86,6,1167.295,735.671,O6
86,9,544.717,865.516,O9
87,1,687.273,679.603,D1
87,2,406.459,728.589,O11
87,3,1023.043,500.555,D3
87,5,472.834,589.660,D5
87,6,1162.675,736.331,O6
87,9,535.600,876.131,O9
88,1,680.096,677.927,D1
88,2,415.474,730.500,O11
88,3,1017.715,498.909,D3
88,5,473.203,557.672,D5
88,6,1159.150,734.420,O6
88,9,525.203,880.543,O9
89,1,669.152,661.684,D1
89,2,422.612,728.124,O11
89,3,1014.855,507.449,D3
89,5,481.740,558.425,D5
89,6,1155.767,723.294,O6
89,9,518.319,881.311,O9
90,1,661.658,666.285,D1
90,2,435.722,735.907,O11
90,3,1011.752,509.132,D3
90,5,467.722,560.982,D5
90,6,1154.264,714.245,O6
90,9,505.187,880.724,O9
91,1,649.497,671.441,D1
91,2,436.675,730.024,O11
91,3,1010.111,503.221,D3
91,5,476.760,561.046,D5
91,6,1150.846,703.094,O6
91,9,499.088,883.810,O9
92,1,638.747,670.202,D1
92,2,444.521,726.004,O11
92,3,1005.740,504.138,D3
92,5,488.558,561.597,D5
92,6,1145.552,694.544,O6
92,9,488.085,879.976,O9
93,1,628.090,669.303,D1
93,2,453.725,741.849,O11
93,3,1001.204,493.723,D3
93,5,496.856,555.890,D5
93,6,1139.233,700.301,O6
93,9,478.703,879.688,O9
94,1,621.182,665.663,D1
94,2,462.708,723.381,O11
94,3,998.698,500.479,D3
94,5,497.582,544.366,D5
94,6,1136.581,693.431,O6
94,9,469.031,877.312,O9
95,1,614.510,665.040,D1
95,2,469.814,728.125,O11
95,3,993.487,497.779,D3
95,5,502.289,548.173,D5
95,6,1132.428,690.236,O6
95,9,460.479,875.968,O9
96,1,602.823,666.853,D1
96,2,471.041,720.223,O11
96,3,988.259,500.254,D3
96,5,513.082,569.973,D5
96,6,1126.390,683.369,O6
96,9,449.327,866.050,O9
97,1,592.999,663.160,D1
97,2,473.476,719.272,O11
97,3,984.034,509.239,D3
97,5,516.728,571.087,D5
97,6,1117.832,686.260,O6
97,9,441.587,861.555,O9
98,1,578.395,640.084,D1
98,2,478.047,716.374,O11
98,3,980.426,494.203,D3
98,5,506.064,505.973,D5
98,6,1112.405,684.895,O6
98,9,437.084,856.595,O9
99,1,569.225,630.270,D1
99,2,483.370,715.389,O11
99,3,976.515,499.146,D3
99,5,517.538,507.897,D5
99,6,1105.844,685.510,O6
99,9,432.763,851.381,O9
100,1,565.454,629.252,D1
100,2,486.127,716.412,O11
100,3,969.786,500.128,D3
100,5,526.794,510.279,D5
100,6,1102.883,681.205,O6
100,9,427.995,846.253,O9
101,1,560.320,627.339,D1
101,2,485.676,713.951,O11
101,3,963.748,515.397,D3
101,5,526.241,510.360,D5
101,6,1100.628,680.808,O6
101,9,418.485,834.843,O9
102,1,552.899,630.227,D1
102,2,483.694,709.883,O11
102,3,957.623,516.132,D3
102,5,539.684,515.820,D5
102,6,1100.093,672.260,O6
102,9,409.257,825.264,O9
103,1,544.211,631.432,D1
103,2,486.661,710.785,O11
103,3,955.155,519.541,D3
103,5,543.131,522.683,D5
103,6,1099.624,649.703,O6
103,9,401.838,818.500,O9
104,1,537.315,630.919,D1
104,2,487.185,701.193,O11
104,3,953.430,513.264,D3
104,5,546.485,529.496,D5
104,6,1096.994,631.245,O6
104,9,396.551,813.208,O9
105,1,531.516,629.559,D1
105,2,478.849,695.328,O11
105,3,952.811,517.963,D3
105,5,551.712,528.731,D5
105,6,1094.599,624.417,O6
105,9,396.142,817.882,O9
106,1,530.001,623.566,D1
106,2,476.055,685.694,O11
106,3,952.014,528.573,D3
106,5,546.829,518.465,D5
106,6,1088.184,620.455,O6
106,9,395.903,819.778,O9
107,1,519.294,632.037,D1
107,2,472.300,668.994,O11
107,3,950.503,522.706,D3
107,5,552.407,524.985,D5
107,6,1082.148,620.986,O6
107,9,393.196,820.092,O9
108,1,515.658,637.585,D1
108,2,472.812,659.225,O11
108,3,947.360,473.995,D3
108,5,554.816,515.261,D5
108,6,1078.702,625.526,O6
108,9,386.110,816.087,O9
109,1,510.713,624.667,D1
109,2,473.702,652.596,O11
109,3,944.328,463.396,D3
109,5,553.977,514.874,D5
109,6,1076.894,613.940,O6
109,9,380.948,808.322,O9
110,1,501.431,575.870,D1
110,2,480.692,652.709,O11
110,3,940.554,467.140,D3
110,5,559.985,514.376,D5
110,6,1075.901,612.292,O6
110,9,378.681,804.561,O9
111,1,498.872,584.085,D1
111,2,480.607,650.794,O11
111,3,940.170,491.785,D3
111,5,562.932,512.989,D5
111,6,1073.468,613.625,O6
111,9,377.200,799.111,O9
112,1,500.707,582.042,D1
112,2,481.489,649.902,O11
112,3,933.184,487.216,D3
112,5,558.461,515.320,D5
112,6,1072.918,605.882,O6
112,9,378.585,798.531,O9
113,1,506.462,600.066,D1
113,2,479.203,644.235,O11
113,3,927.907,475.712,D3
113,5,562.131,506.842,D5
113,6,1071.651,601.546,O6
113,9,382.167,800.879,O9
114,1,502.957,591.648,D1
114,2,478.735,643.146,O11
114,3,924.108,472.998,D3
114,5,560.138,509.718,D5
114,6,1069.406,581.235,O6
114,9,385.080,801.432,O9
115,1,506.586,602.303,D1
115,2,470.829,626.337,O11
115,3,921.380,466.270,D3
115,5,563.437,510.683,D5
115,6,1068.271,574.090,O6
115,9,387.656,800.532,O9
116,1,509.434,598.609,D1
116,2,473.205,627.813,O11
116,3,918.043,464.788,D3
116,5,562.155,513.846,D5
116,6,1066.525,569.013,O6
116,9,389.017,799.212,O9
117,1,509.241,629.619,D1
117,2,470.351,621.730,O11
117,3,913.048,461.776,D3
117,5,559.641,509.023,D5
117,6,1064.525,562.890,O6
117,9,394.225,799.498,O9
118,1,513.565,629.400,D1
118,2,476.039,633.250,O11
118,3,907.326,463.466,D3
118,5,556.138,509.088,D5
118,6,1063.769,550.482,O6
118,9,399.338,798.203,O9
119,1,506.471,642.643,D1
119,2,473.835,633.682,O11
119,3,902.077,463.532,D3
119,5,551.458,503.346,D5
119,6,1060.127,553.698,O6
119,9,404.172,797.783,O9
120,1,507.383,648.675,D1
120,2,478.044,640.724,O11
120,3,899.148,463.919,D3
120,5,551.894,509.604,D5
120,6,1058.146,555.363,O6
120,9,406.034,797.865,O9
121,1,507.431,650.573,D1
121,2,464.651,624.919,O11
121,3,898.159,466.553,D3
121,5,552.427,513.807,D5
121,6,1055.765,554.201,O6
121,9,405.825,798.350,O9
122,1,509.577,646.501,D1
122,2,465.578,626.743,O11
122,3,897.643,465.438,D3
122,5,551.540,513.639,D5
122,6,1054.508,539.892,O6
122,9,402.379,799.315,O9
123,1,519.547,652.956,D1
123,2,468.538,626.801,O11
123,3,896.676,462.746,D3
123,5,554.035,515.693,D5
123,6,1054.430,534.633,O6
123,9,401.829,798.742,O9
124,1,522.839,656.004,D1
124,2,470.394,628.896,O11
124,3,895.800,460.544,D3
124,5,552.241,512.813,D5
124,6,1055.029,526.507,O6
124,9,401.357,799.098,O9
125,1,517.462,659.042,D1
125,2,468.507,623.283,O11
125,3,895.789,459.925,D3
125,5,552.434,512.360,D5
125,6,1054.118,516.631,O6
125,9,401.610,798.697,O9
126,1,514.897,660.040,D1
126,2,467.195,615.430,O11
126,3,892.610,442.165,D3
126,5,553.761,514.567,D5
126,6,1052.571,504.905,O6
126,9,400.383,796.623,O9
127,1,512.856,661.086,D1
127,2,467.224,617.863,O11
127,3,889.024,441.838,D3
127,5,554.664,515.028,D5
127,6,1051.791,492.571,O6
127,9,399.153,794.008,O9
128,1,497.968,648.313,D1
128,2,473.709,629.800,O11
128,3,885.988,431.089,D3
128,5,551.805,512.962,D5
128,6,1049.166,484.287,O6
128,9,396.570,784.855,O9
129,1,489.022,640.678,D1
129,2,477.908,629.190,O11
129,3,881.397,425.018,D3
129,5,552.425,512.829,D5
129,6,1046.519,486.297,O6
129,9,389.435,762.997,O9
130,1,503.288,641.492,D1
130,2,479.436,639.063,O11
130,3,878.792,424.887,D3
130,5,554.088,510.946,D5
130,6,1042.407,486.695,O6
130,9,379.076,744.249,O9
131,1,507.186,646.028,D1
131,2,479.027,638.069,O11
131,3,875.513,422.928,D3
131,5,554.020,513.934,D5
131,6,1041.098,479.699,O6
131,9,365.889,722.599,O9
132,1,510.293,654.784,D1
132,2,478.628,637.090,O11
132,3,874.098,418.798,D3
132,5,554.452,516.331,D5
132,6,1039.448,480.390,O6
132,9,365.324,716.511,O9
133,1,503.432,654.823,D1
133,2,478.220,636.112,O11
133,3,873.634,418.506,D3
133,5,552.788,514.858,D5
133,6,1035.432,473.444,O6
133,9,364.763,711.868,O9
134,1,516.128,656.887,D1
134,2,477.815,635.113,O11
134,3,872.414,410.215,D3
134,5,552.076,512.582,D5
134,6,1037.214,466.020,O6
134,9,367.690,714.427,O9
135,1,550.105,703.781,D1
135,2,482.904,632.272,O11
135,3,871.442,404.856,D3
135,5,552.464,507.361,D5
135,6,1036.820,438.567,O6
135,9,367.293,714.604,O9
136,1,543.812,715.013,D1
136,2,486.521,631.989,O11
136,3,871.250,403.280,D3
136,5,554.412,510.771,D5
136,6,1034.766,429.434,O6
136,9,370.697,720.431,O9
137,1,543.470,723.332,D1
137,2,493.613,634.674,O11
137,3,869.857,386.019,D3
137,5,553.573,510.659,D5
137,6,1030.547,411.758,O6
137,9,379.203,733.537,O9
138,1,550.730,732.537,D1
138,2,506.618,628.099,O11
138,3,870.313,395.237,D3
138,5,555.516,507.170,D5
138,6,1028.735,405.483,O6
138,9,383.934,737.551,O9
139,1,559.930,749.524,D1
139,2,508.104,631.124,O11
139,3,870.049,402.929,D3
139,5,555.727,498.320,D5
139,6,1025.962,404.729,O6
139,9,390.882,751.894,O9
140,1,563.712,768.662,D1
140,2,512.722,636.897,O11
140,3,871.908,424.624,D3
140,5,563.143,508.126,D5
140,6,1023.175,397.412,O6
140,9,401.217,766.872,O9
141,1,570.281,772.997,D1
141,2,515.928,626.746,O11
141,3,870.720,424.305,D3
141,5,568.147,505.297,D5
141,6,1019.659,394.970,O6
141,9,403.460,770.235,O9
142,1,567.223,779.778,D1
142,2,519.053,623.038,O11
142,3,873.918,413.446,D3
142,5,569.873,502.558,D5
142,6,1018.656,387.914,O6
142,9,403.494,769.536,O9
143,1,563.427,785.350,D1
143,2,515.596,610.447,O11
143,3,874.338,408.725,D3
143,5,570.846,502.415,D5
143,6,1016.093,389.613,O6
143,9,403.175,769.076,O9
144,1,574.069,788.207,D1
144,2,520.429,608.372,O11
144,3,874.643,406.741,D3
144,5,575.436,508.925,D5
144,6,1014.967,377.899,O6
144,9,402.102,769.436,O9
145,1,575.442,785.157,D1
145,2,525.270,606.256,O11
145,3,874.091,388.757,D3
145,5,577.069,512.912,D5
145,6,1012.512,378.215,O6
145,9,402.034,769.430,O9
146,1,578.328,782.479,D1
146,2,530.125,604.154,O11
146,3,873.205,372.352,D3
146,5,580.924,512.580,D5
146,6,1011.218,363.576,O6
146,9,399.651,770.215,O9
147,1,580.206,781.970,D1
147,2,533.242,602.303,O11
147,3,873.015,373.614,D3
147,5,585.273,510.650,D5
147,6,1009.950,339.306,O6
147,9,398.685,770.559,O9
148,1,581.434,781.207,D1
148,2,539.787,599.950,O11
148,3,872.501,368.460,D3
148,5,589.155,509.805,D5
148,6,1005.848,328.899,O6
148,9,398.820,770.350,O9
149,1,582.680,776.927,D1
149,2,543.721,597.956,O11
149,3,871.300,364.671,D3
149,5,591.635,507.913,D5
149,6,1003.358,318.516,O6
149,9,399.488,770.396,O9
150,1,585.274,776.933,D1
150,2,549.761,595.652,O11
150,3,870.997,357.986,D3
150,5,593.134,510.325,D5
150,6,998.282,313.547,O6
150,9,399.893,768.821,O9
151,1,587.463,778.808,D1
151,2,554.512,593.572,O11
151,3,870.234,357.085,D3
151,5,596.292,511.916,D5
151,6,991.643,315.101,O6
151,9,400.655,762.277,O9
152,1,590.456,789.104,D1
152,2,557.152,591.758,O11
152,3,868.477,350.582,D3
152,5,596.033,544.861,D5
152,6,983.791,300.468,O6
152,9,402.087,755.789,O9
153,1,594.911,797.378,D1
153,2,570.217,599.119,O11
153,3,865.196,349.826,D3
153,5,610.369,570.667,D5
153,6,979.138,291.183,O6
153,9,406.323,746.242,O9
154,1,597.512,801.231,D1
154,2,569.165,605.906,O11
154,3,864.785,349.277,D3
154,5,616.043,577.143,D5
154,6,974.093,266.616,O6
154,9,405.415,728.339,O9
155,1,602.203,803.933,D1
155,2,569.065,585.777,O11
155,3,862.049,353.355,D3
155,5,615.132,581.980,D5
155,6,967.158,255.808,O6
155,9,406.836,715.025,O9
156,1,606.521,806.327,D1
156,2,571.146,602.308,O11
156,3,861.385,358.610,D3
156,5,611.315,556.326,D5
156,6,957.612,223.428,O6
156,9,408.658,707.497,O9
157,1,608.597,807.199,D1
157,2,569.893,592.478,O11
157,3,859.868,356.030,D3
157,5,608.140,536.784,D5
157,6,954.139,238.290,O6
157,9,411.463,704.586,O9
158,1,611.448,809.642,D1
158,2,577.004,591.443,O11
158,3,857.943,354.011,D3
158,5,608.839,546.866,D5
158,6,947.210,227.257,O6
158,9,413.399,702.016,O9
159,1,614.424,813.670,D1
159,2,581.196,580.694,O11
159,3,855.861,351.839,D3
159,5,605.520,566.264,D5
159,6,940.528,225.153,O6
159,9,418.669,704.507,O9
160,1,616.892,811.345,D1
160,2,593.279,592.426,O11
160,3,854.268,343.270,D3
160,5,605.751,572.165,D5
160,6,933.353,230.871,O6
160,9,428.289,705.945,O9
161,1,618.604,811.515,D1
161,2,594.957,585.463,O11
161,3,853.048,342.418,D3
161,5,602.693,554.196,D5
161,6,932.196,219.417,O6
161,9,432.738,702.473,O9
162,1,622.638,813.167,D1
162,2,606.008,590.573,O11
162,3,851.114,334.276,D3
162,5,599.559,535.823,D5
162,6,927.543,220.582,O6
162,9,437.555,702.310,O9
163,1,629.620,813.879,D1
163,2,610.306,589.948,O11
163,3,850.230,333.488,D3
163,5,593.432,504.241,D5
163,6,921.508,223.584,O6
163,9,442.365,702.832,O9
164,1,634.780,811.746,D1
164,2,612.881,592.912,O11
164,3,850.104,333.805,D3
164,5,596.420,508.996,D5
164,6,916.092,215.072,O6
164,9,444.597,702.218,O9
165,1,639.692,812.668,D1
165,2,615.504,612.282,O11
165,3,850.434,337.129,D3
165,5,599.393,513.721,D5
165,6,912.075,219.149,O6
165,9,446.242,700.762,O9
166,1,649.074,806.187,D1
166,2,616.185,605.653,O11
166,3,849.963,327.444,D3
166,5,602.342,518.419,D5
166,6,899.614,206.605,O6
166,9,446.484,693.047,O9
167,1,652.844,809.165,D1
167,2,612.703,582.879,O11
167,3,849.447,319.456,D3
167,5,605.275,523.069,D5
167,6,889.702,204.021,O6
167,9,449.718,686.572,O9
168,1,655.921,807.769,D1
168,2,616.760,589.008,O11
168,3,848.564,296.934,D3
168,5,608.190,527.712,D5
168,6,878.499,152.180,O6
168,9,447.687,670.098,O9
169,1,662.058,810.894,D1
169,2,626.704,590.901,O11
169,3,848.399,328.551,D3
169,5,611.093,532.326,D5
169,6,867.076,135.682,O6
169,9,448.593,656.619,O9
170,1,667.610,812.667,D1
170,2,634.172,596.453,O11
170,3,847.655,326.835,D3
170,5,613.976,536.914,D5
170,6,848.949,174.440,O6
170,9,451.518,644.685,O9
171,1,671.261,808.627,D1
171,2,629.481,593.823,O11
171,3,845.045,308.787,D3
171,5,616.841,541.455,D5
171,6,841.944,128.307,O6
171,9,451.652,622.898,O9
172,1,678.544,811.515,D1
172,2,637.931,585.927,O11
172,3,844.896,314.766,D3
172,5,619.688,545.990,D5
172,6,841.762,185.677,O6
172,9,454.141,611.859,O9
173,1,682.152,813.499,D1
173,2,638.362,592.531,O11
173,3,842.908,308.696,D3
173,5,622.524,550.498,D5
173,6,836.924,171.126,O6
173,9,455.996,599.699,O9
174,1,686.344,815.629,D1
174,2,638.502,595.824,O11
174,3,841.326,303.061,D3
174,5,623.322,545.176,D5
174,6,830.966,139.808,O6
174,9,458.842,589.133,O9
175,1,689.440,816.940,D1
175,2,640.974,592.151,O11
175,3,838.428,281.173,D3
175,5,624.114,539.782,D5
175,6,818.710,141.408,O6
175,9,460.441,575.962,O9
176,1,692.951,816.509,D1
176,2,644.513,594.950,O11
176,3,835.321,280.503,D3
176,5,624.924,534.372,D5
176,6,813.073,141.952,O6
176,9,468.909,581.172,O9
177,1,696.719,815.032,D1
177,2,648.870,587.676,O11
177,3,834.651,291.606,D3
177,5,625.729,528.909,D5
177,6,804.789,142.955,O6
177,9,473.665,574.152,O9
178,1,700.531,814.965,D1
178,2,654.816,580.115,O11
178,3,832.238,289.174,D3
178,5,626.545,523.451,D5
178,6,797.828,143.759,O6
178,9,480.774,573.776,O9
179,1,705.331,814.588,D1
179,2,669.994,577.906,O11
179,3,831.424,290.809,D3
179,5,627.365,517.938,D5
179,6,787.558,145.030,O6
179,9,484.510,579.432,O9
180,1,711.059,816.929,D1
180,2,666.658,564.832,O11
180,3,829.718,290.880,D3
180,5,628.185,512.369,D5
180,6,778.615,146.102,O6
180,9,489.926,579.675,O9
181,1,716.911,816.122,D1
181,2,676.457,553.083,O11
181,3,826.996,273.804,D3
181,5,629.022,506.783,D5
181,6,766.821,166.148,O6
181,9,490.016,578.112,O9
182,1,723.945,824.538,D1
182,2,681.385,592.889,O11
182,3,827.689,291.468,D3
182,5,629.854,501.163,D5
182,6,754.988,183.421,O6
182,9,489.877,574.666,O9
183,1,726.575,827.156,D1
183,2,677.981,545.909,O11
183,3,824.603,290.256,D3
183,5,630.695,495.506,D5
183,6,746.843,164.089,O6
183,9,488.548,562.795,O9
184,1,731.915,823.773,D1
184,2,683.835,548.538,O11
184,3,822.687,293.489,D3
184,5,630.019,483.496,D5
184,6,742.794,150.304,O6
184,9,492.764,559.216,O9
185,1,735.824,819.548,D1
185,2,686.554,551.611,O11
185,3,820.183,292.088,D3
185,5,629.692,470.578,D5
185,6,726.171,127.595,O6
185,9,489.347,528.910,O9
186,1,739.043,818.992,D1
186,2,684.952,551.844,O11
186,3,819.813,287.331,D3
186,5,630.139,468.503,D5
186,6,718.290,128.471,O6
186,9,488.411,501.930,O9
187,1,740.297,822.042,D1
187,2,690.860,554.438,O11
187,3,821.031,290.605,D3
187,5,632.868,477.363,D5
187,6,711.423,137.390,O6
187,9,488.473,480.931,O9
188,1,740.481,820.306,D1
188,2,692.872,540.237,O11
188,3,823.851,289.820,D3
188,5,631.896,474.283,D5
188,6,710.051,148.329,O6
188,9,487.092,469.058,O9
189,1,741.377,822.905,D1
189,2,702.586,552.728,O11
189,3,827.503,291.548,D3
189,5,633.620,476.487,D5
189,6,706.924,132.660,O6
189,9,487.199,457.166,O9
190,1,742.929,822.574,D1
190,2,704.204,562.772,O11
190,3,829.397,286.220,D3
190,5,633.082,477.288,D5
190,6,689.805,135.240,O6
190,9,488.076,447.734,O9
191,1,743.114,820.813,D1
191,2,705.794,562.541,O11
191,3,827.523,282.874,D3
191,5,632.797,475.183,D5
191,6,678.611,131.493,O6
191,9,486.397,423.722,O9
192,1,744.069,820.912,D1
192,2,703.725,562.842,O11
192,3,829.474,282.426,D3
192,5,633.451,472.450,D5
192,6,662.367,144.781,O6
192,9,483.718,405.790,O9
193,1,745.234,819.711,D1
193,2,712.713,558.120,O11
193,3,837.091,289.731,D3
193,5,631.704,473.806,D5
193,6,648.307,125.111,O6
193,9,488.087,405.410,O9
194,1,745.528,819.117,D1
194,2,715.155,564.576,O11
194,3,845.433,291.643,D3
194,5,637.386,468.653,D5
194,6,648.521,157.592,O6
194,9,485.249,388.072,O9
195,1,745.286,820.600,D1
195,2,727.302,549.124,O11
195,3,852.954,293.874,D3
195,5,636.245,466.167,D5
195,6,646.972,136.264,O6
195,9,484.983,382.306,O9
196,1,744.142,819.798,D1
196,2,736.982,557.997,O11
196,3,857.813,293.152,D3
196,5,632.883,463.643,D5
196,6,640.805,148.030,O6
196,9,485.532,382.698,O9
197,1,742.181,820.464,D1
197,2,734.663,551.493,O11
197,3,861.934,283.294,D3
197,5,635.600,466.217,D5
197,6,633.434,138.306,O6
197,9,484.698,377.908,O9
198,1,746.309,820.248,D1
198,2,737.952,522.783,O11
198,3,867.564,281.776,D3
198,5,633.794,468.452,D5
198,6,633.612,165.156,O6
198,9,485.670,381.806,O9
199,1,746.766,818.954,D1
199,2,743.120,525.063,O11
199,3,872.127,279.288,D3
199,5,627.487,471.652,D5
199,6,623.698,171.939,O6
199,9,484.493,379.462,O9
200,1,747.044,819.205,D1
200,2,744.550,526.397,O11
200,3,880.280,284.928,D3
200,5,627.423,477.068,D5
200,6,621.292,193.195,O6
200,9,484.652,368.388,O9
201,1,745.805,819.326,D1
201,2,745.741,527.420,O11
201,3,887.555,300.047,D3
201,5,627.813,475.980,D5
201,6,615.471,188.886,O6
201,9,479.438,361.705,O9
202,1,745.257,818.700,D1
202,2,749.171,528.053,O11
202,3,890.516,302.753,D3
202,5,629.229,476.584,D5
202,6,601.265,180.576,O6
202,9,472.468,332.990,O9
203,1,744.919,817.988,D1
203,2,751.875,527.739,O11
203,3,891.723,299.377,D3
203,5,631.546,476.857,D5
203,6,590.669,197.794,O6
203,9,466.889,308.577,O9
204,1,744.074,818.025,D1
204,2,751.561,527.137,O11
204,3,892.335,301.972,D3
204,5,626.374,479.913,D5
204,6,576.270,157.753,O6
204,9,463.647,294.216,O9
205,1,743.382,818.456,D1
205,2,754.849,523.451,O11
205,3,892.551,303.701,D3
205,5,625.415,481.145,D5
205,6,567.572,148.238,O6
205,9,458.875,274.832,O9
206,1,742.830,818.507,D1
206,2,753.172,519.334,O11
206,3,891.853,301.763,D3
206,5,624.873,478.931,D5
206,6,564.413,170.254,O6
206,9,457.301,267.008,O9
207,1,741.890,818.655,D1
207,2,755.741,515.539,O11
207,3,890.923,303.484,D3
207,5,624.157,479.386,D5
207,6,555.446,166.261,O6
207,9,453.834,251.638,O9
208,1,740.184,818.843,D1
208,2,763.686,520.838,O11
208,3,888.364,306.004,D3
208,5,622.067,479.430,D5
208,6,550.166,167.057,O6
208,9,455.604,251.345,O9
209,1,739.134,819.269,D1
209,2,769.701,517.062,O11
209,3,886.379,307.062,D3
209,5,621.860,479.898,D5
209,6,532.667,175.033,O6
209,9,454.637,247.700,O9
210,1,738.034,817.696,D1
210,2,774.660,522.609,O11
210,3,879.432,302.277,D3
210,5,612.295,480.296,D5
210,6,515.195,177.663,O6
210,9,452.485,250.694,O9
211,1,737.916,812.622,D1
211,2,777.499,523.187,O11
211,3,870.768,284.176,D3
211,5,623.770,488.316,D5
211,6,506.995,178.898,O6
211,9,450.558,253.589,O9
212,1,736.823,813.852,D1
212,2,780.003,522.416,O11
212,3,859.328,269.469,D3
212,5,622.092,492.104,D5
212,6,506.912,178.910,O6
212,9,448.646,259.268,O9
213,1,732.649,807.923,D1
213,2,780.757,514.670,O11
213,3,857.759,272.514,D3
213,5,622.263,490.051,D5
213,6,513.542,198.997,O6
213,9,448.613,260.922,O9
214,1,727.305,800.136,D1
214,2,782.709,519.870,O11
214,3,851.927,261.845,D3
214,5,622.340,490.882,D5
214,6,499.048,206.378,O6
214,9,458.237,295.051,O9
215,1,721.055,791.495,D1
215,2,783.311,509.331,O11
215,3,849.581,281.933,D3
215,5,625.236,492.591,D5
215,6,476.214,199.379,O6
215,9,463.039,323.664,O9
216,1,714.908,769.209,D1
216,2,784.932,508.435,O11
216,3,821.958,269.573,D3
216,5,624.831,484.605,D5
216,6,465.150,185.197,O6
216,9,460.435,322.030,O9
217,1,707.169,754.321,D1
217,2,788.563,515.348,O11
217,3,820.091,274.566,D3
217,5,623.754,478.132,D5
217,6,463.170,203.208,O6
217,9,459.964,327.756,O9
218,1,702.717,751.813,D1
218,2,789.150,511.395,O11
218,3,820.193,279.005,D3
218,5,625.123,469.328,D5
218,6,459.219,185.202,O6
218,9,462.789,334.220,O9
219,1,701.252,748.370,D1
219,2,790.688,504.746,O11
219,3,818.581,284.836,D3
219,5,625.049,460.516,D5
219,6,440.413,167.413,O6
219,9,461.770,332.899,O9
220,1,701.144,747.724,D1
220,2,791.067,498.926,O11
220,3,815.687,281.393,D3
220,5,634.282,504.424,D5
220,6,436.203,173.467,O6
220,9,460.905,332.422,O9
221,1,701.556,749.433,D1
221,2,792.956,490.222,O11
221,3,808.995,273.291,D3
221,5,632.728,492.632,D5
221,6,426.836,169.460,O6
221,9,459.688,333.735,O9
222,1,698.397,749.118,D1
222,2,809.331,478.631,O11
222,3,809.477,224.884,D3
222,5,627.531,493.845,D5
222,6,401.941,134.485,O6
222,9,455.544,334.246,O9
223,1,698.474,748.522,D1
223,2,808.365,472.310,O11
223,3,788.509,195.334,D3
223,5,594.898,349.651,D5
223,6,394.947,152.316,O6
223,9,440.188,332.709,O9
224,1,697.862,749.549,D1
224,2,805.242,467.184,O11
224,3,797.416,255.897,D3
224,5,592.943,360.483,D5
224,6,384.371,159.445,O6
224,9,424.101,332.698,O9
225,1,696.795,744.874,D1
225,2,801.594,467.288,O11
225,3,791.790,270.836,D3
225,5,608.602,450.406,D5
225,6,371.634,161.368,O6
225,9,416.944,331.246,O9
226,1,693.625,739.878,D1
226,2,804.314,464.428,O11
226,3,790.722,275.650,D3
226,5,592.306,393.583,D5
226,6,361.152,168.451,O6
226,9,389.473,334.779,O9
227,1,693.177,737.334,D1
227,2,808.750,465.937,O11
227,3,781.854,272.317,D3
227,5,588.850,386.685,D5
227,6,353.277,158.611,O6
227,9,374.969,337.284,O9
228,1,687.824,715.161,D1
228,2,811.031,465.818,O11
228,3,770.679,273.981,D3
228,5,581.124,364.589,D5
228,6,341.184,147.262,O6
228,9,369.720,338.941,O9
229,1,682.500,692.791,D1
229,2,812.883,467.592,O11
229,3,762.739,256.324,D3
229,5,574.674,343.684,D5
229,6,325.109,117.638,O6
229,9,365.294,333.084,O9
230,1,676.439,678.897,D1
230,2,815.753,465.147,O11
230,3,750.942,243.712,D3
230,5,569.389,336.706,D5
230,6,290.487,53.801,O6
230,9,360.930,340.382,O9
231,1,673.734,674.863,D1
231,2,816.556,466.494,O11
231,3,746.935,231.261,D3
231,5,564.828,335.653,D5
231,6,297.319,98.396,O6
231,9,347.114,335.925,O9
232,1,673.071,674.106,D1
232,2,817.609,468.167,O11
232,3,744.173,223.753,D3
232,5,568.724,328.613,D5
232,6,269.874,60.544,O6
232,9,335.106,323.986,O9
233,1,669.878,673.439,D1
233,2,819.384,465.477,O11
233,3,741.307,254.755,D3
233,5,558.639,297.784,D5
233,6,276.053,95.700,O6
233,9,322.533,322.202,O9
234,1,668.455,668.616,D1
234,2,820.593,459.702,O11
234,3,740.607,254.859,D3
234,5,542.818,251.417,D5
234,6,280.789,169.561,O6
234,9,314.008,335.080,O9
235,1,664.396,663.500,D1
235,2,822.702,460.584,O11
235,3,730.097,261.194,D3
235,5,543.131,262.124,D5
235,6,267.562,188.042,O6
235,9,305.899,351.089,O9
236,1,658.693,654.954,D1
236,2,823.326,450.343,O11
236,3,721.595,252.908,D3
236,5,523.582,212.744,D5
236,6,266.490,199.049,O6
236,9,272.070,352.793,O9
237,1,654.492,647.711,D1
237,2,828.892,449.701,O11
237,3,709.083,240.268,D3
237,5,508.669,167.240,D5
237,6,255.220,200.748,O6
237,9,282.032,352.607,O9
238,1,647.106,625.605,D1
238,2,831.516,451.242,O11
238,3,706.168,259.999,D3
238,5,506.773,171.044,D5
238,6,248.317,201.788,O6
238,9,271.325,355.681,O9
239,1,638.758,613.764,D1
239,2,832.659,449.214,O11
239,3,695.922,247.094,D3
239,5,495.454,133.575,D5
239,6,239.754,208.457,O6
239,9,255.959,354.131,O9
240,1,625.333,604.031,D1
240,2,836.143,447.497,O11
240,3,688.906,257.788,D3
240,5,483.282,103.397,D5
240,6,238.697,224.584,O6
240,9,247.609,362.060,O9
241,1,614.009,604.867,D1
241,2,841.231,437.842,O11
241,3,682.987,258.672,D3
241,5,461.274,34.170,D5
241,6,224.946,210.688,O6
241,9,223.520,368.432,O9
242,1,609.658,606.460,D1
242,2,846.469,432.918,O11
242,3,672.097,231.077,D3
242,5,469.800,89.968,D5
242,6,219.969,216.787,O6
242,9,230.472,363.004,O9
243,1,606.736,604.453,D1
243,2,852.629,433.593,O11
243,3,668.345,241.475,D3
243,5,509.238,290.968,D5
243,6,208.480,196.955,O6
243,9,218.531,361.718,O9
244,1,603.920,605.145,D1
244,2,857.011,440.894,O11
244,3,662.227,237.485,D3
244,5,441.086,33.822,D5
244,6,207.183,186.337,O6
244,9,210.299,361.991,O9
245,1,599.041,604.079,D1
245,2,861.456,447.525,O11
245,3,660.235,242.688,D3
245,5,506.176,322.649,D5
245,6,195.130,177.007,O6
245,9,198.865,363.137,O9
246,1,593.423,603.855,D1
246,2,863.769,458.019,O11
246,3,648.969,234.538,D3
246,5,500.757,324.380,D5
246,6,191.042,180.113,O6
246,9,195.940,362.221,O9
247,1,582.372,589.844,D1
247,2,863.627,464.210,O11
247,3,638.371,216.160,D3
247,5,495.334,326.085,D5
247,6,187.450,175.610,O6
247,9,194.555,377.454,O9
248,1,575.936,582.927,D1
248,2,868.289,466.777,O11
248,3,635.950,231.533,D3
248,5,489.916,327.814,D5
248,6,178.430,164.514,O6
248,9,191.815,381.665,O9
249,1,569.458,576.571,D1
249,2,867.007,466.325,O11
249,3,629.496,252.164,D3
249,5,484.512,329.541,D5
249,6,167.852,152.917,O6
249,9,185.532,380.413,O9
250,1,558.957,578.003,D1
250,2,868.954,463.408,O11
250,3,621.066,208.922,D3
250,5,479.106,331.266,D5
250,6,153.717,141.895,O6
250,9,178.976,386.015,O9
251,1,551.756,573.807,D1
251,2,871.514,461.274,O11
251,3,609.441,230.525,D3
251,5,473.717,332.988,D5
251,6,142.259,132.355,O6
251,9,172.859,385.991,O9
252,1,545.685,579.761,D1
252,2,876.280,461.841,O11
252,3,603.168,231.464,D3
252,5,468.323,334.684,D5
252,6,136.356,125.238,O6
252,9,167.266,380.652,O9
253,1,534.908,577.746,D1
253,2,880.720,458.571,O11
253,3,596.710,247.285,D3
253,5,462.935,336.404,D5
253,6,127.822,108.683,O6
253,9,163.591,386.253,O9
254,1,526.495,577.353,D1
254,2,882.947,459.899,O11
254,3,586.807,248.766,D3
254,5,457.566,338.146,D5
254,6,128.258,115.431,O6
254,9,152.188,378.785,O9
255,1,523.753,578.405,D1
255,2,884.364,465.062,O11
255,3,578.947,249.942,D3
255,5,452.183,339.837,D5
255,6,93.785,55.284,O6
255,9,145.370,373.272,O9
256,1,518.412,571.600,D1
256,2,885.144,470.306,O11
256,3,571.609,241.165,D3
256,5,446.881,341.096,D5
256,6,95.115,73.792,O6
256,9,141.835,373.904,O9
257,1,513.735,570.605,D1
257,2,887.473,482.214,O11
257,3,567.460,241.786,D3
257,5,441.579,342.329,D5
257,6,85.722,60.348,O6
257,9,136.893,371.439,O9
258,1,508.884,567.046,D1
258,2,889.863,502.018,O11
258,3,561.087,227.743,D3
258,5,436.277,343.562,D5
258,6,82.030,61.669,O6
258,9,132.573,372.613,O9
259,1,502.027,568.609,D1
259,2,890.891,515.689,O11
259,3,556.953,233.387,D3
259,5,430.977,344.794,D5
259,6,83.525,80.001,O6
259,9,129.671,376.085,O9
260,1,486.750,537.661,D1
260,2,892.218,524.021,O11
260,3,554.289,206.953,D3
260,5,425.689,346.051,D5
260,6,107.756,156.272,O6
260,9,133.615,392.060,O9
261,1,483.450,535.887,D1
261,2,892.920,531.768,O11
261,3,542.496,191.862,D3
261,5,420.389,347.283,D5
261,6,101.631,157.200,O6
261,9,144.741,414.630,O9
262,1,478.053,530.185,D1
262,2,891.668,531.320,O11
262,3,536.417,241.461,D3
262,5,415.106,348.538,D5
262,6,93.973,141.006,O6
262,9,143.366,416.475,O9
263,1,472.652,526.599,D1
263,2,891.424,531.395,O11
263,3,530.822,242.299,D3
263,5,409.819,349.767,D5
263,6,44.333,21.320,O6
263,9,139.594,421.942,O9
264,1,464.232,527.727,D1
264,2,890.854,530.966,O11
264,3,520.530,228.774,D3
264,5,404.544,351.020,D5
264,6,56.586,51.440,O6
264,9,137.455,425.841,O9
265,1,454.113,526.726,D1
265,2,893.514,539.534,O11
265,3,503.734,210.850,D3
265,5,399.263,352.248,D5
265,6,72.791,100.795,O6
265,9,133.808,425.106,O9
266,1,447.414,525.792,D1
266,2,897.156,557.352,O11
266,3,503.834,236.324,D3
266,5,402.520,343.030,D5
266,6,66.406,91.546,O6
266,9,129.132,429.697,O9
267,1,434.012,520.948,D1
267,2,901.063,576.142,O11
267,3,493.389,203.259,D3
267,5,393.164,330.218,D5
267,6,69.264,102.516,O6
267,9,128.716,441.006,O9
268,1,448.211,525.846,D1
268,2,904.749,597.230,O11
268,3,486.638,207.707,D3
268,5,391.963,335.030,D5
268,6,68.239,105.175,O6
268,9,125.502,442.787,O9
269,1,433.321,528.454,D1
269,2,908.263,608.726,O11
269,3,483.518,209.426,D3
269,5,386.864,321.824,D5
269,6,67.067,104.659,O6
269,9,126.359,447.736,O9
270,1,425.614,523.282,D1
270,2,913.764,620.738,O11
270,3,482.076,211.427,D3
270,5,381.149,314.164,D5
270,6,65.560,100.711,O6
270,9,128.273,455.147,O9
271,1,413.396,505.078,D1
271,2,915.930,620.214,O11
271,3,478.890,211.073,D3
271,5,384.931,331.444,D5
271,6,64.605,103.921,O6
271,9,128.752,457.232,O9
272,1,403.747,497.365,D1
272,2,919.416,619.323,O11
272,3,474.748,201.265,D3
272,5,378.785,316.198,D5
272,6,64.058,102.821,O6
272,9,127.583,456.364,O9
273,1,399.493,498.877,D1
273,2,921.811,620.924,O11
273,3,473.152,199.731,D3
273,5,389.474,338.726,D5
273,6,64.407,107.043,O6
273,9,125.308,456.143,O9
274,1,388.412,488.151,D1
274,2,924.786,620.055,O11
274,3,471.954,198.255,D3
274,5,387.526,335.016,D5
274,6,64.256,107.794,O6
274,9,123.545,456.622,O9
275,1,378.550,484.535,D1
275,2,926.142,617.085,O11
275,3,469.894,197.841,D3
275,5,387.842,335.643,D5
275,6,62.107,102.282,O6
275,9,123.670,457.354,O9
276,1,376.866,490.277,D1
276,2,927.664,625.733,O11
276,3,470.394,197.947,D3
276,5,389.320,331.451,D5
276,6,60.420,99.608,O6
276,9,119.074,451.719,O9
277,1,373.568,484.478,D1
277,2,929.391,642.461,O11
277,3,470.274,197.905,D3
277,5,391.208,337.172,D5
277,6,56.222,91.408,O6
277,9,118.299,450.199,O9
278,1,367.749,485.741,D1
278,2,929.992,662.423,O11
278,3,468.745,197.954,D3
278,5,407.095,373.490,D5
278,6,51.274,82.292,O6
278,9,117.026,451.462,O9
279,1,360.066,483.930,D1
279,2,931.247,678.018,O11
279,3,468.950,199.551,D3
279,5,397.873,352.460,D5
279,6,53.968,88.613,O6
279,9,117.962,454.974,O9
280,1,353.218,479.847,D1
280,2,932.243,687.997,O11
280,3,469.700,199.649,D3
280,5,399.391,347.585,D5
280,6,53.650,88.732,O6
280,9,118.634,458.148,O9
281,1,340.372,469.046,D1
281,2,933.666,690.015,O11
281,3,472.055,202.571,D3
281,5,412.908,363.730,D5
281,6,53.782,88.818,O6
281,9,121.391,464.973,O9
282,1,325.867,454.172,D1
282,2,935.143,690.552,O11
282,3,473.228,196.978,D3
282,5,411.004,346.903,D5
282,6,52.709,87.497,O6
282,9,124.184,470.973,O9
283,1,317.938,452.086,D1
283,2,937.102,692.038,O11
283,3,474.529,200.367,D3
283,5,415.013,346.307,D5
283,6,52.496,87.600,O6
283,9,123.893,472.969,O9
284,1,310.573,443.453,D1
284,2,938.635,701.082,O11
284,3,477.712,206.243,D3
284,5,423.683,343.238,D5
284,6,49.968,80.144,O6
284,9,126.754,478.333,O9
285,1,308.737,451.812,D1
285,2,941.828,718.825,O11
285,3,478.976,204.169,D3
285,5,431.370,344.475,D5
285,6,51.403,82.628,O6
285,9,125.613,479.092,O9
286,1,307.608,459.666,D1
286,2,944.871,740.248,O11
286,3,481.077,209.853,D3
286,5,441.358,346.926,D5
286,6,51.241,81.693,O6
286,9,127.019,482.798,O9
287,1,306.060,461.724,D1
287,2,946.846,750.694,O11
287,3,481.966,206.888,D3
287,5,454.020,348.108,D5
287,6,51.496,80.017,O6
287,9,129.124,483.545,O9
288,1,305.515,462.741,D1
288,2,948.097,760.580,O11
288,3,483.542,203.722,D3
288,5,459.892,351.892,D5
288,6,52.592,82.837,O6
288,9,132.542,482.217,O9
289,1,302.801,455.620,D1
289,2,948.851,761.049,O11
289,3,483.929,200.396,D3
289,5,465.189,358.739,D5
289,6,52.468,83.247,O6
289,9,134.736,483.280,O9
290,1,297.991,455.102,D1
290,2,949.764,762.000,O11
290,3,483.194,187.694,D3
290,5,471.593,369.846,D5
290,6,51.610,79.822,O6
290,9,125.966,483.776,O9
291,1,291.708,446.360,D1
291,2,951.624,761.504,O11
291,3,484.652,184.094,D3
291,5,484.120,383.156,D5
291,6,50.595,76.588,O6
291,9,127.024,485.873,O9
292,1,287.096,442.347,D1
292,2,955.399,760.099,O11
292,3,500.385,231.795,D3
292,5,489.210,384.885,D5
292,6,51.937,83.257,O6
292,9,136.386,482.661,O9
293,1,282.380,446.615,D1
293,2,961.434,759.554,O11
293,3,486.401,168.337,D3
293,5,494.244,383.221,D5
293,6,56.531,76.219,O6
293,9,133.725,481.149,O9
294,1,279.231,446.793,D1
294,2,968.960,760.710,O11
294,3,490.027,175.136,D3
294,5,503.630,390.997,D5
294,6,55.531,76.799,O6
294,9,132.816,482.976,O9
295,1,278.175,447.332,D1
295,2,974.477,757.213,O11
295,3,506.542,229.711,D3
295,5,512.641,394.225,D5
295,6,70.689,114.983,O6
295,9,129.669,485.248,O9
296,1,267.760,445.902,D1
296,2,976.877,754.961,O11
296,3,494.719,172.829,D3
296,5,523.423,395.586,D5
296,6,63.915,97.886,O6
296,9,134.192,498.195,O9
297,1,269.494,445.765,D1
297,2,979.388,756.742,O11
297,3,498.005,221.983,D3
297,5,532.471,389.134,D5
297,6,71.784,120.793,O6
297,9,141.307,510.055,O9
298,1,265.337,446.596,D1
298,2,983.955,759.142,O11
298,3,494.047,178.338,D3
298,5,541.885,392.512,D5
298,6,70.988,114.938,O6
298,9,151.103,527.909,O9
299,1,264.323,449.307,D1
299,2,986.691,773.134,O11
299,3,493.712,181.081,D3
299,5,547.391,395.035,D5
299,6,76.092,131.993,O6
299,9,157.879,536.790,O9
300,1,259.164,442.966,D1
300,2,992.271,773.336,O11
300,3,493.400,183.875,D3
300,5,554.866,400.158,D5
300,6,75.054,126.240,O6
300,9,165.041,552.337,O9
301,1,258.409,441.365,D1
301,2,994.964,779.906,O11
301,3,493.067,186.604,D3
301,5,563.186,403.939,D5
301,6,76.908,131.869,O6
301,9,167.471,560.322,O9
302,1,258.120,437.876,D1
302,2,997.961,793.740,O11
302,3,492.735,189.325,D3
302,5,571.108,413.825,D5
302,6,82.244,142.786,O6
302,9,170.007,564.112,O9
303,1,256.830,442.105,D1
303,2,1000.642,803.794,O11
303,3,497.300,195.047,D3
303,5,579.018,414.530,D5
303,6,80.197,137.249,O6
303,9,172.501,567.359,O9
304,1,257.107,445.075,D1
304,2,999.735,824.689,O11
304,3,502.672,200.667,D3
304,5,587.725,410.991,D5
304,6,89.495,153.286,O6
304,9,179.243,575.923,O9
305,1,253.894,440.075,D1
305,2,1000.667,829.967,O11
305,3,503.968,201.280,D3
305,5,599.214,405.700,D5
305,6,84.596,142.429,O6
305,9,187.551,591.256,O9
306,1,254.139,448.155,D1
306,2,1001.891,830.426,O11
306,3,506.116,204.064,D3
306,5,611.280,401.960,D5
306,6,81.611,137.034,O6
306,9,191.139,595.570,O9
307,1,252.196,448.179,D1
307,2,1001.562,836.218,O11
307,3,507.818,207.293,D3
307,5,620.890,417.825,D5
307,6,84.232,148.300,O6
307,9,195.052,600.236,O9
308,1,257.316,442.564,D1
308,2,1001.607,840.243,O11
308,3,511.359,216.819,D3
308,5,629.368,430.353,D5
308,6,92.051,158.652,O6
308,9,203.242,605.758,O9
309,1,262.255,439.927,D1
309,2,1002.066,839.885,O11
309,3,511.307,214.528,D3
309,5,635.574,440.867,D5
309,6,90.227,158.928,O6
309,9,210.394,605.398,O9
310,1,266.760,437.543,D1
310,2,1002.340,839.694,O11
310,3,510.115,207.810,D3
310,5,646.763,441.429,D5
310,6,86.415,147.969,O6
310,9,212.502,607.183,O9
311,1,267.164,434.913,D1
311,2,1002.440,839.030,O11
311,3,508.533,207.542,D3
311,5,655.718,445.419,D5
311,6,89.160,159.090,O6
311,9,212.780,608.327,O9
312,1,265.456,438.317,D1
312,2,1004.627,834.745,O11
312,3,509.404,213.515,D3
312,5,667.896,461.161,D5
312,6,83.719,148.377,O6
312,9,215.703,605.951,O9
313,1,266.381,433.474,D1
313,2,1008.699,831.559,O11
313,3,510.085,216.450,D3
313,5,678.277,465.822,D5
313,6,85.824,153.842,O6
313,9,219.890,607.549,O9
314,1,265.397,440.525,D1
314,2,1010.966,833.473,O11
314,3,512.941,228.257,D3
314,5,683.866,464.385,D5
314,6,93.572,169.836,O6
314,9,219.345,620.743,O9
315,1,265.309,456.448,D1
315,2,1015.698,839.667,O11
315,3,513.719,234.000,D3
315,5,693.576,462.562,D5
315,6,87.897,153.528,O6
315,9,229.826,632.512,O9
316,1,272.572,470.686,D1
316,2,1020.437,845.199,O11
316,3,513.129,234.436,D3
316,5,702.362,464.243,D5
316,6,90.290,158.919,O6
316,9,248.782,651.113,O9
317,1,274.751,482.339,D1
317,2,1024.671,846.607,O11
317,3,514.070,237.009,D3
317,5,713.179,460.211,D5
317,6,88.374,164.931,O6
317,9,260.993,660.054,O9
318,1,274.577,484.777,D1
318,2,1031.240,846.503,O11
318,3,514.439,238.481,D3
318,5,720.338,465.769,D5
318,6,82.494,154.347,O6
318,9,272.984,667.966,O9
319,1,278.785,490.718,D1
319,2,1045.742,845.573,O11
319,3,513.646,236.496,D3
319,5,729.567,473.965,D5
319,6,80.286,148.898,O6
319,9,278.900,668.564,O9
320,1,283.906,499.209,D1
320,2,1053.394,845.949,O11
320,3,512.189,232.985,D3
320,5,740.010,479.458,D5
320,6,82.165,154.397,O6
320,9,290.144,667.705,O9
321,1,286.584,509.991,D1
321,2,1058.848,849.815,O11
321,3,512.014,233.330,D3
321,5,750.002,485.601,D5
321,6,80.545,148.859,O6
321,9,294.768,664.471,O9
322,1,304.147,524.164,D1
322,2,1067.004,855.501,O11
322,3,511.798,233.160,D3
322,5,757.840,486.260,D5
322,6,76.803,137.764,O6
322,9,299.309,659.014,O9
323,1,309.232,534.701,D1
323,2,1070.393,864.916,O11
323,3,510.938,231.666,D3
323,5,766.209,505.345,D5
323,6,76.903,137.749,O6
323,9,317.633,682.978,O9
324,1,320.606,551.603,D1
324,2,1070.902,869.598,O11
324,3,510.899,235.030,D3
324,5,771.740,513.693,D5
324,6,76.627,143.638,O6
324,9,336.502,706.713,O9
325,1,325.424,558.215,D1
325,2,1071.569,874.579,O11
325,3,510.335,232.829,D3
325,5,777.605,512.425,D5
325,6,77.926,149.256,O6
325,9,352.482,729.932,O9
326,1,331.322,550.034,D1
326,2,1081.718,873.560,O11
326,3,509.911,233.008,D3
326,5,787.364,510.979,D5
326,6,61.063,106.476,O6
326,9,369.356,749.692,O9
327,1,342.067,555.778,D1
327,2,1082.514,871.053,O11
327,3,510.616,234.783,D3
327,5,802.207,510.839,D5
327,6,64.711,117.043,O6
327,9,388.770,764.337,O9
328,1,344.951,555.356,D1
328,2,1090.252,869.457,O11
328,3,509.105,227.435,D3
328,5,814.026,509.009,D5
328,6,62.916,118.071,O6
328,9,395.204,763.858,O9
329,1,352.435,532.111,D1
329,2,1095.286,873.826,O11
329,3,510.627,233.769,D3
329,5,820.885,521.461,D5
329,6,63.845,124.094,O6
329,9,408.859,761.064,O9
330,1,354.525,524.292,D1
330,2,1099.419,878.094,O11
330,3,510.489,233.616,D3
330,5,824.385,546.910,D5
330,6,62.446,123.111,O6
330,9,414.399,758.606,O9
331,1,367.987,540.979,D1
331,2,1107.351,880.960,O11
331,3,511.234,236.136,D3
331,5,831.893,557.438,D5
331,6,63.373,125.701,O6
331,9,423.164,759.437,O9
332,1,380.823,560.970,D1
332,2,1116.831,880.753,O11
332,3,512.581,241.950,D3
332,5,840.635,563.416,D5
332,6,61.423,125.247,O6
332,9,434.139,768.094,O9
333,1,397.379,576.354,D1
333,2,1125.838,880.332,O11
333,3,514.273,245.020,D3
333,5,850.193,570.386,D5
333,6,60.041,127.127,O6
333,9,448.617,788.392,O9
334,1,414.884,601.523,D1
334,2,1133.673,885.247,O11
334,3,514.933,242.343,D3
334,5,857.267,574.652,D5
334,6,60.488,127.774,O6
334,9,469.400,806.027,O9
335,1,425.030,603.446,D1
335,2,1138.355,886.246,O11
335,3,515.450,243.326,D3
335,5,862.557,578.266,D5
335,6,60.262,129.713,O6
335,9,485.253,822.773,O9
336,1,397.817,487.935,D1
336,2,1140.904,891.779,O11
336,3,515.668,243.265,D3
336,5,870.666,574.488,D5
336,6,60.127,129.734,O6
336,9,507.198,844.669,O9
337,1,423.579,544.965,D1
337,2,1142.555,891.409,O11
337,3,517.523,246.162,D3
337,5,879.859,573.040,D5
337,6,60.876,132.945,O6
337,9,513.974,852.292,O9
338,1,447.620,598.208,D1
338,2,1144.677,890.070,O11
338,3,519.279,245.557,D3
338,5,889.315,567.493,D5
338,6,58.360,131.836,O6
338,9,535.917,859.378,O9
339,1,476.842,647.052,D1
339,2,1147.533,891.687,O11
339,3,518.590,246.859,D3
339,5,895.728,569.120,D5
339,6,58.239,132.905,O6
339,9,548.280,855.249,O9
340,1,467.536,618.710,D1
340,2,1151.233,890.755,O11
340,3,517.596,244.494,D3
340,5,901.322,570.465,D5
340,6,57.198,131.571,O6
340,9,566.932,859.671,O9
341,1,474.856,619.751,D1
341,2,1156.962,890.026,O11
341,3,519.330,246.091,D3
341,5,905.734,580.564,D5
341,6,54.288,136.315,O6
341,9,587.720,875.244,O9
342,1,489.237,621.854,D1
342,2,1162.849,891.086,O11
342,3,519.588,246.224,D3
342,5,913.727,591.716,D5
342,6,52.373,134.101,O6
342,9,601.812,893.500,O9
343,1,491.000,618.520,D1
343,2,1167.378,887.369,O11
343,3,521.584,249.829,D3
343,5,921.442,590.360,D5
343,6,52.414,137.647,O6
343,9,615.741,900.333,O9
344,1,522.249,670.048,D1
344,2,1170.794,885.858,O11
344,3,525.048,258.312,D3
344,5,926.108,604.767,D5
344,6,49.993,137.001,O6
344,9,636.211,931.539,O9
345,1,537.137,695.058,D1
345,2,1173.533,885.941,O11
345,3,529.847,268.802,D3
345,5,929.264,622.801,D5
345,6,55.190,147.576,O6
345,9,644.698,930.338,O9
346,1,555.722,674.367,D1
346,2,1177.333,878.470,O11
346,3,527.048,246.534,D3
346,5,930.918,622.771,D5
346,6,56.529,155.502,O6
346,9,648.602,921.142,O9
347,1,566.651,711.284,D1
347,2,1180.663,873.590,O11
347,3,529.812,259.457,D3
347,5,935.819,619.756,D5
347,6,57.472,164.711,O6
347,9,658.622,915.783,O9
348,1,587.178,716.941,D1
348,2,1185.932,866.408,O11
348,3,538.006,280.317,D3
348,5,942.215,621.294,D5
348,6,57.439,170.393,O6
348,9,661.978,920.120,O9
349,1,605.712,705.652,D1
349,2,1192.233,862.983,O11
349,3,540.744,298.884,D3
349,5,950.045,619.656,D5
349,6,58.520,173.431,O6
349,9,675.011,919.807,O9
350,1,619.699,717.947,D1
350,2,1198.990,862.559,O11
350,3,536.847,299.465,D3
350,5,959.882,622.761,D5
350,6,56.822,178.051,O6
350,9,681.290,920.085,O9
351,1,635.115,743.556,D1
351,2,1201.661,862.559,O11
351,3,540.660,308.246,D3
351,5,966.614,626.823,D5
351,6,59.302,186.541,O6
351,9,692.663,916.513,O9
352,1,629.524,693.499,D1
352,2,1202.296,861.915,O11
352,3,541.863,298.717,D3
352,5,970.609,637.854,D5
352,6,49.866,166.521,O6
352,9,702.718,923.215,O9
353,1,654.315,732.556,D1
353,2,1202.746,862.783,O11
353,3,543.229,298.514,D3
353,5,976.454,651.636,D5
353,6,55.023,183.509,O6
353,9,719.764,929.395,O9
354,1,666.740,757.892,D1
354,2,1204.045,861.892,O11
354,3,528.420,229.973,D3
354,5,979.420,653.855,D5
354,6,56.322,187.056,O6
354,9,734.358,930.311,O9
355,1,686.356,776.074,D1
355,2,1206.921,860.505,O11
355,3,543.048,289.141,D3
355,5,982.748,657.500,D5
355,6,54.470,188.238,O6
355,9,745.511,934.698,O9
356,1,700.259,766.280,D1
356,2,1211.325,859.504,O11
356,3,543.357,291.815,D3
356,5,986.382,658.743,D5
356,6,51.169,180.692,O6
356,9,748.494,938.528,O9
357,1,710.127,775.252,D1
357,2,1212.814,860.392,O11
357,3,544.288,295.984,D3
357,5,992.542,657.360,D5
357,6,54.089,188.746,O6
357,9,750.587,938.912,O9
358,1,716.667,769.141,D1
358,2,1212.622,860.148,O11
358,3,543.046,290.094,D3
358,5,998.185,656.234,D5
358,6,53.254,189.355,O6
358,9,753.285,938.738,O9
359,1,722.950,760.407,D1
359,2,1212.490,860.143,O11
359,3,545.978,304.023,D3
359,5,1004.133,653.972,D5
359,6,55.509,199.796,O6
359,9,755.712,937.946,O9
360,1,724.587,749.593,D1
360,2,1212.511,861.768,O11
360,3,545.400,305.930,D3
360,5,1009.161,653.066,D5
360,6,54.779,201.433,O6
360,9,758.778,936.730,O9
361,1,728.144,743.734,D1
361,2,1214.248,860.686,O11
361,3,545.562,307.830,D3
361,5,1011.058,650.423,D5
361,6,51.675,198.177,O6
361,9,760.943,936.344,O9
362,1,737.692,760.915,D1
362,2,1213.502,860.862,O11
362,3,545.762,307.186,D3
362,5,1013.565,644.699,D5
362,6,49.934,198.631,O6
362,9,761.331,935.413,O9
363,1,750.145,784.831,D1
363,2,1211.053,860.157,O11
363,3,545.803,306.057,D3
363,5,1015.843,641.272,D5
363,6,49.850,202.241,O6
363,9,758.395,932.031,O9
364,1,757.725,786.267,D1
364,2,1212.469,859.791,O11
364,3,546.017,304.901,D3
364,5,1018.243,634.150,D5
364,6,49.908,203.630,O6
364,9,760.864,929.950,O9
365,1,765.976,790.101,D1
365,2,1210.405,862.066,O11
365,3,547.340,306.737,D3
365,5,1022.339,629.008,D5
365,6,52.667,212.282,O6
365,9,763.762,926.974,O9
366,1,774.140,796.389,D1
366,2,1216.427,859.752,O11
366,3,546.306,296.656,D3
366,5,1026.303,623.445,D5
366,6,54.399,217.793,O6
366,9,767.774,922.984,O9
367,1,783.823,797.474,D1
367,2,1218.029,859.112,O11
367,3,547.189,295.389,D3
367,5,1029.271,614.743,D5
367,6,55.055,221.536,O6
367,9,774.133,921.521,O9
368,1,793.651,796.070,D1
368,2,1218.691,857.053,O11
368,3,547.466,296.888,D3
368,5,1032.246,615.612,D5
368,6,56.645,226.054,O6
368,9,781.968,918.304,O9
369,1,804.384,813.974,D1
369,2,1220.042,851.911,O11
369,3,547.502,293.692,D3
369,5,1036.740,607.905,D5
369,6,57.195,227.676,O6
369,9,789.129,917.916,O9
370,1,807.650,794.071,D1
370,2,1221.304,840.865,O11
370,3,549.721,299.894,D3
370,5,1037.552,608.277,D5
370,6,62.787,239.793,O6
370,9,782.617,917.751,O9
371,1,810.270,771.163,D1
371,2,1220.972,829.970,O11
371,3,551.170,303.062,D3
371,5,1037.291,605.728,D5
371,6,66.566,247.056,O6
371,9,793.586,918.276,O9
372,1,816.904,775.284,D1
372,2,1222.487,821.549,O11
372,3,555.716,307.065,D3
372,5,1042.320,605.963,D5
372,6,67.293,247.918,O6
372,9,807.685,913.817,O9
373,1,821.117,777.204,D1
373,2,1223.952,812.676,O11
373,3,556.130,307.750,D3
373,5,1043.602,606.162,D5
373,6,67.712,247.915,O6
373,9,822.254,914.612,O9
374,1,824.035,766.645,D1
374,2,1227.923,802.240,O11
374,3,558.770,313.629,D3
374,5,1045.125,607.025,D5
374,6,68.516,249.219,O6
374,9,836.648,910.584,O9
375,1,830.364,755.449,D1
375,2,1224.213,800.460,O11
375,3,562.025,317.768,D3
375,5,1045.698,605.719,D5
375,6,67.853,248.046,O6
375,9,841.031,909.905,O9
376,1,834.554,744.409,D1
376,2,1221.934,792.377,O11
376,3,564.597,322.984,D3
376,5,1045.524,605.482,D5
376,6,69.747,250.093,O6
376,9,844.464,908.510,O9
377,1,846.082,760.931,D1
377,2,1216.827,788.315,O11
377,3,562.918,318.505,D3
377,5,1045.913,604.271,D5
377,6,67.817,249.809,O6
377,9,852.303,910.211,O9
378,1,849.303,752.737,D1
378,2,1212.712,786.288,O11
378,3,556.265,299.698,D3
378,5,1045.634,602.575,D5
378,6,67.536,249.094,O6
378,9,858.907,906.692,O9
379,1,854.816,757.112,D1
379,2,1209.483,787.408,O11
379,3,558.064,299.188,D3
379,5,1045.137,600.942,D5
379,6,68.916,252.424,O6
379,9,866.352,905.060,O9
380,1,858.235,766.842,D1
380,2,1208.675,784.890,O11
380,3,561.036,308.272,D3
380,5,1044.574,599.139,D5
380,6,71.776,260.951,O6
380,9,876.192,910.324,O9
381,1,860.809,761.382,D1
381,2,1206.997,783.191,O11
381,3,562.952,307.907,D3
381,5,1044.070,598.665,D5
381,6,77.479,269.180,O6
381,9,888.760,909.777,O9
382,1,862.027,756.080,D1
382,2,1205.972,780.940,O11
382,3,564.098,311.165,D3
382,5,1043.189,599.252,D5
382,6,78.662,278.125,O6
382,9,905.679,908.497,O9
383,1,867.430,750.141,D1
383,2,1203.229,783.794,O11
383,3,564.864,308.660,D3
383,5,1042.542,597.438,D5
383,6,81.267,290.381,O6
383,9,922.886,907.431,O9
384,1,876.824,751.383,D1
384,2,1200.770,782.760,O11
384,3,566.512,307.057,D3
384,5,1043.903,594.550,D5
384,6,79.895,294.468,O6
384,9,938.578,903.392,O9
385,1,884.177,741.306,D1
385,2,1197.187,781.109,O11
385,3,565.930,299.789,D3
385,5,1044.441,591.895,D5
385,6,78.335,294.557,O6
385,9,947.132,903.784,O9
386,1,909.054,749.347,D1
386,2,1192.263,782.531,O11
386,3,569.962,308.034,D3
386,5,1045.277,589.903,D5
386,6,84.179,308.575,O6
386,9,954.892,901.204,O9
387,1,920.662,742.517,D1
387,2,1187.052,783.032,O11
387,3,572.235,315.009,D3
387,5,1045.762,592.238,D5
387,6,87.483,316.673,O6
387,9,966.361,898.718,O9
388,1,933.919,761.075,D1
388,2,1181.801,783.592,O11
388,3,573.949,318.890,D3
388,5,1047.817,582.942,D5
388,6,86.170,314.098,O6
388,9,983.158,894.948,O9
389,1,945.518,771.911,D1
389,2,1176.269,783.685,O11
389,3,575.654,328.702,D3
389,5,1044.163,579.323,D5
389,6,86.737,314.863,O6
389,9,997.712,892.927,O9
390,1,956.241,782.655,D1
390,2,1167.094,789.465,O11
390,3,576.658,330.268,D3
390,5,1045.292,590.454,D5
390,6,88.288,319.654,O6
390,9,1009.904,895.685,O9
391,1,965.467,802.905,D1
391,2,1163.171,787.164,O11
391,3,578.915,346.122,D3
391,5,1044.289,586.577,D5
391,6,88.248,320.869,O6
391,9,1023.479,901.785,O9
392,1,975.682,810.823,D1
392,2,1158.076,783.959,O11
392,3,578.155,340.193,D3
392,5,1046.358,529.194,D5
392,6,86.522,319.411,O6
392,9,1043.020,900.855,O9
393,1,1001.439,834.529,D1
393,2,1154.107,777.842,O11
393,3,580.350,353.204,D3
393,5,1043.404,550.801,D5
393,6,85.031,322.109,O6
393,9,1058.469,898.812,O9
394,1,996.520,819.614,D1
394,2,1152.887,749.700,O11
394,3,579.078,349.892,D3
394,5,1048.084,427.936,D5
394,6,83.655,322.708,O6
394,9,1070.892,895.552,O9
395,1,1033.439,823.243,D1
395,2,1149.049,750.248,O11
395,3,581.008,360.973,D3
395,5,1045.263,436.169,D5
395,6,80.181,321.879,O6
395,9,1076.269,895.127,O9
396,1,1040.109,811.218,D1
396,2,1141.918,756.161,O11
396,3,582.552,368.819,D3
396,5,1039.082,505.187,D5
396,6,76.995,323.789,O6
396,9,1088.053,893.348,O9
397,1,1044.093,809.147,D1
397,2,1137.195,749.480,O11
397,3,581.458,370.274,D3
397,5,1036.538,500.923,D5
397,6,73.589,320.867,O6
397,9,1099.422,891.846,O9
398,1,1051.905,810.858,D1
398,2,1129.243,772.450,O11
398,3,577.964,362.503,D3
398,5,1032.666,521.081,D5
398,6,70.682,318.368,O6
398,9,1111.528,879.972,O9
399,1,1064.947,808.318,D1
399,2,1131.378,762.525,O11
399,3,575.992,359.983,D3
399,5,1030.410,557.267,D5
399,6,69.443,318.017,O6
399,9,1123.697,856.864,O9
400,1,1073.481,808.040,D1
400,2,1129.650,762.772,O11
400,3,574.486,360.080,D3
400,5,1028.250,559.535,D5
400,6,71.116,322.673,O6
400,9,1133.560,844.168,O9
401,1,1076.190,805.322,D1
401,2,1128.051,758.140,O11
401,3,573.040,362.481,D3
401,5,1027.456,561.081,D5
401,6,73.652,329.413,O6
401,9,1143.564,841.913,O9
402,1,1087.682,803.066,D1
402,2,1125.197,748.724,O11
402,3,572.357,361.653,D3
402,5,1024.823,561.964,D5
402,6,78.595,339.201,O6
402,9,1149.392,839.964,O9
403,1,1100.964,802.788,D1
403,2,1124.303,761.109,O11
403,3,572.252,363.676,D3
403,5,1023.520,560.519,D5
403,6,78.543,338.711,O6
403,9,1154.052,839.539,O9
404,1,1115.581,804.523,D1
404,2,1130.962,750.369,O11
404,3,571.453,365.648,D3
404,5,1023.263,551.042,D5
404,6,80.352,341.587,O6
404,9,1169.618,831.404,O9
405,1,1123.358,806.336,D1
405,2,1132.763,750.112,O11
405,3,571.090,365.952,D3
405,5,1022.571,544.458,D5
405,6,86.866,354.023,O6
405,9,1183.533,829.232,O9
406,1,1138.180,815.845,D1
406,2,1132.554,755.054,O11
406,3,570.336,365.288,D3
406,5,1021.588,548.403,D5
406,6,88.805,357.910,O6
406,9,1195.197,820.094,O9
407,1,1141.824,819.563,D1
407,2,1131.333,752.777,O11
407,3,570.244,365.727,D3
407,5,1019.505,545.510,D5
407,6,88.584,357.293,O6
407,9,1202.056,813.790,O9
408,1,1146.025,818.073,D1
408,2,1137.120,751.951,O11
408,3,569.406,366.126,D3
408,5,1017.556,568.599,D5
408,6,88.888,356.435,O6
408,9,1215.810,800.193,O9
409,1,1156.026,780.069,D1
409,2,1137.005,759.297,O11
409,3,569.635,365.191,D3
409,5,1017.290,554.275,D5
409,6,89.143,357.210,O6
409,9,1211.536,823.527,O9
410,1,1156.228,823.109,D1
410,2,1134.251,759.690,O11
410,3,569.021,368.057,D3
410,5,1016.746,566.227,D5
410,6,88.560,357.432,O6
410,9,1218.472,818.102,O9
411,1,1163.240,828.698,D1
411,2,1134.222,758.085,O11
411,3,571.087,369.746,D3
411,5,1017.371,567.705,D5
411,6,89.257,358.870,O6
411,9,1232.880,805.564,O9
412,1,1164.849,830.396,D1
412,2,1135.104,758.965,O11
412,3,571.340,371.798,D3
412,5,1016.937,571.740,D5
412,6,88.357,358.977,O6
412,9,1237.211,799.542,O9
413,1,1170.019,834.170,D1
413,2,1134.047,755.714,O11
413,3,572.784,379.330,D3
413,5,1019.658,542.128,D5
413,6,87.193,357.203,O6
413,9,1241.359,792.578,O9
414,1,1175.306,831.731,D1
414,2,1133.401,754.936,O11
414,3,574.975,383.431,D3
414,5,1017.617,561.729,D5
414,6,90.797,364.595,O6
414,9,1243.978,790.133,O9
415,1,1176.744,829.883,D1
415,2,1131.305,756.947,O11
415,3,575.539,383.299,D3
415,5,1017.579,569.498,D5
415,6,91.135,367.763,O6
415,9,1245.907,790.316,O9
416,1,1180.529,817.671,D1
416,2,1128.917,757.260,O11
416,3,575.650,382.350,D3
416,5,1017.382,573.417,D5
416,6,92.753,373.793,O6
416,9,1247.278,787.073,O9
417,1,1181.833,818.374,D1
417,2,1128.306,757.053,O11
417,3,574.786,379.921,D3
417,5,1017.900,570.205,D5
417,6,93.436,375.817,O6
417,9,1248.221,787.306,O9
418,1,1189.873,800.103,D1
418,2,1128.927,751.700,O11
418,3,573.740,381.109,D3
418,5,1019.646,556.442,D5
418,6,98.081,382.686,O6
418,9,1248.699,786.753,O9
419,1,1198.393,758.988,D1
419,2,1128.805,747.708,O11
419,3,574.875,383.470,D3
419,5,1022.607,559.071,D5
419,6,97.515,385.216,O6
419,9,1244.668,797.743,O9
420,1,1199.672,757.867,D1
420,2,1128.809,746.058,O11
420,3,575.955,388.569,D3
420,5,1026.133,556.153,D5
420,6,99.159,388.039,O6
420,9,1243.461,804.628,O9
421,1,1205.844,753.803,D1
421,2,1128.393,746.829,O11
421,3,579.479,398.160,D3
421,5,1024.834,558.561,D5
421,6,100.352,389.692,O6
421,9,1250.499,774.040,O9
422,1,1211.495,744.634,D1
422,2,1128.549,745.682,O11
422,3,579.919,398.119,D3
422,5,1024.827,538.002,D5
422,6,101.296,390.518,O6
422,9,1252.471,765.742,O9
423,1,1219.057,741.853,D1
423,2,1128.655,742.539,O11
423,3,580.676,394.964,D3
423,5,1024.014,517.614,D5
423,6,100.479,389.307,O6
423,9,1258.152,738.355,O9
424,1,1218.769,716.897,D1
424,2,1129.059,736.920,O11
424,3,581.102,394.223,D3
424,5,1012.428,512.813,D5
424,6,103.463,394.779,O6
424,9,1262.964,726.968,O9
425,1,1217.416,743.269,D1
425,2,1128.170,735.892,O11
425,3,581.755,395.965,D3
425,5,1011.438,504.185,D5
425,6,102.852,391.200,O6
425,9,1271.008,698.511,O9
426,1,1221.060,737.188,D1
426,2,1127.351,734.939,O11
426,3,582.124,393.854,D3
426,5,1013.583,491.997,D5
426,6,103.294,393.400,O6
426,9,1272.310,687.557,O9
427,1,1221.191,732.792,D1
427,2,1125.042,734.255,O11
427,3,583.227,391.775,D3
427,5,1014.868,484.083,D5
427,6,104.594,400.050,O6
427,9,1270.335,691.771,O9
428,1,1220.528,726.944,D1
428,2,1123.838,734.760,O11
428,3,583.530,390.054,D3
428,5,1018.508,475.196,D5
428,6,104.717,400.832,O6
428,9,1270.690,663.089,O9
429,1,1223.364,698.050,D1
429,2,1123.090,734.186,O11
429,3,584.459,390.548,D3
429,5,1021.350,466.446,D5
429,6,103.066,397.924,O6
429,9,1269.529,657.646,O9
430,1,1213.194,676.057,D1
430,2,1122.392,734.880,O11
430,3,585.943,391.834,D3
430,5,1025.760,462.461,D5
430,6,101.159,397.041,O6
430,9,1255.542,693.591,O9
431,1,1211.289,663.512,D1
431,2,1121.829,735.424,O11
431,3,586.680,392.913,D3
431,5,1025.714,465.287,D5
431,6,101.195,398.254,O6
431,9,1257.177,662.581,O9
432,1,1212.728,637.611,D1
432,2,1121.582,735.517,O11
432,3,586.544,391.381,D3
432,5,1024.642,473.990,D5
432,6,101.950,400.417,O6
432,9,1265.566,630.625,O9
433,1,1214.911,636.385,D1
433,2,1121.690,734.560,O11
433,3,588.762,399.004,D3
433,5,1024.734,470.481,D5
433,6,100.799,398.028,O6
433,9,1263.705,622.166,O9
434,1,1196.288,647.218,D1
434,2,1120.813,734.889,O11
434,3,590.322,402.136,D3
434,5,1023.201,471.679,D5
434,6,101.094,398.450,O6
434,9,1258.954,609.346,O9
435,1,1189.102,643.157,D1
435,2,1120.902,733.745,O11
435,3,592.665,413.462,D3
435,5,1024.168,469.403,D5
435,6,101.560,399.415,O6
435,9,1265.248,593.357,O9
436,1,1186.910,647.454,D1
436,2,1118.090,732.170,O11
436,3,594.167,416.854,D3
436,5,1024.008,466.953,D5
436,6,101.610,398.916,O6
436,9,1268.000,582.235,O9
437,1,1198.995,553.798,D1
437,2,1115.906,734.894,O11
437,3,594.424,418.418,D3
437,5,1023.574,458.208,D5
437,6,102.833,401.241,O6
437,9,1260.353,580.875,O9
438,1,1195.934,541.315,D1
438,2,1116.207,734.285,O11
438,3,593.926,416.489,D3
438,5,1022.937,453.472,D5
438,6,104.276,404.606,O6
438,9,1257.966,579.898,O9
439,1,1190.017,544.868,D1
439,2,1111.977,734.324,O11
439,3,596.125,421.174,D3
439,5,1022.662,398.660,D5
439,6,103.800,403.519,O6
439,9,1253.340,575.394,O9
440,1,1175.893,533.282,D1
440,2,1107.402,740.664,O11
440,3,597.109,422.154,D3
440,5,1020.273,416.321,D5
440,6,103.733,403.169,O6
440,9,1245.806,559.453,O9
441,1,1174.873,535.544,D1
441,2,1100.388,741.782,O11
441,3,596.801,421.028,D3
441,5,1017.139,426.445,D5
441,6,104.269,404.324,O6
441,9,1228.020,567.953,O9
442,1,1173.641,538.074,D1
442,2,1097.093,744.367,O11
442,3,598.445,420.433,D3
442,5,1018.101,410.300,D5
442,6,103.554,404.482,O6
442,9,1220.338,544.513,O9
443,1,1172.837,508.302,D1
443,2,1091.911,748.561,O11
443,3,599.149,419.085,D3
443,5,1017.519,401.734,D5
443,6,103.479,406.265,O6
443,9,1211.388,534.083,O9
444,1,1162.938,497.141,D1
444,2,1090.108,750.146,O11
444,3,598.922,418.107,D3
444,5,1012.495,396.779,D5
444,6,102.900,406.890,O6
444,9,1205.040,528.711,O9
445,1,1156.228,488.366,D1
445,2,1089.318,752.523,O11
445,3,596.269,410.703,D3
445,5,1014.451,367.619,D5
445,6,101.935,406.366,O6
445,9,1202.426,500.216,O9
446,1,1153.573,474.453,D1
446,2,1086.869,759.679,O11
446,3,598.511,417.485,D3
446,5,1009.708,357.770,D5
446,6,100.756,403.276,O6
446,9,1207.826,459.103,O9
447,1,1146.563,478.561,D1
447,2,1081.269,766.422,O11
447,3,598.229,414.957,D3
447,5,1003.503,342.956,D5
447,6,100.406,404.487,O6
447,9,1209.717,450.670,O9
448,1,1151.372,470.724,D1
448,2,1085.309,769.619,O11
448,3,596.605,407.396,D3
448,5,998.370,341.283,D5
448,6,95.251,391.991,O6
448,9,1203.577,457.314,O9
449,1,1135.602,479.939,D1
449,2,1081.431,770.477,O11
449,3,597.643,414.406,D3
449,5,995.228,341.651,D5
449,6,87.498,370.658,O6
449,9,1201.138,464.534,O9
450,1,1131.025,476.167,D1
450,2,1078.164,773.810,O11
450,3,598.044,417.272,D3
450,5,992.217,338.884,D5
450,6,78.285,348.295,O6
450,9,1203.305,464.319,O9
451,1,1139.475,391.596,D1
451,2,1076.003,776.753,O11
451,3,598.012,417.842,D3
451,5,992.138,340.032,D5
451,6,78.928,337.548,O6
451,9,1209.579,455.332,O9
452,1,1133.367,473.840,D1
452,2,1074.405,776.154,O11
452,3,596.678,411.757,D3
452,5,990.138,340.473,D5
452,6,78.541,334.945,O6
452,9,1195.345,453.059,O9
453,1,1139.943,426.263,D1
453,2,1073.289,774.671,O11
453,3,597.076,414.325,D3
453,5,988.788,340.044,D5
453,6,71.827,318.056,O6
453,9,1198.744,443.394,O9
454,1,1142.153,357.760,D1
454,2,1073.000,779.632,O11
454,3,597.385,417.652,D3
454,5,988.122,339.369,D5
454,6,77.793,328.849,O6
454,9,1208.496,405.188,O9
455,1,1135.727,370.726,D1
455,2,1069.234,771.578,O11
455,3,597.188,415.276,D3
455,5,985.704,339.532,D5
455,6,80.075,329.318,O6
455,9,1202.690,385.426,O9
456,1,1142.085,369.791,D1
456,2,1066.497,772.316,O11
456,3,596.494,410.574,D3
456,5,985.195,338.954,D5
456,6,76.459,319.395,O6
456,9,1204.527,364.182,O9
457,1,1136.785,342.269,D1
457,2,1062.061,779.676,O11
457,3,591.333,383.386,D3
457,5,979.936,349.533,D5
457,6,76.580,303.198,O6
457,9,1193.840,363.680,O9
458,1,1131.563,359.320,D1
458,2,1056.083,783.942,O11
458,3,590.848,380.934,D3
458,5,977.018,353.764,D5
458,6,63.705,275.274,O6
458,9,1192.485,362.623,O9
459,1,1130.611,339.063,D1
459,2,1051.152,793.626,O11
459,3,596.278,406.039,D3
459,5,974.382,357.534,D5
459,6,60.226,255.330,O6
459,9,1188.096,363.589,O9
460,1,1122.285,352.584,D1
460,2,1045.928,795.705,O11
460,3,597.274,412.285,D3
460,5,970.643,363.913,D5
460,6,69.707,254.567,O6
460,9,1179.026,368.025,O9
461,1,1117.279,365.448,D1
461,2,1041.600,797.774,O11
461,3,597.723,415.716,D3
461,5,968.792,363.146,D5
461,6,77.269,252.405,O6
461,9,1173.006,367.316,O9
462,1,1111.880,390.010,D1
462,2,1036.794,798.579,O11
462,3,598.407,419.969,D3
462,5,967.484,363.788,D5
462,6,83.417,246.795,O6
462,9,1171.144,364.461,O9
463,1,1108.556,317.226,D1
463,2,1031.788,798.997,O11
463,3,597.880,419.201,D3
463,5,967.407,363.682,D5
463,6,89.804,247.619,O6
463,9,1174.316,357.909,O9
464,1,1105.929,330.246,D1
464,2,1027.798,798.865,O11
464,3,597.952,418.838,D3
464,5,968.281,365.959,D5
464,6,96.500,244.917,O6
464,9,1171.543,355.918,O9
465,1,1098.789,335.473,D1
465,2,1025.847,798.308,O11
465,3,598.109,419.825,D3
465,5,968.520,364.415,D5
465,6,103.321,236.714,O6
465,9,1168.575,354.251,O9
466,1,1102.377,305.332,D1
466,2,1024.529,798.321,O11
466,3,596.027,412.563,D3
466,5,968.469,365.837,D5
466,6,109.528,238.339,O6
466,9,1159.472,347.288,O9
467,1,1098.435,318.723,D1
467,2,1024.016,796.788,O11
467,3,592.983,405.261,D3
467,5,968.133,367.253,D5
467,6,118.113,236.377,O6
467,9,1164.908,339.872,O9
468,1,1097.261,293.075,D1
468,2,1023.173,792.694,O11
468,3,592.294,405.076,D3
468,5,967.474,371.037,D5
468,6,125.077,190.144,O6
468,9,1165.830,313.245,O9
469,1,1093.582,308.958,D1
469,2,1019.051,787.591,O11
469,3,587.097,389.307,D3
469,5,967.263,378.907,D5
469,6,124.821,172.787,O6
469,9,1161.258,307.060,O9
470,1,1087.596,289.136,D1
470,2,1014.504,781.325,O11
470,3,584.604,393.996,D3
470,5,967.727,377.281,D5
470,6,133.130,171.400,O6
470,9,1152.335,304.931,O9
471,1,1084.099,286.295,D1
471,2,1007.428,780.172,O11
471,3,578.398,371.001,D3
471,5,968.156,397.329,D5
471,6,140.971,169.080,O6
471,9,1144.759,296.321,O9
472,1,1085.730,266.329,D1
472,2,996.340,780.419,O11
472,3,574.606,359.333,D3
472,5,968.783,369.389,D5
472,6,148.638,174.382,O6
472,9,1133.622,290.861,O9
473,1,1081.265,270.467,D1
473,2,984.492,781.428,O11
473,3,570.000,345.606,D3
473,5,968.713,391.330,D5
473,6,-9.653,-253.551,O6
473,9,1126.834,286.110,O9
474,1,1083.446,255.077,D1
474,2,975.886,783.865,O11
474,3,569.554,334.640,D3
474,5,967.431,387.520,D5
474,6,165.511,171.573,O6
474,9,1120.663,285.040,O9
475,1,1074.404,265.474,D1
475,2,964.856,785.605,O11
475,3,569.708,340.985,D3
475,5,972.631,386.754,D5
475,6,170.399,167.380,O6
475,9,1113.569,289.155,O9
476,1,1069.663,265.253,D1
476,2,957.382,780.926,O11
476,3,570.222,336.866,D3
476,5,962.863,392.191,D5
476,6,186.388,161.916,O6
476,9,1118.724,281.975,O9
477,1,1064.881,255.998,D1
477,2,952.182,774.391,O11
477,3,564.577,310.324,D3
477,5,964.918,359.389,D5
477,6,196.411,152.128,O6
477,9,1108.553,288.569,O9
478,1,1060.717,249.344,D1
478,2,943.416,752.370,O11
478,3,568.884,335.412,D3
478,5,972.003,410.669,D5
478,6,206.946,143.249,O6
478,9,1102.497,285.693,O9
479,1,1050.549,241.605,D1
479,2,932.917,735.718,O11
479,3,562.874,309.515,D3
479,5,972.126,393.828,D5
479,6,218.384,148.409,O6
479,9,1091.250,276.434,O9
480,1,1035.301,253.098,D1
480,2,927.015,714.177,O11
480,3,561.683,310.304,D3
480,5,968.073,397.478,D5
480,6,223.458,144.298,O6
480,9,1079.336,270.445,O9
481,1,1027.779,207.195,D1
481,2,920.164,705.258,O11
481,3,561.114,307.195,D3
481,5,969.798,410.898,D5
481,6,234.816,141.264,O6
481,9,1075.962,280.231,O9
482,1,1023.493,254.855,D1
482,2,910.934,702.907,O11
482,3,562.124,327.431,D3
482,5,967.246,398.782,D5
482,6,249.771,146.630,O6
482,9,1070.272,277.837,O9
483,1,1016.584,237.350,D1
483,2,902.792,708.678,O11
483,3,559.522,319.748,D3
483,5,967.874,396.688,D5
483,6,278.361,137.656,O6
483,9,1065.999,276.964,O9
484,1,1011.672,293.805,D1
484,2,895.281,702.063,O11
484,3,558.424,323.876,D3
484,5,964.184,396.912,D5
484,6,280.283,130.820,O6
484,9,1068.074,280.510,O9
485,1,1007.759,214.989,D1
485,2,884.169,696.686,O11
485,3,554.844,325.482,D3
485,5,966.567,399.586,D5
485,6,280.791,125.352,O6
485,9,1060.589,282.385,O9
486,1,1013.195,279.289,D1
486,2,877.119,689.515,O11
486,3,554.362,335.138,D3
486,5,969.172,397.748,D5
486,6,291.710,131.198,O6
486,9,1057.992,279.353,O9
487,1,996.104,248.827,D1
487,2,870.627,668.957,O11
487,3,549.539,334.636,D3
487,5,971.082,397.080,D5
487,6,304.531,126.453,O6
487,9,1043.708,273.909,O9
488,1,988.079,228.514,D1
488,2,864.488,638.300,O11
488,3,547.806,341.048,D3
488,5,962.739,398.945,D5
488,6,313.525,111.061,O6
488,9,1035.307,232.107,O9
489,1,997.365,229.081,D1
489,2,856.182,619.398,O11
489,3,543.622,332.371,D3
489,5,966.052,391.406,D5
489,6,324.427,109.909,O6
489,9,1025.947,235.949,O9
490,1,968.299,186.979,D1
490,2,848.341,595.408,O11
490,3,537.492,317.564,D3
490,5,962.728,381.525,D5
490,6,339.151,124.011,O6
490,9,1009.163,261.564,O9
491,1,952.010,186.468,D1
491,2,840.594,580.690,O11
491,3,539.219,333.520,D3
491,5,956.693,378.838,D5
491,6,348.049,128.316,O6
491,9,996.135,268.055,O9
492,1,951.196,194.259,D1
492,2,833.241,572.169,O11
492,3,539.866,335.685,D3
492,5,950.128,376.916,D5
492,6,355.273,124.235,O6
492,9,998.961,251.128,O9
493,1,947.819,199.687,D1
493,2,826.356,571.731,O11
493,3,535.325,317.013,D3
493,5,950.887,385.941,D5
493,6,363.685,118.910,O6
493,9,990.038,256.164,O9
494,1,931.073,167.219,D1
494,2,822.811,566.219,O11
494,3,535.398,313.527,D3
494,5,959.680,368.570,D5
494,6,387.619,124.454,O6
494,9,981.147,261.154,O9
495,1,926.743,132.194,D1
495,2,819.319,567.966,O11
495,3,533.850,303.388,D3
495,5,957.200,362.420,D5
495,6,390.184,125.112,O6
495,9,957.395,231.081,O9
496,1,907.847,132.827,D1
496,2,817.154,566.354,O11
496,3,539.195,313.439,D3
496,5,955.826,341.454,D5
496,6,397.404,118.709,O6
496,9,963.487,271.097,O9
497,1,895.780,140.319,D1
497,2,810.345,559.341,O11
497,3,538.211,295.943,D3
497,5,953.357,341.407,D5
497,6,413.834,131.071,O6
497,9,954.704,276.027,O9
498,1,889.609,140.464,D1
498,2,806.777,547.167,O11
498,3,541.760,297.198,D3
498,5,945.232,336.425,D5
498,6,417.623,115.712,O6
498,9,945.959,280.937,O9
499,1,885.503,140.418,D1
499,2,801.097,527.126,O11
499,3,543.516,299.014,D3
499,5,942.463,337.982,D5
499,6,426.963,125.741,O6
499,9,937.249,285.852,O9
500,1,877.039,143.498,D1
500,2,795.955,511.998,O11
500,3,546.642,300.595,D3
500,5,938.078,343.011,D5
500,6,443.031,106.624,O6
500,9,933.930,281.375,O9
501,1,876.705,144.240,D1
501,2,790.503,501.398,O11
501,3,549.655,300.011,D3
501,5,933.978,344.030,D5
501,6,451.986,133.246,O6
501,9,930.604,276.899,O9
502,1,874.347,153.728,D1
502,2,787.365,491.082,O11
502,3,552.137,286.395,D3
502,5,929.854,344.809,D5
502,6,453.591,132.778,O6
502,9,927.249,272.376,O9
503,1,866.114,147.785,D1
503,2,781.821,481.450,O11
503,3,555.257,266.007,D3
503,5,925.957,343.905,D5
503,6,460.317,130.570,O6
503,9,923.878,267.855,O9
504,1,865.538,175.588,D1
504,2,773.763,471.499,O11
504,3,556.860,276.317,D3
504,5,923.577,341.239,D5
504,6,466.819,132.965,O6
504,9,920.492,263.284,O9
505,1,861.369,160.406,D1
505,2,769.081,469.596,O11
505,3,549.175,221.892,D3
505,5,920.558,339.807,D5
505,6,471.440,125.692,O6
505,9,917.085,258.689,O9
506,1,849.074,100.060,D1
506,2,765.499,467.828,O11
506,3,557.156,222.442,D3
506,5,919.528,336.411,D5
506,6,476.888,119.585,O6
506,9,913.663,254.069,O9
507,1,840.872,175.652,D1
507,2,761.913,463.661,O11
507,3,561.168,193.970,D3
507,5,916.993,330.858,D5
507,6,485.268,120.654,O6
507,9,910.228,249.452,O9
508,1,832.876,166.590,D1
508,2,757.761,451.853,O11
508,3,576.651,199.093,D3
508,5,913.438,332.962,D5
508,6,483.709,105.868,O6
508,9,906.770,244.783,O9
509,1,827.359,162.249,D1
509,2,755.349,452.495,O11
509,3,579.102,202.637,D3
509,5,912.390,314.857,D5
509,6,483.420,89.940,O6
509,9,903.291,240.118,O9
510,1,820.494,152.862,D1
510,2,751.954,437.754,O11
510,3,594.011,242.762,D3
510,5,910.447,297.365,D5
510,6,496.812,101.941,O6
510,9,900.997,219.609,O9
511,1,818.313,158.412,D1
511,2,748.989,419.521,O11
511,3,590.756,213.877,D3
511,5,906.915,285.545,D5
511,6,500.902,80.758,O6
511,9,898.653,198.656,O9
512,1,819.194,131.345,D1
512,2,746.421,412.917,O11
512,3,590.593,205.515,D3
512,5,904.465,286.609,D5
512,6,503.723,58.543,O6
512,9,896.265,177.243,O9
513,1,816.488,174.193,D1
513,2,745.229,412.167,O11
513,3,596.340,203.209,D3
513,5,899.122,288.698,D5
513,6,511.703,66.819,O6
513,9,893.814,155.386,O9
514,1,813.188,164.377,D1
514,2,743.367,410.680,O11
514,3,595.441,190.613,D3
514,5,895.100,283.975,D5
514,6,522.246,74.862,O6
514,9,891.310,133.009,O9
515,1,815.672,133.991,D1
515,2,742.836,410.805,O11
515,3,600.217,201.417,D3
515,5,891.551,282.287,D5
515,6,523.027,45.135,O6
515,9,888.750,110.125,O9
516,1,814.773,137.522,D1
516,2,742.403,404.699,O11
516,3,604.379,209.084,D3
516,5,885.586,283.305,D5
516,6,529.647,59.462,O6
516,9,886.133,86.747,O9
517,1,806.944,130.146,D1
517,2,741.313,396.717,O11
517,3,604.361,203.920,D3
517,5,881.983,290.364,D5
517,6,530.538,40.525,O6
517,9,877.090,-147.959,O9
518,1,800.769,106.213,D1
518,2,740.174,389.691,O11
518,3,608.220,210.205,D3
518,5,881.340,297.633,D5
518,6,532.437,29.801,O6
518,9,876.107,-135.759,O9
519,1,799.993,109.070,D1
519,2,740.569,383.625,O11
519,3,609.420,202.631,D3
519,5,880.271,300.206,D5
519,6,533.647,12.227,O6
519,9,875.834,-125.526,O9
520,1,800.211,114.182,D1
520,2,738.670,369.658,O11
520,3,613.293,204.932,D3
520,5,876.063,308.745,D5
520,6,539.669,23.709,O6
520,9,878.074,-123.481,O9
521,1,797.582,93.654,D1
521,2,738.055,356.609,O11
521,3,614.946,206.004,D3
521,5,871.973,314.145,D5
521,6,546.380,18.132,O6
521,9,876.607,-77.893,O9
522,1,795.342,95.969,D1
522,2,737.257,348.857,O11
522,3,618.522,204.998,D3
522,5,870.025,315.167,D5
522,6,553.724,31.529,O6
522,9,873.633,-132.347,O9
523,1,792.999,74.494,D1
523,2,738.482,344.790,O11
523,3,620.806,209.311,D3
523,5,868.895,311.637,D5
523,6,552.498,1.199,O6
523,9,876.070,13.125,O9
524,1,791.080,78.486,D1
524,2,739.295,337.402,O11
524,3,629.203,217.534,D3
524,5,867.910,308.454,D5
524,6,554.401,-18.719,O6
524,9,876.712,193.868,O9
525,1,790.842,80.368,D1
525,2,738.805,331.949,O11
525,3,623.307,200.517,D3
525,5,866.855,305.218,D5
525,6,550.011,-85.832,O6
525,9,875.596,194.007,O9
526,1,789.187,88.196,D1
526,2,738.134,329.109,O11
526,3,631.960,201.882,D3
526,5,865.292,302.019,D5
526,6,585.459,60.551,O6
526,9,874.481,194.174,O9
527,1,791.074,100.558,D1
527,2,737.376,328.459,O11
527,3,635.819,226.574,D3
527,5,864.264,295.764,D5
527,6,599.672,75.947,O6
527,9,873.363,194.341,O9
528,1,789.108,97.420,D1
528,2,737.573,311.872,O11
528,3,639.772,220.979,D3
528,5,862.825,296.262,D5
528,6,603.887,63.637,O6
528,9,872.248,194.508,O9
529,1,789.300,93.787,D1
529,2,736.236,300.127,O11
529,3,641.750,220.683,D3
529,5,864.956,296.358,D5
529,6,609.379,62.804,O6
529,9,871.132,194.647,O9
530,1,787.843,98.980,D1
530,2,734.910,290.772,O11
530,3,643.422,225.436,D3
530,5,866.801,292.620,D5
530,6,615.730,79.299,O6
530,9,870.026,194.841,O9
531,1,788.378,103.026,D1
531,2,735.621,287.380,O11
531,3,640.789,235.762,D3
531,5,867.760,287.258,D5
531,6,617.886,80.992,O6
531,9,868.909,194.979,O9
532,1,789.002,115.935,D1
532,2,736.153,276.384,O11
532,3,642.045,230.621,D3
532,5,867.040,286.348,D5
532,6,620.030,82.683,O6
532,9,867.791,195.147,O9
533,1,784.620,111.546,D1
533,2,738.280,276.014,O11
533,3,642.202,235.551,D3
533,5,867.570,286.243,D5
533,6,622.171,84.371,O6
533,9,866.675,195.285,O9
534,1,785.563,126.262,D1
534,2,739.501,268.041,O11
534,3,649.041,239.457,D3
534,5,868.477,286.135,D5
534,6,624.315,86.055,O6
534,9,865.560,195.452,O9
535,1,784.223,125.254,D1
535,2,739.656,257.679,O11
535,3,646.231,209.927,D3
535,5,868.973,285.279,D5
535,6,626.443,87.705,O6
535,9,864.445,195.619,O9
536,1,782.761,121.714,D1
536,2,740.496,252.809,O11
536,3,648.501,219.671,D3
536,5,869.544,284.541,D5
536,6,628.577,89.416,O6
536,9,863.329,195.758,O9
