1,1,761.992,1015.852,O1
1,3,1407.407,483.339,O3
1,5,453.782,531.121,O5
1,6,505.212,470.811,D6
1,9,1152.652,458.083,D9
1,10,783.386,826.678,D10
2,1,762.205,1015.862,O1
2,3,1407.122,483.611,O3
2,5,453.826,531.093,O5
2,6,505.207,471.284,D6
2,9,1152.425,456.715,D9
2,10,779.788,826.838,D10
3,1,762.171,1016.019,O1
3,3,1407.058,483.217,O3
3,5,454.571,528.782,O5
3,6,505.075,471.618,D6
3,9,1152.641,454.307,D9
3,10,782.132,828.860,D10
4,1,761.982,1015.974,O1
4,3,1406.715,483.152,O3
4,5,454.797,527.157,O5
4,6,507.118,472.373,D6
4,9,1152.467,454.249,D9
4,10,776.985,828.498,D10
5,1,762.194,1016.339,O1
5,3,1406.802,483.734,O3
5,5,455.244,525.730,O5
5,6,506.210,470.777,D6
5,9,1151.931,453.789,D9
5,10,776.424,828.794,D10
6,1,762.222,1016.345,O1
6,3,1406.940,483.790,O3
6,5,456.102,523.432,O5
6,6,508.139,470.133,D6
6,9,1152.766,444.820,D9
6,10,776.276,829.126,D10
7,1,762.501,1016.276,O1
7,3,1407.459,484.959,O3
7,5,455.830,521.870,O5
7,6,508.321,471.635,D6
7,9,1150.916,445.530,D9
7,10,779.477,828.603,D10
8,1,762.397,1015.754,O1
8,3,1407.727,485.131,O3
8,5,457.665,521.772,O5
8,6,508.712,471.240,D6
8,9,1148.767,445.781,D9
8,10,777.960,829.576,D10
9,1,762.489,1015.316,O1
9,3,1407.987,485.054,O3
9,5,460.540,526.188,O5
9,6,508.909,470.537,D6
9,9,1145.853,446.605,D9
9,10,771.473,824.269,D10
10,1,762.652,1015.192,O1
10,3,1407.977,484.616,O3
10,5,465.061,532.087,O5
10,6,508.679,471.874,D6
10,9,1144.555,441.595,D9
10,10,768.935,828.520,D10
11,1,763.574,1017.498,O1
11,3,1407.606,484.823,O3
11,5,473.253,544.196,O5
11,6,509.328,473.394,D6
11,9,1143.195,439.857,D9
11,10,767.779,834.315,D10
12,1,764.007,1015.468,O1
12,3,1407.733,483.004,O3
12,5,474.106,550.853,O5
12,6,509.518,474.531,D6
12,9,1142.321,441.038,D9
12,10,761.679,814.476,D10
13,1,763.119,1015.572,O1
13,3,1407.383,483.266,O3
13,5,473.274,544.981,O5
13,6,509.269,474.746,D6
13,9,1140.696,440.201,D9
13,10,762.201,834.356,D10
14,1,761.305,1016.029,O1
14,3,1406.852,484.148,O3
14,5,475.509,549.865,O5
14,6,509.420,474.052,D6
14,9,1139.210,439.765,D9
14,10,760.432,830.301,D10
15,1,764.585,1014.171,O1
15,3,1406.855,483.477,O3
15,5,479.879,554.057,O5
15,6,509.062,475.470,D6
15,9,1139.171,439.940,D9
15,10,758.634,831.125,D10
16,1,761.388,1016.118,O1
16,3,1406.862,483.418,O3
16,5,479.188,554.301,O5
16,6,509.082,475.445,D6
16,9,1138.652,439.361,D9
16,10,760.061,853.315,D10
17,1,758.626,1022.181,O1
17,3,1406.904,483.201,O3
17,5,480.203,556.363,O5
17,6,509.395,476.136,D6
17,9,1137.507,440.858,D9
17,10,759.053,831.228,D10
18,1,756.330,1022.923,O1
18,3,1406.952,483.252,O3
18,5,478.310,552.008,O5
18,6,509.235,475.892,D6
18,9,1136.935,440.963,D9
18,10,765.094,868.592,D10
19,1,755.909,1021.429,O1
19,3,1407.097,483.116,O3
19,5,476.811,547.156,O5
19,6,508.612,474.485,D6
19,9,1135.350,441.616,D9
19,10,768.138,879.996,D10
20,1,755.154,1020.260,O1
20,3,1407.268,482.631,O3
20,5,476.744,546.876,O5
20,6,509.119,474.500,D6
20,9,1134.594,441.874,D9
20,10,769.982,890.522,D10
21,1,754.956,1020.167,O1
21,3,1407.003,482.746,O3
21,5,476.849,548.225,O5
21,6,508.153,473.275,D6
21,9,1132.865,442.085,D9
21,10,770.496,899.845,D10
22,1,755.178,1019.814,O1
22,3,1407.246,482.480,O3
22,5,477.101,550.971,O5
22,6,507.380,470.177,D6
22,9,1132.251,443.459,D9
22,10,770.609,900.559,D10
23,1,755.419,1022.260,O1
23,3,1407.091,483.404,O3
23,5,478.049,550.853,O5
23,6,509.110,470.328,D6
23,9,1130.897,439.610,D9
23,10,771.632,900.949,D10
24,1,754.615,1021.460,O1
24,3,1406.986,483.669,O3
24,5,479.419,551.434,O5
24,6,513.128,477.261,D6
24,9,1129.831,438.899,D9
24,10,766.685,902.936,D10
25,1,745.592,1019.697,O1
25,3,1407.084,483.309,O3
25,5,483.078,554.736,O5
25,6,514.077,478.682,D6
25,9,1129.546,439.744,D9
25,10,764.355,901.834,D10
26,1,736.600,1015.905,O1
26,3,1407.092,483.212,O3
26,5,482.809,552.500,O5
26,6,515.139,474.867,D6
26,9,1128.433,440.414,D9
26,10,761.160,900.033,D10
27,1,726.111,1017.000,O1
27,3,1407.216,483.118,O3
27,5,485.983,558.029,O5
27,6,515.510,475.215,D6
27,9,1127.117,440.184,D9
27,10,759.553,900.822,D10
28,1,708.496,1018.301,O1
28,3,1407.120,483.170,O3
28,5,489.604,558.539,O5
28,6,518.317,482.632,D6
28,9,1125.660,439.848,D9
28,10,758.751,903.562,D10
29,1,703.482,1021.568,O1
29,3,1406.745,483.819,O3
29,5,491.103,558.340,O5
29,6,523.685,497.470,D6
29,9,1124.274,437.850,D9
29,10,756.450,904.349,D10
30,1,698.877,1020.292,O1
30,3,1406.712,484.034,O3
30,5,495.235,561.554,O5
30,6,527.756,501.862,D6
30,9,1123.358,438.259,D9
30,10,754.369,905.492,D10
31,1,691.700,1022.388,O1
31,3,1406.715,484.034,O3
31,5,498.255,562.591,O5
31,6,532.173,517.029,D6
31,9,1122.016,438.075,D9
31,10,753.419,904.524,D10
32,1,679.221,1023.844,O1
32,3,1406.788,484.157,O3
32,5,498.278,562.082,O5
32,6,528.168,491.773,D6
32,9,1119.984,436.207,D9
32,10,751.685,904.442,D10
33,1,670.843,1024.430,O1
33,3,1406.726,483.668,O3
33,5,500.307,561.664,O5
33,6,527.738,482.443,D6
33,9,1117.108,434.182,D9
33,10,750.305,905.523,D10
34,1,660.502,1017.025,O1
34,3,1406.602,483.590,O3
34,5,499.344,560.731,O5
34,6,526.924,478.128,D6
34,9,1114.466,434.292,D9
34,10,741.641,899.902,D10
35,1,648.653,986.798,O1
35,3,1406.477,483.666,O3
35,5,495.934,560.418,O5
35,6,526.373,471.470,D6
35,9,1110.258,436.867,D9
35,10,725.922,890.875,D10
36,1,631.673,954.000,O1
36,3,1406.238,483.682,O3
36,5,494.195,559.860,O5
36,6,525.587,462.601,D6
36,9,1106.898,435.400,D9
36,10,712.565,879.480,D10
37,1,620.824,950.885,O1
37,3,1406.211,483.417,O3
37,5,495.117,559.198,O5
37,6,519.590,449.341,D6
37,9,1103.931,436.410,D9
37,10,699.618,869.947,D10
38,1,606.426,947.245,O1
38,3,1406.071,483.169,O3
38,5,493.145,558.998,O5
38,6,528.683,470.928,D6
38,9,1102.190,435.749,D9
38,10,694.160,869.869,D10
39,1,600.707,947.269,O1
39,3,1406.162,482.811,O3
39,5,495.611,551.777,O5
39,6,527.853,465.340,D6
39,9,1101.383,436.272,D9
39,10,685.517,868.932,D10
40,1,594.900,945.565,O1
40,3,1406.095,483.031,O3
40,5,499.118,546.196,O5
40,6,523.299,465.329,D6
40,9,1101.579,436.073,D9
40,10,677.017,872.008,D10
41,1,589.533,945.217,O1
41,3,1405.957,482.956,O3
41,5,497.018,532.927,O5
41,6,527.278,472.571,D6
41,9,1099.054,434.608,D9
41,10,677.123,865.160,D10
42,1,591.635,943.020,O1
42,3,1405.873,483.064,O3
42,5,501.255,545.608,O5
42,6,525.737,476.686,D6
42,9,1095.889,435.776,D9
42,10,664.408,851.730,D10
43,1,578.663,925.017,O1
43,3,1405.673,483.323,O3
43,5,506.202,540.810,O5
43,6,532.422,494.889,D6
43,9,1089.849,435.786,D9
43,10,662.650,837.705,D10
44,1,562.806,885.374,O1
44,3,1405.655,483.134,O3
44,5,511.352,531.612,O5
44,6,527.089,464.771,D6
44,9,1083.511,427.955,D9
44,10,648.612,840.729,D10
45,1,553.977,861.277,O1
45,3,1405.625,482.812,O3
45,5,509.928,547.305,O5
45,6,532.478,467.901,D6
45,9,1076.869,426.725,D9
45,10,633.968,838.933,D10
46,1,552.422,857.171,O1
46,3,1405.675,482.709,O3
46,5,508.783,526.433,O5
46,6,540.593,486.065,D6
46,9,1071.628,417.137,D9
46,10,626.905,836.200,D10
47,1,558.457,856.664,O1
47,3,1405.546,483.380,O3
47,5,513.242,542.011,O5
47,6,548.822,500.040,D6
47,9,1066.839,415.801,D9
47,10,623.128,837.111,D10
48,1,557.500,854.259,O1
48,3,1405.461,483.795,O3
48,5,520.709,519.984,O5
48,6,545.975,481.437,D6
48,9,1063.165,419.909,D9
48,10,628.009,850.454,D10
49,1,548.663,851.355,O1
49,3,1405.434,483.147,O3
49,5,524.517,549.379,O5
49,6,554.812,487.798,D6
49,9,1062.018,419.706,D9
49,10,614.011,826.656,D10
50,1,539.486,840.033,O1
50,3,1405.884,482.506,O3
50,5,515.765,519.805,O5
50,6,549.472,453.577,D6
50,9,1058.936,416.128,D9
50,10,594.007,814.873,D10
51,1,524.885,815.427,O1
51,3,1406.373,482.665,O3
51,5,519.319,548.353,O5
51,6,545.330,458.146,D6
51,9,1054.001,416.830,D9
51,10,584.419,784.125,D10
52,1,504.639,769.739,O1
52,3,1406.545,481.930,O3
52,5,523.193,518.716,O5
52,6,556.678,483.703,D6
52,9,1050.327,414.488,D9
52,10,572.549,752.176,D10
53,1,484.220,732.114,O1
53,3,1406.793,481.894,O3
53,5,533.168,553.444,O5
53,6,557.933,462.222,D6
53,9,1046.677,414.738,D9
53,10,566.518,735.516,D10
54,1,474.302,705.351,O1
54,3,1406.818,482.044,O3
54,5,529.926,539.628,O5
54,6,566.003,478.986,D6
54,9,1045.701,413.889,D9
54,10,557.723,732.516,D10
55,1,472.981,714.524,O1
55,3,1406.819,481.314,O3
55,5,535.603,542.393,O5
55,6,568.977,474.899,D6
55,9,1042.507,414.689,D9
55,10,553.088,731.082,D10
56,1,467.871,709.905,O1
56,3,1406.562,482.561,O3
56,5,533.465,547.542,O5
56,6,569.684,459.005,D6
56,9,1039.369,413.583,D9
56,10,550.159,722.663,D10
57,1,465.434,705.986,O1
57,3,1406.443,482.444,O3
57,5,530.327,528.991,O5
57,6,570.346,471.923,D6
57,9,1034.268,412.452,D9
57,10,545.622,711.016,D10
58,1,465.312,700.955,O1
58,3,1406.462,482.805,O3
58,5,533.506,521.767,O5
58,6,570.772,472.305,D6
58,9,1031.080,411.103,D9
58,10,538.139,702.783,D10
59,1,464.988,693.039,O1
59,3,1406.247,482.664,O3
59,5,534.144,526.893,O5
59,6,573.484,470.683,D6
59,9,1025.741,411.333,D9
59,10,528.958,675.633,D10
60,1,459.867,667.440,O1
60,3,1406.433,481.946,O3
60,5,532.130,524.161,O5
60,6,574.995,469.548,D6
60,9,1021.612,411.540,D9
60,10,519.582,650.205,D10
61,1,449.622,621.392,O1
61,3,1406.505,482.857,O3
61,5,533.178,525.481,O5
61,6,575.768,460.904,D6
61,9,1017.093,413.956,D9
61,10,512.833,638.289,D10
62,1,434.760,570.003,O1
62,3,1406.266,482.604,O3
62,5,531.123,518.011,O5
62,6,574.722,473.124,D6
62,9,1013.789,413.644,D9
62,10,509.204,631.148,D10
63,1,429.039,551.908,O1
63,3,1406.196,481.808,O3
63,5,518.088,498.161,O5
63,6,582.118,481.111,D6
63,9,1009.657,411.652,D9
63,10,507.775,626.458,D10
64,1,429.508,553.062,O1
64,3,1406.258,482.163,O3
64,5,524.961,512.441,O5
64,6,586.668,479.585,D6
64,9,1004.348,412.543,D9
64,10,504.919,618.594,D10
65,1,430.799,553.307,O1
65,3,1406.561,482.465,O3
65,5,520.420,516.434,O5
65,6,583.314,469.372,D6
65,9,998.811,414.846,D9
65,10,503.456,621.199,D10
66,1,429.989,551.541,O1
66,3,1406.065,484.186,O3
66,5,519.829,515.285,O5
66,6,580.632,464.408,D6
66,9,994.886,416.288,D9
66,10,495.741,599.404,D10
67,1,442.030,574.776,O1
67,3,1406.028,483.636,O3
67,5,522.121,532.004,O5
67,6,578.606,461.858,D6
67,9,991.210,416.451,D9
67,10,487.398,571.948,D10
68,1,443.382,552.479,O1
68,3,1405.837,483.893,O3
68,5,519.423,527.600,O5
68,6,574.288,448.272,D6
68,9,988.759,411.582,D9
68,10,448.578,556.355,D10
69,1,444.775,529.581,O1
69,3,1406.289,483.042,O3
69,5,518.329,522.871,O5
69,6,572.165,438.599,D6
69,9,985.176,417.692,D9
69,10,474.976,549.077,D10
70,1,446.202,506.056,O1
70,3,1406.297,482.081,O3
70,5,515.946,513.784,O5
70,6,569.811,420.119,D6
70,9,981.914,411.159,D9
70,10,472.716,539.506,D10
71,1,447.669,481.858,O1
71,3,1405.666,483.247,O3
71,5,519.385,513.023,O5
71,6,574.344,398.244,D6
71,9,978.666,402.583,D9
71,10,467.665,533.139,D10
72,1,449.174,457.001,O1
72,3,1402.351,484.668,O3
72,5,519.344,519.503,O5
72,6,563.393,378.846,D6
72,9,977.902,398.939,D9
72,10,464.159,530.235,D10
73,1,450.731,431.435,O1
73,3,1398.744,486.551,O3
73,5,518.949,500.012,O5
73,6,557.339,367.365,D6
73,9,972.452,382.245,D9
73,10,463.716,522.870,D10
74,1,452.327,405.130,O1
74,3,1397.198,487.082,O3
74,5,517.616,506.738,O5
74,6,552.349,351.951,D6
74,9,967.039,362.932,D9
74,10,462.297,517.796,D10
75,1,460.991,411.370,O1
75,3,1404.826,483.791,O3
75,5,521.207,496.942,O5
75,6,545.304,312.237,D6
75,9,963.991,354.948,D9
75,10,461.488,518.429,D10
76,1,461.500,397.606,O1
76,3,1405.007,483.727,O3
76,5,517.132,501.212,O5
76,6,541.843,294.698,D6
76,9,959.758,355.574,D9
76,10,460.883,517.810,D10
77,1,472.797,377.683,O1
77,3,1404.632,484.509,O3
77,5,519.506,510.715,O5
77,6,540.062,295.370,D6
77,9,951.902,346.148,D9
77,10,466.828,521.219,D10
78,1,465.125,342.224,O1
78,3,1404.164,485.132,O3
78,5,520.972,501.688,O5
78,6,529.419,266.858,D6
78,9,945.487,338.413,D9
78,10,469.031,525.538,D10
79,1,473.151,316.997,O1
79,3,1404.018,486.396,O3
79,5,526.519,519.406,O5
79,6,521.785,261.220,D6
79,9,943.264,332.530,D9
79,10,468.065,519.306,D10
80,1,471.296,302.153,O1
80,3,1403.877,485.748,O3
80,5,526.679,517.877,O5
80,6,530.981,272.552,D6
80,9,940.919,336.061,D9
80,10,467.019,503.524,D10
81,1,468.355,262.913,O1
81,3,1402.589,485.610,O3
81,5,548.881,507.736,O5
81,6,521.290,280.361,D6
81,9,940.056,335.480,D9
81,10,458.133,468.154,D10
82,1,495.101,296.867,O1
82,3,1403.478,484.638,O3
82,5,536.907,506.533,O5
82,6,521.920,274.794,D6
82,9,936.393,343.649,D9
82,10,462.263,457.282,D10
83,1,496.103,248.144,O1
83,3,1403.514,481.179,O3
83,5,555.624,501.960,O5
83,6,522.564,269.221,D6
83,9,934.821,341.938,D9
83,10,467.437,456.750,D10
84,1,489.943,212.798,O1
84,3,1405.979,479.011,O3
84,5,556.179,496.241,O5
84,6,523.194,263.564,D6
84,9,933.316,342.160,D9
84,10,475.475,450.840,D10
85,1,472.591,160.461,O1
85,3,1407.457,474.409,O3
85,5,568.711,498.554,O5
85,6,523.841,257.928,D6
85,9,932.113,337.046,D9
85,10,484.708,451.303,D10
86,1,491.217,158.839,O1
86,3,1408.159,470.753,O3
86,5,571.238,499.993,O5
86,6,524.486,252.234,D6
86,9,934.409,333.963,D9
86,10,485.854,434.017,D10
87,1,504.487,200.244,O1
87,3,1409.020,466.804,O3
87,5,576.460,500.152,O5
87,6,525.144,246.534,D6
87,9,934.560,330.697,D9
87,10,489.297,435.388,D10
88,1,501.635,164.305,O1
88,3,1401.914,467.448,O3
88,5,585.190,498.958,O5
88,6,525.789,240.746,D6
88,9,932.626,323.891,D9
88,10,487.835,421.176,D10
89,1,501.068,148.046,O1
89,3,1409.495,462.992,O3
89,5,596.988,493.391,O5
89,6,526.451,234.981,D6
89,9,931.938,314.368,D9
89,10,493.360,424.666,D10
90,1,517.776,172.629,O1
90,3,1411.612,458.885,O3
90,5,608.254,491.198,O5
90,6,527.111,229.154,D6
90,9,932.001,302.250,D9
90,10,500.616,420.646,D10
91,1,512.612,124.102,O1
91,3,1412.704,453.936,O3
91,5,612.153,480.776,O5
91,6,527.777,223.293,D6
91,9,932.535,286.010,D9
91,10,507.843,421.220,D10
92,1,522.413,146.009,O1
92,3,1413.475,449.526,O3
92,5,622.006,476.307,O5
92,6,528.451,217.428,D6
92,9,932.699,272.850,D9
92,10,511.540,419.318,D10
93,1,530.785,181.201,O1
93,3,1403.607,450.446,O3
93,5,630.110,473.535,O5
93,6,529.704,213.123,D6
93,9,932.348,267.175,D9
93,10,510.805,408.843,D10
94,1,534.356,179.021,O1
94,3,1407.055,450.662,O3
94,5,642.637,473.123,O5
94,6,530.966,208.829,D6
94,9,931.894,259.065,D9
94,10,517.814,402.517,D10
95,1,537.081,156.196,O1
95,3,1408.138,450.244,O3
95,5,661.282,468.781,O5
95,6,532.233,204.487,D6
95,9,930.563,259.476,D9
95,10,525.081,390.130,D10
96,1,540.367,188.992,O1
96,3,1412.420,451.871,O3
96,5,671.598,466.407,O5
96,6,533.515,200.186,D6
96,9,928.488,260.396,D9
96,10,535.569,385.580,D10
97,1,556.470,154.237,O1
97,3,1411.904,452.245,O3
97,5,676.226,466.322,O5
97,6,534.786,195.810,D6
97,9,923.862,263.286,D9
97,10,549.197,377.585,D10
98,1,578.484,174.139,O1
98,3,1411.783,452.183,O3
98,5,681.717,465.603,O5
98,6,536.068,191.445,D6
98,9,923.929,264.970,D9
98,10,562.051,381.831,D10
99,1,580.821,184.330,O1
99,3,1412.027,452.585,O3
99,5,683.094,465.115,O5
99,6,537.361,187.031,D6
99,9,922.840,265.555,D9
99,10,565.916,384.208,D10
100,1,583.780,178.627,O1
100,3,1412.383,450.981,O3
100,5,689.542,464.036,O5
100,6,538.648,182.600,D6
100,9,923.730,255.031,D9
100,10,566.655,383.976,D10
101,1,579.810,125.111,O1
101,3,1412.436,451.133,O3
101,5,692.979,447.617,O5
101,6,539.950,178.179,D6
101,9,922.287,251.337,D9
101,10,575.609,370.196,D10
102,1,588.781,123.756,O1
102,3,1413.225,449.542,O3
102,5,697.208,437.977,O5
102,6,541.254,173.740,D6
102,9,921.404,238.912,D9
102,10,585.276,348.667,D10
103,1,588.512,78.391,O1
103,3,1412.701,451.114,O3
103,5,699.031,436.122,O5
103,6,539.186,168.224,D6
103,9,919.833,223.585,D9
103,10,594.357,347.345,D10
104,1,608.766,146.291,O1
104,3,1413.203,449.386,O3
104,5,704.327,425.319,O5
104,6,537.105,162.708,D6
104,9,917.608,203.660,D9
104,10,604.001,335.455,D10
105,1,597.816,61.201,O1
105,3,1413.405,449.257,O3
105,5,711.995,423.707,O5
105,6,535.009,157.130,D6
105,9,914.903,201.242,D9
105,10,612.394,332.844,D10
106,1,591.137,-2.902,O1
106,3,1412.918,448.689,O3
106,5,720.079,420.975,O5
106,6,532.904,151.552,D6
106,9,913.409,203.358,D9
106,10,621.928,332.766,D10
107,1,596.938,47.256,O1
107,3,1412.033,448.858,O3
107,5,726.036,417.400,O5
107,6,529.448,143.466,D6
107,9,908.062,197.561,D9
107,10,623.745,294.392,D10
108,1,593.381,-14.379,O1
108,3,1411.245,449.173,O3
108,5,737.368,416.192,O5
108,6,525.960,135.282,D6
108,9,905.623,201.102,D9
108,10,634.736,314.280,D10
109,1,601.109,52.260,O1
109,3,1411.262,448.611,O3
109,5,744.025,411.000,O5
109,6,522.453,127.093,D6
109,9,904.269,191.202,D9
109,10,643.678,331.848,D10
110,1,600.467,22.288,O1
110,3,1411.175,446.904,O3
110,5,748.435,406.841,O5
110,6,518.903,118.773,D6
110,9,901.091,184.934,D9
110,10,652.364,321.816,D10
111,1,605.360,51.614,O1
111,3,1410.850,441.891,O3
111,5,751.717,402.461,O5
111,6,519.821,112.341,D6
111,9,896.627,181.795,D9
111,10,655.589,322.606,D10
