1,1,740.710,767.182,D10
1,2,304.779,491.163,D12
1,3,161.698,554.187,O10
1,4,1121.499,444.065,D4
1,6,752.487,944.334,O6
1,9,1421.137,531.546,O9
2,1,740.166,767.006,D10
2,2,304.268,489.150,D12
2,3,162.161,555.046,O10
2,4,1122.276,443.867,D4
2,6,753.183,944.772,O6
2,9,1423.315,528.091,O9
3,1,740.130,768.246,D10
3,2,303.663,487.464,D12
3,3,161.819,554.471,O10
3,4,1123.069,443.729,D4
3,6,753.818,944.853,O6
3,9,1424.872,526.708,O9
4,1,740.133,768.662,D10
4,2,303.651,485.802,D12
4,3,162.595,556.038,O10
4,4,1123.943,443.538,D4
4,6,753.644,944.866,O6
4,9,1424.982,527.814,O9
5,1,740.145,768.838,D10
5,2,304.234,485.123,D12
5,3,161.750,556.807,O10
5,4,1124.541,443.451,D4
5,6,752.735,944.960,O6
5,9,1424.706,528.342,O9
6,1,739.948,767.633,D10
6,2,304.665,483.894,D12
6,3,161.878,558.034,O10
6,4,1125.039,443.420,D4
6,6,751.155,945.138,O6
6,9,1424.569,528.596,O9
7,1,739.679,765.840,D10
7,2,305.063,482.417,D12
7,3,161.935,558.477,O10
7,4,1125.223,443.372,D4
7,6,749.326,945.339,O6
7,9,1424.251,528.697,O9
8,1,739.342,766.544,D10
8,2,306.577,483.750,D12
8,3,161.990,558.662,O10
8,4,1125.019,443.402,D4
8,6,747.777,947.547,O6
8,9,1423.867,528.770,O9
9,1,738.447,768.249,D10
9,2,306.572,481.347,D12
9,3,161.081,556.948,O10
9,4,1124.882,443.422,D4
9,6,745.111,948.650,O6
9,9,1423.404,528.892,O9
10,1,737.892,770.229,D10
10,2,307.386,479.300,D12
10,3,161.232,557.184,O10
10,4,1124.962,442.441,D4
10,6,743.669,951.094,O6
10,9,1423.275,528.874,O9
11,1,737.603,773.643,D10
11,2,308.239,478.508,D12
11,3,161.234,557.270,O10
11,4,1124.835,443.092,D4
11,6,742.465,953.103,O6
11,9,1423.170,528.925,O9
12,1,736.994,777.556,D10
12,2,308.978,476.074,D12
12,3,160.805,556.386,O10
12,4,1124.806,443.265,D4
12,6,742.402,955.720,O6
12,9,1422.630,528.968,O9
13,1,737.437,780.218,D10
13,2,309.464,474.133,D12
13,3,160.648,556.043,O10
13,4,1125.063,443.332,D4
13,6,742.407,956.683,O6
13,9,1422.154,529.055,O9
14,1,738.544,781.023,D10
14,2,310.598,474.313,D12
14,3,160.555,555.863,O10
14,4,1125.150,443.278,D4
14,6,742.238,956.001,O6
14,9,1421.968,529.027,O9
15,1,738.921,783.884,D10
15,2,311.607,474.349,D12
15,3,160.532,555.824,O10
15,4,1125.278,445.152,D4
15,6,741.207,954.822,O6
15,9,1421.895,529.056,O9
16,1,737.921,783.794,D10
16,2,312.566,474.300,D12
16,3,161.683,555.655,O10
16,4,1125.328,445.859,D4
16,6,739.382,955.551,O6
16,9,1421.664,530.695,O9
17,1,738.023,783.649,D10
17,2,313.878,475.236,D12
17,3,162.103,555.593,O10
17,4,1125.050,446.151,D4
17,6,736.652,956.093,O6
17,9,1423.359,529.458,O9
18,1,738.811,782.138,D10
18,2,314.345,475.605,D12
18,3,162.258,555.570,O10
18,4,1124.655,446.293,D4
18,6,734.999,957.347,O6
18,9,1424.535,528.908,O9
19,1,739.112,781.541,D10
19,2,314.873,476.748,D12
19,3,162.312,555.563,O10
19,4,1123.948,446.417,D4
19,6,733.003,957.011,O6
19,9,1424.438,528.778,O9
20,1,739.207,781.279,D10
20,2,316.002,478.099,D12
20,3,162.312,555.563,O10
20,4,1123.199,448.413,D4
20,6,731.035,957.020,O6
20,9,1423.840,528.846,O9
21,1,738.282,781.295,D10
21,2,316.962,478.486,D12
21,3,162.721,556.428,O10
21,4,1121.953,447.443,D4
21,6,729.282,958.130,O6
21,9,1422.798,528.997,O9
22,1,737.476,781.352,D10
22,2,317.749,476.531,D12
22,3,162.446,555.866,O10
22,4,1120.094,447.233,D4
22,6,728.281,958.596,O6
22,9,1421.592,527.545,O9
23,1,737.655,781.282,D10
23,2,320.191,476.539,D12
23,3,161.221,555.852,O10
23,4,1118.281,447.330,D4
23,6,727.329,959.827,O6
23,9,1421.099,525.369,O9
24,1,736.578,780.121,D10
24,2,321.890,475.415,D12
24,3,161.896,555.688,O10
24,4,1116.613,447.533,D4
24,6,726.001,959.422,O6
24,9,1419.890,526.360,O9
25,1,735.707,779.734,D10
25,2,322.699,473.936,D12
25,3,162.148,555.608,O10
25,4,1115.605,445.748,D4
25,6,725.368,958.268,O6
25,9,1418.917,526.810,O9
26,1,734.450,779.694,D10
26,2,323.174,472.320,D12
26,3,162.246,555.594,O10
26,4,1114.655,447.001,D4
26,6,724.759,957.849,O6
26,9,1418.309,526.970,O9
27,1,733.467,779.732,D10
27,2,323.851,471.643,D12
27,3,162.210,555.556,O10
27,4,1113.135,447.643,D4
27,6,723.517,956.822,O6
27,9,1417.566,528.761,O9
28,1,733.170,779.731,D10
28,2,323.386,469.421,D12
28,3,161.587,556.616,O10
28,4,1111.521,448.047,D4
28,6,722.536,955.486,O6
28,9,1417.305,527.804,O9
29,1,731.926,778.604,D10
29,2,323.636,466.506,D12
29,3,162.923,557.752,O10
29,4,1110.090,448.319,D4
29,6,720.986,953.152,O6
29,9,1416.680,527.550,O9
30,1,731.203,779.529,D10
30,2,325.156,469.391,D12
30,3,161.392,556.558,O10
30,4,1109.157,448.498,D4
30,6,720.234,951.286,O6
30,9,1416.186,527.495,O9
31,1,730.715,781.223,D10
31,2,326.898,470.338,D12
31,3,160.844,556.122,O10
31,4,1108.581,448.603,D4
31,6,718.594,947.760,O6
31,9,1415.779,527.518,O9
32,1,729.387,780.741,D10
32,2,327.584,467.642,D12
32,3,161.073,556.885,O10
32,4,1108.395,446.782,D4
32,6,717.811,943.402,O6
32,9,1415.616,527.560,O9
33,1,728.435,780.599,D10
33,2,328.744,467.494,D12
33,3,161.139,557.133,O10
33,4,1108.514,446.049,D4
33,6,716.758,937.750,O6
33,9,1414.983,526.019,O9
34,1,727.884,779.271,D10
34,2,329.401,466.423,D12
34,3,161.633,558.135,O10
34,4,1108.147,447.722,D4
34,6,715.394,930.576,O6
34,9,1415.038,525.394,O9
35,1,727.246,778.849,D10
35,2,329.437,467.137,D12
35,3,159.831,556.916,O10
35,4,1106.350,448.594,D4
35,6,713.680,923.865,O6
35,9,1415.476,521.871,O9
36,1,726.131,776.185,D10
36,2,329.422,467.394,D12
36,3,160.043,558.239,O10
36,4,1105.017,447.150,D4
36,6,713.090,919.290,O6
36,9,1415.952,520.469,O9
37,1,724.781,775.316,D10
37,2,328.279,464.565,D12
37,3,162.329,563.170,O10
37,4,1103.350,443.981,D4
37,6,711.640,915.705,O6
37,9,1415.379,521.757,O9
38,1,722.671,771.311,D10
38,2,327.791,466.707,D12
38,3,163.829,568.757,O10
38,4,1101.722,442.972,D4
38,6,709.858,912.533,O6
38,9,1413.952,525.715,O9
39,1,720.778,765.978,D10
39,2,326.904,462.460,D12
39,3,168.168,575.950,O10
39,4,1100.596,442.693,D4
39,6,707.346,910.659,O6
39,9,1412.525,530.576,O9
40,1,719.901,762.669,D10
40,2,325.841,458.875,D12
40,3,171.087,581.195,O10
40,4,1099.750,443.557,D4
40,6,705.205,910.258,O6
40,9,1411.532,532.397,O9
41,1,719.848,762.887,D10
41,2,325.844,458.687,D12
41,3,172.842,586.802,O10
41,4,1099.384,444.962,D4
41,6,703.798,909.291,O6
41,9,1410.599,533.289,O9
42,1,719.635,761.699,D10
42,2,326.856,456.402,D12
42,3,175.150,592.246,O10
42,4,1099.206,448.295,D4
42,6,702.689,910.226,O6
42,9,1409.503,533.664,O9
43,1,720.025,763.928,D10
43,2,327.814,452.258,D12
43,3,177.014,594.009,O10
43,4,1099.447,449.499,D4
43,6,700.622,910.883,O6
43,9,1408.832,533.815,O9
44,1,719.261,764.908,D10
44,2,330.889,451.379,D12
44,3,177.670,594.528,O10
44,4,1100.431,447.927,D4
44,6,698.811,910.252,O6
44,9,1407.894,535.533,O9
45,1,719.225,766.649,D10
45,2,332.505,448.918,D12
45,3,177.862,594.582,O10
45,4,1101.132,445.445,D4
45,6,697.330,910.219,O6
45,9,1406.843,537.891,O9
46,1,719.468,765.956,D10
46,2,335.606,449.832,D12
46,3,179.847,596.116,O10
46,4,1101.426,444.516,D4
46,6,695.569,910.481,O6
46,9,1406.216,538.805,O9
47,1,720.037,765.620,D10
47,2,338.649,452.002,D12
47,3,181.875,596.331,O10
47,4,1100.069,448.106,D4
47,6,692.609,909.840,O6
47,9,1405.733,539.143,O9
48,1,719.793,768.256,D10
48,2,339.982,451.735,D12
48,3,183.395,596.170,O10
48,4,1098.832,451.413,D4
48,6,690.840,908.615,O6
48,9,1404.770,539.336,O9
49,1,717.844,769.444,D10
49,2,341.735,453.478,D12
49,3,184.095,594.040,O10
49,4,1098.407,446.960,D4
49,6,689.188,909.423,O6
49,9,1404.180,539.332,O9
50,1,716.204,769.992,D10
50,2,344.043,457.056,D12
50,3,185.397,591.200,O10
50,4,1097.945,446.185,D4
50,6,685.704,910.184,O6
50,9,1404.004,539.250,O9
51,1,712.799,767.959,D10
51,2,347.461,462.201,D12
51,3,186.069,588.176,O10
51,4,1097.287,446.935,D4
51,6,682.649,908.541,O6
51,9,1403.704,539.240,O9
52,1,707.035,755.650,D10
52,2,349.383,466.074,D12
52,3,187.483,588.733,O10
52,4,1097.146,446.239,D4
52,6,680.086,909.283,O6
52,9,1403.611,539.218,O9
53,1,702.172,749.959,D10
53,2,350.618,467.396,D12
53,3,188.246,588.848,O10
53,4,1096.891,446.930,D4
53,6,678.683,907.436,O6
53,9,1403.861,539.128,O9
54,1,697.658,738.519,D10
54,2,351.499,465.762,D12
54,3,189.317,588.774,O10
54,4,1096.082,449.194,D4
54,6,677.245,902.505,O6
54,9,1404.146,537.475,O9
55,1,694.964,722.973,D10
55,2,352.361,464.986,D12
55,3,189.707,588.716,O10
55,4,1095.236,452.002,D4
55,6,676.302,898.521,O6
55,9,1403.841,538.469,O9
56,1,692.528,714.645,D10
56,2,352.650,464.758,D12
56,3,189.856,588.757,O10
56,4,1095.771,452.991,D4
56,6,673.034,889.739,O6
56,9,1404.450,537.198,O9
57,1,691.458,710.317,D10
57,2,353.664,465.559,D12
57,3,190.989,588.611,O10
57,4,1096.145,453.292,D4
57,6,665.277,879.412,O6
57,9,1404.260,538.354,O9
58,1,691.947,710.311,D10
58,2,354.310,466.806,D12
58,3,190.784,584.943,O10
58,4,1095.610,453.496,D4
58,6,654.538,860.333,O6
58,9,1404.178,538.814,O9
59,1,691.674,710.529,D10
59,2,355.095,467.152,D12
59,3,191.608,580.609,O10
59,4,1094.036,453.726,D4
59,6,643.342,836.965,O6
59,9,1403.615,539.056,O9
60,1,690.601,710.862,D10
60,2,357.168,468.925,D12
60,3,190.845,574.349,O10
60,4,1090.801,455.995,D4
60,6,634.845,823.837,O6
60,9,1402.619,539.200,O9
61,1,689.258,711.266,D10
61,2,358.994,467.409,D12
61,3,190.361,569.226,O10
61,4,1086.654,455.475,D4
61,6,630.077,815.704,O6
61,9,1401.715,539.385,O9
62,1,687.824,711.716,D10
62,2,361.222,462.473,D12
62,3,188.748,561.940,O10
62,4,1082.631,455.624,D4
62,6,625.710,809.555,O6
62,9,1400.584,539.602,O9
63,1,685.599,710.771,D10
63,2,365.431,463.175,D12
63,3,186.268,554.736,O10
63,4,1079.452,455.881,D4
63,6,620.372,801.596,O6
63,9,1399.674,539.680,O9
64,1,680.949,701.091,D10
64,2,368.473,464.394,D12
64,3,183.349,548.677,O10
64,4,1077.415,456.158,D4
64,6,615.414,794.223,O6
64,9,1398.735,538.240,O9
65,1,675.300,690.594,D10
65,2,370.982,463.584,D12
65,3,179.933,544.841,O10
65,4,1076.544,458.102,D4
65,6,610.032,782.951,O6
65,9,1398.166,537.695,O9
66,1,669.469,678.222,D10
66,2,371.763,461.244,D12
66,3,178.116,543.606,O10
66,4,1075.829,457.017,D4
66,6,605.433,774.012,O6
66,9,1397.697,537.530,O9
67,1,664.238,660.220,D10
67,2,374.080,461.065,D12
67,3,176.105,545.425,O10
67,4,1075.071,456.626,D4
67,6,601.672,769.910,O6
67,9,1397.052,537.480,O9
68,1,659.074,639.618,D10
68,2,375.601,462.950,D12
68,3,176.206,546.062,O10
68,4,1074.947,456.414,D4
68,6,597.038,765.046,O6
68,9,1396.118,539.175,O9
69,1,654.590,624.300,D10
69,2,376.247,460.582,D12
69,3,181.566,547.575,O10
69,4,1074.256,456.474,D4
69,6,592.854,761.140,O6
69,9,1396.484,538.136,O9
70,1,650.370,610.945,D10
70,2,377.939,460.519,D12
70,3,186.238,548.859,O10
70,4,1072.797,456.687,D4
70,6,588.720,758.967,O6
70,9,1396.394,537.790,O9
71,1,648.045,604.713,D10
71,2,378.654,457.321,D12
71,3,190.931,549.898,O10
71,4,1071.269,455.006,D4
71,6,584.204,756.046,O6
71,9,1396.103,537.671,O9
72,1,646.796,602.924,D10
72,2,379.124,455.107,D12
72,3,194.249,549.174,O10
72,4,1070.301,454.478,D4
72,6,579.405,754.319,O6
72,9,1394.770,539.460,O9
73,1,646.261,604.297,D10
73,2,379.164,452.202,D12
73,3,196.348,546.878,O10
73,4,1069.289,454.374,D4
73,6,573.767,750.306,O6
73,9,1393.767,540.178,O9
74,1,645.653,605.210,D10
74,2,380.039,452.026,D12
74,3,200.218,542.689,O10
74,4,1067.927,452.600,D4
74,6,568.652,746.676,O6
74,9,1392.623,540.576,O9
75,1,645.340,607.539,D10
75,2,381.063,448.754,D12
75,3,202.114,536.218,O10
75,4,1065.453,452.247,D4
75,6,563.949,745.881,O6
75,9,1390.372,545.771,O9
76,1,644.999,606.990,D10
76,2,381.236,443.378,D12
76,3,204.466,527.694,O10
76,4,1062.786,451.437,D4
76,6,558.425,740.761,O6
76,9,1388.339,549.454,O9
77,1,643.443,602.227,D10
77,2,381.861,441.321,D12
77,3,200.381,506.306,O10
77,4,1060.138,451.404,D4
77,6,555.391,742.027,O6
77,9,1386.409,552.578,O9
78,1,641.626,594.037,D10
78,2,384.378,438.149,D12
78,3,196.375,481.856,O10
78,4,1056.996,450.767,D4
78,6,553.288,745.654,O6
78,9,1384.543,555.402,O9
79,1,638.959,581.084,D10
79,2,389.550,438.525,D12
79,3,193.930,466.541,O10
79,4,1054.484,452.632,D4
79,6,550.798,753.088,O6
79,9,1382.652,558.203,O9
80,1,637.339,573.007,D10
80,2,389.587,429.405,D12
80,3,192.415,461.271,O10
80,4,1052.524,455.400,D4
80,6,549.208,761.694,O6
80,9,1380.370,562.535,O9
81,1,634.530,561.717,D10
81,2,392.551,425.579,D12
81,3,189.893,454.484,O10
81,4,1051.320,456.479,D4
81,6,546.386,765.355,O6
81,9,1378.135,565.816,O9
82,1,633.516,557.637,D10
82,2,393.566,424.153,D12
82,3,190.730,449.756,O10
82,4,1051.080,456.808,D4
82,6,542.341,763.022,O6
82,9,1377.056,567.014,O9
83,1,630.740,544.255,D10
83,2,393.819,421.629,D12
83,3,197.385,451.716,O10
83,4,1050.927,457.019,D4
83,6,538.244,759.842,O6
83,9,1376.178,567.539,O9
84,1,628.098,534.154,D10
84,2,394.106,419.651,D12
84,3,198.805,438.844,O10
84,4,1051.500,457.019,D4
84,6,532.956,750.796,O6
84,9,1375.641,567.686,O9
85,1,625.705,523.428,D10
85,2,394.759,418.900,D12
85,3,197.055,420.126,O10
85,4,1051.709,455.100,D4
85,6,527.628,739.264,O6
85,9,1374.958,567.750,O9
86,1,623.962,515.171,D10
86,2,396.703,416.307,D12
86,3,193.422,394.339,O10
86,4,1052.357,458.067,D4
86,6,519.614,718.170,O6
86,9,1374.080,569.366,O9
87,1,621.892,507.912,D10
87,2,398.675,417.472,D12
87,3,198.232,385.225,O10
87,4,1053.784,459.072,D4
87,6,514.458,704.531,O6
87,9,1373.677,568.438,O9
88,1,621.405,506.459,D10
88,2,402.502,421.867,D12
88,3,208.972,379.764,O10
88,4,1055.344,459.261,D4
88,6,511.795,698.337,O6
88,9,1372.903,569.675,O9
89,1,621.484,507.147,D10
89,2,406.410,419.936,D12
89,3,221.907,376.800,O10
89,4,1054.936,459.488,D4
89,6,508.549,693.561,O6
89,9,1372.951,566.965,O9
90,1,623.102,515.024,D10
90,2,414.793,421.424,D12
90,3,234.183,372.681,O10
90,4,1053.659,459.654,D4
90,6,505.116,687.687,O6
90,9,1372.758,565.881,O9
91,1,622.825,516.385,D10
91,2,433.726,434.468,D12
91,3,244.030,374.213,O10
91,4,1049.912,460.182,D4
91,6,503.493,685.827,O6
91,9,1372.457,565.472,O9
92,1,622.400,520.896,D10
92,2,429.323,385.892,D12
92,3,249.361,366.554,O10
92,4,1045.514,462.682,D4
92,6,500.122,681.115,O6
92,9,1371.448,567.008,O9
93,1,622.101,524.599,D10
93,2,443.349,402.033,D12
93,3,258.698,366.265,O10
93,4,1041.744,462.087,D4
93,6,491.153,666.406,O6
93,9,1370.985,566.050,O9
94,1,620.351,520.800,D10
94,2,452.397,398.411,D12
94,3,260.769,340.895,O10
94,4,1039.085,461.995,D4
94,6,484.382,653.389,O6
94,9,1370.066,565.748,O9
95,1,618.793,517.708,D10
95,2,462.233,398.305,D12
95,3,260.821,314.076,O10
95,4,1037.599,463.882,D4
95,6,478.450,641.015,O6
95,9,1369.748,565.603,O9
96,1,617.864,514.825,D10
96,2,472.548,398.421,D12
96,3,265.675,295.900,O10
96,4,1036.395,464.641,D4
96,6,473.838,630.361,O6
96,9,1369.402,565.566,O9
97,1,616.617,512.084,D10
97,2,482.539,400.854,D12
97,3,278.288,293.113,O10
97,4,1035.641,463.105,D4
97,6,470.769,625.311,O6
97,9,1369.451,563.957,O9
98,1,613.382,508.757,D10
98,2,492.020,405.265,D12
98,3,293.274,290.842,O10
98,4,1034.995,462.552,D4
98,6,468.782,622.242,O6
98,9,1369.497,563.339,O9
99,1,608.009,501.571,D10
99,2,497.316,404.555,D12
99,3,314.147,290.617,O10
99,4,1034.098,462.453,D4
99,6,465.015,618.431,O6
99,9,1368.855,564.775,O9
100,1,605.825,498.016,D10
100,2,502.932,404.839,D12
100,3,331.970,285.532,O10
100,4,1033.891,460.518,D4
100,6,461.673,615.928,O6
100,9,1368.649,565.292,O9
101,1,600.615,492.643,D10
101,2,509.916,403.128,D12
101,3,345.425,285.433,O10
101,4,1033.387,457.991,D4
101,6,458.458,612.132,O6
101,9,1368.745,563.902,O9
102,1,596.837,487.191,D10
102,2,512.346,392.800,D12
102,3,351.898,276.731,O10
102,4,1032.836,453.375,D4
102,6,457.984,616.141,O6
102,9,1368.552,563.424,O9
103,1,594.168,476.701,D10
103,2,514.109,383.228,D12
103,3,355.458,277.218,O10
103,4,1031.495,452.769,D4
103,6,458.525,616.062,O6
103,9,1367.811,564.943,O9
104,1,593.710,474.783,D10
104,2,519.405,378.996,D12
104,3,359.000,261.052,O10
104,4,1030.468,452.665,D4
104,6,459.363,617.884,O6
104,9,1366.894,567.163,O9
105,1,589.867,470.809,D10
105,2,527.056,369.901,D12
105,3,368.932,256.585,O10
105,4,1029.022,451.862,D4
105,6,460.883,618.557,O6
105,9,1365.766,571.173,O9
106,1,587.524,467.662,D10
106,2,532.977,355.971,D12
106,3,376.430,246.206,O10
106,4,1027.948,451.701,D4
106,6,461.552,617.299,O6
106,9,1364.803,575.861,O9
107,1,587.817,466.459,D10
107,2,544.831,347.040,D12
107,3,383.837,240.162,O10
107,4,1027.068,450.771,D4
107,6,462.969,618.482,O6
107,9,1363.317,579.231,O9
108,1,587.585,464.169,D10
108,2,549.452,336.826,D12
108,3,399.964,229.495,O10
108,4,1026.302,447.633,D4
108,6,463.550,618.986,O6
108,9,1362.244,580.549,O9
109,1,588.337,469.545,D10
109,2,553.997,332.753,D12
109,3,398.726,233.813,O10
109,4,1025.419,448.507,D4
109,6,463.817,619.232,O6
109,9,1360.696,582.701,O9
110,1,589.201,467.553,D10
110,2,561.401,322.411,D12
110,3,422.445,234.370,O10
110,4,1023.915,450.936,D4
110,6,466.665,617.393,O6
110,9,1358.593,586.728,O9
111,1,576.531,460.049,D10
111,2,572.909,318.518,D12
111,3,445.825,231.203,O10
111,4,1022.155,454.855,D4
111,6,462.595,615.794,O6
111,9,1356.579,588.306,O9
112,1,574.453,476.311,D10
112,2,578.530,314.706,D12
112,3,462.377,224.347,O10
112,4,1020.896,459.210,D4
112,6,460.450,613.661,O6
112,9,1354.977,590.448,O9
113,1,581.532,487.891,D10
113,2,583.316,302.393,D12
113,3,466.986,219.529,O10
113,4,1019.301,461.060,D4
113,6,460.270,611.178,O6
113,9,1354.517,589.721,O9
114,1,576.385,491.888,D10
114,2,589.904,303.280,D12
114,3,473.955,222.433,O10
114,4,1020.689,459.618,D4
114,6,459.790,607.034,O6
114,9,1353.515,590.997,O9
115,1,564.793,496.709,D10
115,2,592.909,301.285,D12
115,3,408.349,-75.004,O10
115,4,1020.542,461.004,D4
115,6,457.532,599.066,O6
115,9,1353.153,591.438,O9
116,1,556.312,497.153,D10
116,2,597.222,305.012,D12
116,3,493.917,199.495,O10
116,4,1019.919,461.536,D4
116,6,454.629,587.773,O6
116,9,1352.031,591.650,O9
117,1,545.727,498.381,D10
117,2,603.548,302.180,D12
117,3,508.790,197.289,O10
117,4,1019.139,461.776,D4
117,6,453.647,576.513,O6
117,9,1350.495,593.338,O9
118,1,535.621,497.848,D10
118,2,610.555,299.457,D12
118,3,515.788,191.000,O10
118,4,1017.159,462.128,D4
118,6,449.352,567.405,O6
118,9,1349.442,594.028,O9
119,1,529.402,497.023,D10
119,2,617.821,296.639,D12
119,3,520.579,191.184,O10
119,4,1015.372,460.544,D4
119,6,447.752,560.431,O6
119,9,1348.193,595.873,O9
120,1,525.921,500.659,D10
120,2,626.419,292.493,D12
120,3,527.135,189.323,O10
120,4,1014.057,463.818,D4
120,6,447.278,550.669,O6
120,9,1347.250,596.630,O9
121,1,525.574,509.396,D10
121,2,630.335,290.917,D12
121,3,540.329,195.187,O10
121,4,1012.534,463.308,D4
121,6,450.977,555.757,O6
121,9,1346.431,596.932,O9
122,1,526.031,520.981,D10
122,2,635.904,288.609,D12
122,3,552.236,196.389,O10
122,4,1010.810,465.150,D4
122,6,454.584,561.169,O6
122,9,1345.376,597.135,O9
123,1,524.716,532.084,D10
123,2,640.794,282.649,D12
123,3,561.383,198.801,O10
123,4,1009.106,465.964,D4
123,6,455.529,570.750,O6
123,9,1343.756,597.318,O9
124,1,521.136,534.881,D10
124,2,648.680,283.149,D12
124,3,568.464,196.575,O10
124,4,1008.479,466.222,D4
124,6,460.217,572.020,O6
124,9,1341.914,597.500,O9
125,1,516.411,539.956,D10
125,2,653.197,281.989,D12
125,3,575.767,192.375,O10
125,4,1007.720,466.354,D4
125,6,467.276,580.992,O6
125,9,1340.087,596.202,O9
126,1,509.734,542.485,D10
126,2,659.285,282.162,D12
126,3,583.415,192.659,O10
126,4,1007.503,464.504,D4
126,6,472.565,589.181,O6
126,9,1337.654,595.931,O9
127,1,508.453,559.522,D10
127,2,661.743,279.905,D12
127,3,591.730,201.243,O10
127,4,1007.021,459.200,D4
127,6,474.054,592.223,O6
127,9,1334.484,596.169,O9
128,1,503.170,566.493,D10
128,2,672.012,280.157,D12
128,3,595.728,192.569,O10
128,4,1005.160,458.377,D4
128,6,476.102,594.839,O6
128,9,1330.455,598.162,O9
129,1,501.461,583.097,D10
129,2,678.398,279.987,D12
129,3,602.769,199.024,O10
129,4,1002.844,456.436,D4
129,6,471.595,596.510,O6
129,9,1325.202,597.928,O9
130,1,500.868,594.310,D10
130,2,682.532,284.615,D12
130,3,609.034,196.959,O10
130,4,997.685,444.024,D4
130,6,465.393,596.009,O6
130,9,1320.330,598.278,O9
131,1,499.256,596.799,D10
131,2,685.995,278.773,D12
131,3,614.820,194.311,O10
131,4,992.895,440.681,D4
131,6,459.717,596.230,O6
131,9,1315.182,600.382,O9
132,1,498.151,601.044,D10
132,2,686.853,270.547,D12
132,3,619.276,192.959,O10
132,4,986.170,422.697,D4
132,6,457.131,594.591,O6
132,9,1310.578,601.532,O9
133,1,497.277,604.158,D10
133,2,684.469,265.421,D12
133,3,625.776,194.356,O10
133,4,980.100,421.360,D4
133,6,455.647,593.984,O6
133,9,1307.415,600.628,O9
134,1,495.483,603.611,D10
134,2,684.391,256.061,D12
134,3,629.004,194.760,O10
134,4,976.234,422.237,D4
134,6,452.474,594.152,O6
134,9,1304.769,600.505,O9
135,1,494.329,603.298,D10
135,2,687.905,245.794,D12
135,3,631.541,192.067,O10
135,4,973.198,419.008,D4
135,6,449.605,592.646,O6
135,9,1302.790,600.589,O9
136,1,493.433,603.043,D10
136,2,691.839,243.000,D12
136,3,635.645,190.560,O10
136,4,970.434,414.164,D4
136,6,448.541,593.823,O6
136,9,1300.610,600.836,O9
137,1,493.215,601.087,D10
137,2,694.596,243.202,D12
137,3,641.700,189.324,O10
137,4,967.164,410.843,D4
137,6,448.174,596.034,O6
137,9,1298.104,601.198,O9
138,1,492.146,600.353,D10
138,2,696.096,243.342,D12
138,3,647.568,187.015,O10
138,4,962.623,408.210,D4
138,6,447.022,598.744,O6
138,9,1296.640,598.392,O9
139,1,490.188,600.213,D10
139,2,696.446,243.540,D12
139,3,650.307,186.038,O10
139,4,957.566,405.844,D4
139,6,446.067,599.801,O6
139,9,1293.585,594.650,O9
140,1,487.403,598.622,D10
140,2,696.288,242.530,D12
140,3,652.010,182.920,O10
140,4,953.391,406.458,D4
140,6,445.223,602.008,O6
140,9,1290.735,587.399,O9
141,1,485.851,599.779,D10
141,2,695.977,246.037,D12
141,3,654.449,185.506,O10
141,4,950.688,406.992,D4
141,6,442.802,601.407,O6
141,9,1287.021,581.979,O9
142,1,484.250,598.558,D10
142,2,695.600,246.205,D12
142,3,654.623,182.647,O10
142,4,948.561,406.492,D4
142,6,440.816,601.267,O6
142,9,1282.341,578.948,O9
143,1,481.658,593.131,D10
143,2,694.722,246.420,D12
143,3,655.047,185.475,O10
143,4,946.723,406.513,D4
143,6,439.567,601.254,O6
143,9,1275.299,580.157,O9
144,1,477.062,584.463,D10
144,2,693.524,245.428,D12
144,3,655.704,186.418,O10
144,4,944.980,406.770,D4
144,6,437.487,597.983,O6
144,9,1268.324,576.657,O9
145,1,472.716,576.172,D10
145,2,693.360,247.486,D12
145,3,655.590,185.513,O10
145,4,943.247,405.080,D4
145,6,431.243,588.690,O6
145,9,1261.074,576.045,O9
146,1,468.471,569.848,D10
146,2,693.070,247.112,D12
146,3,655.070,178.631,O10
146,4,940.323,399.763,D4
146,6,427.329,588.964,O6
146,9,1254.238,576.508,O9
147,1,465.323,567.785,D10
147,2,692.760,245.849,D12
147,3,653.980,166.705,O10
147,4,937.492,392.973,D4
147,6,420.982,589.810,O6
147,9,1246.398,575.960,O9
148,1,462.069,569.189,D10
148,2,691.918,240.524,D12
148,3,652.374,159.642,O10
148,4,933.562,390.929,D4
148,6,414.717,588.958,O6
148,9,1238.625,574.959,O9
149,1,458.742,568.301,D10
149,2,690.566,236.176,D12
149,3,651.444,155.742,O10
149,4,929.236,391.705,D4
149,6,410.901,587.107,O6
149,9,1232.423,575.117,O9
150,1,455.377,568.328,D10
150,2,685.291,225.238,D12
150,3,650.393,150.365,O10
150,4,925.340,391.403,D4
150,6,406.224,585.116,O6
150,9,1228.325,573.930,O9
151,1,452.570,566.854,D10
151,2,679.365,212.788,D12
151,3,648.148,145.976,O10
151,4,921.591,389.716,D4
151,6,401.301,584.914,O6
151,9,1225.595,573.760,O9
152,1,449.430,564.897,D10
152,2,675.759,203.229,D12
152,3,647.484,145.859,O10
152,4,919.156,389.358,D4
152,6,394.115,583.920,O6
152,9,1224.240,570.684,O9
153,1,446.127,560.914,D10
153,2,674.085,197.190,D12
153,3,646.073,143.373,O10
153,4,916.039,391.735,D4
153,6,388.915,585.761,O6
153,9,1222.158,568.233,O9
154,1,443.342,559.725,D10
154,2,677.359,191.993,D12
154,3,645.542,142.583,O10
154,4,913.829,393.906,D4
154,6,383.216,585.290,O6
154,9,1220.050,564.400,O9
155,1,441.330,561.329,D10
155,2,671.027,188.065,D12
155,3,645.976,146.427,O10
155,4,912.011,396.979,D4
155,6,380.016,585.296,O6
155,9,1217.116,561.707,O9
156,1,437.933,562.357,D10
156,2,669.700,187.108,D12
156,3,644.104,144.136,O10
156,4,911.457,399.170,D4
156,6,378.352,585.399,O6
156,9,1213.308,557.939,O9
157,1,437.250,560.882,D10
157,2,668.389,185.702,D12
157,3,642.846,148.940,O10
157,4,912.511,399.816,D4
157,6,376.790,585.566,O6
157,9,1208.345,557.104,O9
158,1,435.419,556.901,D10
158,2,667.270,185.394,D12
158,3,642.635,147.952,O10
158,4,914.132,398.845,D4
158,6,374.082,584.153,O6
158,9,1202.324,555.858,O9
159,1,434.879,557.309,D10
159,2,666.516,182.829,D12
159,3,639.893,139.698,O10
159,4,917.174,397.090,D4
159,6,370.863,580.388,O6
159,9,1194.276,557.894,O9
160,1,434.193,555.680,D10
160,2,666.438,183.258,D12
160,3,639.973,139.218,O10
160,4,920.083,395.124,D4
160,6,368.116,579.191,O6
160,9,1187.882,559.237,O9
161,1,435.253,553.131,D10
161,2,666.406,187.454,D12
161,3,637.746,138.023,O10
161,4,922.413,393.194,D4
161,6,364.496,579.173,O6
161,9,1182.025,558.673,O9
162,1,435.745,550.368,D10
162,2,665.955,190.544,D12
162,3,638.277,141.656,O10
162,4,924.377,387.246,D4
162,6,361.626,579.450,O6
162,9,1175.796,559.141,O9
163,1,437.165,549.247,D10
163,2,666.015,193.134,D12
163,3,637.814,143.251,O10
163,4,925.602,377.634,D4
163,6,358.482,579.950,O6
163,9,1169.663,558.359,O9
164,1,438.874,550.573,D10
164,2,665.246,193.072,D12
164,3,637.882,145.260,O10
164,4,929.077,375.739,D4
164,6,355.234,580.505,O6
164,9,1164.358,558.583,O9
165,1,438.940,549.382,D10
165,2,664.507,194.422,D12
165,3,638.138,147.391,O10
165,4,933.304,369.446,D4
165,6,351.938,581.048,O6
165,9,1159.793,555.800,O9
