1,1,730.658,968.073,O11
1,2,485.865,553.243,D5
1,5,1052.807,410.791,D3
1,7,414.369,660.474,O9
1,8,1364.725,571.565,O6
1,10,747.330,772.147,D1
2,1,729.547,959.995,O11
2,2,485.976,554.497,D5
2,5,1052.551,402.742,D3
2,7,414.068,659.535,O9
2,8,1365.249,571.576,O6
2,10,747.918,772.314,D1
3,1,729.174,952.992,O11
3,2,486.008,554.881,D5
3,5,1051.923,398.807,D3
3,7,414.911,659.012,O9
3,8,1366.048,569.938,O6
3,10,748.878,770.995,D1
4,1,729.446,950.452,O11
4,2,486.049,554.997,D5
4,5,1051.131,397.465,D3
4,7,415.780,660.342,O9
4,8,1366.835,569.219,O6
4,10,747.935,771.913,D1
5,1,731.051,948.453,O11
5,2,486.122,555.069,D5
5,5,1049.175,396.359,D3
5,7,415.576,659.389,O9
5,8,1366.940,570.571,O6
5,10,748.387,770.947,D1
6,1,732.616,948.653,O11
6,2,486.624,554.832,D5
6,5,1047.796,396.989,D3
6,7,415.891,658.816,O9
6,8,1368.398,569.218,O6
6,10,747.535,770.596,D1
7,1,733.209,946.850,O11
7,2,487.366,554.682,D5
7,5,1047.392,394.302,D3
7,7,415.926,657.023,O9
7,8,1368.590,568.809,O6
7,10,746.710,770.566,D1
8,1,734.085,945.060,O11
8,2,490.305,557.642,D5
8,5,1048.067,389.998,D3
8,7,416.386,654.451,O9
8,8,1370.023,568.290,O6
8,10,747.376,770.234,D1
9,1,736.069,944.608,O11
9,2,492.566,560.951,D5
9,5,1048.341,387.052,D3
9,7,417.692,653.840,O9
9,8,1370.203,570.151,O6
9,10,746.651,770.707,D1
10,1,737.129,944.150,O11
10,2,494.818,561.291,D5
10,5,1048.839,378.114,D3
10,7,420.016,646.230,O9
10,8,1370.605,570.335,O6
10,10,747.743,770.211,D1
11,1,737.138,944.549,O11
11,2,496.455,560.261,D5
11,5,1049.537,376.609,D3
11,7,425.848,643.346,O9
11,8,1371.071,570.925,O6
11,10,748.716,770.515,D1
12,1,737.529,944.208,O11
12,2,498.542,560.504,D5
12,5,1051.299,372.847,D3
12,7,433.631,639.001,O9
12,8,1371.932,568.724,O6
12,10,748.582,770.017,D1
13,1,738.185,945.520,O11
13,2,499.845,561.185,D5
13,5,1052.266,373.328,D3
13,7,441.819,638.965,O9
13,8,1371.645,568.593,O6
13,10,747.689,771.771,D1
14,1,738.899,945.614,O11
14,2,500.822,562.439,D5
14,5,1053.362,374.826,D3
14,7,446.835,638.051,O9
14,8,1371.567,567.945,O6
14,10,746.301,770.772,D1
15,1,738.939,945.140,O11
15,2,501.283,561.805,D5
15,5,1053.504,378.368,D3
15,7,438.617,638.258,O9
15,8,1371.261,568.371,O6
15,10,743.687,769.948,D1
16,1,739.004,942.625,O11
16,2,501.962,559.051,D5
16,5,1054.321,378.018,D3
16,7,436.219,634.387,O9
16,8,1371.581,568.013,O6
16,10,742.700,769.185,D1
17,1,738.628,939.933,O11
17,2,502.721,560.096,D5
17,5,1055.078,379.236,D3
17,7,447.951,634.851,O9
17,8,1371.049,568.194,O6
17,10,743.047,767.754,D1
18,1,737.769,932.642,O11
18,2,503.468,560.007,D5
18,5,1056.017,379.258,D3
18,7,451.362,629.842,O9
18,8,1370.429,568.075,O6
18,10,741.507,759.242,D1
19,1,737.122,931.287,O11
19,2,504.819,558.451,D5
19,5,1056.217,378.771,D3
19,7,455.288,631.354,O9
19,8,1369.196,568.513,O6
19,10,740.838,756.307,D1
20,1,737.201,929.651,O11
20,2,507.129,555.550,D5
20,5,1056.992,379.344,D3
20,7,457.393,631.703,O9
20,8,1368.640,568.559,O6
20,10,741.451,753.616,D1
21,1,735.431,924.010,O11
21,2,510.153,553.987,D5
21,5,1057.150,381.471,D3
21,7,460.599,633.069,O9
21,8,1368.194,568.468,O6
21,10,740.579,748.629,D1
22,1,733.956,920.082,O11
22,2,512.427,551.613,D5
22,5,1057.619,384.526,D3
22,7,453.661,634.954,O9
22,8,1367.930,568.662,O6
22,10,740.036,745.615,D1
23,1,731.599,913.650,O11
23,2,513.870,548.903,D5
23,5,1058.102,376.566,D3
23,7,461.432,634.273,O9
23,8,1367.545,568.839,O6
23,10,739.429,741.936,D1
24,1,729.701,908.137,O11
24,2,516.322,552.984,D5
24,5,1058.522,393.792,D3
24,7,464.995,633.811,O9
24,8,1367.694,568.765,O6
24,10,738.305,737.908,D1
25,1,727.936,905.178,O11
25,2,517.692,554.333,D5
25,5,1058.894,403.794,D3
25,7,467.291,631.742,O9
25,8,1367.783,568.579,O6
25,10,738.449,730.705,D1
26,1,726.510,904.502,O11
26,2,518.826,555.063,D5
26,5,1060.088,411.776,D3
26,7,470.261,632.617,O9
26,8,1368.262,568.804,O6
26,10,737.960,724.186,D1
27,1,725.591,902.298,O11
27,2,519.229,555.451,D5
27,5,1061.523,414.561,D3
27,7,473.426,631.112,O9
27,8,1368.974,568.771,O6
27,10,738.765,721.745,D1
28,1,724.786,901.419,O11
28,2,518.186,553.507,D5
28,5,1062.147,416.161,D3
28,7,475.427,630.018,O9
28,8,1369.786,568.498,O6
28,10,740.451,720.472,D1
29,1,722.872,901.556,O11
29,2,518.861,552.837,D5
29,5,1062.831,415.775,D3
29,7,477.127,631.340,O9
29,8,1369.902,570.074,O6
29,10,741.605,720.211,D1
30,1,722.190,901.701,O11
30,2,516.976,554.723,D5
30,5,1063.280,415.468,D3
30,7,482.020,631.264,O9
30,8,1370.672,568.941,O6
30,10,744.694,718.400,D1
31,1,721.127,901.876,O11
31,2,515.723,553.520,D5
31,5,1063.963,416.070,D3
31,7,490.211,630.148,O9
31,8,1370.714,568.502,O6
31,10,748.004,718.830,D1
32,1,719.652,903.323,O11
32,2,516.279,549.371,D5
32,5,1064.332,415.291,D3
32,7,494.588,629.643,O9
32,8,1371.164,568.333,O6
32,10,752.038,718.758,D1
33,1,718.077,905.184,O11
33,2,516.136,542.334,D5
33,5,1064.464,414.965,D3
33,7,495.611,627.871,O9
33,8,1371.071,568.294,O6
33,10,755.723,719.925,D1
34,1,716.016,905.110,O11
34,2,515.552,539.854,D5
34,5,1064.412,415.807,D3
34,7,495.778,629.004,O9
34,8,1371.001,568.339,O6
34,10,756.518,719.161,D1
35,1,713.763,904.096,O11
35,2,518.447,540.114,D5
35,5,1064.811,415.792,D3
35,7,497.232,628.979,O9
35,8,1370.483,568.258,O6
35,10,758.833,719.874,D1
36,1,710.062,902.057,O11
36,2,522.181,545.532,D5
36,5,1065.547,415.750,D3
36,7,497.807,627.421,O9
36,8,1370.290,568.303,O6
36,10,761.829,721.371,D1
37,1,707.667,902.654,O11
37,2,526.940,559.938,D5
37,5,1065.920,416.792,D3
37,7,500.539,629.971,O9
37,8,1369.705,568.475,O6
37,10,761.813,723.659,D1
38,1,715.849,900.327,O11
38,2,526.922,552.699,D5
38,5,1066.024,416.776,D3
38,7,500.354,629.066,O9
38,8,1369.253,568.332,O6
38,10,762.231,721.393,D1
39,1,724.294,898.921,O11
39,2,526.837,551.978,D5
39,5,1066.086,416.044,D3
39,7,500.289,627.359,O9
39,8,1368.532,568.523,O6
39,10,762.204,719.405,D1
40,1,731.726,896.586,O11
40,2,527.226,553.205,D5
40,5,1066.156,415.507,D3
40,7,500.583,631.453,O9
40,8,1368.585,568.446,O6
40,10,762.657,718.437,D1
41,1,735.378,896.981,O11
41,2,526.097,557.857,D5
41,5,1066.062,415.740,D3
41,7,500.000,636.724,O9
41,8,1368.204,568.813,O6
41,10,763.723,718.299,D1
42,1,738.883,896.718,O11
42,2,528.377,558.961,D5
42,5,1065.375,415.665,D3
42,7,498.574,641.956,O9
42,8,1368.421,568.729,O6
42,10,765.211,715.100,D1
43,1,743.763,897.294,O11
43,2,528.455,550.476,D5
43,5,1064.396,415.809,D3
43,7,496.296,645.802,O9
43,8,1367.879,568.842,O6
43,10,766.133,713.932,D1
44,1,747.530,896.207,O11
44,2,526.290,545.753,D5
44,5,1064.105,414.929,D3
44,7,495.374,648.925,O9
44,8,1367.678,568.975,O6
44,10,767.838,716.217,D1
45,1,749.774,893.510,O11
45,2,525.876,547.599,D5
45,5,1063.429,414.655,D3
45,7,495.434,653.182,O9
45,8,1367.637,568.981,O6
45,10,767.249,715.872,D1
46,1,752.251,892.256,O11
46,2,528.875,551.476,D5
46,5,1062.796,413.560,D3
46,7,494.425,653.237,O9
46,8,1368.030,567.381,O6
46,10,768.303,714.130,D1
47,1,753.726,890.524,O11
47,2,531.116,552.616,D5
47,5,1061.812,414.101,D3
47,7,494.487,654.603,O9
47,8,1367.565,568.281,O6
47,10,767.741,710.667,D1
48,1,754.930,892.099,O11
48,2,532.387,554.911,D5
48,5,1061.286,414.420,D3
48,7,494.986,656.678,O9
48,8,1367.107,568.746,O6
48,10,765.507,706.866,D1
49,1,756.617,892.503,O11
49,2,530.690,552.393,D5
49,5,1060.697,413.538,D3
49,7,494.653,655.807,O9
49,8,1365.754,570.586,O6
49,10,762.922,704.255,D1
50,1,758.153,890.306,O11
50,2,530.535,553.148,D5
50,5,1059.875,414.253,D3
50,7,493.975,657.113,O9
50,8,1365.169,569.684,O6
50,10,758.363,696.530,D1
51,1,760.211,888.215,O11
51,2,528.195,553.796,D5
51,5,1057.806,414.821,D3
51,7,493.783,654.325,O9
51,8,1363.482,571.140,O6
51,10,755.361,683.482,D1
52,1,761.006,885.151,O11
52,2,527.247,555.783,D5
52,5,1057.049,414.932,D3
52,7,493.638,654.780,O9
52,8,1362.647,568.558,O6
52,10,751.486,674.419,D1
53,1,763.656,882.551,O11
53,2,527.359,558.219,D5
53,5,1055.638,415.117,D3
53,7,496.691,654.428,O9
53,8,1361.459,569.233,O6
53,10,751.542,692.087,D1
54,1,765.406,878.157,O11
54,2,526.888,559.239,D5
54,5,1051.440,408.866,D3
54,7,495.318,654.663,O9
54,8,1361.282,569.484,O6
54,10,752.421,692.602,D1
55,1,767.154,873.090,O11
55,2,526.474,563.353,D5
55,5,1047.039,400.108,D3
55,7,494.136,654.925,O9
55,8,1360.340,569.880,O6
55,10,753.248,692.926,D1
56,1,769.071,861.759,O11
56,2,527.307,568.145,D5
56,5,1042.966,401.983,D3
56,7,494.752,656.333,O9
56,8,1358.224,571.640,O6
56,10,753.864,679.697,D1
57,1,772.296,850.172,O11
57,2,529.598,575.039,D5
57,5,1041.237,383.745,D3
57,7,495.549,656.849,O9
57,8,1356.165,572.594,O6
57,10,743.614,626.474,D1
58,1,778.195,840.375,O11
58,2,529.939,577.483,D5
58,5,1038.012,384.174,D3
58,7,495.936,653.634,O9
58,8,1355.390,571.201,O6
58,10,740.516,623.579,D1
59,1,784.846,836.322,O11
59,2,530.826,583.557,D5
59,5,1033.718,387.019,D3
59,7,496.047,650.845,O9
59,8,1353.002,571.061,O6
59,10,741.710,638.608,D1
60,1,791.536,835.624,O11
60,2,532.247,585.681,D5
60,5,1030.452,389.480,D3
60,7,496.247,646.612,O9
60,8,1350.883,571.160,O6
60,10,744.502,640.779,D1
61,1,795.696,831.576,O11
61,2,534.880,585.884,D5
61,5,1027.748,386.507,D3
61,7,496.437,639.896,O9
61,8,1349.136,571.239,O6
61,10,746.581,641.534,D1
62,1,800.131,828.591,O11
62,2,536.768,589.275,D5
62,5,1024.029,381.652,D3
62,7,497.060,635.710,O9
62,8,1346.257,571.481,O6
62,10,746.849,642.058,D1
63,1,804.445,823.909,O11
63,2,540.392,597.286,D5
63,5,1021.371,383.787,D3
63,7,497.423,632.803,O9
63,8,1341.245,572.674,O6
63,10,747.033,642.734,D1
64,1,808.511,816.942,O11
64,2,543.723,599.781,D5
64,5,1018.753,381.580,D3
64,7,497.969,631.591,O9
64,8,1334.770,573.557,O6
64,10,749.623,642.606,D1
65,1,811.681,809.171,O11
65,2,546.130,598.528,D5
65,5,1016.729,379.715,D3
65,7,498.694,630.928,O9
65,8,1327.364,576.029,O6
65,10,750.419,640.944,D1
66,1,817.228,795.904,O11
66,2,547.150,596.360,D5
66,5,1016.000,379.339,D3
66,7,498.466,630.998,O9
66,8,1323.428,580.410,O6
66,10,753.315,640.208,D1
67,1,823.744,778.775,O11
67,2,546.678,592.083,D5
67,5,1014.103,381.529,D3
67,7,498.420,631.042,O9
67,8,1320.335,582.163,O6
67,10,754.468,639.936,D1
68,1,831.487,774.404,O11
68,2,546.713,583.318,D5
68,5,1011.080,381.675,D3
68,7,498.271,631.101,O9
68,8,1316.897,583.123,O6
68,10,756.353,639.681,D1
69,1,835.540,768.810,O11
69,2,545.436,581.780,D5
69,5,1008.256,380.825,D3
69,7,498.155,631.043,O9
69,8,1308.442,592.013,O6
69,10,756.275,638.071,D1
70,1,838.354,761.726,O11
70,2,545.174,579.678,D5
70,5,1003.759,383.535,D3
70,7,498.234,631.292,O9
70,8,1297.653,608.579,O6
70,10,756.818,637.710,D1
71,1,842.234,754.738,O11
71,2,546.168,576.756,D5
71,5,994.443,387.500,D3
71,7,498.729,631.164,O9
71,8,1289.252,620.920,O6
71,10,757.797,635.749,D1
72,1,846.076,748.100,O11
72,2,546.648,573.979,D5
72,5,985.489,392.020,D3
72,7,498.932,631.246,O9
72,8,1282.754,630.457,O6
72,10,758.877,636.653,D1
73,1,851.859,742.416,O11
73,2,546.762,572.833,D5
73,5,979.360,393.949,D3
73,7,498.423,631.246,O9
73,8,1277.477,641.291,O6
73,10,759.958,630.504,D1
74,1,859.319,737.079,O11
74,2,545.573,574.472,D5
74,5,974.347,392.107,D3
74,7,497.701,631.407,O9
74,8,1273.863,646.948,O6
74,10,760.234,623.492,D1
75,1,867.033,731.910,O11
75,2,546.672,576.702,D5
75,5,969.695,388.736,D3
75,7,496.915,631.614,O9
75,8,1269.415,650.793,O6
75,10,762.763,615.747,D1
76,1,872.720,721.537,O11
76,2,548.814,575.462,D5
76,5,963.327,390.225,D3
76,7,496.127,630.053,O9
76,8,1265.180,653.835,O6
76,10,767.132,610.733,D1
77,1,880.162,711.490,O11
77,2,550.164,574.969,D5
77,5,955.793,396.666,D3
77,7,495.796,631.200,O9
77,8,1256.716,657.194,O6
77,10,771.248,598.790,D1
78,1,888.178,707.216,O11
78,2,552.431,572.739,D5
78,5,948.533,402.761,D3
78,7,495.676,631.608,O9
78,8,1247.588,667.478,O6
78,10,775.383,588.947,D1
79,1,899.281,703.273,O11
79,2,555.348,573.383,D5
79,5,948.573,403.639,D3
79,7,495.096,631.841,O9
79,8,1239.707,686.732,O6
79,10,778.803,578.361,D1
80,1,911.602,700.919,O11
80,2,557.058,571.807,D5
80,5,949.528,402.819,D3
80,7,494.421,630.394,O9
80,8,1234.551,700.656,O6
80,10,781.480,572.688,D1
81,1,921.918,700.809,O11
81,2,557.719,569.429,D5
81,5,944.376,405.299,D3
81,7,493.598,631.575,O9
81,8,1228.513,716.568,O6
81,10,783.287,568.890,D1
82,1,928.886,700.564,O11
82,2,558.322,570.294,D5
82,5,933.556,416.590,D3
82,7,492.292,630.554,O9
82,8,1223.148,729.167,O6
82,10,784.038,564.230,D1
83,1,937.550,696.937,O11
83,2,559.071,570.601,D5
83,5,922.230,433.737,D3
83,7,491.817,630.195,O9
83,8,1217.386,740.527,O6
83,10,784.602,566.148,D1
84,1,944.411,693.766,O11
84,2,559.279,570.710,D5
84,5,916.443,437.309,D3
84,7,492.118,631.622,O9
84,8,1210.868,752.517,O6
84,10,784.154,567.077,D1
85,1,953.080,686.184,O11
85,2,559.329,570.782,D5
85,5,912.904,440.716,D3
85,7,492.261,632.178,O9
85,8,1204.115,763.504,O6
85,10,783.539,564.244,D1
86,1,964.917,680.763,O11
86,2,559.875,570.722,D5
86,5,909.474,444.120,D3
86,7,491.818,632.466,O9
86,8,1197.950,771.503,O6
86,10,781.909,556.625,D1
87,1,975.993,673.587,O11
87,2,559.981,570.707,D5
87,5,906.572,462.831,D3
87,7,491.055,632.614,O9
87,8,1191.654,773.604,O6
87,10,780.803,555.657,D1
88,1,984.481,667.475,O11
88,2,560.021,570.701,D5
88,5,904.963,480.783,D3
88,7,490.267,634.418,O9
88,8,1184.977,775.865,O6
88,10,779.419,552.073,D1
89,1,988.186,668.179,O11
89,2,560.003,570.703,D5
89,5,901.510,496.820,D3
89,7,488.960,633.587,O9
89,8,1178.775,776.964,O6
89,10,779.114,542.041,D1
90,1,993.825,666.553,O11
90,2,559.980,570.727,D5
90,5,898.583,513.602,D3
90,7,488.472,633.268,O9
90,8,1172.373,778.941,O6
90,10,779.133,529.407,D1
91,1,1001.716,665.173,O11
91,2,560.101,568.903,D5
91,5,894.523,523.625,D3
91,7,488.858,633.026,O9
91,8,1167.686,783.315,O6
91,10,781.265,528.111,D1
92,1,1011.483,662.412,O11
92,2,560.178,568.315,D5
92,5,890.284,536.293,D3
92,7,489.602,632.936,O9
92,8,1161.674,791.351,O6
92,10,783.382,529.471,D1
93,1,1023.568,654.340,O11
93,2,560.120,568.045,D5
93,5,886.867,546.192,D3
93,7,491.937,632.541,O9
93,8,1153.350,802.021,O6
93,10,784.236,526.508,D1
94,1,1033.316,649.303,O11
94,2,559.618,566.366,D5
94,5,882.606,553.616,D3
94,7,494.948,632.178,O9
94,8,1145.652,808.904,O6
94,10,784.841,518.439,D1
95,1,1040.148,641.066,O11
95,2,559.487,565.707,D5
95,5,877.991,556.549,D3
95,7,497.231,631.884,O9
95,8,1137.272,817.730,O6
95,10,786.201,509.854,D1
96,1,1043.493,630.455,O11
96,2,558.555,562.103,D5
96,5,874.232,557.689,D3
96,7,498.010,631.808,O9
96,8,1129.990,827.110,O6
96,10,790.570,506.250,D1
97,1,1046.419,623.211,O11
97,2,560.010,565.750,D5
97,5,870.242,558.116,D3
97,7,498.240,631.682,O9
97,8,1124.843,838.449,O6
97,10,793.066,503.013,D1
98,1,1049.284,618.925,O11
98,2,561.021,568.907,D5
98,5,865.930,553.371,D3
98,7,498.877,631.626,O9
98,8,1119.657,841.927,O6
98,10,796.221,501.702,D1
99,1,1052.003,617.243,O11
99,2,559.238,570.398,D5
99,5,861.963,555.083,D3
99,7,498.591,631.668,O9
99,8,1112.369,846.985,O6
99,10,799.071,501.119,D1
100,1,1054.398,615.036,O11
100,2,559.676,569.004,D5
100,5,858.619,567.685,D3
100,7,498.380,631.643,O9
100,8,1100.755,859.712,O6
100,10,800.453,499.133,D1
101,1,1057.895,609.409,O11
101,2,560.838,570.106,D5
101,5,853.758,587.590,D3
101,7,498.305,631.672,O9
101,8,1087.338,869.834,O6
101,10,800.795,496.753,D1
102,1,1060.904,597.852,O11
102,2,561.236,570.543,D5
102,5,850.236,606.361,D3
102,7,498.237,631.701,O9
102,8,1080.858,878.904,O6
102,10,801.932,495.878,D1
103,1,1064.138,557.777,O11
103,2,561.405,570.737,D5
103,5,847.568,621.284,D3
103,7,498.223,631.758,O9
103,8,1074.625,884.683,O6
103,10,805.775,497.065,D1
104,1,1066.060,545.388,O11
104,2,561.442,570.672,D5
104,5,844.239,634.608,D3
104,7,498.133,633.294,O9
104,8,1069.046,884.875,O6
104,10,821.286,497.207,D1
105,1,1065.592,513.808,O11
105,2,561.070,569.099,D5
105,5,840.720,641.441,D3
105,7,497.096,634.205,O9
105,8,1063.910,884.182,O6
105,10,828.698,497.325,D1
106,1,1068.577,499.537,O11
106,2,559.903,566.563,D5
106,5,838.982,643.507,D3
106,7,496.609,635.905,O9
106,8,1059.255,881.780,O6
106,10,833.698,485.749,D1
107,1,1070.174,484.302,O11
107,2,559.569,564.237,D5
107,5,837.359,644.570,D3
107,7,496.349,640.240,O9
107,8,1054.549,881.454,O6
107,10,841.191,428.849,D1
108,1,1065.890,486.888,O11
108,2,560.285,566.567,D5
108,5,834.744,643.169,D3
108,7,495.656,643.333,O9
108,8,1049.398,883.587,O6
108,10,846.024,414.145,D1
109,1,1065.134,475.554,O11
109,2,560.582,567.599,D5
109,5,833.844,642.487,D3
109,7,494.865,646.302,O9
109,8,1044.268,884.818,O6
109,10,847.590,390.892,D1
110,1,1065.166,462.285,O11
110,2,561.141,569.625,D5
110,5,833.043,640.437,D3
110,7,494.035,649.010,O9
110,8,1040.417,887.478,O6
110,10,847.025,389.386,D1
111,1,1062.461,463.720,O11
111,2,559.939,567.076,D5
111,5,833.227,650.237,D3
111,7,492.658,651.772,O9
111,8,1036.060,889.805,O6
111,10,849.655,394.617,D1
112,1,1061.715,466.296,O11
112,2,558.936,566.106,D5
112,5,831.977,655.352,D3
112,7,491.609,652.776,O9
112,8,1033.018,890.726,O6
112,10,856.660,404.075,D1
113,1,1061.751,463.886,O11
113,2,558.447,567.513,D5
113,5,833.132,658.328,D3
113,7,490.696,653.144,O9
113,8,1030.591,891.116,O6
113,10,867.913,405.811,D1
114,1,1060.330,456.146,O11
114,2,557.191,568.194,D5
114,5,834.732,660.584,D3
114,7,486.834,653.740,O9
114,8,1029.619,891.206,O6
114,10,868.057,399.197,D1
115,1,1060.323,432.670,O11
115,2,555.841,565.101,D5
115,5,838.080,663.910,D3
115,7,482.339,652.779,O9
115,8,1027.707,890.353,O6
115,10,870.879,398.712,D1
116,1,1058.036,455.182,O11
116,2,554.603,558.723,D5
116,5,840.786,663.284,D3
116,7,476.125,654.677,O9
116,8,1025.900,890.140,O6
116,10,870.668,374.577,D1
117,1,1060.047,453.648,O11
117,2,554.165,556.266,D5
117,5,843.979,664.017,D3
117,7,468.132,654.548,O9
117,8,1024.499,891.111,O6
117,10,874.082,378.256,D1
118,1,1064.302,443.385,O11
118,2,554.113,553.542,D5
118,5,846.938,666.891,D3
118,7,456.823,655.644,O9
118,8,1028.208,889.755,O6
118,10,879.520,382.298,D1
119,1,1063.563,436.192,O11
119,2,554.116,552.528,D5
119,5,848.624,667.717,D3
119,7,445.574,658.654,O9
119,8,1032.092,889.874,O6
119,10,883.355,385.828,D1
120,1,1063.123,417.268,O11
120,2,553.249,548.730,D5
120,5,849.289,667.922,D3
120,7,437.286,661.974,O9
120,8,1034.084,889.827,O6
120,10,890.474,386.505,D1
121,1,1060.804,387.466,O11
121,2,551.584,542.014,D5
121,5,850.867,672.138,D3
121,7,429.733,662.237,O9
121,8,1036.396,888.527,O6
121,10,892.315,382.730,D1
122,1,1061.251,374.147,O11
122,2,550.199,534.163,D5
122,5,852.955,673.395,D3
122,7,423.482,662.836,O9
122,8,1038.998,888.781,O6
122,10,899.114,374.185,D1
123,1,1061.416,366.494,O11
123,2,547.298,524.065,D5
123,5,856.804,674.775,D3
123,7,418.767,668.122,O9
123,8,1041.759,886.514,O6
123,10,905.041,364.203,D1
124,1,1063.604,360.675,O11
124,2,546.255,520.491,D5
124,5,863.731,674.503,D3
124,7,415.816,676.712,O9
124,8,1044.409,883.360,O6
124,10,909.361,354.990,D1
125,1,1065.030,355.709,O11
125,2,546.432,519.092,D5
125,5,872.504,674.838,D3
125,7,411.295,681.895,O9
125,8,1046.002,879.964,O6
125,10,913.686,344.747,D1
126,1,1066.052,355.347,O11
126,2,546.552,518.842,D5
126,5,884.371,672.321,D3
126,7,406.838,688.975,O9
126,8,1048.347,873.208,O6
126,10,919.993,339.402,D1
127,1,1067.496,349.124,O11
127,2,547.167,518.752,D5
127,5,895.338,671.762,D3
127,7,399.815,697.000,O9
127,8,1052.303,864.826,O6
127,10,926.374,334.784,D1
128,1,1068.060,351.450,O11
128,2,548.571,518.694,D5
128,5,906.133,674.903,D3
128,7,393.986,703.459,O9
128,8,1057.314,854.613,O6
128,10,932.848,332.697,D1
129,1,1068.416,352.599,O11
129,2,549.699,518.719,D5
129,5,913.613,681.303,D3
129,7,387.443,706.440,O9
129,8,1060.357,849.551,O6
129,10,938.287,336.059,D1
130,1,1069.520,356.221,O11
130,2,550.102,518.724,D5
130,5,919.799,690.155,D3
130,7,379.356,703.551,O9
130,8,1062.625,847.542,O6
130,10,944.408,340.058,D1
131,1,1071.744,358.610,O11
131,2,550.819,518.767,D5
131,5,924.951,698.605,D3
131,7,378.299,709.791,O9
131,8,1064.082,844.596,O6
131,10,948.334,334.940,D1
132,1,1073.469,361.670,O11
132,2,551.084,518.834,D5
132,5,927.691,708.522,D3
132,7,377.972,712.034,O9
132,8,1064.580,841.349,O6
132,10,951.449,331.785,D1
133,1,1073.742,368.130,O11
133,2,550.564,518.952,D5
133,5,932.038,715.710,D3
133,7,375.927,711.438,O9
133,8,1064.865,839.073,O6
133,10,953.639,336.036,D1
134,1,1072.325,377.018,O11
134,2,550.297,520.953,D5
134,5,937.944,717.633,D3
134,7,371.309,710.148,O9
134,8,1064.975,830.319,O6
134,10,956.719,334.066,D1
135,1,1072.796,382.361,O11
135,2,549.677,521.866,D5
135,5,941.875,717.960,D3
135,7,366.256,710.088,O9
135,8,1064.191,821.459,O6
135,10,958.855,320.057,D1
136,1,1074.531,384.084,O11
136,2,549.393,522.202,D5
136,5,944.581,719.043,D3
136,7,361.596,713.440,O9
136,8,1062.643,813.712,O6
136,10,959.920,307.912,D1
137,1,1072.136,385.232,O11
137,2,548.726,522.468,D5
137,5,946.820,719.105,D3
137,7,357.503,711.972,O9
137,8,1058.048,810.405,O6
137,10,963.409,307.646,D1
138,1,1072.417,381.437,O11
138,2,546.913,520.922,D5
138,5,948.963,718.782,D3
138,7,354.751,713.040,O9
138,8,1053.822,808.529,O6
138,10,967.730,319.536,D1
139,1,1074.938,367.353,O11
139,2,546.141,522.299,D5
139,5,953.016,718.047,D3
139,7,351.362,715.279,O9
139,8,1049.771,804.789,O6
139,10,970.317,323.876,D1
140,1,1076.968,344.907,O11
140,2,545.536,519.118,D5
140,5,954.940,717.603,D3
140,7,347.897,719.438,O9
140,8,1047.725,798.822,O6
140,10,973.054,319.863,D1
141,1,1077.548,338.656,O11
141,2,543.526,515.344,D5
141,5,956.918,717.151,D3
141,7,346.492,723.994,O9
141,8,1045.932,789.642,O6
141,10,975.795,315.883,D1
142,1,1077.052,334.371,O11
142,2,542.532,513.002,D5
142,5,961.899,716.237,D3
142,7,346.616,733.011,O9
142,8,1042.784,774.337,O6
142,10,979.180,314.038,D1
143,1,1073.987,344.184,O11
143,2,540.421,509.597,D5
143,5,963.704,713.122,D3
143,7,345.174,740.987,O9
143,8,1039.175,765.261,O6
143,10,984.069,312.916,D1
144,1,1071.869,352.278,O11
144,2,538.773,507.526,D5
144,5,963.655,703.669,D3
144,7,344.019,748.398,O9
144,8,1034.305,757.518,O6
144,10,986.367,312.501,D1
145,1,1073.711,360.305,O11
145,2,536.096,503.338,D5
145,5,963.467,693.085,D3
145,7,343.763,752.546,O9
145,8,1029.375,747.614,O6
145,10,987.578,321.321,D1
146,1,1074.312,363.245,O11
146,2,534.125,497.937,D5
146,5,962.318,680.510,D3
146,7,344.336,755.220,O9
146,8,1024.569,739.221,O6
146,10,988.417,329.890,D1
147,1,1075.191,372.578,O11
147,2,532.726,493.245,D5
147,5,963.766,665.323,D3
147,7,344.205,756.214,O9
147,8,1019.345,731.633,O6
147,10,990.546,326.392,D1
148,1,1075.802,377.010,O11
148,2,532.610,490.486,D5
148,5,965.314,642.871,D3
148,7,344.264,756.368,O9
148,8,1011.936,727.168,O6
148,10,995.180,346.178,D1
149,1,1076.153,382.732,O11
149,2,532.319,488.622,D5
149,5,967.326,623.419,D3
149,7,343.798,756.387,O9
149,8,1003.550,723.990,O6
149,10,999.968,339.189,D1
150,1,1076.764,385.844,O11
150,2,532.460,488.974,D5
150,5,964.061,605.822,D3
150,7,342.176,756.490,O9
150,8,997.232,722.258,O6
150,10,1002.283,338.484,D1
151,1,1078.780,388.692,O11
151,2,533.760,489.068,D5
151,5,960.564,590.081,D3
151,7,340.736,756.633,O9
151,8,992.723,718.103,O6
151,10,1003.736,335.923,D1
152,1,1081.222,388.423,O11
152,2,535.090,490.012,D5
152,5,956.655,580.099,D3
152,7,339.242,756.701,O9
152,8,989.987,716.913,O6
152,10,1004.810,333.727,D1
153,1,1083.635,383.063,O11
153,2,537.578,491.201,D5
153,5,955.588,576.928,D3
153,7,336.191,755.611,O9
153,8,986.311,714.480,O6
153,10,1006.387,330.575,D1
154,1,1086.017,376.513,O11
154,2,540.142,493.269,D5
154,5,948.481,573.657,D3
154,7,332.376,755.427,O9
154,8,978.536,713.176,O6
154,10,1008.053,332.300,D1
155,1,1087.701,370.827,O11
155,2,542.842,493.897,D5
155,5,945.528,594.574,D3
155,7,327.497,754.400,O9
155,8,968.074,711.248,O6
155,10,1012.546,338.850,D1
156,1,1088.816,365.516,O11
156,2,545.110,492.038,D5
156,5,938.122,624.603,D3
156,7,325.430,754.011,O9
156,8,951.613,712.500,O6
156,10,1019.212,324.062,D1
157,1,1089.066,361.396,O11
157,2,548.784,490.932,D5
157,5,928.179,629.579,D3
157,7,325.333,755.186,O9
157,8,932.088,713.696,O6
157,10,1021.265,323.759,D1
158,1,1089.601,358.989,O11
158,2,552.081,486.443,D5
158,5,926.226,622.385,D3
158,7,325.123,755.640,O9
158,8,916.790,718.330,O6
158,10,1022.634,323.556,D1
159,1,1090.732,355.599,O11
159,2,557.636,483.014,D5
159,5,913.903,594.326,D3
159,7,325.535,757.114,O9
159,8,899.887,724.336,O6
159,10,1022.634,323.556,D1
160,1,1091.236,355.595,O11
160,2,561.917,481.504,D5
160,5,910.942,602.735,D3
160,7,324.823,756.336,O9
160,8,888.825,724.758,O6
160,10,1022.634,323.556,D1
161,1,1092.144,354.338,O11
161,2,566.861,477.424,D5
161,5,901.829,586.089,D3
161,7,324.399,755.957,O9
161,8,887.392,723.196,O6
161,10,1022.634,323.556,D1
162,1,1091.847,355.295,O11
162,2,570.731,469.907,D5
162,5,895.997,573.559,D3
162,7,324.076,755.971,O9
162,8,882.747,717.992,O6
162,10,1022.634,323.556,D1
163,1,1091.582,353.319,O11
163,2,573.156,463.715,D5
163,5,897.186,568.269,D3
163,7,323.688,755.814,O9
163,8,869.249,699.581,O6
163,10,1022.634,323.556,D1
164,1,1091.348,354.104,O11
164,2,574.291,454.731,D5
164,5,889.745,571.285,D3
164,7,324.320,757.338,O9
164,8,860.019,678.726,O6
164,10,1022.634,323.556,D1
165,1,1090.816,354.159,O11
165,2,575.643,442.714,D5
165,5,879.139,568.444,D3
165,7,323.622,756.313,O9
165,8,842.536,651.475,O6
165,10,1022.634,323.556,D1
166,1,1090.579,355.692,O11
166,2,580.948,433.881,D5
166,5,870.673,565.175,D3
166,7,323.856,757.616,O9
166,8,826.991,641.450,O6
166,10,1022.634,323.556,D1
167,1,1090.544,354.738,O11
167,2,591.035,431.234,D5
167,5,854.172,539.811,D3
167,7,322.967,757.956,O9
167,8,817.489,633.559,O6
167,10,1022.634,323.556,D1
168,1,1090.325,355.823,O11
168,2,588.807,431.586,D5
168,5,838.223,568.944,D3
168,7,322.645,758.230,O9
168,8,810.246,625.392,O6
168,10,1022.634,323.556,D1
169,1,1089.883,353.077,O11
169,2,592.757,434.270,D5
169,5,828.558,547.708,D3
169,7,321.710,756.931,O9
169,8,804.466,619.881,O6
169,10,1021.778,323.683,D1
170,1,1089.667,350.971,O11
170,2,596.303,434.025,D5
170,5,815.827,590.634,D3
170,7,321.657,756.368,O9
170,8,793.386,591.776,O6
170,10,1020.923,323.809,D1
171,1,1089.046,349.320,O11
171,2,599.683,432.694,D5
171,5,810.244,592.982,D3
171,7,320.935,756.260,O9
171,8,785.698,581.741,O6
171,10,1020.067,323.936,D1
172,1,1088.826,347.631,O11
172,2,604.102,430.769,D5
172,5,809.431,588.852,D3
172,7,319.751,754.846,O9
172,8,776.289,570.827,O6
172,10,1019.212,324.062,D1
173,1,1088.580,347.100,O11
173,2,606.024,429.117,D5
173,5,804.286,581.392,D3
173,7,317.104,751.735,O9
173,8,765.392,557.844,O6
173,10,1016.816,324.417,D1
174,1,1088.674,346.850,O11
174,2,604.071,428.917,D5
174,5,794.852,566.134,D3
174,7,312.620,745.134,O9
174,8,755.037,557.871,O6
174,10,1014.420,324.771,D1
175,1,1087.944,349.035,O11
175,2,603.875,432.030,D5
175,5,786.596,555.748,D3
175,7,308.286,738.575,O9
175,8,741.689,550.934,O6
175,10,1010.314,325.379,D1
176,1,1088.335,348.671,O11
176,2,598.449,431.857,D5
176,5,776.270,549.396,D3
176,7,302.677,729.100,O9
176,8,725.160,543.271,O6
176,10,1008.408,328.862,D1
177,1,1087.228,347.725,O11
177,2,594.575,431.106,D5
177,5,765.059,530.476,D3
177,7,296.850,718.519,O9
177,8,712.411,540.029,O6
177,10,1006.282,330.128,D1
178,1,1086.889,346.239,O11
178,2,590.563,433.251,D5
178,5,753.790,524.317,D3
178,7,290.410,705.789,O9
178,8,701.661,541.819,O6
178,10,1003.275,316.650,D1
179,1,1086.172,346.037,O11
179,2,586.619,436.769,D5
179,5,742.458,508.819,D3
179,7,282.316,690.965,O9
179,8,691.775,538.535,O6
179,10,999.267,299.788,D1
180,1,1085.907,347.943,O11
180,2,584.616,436.025,D5
180,5,730.115,492.907,D3
180,7,278.344,683.952,O9
180,8,679.882,520.619,O6
180,10,994.569,291.442,D1
181,1,1084.989,349.872,O11
181,2,571.895,437.553,D5
181,5,717.230,476.834,D3
181,7,275.327,678.568,O9
181,8,670.297,509.164,O6
181,10,990.847,295.576,D1
182,1,1085.277,350.489,O11
182,2,571.102,438.524,D5
182,5,709.141,455.765,D3
182,7,273.327,676.890,O9
182,8,666.086,503.384,O6
182,10,987.690,295.207,D1
183,1,1084.437,349.859,O11
183,2,569.606,441.189,D5
183,5,700.711,441.892,D3
183,7,272.674,678.188,O9
183,8,660.314,498.423,O6
183,10,984.626,301.126,D1
184,1,1082.558,346.617,O11
184,2,560.187,444.463,D5
184,5,692.227,435.851,D3
184,7,271.790,678.972,O9
184,8,651.168,499.849,O6
184,10,981.108,300.335,D1
185,1,1080.013,343.627,O11
185,2,549.370,448.855,D5
185,5,682.630,425.756,D3
185,7,272.286,679.337,O9
185,8,645.629,504.922,O6
185,10,977.992,298.167,D1
186,1,1077.445,339.507,O11
186,2,543.007,454.839,D5
186,5,672.954,412.838,D3
186,7,271.593,678.145,O9
186,8,641.390,507.381,O6
186,10,975.655,295.240,D1
187,1,1073.565,339.483,O11
187,2,536.943,463.642,D5
187,5,664.340,409.253,D3
187,7,271.261,676.204,O9
187,8,635.574,512.988,O6
187,10,973.012,296.750,D1
188,1,1069.730,337.706,O11
188,2,534.234,472.975,D5
188,5,655.979,397.339,D3
188,7,270.676,672.425,O9
188,8,625.363,508.968,O6
188,10,970.946,296.371,D1
189,1,1066.418,338.483,O11
189,2,529.848,476.942,D5
189,5,652.625,397.954,D3
189,7,270.494,671.146,O9
189,8,616.021,501.848,O6
189,10,968.363,290.943,D1
190,1,1064.129,337.959,O11
190,2,525.282,480.767,D5
190,5,649.279,412.839,D3
190,7,272.503,667.150,O9
190,8,608.965,500.832,O6
190,10,965.448,280.035,D1
191,1,1062.194,338.819,O11
191,2,518.968,481.695,D5
191,5,644.832,421.954,D3
191,7,272.175,665.885,O9
191,8,602.590,492.440,O6
191,10,963.878,277.029,D1
192,1,1059.987,342.824,O11
192,2,511.748,478.824,D5
192,5,639.402,423.220,D3
192,7,271.848,667.319,O9
192,8,592.942,486.783,O6
192,10,963.318,277.398,D1
193,1,1059.231,344.318,O11
193,2,506.822,477.988,D5
193,5,637.220,417.688,D3
193,7,269.458,666.631,O9
193,8,579.961,473.485,O6
193,10,962.567,274.208,D1
194,1,1058.405,344.987,O11
194,2,503.912,479.753,D5
194,5,632.856,407.907,D3
194,7,266.807,665.071,O9
194,8,573.865,470.783,O6
194,10,961.111,277.959,D1
195,1,1058.260,344.104,O11
195,2,493.456,473.799,D5
195,5,627.460,399.594,D3
195,7,266.810,667.792,O9
195,8,568.933,464.403,O6
195,10,957.582,275.209,D1
196,1,1057.639,343.933,O11
196,2,485.796,480.075,D5
196,5,622.440,392.846,D3
196,7,267.025,670.509,O9
196,8,565.406,461.483,O6
196,10,954.363,273.420,D1
197,1,1056.865,343.857,O11
197,2,482.754,493.155,D5
197,5,620.610,398.931,D3
197,7,268.321,671.370,O9
197,8,559.144,461.300,O6
197,10,951.322,271.834,D1
198,1,1056.592,343.898,O11
198,2,478.600,503.305,D5
198,5,613.431,383.243,D3
198,7,268.889,670.073,O9
198,8,554.564,465.888,O6
198,10,948.337,274.002,D1
199,1,1055.309,345.135,O11
199,2,473.046,508.677,D5
199,5,608.549,384.234,D3
199,7,270.560,669.480,O9
199,8,547.439,453.571,O6
199,10,946.784,273.789,D1
200,1,1053.805,343.618,O11
200,2,463.510,506.846,D5
200,5,600.289,367.061,D3
200,7,275.762,668.577,O9
200,8,537.296,432.498,O6
200,10,945.724,273.816,D1
201,1,1051.341,344.482,O11
201,2,452.849,508.128,D5
201,5,596.198,367.742,D3
201,7,281.577,666.146,O9
201,8,526.483,410.803,O6
201,10,945.439,275.112,D1
202,1,1049.255,345.909,O11
202,2,445.393,513.751,D5
202,5,589.736,364.338,D3
202,7,287.356,664.642,O9
202,8,515.372,396.167,O6
202,10,944.819,276.741,D1
203,1,1048.030,344.470,O11
203,2,439.229,517.287,D5
203,5,587.621,361.097,D3
203,7,291.078,665.598,O9
203,8,508.999,393.687,O6
203,10,944.032,279.874,D1
204,1,1046.951,345.035,O11
204,2,433.770,524.655,D5
204,5,584.830,358.068,D3
204,7,289.868,666.308,O9
204,8,504.887,399.863,O6
204,10,942.482,281.220,D1
205,1,1045.283,347.590,O11
205,2,429.540,536.130,D5
205,5,583.182,359.621,D3
205,7,286.712,665.345,O9
205,8,506.649,409.626,O6
205,10,941.948,278.287,D1
206,1,1044.216,346.463,O11
206,2,425.966,544.364,D5
206,5,581.305,359.421,D3
206,7,283.795,665.270,O9
206,8,504.976,414.940,O6
206,10,941.178,277.256,D1
207,1,1041.399,347.474,O11
207,2,422.009,547.700,D5
207,5,580.365,360.666,D3
207,7,284.050,665.030,O9
207,8,499.446,409.342,O6
207,10,940.270,275.828,D1
208,1,1038.580,349.150,O11
208,2,415.274,549.602,D5
208,5,580.257,364.593,D3
208,7,283.866,664.983,O9
208,8,494.685,403.439,O6
208,10,940.009,275.266,D1
209,1,1035.960,345.657,O11
209,2,409.990,548.645,D5
209,5,580.818,368.204,D3
209,7,285.229,663.082,O9
209,8,487.556,392.221,O6
209,10,939.967,274.986,D1
210,1,1033.720,346.774,O11
210,2,412.107,547.689,D5
210,5,579.890,366.646,D3
210,7,283.684,657.989,O9
210,8,483.287,388.561,O6
210,10,939.357,276.276,D1
211,1,1032.295,347.318,O11
211,2,410.087,547.629,D5
211,5,579.861,367.224,D3
211,7,284.652,655.775,O9
211,8,478.013,382.418,O6
211,10,939.167,277.972,D1
212,1,1030.708,345.454,O11
212,2,405.972,547.897,D5
212,5,579.559,368.515,D3
212,7,279.943,647.584,O9
212,8,473.776,378.276,O6
212,10,938.490,278.593,D1
213,1,1029.522,345.915,O11
213,2,401.225,550.262,D5
213,5,580.707,374.453,D3
213,7,276.287,637.821,O9
213,8,469.714,369.543,O6
213,10,937.651,278.952,D1
214,1,1028.597,344.045,O11
214,2,396.947,556.914,D5
214,5,582.832,387.258,D3
214,7,266.285,609.798,O9
214,8,465.029,358.891,O6
214,10,936.727,279.193,D1
215,1,1027.693,343.508,O11
215,2,385.640,568.078,D5
215,5,582.002,387.088,D3
215,7,262.892,598.799,O9
215,8,462.885,355.234,O6
215,10,935.767,278.269,D1
216,1,1026.810,344.500,O11
216,2,383.448,577.255,D5
216,5,583.475,392.151,D3
216,7,264.560,596.076,O9
216,8,459.282,345.405,O6
216,10,936.061,279.058,D1
217,1,1024.787,344.105,O11
217,2,387.307,585.355,D5
217,5,586.068,403.292,D3
217,7,268.158,596.580,O9
217,8,453.739,333.119,O6
217,10,936.173,277.036,D1
218,1,1024.689,342.826,O11
218,2,386.915,600.979,D5
218,5,587.111,407.512,D3
218,7,272.105,600.147,O9
218,8,449.343,324.401,O6
218,10,935.686,278.749,D1
219,1,1016.472,338.174,O11
219,2,387.373,618.521,D5
219,5,583.093,393.856,D3
219,7,274.012,605.129,O9
219,8,449.502,319.977,O6
219,10,936.123,279.205,D1
220,1,1015.980,328.401,O11
220,2,389.489,627.915,D5
220,5,584.189,400.811,D3
220,7,277.987,612.012,O9
220,8,448.134,315.116,O6
220,10,937.549,281.512,D1
221,1,1010.502,319.998,O11
221,2,386.800,629.959,D5
221,5,584.072,406.553,D3
221,7,283.251,619.405,O9
221,8,446.801,310.006,O6
221,10,939.374,287.832,D1
222,1,1006.752,314.104,O11
222,2,382.303,631.201,D5
222,5,583.128,410.196,D3
222,7,299.047,646.317,O9
222,8,444.916,305.276,O6
222,10,942.464,287.888,D1
223,1,1005.030,307.016,O11
223,2,378.162,634.757,D5
223,5,579.610,405.085,D3
223,7,306.187,655.410,O9
223,8,444.897,303.022,O6
223,10,946.733,286.816,D1
224,1,1003.837,305.116,O11
224,2,374.724,636.578,D5
224,5,571.395,383.151,D3
224,7,307.920,659.249,O9
224,8,443.193,295.981,O6
224,10,947.206,287.132,D1
225,1,1004.320,299.593,O11
225,2,374.614,636.708,D5
225,5,568.422,380.814,D3
225,7,310.235,663.425,O9
225,8,442.581,290.792,O6
225,10,943.629,285.137,D1
226,1,1003.237,298.165,O11
226,2,376.014,638.350,D5
226,5,567.133,384.739,D3
226,7,313.436,668.090,O9
226,8,440.827,281.047,O6
226,10,942.142,283.549,D1
227,1,1001.167,294.146,O11
227,2,378.305,638.149,D5
227,5,565.426,382.684,D3
227,7,313.255,667.749,O9
227,8,440.819,271.895,O6
227,10,946.954,283.997,D1
228,1,999.208,291.110,O11
228,2,380.069,641.479,D5
228,5,563.938,378.148,D3
228,7,311.240,664.717,O9
228,8,440.522,257.778,O6
228,10,950.422,284.360,D1
229,1,997.908,288.780,O11
229,2,381.368,647.262,D5
229,5,561.305,369.824,D3
229,7,306.766,660.436,O9
229,8,444.565,253.170,O6
229,10,952.932,282.877,D1
230,1,997.449,289.308,O11
230,2,382.131,655.917,D5
230,5,559.920,364.652,D3
230,7,302.985,659.186,O9
230,8,446.822,246.596,O6
230,10,951.415,276.984,D1
231,1,996.144,287.485,O11
231,2,384.308,661.993,D5
231,5,558.479,358.371,D3
231,7,301.033,658.745,O9
231,8,447.651,233.882,O6
231,10,951.398,280.465,D1
232,1,994.394,287.029,O11
232,2,386.256,668.722,D5
232,5,557.896,356.004,D3
232,7,300.191,658.440,O9
232,8,449.648,227.756,O6
232,10,950.672,281.816,D1
233,1,991.456,284.981,O11
233,2,385.359,668.128,D5
233,5,557.194,349.652,D3
233,7,296.719,657.158,O9
233,8,452.598,225.521,O6
233,10,950.417,281.129,D1
234,1,988.077,280.238,O11
234,2,386.281,669.224,D5
234,5,557.515,346.283,D3
234,7,289.328,660.928,O9
234,8,455.886,222.140,O6
234,10,950.340,277.586,D1
235,1,982.364,287.279,O11
235,2,386.607,671.126,D5
235,5,559.455,344.843,D3
235,7,282.678,664.563,O9
235,8,451.353,207.422,O6
235,10,949.580,279.776,D1
236,1,983.771,287.966,O11
236,2,386.651,669.893,D5
236,5,561.608,347.389,D3
236,7,278.602,664.266,O9
236,8,448.205,193.780,O6
236,10,950.024,284.806,D1
237,1,985.080,286.415,O11
237,2,387.826,671.022,D5
237,5,564.711,353.065,D3
237,7,275.380,664.660,O9
237,8,448.863,190.578,O6
237,10,948.853,285.109,D1
238,1,985.647,286.612,O11
238,2,388.071,669.507,D5
238,5,567.278,355.801,D3
238,7,270.444,665.062,O9
238,8,452.461,185.977,O6
238,10,947.728,284.915,D1
239,1,986.564,287.039,O11
239,2,389.840,668.853,D5
239,5,566.839,347.327,D3
239,7,265.230,665.912,O9
239,8,457.714,191.285,O6
239,10,945.363,279.728,D1
240,1,985.838,284.635,O11
240,2,390.341,666.591,D5
240,5,564.913,335.847,D3
240,7,261.605,667.808,O9
240,8,464.897,182.635,O6
240,10,942.557,269.391,D1
241,1,985.500,284.274,O11
241,2,392.192,667.445,D5
241,5,564.560,336.726,D3
241,7,255.102,669.658,O9
241,8,474.302,180.636,O6
241,10,939.580,268.652,D1
242,1,983.626,284.193,O11
242,2,393.886,667.380,D5
242,5,563.840,331.186,D3
242,7,249.279,667.339,O9
242,8,483.227,183.179,O6
242,10,935.993,259.013,D1
243,1,981.774,284.339,O11
243,2,395.571,667.136,D5
243,5,562.488,327.012,D3
243,7,244.555,668.451,O9
243,8,487.936,178.583,O6
243,10,928.465,246.707,D1
244,1,977.961,286.061,O11
244,2,397.211,668.434,D5
244,5,560.944,321.008,D3
244,7,237.280,669.638,O9
244,8,490.838,176.796,O6
244,10,922.856,240.162,D1
245,1,975.954,288.000,O11
245,2,398.367,668.826,D5
245,5,559.535,317.823,D3
245,7,229.594,670.828,O9
245,8,494.957,174.548,O6
245,10,921.181,234.150,D1
246,1,973.423,286.735,O11
246,2,399.868,670.393,D5
246,5,561.289,321.141,D3
246,7,221.069,668.799,O9
246,8,500.778,171.793,O6
246,10,919.883,228.426,D1
247,1,971.238,286.443,O11
247,2,400.310,669.302,D5
247,5,562.440,318.866,D3
247,7,209.936,660.763,O9
247,8,502.740,164.014,O6
247,10,915.622,224.545,D1
248,1,971.613,286.233,O11
248,2,400.950,668.813,D5
248,5,564.249,315.617,D3
248,7,199.310,653.641,O9
248,8,507.897,166.150,O6
248,10,910.543,213.808,D1
249,1,970.601,290.969,O11
249,2,401.627,666.909,D5
249,5,569.135,322.152,D3
249,7,190.457,649.930,O9
249,8,513.738,166.477,O6
249,10,907.371,210.252,D1
250,1,968.431,293.002,O11
250,2,403.920,665.853,D5
250,5,571.340,317.515,D3
250,7,182.295,647.589,O9
250,8,520.327,161.922,O6
250,10,910.501,214.847,D1
251,1,965.826,294.026,O11
251,2,407.976,665.030,D5
251,5,570.921,306.533,D3
251,7,177.289,647.164,O9
251,8,530.156,168.907,O6
251,10,911.522,215.504,D1
252,1,964.891,294.190,O11
252,2,414.811,663.749,D5
252,5,571.389,302.165,D3
252,7,172.404,647.336,O9
252,8,534.860,167.090,O6
252,10,905.799,219.087,D1
253,1,963.336,294.344,O11
253,2,421.993,662.545,D5
253,5,574.137,297.760,D3
253,7,166.696,646.277,O9
253,8,538.010,143.876,O6
253,10,904.223,220.378,D1
254,1,960.893,291.490,O11
254,2,429.310,663.203,D5
254,5,576.980,292.596,D3
254,7,162.619,646.446,O9
254,8,550.987,150.731,O6
254,10,899.211,228.016,D1
255,1,956.985,290.636,O11
255,2,434.502,664.544,D5
255,5,580.348,289.010,D3
255,7,157.461,643.501,O9
255,8,560.100,155.120,O6
255,10,896.277,233.322,D1
256,1,953.705,289.739,O11
256,2,438.424,663.326,D5
256,5,587.026,284.812,D3
256,7,154.873,640.963,O9
256,8,568.245,164.709,O6
256,10,893.279,233.522,D1
257,1,950.606,286.164,O11
257,2,442.304,662.421,D5
257,5,590.003,279.544,D3
257,7,151.111,638.703,O9
257,8,567.848,134.225,O6
257,10,892.622,241.872,D1
258,1,948.898,285.025,O11
258,2,445.223,660.335,D5
258,5,592.348,281.296,D3
258,7,147.881,638.333,O9
258,8,574.464,144.250,O6
258,10,889.848,245.545,D1
259,1,947.089,282.167,O11
259,2,447.191,659.163,D5
259,5,595.512,280.169,D3
259,7,143.774,636.641,O9
259,8,578.987,137.472,O6
259,10,896.327,249.043,D1
260,1,946.485,280.288,O11
260,2,448.351,658.886,D5
260,5,595.843,276.649,D3
260,7,138.388,635.149,O9
260,8,579.862,128.414,O6
260,10,895.320,247.680,D1
261,1,941.749,279.045,O11
261,2,449.709,658.598,D5
261,5,598.798,283.491,D3
261,7,133.543,633.256,O9
261,8,587.306,145.223,O6
261,10,884.241,241.488,D1
262,1,936.848,278.030,O11
262,2,450.616,656.834,D5
262,5,600.892,284.808,D3
262,7,129.780,632.917,O9
262,8,594.701,154.896,O6
262,10,877.017,223.719,D1
263,1,936.487,274.014,O11
263,2,451.367,657.760,D5
263,5,602.848,285.248,D3
263,7,127.556,633.024,O9
263,8,602.548,164.727,O6
263,10,872.331,228.411,D1
264,1,939.369,274.396,O11
264,2,452.078,656.441,D5
264,5,602.880,285.569,D3
264,7,126.167,631.448,O9
264,8,610.297,156.713,O6
264,10,869.275,227.871,D1
265,1,940.412,267.608,O11
265,2,452.787,654.265,D5
265,5,604.771,285.422,D3
265,7,126.521,634.339,O9
265,8,618.281,144.452,O6
265,10,869.332,223.839,D1
266,1,940.846,273.418,O11
266,2,455.040,649.959,D5
266,5,604.766,285.586,D3
266,7,124.812,634.036,O9
266,8,626.730,144.673,O6
266,10,868.888,223.738,D1
267,1,941.127,282.587,O11
267,2,455.844,643.393,D5
267,5,605.782,284.296,D3
267,7,123.014,635.876,O9
267,8,639.109,168.245,O6
267,10,870.772,224.680,D1
268,1,943.147,284.460,O11
268,2,456.598,635.870,D5
268,5,605.674,284.989,D3
268,7,121.373,636.745,O9
268,8,644.788,171.176,O6
268,10,871.357,221.253,D1
269,1,945.146,286.098,O11
269,2,460.004,632.577,D5
269,5,604.888,285.378,D3
269,7,120.823,637.061,O9
269,8,650.167,181.075,O6
269,10,871.357,227.449,D1
270,1,947.836,288.710,O11
270,2,463.576,624.378,D5
270,5,602.162,276.226,D3
270,7,119.905,635.580,O9
270,8,652.624,167.152,O6
270,10,870.837,229.878,D1
271,1,950.706,285.865,O11
271,2,468.644,620.824,D5
271,5,599.318,270.556,D3
271,7,118.775,633.416,O9
271,8,656.182,162.545,O6
271,10,871.266,229.455,D1
272,1,952.380,284.585,O11
272,2,471.881,617.641,D5
272,5,597.294,263.561,D3
272,7,116.610,629.252,O9
272,8,660.504,168.480,O6
272,10,872.877,231.423,D1
273,1,953.606,285.357,O11
273,2,475.769,612.847,D5
273,5,596.720,258.668,D3
273,7,113.217,622.863,O9
273,8,662.533,180.144,O6
273,10,873.720,223.823,D1
274,1,955.331,282.624,O11
274,2,481.312,608.441,D5
274,5,593.814,249.237,D3
274,7,109.306,613.212,O9
274,8,661.741,176.099,O6
274,10,875.944,217.553,D1
275,1,958.278,279.702,O11
275,2,486.005,603.584,D5
275,5,589.869,241.853,D3
275,7,109.099,609.990,O9
275,8,660.763,172.637,O6
275,10,879.936,214.241,D1
276,1,965.699,275.953,O11
276,2,489.920,601.161,D5
276,5,587.273,236.261,D3
276,7,111.223,608.191,O9
276,8,663.012,179.594,O6
276,10,883.618,212.119,D1
277,1,974.722,270.837,O11
277,2,493.512,600.483,D5
277,5,583.948,239.098,D3
277,7,116.536,607.354,O9
277,8,668.426,180.782,O6
277,10,885.534,210.624,D1
278,1,984.011,265.508,O11
278,2,494.934,598.437,D5
278,5,582.692,240.112,D3
278,7,121.763,606.508,O9
278,8,673.195,181.826,O6
278,10,887.376,203.520,D1
279,1,991.738,262.760,O11
279,2,495.299,594.343,D5
279,5,582.673,240.571,D3
279,7,125.838,606.035,O9
279,8,674.740,182.160,O6
279,10,888.693,204.455,D1
280,1,999.566,262.304,O11
280,2,497.385,592.636,D5
280,5,582.695,240.966,D3
280,7,130.573,605.445,O9
280,8,674.186,175.908,O6
280,10,890.572,207.365,D1
281,1,1006.940,260.420,O11
281,2,497.773,590.469,D5
281,5,582.921,241.216,D3
281,7,133.885,603.306,O9
281,8,675.018,175.993,O6
281,10,892.245,214.670,D1
282,1,1013.887,260.122,O11
282,2,499.911,585.883,D5
282,5,583.180,242.570,D3
282,7,137.194,602.209,O9
282,8,676.524,181.028,O6
282,10,893.406,217.290,D1
283,1,1020.658,262.703,O11
283,2,503.288,583.796,D5
283,5,583.015,241.714,D3
283,7,139.536,601.641,O9
283,8,677.815,183.930,O6
283,10,894.307,214.250,D1
284,1,1026.655,267.882,O11
284,2,508.302,584.424,D5
284,5,582.349,237.912,D3
284,7,142.691,601.262,O9
284,8,678.084,183.800,O6
284,10,895.912,211.740,D1
285,1,1032.064,279.619,O11
285,2,512.826,582.504,D5
285,5,582.061,236.413,D3
285,7,145.934,600.746,O9
285,8,677.113,177.116,O6
285,10,897.277,196.644,D1
286,1,1036.818,287.030,O11
286,2,516.344,583.389,D5
286,5,582.798,237.045,D3
286,7,149.000,600.380,O9
286,8,675.533,172.042,O6
286,10,899.830,195.835,D1
287,1,1039.532,294.221,O11
287,2,518.673,581.928,D5
287,5,581.636,236.419,D3
287,7,152.186,601.877,O9
287,8,675.135,171.500,O6
287,10,904.963,226.523,D1
288,1,1042.799,298.740,O11
288,2,522.507,577.479,D5
288,5,580.764,233.687,D3
288,7,154.048,598.639,O9
288,8,673.753,167.425,O6
288,10,908.198,238.596,D1
289,1,1045.668,300.044,O11
289,2,528.584,578.767,D5
289,5,581.318,233.948,D3
289,7,157.689,597.060,O9
289,8,672.860,168.677,O6
289,10,910.672,245.446,D1
290,1,1051.392,299.671,O11
290,2,534.358,580.488,D5
290,5,582.366,235.137,D3
290,7,162.233,595.944,O9
290,8,671.973,170.560,O6
290,10,913.897,242.773,D1
291,1,1056.489,299.041,O11
291,2,538.233,577.538,D5
291,5,582.823,235.813,D3
291,7,168.744,594.992,O9
291,8,669.887,173.011,O6
291,10,918.284,240.057,D1
292,1,1061.711,294.507,O11
292,2,541.634,577.772,D5
292,5,583.003,235.843,D3
292,7,175.621,592.054,O9
292,8,668.202,172.483,O6
292,10,921.774,235.999,D1
293,1,1064.357,292.782,O11
293,2,543.007,574.470,D5
293,5,584.316,232.008,D3
293,7,185.637,588.156,O9
293,8,664.918,172.826,O6
293,10,926.282,237.641,D1
294,1,1067.195,292.890,O11
294,2,545.038,572.946,D5
294,5,584.183,230.592,D3
294,7,195.503,582.096,O9
294,8,661.731,173.124,O6
294,10,930.550,241.292,D1
295,1,1069.338,289.373,O11
295,2,545.797,570.691,D5
295,5,586.324,223.378,D3
295,7,208.615,582.086,O9
295,8,660.209,176.029,O6
295,10,934.635,243.549,D1
296,1,1070.562,290.276,O11
296,2,546.020,568.110,D5
296,5,588.634,221.758,D3
296,7,217.605,579.734,O9
296,8,658.908,177.275,O6
296,10,939.948,246.154,D1
297,1,1071.416,291.736,O11
297,2,547.135,565.312,D5
297,5,593.134,225.911,D3
297,7,223.855,576.659,O9
297,8,657.749,177.899,O6
297,10,944.988,241.898,D1
298,1,1071.290,297.973,O11
298,2,547.868,557.064,D5
298,5,597.509,230.921,D3
298,7,230.231,576.765,O9
298,8,657.536,179.369,O6
298,10,951.994,241.799,D1
299,1,1070.495,300.412,O11
299,2,549.911,550.155,D5
299,5,603.813,239.794,D3
299,7,238.726,579.667,O9
299,8,657.060,177.403,O6
299,10,957.529,243.749,D1
300,1,1070.773,299.997,O11
300,2,553.177,541.761,D5
300,5,608.573,241.493,D3
300,7,244.296,580.422,O9
300,8,654.507,174.240,O6
300,10,962.680,246.286,D1
301,1,1070.486,304.393,O11
301,2,557.718,538.214,D5
301,5,612.560,251.800,D3
301,7,249.856,578.411,O9
301,8,651.411,181.427,O6
301,10,966.441,248.136,D1
302,1,1070.058,302.494,O11
302,2,559.991,533.145,D5
302,5,615.220,259.050,D3
302,7,258.077,578.551,O9
302,8,644.801,184.839,O6
302,10,969.037,249.647,D1
303,1,1070.153,303.996,O11
303,2,562.838,525.521,D5
303,5,617.694,259.097,D3
303,7,261.564,574.856,O9
303,8,635.866,181.787,O6
303,10,971.767,253.529,D1
304,1,1068.865,313.723,O11
304,2,566.191,515.881,D5
304,5,618.958,254.088,D3
304,7,264.268,571.431,O9
304,8,629.088,175.863,O6
304,10,975.719,262.830,D1
305,1,1067.566,309.579,O11
305,2,570.397,512.935,D5
305,5,620.419,254.401,D3
305,7,266.863,566.150,O9
305,8,622.193,167.477,O6
305,10,979.571,268.157,D1
306,1,1064.233,304.947,O11
306,2,574.674,511.545,D5
306,5,622.576,256.643,D3
306,7,270.689,561.880,O9
306,8,622.700,193.306,O6
306,10,980.267,265.357,D1
307,1,1060.092,304.740,O11
307,2,577.214,510.111,D5
307,5,626.339,259.500,D3
307,7,274.501,561.931,O9
307,8,618.487,186.314,O6
307,10,980.992,262.939,D1
308,1,1057.770,305.829,O11
308,2,579.195,509.565,D5
308,5,625.527,244.663,D3
308,7,280.606,561.310,O9
308,8,616.985,186.540,O6
308,10,979.832,263.322,D1
309,1,1055.014,306.610,O11
309,2,580.067,510.479,D5
309,5,624.225,237.903,D3
309,7,289.328,560.179,O9
309,8,610.602,187.499,O6
309,10,977.288,276.696,D1
310,1,1053.384,306.827,O11
310,2,581.328,507.870,D5
310,5,625.390,248.844,D3
310,7,295.643,557.448,O9
310,8,604.971,188.345,O6
310,10,973.922,278.310,D1
311,1,1052.212,308.216,O11
311,2,582.375,505.093,D5
311,5,627.503,251.554,D3
311,7,301.554,554.118,O9
311,8,600.582,178.429,O6
311,10,971.914,275.549,D1
312,1,1050.668,307.651,O11
312,2,584.356,503.841,D5
312,5,627.768,249.975,D3
312,7,310.590,553.743,O9
312,8,597.859,183.569,O6
312,10,971.127,270.745,D1
313,1,1046.994,309.112,O11
313,2,587.379,501.278,D5
313,5,630.183,255.395,D3
313,7,322.360,554.397,O9
313,8,594.699,184.615,O6
313,10,973.116,282.666,D1
314,1,1043.647,307.673,O11
314,2,589.898,496.352,D5
314,5,632.362,257.156,D3
314,7,330.339,554.111,O9
314,8,591.349,179.938,O6
314,10,973.882,289.203,D1
315,1,1036.595,306.828,O11
315,2,594.251,491.175,D5
315,5,634.452,253.838,D3
315,7,339.934,562.477,O9
315,8,586.565,173.264,O6
315,10,974.178,286.982,D1
316,1,1029.970,305.967,O11
316,2,599.441,489.741,D5
316,5,636.459,252.338,D3
316,7,352.092,582.503,O9
316,8,583.995,169.568,O6
316,10,974.214,294.004,D1
317,1,1029.141,299.736,O11
317,2,603.612,492.787,D5
317,5,637.113,251.654,D3
317,7,359.068,591.178,O9
317,8,580.028,158.960,O6
317,10,971.813,290.048,D1
318,1,1019.974,294.269,O11
318,2,607.360,493.812,D5
318,5,639.263,251.249,D3
318,7,366.705,600.733,O9
318,8,578.321,171.795,O6
318,10,970.854,286.218,D1
319,1,1012.168,295.249,O11
319,2,611.723,494.809,D5
319,5,641.123,249.713,D3
319,7,373.962,612.155,O9
319,8,574.858,175.725,O6
319,10,966.858,264.253,D1
320,1,1003.700,296.429,O11
320,2,614.340,495.092,D5
320,5,643.489,247.568,D3
320,7,380.411,622.570,O9
320,8,569.702,160.084,O6
320,10,960.865,256.373,D1
321,1,998.201,293.851,O11
321,2,610.796,462.701,D5
321,5,647.440,249.999,D3
321,7,386.862,627.441,O9
321,8,566.151,159.877,O6
321,10,954.080,246.950,D1
322,1,990.493,297.224,O11
322,2,613.273,479.102,D5
322,5,649.719,252.086,D3
322,7,397.308,629.626,O9
322,8,565.277,165.371,O6
322,10,955.969,250.230,D1
323,1,986.543,303.085,O11
323,2,610.907,460.516,D5
323,5,650.796,250.279,D3
323,7,409.087,639.077,O9
323,8,555.027,182.499,O6
323,10,953.605,250.662,D1
324,1,982.113,303.565,O11
324,2,620.163,478.003,D5
324,5,652.151,251.917,D3
324,7,421.345,657.587,O9
324,8,554.377,197.708,O6
324,10,950.829,254.784,D1
325,1,980.250,294.711,O11
325,2,623.763,479.531,D5
325,5,652.809,253.684,D3
325,7,432.980,674.280,O9
325,8,547.128,197.843,O6
325,10,945.404,258.170,D1
326,1,976.925,324.229,O11
326,2,625.591,474.418,D5
326,5,653.803,255.563,D3
326,7,441.690,685.966,O9
326,8,542.030,190.218,O6
326,10,937.630,259.300,D1
327,1,970.546,343.151,O11
327,2,625.847,461.715,D5
327,5,653.951,255.014,D3
327,7,450.263,698.462,O9
327,8,542.371,188.239,O6
327,10,934.128,258.600,D1
328,1,965.465,359.183,O11
328,2,628.345,460.612,D5
328,5,654.392,253.559,D3
328,7,458.649,709.697,O9
328,8,537.398,181.513,O6
328,10,927.025,256.996,D1
329,1,958.881,376.209,O11
329,2,630.387,451.179,D5
329,5,654.335,251.869,D3
329,7,469.375,724.387,O9
329,8,534.732,177.806,O6
329,10,919.751,249.970,D1
330,1,956.729,386.525,O11
330,2,634.153,454.316,D5
330,5,652.769,250.180,D3
330,7,479.022,731.684,O9
330,8,535.431,180.350,O6
330,10,915.240,246.413,D1
331,1,953.162,387.627,O11
331,2,637.606,454.258,D5
331,5,651.979,248.286,D3
331,7,487.766,734.788,O9
331,8,536.398,183.908,O6
331,10,914.417,237.669,D1
332,1,950.733,387.893,O11
332,2,640.496,454.080,D5
332,5,650.956,243.899,D3
332,7,496.565,737.698,O9
332,8,537.922,187.762,O6
332,10,913.395,232.111,D1
333,1,947.649,391.110,O11
333,2,642.169,453.991,D5
333,5,651.397,243.355,D3
333,7,504.470,736.316,O9
333,8,540.541,188.846,O6
333,10,909.908,233.015,D1
334,1,946.022,391.165,O11
334,2,644.237,455.816,D5
334,5,652.213,243.093,D3
334,7,514.105,743.170,O9
334,8,541.786,186.547,O6
334,10,906.091,232.680,D1
335,1,944.482,395.200,O11
335,2,647.388,457.164,D5
335,5,652.967,241.630,D3
335,7,523.054,750.319,O9
335,8,540.170,175.126,O6
335,10,905.056,238.683,D1
336,1,938.760,357.576,O11
336,2,651.774,453.273,D5
336,5,654.332,239.735,D3
336,7,533.762,761.469,O9
336,8,540.056,169.353,O6
336,10,900.077,236.779,D1
337,1,934.710,373.265,O11
337,2,657.502,444.907,D5
337,5,656.466,241.050,D3
337,7,544.257,768.409,O9
337,8,543.361,166.426,O6
337,10,899.519,270.899,D1
338,1,936.472,371.288,O11
338,2,664.907,441.371,D5
338,5,658.769,243.011,D3
338,7,554.015,779.554,O9
338,8,546.342,160.016,O6
338,10,896.767,282.581,D1
339,1,935.720,367.389,O11
339,2,674.236,443.169,D5
339,5,659.291,246.102,D3
339,7,564.638,791.583,O9
339,8,554.046,155.038,O6
339,10,899.169,304.452,D1
340,1,935.358,352.207,O11
340,2,682.689,445.152,D5
340,5,659.590,252.253,D3
340,7,574.330,796.413,O9
340,8,562.535,144.074,O6
340,10,898.782,310.522,D1
341,1,936.438,341.869,O11
341,2,689.067,445.542,D5
341,5,662.096,265.335,D3
341,7,583.812,797.131,O9
341,8,573.540,143.167,O6
341,10,896.280,314.201,D1
342,1,937.342,329.029,O11
342,2,694.204,442.105,D5
342,5,661.531,265.420,D3
342,7,594.341,798.587,O9
342,8,580.383,139.496,O6
342,10,893.820,324.292,D1
343,1,936.440,315.629,O11
343,2,700.590,444.320,D5
343,5,661.068,264.198,D3
343,7,606.748,808.012,O9
343,8,581.866,134.228,O6
343,10,888.790,317.727,D1
344,1,936.081,305.041,O11
344,2,706.846,444.568,D5
344,5,662.143,263.488,D3
344,7,618.749,819.065,O9
344,8,582.699,126.617,O6
344,10,884.785,321.883,D1
345,1,937.294,303.443,O11
345,2,712.719,445.320,D5
345,5,660.410,257.569,D3
345,7,630.969,830.584,O9
345,8,587.554,121.993,O6
345,10,881.770,313.753,D1
346,1,938.898,287.748,O11
346,2,717.534,443.961,D5
346,5,657.813,251.489,D3
346,7,646.770,836.559,O9
346,8,591.722,118.196,O6
346,10,880.457,319.138,D1
347,1,939.902,260.209,O11
347,2,721.581,439.791,D5
347,5,659.196,252.034,D3
347,7,660.305,842.640,O9
347,8,592.686,113.553,O6
347,10,875.272,310.107,D1
348,1,939.697,299.532,O11
348,2,725.608,436.378,D5
348,5,659.816,252.998,D3
348,7,672.223,851.726,O9
348,8,613.653,142.625,O6
348,10,873.139,315.134,D1
349,1,940.228,314.142,O11
349,2,730.628,427.579,D5
349,5,658.291,254.865,D3
349,7,681.691,858.861,O9
349,8,619.250,127.162,O6
349,10,871.936,319.270,D1
350,1,940.524,320.984,O11
350,2,737.410,421.479,D5
350,5,657.725,255.588,D3
350,7,689.520,861.825,O9
350,8,627.611,148.327,O6
350,10,871.158,323.026,D1
351,1,939.395,319.335,O11
351,2,745.512,416.238,D5
351,5,656.682,254.606,D3
351,7,701.599,858.913,O9
351,8,627.312,137.219,O6
351,10,870.947,323.057,D1
352,1,938.942,315.383,O11
352,2,753.760,408.451,D5
352,5,655.613,254.349,D3
352,7,710.935,854.424,O9
352,8,626.793,114.402,O6
352,10,869.722,324.291,D1
353,1,940.005,308.221,O11
353,2,759.933,404.098,D5
353,5,655.208,254.270,D3
353,7,719.930,851.744,O9
353,8,631.453,128.008,O6
353,10,868.074,324.885,D1
354,1,941.019,300.912,O11
354,2,765.091,397.935,D5
354,5,655.927,255.357,D3
354,7,727.347,851.151,O9
354,8,634.536,138.320,O6
354,10,866.534,329.605,D1
355,1,941.396,295.891,O11
355,2,769.986,397.330,D5
355,5,656.430,256.918,D3
355,7,733.584,853.772,O9
355,8,637.337,148.812,O6
355,10,867.245,329.998,D1
356,1,941.226,272.289,O11
356,2,775.644,395.674,D5
356,5,656.177,255.181,D3
356,7,738.502,856.603,O9
356,8,636.953,140.796,O6
356,10,867.546,330.177,D1
357,1,940.550,264.636,O11
357,2,780.685,395.846,D5
357,5,655.214,257.210,D3
357,7,744.655,861.592,O9
357,8,636.462,136.371,O6
357,10,868.034,324.716,D1
358,1,940.858,252.106,O11
358,2,783.034,395.734,D5
358,5,656.053,261.230,D3
358,7,752.538,865.834,O9
358,8,636.574,132.968,O6
358,10,867.272,314.766,D1
359,1,942.223,245.115,O11
359,2,785.526,396.725,D5
359,5,656.002,260.521,D3
359,7,759.391,865.672,O9
359,8,638.749,141.273,O6
359,10,864.998,296.610,D1
360,1,942.678,236.637,O11
360,2,786.876,391.854,D5
360,5,655.780,259.007,D3
360,7,766.903,861.305,O9
360,8,634.940,111.569,O6
360,10,863.168,282.691,D1
361,1,944.085,232.426,O11
361,2,789.242,380.374,D5
361,5,655.409,260.996,D3
361,7,776.025,858.624,O9
361,8,634.091,103.132,O6
361,10,860.380,262.407,D1
362,1,945.336,229.754,O11
362,2,793.674,375.540,D5
362,5,653.733,255.796,D3
362,7,785.949,857.719,O9
362,8,634.718,107.071,O6
362,10,857.198,249.002,D1
363,1,945.102,227.627,O11
363,2,796.981,360.426,D5
363,5,653.050,253.592,D3
363,7,794.276,856.549,O9
363,8,635.343,110.995,O6
363,10,855.096,239.165,D1
364,1,945.005,226.105,O11
364,2,800.352,345.856,D5
364,5,649.355,256.006,D3
364,7,800.068,853.444,O9
364,8,635.965,114.904,O6
364,10,853.884,238.605,D1
365,1,944.304,225.633,O11
365,2,802.990,344.649,D5
365,5,647.221,256.879,D3
365,7,803.818,855.335,O9
365,8,636.585,118.798,O6
365,10,854.637,235.799,D1
366,1,945.300,225.485,O11
366,2,806.296,344.036,D5
366,5,648.247,259.413,D3
366,7,807.081,862.579,O9
366,8,636.750,119.834,O6
366,10,854.940,222.479,D1
367,1,944.373,223.396,O11
367,2,810.373,342.542,D5
367,5,652.598,256.159,D3
367,7,809.689,868.461,O9
367,8,636.915,120.868,O6
367,10,855.005,228.006,D1
368,1,942.161,224.277,O11
368,2,814.451,344.040,D5
368,5,653.636,255.061,D3
368,7,811.892,871.549,O9
368,8,637.079,121.902,O6
368,10,853.689,227.926,D1
369,1,939.957,223.532,O11
369,2,817.090,345.574,D5
369,5,648.951,258.921,D3
369,7,813.265,872.437,O9
369,8,635.724,122.107,O6
369,10,852.815,232.956,D1
370,1,933.890,223.032,O11
370,2,818.671,340.743,D5
370,5,646.026,259.440,D3
370,7,815.809,870.173,O9
370,8,634.370,122.311,O6
370,10,851.751,233.970,D1
371,1,927.005,223.591,O11
371,2,818.650,308.483,D5
371,5,644.820,262.052,D3
371,7,818.886,870.001,O9
371,8,634.370,122.311,O6
371,10,850.014,232.131,D1
372,1,921.042,221.940,O11
372,2,821.604,320.325,D5
372,5,644.228,261.810,D3
372,7,820.978,868.618,O9
372,8,633.596,122.428,O6
372,10,849.462,232.766,D1
373,1,915.589,220.816,O11
373,2,824.334,323.382,D5
373,5,644.728,261.763,D3
373,7,824.312,868.852,O9
373,8,632.821,122.545,O6
373,10,849.159,230.847,D1
374,1,912.442,220.482,O11
374,2,827.082,324.335,D5
374,5,645.559,261.445,D3
374,7,826.150,868.743,O9
374,8,632.047,122.662,O6
374,10,848.704,223.858,D1
375,1,908.117,223.483,O11
375,2,829.127,323.604,D5
375,5,646.520,261.302,D3
375,7,826.553,868.724,O9
375,8,631.273,122.779,O6
375,10,847.897,221.521,D1
376,1,905.359,223.701,O11
376,2,830.991,322.142,D5
376,5,646.084,260.151,D3
376,7,826.554,868.711,O9
376,8,630.499,122.896,O6
376,10,846.941,219.621,D1
377,1,903.747,221.060,O11
377,2,832.219,321.304,D5
377,5,646.577,259.303,D3
377,7,826.406,868.505,O9
377,8,629.725,123.013,O6
377,10,845.755,215.024,D1
378,1,898.935,210.054,O11
378,2,835.172,323.362,D5
378,5,648.516,257.878,D3
378,7,826.328,869.702,O9
378,8,628.951,123.129,O6
378,10,850.028,229.360,D1
379,1,893.118,202.321,O11
379,2,834.254,322.919,D5
379,5,651.094,256.578,D3
379,7,826.050,868.808,O9
379,8,628.177,123.246,O6
379,10,848.451,221.243,D1
380,1,878.238,200.716,O11
380,2,840.145,323.682,D5
380,5,651.548,256.926,D3
380,7,825.893,868.780,O9
380,8,627.403,123.363,O6
380,10,848.848,189.935,D1
381,1,876.871,147.489,O11
381,2,842.078,321.053,D5
381,5,652.060,254.880,D3
381,7,825.725,868.361,O9
381,8,627.403,123.363,O6
381,10,846.452,155.053,D1
382,1,873.093,148.056,O11
382,2,841.021,296.450,D5
382,5,652.874,254.980,D3
382,7,825.671,869.732,O9
382,8,628.037,127.228,O6
382,10,842.975,128.317,D1
383,1,867.624,112.252,O11
383,2,839.961,276.804,D5
383,5,653.300,250.519,D3
383,7,825.230,869.933,O9
383,8,628.669,131.077,O6
383,10,836.694,101.266,D1
384,1,865.848,115.622,O11
384,2,840.312,274.369,D5
384,5,653.842,247.812,D3
384,7,824.978,870.133,O9
384,8,629.298,134.913,O6
384,10,832.988,73.057,D1
385,1,861.399,103.827,O11
385,2,845.630,253.167,D5
385,5,653.240,242.264,D3
385,7,824.816,870.320,O9
385,8,629.925,138.734,O6
385,10,827.610,50.942,D1
386,1,859.458,88.326,O11
386,2,849.568,238.288,D5
386,5,651.721,240.041,D3
386,7,824.754,870.228,O9
386,8,631.915,150.865,O6
386,10,823.247,51.603,D1
387,1,857.513,88.620,O11
387,2,849.595,226.843,D5
387,5,650.891,234.083,D3
387,7,824.647,870.130,O9
387,8,633.881,162.853,O6
387,10,818.783,38.954,D1
388,1,852.844,89.325,O11
388,2,844.664,212.481,D5
388,5,651.051,234.542,D3
388,7,824.186,870.208,O9
388,8,633.653,162.887,O6
388,10,818.158,35.691,D1
389,1,847.009,90.206,O11
389,2,845.655,206.756,D5
389,5,651.462,228.392,D3
389,7,824.013,870.194,O9
389,8,633.426,162.921,O6
389,10,815.639,22.539,D1
390,1,842.457,112.934,O11
390,2,843.391,194.066,D5
390,5,652.054,224.930,D3
390,7,823.902,870.273,O9
390,8,633.198,162.956,O6
390,10,813.628,22.844,D1
391,1,836.869,123.080,O11
391,2,844.484,190.647,D5
391,5,652.704,226.378,D3
391,7,823.866,870.379,O9
391,8,632.970,162.990,O6
391,10,813.226,22.905,D1
392,1,831.332,133.134,O11
392,2,847.448,211.444,D5
392,5,652.122,221.909,D3
392,7,823.837,870.358,O9
392,8,632.742,163.024,O6
392,10,813.197,39.801,D1
393,1,828.361,157.770,O11
393,2,847.648,226.355,D5
393,5,653.771,223.699,D3
393,7,823.360,870.337,O9
393,8,631.604,163.196,O6
393,10,816.901,75.489,D1
394,1,828.401,169.646,O11
394,2,853.333,231.331,D5
394,5,654.038,222.082,D3
394,7,823.200,870.373,O9
394,8,630.465,163.367,O6
394,10,820.738,90.986,D1
395,1,828.401,169.646,O11
395,2,856.587,252.616,D5
395,5,655.038,218.769,D3
395,7,822.688,870.420,O9
395,8,633.472,175.837,O6
395,10,820.437,103.718,D1
396,1,826.902,169.871,O11
396,2,859.635,283.662,D5
396,5,657.902,224.799,D3
396,7,822.504,870.371,O9
396,8,632.513,180.072,O6
396,10,817.342,104.185,D1
397,1,826.528,169.928,O11
397,2,860.766,297.574,D5
397,5,658.923,227.189,D3
397,7,822.409,870.384,O9
397,8,630.789,181.921,O6
397,10,815.407,104.477,D1
398,1,820.535,170.827,O11
398,2,862.244,300.212,D5
398,5,659.533,225.584,D3
398,7,821.924,870.478,O9
398,8,629.236,185.386,O6
398,10,812.311,104.944,D1
399,1,820.535,170.827,O11
399,2,864.691,300.568,D5
399,5,659.557,214.717,D3
399,7,821.798,870.433,O9
399,8,626.508,185.557,O6
399,10,808.442,105.528,D1
400,1,820.024,177.770,O11
400,2,866.886,302.628,D5
400,5,659.585,206.588,D3
400,7,821.297,870.441,O9
400,8,624.797,185.575,O6
400,10,808.442,105.528,D1
401,1,819.518,184.666,O11
401,2,867.494,301.025,D5
401,5,656.804,181.513,D3
401,7,820.960,869.366,O9
401,8,623.679,186.968,O6
401,10,798.771,106.987,D1
402,1,819.014,191.516,O11
402,2,868.810,297.873,D5
402,5,656.869,174.728,D3
402,7,820.435,869.062,O9
402,8,622.446,186.287,O6
402,10,788.329,108.563,D1
403,1,819.070,188.987,O11
403,2,865.629,286.662,D5
403,5,657.508,176.405,D3
403,7,820.357,870.057,O9
403,8,621.110,184.813,O6
403,10,782.142,109.496,D1
404,1,815.499,204.206,O11
404,2,864.352,284.634,D5
404,5,659.141,186.378,D3
404,7,819.768,869.358,O9
404,8,620.397,182.823,O6
404,10,777.116,110.254,D1
405,1,814.242,209.923,O11
405,2,865.125,283.866,D5
405,5,659.996,187.734,D3
405,7,819.660,870.320,O9
405,8,619.728,183.733,O6
405,10,776.730,110.313,D1
406,1,813.149,211.762,O11
406,2,866.232,275.007,D5
406,5,660.663,190.746,D3
406,7,819.300,871.757,O9
406,8,618.332,185.290,O6
406,10,774.204,110.631,D1
407,1,812.136,212.396,O11
407,2,870.158,279.502,D5
407,5,660.910,192.010,D3
407,7,818.623,871.274,O9
407,8,617.429,183.359,O6
407,10,767.906,70.456,D1
408,1,811.995,213.494,O11
408,2,873.048,283.132,D5
408,5,660.874,191.099,D3
408,7,817.999,871.048,O9
408,8,616.287,181.189,O6
408,10,762.095,56.656,D1
409,1,810.601,214.127,O11
409,2,874.565,282.253,D5
409,5,661.574,196.158,D3
409,7,817.728,871.048,O9
409,8,615.624,179.273,O6
409,10,758.581,59.577,D1
410,1,809.058,210.216,O11
410,2,874.959,280.414,D5
410,5,661.672,197.672,D3
410,7,816.138,869.962,O9
410,8,614.998,176.774,O6
410,10,756.895,70.089,D1
411,1,806.826,212.169,O11
411,2,875.748,280.402,D5
411,5,660.677,191.513,D3
411,7,813.436,870.270,O9
411,8,614.311,176.878,O6
411,10,758.027,97.328,D1
