0,1,1980.45,1315.58,135.0,371.92,1.0,-1,-1,-1
0,2,408.04,1323.0,137.02,369.9,1.0,-1,-1,-1
0,3,2408.4,1069.88,118.8,271.35,1.0,-1,-1,-1
0,4,1026.0,1065.83,79.65,240.3,1.0,-1,-1,-1
0,5,2238.3,1065.15,94.5,267.3,1.0,-1,-1,-1
0,7,1395.9,1090.8,94.5,237.6,1.0,-1,-1,-1
0,10,1954.8,1228.5,99.9,326.7,1.0,-1,-1,-1
1,1,1982.81,1315.58,137.35,371.92,1.0,-1,-1,-1
1,2,407.75,1323.03,137.62,369.9,1.0,-1,-1,-1
1,3,2408.42,1070.46,111.78,270.18,1.0,-1,-1,-1
1,4,1021.91,1065.26,79.65,240.3,1.0,-1,-1,-1
1,5,2238.31,1064.57,96.85,269.64,1.0,-1,-1,-1
1,7,1394.74,1090.81,92.16,239.94,0.99,-1,-1,-1
1,10,1958.33,1229.68,97.56,326.7,0.99,-1,-1,-1
2,1,1985.29,1314.01,137.75,372.45,0.99,-1,-1,-1
2,2,407.68,1323.02,137.19,369.9,1.0,-1,-1,-1
2,3,2409.48,1070.57,99.79,269.98,1.0,-1,-1,-1
2,4,1016.45,1064.62,82.81,242.41,1.0,-1,-1,-1
2,5,2239.35,1064.47,97.25,270.05,1.0,-1,-1,-1
2,7,1394.52,1090.81,91.76,240.35,1.0,-1,-1,-1
2,10,1958.92,1229.88,99.29,328.81,0.99,-1,-1,-1
3,1,1991.17,1312.47,135.78,374.68,1.0,-1,-1,-1
3,2,407.94,1323.01,137.04,369.9,1.0,-1,-1,-1
3,3,2410.89,1070.58,85.55,270.97,1.0,-1,-1,-1
3,4,1010.77,1065.97,85.82,245.12,1.0,-1,-1,-1
3,5,2239.68,1063.93,99.38,270.13,1.0,-1,-1,-1
3,7,1394.49,1088.75,91.68,242.48,0.99,-1,-1,-1
3,10,1960.07,1230.43,97.8,327.93,1.0,-1,-1,-1
4,1,2002.0,1311.53,129.11,376.86,1.0,-1,-1,-1
4,2,407.78,1323.01,137.5,369.9,1.0,-1,-1,-1
4,3,2409.01,1071.08,77.94,270.3,1.0,-1,-1,-1
4,4,1004.16,1067.91,90.65,245.95,1.0,-1,-1,-1
4,5,2240.75,1064.26,100.05,270.13,1.0,-1,-1,-1
4,7,1393.49,1087.59,91.68,244.14,1.0,-1,-1,-1
4,10,1961.4,1230.1,95.28,329.08,1.0,-1,-1,-1
5,1,2011.32,1311.73,124.94,376.11,1.0,-1,-1,-1
5,2,407.71,1323.0,137.66,369.9,1.0,-1,-1,-1
5,3,2403.17,1071.72,78.53,270.07,1.0,-1,-1,-1
5,4,988.98,1071.92,106.2,245.19,1.0,-1,-1,-1
5,5,2240.13,1063.9,102.13,271.07,1.0,-1,-1,-1
5,7,1392.19,1086.75,91.7,245.6,1.0,-1,-1,-1
5,10,1960.8,1229.49,94.47,330.9,1.0,-1,-1,-1
6,1,2017.05,1312.8,123.68,375.79,1.0,-1,-1,-1
6,2,407.69,1323.0,137.24,369.9,1.0,-1,-1,-1
6,3,2397.58,1071.47,78.82,270.0,1.0,-1,-1,-1
6,4,976.14,1075.18,118.74,245.81,1.0,-1,-1,-1
6,5,2239.9,1063.79,102.83,271.39,1.0,-1,-1,-1
6,7,1391.77,1086.03,91.71,246.06,1.0,-1,-1,-1
6,10,1961.51,1229.74,96.15,331.98,1.0,-1,-1,-1
7,1,2025.39,1312.29,119.56,375.64,1.0,-1,-1,-1
7,2,407.68,1323.02,137.55,369.9,1.0,-1,-1,-1
7,3,2391.97,1070.43,79.17,269.97,0.99,-1,-1,-1
7,4,966.87,1079.07,127.1,245.06,1.0,-1,-1,-1
7,5,2240.72,1063.75,103.03,270.56,1.0,-1,-1,-1
7,7,1390.71,1085.35,93.59,246.17,1.0,-1,-1,-1
7,10,1961.75,1229.84,96.76,332.34,0.99,-1,-1,-1
8,1,2028.93,1312.13,120.13,375.57,1.0,-1,-1,-1
8,2,407.64,1323.03,137.21,369.91,1.0,-1,-1,-1
8,3,2382.58,1069.6,83.27,271.82,0.99,-1,-1,-1
8,4,960.34,1082.25,132.0,245.67,1.0,-1,-1,-1
8,5,2241.0,1063.76,103.05,270.24,1.0,-1,-1,-1
8,7,1389.41,1084.23,96.1,248.0,1.0,-1,-1,-1
8,10,1961.78,1229.42,100.68,333.81,0.99,-1,-1,-1
9,1,2031.82,1313.89,122.27,373.68,0.99,-1,-1,-1
9,2,407.7,1324.4,137.54,369.44,1.0,-1,-1,-1
9,3,2372.11,1069.74,92.08,270.67,0.99,-1,-1,-1
9,4,958.92,1084.69,132.02,247.69,1.0,-1,-1,-1
9,5,2240.21,1063.75,103.02,270.11,1.0,-1,-1,-1
9,7,1388.1,1082.93,97.02,249.53,1.0,-1,-1,-1
9,10,1961.81,1230.16,105.71,332.49,1.0,-1,-1,-1
10,1,2034.47,1315.01,126.77,372.52,1.0,-1,-1,-1
10,2,407.71,1324.89,137.66,369.27,1.0,-1,-1,-1
10,3,2358.7,1069.34,105.85,271.14,1.0,-1,-1,-1
10,4,958.26,1086.39,130.85,251.13,1.0,-1,-1,-1
10,5,2239.89,1064.21,102.97,269.15,1.0,-1,-1,-1
10,7,1386.73,1082.03,99.14,251.86,1.0,-1,-1,-1
10,10,1961.8,1231.8,112.89,330.6,1.0,-1,-1,-1
11,1,2037.06,1314.98,137.43,372.54,1.0,-1,-1,-1
11,2,407.48,1325.07,138.15,369.21,1.0,-1,-1,-1
11,3,2345.99,1069.2,119.62,271.31,1.0,-1,-1,-1
11,4,957.86,1086.95,129.27,254.17,1.0,-1,-1,-1
11,5,2238.87,1064.83,104.73,268.79,1.0,-1,-1,-1
11,7,1386.25,1081.73,99.92,254.48,1.0,-1,-1,-1
11,10,1962.65,1232.4,119.09,329.88,0.99,-1,-1,-1
12,1,2039.65,1314.97,150.12,372.56,1.0,-1,-1,-1
12,2,407.34,1324.66,138.33,369.65,1.0,-1,-1,-1
12,3,2335.95,1068.26,130.2,272.28,0.99,-1,-1,-1
12,4,956.17,1087.95,124.94,254.39,1.0,-1,-1,-1
12,5,2235.79,1065.08,107.14,268.67,1.0,-1,-1,-1
12,7,1384.28,1082.09,101.96,256.32,1.0,-1,-1,-1
12,10,1962.94,1232.62,124.93,329.6,0.99,-1,-1,-1
13,1,2040.53,1316.76,163.62,372.57,1.0,-1,-1,-1
13,2,407.29,1324.5,138.39,369.82,1.0,-1,-1,-1
13,3,2329.51,1068.82,136.16,270.84,1.0,-1,-1,-1
13,4,952.67,1087.8,121.25,254.42,1.0,-1,-1,-1
13,5,2230.18,1064.71,111.57,269.52,1.0,-1,-1,-1
13,7,1380.9,1083.15,104.47,256.96,1.0,-1,-1,-1
13,10,1963.03,1232.69,127.16,329.5,0.99,-1,-1,-1
14,1,2040.76,1317.42,172.33,372.57,1.0,-1,-1,-1
14,2,407.29,1324.87,138.41,369.43,1.0,-1,-1,-1
14,3,2325.45,1068.58,140.17,271.19,1.0,-1,-1,-1
14,4,948.01,1087.66,115.23,254.38,1.0,-1,-1,-1
14,5,2224.56,1065.02,114.98,269.85,1.0,-1,-1,-1
14,7,1378.34,1084.47,105.84,256.25,1.0,-1,-1,-1
14,10,1963.05,1234.49,129.67,327.65,0.99,-1,-1,-1
15,1,2040.71,1318.56,180.86,372.58,1.0,-1,-1,-1
15,2,407.29,1325.01,138.42,369.29,1.0,-1,-1,-1
15,3,2321.51,1068.95,143.37,270.42,1.0,-1,-1,-1
15,4,942.44,1087.55,109.17,253.43,1.0,-1,-1,-1
15,5,2218.92,1065.14,118.01,269.07,1.0,-1,-1,-1
15,7,1376.08,1086.78,105.88,254.14,1.0,-1,-1,-1
15,10,1963.93,1234.26,123.61,326.96,0.99,-1,-1,-1
16,1,2040.6,1319.86,185.86,372.58,1.0,-1,-1,-1
16,2,407.33,1325.07,138.42,369.23,1.0,-1,-1,-1
16,3,2319.34,1068.19,142.81,270.13,1.0,-1,-1,-1
16,4,936.53,1086.56,103.18,253.92,1.0,-1,-1,-1
16,5,2213.31,1064.72,120.87,268.78,1.0,-1,-1,-1
16,7,1374.85,1088.11,104.53,255.08,1.0,-1,-1,-1
16,10,1965.17,1234.6,115.7,326.26,0.99,-1,-1,-1
17,1,2039.54,1320.76,189.41,372.13,1.0,-1,-1,-1
17,2,407.33,1325.05,138.41,369.21,1.0,-1,-1,-1
17,3,2317.85,1068.35,142.43,269.12,1.0,-1,-1,-1
17,4,931.39,1087.01,105.55,254.08,1.0,-1,-1,-1
17,5,2210.3,1064.55,120.18,268.67,1.0,-1,-1,-1
17,7,1373.08,1088.14,103.52,258.97,1.0,-1,-1,-1
17,10,1966.5,1236.04,116.24,324.66,0.99,-1,-1,-1
18,1,2039.88,1321.08,190.67,371.96,1.0,-1,-1,-1
18,2,407.34,1325.04,138.4,369.2,1.0,-1,-1,-1
18,3,2318.37,1067.07,135.2,269.64,1.0,-1,-1,-1
18,4,926.09,1087.14,111.79,255.9,1.0,-1,-1,-1
18,5,2205.71,1065.38,121.59,267.73,1.0,-1,-1,-1
18,7,1372.04,1088.59,102.66,259.52,1.0,-1,-1,-1
18,10,1966.98,1235.67,119.99,324.07,1.0,-1,-1,-1
19,1,2041.68,1321.18,194.49,371.9,1.0,-1,-1,-1
19,2,407.38,1325.07,138.41,369.2,1.0,-1,-1,-1
19,3,2314.47,1064.8,132.21,271.63,1.0,-1,-1,-1
19,4,921.19,1088.07,117.62,258.34,1.0,-1,-1,-1
19,5,2203.18,1066.14,120.33,266.49,1.0,-1,-1,-1
19,7,1370.83,1088.33,99.64,260.57,1.0,-1,-1,-1
19,10,1968.93,1235.07,123.14,324.31,0.99,-1,-1,-1
20,1,2046.62,1319.86,202.79,372.33,1.0,-1,-1,-1
20,2,407.38,1325.07,138.4,369.2,1.0,-1,-1,-1
20,3,2311.4,1063.96,123.89,269.71,1.0,-1,-1,-1
20,4,913.79,1090.6,124.2,261.01,1.0,-1,-1,-1
20,5,2200.53,1066.42,121.54,266.03,1.0,-1,-1,-1
20,7,1369.98,1088.22,96.22,260.93,1.0,-1,-1,-1
20,10,1970.53,1235.28,124.31,323.97,1.0,-1,-1,-1
21,1,2057.93,1319.35,202.47,372.49,1.0,-1,-1,-1
21,2,407.37,1324.62,138.4,369.65,1.0,-1,-1,-1
21,3,2307.79,1063.22,116.99,265.39,1.0,-1,-1,-1
21,4,906.73,1093.75,127.59,261.99,1.0,-1,-1,-1
21,5,2196.96,1066.97,123.72,264.97,1.0,-1,-1,-1
21,7,1368.81,1087.28,94.95,261.91,1.0,-1,-1,-1
21,10,1972.0,1235.34,126.47,323.86,1.0,-1,-1,-1
22,1,2071.93,1317.36,186.44,374.34,1.0,-1,-1,-1
22,2,407.39,1324.46,138.4,369.82,1.0,-1,-1,-1
22,3,2301.21,1062.96,108.94,261.97,1.0,-1,-1,-1
22,4,900.7,1097.58,131.45,262.31,1.0,-1,-1,-1
22,5,2196.58,1067.17,124.52,264.59,1.0,-1,-1,-1
22,7,1367.55,1086.93,94.5,262.24,1.0,-1,-1,-1
22,10,1973.43,1234.47,127.26,323.83,1.0,-1,-1,-1
23,1,2088.11,1316.61,167.16,375.03,1.0,-1,-1,-1
23,2,407.17,1324.41,138.85,369.88,1.0,-1,-1,-1
23,3,2293.49,1061.54,100.45,261.62,0.99,-1,-1,-1
23,4,900.26,1102.11,128.55,262.39,1.0,-1,-1,-1
23,5,2194.77,1068.58,124.77,262.67,1.0,-1,-1,-1
23,7,1365.32,1086.8,96.15,262.33,1.0,-1,-1,-1
23,10,1974.83,1233.68,131.03,324.28,1.0,-1,-1,-1
24,1,2102.19,1315.44,158.02,375.29,1.0,-1,-1,-1
24,2,407.06,1324.37,139.01,369.91,1.0,-1,-1,-1
24,3,2290.07,1060.14,91.83,262.42,0.99,-1,-1,-1
24,4,898.59,1107.31,126.38,261.5,1.0,-1,-1,-1
24,5,2194.16,1069.56,123.05,261.96,1.0,-1,-1,-1
24,7,1364.52,1086.75,96.78,262.33,1.0,-1,-1,-1
24,10,1972.69,1234.28,135.92,325.36,1.0,-1,-1,-1
25,1,2117.09,1315.01,149.29,375.38,1.0,-1,-1,-1
25,2,406.8,1324.39,139.07,369.92,1.0,-1,-1,-1
25,3,2286.33,1057.86,88.97,264.55,0.99,-1,-1,-1
25,4,892.83,1110.12,129.04,262.02,1.0,-1,-1,-1
25,5,2193.15,1070.81,124.12,260.83,1.0,-1,-1,-1
25,7,1364.29,1087.64,97.03,262.31,1.0,-1,-1,-1
25,10,1970.99,1233.62,139.51,325.77,1.0,-1,-1,-1
26,1,2131.39,1313.06,138.77,377.19,1.0,-1,-1,-1
26,2,406.93,1323.47,138.64,369.92,1.0,-1,-1,-1
26,3,2282.4,1058.36,88.11,261.8,0.99,-1,-1,-1
26,4,884.2,1111.96,134.38,263.07,1.0,-1,-1,-1
26,5,2193.71,1070.81,120.95,258.63,1.0,-1,-1,-1
26,7,1363.34,1087.96,97.12,263.15,1.0,-1,-1,-1
26,10,1969.4,1233.36,142.57,325.04,1.0,-1,-1,-1
27,1,2140.78,1312.77,133.24,378.3,1.0,-1,-1,-1
27,2,406.99,1323.1,138.47,369.91,1.0,-1,-1,-1
27,3,2278.41,1057.23,89.79,263.45,0.99,-1,-1,-1
27,4,879.3,1113.0,133.77,262.55,1.0,-1,-1,-1
27,5,2194.91,1072.57,117.89,254.24,0.99,-1,-1,-1
27,7,1362.15,1088.06,98.94,265.23,1.0,-1,-1,-1
27,10,1966.15,1233.69,147.17,324.31,1.0,-1,-1,-1
28,1,2148.37,1313.11,129.6,378.26,1.0,-1,-1,-1
28,2,407.03,1323.85,138.41,369.91,1.0,-1,-1,-1
28,3,2272.59,1057.27,94.13,264.09,0.99,-1,-1,-1
28,4,877.19,1114.19,130.78,261.44,1.0,-1,-1,-1
28,5,2194.54,1069.6,111.31,249.92,1.0,-1,-1,-1
28,7,1362.19,1088.98,100.95,266.87,1.0,-1,-1,-1
28,10,1963.16,1233.36,150.62,324.49,1.0,-1,-1,-1
29,1,2154.4,1313.27,126.61,378.23,1.0,-1,-1,-1
29,2,407.03,1324.16,138.39,369.91,1.0,-1,-1,-1
29,3,2267.02,1056.88,99.33,264.35,1.0,-1,-1,-1
29,4,876.61,1113.68,125.11,261.88,1.0,-1,-1,-1
29,5,2191.74,1068.03,112.52,250.18,1.0,-1,-1,-1
29,7,1361.36,1089.78,102.6,267.47,1.0,-1,-1,-1
29,10,1963.74,1233.7,150.16,324.12,1.0,-1,-1,-1
30,1,2160.81,1313.34,123.84,378.2,1.0,-1,-1,-1
30,2,407.03,1324.72,138.38,369.46,1.0,-1,-1,-1
30,3,2258.9,1058.1,108.38,261.78,1.0,-1,-1,-1
30,4,877.08,1112.53,116.56,262.93,0.99,-1,-1,-1
30,5,2188.07,1068.35,112.96,247.64,0.99,-1,-1,-1
30,7,1361.52,1090.52,104.53,267.66,1.0,-1,-1,-1
30,10,1965.73,1233.83,148.11,323.98,1.0,-1,-1,-1
31,1,2163.67,1312.94,124.87,377.73,1.0,-1,-1,-1
31,2,407.04,1324.93,138.37,369.29,1.0,-1,-1,-1
31,3,2251.6,1058.59,115.28,262.6,1.0,-1,-1,-1
31,4,877.5,1111.58,109.67,264.2,0.99,-1,-1,-1
31,5,2181.38,1068.01,114.93,246.74,0.99,-1,-1,-1
31,7,1360.74,1091.69,107.02,265.92,1.0,-1,-1,-1
31,10,1970.05,1232.54,143.69,324.38,1.0,-1,-1,-1
32,1,2166.3,1312.78,127.17,377.54,1.0,-1,-1,-1
32,2,407.07,1325.03,138.38,369.23,1.0,-1,-1,-1
32,3,2243.75,1059.22,121.44,260.25,1.0,-1,-1,-1
32,4,877.39,1109.86,102.59,264.66,1.0,-1,-1,-1
32,5,2176.3,1066.54,119.25,247.36,1.0,-1,-1,-1
32,7,1360.5,1092.12,107.95,266.12,0.99,-1,-1,-1
32,10,1976.21,1231.6,138.35,325.87,1.0,-1,-1,-1
33,1,2167.01,1313.18,133.52,376.13,1.0,-1,-1,-1
33,2,407.08,1325.07,138.38,369.2,1.0,-1,-1,-1
33,3,2236.51,1060.38,127.27,257.58,0.99,-1,-1,-1
33,4,877.05,1110.05,96.38,266.59,1.0,-1,-1,-1
33,5,2170.92,1065.09,120.87,248.54,1.0,-1,-1,-1
33,7,1360.44,1093.17,110.04,267.07,1.0,-1,-1,-1
33,10,1981.2,1229.92,134.49,327.78,1.0,-1,-1,-1
34,1,2166.19,1312.45,139.46,375.58,1.0,-1,-1,-1
34,2,407.06,1325.06,138.38,369.2,1.0,-1,-1,-1
34,3,2226.94,1062.62,134.66,253.01,1.0,-1,-1,-1
34,4,875.64,1110.97,94.29,268.19,1.0,-1,-1,-1
34,5,2166.28,1064.56,112.65,249.03,1.0,-1,-1,-1
34,7,1360.42,1093.54,110.81,268.29,1.0,-1,-1,-1
34,10,1988.4,1229.74,129.41,327.16,1.0,-1,-1,-1
35,1,2165.74,1312.65,147.04,374.94,1.0,-1,-1,-1
35,2,407.07,1325.12,138.39,369.2,1.0,-1,-1,-1
35,3,2224.22,1065.28,135.82,248.63,1.0,-1,-1,-1
35,4,872.01,1113.56,95.52,270.1,0.99,-1,-1,-1
35,5,2161.97,1064.39,105.74,247.46,0.99,-1,-1,-1
35,7,1360.47,1094.59,109.32,268.74,1.0,-1,-1,-1
35,10,1996.53,1229.26,125.72,326.47,1.0,-1,-1,-1
36,1,2167.16,1311.4,151.7,373.36,1.0,-1,-1,-1
36,2,407.06,1325.15,138.39,369.2,1.0,-1,-1,-1
36,3,2224.26,1067.62,129.26,245.24,0.99,-1,-1,-1
36,4,868.5,1115.85,96.03,274.79,1.0,-1,-1,-1
36,5,2156.85,1063.9,108.79,248.69,0.99,-1,-1,-1
36,7,1361.84,1095.86,107.37,268.0,1.0,-1,-1,-1
36,10,2003.04,1228.21,124.4,325.31,1.0,-1,-1,-1
37,1,2170.15,1309.6,153.49,373.21,1.0,-1,-1,-1
37,2,407.05,1325.13,138.83,369.21,1.0,-1,-1,-1
37,3,2220.13,1065.75,126.51,244.96,0.99,-1,-1,-1
37,4,863.22,1118.87,99.93,274.33,1.0,-1,-1,-1
37,5,2153.3,1063.72,111.65,250.08,0.99,-1,-1,-1
37,7,1363.71,1096.32,106.15,267.69,1.0,-1,-1,-1
37,10,2008.93,1227.37,123.95,324.43,1.0,-1,-1,-1
38,1,2175.5,1306.7,152.39,374.51,1.0,-1,-1,-1
38,2,407.25,1325.09,138.55,369.21,1.0,-1,-1,-1
38,3,2216.08,1066.39,123.65,241.32,0.99,-1,-1,-1
38,4,860.9,1123.07,99.61,274.54,1.0,-1,-1,-1
38,5,2151.18,1064.12,109.19,248.84,0.99,-1,-1,-1
38,7,1365.75,1096.89,105.23,266.67,1.0,-1,-1,-1
38,10,2013.66,1228.41,123.81,321.86,1.0,-1,-1,-1
39,1,2183.58,1302.07,151.91,376.79,1.0,-1,-1,-1
39,2,407.08,1324.61,138.88,369.66,1.0,-1,-1,-1
39,3,2209.38,1065.26,118.95,240.93,0.99,-1,-1,-1
39,4,858.8,1126.82,98.63,275.02,1.0,-1,-1,-1
39,5,2147.83,1064.73,113.66,249.28,0.99,-1,-1,-1
39,7,1367.85,1097.53,103.53,267.16,1.0,-1,-1,-1
39,10,2018.86,1229.72,121.99,318.22,1.0,-1,-1,-1
40,1,2193.59,1297.68,146.39,375.87,0.99,-1,-1,-1
40,2,407.02,1324.89,139.01,369.39,1.0,-1,-1,-1
40,3,2198.97,1064.83,118.94,237.26,0.99,-1,-1,-1
40,4,858.14,1129.53,97.39,277.39,1.0,-1,-1,-1
40,5,2145.79,1064.97,106.48,248.57,0.99,-1,-1,-1
40,7,1369.99,1098.2,101.54,266.45,1.0,-1,-1,-1
40,10,2021.55,1231.12,121.35,315.07,1.0,-1,-1,-1
41,1,2204.4,1292.5,138.85,375.52,1.0,-1,-1,-1
41,2,406.99,1325.01,139.06,369.28,1.0,-1,-1,-1
41,3,2195.32,1062.4,106.41,237.76,0.99,-1,-1,-1
41,4,854.85,1132.27,99.68,279.14,1.0,-1,-1,-1
41,5,2144.32,1065.97,99.98,248.32,0.99,-1,-1,-1
41,7,1371.68,1098.0,101.7,267.07,1.0,-1,-1,-1
41,10,2025.11,1232.56,119.34,312.14,1.0,-1,-1,-1
42,1,2217.29,1290.6,130.55,371.81,1.0,-1,-1,-1
42,2,407.21,1325.02,138.62,369.24,1.0,-1,-1,-1
42,3,2191.56,1062.84,97.78,235.31,0.99,-1,-1,-1
42,4,851.94,1134.1,100.54,278.87,1.0,-1,-1,-1
42,5,2141.16,1066.33,97.65,247.34,1.0,-1,-1,-1
42,7,1374.52,1098.32,100.42,266.4,1.0,-1,-1,-1
42,10,2027.17,1234.87,116.82,310.18,1.0,-1,-1,-1
43,1,2223.53,1288.17,129.39,368.62,1.0,-1,-1,-1
43,2,406.83,1323.65,138.89,369.67,1.0,-1,-1,-1
43,3,2181.06,1058.96,98.6,238.07,0.99,-1,-1,-1
43,4,847.35,1135.13,103.55,279.17,1.0,-1,-1,-1
43,5,2138.28,1065.58,95.03,246.99,0.98,-1,-1,-1
43,7,1375.99,1098.41,100.4,266.14,1.0,-1,-1,-1
43,10,2029.56,1236.18,114.11,308.15,1.0,-1,-1,-1
44,1,2228.31,1286.43,129.03,365.65,1.0,-1,-1,-1
44,2,406.93,1324.49,139.0,369.39,1.0,-1,-1,-1
44,3,2180.37,1058.87,93.42,237.36,0.99,-1,-1,-1
44,4,842.2,1135.91,106.46,278.8,1.0,-1,-1,-1
44,5,2134.63,1067.08,94.15,245.09,0.99,-1,-1,-1
44,7,1377.87,1098.88,99.95,266.04,1.0,-1,-1,-1
44,10,2032.13,1237.54,111.35,307.45,1.0,-1,-1,-1
45,1,2231.64,1284.96,128.96,364.56,1.0,-1,-1,-1
45,2,406.97,1324.37,139.04,369.73,1.0,-1,-1,-1
45,3,2177.69,1057.05,97.21,239.83,0.99,-1,-1,-1
45,4,837.7,1135.24,106.69,280.4,1.0,-1,-1,-1
45,5,2131.61,1068.98,92.06,239.91,0.99,-1,-1,-1
45,7,1378.99,1099.93,99.35,266.0,1.0,-1,-1,-1
45,10,2034.76,1238.92,106.74,307.23,0.99,-1,-1,-1
46,1,2234.44,1283.57,128.98,362.4,1.0,-1,-1,-1
46,2,407.03,1323.43,139.06,369.85,1.0,-1,-1,-1
46,3,2170.54,1056.83,103.96,239.89,0.99,-1,-1,-1
46,4,834.35,1135.37,105.88,279.64,1.0,-1,-1,-1
46,5,2129.73,1069.68,89.54,237.09,0.99,-1,-1,-1
46,7,1379.39,1101.19,99.14,266.87,1.0,-1,-1,-1
46,10,2038.34,1238.95,101.45,306.75,1.0,-1,-1,-1
47,1,2237.96,1281.78,127.24,360.28,1.0,-1,-1,-1
47,2,407.04,1323.98,139.06,369.9,1.0,-1,-1,-1
47,3,2161.84,1056.77,113.53,239.94,0.99,-1,-1,-1
47,4,832.31,1134.93,105.57,279.76,1.0,-1,-1,-1
47,5,2126.43,1071.28,88.69,235.19,0.99,-1,-1,-1
47,7,1379.94,1102.55,99.53,268.98,1.0,-1,-1,-1
47,10,2040.41,1238.94,99.64,305.72,0.99,-1,-1,-1
48,1,2240.83,1281.19,128.44,358.63,1.0,-1,-1,-1
48,2,406.81,1323.3,139.51,369.91,1.0,-1,-1,-1
48,3,2148.27,1055.44,127.55,243.56,0.99,-1,-1,-1
48,4,830.32,1134.26,107.22,281.12,1.0,-1,-1,-1
48,5,2121.69,1070.96,88.45,235.43,0.99,-1,-1,-1
48,7,1379.66,1103.93,101.02,271.55,1.0,-1,-1,-1
48,10,2042.85,1238.47,100.92,306.73,0.99,-1,-1,-1
49,1,2243.52,1279.69,130.71,358.52,1.0,-1,-1,-1
49,2,406.72,1323.05,139.68,369.92,1.0,-1,-1,-1
49,3,2143.88,1054.96,131.35,242.27,0.99,-1,-1,-1
49,4,828.34,1134.42,111.37,281.16,1.0,-1,-1,-1
49,5,2117.35,1072.17,86.6,228.4,0.99,-1,-1,-1
49,7,1379.07,1105.76,102.04,272.51,1.0,-1,-1,-1
49,10,2043.64,1237.38,106.89,307.14,1.0,-1,-1,-1
50,1,2246.13,1279.2,133.37,358.52,0.99,-1,-1,-1
50,2,406.67,1322.97,139.74,369.92,1.0,-1,-1,-1
50,3,2139.81,1055.25,134.53,242.67,0.99,-1,-1,-1
50,4,825.47,1135.78,116.43,282.48,1.0,-1,-1,-1
50,5,2113.14,1072.62,84.16,225.8,0.99,-1,-1,-1
50,7,1378.81,1107.76,102.43,271.96,1.0,-1,-1,-1
50,10,2045.62,1236.96,110.87,307.33,1.0,-1,-1,-1
51,1,2247.86,1278.19,136.17,360.36,0.99,-1,-1,-1
51,2,406.66,1322.97,139.76,369.92,1.0,-1,-1,-1
51,3,2134.12,1056.72,140.89,242.84,0.99,-1,-1,-1
51,4,823.15,1137.17,119.24,284.74,1.0,-1,-1,-1
51,5,2108.11,1072.76,87.0,227.63,0.99,-1,-1,-1
51,7,1379.14,1109.4,102.13,272.62,1.0,-1,-1,-1
51,10,2048.95,1235.46,112.44,308.77,0.99,-1,-1,-1
52,1,2251.01,1276.98,137.24,361.08,0.99,-1,-1,-1
52,2,406.88,1322.98,139.32,369.92,1.0,-1,-1,-1
52,3,2130.34,1059.09,145.02,240.23,0.99,-1,-1,-1
52,4,821.48,1139.89,120.3,286.01,1.0,-1,-1,-1
52,5,2087.58,1074.15,102.36,227.48,0.98,-1,-1,-1
52,7,1377.46,1111.76,102.91,271.07,0.99,-1,-1,-1
52,10,2051.89,1234.01,114.82,310.23,0.99,-1,-1,-1
53,1,2253.81,1275.68,137.64,361.38,1.0,-1,-1,-1
53,2,406.97,1322.97,139.15,369.92,1.0,-1,-1,-1
53,3,2123.87,1062.67,150.0,236.56,0.98,-1,-1,-1
53,4,819.62,1143.53,120.65,285.57,1.0,-1,-1,-1
53,5,2069.13,1076.89,116.34,229.27,0.98,-1,-1,-1
53,7,1376.36,1113.49,102.75,270.46,1.0,-1,-1,-1
53,10,2052.91,1233.45,115.73,310.79,0.99,-1,-1,-1
54,1,2256.5,1274.83,137.78,362.85,1.0,-1,-1,-1
54,2,406.97,1323.0,139.09,369.92,1.0,-1,-1,-1
54,3,2123.22,1067.19,146.72,231.61,0.99,-1,-1,-1
54,4,818.98,1148.01,121.63,284.03,1.0,-1,-1,-1
54,5,2057.55,1081.05,125.38,226.41,0.99,-1,-1,-1
54,7,1375.03,1114.57,102.69,269.78,1.0,-1,-1,-1
54,10,2054.07,1234.16,116.07,310.12,0.99,-1,-1,-1
55,1,2258.26,1274.1,139.6,362.08,1.0,-1,-1,-1
55,2,406.99,1323.44,139.06,369.47,1.0,-1,-1,-1
55,3,2125.9,1071.55,138.23,226.18,0.99,-1,-1,-1
55,4,817.09,1151.42,124.6,283.42,1.0,-1,-1,-1
55,5,2050.49,1084.37,130.74,224.47,0.99,-1,-1,-1
55,7,1373.2,1115.36,103.1,269.96,1.0,-1,-1,-1
55,10,2055.32,1233.97,116.19,310.32,0.99,-1,-1,-1
56,1,2260.58,1272.97,140.28,360.01,0.99,-1,-1,-1
56,2,406.79,1323.15,139.05,369.74,1.0,-1,-1,-1
56,3,2121.85,1074.02,138.39,223.31,0.99,-1,-1,-1
56,4,816.02,1154.85,125.69,283.61,1.0,-1,-1,-1
56,5,2048.73,1087.35,132.82,222.0,1.0,-1,-1,-1
56,7,1370.74,1115.16,105.04,271.36,0.99,-1,-1,-1
56,10,2056.59,1233.45,118.0,309.06,0.99,-1,-1,-1
57,1,2263.11,1271.66,142.29,359.24,0.99,-1,-1,-1
57,2,406.99,1323.01,139.05,369.84,1.0,-1,-1,-1
57,3,2116.94,1074.4,141.96,223.22,0.99,-1,-1,-1
57,4,816.62,1156.93,124.31,284.56,1.0,-1,-1,-1
57,5,2048.32,1089.26,133.54,220.22,1.0,-1,-1,-1
57,7,1368.96,1114.56,106.64,273.21,1.0,-1,-1,-1
57,10,2061.42,1232.33,115.14,309.47,0.99,-1,-1,-1
58,1,2266.62,1269.41,143.04,360.75,0.99,-1,-1,-1
58,2,407.1,1323.41,139.05,369.43,1.0,-1,-1,-1
58,3,2119.62,1073.57,141.51,224.15,0.99,-1,-1,-1
58,4,816.53,1158.53,123.72,284.0,1.0,-1,-1,-1
58,5,2047.55,1089.0,137.19,220.51,1.0,-1,-1,-1
58,7,1366.56,1114.73,106.36,272.57,1.0,-1,-1,-1
58,10,2066.79,1230.56,112.22,308.3,0.99,-1,-1,-1
59,1,2269.59,1266.84,146.84,359.55,0.99,-1,-1,-1
59,2,406.89,1323.1,139.49,369.72,1.0,-1,-1,-1
59,3,2123.52,1072.78,143.04,226.36,0.99,-1,-1,-1
59,4,817.43,1159.49,121.68,283.33,1.0,-1,-1,-1
59,5,2046.54,1087.5,140.25,221.57,1.0,-1,-1,-1
59,7,1365.2,1114.32,105.79,272.76,1.0,-1,-1,-1
59,10,2070.48,1229.91,111.13,307.86,0.99,-1,-1,-1
60,1,2272.38,1265.48,148.26,357.77,0.99,-1,-1,-1
60,2,406.81,1322.99,139.66,369.83,1.0,-1,-1,-1
60,3,2123.37,1071.55,150.63,228.12,1.0,-1,-1,-1
60,4,817.86,1159.78,120.87,283.07,1.0,-1,-1,-1
60,5,2046.35,1086.89,141.36,222.01,1.0,-1,-1,-1
60,7,1362.94,1113.24,107.34,274.6,1.0,-1,-1,-1
60,10,2073.55,1228.79,110.73,303.25,0.99,-1,-1,-1
61,1,2276.85,1263.26,145.24,358.02,0.99,-1,-1,-1
61,2,406.99,1322.96,139.28,369.88,1.0,-1,-1,-1
61,3,2125.11,1070.62,158.67,233.28,1.0,-1,-1,-1
61,4,817.61,1159.82,121.43,283.86,1.0,-1,-1,-1
61,5,2046.47,1085.74,143.43,223.11,1.0,-1,-1,-1
61,7,1361.67,1111.94,108.36,276.17,1.0,-1,-1,-1
61,10,2075.47,1229.3,110.6,298.82,0.99,-1,-1,-1
62,1,2280.21,1260.27,149.39,353.22,1.0,-1,-1,-1
62,2,407.04,1322.98,139.13,369.9,1.0,-1,-1,-1
62,3,2129.33,1072.05,161.76,235.24,1.0,-1,-1,-1
62,4,817.55,1158.91,120.74,285.04,1.0,-1,-1,-1
62,5,2044.94,1084.86,154.59,222.67,1.0,-1,-1,-1
62,7,1359.44,1111.9,111.38,276.31,1.0,-1,-1,-1
62,10,2077.88,1228.63,110.56,296.31,1.0,-1,-1,-1
63,1,2282.28,1258.32,142.12,347.83,0.99,-1,-1,-1
63,2,407.07,1323.02,139.08,369.9,1.0,-1,-1,-1
63,3,2132.86,1075.25,166.36,232.43,0.99,-1,-1,-1
63,4,818.03,1158.1,119.58,285.92,1.0,-1,-1,-1
63,5,2043.59,1084.5,162.23,222.52,1.0,-1,-1,-1
63,7,1358.21,1112.34,114.72,276.78,0.99,-1,-1,-1
63,10,2079.59,1227.96,112.35,294.97,1.0,-1,-1,-1
64,1,2285.58,1257.66,131.98,344.06,1.0,-1,-1,-1
64,2,406.84,1323.04,139.51,369.91,1.0,-1,-1,-1
64,3,2136.87,1079.13,164.59,228.67,0.99,-1,-1,-1
64,4,817.34,1157.29,120.02,287.58,1.0,-1,-1,-1
64,5,2042.32,1083.91,175.43,222.49,1.0,-1,-1,-1
64,7,1357.75,1112.49,119.47,276.94,1.0,-1,-1,-1
64,10,2080.13,1227.28,113.03,294.98,0.99,-1,-1,-1
65,1,2287.52,1254.79,131.88,344.52,0.99,-1,-1,-1
65,2,406.73,1323.01,139.66,369.91,1.0,-1,-1,-1
65,3,2140.25,1081.9,162.0,226.37,0.99,-1,-1,-1
65,4,817.55,1156.48,120.17,288.63,1.0,-1,-1,-1
65,5,2040.19,1085.01,180.56,221.6,1.0,-1,-1,-1
65,7,1358.46,1112.53,123.01,277.88,1.0,-1,-1,-1
65,10,2081.09,1227.04,113.28,295.03,0.99,-1,-1,-1
66,1,2291.74,1253.32,131.86,345.2,0.99,-1,-1,-1
66,2,406.69,1322.99,139.72,369.91,1.0,-1,-1,-1
66,3,2140.68,1085.13,160.91,222.83,0.99,-1,-1,-1
66,4,817.66,1155.24,119.33,293.46,1.0,-1,-1,-1
66,5,2038.62,1085.41,168.79,223.08,0.99,-1,-1,-1
66,7,1359.64,1113.41,126.08,278.21,1.0,-1,-1,-1
66,10,2082.25,1226.96,115.16,295.09,0.99,-1,-1,-1
67,1,2295.0,1252.4,135.5,346.85,1.0,-1,-1,-1
67,2,406.9,1323.0,139.29,369.91,1.0,-1,-1,-1
67,3,2140.86,1088.99,156.88,219.74,1.0,-1,-1,-1
67,4,817.28,1155.21,119.0,300.12,1.0,-1,-1,-1
67,5,2038.23,1086.44,154.79,222.76,1.0,-1,-1,-1
67,7,1361.0,1114.19,128.96,278.76,1.0,-1,-1,-1
67,10,2083.51,1227.4,115.86,293.81,1.0,-1,-1,-1
68,1,2297.91,1252.1,152.87,347.51,0.99,-1,-1,-1
68,2,407.23,1323.02,139.14,369.9,1.0,-1,-1,-1
68,3,2138.28,1093.06,158.85,215.92,0.99,-1,-1,-1
68,4,816.74,1156.51,117.99,304.82,1.0,-1,-1,-1
68,5,2039.19,1087.7,147.51,221.75,1.0,-1,-1,-1
68,7,1363.32,1114.93,130.03,278.5,1.0,-1,-1,-1
68,10,2083.93,1226.23,116.13,294.71,1.0,-1,-1,-1
69,1,2299.83,1251.61,161.0,347.35,0.99,-1,-1,-1
69,2,407.35,1323.02,139.08,369.9,1.0,-1,-1,-1
69,3,2139.09,1096.3,163.09,212.75,0.99,-1,-1,-1
69,4,817.9,1158.75,115.81,308.33,1.0,-1,-1,-1
69,5,2042.36,1089.05,139.37,220.49,1.0,-1,-1,-1
69,7,1366.42,1115.63,128.19,278.83,1.0,-1,-1,-1
69,10,2084.0,1224.91,117.99,295.97,1.0,-1,-1,-1
70,1,2302.21,1250.57,164.25,346.41,0.99,-1,-1,-1
70,2,407.66,1323.03,138.61,369.9,1.0,-1,-1,-1
70,3,2144.71,1097.4,168.18,209.82,0.98,-1,-1,-1
70,4,817.94,1162.24,115.9,307.83,1.0,-1,-1,-1
70,5,2043.68,1091.31,147.34,217.34,0.99,-1,-1,-1
70,7,1368.55,1115.88,127.4,278.93,1.0,-1,-1,-1
70,10,2083.99,1223.97,120.45,296.91,1.0,-1,-1,-1
71,1,2305.67,1249.76,163.71,345.63,0.99,-1,-1,-1
71,2,407.81,1323.5,138.45,369.44,1.0,-1,-1,-1
71,3,2146.91,1095.44,178.84,211.53,0.99,-1,-1,-1
71,4,819.8,1164.9,114.16,308.0,1.0,-1,-1,-1
71,5,2045.95,1091.22,164.28,217.08,0.99,-1,-1,-1
71,7,1370.71,1116.4,125.73,278.5,1.0,-1,-1,-1
71,10,2083.09,1222.28,124.9,298.62,1.0,-1,-1,-1
72,1,2308.61,1248.18,161.64,345.81,0.99,-1,-1,-1
72,2,408.05,1323.65,137.93,369.27,1.0,-1,-1,-1
72,3,2147.71,1093.76,191.51,214.9,0.99,-1,-1,-1
72,4,822.28,1168.06,112.61,307.55,1.0,-1,-1,-1
72,5,2047.66,1092.95,174.1,216.11,0.99,-1,-1,-1
72,7,1374.61,1116.57,121.93,278.33,1.0,-1,-1,-1
72,10,2082.66,1219.0,126.58,301.95,1.0,-1,-1,-1
73,1,2310.49,1245.41,158.98,345.46,0.99,-1,-1,-1
73,2,408.34,1324.57,137.74,369.22,1.0,-1,-1,-1
73,3,2153.13,1093.54,198.12,216.22,0.99,-1,-1,-1
73,4,824.99,1170.54,112.05,307.77,1.0,-1,-1,-1
73,5,2047.53,1093.58,179.69,215.78,0.99,-1,-1,-1
73,7,1378.29,1115.72,118.19,279.15,1.0,-1,-1,-1
73,10,2081.55,1216.02,128.94,304.99,1.0,-1,-1,-1
74,1,2315.52,1243.08,152.56,344.91,1.0,-1,-1,-1
74,2,408.43,1324.91,137.22,369.2,1.0,-1,-1,-1
74,3,2157.86,1091.62,200.64,217.64,0.99,-1,-1,-1
74,4,827.33,1171.86,110.06,309.13,1.0,-1,-1,-1
74,5,2047.51,1093.34,183.51,216.58,0.99,-1,-1,-1
74,7,1381.44,1115.39,114.97,279.45,1.0,-1,-1,-1
74,10,2084.59,1211.82,128.05,308.35,0.99,-1,-1,-1
75,1,2317.29,1241.83,148.25,339.81,0.99,-1,-1,-1
75,2,408.65,1325.03,137.03,369.2,1.0,-1,-1,-1
75,3,2167.5,1089.98,199.74,218.2,0.99,-1,-1,-1
75,4,829.52,1173.64,114.76,310.05,1.0,-1,-1,-1
75,5,2047.52,1094.12,186.62,215.12,0.99,-1,-1,-1
75,7,1385.25,1114.81,111.97,280.0,1.0,-1,-1,-1
75,10,2091.03,1209.84,127.65,309.17,0.99,-1,-1,-1
76,1,2319.64,1239.17,150.24,334.77,0.99,-1,-1,-1
76,2,408.75,1325.07,136.96,369.2,1.0,-1,-1,-1
76,3,2170.36,1089.33,199.24,219.32,0.99,-1,-1,-1
76,4,830.76,1174.71,118.26,309.01,1.0,-1,-1,-1
76,5,2048.43,1092.59,191.19,216.39,0.99,-1,-1,-1
76,7,1389.34,1114.14,109.06,279.75,1.0,-1,-1,-1
76,10,2097.88,1206.48,129.24,308.56,0.99,-1,-1,-1
77,1,2321.31,1237.34,156.32,333.84,1.0,-1,-1,-1
77,2,408.78,1325.08,136.95,369.2,1.0,-1,-1,-1
77,3,2191.58,1091.29,179.61,215.3,0.99,-1,-1,-1
77,4,831.64,1175.06,118.72,308.57,0.99,-1,-1,-1
77,5,2049.67,1092.0,199.78,215.99,0.99,-1,-1,-1
77,7,1391.68,1113.88,109.85,280.53,0.99,-1,-1,-1
77,10,2104.82,1203.04,131.57,306.96,0.99,-1,-1,-1
78,1,2322.75,1234.93,162.11,333.54,0.99,-1,-1,-1
78,2,409.01,1325.09,136.5,369.2,1.0,-1,-1,-1
78,3,2198.91,1091.58,171.62,215.58,0.99,-1,-1,-1
78,4,831.5,1175.59,115.34,308.8,1.0,-1,-1,-1
78,5,2050.17,1090.42,213.35,217.64,0.97,-1,-1,-1
78,7,1392.48,1114.68,111.97,280.82,1.0,-1,-1,-1
78,10,2112.68,1198.24,121.88,307.22,0.99,-1,-1,-1
79,1,2324.08,1232.29,169.56,334.38,0.99,-1,-1,-1
79,2,408.89,1325.09,136.79,369.2,1.0,-1,-1,-1
79,3,2210.51,1093.0,159.63,213.91,0.99,-1,-1,-1
79,4,831.86,1176.63,107.74,307.97,0.99,-1,-1,-1
79,5,2052.94,1087.58,216.87,220.94,0.99,-1,-1,-1
79,7,1396.28,1114.98,112.78,278.24,0.99,-1,-1,-1
79,10,2120.16,1195.16,114.33,303.29,1.0,-1,-1,-1
80,1,2326.24,1231.83,175.86,336.09,0.99,-1,-1,-1
80,2,409.03,1325.07,136.45,369.21,1.0,-1,-1,-1
80,3,2224.73,1091.74,151.52,215.99,1.0,-1,-1,-1
80,4,832.38,1177.41,103.04,307.18,0.99,-1,-1,-1
80,5,2057.5,1083.42,216.35,225.74,1.0,-1,-1,-1
80,7,1398.52,1115.09,113.1,279.94,0.99,-1,-1,-1
80,10,2128.23,1193.66,106.07,296.86,1.0,-1,-1,-1
81,1,2326.12,1230.84,183.46,336.77,0.99,-1,-1,-1
81,2,409.06,1325.06,136.33,369.21,1.0,-1,-1,-1
81,3,2230.46,1090.37,152.43,219.46,1.0,-1,-1,-1
81,4,831.61,1176.77,102.31,307.75,0.99,-1,-1,-1
81,5,2063.65,1077.44,214.2,231.97,0.99,-1,-1,-1
81,7,1401.06,1115.13,113.23,280.57,1.0,-1,-1,-1
81,10,2132.81,1192.75,101.27,294.0,1.0,-1,-1,-1
82,1,2328.59,1231.43,188.08,335.27,0.99,-1,-1,-1
82,2,409.07,1325.07,136.29,369.22,1.0,-1,-1,-1
82,3,2235.05,1088.95,154.63,223.44,1.0,-1,-1,-1
82,4,831.76,1177.39,102.09,307.06,1.0,-1,-1,-1
82,5,2074.81,1071.24,199.15,236.08,0.99,-1,-1,-1
82,7,1403.72,1115.6,115.07,282.15,1.0,-1,-1,-1
82,10,2137.04,1193.4,97.8,292.07,1.0,-1,-1,-1
83,1,2329.47,1231.28,194.98,332.49,0.99,-1,-1,-1
83,2,409.05,1325.04,136.28,369.22,1.0,-1,-1,-1
83,3,2241.0,1088.41,157.3,223.18,1.0,-1,-1,-1
83,4,832.69,1178.01,102.06,306.34,1.0,-1,-1,-1
83,5,2087.24,1065.37,156.86,237.62,0.99,-1,-1,-1
83,7,1405.52,1116.2,115.76,283.17,1.0,-1,-1,-1
83,10,2137.41,1193.72,100.37,292.29,0.99,-1,-1,-1
84,1,2329.77,1225.43,201.04,335.51,0.99,-1,-1,-1
84,2,409.07,1325.05,136.28,369.22,1.0,-1,-1,-1
84,3,2246.61,1087.3,161.94,225.72,1.0,-1,-1,-1
84,4,832.14,1180.01,102.99,306.05,1.0,-1,-1,-1
84,5,2103.63,1059.2,128.51,240.79,0.99,-1,-1,-1
84,7,1407.03,1116.43,116.03,285.32,1.0,-1,-1,-1
84,10,2137.47,1194.34,103.14,291.97,0.99,-1,-1,-1
85,1,2329.83,1229.51,186.04,327.74,0.99,-1,-1,-1
85,2,409.34,1325.05,136.29,369.21,1.0,-1,-1,-1
85,3,2253.85,1088.19,165.48,218.69,0.99,-1,-1,-1
85,4,833.29,1181.62,103.38,306.82,1.0,-1,-1,-1
85,5,2117.68,1054.26,113.69,242.83,0.99,-1,-1,-1
85,7,1407.55,1117.83,116.13,286.56,1.0,-1,-1,-1
85,10,2136.49,1195.5,107.82,291.88,0.99,-1,-1,-1
86,1,2329.72,1231.61,170.7,324.35,1.0,-1,-1,-1
86,2,409.42,1325.06,136.3,368.32,1.0,-1,-1,-1
86,3,2266.13,1089.9,163.29,215.95,0.99,-1,-1,-1
86,4,835.05,1183.98,104.45,308.89,1.0,-1,-1,-1
86,5,2126.7,1051.14,109.51,241.79,0.99,-1,-1,-1
86,7,1408.55,1118.36,116.16,287.01,1.0,-1,-1,-1
86,10,2136.03,1195.99,113.13,291.88,0.99,-1,-1,-1
87,1,2328.68,1226.59,163.07,327.2,1.0,-1,-1,-1
87,2,409.24,1325.1,136.76,367.98,1.0,-1,-1,-1
87,3,2284.89,1092.8,157.07,214.94,0.97,-1,-1,-1
87,4,836.14,1185.75,106.66,310.55,1.0,-1,-1,-1
87,5,2136.11,1050.08,100.65,243.09,0.99,-1,-1,-1
87,7,1408.86,1119.47,116.17,288.04,1.0,-1,-1,-1
87,10,2135.78,1196.68,125.68,291.46,0.99,-1,-1,-1
88,1,2326.42,1222.54,158.51,330.54,0.99,-1,-1,-1
88,2,409.36,1325.12,136.93,367.87,1.0,-1,-1,-1
88,3,2329.72,1096.13,123.9,214.58,0.99,-1,-1,-1
88,4,838.28,1188.17,106.62,312.94,1.0,-1,-1,-1
88,5,2140.77,1050.66,98.15,243.54,0.99,-1,-1,-1
88,7,1408.91,1121.22,116.17,287.07,1.0,-1,-1,-1
88,10,2135.66,1198.33,132.15,289.1,0.99,-1,-1,-1
89,1,2326.45,1220.17,147.74,331.83,1.0,-1,-1,-1
89,2,409.61,1325.1,136.55,367.83,1.0,-1,-1,-1
89,3,2365.95,1097.35,103.15,227.0,0.99,-1,-1,-1
89,4,840.39,1190.78,103.93,314.71,1.0,-1,-1,-1
89,5,2141.02,1054.97,103.39,238.34,0.99,-1,-1,-1
89,7,1409.73,1121.85,114.38,286.68,1.0,-1,-1,-1
89,10,2135.5,1198.52,139.86,286.89,1.0,-1,-1,-1
90,1,2323.59,1219.78,141.96,333.68,1.0,-1,-1,-1
90,2,409.68,1325.05,136.4,367.82,1.0,-1,-1,-1
90,3,2385.49,1099.53,99.02,229.85,0.99,-1,-1,-1
90,4,842.94,1193.03,102.01,315.8,0.99,-1,-1,-1
90,5,2141.92,1061.19,110.74,230.92,0.98,-1,-1,-1
90,7,1409.07,1122.94,113.69,285.62,1.0,-1,-1,-1
90,10,2136.22,1199.51,144.55,281.61,1.0,-1,-1,-1
91,1,2318.83,1221.01,140.01,332.16,1.0,-1,-1,-1
91,2,409.72,1325.0,136.34,367.82,1.0,-1,-1,-1
91,3,2399.75,1100.34,101.78,229.15,0.99,-1,-1,-1
91,4,844.75,1194.24,100.4,315.73,0.99,-1,-1,-1
91,5,2141.19,1066.74,122.47,227.2,0.99,-1,-1,-1
91,7,1409.66,1123.31,113.43,285.2,1.0,-1,-1,-1
91,10,2137.29,1198.97,144.61,277.87,1.0,-1,-1,-1
92,1,2311.61,1221.52,144.94,330.7,1.0,-1,-1,-1
92,2,409.75,1324.95,136.31,367.82,1.0,-1,-1,-1
92,3,2411.55,1100.59,104.68,230.61,0.99,-1,-1,-1
92,4,847.2,1193.72,98.93,315.66,0.99,-1,-1,-1
92,5,2139.95,1072.85,139.07,224.03,0.99,-1,-1,-1
92,7,1409.85,1123.84,113.34,284.59,1.0,-1,-1,-1
92,10,2138.52,1197.4,142.78,276.09,1.0,-1,-1,-1
93,1,2304.53,1221.31,150.36,331.5,1.0,-1,-1,-1
93,2,409.74,1324.91,136.3,367.82,1.0,-1,-1,-1
93,3,2410.55,1098.88,120.6,233.78,0.99,-1,-1,-1
93,4,849.39,1195.23,100.21,314.72,1.0,-1,-1,-1
93,5,2140.24,1076.93,155.67,220.17,1.0,-1,-1,-1
93,7,1410.76,1124.02,113.31,283.46,1.0,-1,-1,-1
93,10,2138.92,1195.48,138.45,275.94,0.99,-1,-1,-1
94,1,2300.14,1222.61,154.22,329.58,1.0,-1,-1,-1
94,2,409.73,1324.9,136.3,367.83,1.0,-1,-1,-1
94,3,2406.81,1097.33,146.96,238.48,0.99,-1,-1,-1
94,4,848.36,1195.31,105.18,313.9,1.0,-1,-1,-1
94,5,2140.26,1079.77,165.71,217.87,1.0,-1,-1,-1
94,7,1411.95,1124.51,111.52,283.47,1.0,-1,-1,-1
94,10,2140.78,1190.75,131.36,280.0,0.99,-1,-1,-1
95,1,2297.67,1222.68,157.49,327.53,1.0,-1,-1,-1
95,2,409.95,1324.9,135.86,367.83,1.0,-1,-1,-1
95,3,2401.23,1093.63,181.95,247.27,0.99,-1,-1,-1
95,4,846.63,1195.29,114.95,313.56,1.0,-1,-1,-1
95,5,2144.37,1080.78,166.37,218.88,1.0,-1,-1,-1
95,7,1413.26,1124.67,110.85,283.48,1.0,-1,-1,-1
95,10,2140.53,1181.42,130.4,287.35,0.99,-1,-1,-1
96,1,2295.93,1223.19,158.74,324.53,1.0,-1,-1,-1
96,2,410.04,1324.92,135.69,368.73,1.0,-1,-1,-1
96,3,2397.2,1091.78,214.1,254.06,0.99,-1,-1,-1
96,4,847.24,1194.36,120.38,314.32,1.0,-1,-1,-1
96,5,2150.23,1082.46,164.75,217.5,1.0,-1,-1,-1
96,7,1415.51,1124.28,108.82,283.93,1.0,-1,-1,-1
96,10,2139.5,1177.07,130.04,289.26,0.99,-1,-1,-1
97,1,2294.5,1220.27,159.22,322.99,1.0,-1,-1,-1
97,2,410.07,1324.95,136.09,369.07,1.0,-1,-1,-1
97,3,2412.08,1092.81,223.08,259.24,0.99,-1,-1,-1
97,4,846.17,1193.1,126.83,315.48,1.0,-1,-1,-1
97,5,2155.92,1079.45,162.25,222.42,0.98,-1,-1,-1
97,7,1417.22,1124.57,108.08,283.66,1.0,-1,-1,-1
97,10,2138.2,1177.26,131.67,287.32,0.99,-1,-1,-1
98,1,2292.28,1217.41,161.16,322.44,1.0,-1,-1,-1
98,2,409.87,1324.97,136.24,369.2,1.0,-1,-1,-1
98,3,2422.32,1093.21,231.6,263.77,0.98,-1,-1,-1
98,4,847.02,1193.05,130.18,315.46,1.0,-1,-1,-1
98,5,2190.51,1080.07,127.8,221.61,0.99,-1,-1,-1
98,7,1419.62,1124.67,107.83,283.55,1.0,-1,-1,-1
98,10,2135.02,1177.43,134.05,283.9,1.0,-1,-1,-1
99,1,2289.73,1214.58,160.12,320.48,1.0,-1,-1,-1
99,2,409.77,1324.53,136.3,369.69,1.0,-1,-1,-1
99,3,2436.29,1094.69,226.47,263.68,0.98,-1,-1,-1
99,4,847.31,1192.55,132.3,321.23,1.0,-1,-1,-1
99,5,2205.2,1081.63,115.33,218.63,0.99,-1,-1,-1
99,7,1421.35,1124.25,109.55,283.96,1.0,-1,-1,-1
99,10,2128.47,1176.24,140.24,283.06,1.0,-1,-1,-1
100,1,2286.18,1210.87,150.8,321.58,1.0,-1,-1,-1
100,2,409.95,1324.38,136.32,369.87,1.0,-1,-1,-1
100,3,2454.5,1096.59,210.26,260.88,0.99,-1,-1,-1
100,4,848.7,1193.24,133.05,325.16,1.0,-1,-1,-1
100,5,2209.71,1081.73,117.11,219.33,0.98,-1,-1,-1
100,7,1424.62,1124.09,113.77,284.11,1.0,-1,-1,-1
100,10,2124.24,1175.41,144.31,282.32,1.0,-1,-1,-1
101,1,2280.4,1207.31,139.91,322.47,1.0,-1,-1,-1
101,2,409.78,1324.33,136.33,369.94,1.0,-1,-1,-1
101,3,2476.31,1098.65,189.28,257.91,1.0,-1,-1,-1
101,4,850.96,1196.15,134.14,325.73,1.0,-1,-1,-1
101,5,2225.8,1081.3,110.39,220.51,0.97,-1,-1,-1
101,7,1426.68,1124.02,122.41,284.17,1.0,-1,-1,-1
101,10,2119.11,1173.38,152.83,282.06,1.0,-1,-1,-1
102,1,2274.7,1203.34,130.41,324.62,1.0,-1,-1,-1
102,2,409.72,1324.3,136.34,369.96,1.0,-1,-1,-1
102,3,2501.36,1098.09,162.81,258.48,1.0,-1,-1,-1
102,4,851.8,1200.34,137.99,325.46,1.0,-1,-1,-1
102,5,2223.84,1079.77,122.99,220.97,0.98,-1,-1,-1
102,7,1430.02,1124.43,129.13,282.86,1.0,-1,-1,-1
102,10,2114.57,1172.68,154.35,282.87,1.0,-1,-1,-1
103,1,2269.97,1201.9,127.11,325.45,1.0,-1,-1,-1
103,2,409.67,1323.36,136.33,369.96,1.0,-1,-1,-1
103,3,2530.6,1092.54,133.95,263.96,1.0,-1,-1,-1
103,4,852.52,1204.98,146.36,323.97,1.0,-1,-1,-1
103,5,2235.52,1079.16,121.95,222.05,0.98,-1,-1,-1
103,7,1432.12,1124.55,133.47,282.36,1.0,-1,-1,-1
103,10,2111.03,1172.46,156.59,282.3,1.0,-1,-1,-1
104,1,2262.92,1200.99,127.92,326.22,1.0,-1,-1,-1
104,2,409.68,1323.05,136.34,369.96,1.0,-1,-1,-1
104,3,2555.64,1087.79,114.04,269.49,1.0,-1,-1,-1
104,4,851.94,1210.74,156.41,321.14,1.0,-1,-1,-1
104,5,2255.09,1076.25,117.95,234.94,0.99,-1,-1,-1
104,7,1434.64,1124.16,136.87,282.62,1.0,-1,-1,-1
104,10,2108.88,1171.1,159.13,284.32,1.0,-1,-1,-1
105,1,2259.6,1199.82,128.29,327.41,1.0,-1,-1,-1
105,2,409.46,1323.81,136.78,369.95,1.0,-1,-1,-1
105,3,2569.71,1083.34,103.96,274.18,1.0,-1,-1,-1
105,4,855.09,1218.65,163.72,313.34,1.0,-1,-1,-1
105,5,2270.28,1072.1,114.64,249.32,0.98,-1,-1,-1
105,7,1437.3,1124.0,136.4,282.72,1.0,-1,-1,-1
105,10,2107.23,1168.86,160.04,286.88,1.0,-1,-1,-1
106,1,2255.82,1199.0,130.34,328.3,1.0,-1,-1,-1
106,2,409.4,1324.13,136.95,369.94,1.0,-1,-1,-1
106,3,2578.31,1079.89,99.16,275.9,0.99,-1,-1,-1
106,4,861.48,1226.97,168.25,306.78,1.0,-1,-1,-1
106,5,2280.05,1068.34,117.11,251.41,0.99,-1,-1,-1
106,7,1440.03,1124.39,134.38,283.21,1.0,-1,-1,-1
106,10,2107.55,1166.29,158.55,290.5,1.0,-1,-1,-1
107,1,2251.86,1200.1,129.35,326.41,0.99,-1,-1,-1
107,2,409.37,1324.24,137.01,369.94,1.0,-1,-1,-1
107,3,2585.28,1075.97,101.84,279.99,1.0,-1,-1,-1
107,4,870.0,1232.2,169.92,302.11,1.0,-1,-1,-1
107,5,2286.02,1064.24,119.81,258.25,0.99,-1,-1,-1
107,7,1443.64,1124.09,131.76,282.95,1.0,-1,-1,-1
107,10,2106.85,1164.48,154.35,291.87,1.0,-1,-1,-1
108,1,2247.84,1200.12,114.6,325.24,1.0,-1,-1,-1
108,2,409.6,1324.29,136.59,369.93,1.0,-1,-1,-1
108,3,2591.96,1074.95,102.84,282.34,1.0,-1,-1,-1
108,4,876.38,1236.27,169.58,299.97,1.0,-1,-1,-1
108,5,2291.5,1061.81,120.84,263.41,0.99,-1,-1,-1
108,7,1446.74,1124.41,128.92,282.41,1.0,-1,-1,-1
108,10,2105.77,1163.4,145.52,291.92,1.0,-1,-1,-1
109,1,2241.89,1200.62,126.12,321.67,1.0,-1,-1,-1
109,2,409.47,1323.4,136.43,369.93,1.0,-1,-1,-1
109,3,2597.48,1077.25,108.98,283.14,1.0,-1,-1,-1
109,4,882.29,1238.54,168.44,299.24,1.0,-1,-1,-1
109,5,2297.66,1060.9,121.25,266.18,0.99,-1,-1,-1
109,7,1449.6,1124.52,126.02,282.2,1.0,-1,-1,-1
109,10,2107.26,1161.72,133.02,293.25,1.0,-1,-1,-1
110,1,2236.35,1200.84,131.54,318.54,1.0,-1,-1,-1
110,2,409.45,1323.97,136.37,369.92,1.0,-1,-1,-1
110,3,2604.6,1082.59,118.43,285.11,1.0,-1,-1,-1
110,4,888.47,1239.7,165.24,297.68,1.0,-1,-1,-1
110,5,2300.56,1062.33,124.97,264.51,1.0,-1,-1,-1
110,7,1452.4,1123.66,123.11,283.02,1.0,-1,-1,-1
110,10,2106.98,1160.23,120.95,295.5,1.0,-1,-1,-1
111,1,2231.73,1199.2,130.17,317.4,1.0,-1,-1,-1
111,2,409.39,1324.22,136.35,369.92,1.0,-1,-1,-1
111,3,2611.41,1087.79,127.26,284.02,1.0,-1,-1,-1
111,4,895.57,1243.18,160.36,296.71,1.0,-1,-1,-1
111,5,2307.59,1066.49,122.84,261.1,1.0,-1,-1,-1
111,7,1456.03,1122.92,118.41,282.89,1.0,-1,-1,-1
111,10,2107.88,1159.32,103.52,295.89,1.0,-1,-1,-1
112,1,2226.57,1195.93,124.29,316.11,1.0,-1,-1,-1
112,2,409.15,1323.41,136.79,369.92,1.0,-1,-1,-1
112,3,2618.07,1094.68,135.91,280.84,1.0,-1,-1,-1
112,4,904.85,1244.35,154.82,296.41,1.0,-1,-1,-1
112,5,2314.39,1071.67,118.42,257.91,1.0,-1,-1,-1
112,7,1457.27,1123.08,116.66,283.29,1.0,-1,-1,-1
112,10,2108.27,1158.14,87.79,296.9,1.0,-1,-1,-1
113,1,2223.08,1192.97,116.63,312.97,1.0,-1,-1,-1
113,2,408.87,1324.07,136.97,369.92,1.0,-1,-1,-1
113,3,2625.62,1101.75,144.46,280.0,1.0,-1,-1,-1
113,4,917.24,1247.87,145.48,294.11,1.0,-1,-1,-1
113,5,2328.39,1076.78,109.52,250.39,0.99,-1,-1,-1
113,7,1457.67,1122.29,116.05,284.33,1.0,-1,-1,-1
113,10,2106.47,1157.33,81.07,297.69,1.0,-1,-1,-1
114,1,2217.38,1190.1,112.02,307.35,1.0,-1,-1,-1
114,2,408.73,1323.4,137.03,369.93,1.0,-1,-1,-1
114,3,2633.43,1105.72,151.22,280.96,1.0,-1,-1,-1
114,4,929.43,1250.38,136.43,291.96,1.0,-1,-1,-1
114,5,2346.1,1080.05,95.11,246.57,0.99,-1,-1,-1
114,7,1459.51,1121.98,114.04,284.73,1.0,-1,-1,-1
114,10,2103.94,1156.62,79.29,298.41,1.0,-1,-1,-1
115,1,2212.76,1186.38,112.3,304.39,1.0,-1,-1,-1
115,2,408.69,1323.15,137.05,369.92,1.0,-1,-1,-1
115,3,2638.81,1108.49,156.41,281.73,1.0,-1,-1,-1
115,4,944.73,1249.86,127.61,292.56,0.99,-1,-1,-1
115,5,2357.66,1080.33,86.14,247.83,0.99,-1,-1,-1
115,7,1462.83,1121.86,111.52,284.87,1.0,-1,-1,-1
115,10,2099.31,1156.84,80.87,299.1,1.0,-1,-1,-1
116,1,2207.59,1184.61,116.09,302.01,1.0,-1,-1,-1
116,2,408.66,1323.03,137.05,369.92,1.0,-1,-1,-1
116,3,2638.89,1111.25,160.1,281.97,1.0,-1,-1,-1
116,4,964.84,1250.44,121.72,291.94,1.0,-1,-1,-1
116,5,2364.89,1078.62,81.39,250.08,0.99,-1,-1,-1
116,7,1467.58,1121.37,108.8,285.36,1.0,-1,-1,-1
116,10,2094.96,1157.41,81.55,298.0,1.0,-1,-1,-1
117,1,2199.57,1183.57,122.88,298.04,1.0,-1,-1,-1
117,2,408.65,1322.99,137.05,369.92,1.0,-1,-1,-1
117,3,2639.49,1114.89,160.6,276.68,1.0,-1,-1,-1
117,4,983.74,1251.0,123.5,291.31,1.0,-1,-1,-1
117,5,2370.72,1078.83,79.97,250.03,0.99,-1,-1,-1
117,7,1471.06,1121.18,107.85,284.65,1.0,-1,-1,-1
117,10,2088.86,1156.78,85.68,297.55,0.99,-1,-1,-1
118,1,2188.78,1183.24,134.22,293.93,1.0,-1,-1,-1
118,2,408.67,1322.96,137.05,369.91,1.0,-1,-1,-1
118,3,2638.53,1117.53,161.56,275.06,1.0,-1,-1,-1
118,4,994.67,1248.86,132.39,294.26,0.99,-1,-1,-1
118,5,2375.18,1077.98,87.17,251.77,0.99,-1,-1,-1
118,7,1474.05,1121.1,107.54,287.05,1.0,-1,-1,-1
118,10,2083.13,1155.23,89.03,297.8,1.0,-1,-1,-1
119,1,2172.74,1184.11,150.59,290.69,1.0,-1,-1,-1
119,2,408.66,1322.98,137.05,369.92,1.0,-1,-1,-1
119,3,2640.55,1118.45,159.23,274.45,1.0,-1,-1,-1
119,4,998.44,1245.79,147.14,297.63,1.0,-1,-1,-1
119,5,2379.38,1077.22,98.58,254.2,0.99,-1,-1,-1
119,7,1475.96,1121.55,107.48,287.51,1.0,-1,-1,-1
119,10,2079.33,1153.36,90.36,297.43,0.99,-1,-1,-1
120,1,2153.9,1183.13,167.09,289.13,1.0,-1,-1,-1
120,2,408.44,1322.96,137.49,369.92,1.0,-1,-1,-1
120,3,2646.32,1118.71,152.92,273.32,1.0,-1,-1,-1
120,4,1000.57,1242.34,160.48,303.81,1.0,-1,-1,-1
120,5,2382.55,1075.14,106.33,258.64,1.0,-1,-1,-1
120,7,1478.36,1122.15,107.5,288.11,1.0,-1,-1,-1
120,10,2073.53,1150.9,92.71,294.6,0.99,-1,-1,-1
121,1,2139.69,1184.62,180.41,285.04,1.0,-1,-1,-1
121,2,408.57,1322.94,137.2,369.91,1.0,-1,-1,-1
121,3,2651.8,1119.63,146.82,270.21,1.0,-1,-1,-1
121,4,1002.81,1238.77,169.18,311.89,1.0,-1,-1,-1
121,5,2384.37,1075.67,114.6,260.3,1.0,-1,-1,-1
121,7,1480.03,1121.93,107.54,288.77,1.0,-1,-1,-1
121,10,2067.0,1148.67,98.95,294.86,0.99,-1,-1,-1
122,1,2130.76,1185.23,187.45,283.61,1.0,-1,-1,-1
122,2,408.64,1323.85,137.1,369.91,1.0,-1,-1,-1
122,3,2661.72,1119.0,136.36,271.73,1.0,-1,-1,-1
122,4,1006.82,1236.98,175.17,317.15,1.0,-1,-1,-1
122,5,2385.75,1077.64,121.27,259.11,1.0,-1,-1,-1
122,7,1481.47,1122.31,107.59,291.22,0.99,-1,-1,-1
122,10,2060.3,1147.89,108.26,294.06,0.99,-1,-1,-1
123,1,2126.57,1186.84,185.08,280.93,1.0,-1,-1,-1
123,2,408.45,1324.22,137.06,369.91,1.0,-1,-1,-1
123,3,2671.53,1118.71,125.98,273.2,1.0,-1,-1,-1
123,4,1010.71,1236.73,178.32,322.21,1.0,-1,-1,-1
123,5,2386.1,1080.18,125.59,260.39,1.0,-1,-1,-1
123,7,1482.82,1122.91,107.64,291.69,0.99,-1,-1,-1
123,10,2052.67,1145.42,120.4,293.31,0.98,-1,-1,-1
124,1,2122.67,1187.49,180.45,279.13,1.0,-1,-1,-1
124,2,408.16,1324.38,137.49,369.91,1.0,-1,-1,-1
124,3,2680.34,1118.1,116.69,275.99,1.0,-1,-1,-1
124,4,1018.02,1238.42,175.99,325.85,1.0,-1,-1,-1
124,5,2386.9,1082.91,127.25,262.62,1.0,-1,-1,-1
124,7,1483.24,1122.7,109.48,292.29,0.99,-1,-1,-1
124,10,2044.69,1144.55,123.5,290.35,1.0,-1,-1,-1
125,1,2117.08,1185.49,171.46,279.91,1.0,-1,-1,-1
125,2,408.25,1324.43,137.66,369.91,1.0,-1,-1,-1
125,3,2686.86,1116.95,111.63,282.38,1.0,-1,-1,-1
125,4,1028.01,1241.71,169.66,328.94,1.0,-1,-1,-1
125,5,2387.87,1085.7,127.82,261.65,1.0,-1,-1,-1
125,7,1483.32,1123.52,110.18,292.5,1.0,-1,-1,-1
125,10,2039.03,1142.49,126.41,290.14,0.99,-1,-1,-1
126,1,2108.13,1183.87,158.91,281.18,0.99,-1,-1,-1
126,2,408.28,1324.44,137.71,369.92,1.0,-1,-1,-1
126,3,2691.62,1117.37,107.19,286.55,1.0,-1,-1,-1
126,4,1041.76,1247.81,159.97,326.08,1.0,-1,-1,-1
126,5,2391.54,1087.63,124.48,260.35,1.0,-1,-1,-1
126,7,1482.37,1124.27,112.24,292.11,1.0,-1,-1,-1
126,10,2033.51,1142.22,129.21,286.95,0.99,-1,-1,-1
127,1,2099.7,1180.59,146.76,284.41,1.0,-1,-1,-1
127,2,408.33,1324.46,137.74,369.91,1.0,-1,-1,-1
127,3,2693.92,1117.92,110.47,291.2,1.0,-1,-1,-1
127,4,1057.02,1253.25,159.82,321.77,1.0,-1,-1,-1
127,5,2394.53,1089.2,123.09,258.93,0.99,-1,-1,-1
127,7,1482.86,1125.44,113.03,291.05,1.0,-1,-1,-1
127,10,2028.92,1142.62,131.98,283.52,1.0,-1,-1,-1
128,1,2091.42,1179.83,127.49,285.23,0.99,-1,-1,-1
128,2,408.11,1324.44,137.74,369.91,1.0,-1,-1,-1
128,3,2694.55,1119.88,113.49,297.33,1.0,-1,-1,-1
128,4,1079.3,1257.49,158.84,317.84,1.0,-1,-1,-1
128,5,2401.68,1089.76,115.42,258.37,0.99,-1,-1,-1
128,7,1482.09,1126.75,115.09,289.73,1.0,-1,-1,-1
128,10,2021.2,1143.27,136.44,280.01,1.0,-1,-1,-1
129,1,2079.39,1173.33,116.67,291.83,0.99,-1,-1,-1
129,2,408.02,1324.42,137.73,369.91,1.0,-1,-1,-1
129,3,2696.36,1122.37,112.88,297.87,1.0,-1,-1,-1
129,4,1102.99,1259.91,158.45,316.32,1.0,-1,-1,-1
129,5,2409.6,1090.38,106.94,258.14,0.99,-1,-1,-1
129,7,1482.62,1128.13,115.87,289.23,1.0,-1,-1,-1
129,10,2014.02,1143.11,141.56,278.3,1.0,-1,-1,-1
130,1,2073.79,1172.69,113.21,292.55,0.99,-1,-1,-1
130,2,407.99,1324.38,138.17,369.91,1.0,-1,-1,-1
130,3,2695.86,1125.5,113.64,295.77,1.0,-1,-1,-1
130,4,1114.61,1258.5,167.21,321.53,1.0,-1,-1,-1
130,5,2416.87,1091.01,98.26,258.93,0.99,-1,-1,-1
130,7,1482.77,1130.85,116.15,287.69,1.0,-1,-1,-1
130,10,2007.9,1143.52,145.22,277.26,1.0,-1,-1,-1
131,1,2060.88,1172.52,123.51,291.94,0.99,-1,-1,-1
131,2,407.98,1324.38,138.33,369.91,1.0,-1,-1,-1
131,3,2695.51,1127.99,115.77,294.45,1.0,-1,-1,-1
131,4,1120.88,1255.27,178.31,328.79,1.0,-1,-1,-1
131,5,2420.14,1092.11,95.18,258.33,0.99,-1,-1,-1
131,7,1483.68,1133.2,114.47,286.67,0.99,-1,-1,-1
131,10,1998.76,1143.26,148.3,283.67,1.0,-1,-1,-1
132,1,2044.91,1171.61,139.51,292.6,1.0,-1,-1,-1
132,2,408.0,1324.41,138.4,369.9,1.0,-1,-1,-1
132,3,2694.37,1129.32,115.71,292.56,1.0,-1,-1,-1
132,4,1129.49,1252.69,185.17,333.71,1.0,-1,-1,-1
132,5,2422.04,1091.14,94.17,261.66,0.99,-1,-1,-1
132,7,1484.0,1137.2,112.03,284.05,0.99,-1,-1,-1
132,10,1992.77,1142.3,151.15,278.97,0.98,-1,-1,-1
133,1,2026.08,1169.98,155.89,293.3,1.0,-1,-1,-1
133,2,407.76,1324.37,138.86,369.9,1.0,-1,-1,-1
133,3,2692.86,1129.77,116.62,291.8,1.0,-1,-1,-1
133,4,1139.37,1250.76,191.25,336.43,1.0,-1,-1,-1
133,5,2422.51,1091.19,101.21,265.56,0.99,-1,-1,-1
133,7,1482.26,1141.78,112.9,281.73,1.0,-1,-1,-1
133,10,1987.99,1141.95,152.17,280.78,0.96,-1,-1,-1
134,1,2009.5,1166.73,169.19,296.22,0.99,-1,-1,-1
134,2,407.9,1324.35,138.58,369.9,1.0,-1,-1,-1
134,3,2691.3,1129.43,119.66,291.92,1.0,-1,-1,-1
134,4,1152.4,1249.54,191.81,339.6,1.0,-1,-1,-1
134,5,2422.63,1091.61,107.27,270.56,1.0,-1,-1,-1
134,7,1480.7,1148.82,115.01,277.29,1.0,-1,-1,-1
134,10,1980.24,1142.28,154.21,284.61,0.98,-1,-1,-1
135,1,1998.03,1168.67,176.21,293.33,0.99,-1,-1,-1
135,2,407.94,1324.36,138.48,369.91,1.0,-1,-1,-1
135,3,2689.76,1129.28,119.93,291.94,1.0,-1,-1,-1
135,4,1163.19,1250.41,196.27,342.07,1.0,-1,-1,-1
135,5,2423.41,1093.97,111.37,272.44,1.0,-1,-1,-1
135,7,1479.2,1154.56,117.57,275.21,0.99,-1,-1,-1
135,10,1973.93,1142.44,153.17,286.07,0.99,-1,-1,-1
136,1,1990.41,1176.64,170.39,282.39,0.99,-1,-1,-1
136,2,407.96,1324.41,138.44,369.91,1.0,-1,-1,-1
136,3,2689.1,1128.74,121.82,292.37,1.0,-1,-1,-1
136,4,1178.77,1252.98,193.56,341.6,1.0,-1,-1,-1
136,5,2423.59,1096.64,116.46,273.1,1.0,-1,-1,-1
136,7,1477.75,1160.23,120.31,273.58,0.99,-1,-1,-1
136,10,1965.57,1139.87,164.98,294.63,0.99,-1,-1,-1
137,2,407.96,1324.38,138.41,369.91,1.0,-1,-1,-1
137,3,2687.88,1127.62,121.64,294.29,1.0,-1,-1,-1
137,4,1199.35,1258.36,184.4,339.57,1.0,-1,-1,-1
137,5,2424.41,1099.39,118.4,274.19,0.99,-1,-1,-1
137,7,1476.28,1164.91,124.85,273.02,0.99,-1,-1,-1
137,10,1956.47,1138.91,172.8,289.04,0.99,-1,-1,-1
138,2,407.76,1324.36,138.4,369.9,1.0,-1,-1,-1
138,3,2687.35,1127.59,121.57,297.21,1.0,-1,-1,-1
138,4,1226.04,1265.26,166.8,333.82,1.0,-1,-1,-1
138,5,2424.61,1101.26,119.11,276.32,0.99,-1,-1,-1
138,7,1475.74,1168.32,128.31,271.96,1.0,-1,-1,-1
138,10,1957.34,1138.55,167.24,277.87,0.98,-1,-1,-1
138,1,1949.97,1175.85,177.12,274.54,1.0,-1,-1,-1
139,2,407.68,1324.35,138.39,369.9,1.0,-1,-1,-1
139,3,2686.23,1128.0,122.43,302.29,1.0,-1,-1,-1
139,4,1258.02,1271.87,144.79,329.35,1.0,-1,-1,-1
139,5,2422.83,1102.38,121.1,278.86,0.99,-1,-1,-1
139,7,1475.53,1171.27,133.1,270.71,1.0,-1,-1,-1
139,10,1947.49,1135.29,178.89,272.29,0.98,-1,-1,-1
139,1,1933.26,1173.78,168.98,272.13,0.99,-1,-1,-1
140,2,407.42,1324.35,138.39,369.9,1.0,-1,-1,-1
140,3,2684.87,1128.6,121.86,307.27,1.0,-1,-1,-1
140,4,1292.5,1276.52,120.63,327.2,0.99,-1,-1,-1
140,5,2422.94,1104.1,120.06,278.89,0.99,-1,-1,-1
140,7,1477.18,1174.5,138.39,269.84,1.0,-1,-1,-1
140,10,1931.86,1131.86,200.33,270.73,0.99,-1,-1,-1
140,1,1921.2,1170.38,162.37,274.02,0.99,-1,-1,-1
141,2,407.3,1324.32,138.38,369.91,1.0,-1,-1,-1
141,3,2683.42,1130.13,120.75,310.45,1.0,-1,-1,-1
141,4,1314.39,1278.17,122.16,325.49,1.0,-1,-1,-1
141,5,2421.99,1105.15,117.83,277.96,0.99,-1,-1,-1
141,7,1480.4,1178.26,142.12,267.77,1.0,-1,-1,-1
141,10,1950.05,1131.53,185.25,266.61,0.99,-1,-1,-1
141,1,1917.19,1166.91,145.48,278.77,0.99,-1,-1,-1
142,2,407.47,1324.31,137.93,369.91,1.0,-1,-1,-1
142,3,2681.95,1132.92,119.43,310.28,1.0,-1,-1,-1
142,4,1320.52,1277.8,140.93,324.86,1.0,-1,-1,-1
142,5,2420.65,1105.95,113.37,277.55,0.99,-1,-1,-1
142,7,1483.39,1181.79,143.52,264.8,1.0,-1,-1,-1
142,10,1954.99,1131.01,183.6,263.78,0.99,-1,-1,-1
142,1,1935.22,1165.65,109.25,282.35,0.99,-1,-1,-1
143,2,407.57,1324.35,137.76,369.91,1.0,-1,-1,-1
143,3,2679.62,1136.62,118.94,306.59,1.0,-1,-1,-1
143,4,1324.16,1275.81,159.96,328.21,1.0,-1,-1,-1
143,5,2419.2,1106.21,113.46,277.36,0.99,-1,-1,-1
143,7,1488.08,1186.15,140.5,260.59,0.99,-1,-1,-1
143,10,1958.72,1129.98,184.67,279.06,0.99,-1,-1,-1
143,1,1939.09,1164.36,90.23,289.92,0.99,-1,-1,-1
144,2,407.65,1324.35,137.7,369.9,1.0,-1,-1,-1
144,3,2676.07,1140.65,117.87,303.32,1.0,-1,-1,-1
144,4,1329.45,1270.98,180.3,336.15,0.99,-1,-1,-1
144,5,2419.53,1105.35,106.34,278.13,1.0,-1,-1,-1
144,7,1491.68,1189.43,137.45,250.04,0.99,-1,-1,-1
144,10,1959.39,1129.6,184.98,281.12,0.99,-1,-1,-1
144,1,1929.14,1163.89,81.08,297.17,0.98,-1,-1,-1
145,2,407.67,1324.32,137.68,369.9,1.0,-1,-1,-1
145,3,2673.84,1144.35,116.58,302.5,1.0,-1,-1,-1
145,4,1332.85,1268.65,208.62,344.0,1.0,-1,-1,-1
145,5,2417.76,1104.54,98.09,278.4,0.99,-1,-1,-1
145,7,1498.34,1190.47,129.11,251.68,0.99,-1,-1,-1
145,10,1956.25,1129.94,184.99,280.59,0.99,-1,-1,-1
145,1,1913.26,1167.71,82.96,300.34,1.0,-1,-1,-1
146,2,407.9,1324.3,137.67,369.9,1.0,-1,-1,-1
146,3,2669.43,1148.81,117.91,304.39,1.0,-1,-1,-1
146,4,1340.6,1266.84,228.26,349.6,1.0,-1,-1,-1
146,5,2418.0,1105.08,89.53,277.58,0.99,-1,-1,-1
146,7,1509.01,1189.84,116.77,247.84,1.0,-1,-1,-1
146,10,1938.37,1131.43,199.03,278.15,0.99,-1,-1,-1
146,1,1900.94,1173.19,85.49,300.17,0.99,-1,-1,-1
147,2,407.73,1324.28,138.11,369.9,1.0,-1,-1,-1
147,3,2666.01,1153.09,120.19,305.98,1.0,-1,-1,-1
147,4,1351.23,1267.88,238.41,355.23,1.0,-1,-1,-1
147,5,2417.08,1105.26,86.59,278.57,0.99,-1,-1,-1
147,7,1511.88,1187.65,114.06,253.75,1.0,-1,-1,-1
147,10,1933.4,1133.82,200.81,275.43,0.99,-1,-1,-1
147,1,1885.77,1180.64,90.33,295.6,0.98,-1,-1,-1
148,2,407.69,1324.29,138.28,369.9,1.0,-1,-1,-1
148,3,2663.01,1155.97,121.06,305.22,1.0,-1,-1,-1
148,4,1366.96,1272.24,235.62,358.62,1.0,-1,-1,-1
148,5,2415.83,1105.74,87.55,278.48,0.99,-1,-1,-1
148,7,1506.39,1184.11,120.51,265.79,0.98,-1,-1,-1
148,10,1917.68,1135.18,204.85,273.07,0.99,-1,-1,-1
148,1,1868.85,1187.5,97.63,290.66,0.99,-1,-1,-1
149,2,407.93,1324.32,137.91,369.9,1.0,-1,-1,-1
149,3,2658.4,1159.18,123.18,302.67,1.0,-1,-1,-1
149,4,1386.62,1278.76,223.8,362.03,1.0,-1,-1,-1
149,5,2415.42,1106.78,87.96,276.64,0.99,-1,-1,-1
149,7,1514.21,1182.3,117.49,279.56,0.99,-1,-1,-1
149,10,1902.19,1136.15,220.25,269.95,0.99,-1,-1,-1
149,1,1851.39,1192.29,105.7,289.2,0.99,-1,-1,-1
150,2,408.02,1323.44,137.77,369.9,1.0,-1,-1,-1
150,3,2655.81,1162.53,121.32,300.34,1.0,-1,-1,-1
150,4,1414.92,1286.07,199.41,361.04,1.0,-1,-1,-1
150,5,2414.34,1107.58,90.01,276.36,0.99,-1,-1,-1
150,7,1527.12,1182.43,110.89,288.33,0.99,-1,-1,-1
150,10,1892.07,1136.06,231.21,268.35,0.99,-1,-1,-1
150,1,1837.18,1194.47,115.79,293.56,0.99,-1,-1,-1
151,2,408.03,1323.07,137.71,369.9,1.0,-1,-1,-1
151,3,2653.1,1165.93,120.58,298.12,1.0,-1,-1,-1
151,4,1446.95,1294.11,174.98,355.25,1.0,-1,-1,-1
151,5,2413.92,1108.31,90.81,277.59,0.99,-1,-1,-1
151,7,1541.94,1183.29,104.77,296.07,1.0,-1,-1,-1
151,10,1891.64,1133.77,232.02,266.45,0.98,-1,-1,-1
151,1,1826.78,1193.45,123.14,296.95,0.99,-1,-1,-1
152,2,407.83,1322.96,138.14,369.9,1.0,-1,-1,-1
152,3,2651.28,1170.68,115.84,293.7,1.0,-1,-1,-1
152,4,1487.79,1303.8,143.42,346.24,1.0,-1,-1,-1
152,5,2412.89,1110.77,92.96,277.59,0.99,-1,-1,-1
152,7,1546.16,1185.78,111.95,302.91,1.0,-1,-1,-1
152,10,1896.15,1131.57,225.16,266.22,0.98,-1,-1,-1
152,1,1817.92,1192.55,124.35,301.32,1.0,-1,-1,-1
153,2,407.75,1323.37,138.3,369.45,1.0,-1,-1,-1
153,3,2649.78,1174.62,112.23,291.6,1.0,-1,-1,-1
153,4,1518.6,1313.19,132.26,335.15,0.99,-1,-1,-1
153,5,2412.51,1112.58,93.79,275.8,0.99,-1,-1,-1
153,7,1547.6,1189.34,117.96,305.47,0.99,-1,-1,-1
153,10,1884.97,1128.08,236.37,269.76,0.99,-1,-1,-1
153,1,1813.18,1192.61,119.54,303.38,1.0,-1,-1,-1
154,2,407.72,1323.53,138.36,369.28,1.0,-1,-1,-1
154,3,2647.5,1180.46,107.28,285.46,1.0,-1,-1,-1
154,4,1533.42,1315.64,142.48,332.8,1.0,-1,-1,-1
154,5,2410.59,1113.67,95.91,274.66,0.99,-1,-1,-1
154,7,1544.47,1195.06,130.83,330.0,0.99,-1,-1,-1
154,10,1880.87,1125.45,238.77,271.55,0.99,-1,-1,-1
154,1,1812.82,1191.7,110.47,305.01,1.0,-1,-1,-1
155,2,407.7,1323.59,137.93,369.22,1.0,-1,-1,-1
155,3,2645.82,1184.79,105.51,281.85,1.0,-1,-1,-1
155,4,1541.92,1314.16,176.63,336.92,1.0,-1,-1,-1
155,5,2408.99,1114.95,98.48,273.34,1.0,-1,-1,-1
155,7,1546.63,1203.19,137.43,317.85,0.98,-1,-1,-1
155,10,1875.13,1124.05,241.27,270.02,0.99,-1,-1,-1
155,1,1810.56,1192.2,103.32,305.57,1.0,-1,-1,-1
156,2,407.68,1323.59,137.77,369.2,1.0,-1,-1,-1
156,3,2642.53,1188.52,106.73,280.11,1.0,-1,-1,-1
156,4,1552.06,1313.04,208.96,337.14,1.0,-1,-1,-1
156,5,2407.49,1115.84,99.46,272.4,1.0,-1,-1,-1
156,7,1544.75,1209.5,148.65,297.89,0.98,-1,-1,-1
156,10,1873.96,1124.01,236.84,268.11,0.99,-1,-1,-1
156,1,1799.13,1191.92,104.41,307.06,1.0,-1,-1,-1
157,2,407.71,1323.62,137.71,369.19,1.0,-1,-1,-1
157,3,2636.92,1190.21,110.83,276.38,1.0,-1,-1,-1
157,4,1569.79,1312.49,219.17,335.45,1.0,-1,-1,-1
157,5,2406.08,1117.02,99.84,271.16,1.0,-1,-1,-1
157,7,1541.42,1213.61,161.49,284.64,0.99,-1,-1,-1
157,10,1898.57,1123.13,206.61,267.4,0.99,-1,-1,-1
157,1,1784.51,1192.67,110.21,306.68,1.0,-1,-1,-1
158,2,407.91,1323.63,137.69,369.2,1.0,-1,-1,-1
158,3,2631.35,1189.81,114.15,277.78,1.0,-1,-1,-1
158,4,1591.64,1312.63,211.37,334.39,1.0,-1,-1,-1
158,5,2402.9,1118.78,103.51,269.36,0.99,-1,-1,-1
158,7,1539.16,1215.01,168.24,288.83,0.99,-1,-1,-1
158,10,1873.26,1122.4,222.41,267.6,0.99,-1,-1,-1
158,1,1771.39,1192.93,117.63,307.38,0.99,-1,-1,-1
159,2,407.76,1323.65,138.13,369.2,1.0,-1,-1,-1
159,3,2621.37,1188.65,124.26,281.95,1.0,-1,-1,-1
159,4,1621.47,1314.39,186.71,331.33,1.0,-1,-1,-1
159,5,2398.23,1119.4,110.14,271.39,1.0,-1,-1,-1
159,7,1540.69,1215.02,182.77,301.49,1.0,-1,-1,-1
159,10,1858.69,1121.72,225.89,266.36,0.99,-1,-1,-1
159,1,1754.47,1194.79,129.15,306.71,1.0,-1,-1,-1
160,2,407.93,1324.56,138.3,369.2,1.0,-1,-1,-1
160,3,2608.19,1186.35,138.39,287.12,1.0,-1,-1,-1
160,4,1658.51,1317.22,158.24,327.96,1.0,-1,-1,-1
160,5,2393.02,1120.94,117.84,270.83,1.0,-1,-1,-1
160,7,1543.78,1215.4,196.82,314.56,0.99,-1,-1,-1
160,10,1849.68,1122.4,225.41,264.12,0.99,-1,-1,-1
160,1,1739.6,1197.7,140.42,306.86,1.0,-1,-1,-1
161,2,407.74,1324.44,138.36,369.66,1.0,-1,-1,-1
161,3,2593.79,1185.86,152.35,291.32,1.0,-1,-1,-1
161,4,1699.24,1316.85,147.6,329.89,1.0,-1,-1,-1
161,5,2385.0,1121.93,127.66,272.86,1.0,-1,-1,-1
161,7,1549.98,1216.78,200.72,323.48,1.0,-1,-1,-1
161,10,1842.89,1123.6,218.02,261.51,0.99,-1,-1,-1
161,1,1722.92,1202.34,153.33,313.11,0.99,-1,-1,-1
162,2,407.73,1323.52,138.38,369.82,1.0,-1,-1,-1
162,3,2584.74,1185.14,161.31,296.02,1.0,-1,-1,-1
162,4,1721.61,1313.95,151.58,334.21,0.99,-1,-1,-1
162,5,2377.66,1124.03,136.59,271.85,1.0,-1,-1,-1
162,7,1556.75,1219.85,208.91,326.84,0.99,-1,-1,-1
162,10,1837.05,1124.51,213.31,260.11,0.99,-1,-1,-1
162,1,1728.27,1207.56,148.4,316.32,1.0,-1,-1,-1
163,2,407.7,1323.14,138.39,369.88,1.0,-1,-1,-1
163,3,2578.67,1184.83,161.47,298.69,1.0,-1,-1,-1
163,4,1729.83,1311.47,167.45,336.3,0.99,-1,-1,-1
163,5,2368.83,1125.68,146.88,271.47,1.0,-1,-1,-1
163,7,1562.73,1226.23,212.01,331.52,1.0,-1,-1,-1
163,10,1833.31,1125.77,204.31,258.72,0.99,-1,-1,-1
163,1,1727.8,1212.61,158.28,345.34,0.99,-1,-1,-1
164,2,407.65,1323.9,138.38,369.91,1.0,-1,-1,-1
164,3,2574.72,1185.99,157.91,300.13,0.99,-1,-1,-1
164,4,1736.94,1296.25,188.92,349.56,1.0,-1,-1,-1
164,5,2362.81,1128.06,152.61,271.34,1.0,-1,-1,-1
164,7,1569.3,1231.69,223.35,338.91,0.99,-1,-1,-1
164,10,1832.21,1127.15,193.65,258.25,1.0,-1,-1,-1
164,1,1729.36,1217.91,163.67,323.59,0.99,-1,-1,-1
165,2,407.85,1324.19,137.94,369.92,1.0,-1,-1,-1
165,3,2572.54,1185.07,147.61,301.97,1.0,-1,-1,-1
165,4,1752.02,1287.9,205.77,354.53,1.0,-1,-1,-1
165,5,2357.09,1130.69,156.51,271.29,1.0,-1,-1,-1
165,7,1578.6,1241.13,224.26,341.19,1.0,-1,-1,-1
165,10,1829.35,1128.58,186.11,256.32,1.0,-1,-1,-1
165,1,1731.19,1222.19,152.01,307.45,0.99,-1,-1,-1
166,2,407.51,1324.31,138.22,369.92,1.0,-1,-1,-1
166,3,2566.62,1184.22,139.86,303.07,1.0,-1,-1,-1
166,4,1767.67,1279.85,215.91,355.96,1.0,-1,-1,-1
166,5,2354.07,1132.51,157.95,270.39,1.0,-1,-1,-1
166,7,1590.01,1250.4,219.2,336.2,0.99,-1,-1,-1
166,10,1828.56,1128.66,181.65,256.08,1.0,-1,-1,-1
166,1,1730.81,1224.58,148.76,295.04,0.98,-1,-1,-1
167,2,407.64,1324.4,138.34,369.92,1.0,-1,-1,-1
167,3,2557.46,1182.97,133.31,304.34,1.0,-1,-1,-1
167,4,1788.7,1276.38,213.04,342.72,0.99,-1,-1,-1
167,5,2352.18,1133.57,156.67,271.39,1.0,-1,-1,-1
167,7,1611.06,1265.37,192.41,323.45,0.99,-1,-1,-1
167,10,1832.2,1128.68,167.3,254.23,0.99,-1,-1,-1
167,1,1731.81,1226.72,140.4,302.79,0.99,-1,-1,-1
168,2,407.71,1324.44,138.38,369.91,1.0,-1,-1,-1
168,3,2548.86,1180.68,125.4,306.55,1.0,-1,-1,-1
168,4,1814.6,1272.47,197.63,324.92,0.99,-1,-1,-1
168,5,2350.71,1133.47,152.54,272.22,1.0,-1,-1,-1
168,7,1631.97,1275.84,188.81,313.5,0.99,-1,-1,-1
168,10,1836.67,1129.14,154.69,252.68,0.99,-1,-1,-1
168,1,1731.68,1228.77,137.11,311.37,0.99,-1,-1,-1
169,2,407.76,1324.47,138.4,369.91,1.0,-1,-1,-1
169,3,2539.55,1179.35,118.8,310.45,1.0,-1,-1,-1
169,4,1852.45,1269.3,162.5,316.45,1.0,-1,-1,-1
169,5,2349.42,1133.82,150.8,272.09,1.0,-1,-1,-1
169,7,1651.76,1281.32,173.11,306.13,0.99,-1,-1,-1
169,10,1840.31,1130.2,144.84,253.49,0.99,-1,-1,-1
169,1,1731.86,1229.91,139.49,320.38,0.99,-1,-1,-1
170,2,407.57,1324.5,138.41,369.9,1.0,-1,-1,-1
170,3,2530.94,1177.07,114.62,317.18,1.0,-1,-1,-1
170,4,1881.47,1265.53,133.35,313.45,1.0,-1,-1,-1
170,5,2346.4,1133.45,151.83,272.48,1.0,-1,-1,-1
170,7,1674.54,1286.29,141.12,302.95,0.99,-1,-1,-1
170,10,1841.67,1130.15,137.95,273.07,0.99,-1,-1,-1
170,1,1738.32,1233.35,127.9,323.34,0.98,-1,-1,-1
171,2,407.48,1323.57,138.41,369.9,1.0,-1,-1,-1
171,3,2521.64,1175.32,115.04,321.46,0.99,-1,-1,-1
171,4,1899.62,1258.79,123.61,316.06,1.0,-1,-1,-1
171,5,2344.44,1131.92,150.38,273.97,1.0,-1,-1,-1
171,7,1685.95,1290.14,131.4,298.65,0.99,-1,-1,-1
171,10,1845.97,1129.24,130.18,260.3,1.0,-1,-1,-1
171,1,1721.78,1234.56,143.65,326.19,0.97,-1,-1,-1
172,2,407.44,1324.09,138.4,369.9,1.0,-1,-1,-1
172,3,2512.15,1174.21,118.89,324.35,0.99,-1,-1,-1
172,4,1914.31,1251.01,126.54,318.91,1.0,-1,-1,-1
172,5,2340.25,1130.42,146.19,276.31,1.0,-1,-1,-1
172,7,1690.15,1294.95,147.85,295.28,0.99,-1,-1,-1
172,10,1847.49,1128.85,125.92,255.04,0.99,-1,-1,-1
172,1,1719.54,1236.69,147.24,323.67,0.99,-1,-1,-1
173,2,407.65,1324.23,138.39,369.89,1.0,-1,-1,-1
173,3,2499.9,1173.78,123.91,323.6,1.0,-1,-1,-1
173,4,1928.06,1240.59,140.59,324.96,1.0,-1,-1,-1
173,5,2334.27,1128.48,140.91,277.63,1.0,-1,-1,-1
173,7,1694.38,1295.58,161.9,295.89,1.0,-1,-1,-1
173,10,1850.83,1129.13,119.06,250.39,0.99,-1,-1,-1
173,1,1730.28,1240.05,138.11,320.84,0.99,-1,-1,-1
174,2,407.71,1323.37,138.38,369.89,1.0,-1,-1,-1
174,3,2483.13,1174.96,132.9,325.44,1.0,-1,-1,-1
174,4,1938.93,1231.02,157.95,333.05,1.0,-1,-1,-1
174,5,2328.53,1125.94,135.27,279.89,1.0,-1,-1,-1
174,7,1696.54,1292.02,169.14,303.36,1.0,-1,-1,-1
174,10,1853.87,1129.22,113.19,249.6,0.99,-1,-1,-1
174,1,1744.87,1241.22,127.1,321.49,0.98,-1,-1,-1
175,2,407.73,1323.95,138.37,369.89,1.0,-1,-1,-1
175,3,2457.86,1175.87,150.2,325.62,1.0,-1,-1,-1
175,4,1949.57,1223.14,168.1,336.12,1.0,-1,-1,-1
175,5,2322.01,1123.65,129.52,282.06,1.0,-1,-1,-1
175,7,1696.12,1295.9,184.26,304.4,0.99,-1,-1,-1
175,10,1855.84,1129.7,109.59,248.45,0.99,-1,-1,-1
175,1,1753.22,1241.59,124.86,318.15,0.98,-1,-1,-1
176,2,407.74,1324.18,138.38,369.89,1.0,-1,-1,-1
176,3,2432.21,1178.88,165.29,323.85,0.99,-1,-1,-1
176,4,1957.4,1217.67,172.14,330.2,1.0,-1,-1,-1
176,5,2317.05,1121.45,125.59,284.18,1.0,-1,-1,-1
176,7,1698.38,1292.77,195.18,313.73,0.99,-1,-1,-1
176,10,1857.41,1129.44,110.51,248.06,0.99,-1,-1,-1
176,1,1758.01,1240.74,129.56,316.84,0.98,-1,-1,-1
177,2,407.73,1323.4,138.38,369.9,1.0,-1,-1,-1
177,3,2422.9,1182.72,161.31,319.55,0.99,-1,-1,-1
177,4,1970.21,1212.72,163.21,316.71,1.0,-1,-1,-1
177,5,2311.76,1119.32,126.05,287.18,1.0,-1,-1,-1
177,7,1701.61,1288.42,206.31,329.13,0.99,-1,-1,-1
177,10,1857.0,1129.8,110.99,248.85,0.99,-1,-1,-1
177,1,1759.74,1241.26,134.84,307.39,0.98,-1,-1,-1
178,2,407.52,1324.05,138.39,369.9,1.0,-1,-1,-1
178,3,2425.05,1185.96,147.19,316.07,1.0,-1,-1,-1
178,4,1980.61,1208.86,157.67,303.91,1.0,-1,-1,-1
178,5,2306.39,1117.65,124.45,290.05,1.0,-1,-1,-1
178,7,1712.12,1293.25,212.34,335.41,1.0,-1,-1,-1
178,10,1856.83,1130.84,111.35,248.29,1.0,-1,-1,-1
178,1,1755.13,1243.21,138.62,300.19,0.98,-1,-1,-1
179,2,407.42,1324.3,138.39,369.9,1.0,-1,-1,-1
179,3,2427.55,1184.94,134.19,317.87,0.99,-1,-1,-1
179,4,1991.96,1205.42,159.14,299.73,1.0,-1,-1,-1
179,5,2300.95,1118.82,125.72,292.87,1.0,-1,-1,-1
179,7,1722.97,1299.89,216.31,335.58,1.0,-1,-1,-1
179,10,1858.55,1131.7,109.81,246.32,0.99,-1,-1,-1
179,1,1748.91,1244.33,145.35,301.64,0.98,-1,-1,-1
180,2,407.39,1323.53,138.4,369.91,1.0,-1,-1,-1
180,3,2426.25,1184.08,125.66,318.09,0.99,-1,-1,-1
180,4,2003.75,1202.99,157.88,296.95,0.99,-1,-1,-1
180,5,2299.11,1121.95,124.43,291.25,1.0,-1,-1,-1
180,7,1742.59,1303.25,212.55,335.53,0.99,-1,-1,-1
180,10,1860.99,1133.36,111.23,241.13,0.99,-1,-1,-1
180,1,1750.03,1246.04,139.2,303.56,1.0,-1,-1,-1
181,2,407.37,1323.25,138.4,369.91,1.0,-1,-1,-1
181,3,2425.24,1183.75,118.92,318.15,1.0,-1,-1,-1
181,4,2012.08,1200.03,155.57,297.4,0.99,-1,-1,-1
181,5,2286.89,1126.3,133.02,288.34,0.99,-1,-1,-1
181,7,1773.72,1303.11,195.06,337.63,1.0,-1,-1,-1
181,10,1862.74,1134.88,115.46,222.06,0.99,-1,-1,-1
181,1,1750.52,1248.43,140.23,320.42,0.99,-1,-1,-1
182,2,407.13,1323.11,138.84,369.91,1.0,-1,-1,-1
182,3,2415.03,1184.93,123.96,319.49,0.99,-1,-1,-1
182,4,2018.18,1197.3,151.06,298.57,0.99,-1,-1,-1
182,5,2278.1,1130.61,137.89,285.41,1.0,-1,-1,-1
182,7,1803.52,1300.29,175.26,341.88,1.0,-1,-1,-1
182,10,1863.34,1138.2,124.19,211.25,0.99,-1,-1,-1
182,1,1749.81,1252.33,140.59,327.13,1.0,-1,-1,-1
183,2,407.05,1323.04,139.0,369.91,1.0,-1,-1,-1
183,3,2397.23,1186.68,140.05,320.43,1.0,-1,-1,-1
183,4,2024.35,1191.49,147.53,302.24,0.99,-1,-1,-1
183,5,2262.6,1134.45,150.29,281.14,1.0,-1,-1,-1
183,7,1815.77,1296.9,169.72,343.86,1.0,-1,-1,-1
183,10,1863.53,1142.11,127.49,227.08,0.98,-1,-1,-1
183,1,1745.99,1256.4,133.6,331.45,1.0,-1,-1,-1
184,2,406.99,1323.03,139.06,369.91,1.0,-1,-1,-1
184,3,2376.98,1189.13,159.7,319.88,1.0,-1,-1,-1
184,4,2028.81,1182.79,142.61,307.7,0.99,-1,-1,-1
184,5,2244.8,1136.78,166.99,279.53,1.0,-1,-1,-1
184,7,1821.52,1292.02,171.49,344.53,1.0,-1,-1,-1
184,10,1867.06,1143.47,125.3,236.06,0.99,-1,-1,-1
184,1,1746.35,1261.0,127.24,332.61,1.0,-1,-1,-1
185,2,406.76,1322.57,139.53,370.36,1.0,-1,-1,-1
185,3,2358.2,1192.24,177.55,320.09,1.0,-1,-1,-1
185,4,2031.74,1174.33,140.8,312.46,0.99,-1,-1,-1
185,5,2225.27,1138.94,185.32,275.8,1.0,-1,-1,-1
185,7,1828.67,1286.98,195.61,347.79,1.0,-1,-1,-1
185,10,1870.18,1145.7,128.02,234.3,0.99,-1,-1,-1
185,1,1750.19,1265.32,117.59,334.74,0.99,-1,-1,-1
186,2,406.68,1322.39,139.7,370.52,1.0,-1,-1,-1
186,3,2349.93,1197.4,183.14,317.03,1.0,-1,-1,-1
186,4,2033.31,1167.75,151.07,311.63,1.0,-1,-1,-1
186,5,2209.19,1139.7,204.35,274.41,1.0,-1,-1,-1
186,7,1835.6,1282.83,216.27,350.27,1.0,-1,-1,-1
186,10,1873.06,1146.49,132.56,233.63,0.99,-1,-1,-1
186,1,1749.76,1268.65,114.11,337.25,1.0,-1,-1,-1
187,2,406.43,1322.27,140.2,370.58,1.0,-1,-1,-1
187,3,2345.29,1203.3,183.54,311.82,1.0,-1,-1,-1
187,4,2035.51,1161.42,146.01,305.51,1.0,-1,-1,-1
187,5,2196.15,1140.35,217.01,268.98,0.99,-1,-1,-1
187,7,1843.11,1280.31,233.01,349.37,1.0,-1,-1,-1
187,10,1874.97,1145.81,137.78,234.29,0.99,-1,-1,-1
187,1,1747.75,1269.34,112.95,338.57,1.0,-1,-1,-1
188,2,406.09,1322.21,140.38,370.6,1.0,-1,-1,-1
188,3,2344.71,1207.26,178.31,308.97,1.0,-1,-1,-1
188,4,2040.26,1153.87,134.94,298.71,1.0,-1,-1,-1
188,5,2186.85,1140.55,218.69,259.75,0.99,-1,-1,-1
188,7,1856.79,1285.12,231.21,342.27,1.0,-1,-1,-1
188,10,1875.64,1144.61,145.0,235.45,1.0,-1,-1,-1
188,1,1746.1,1269.5,110.78,339.88,1.0,-1,-1,-1
189,2,405.99,1322.19,140.44,370.6,1.0,-1,-1,-1
189,3,2344.96,1210.44,170.77,306.13,1.0,-1,-1,-1
189,4,2043.38,1145.87,125.24,291.69,1.0,-1,-1,-1
189,5,2179.18,1139.19,227.66,263.21,1.0,-1,-1,-1
189,7,1877.52,1289.21,214.5,334.55,1.0,-1,-1,-1
189,10,1876.72,1141.89,152.94,237.68,0.99,-1,-1,-1
189,1,1743.69,1269.02,110.07,340.75,1.0,-1,-1,-1
190,2,406.02,1322.19,140.46,370.59,1.0,-1,-1,-1
190,3,2345.51,1211.51,162.37,305.09,1.0,-1,-1,-1
190,4,2046.01,1139.49,116.26,285.52,1.0,-1,-1,-1
190,5,2158.55,1137.74,244.65,265.4,0.99,-1,-1,-1
190,7,1901.3,1294.31,193.19,327.1,1.0,-1,-1,-1
190,10,1880.57,1137.7,154.3,241.19,0.99,-1,-1,-1
190,1,1740.14,1267.41,113.55,342.33,0.99,-1,-1,-1
191,2,405.78,1322.22,140.91,370.59,1.0,-1,-1,-1
191,3,2345.2,1212.75,155.48,305.65,1.0,-1,-1,-1
191,4,2046.56,1134.24,113.24,281.07,1.0,-1,-1,-1
191,5,2137.13,1136.76,266.38,267.63,0.99,-1,-1,-1
191,7,1925.22,1293.96,172.13,326.59,1.0,-1,-1,-1
191,10,1888.13,1134.35,153.01,243.4,0.99,-1,-1,-1
191,1,1738.86,1265.87,114.85,344.64,1.0,-1,-1,-1
192,2,405.76,1322.68,141.08,370.14,1.0,-1,-1,-1
192,3,2346.36,1212.2,147.43,310.36,1.0,-1,-1,-1
192,4,2045.64,1132.52,112.32,273.18,1.0,-1,-1,-1
192,5,2124.58,1138.12,273.32,266.71,0.98,-1,-1,-1
192,7,1938.77,1290.63,175.86,328.66,1.0,-1,-1,-1
192,10,1896.32,1131.29,152.43,242.45,0.99,-1,-1,-1
192,1,1736.68,1264.32,117.19,346.34,1.0,-1,-1,-1
193,2,405.72,1322.87,141.14,369.97,1.0,-1,-1,-1
193,3,2346.2,1210.17,138.92,319.27,1.0,-1,-1,-1
193,4,2043.24,1134.92,113.96,265.83,1.0,-1,-1,-1
193,5,2111.36,1139.99,279.24,265.95,0.99,-1,-1,-1
193,7,1946.85,1284.01,178.92,333.04,1.0,-1,-1,-1
193,10,1906.4,1129.71,152.15,241.18,1.0,-1,-1,-1
193,1,1733.22,1265.03,119.87,346.47,0.99,-1,-1,-1
194,2,405.44,1322.98,141.15,369.91,1.0,-1,-1,-1
194,3,2346.44,1208.07,132.13,327.49,1.0,-1,-1,-1
194,4,2042.22,1138.34,112.83,259.18,1.0,-1,-1,-1
194,5,2114.11,1140.71,265.98,265.7,0.98,-1,-1,-1
194,7,1952.91,1274.88,174.7,339.6,0.99,-1,-1,-1
194,10,1918.96,1128.72,146.7,236.23,1.0,-1,-1,-1
194,1,1729.28,1267.08,127.98,348.24,1.0,-1,-1,-1
195,2,405.32,1323.05,141.16,369.9,1.0,-1,-1,-1
195,3,2349.57,1206.8,126.05,335.45,1.0,-1,-1,-1
195,4,2042.58,1142.08,112.52,255.55,0.99,-1,-1,-1
195,5,2126.42,1140.97,244.35,264.74,0.99,-1,-1,-1
195,7,1954.53,1264.82,176.77,346.06,0.99,-1,-1,-1
195,10,1931.7,1127.51,139.15,237.04,0.99,-1,-1,-1
195,1,1727.83,1270.95,139.71,352.85,1.0,-1,-1,-1
196,2,405.31,1322.59,141.15,370.33,1.0,-1,-1,-1
196,3,2352.74,1205.81,122.12,342.4,1.0,-1,-1,-1
196,4,2041.68,1145.81,112.48,253.94,0.99,-1,-1,-1
196,5,2140.75,1140.12,219.41,263.51,0.99,-1,-1,-1
196,7,1957.44,1255.27,172.15,351.57,0.99,-1,-1,-1
196,10,1945.36,1126.16,130.83,248.95,0.99,-1,-1,-1
196,1,1727.31,1276.76,142.54,356.3,1.0,-1,-1,-1
197,2,405.29,1322.36,141.13,370.5,1.0,-1,-1,-1
197,3,2355.84,1206.71,118.97,345.44,1.0,-1,-1,-1
197,4,2036.68,1147.27,116.16,254.41,0.99,-1,-1,-1
197,5,2157.6,1135.3,195.14,267.56,0.99,-1,-1,-1
197,7,1957.95,1243.75,170.42,360.68,0.99,-1,-1,-1
197,10,1953.76,1126.1,129.63,255.57,0.99,-1,-1,-1
197,1,1731.47,1284.66,140.13,360.63,1.0,-1,-1,-1
198,2,405.34,1322.27,141.12,370.55,1.0,-1,-1,-1
198,3,2358.92,1208.32,116.11,347.82,1.0,-1,-1,-1
198,4,2032.14,1146.02,119.33,255.62,0.99,-1,-1,-1
198,5,2165.86,1134.34,176.97,269.08,0.99,-1,-1,-1
198,7,1958.7,1237.23,160.78,358.38,0.99,-1,-1,-1
198,10,1960.22,1125.64,125.6,255.9,1.0,-1,-1,-1
198,1,1735.87,1292.88,133.8,365.73,1.0,-1,-1,-1
199,2,405.11,1322.25,141.12,370.57,1.0,-1,-1,-1
199,3,2360.09,1210.25,115.21,349.07,1.0,-1,-1,-1
199,4,2032.13,1142.03,118.79,257.1,0.99,-1,-1,-1
199,5,2166.94,1132.67,167.03,271.89,0.99,-1,-1,-1
199,7,1957.55,1234.88,166.46,347.63,0.99,-1,-1,-1
199,10,1966.87,1124.19,115.01,247.12,0.99,-1,-1,-1
199,1,1736.7,1299.46,131.29,365.84,0.99,-1,-1,-1
200,2,404.74,1322.29,141.56,370.59,1.0,-1,-1,-1
200,3,2364.22,1212.78,105.82,349.47,1.0,-1,-1,-1
200,4,2023.16,1136.15,129.33,260.44,0.99,-1,-1,-1
200,5,2165.46,1131.2,163.87,274.74,1.0,-1,-1,-1
200,7,1953.46,1235.58,166.69,334.0,0.99,-1,-1,-1
200,10,1970.76,1122.82,109.31,245.46,0.96,-1,-1,-1
200,1,1734.33,1305.47,132.13,364.02,0.99,-1,-1,-1
201,2,404.6,1322.29,141.72,370.6,1.0,-1,-1,-1
201,3,2362.97,1215.04,104.41,349.08,1.0,-1,-1,-1
201,4,2025.04,1131.78,128.01,259.54,0.99,-1,-1,-1
201,5,2164.06,1130.66,157.34,277.58,1.0,-1,-1,-1
201,7,1954.29,1234.21,166.83,323.44,0.99,-1,-1,-1
201,10,1976.54,1120.1,113.08,242.15,0.98,-1,-1,-1
201,1,1728.13,1309.39,139.53,363.23,1.0,-1,-1,-1
202,2,404.57,1322.25,141.77,370.59,1.0,-1,-1,-1
202,3,2365.31,1215.84,104.01,347.95,1.0,-1,-1,-1
202,4,2032.89,1124.36,125.67,258.81,1.0,-1,-1,-1
202,5,2162.68,1129.12,151.51,279.97,1.0,-1,-1,-1
202,7,1954.39,1235.64,168.71,317.77,0.99,-1,-1,-1
202,10,1982.04,1116.84,112.6,241.79,0.96,-1,-1,-1
202,1,1722.33,1310.26,142.28,363.3,1.0,-1,-1,-1
203,2,404.58,1322.25,141.79,370.59,1.0,-1,-1,-1
203,3,2368.01,1216.09,105.83,348.33,1.0,-1,-1,-1
203,4,2033.23,1118.99,130.11,251.42,1.0,-1,-1,-1
203,5,2161.34,1128.11,145.95,282.17,1.0,-1,-1,-1
203,7,1952.5,1232.2,162.3,317.12,0.99,-1,-1,-1
203,10,1986.56,1112.99,108.88,238.97,0.98,-1,-1,-1
203,1,1715.74,1310.01,143.31,364.6,1.0,-1,-1,-1
204,2,404.36,1322.25,141.79,370.59,1.0,-1,-1,-1
204,3,2370.78,1215.27,104.76,349.3,1.0,-1,-1,-1
204,4,2035.96,1112.13,131.75,245.99,1.0,-1,-1,-1
204,5,2160.92,1126.42,140.48,285.19,1.0,-1,-1,-1
204,7,1947.9,1223.37,156.25,321.02,0.99,-1,-1,-1
204,10,1988.83,1107.55,111.28,239.71,0.99,-1,-1,-1
204,1,1707.97,1309.8,138.37,365.04,1.0,-1,-1,-1
205,2,404.3,1322.26,141.79,370.59,1.0,-1,-1,-1
205,3,2376.36,1214.02,102.64,350.5,1.0,-1,-1,-1
205,4,2037.01,1104.3,135.88,244.08,1.0,-1,-1,-1
205,5,2160.85,1124.03,135.05,286.3,1.0,-1,-1,-1
205,7,1944.25,1214.82,148.6,327.01,0.99,-1,-1,-1
205,10,1996.72,1103.8,108.58,247.16,0.97,-1,-1,-1
205,1,1700.61,1307.38,123.85,368.26,1.0,-1,-1,-1
206,2,404.25,1322.72,142.23,370.14,1.0,-1,-1,-1
206,3,2376.54,1213.54,107.44,350.01,1.0,-1,-1,-1
206,4,2040.88,1096.6,132.19,239.85,0.99,-1,-1,-1
206,5,2162.75,1122.72,118.36,287.12,1.0,-1,-1,-1
206,7,1937.26,1206.86,149.59,332.42,0.99,-1,-1,-1
206,10,1997.59,1099.37,109.46,247.29,0.99,-1,-1,-1
206,1,1695.19,1305.51,120.1,369.43,1.0,-1,-1,-1
207,2,404.24,1322.9,142.4,369.97,1.0,-1,-1,-1
207,3,2369.47,1212.89,118.07,349.32,1.0,-1,-1,-1
207,4,2044.14,1090.3,125.33,236.58,0.99,-1,-1,-1
207,5,2163.52,1121.81,105.0,287.83,1.0,-1,-1,-1
207,7,1930.22,1200.44,150.0,332.72,0.99,-1,-1,-1
207,10,2001.34,1095.1,115.24,245.54,0.98,-1,-1,-1
207,1,1688.82,1303.83,122.5,368.93,1.0,-1,-1,-1
208,2,404.23,1322.97,142.46,369.91,1.0,-1,-1,-1
208,3,2360.77,1212.63,130.69,349.01,1.0,-1,-1,-1
208,4,2048.04,1085.9,117.26,230.94,0.99,-1,-1,-1
208,5,2163.8,1120.18,97.14,292.04,1.0,-1,-1,-1
208,7,1924.88,1195.07,146.61,326.14,0.99,-1,-1,-1
208,10,2008.79,1090.01,108.57,240.39,0.98,-1,-1,-1
208,1,1681.23,1303.57,128.78,370.02,1.0,-1,-1,-1
209,2,404.22,1323.01,142.48,369.9,1.0,-1,-1,-1
209,3,2353.96,1212.09,140.74,348.41,1.0,-1,-1,-1
209,4,2049.41,1080.85,110.62,233.53,0.98,-1,-1,-1
209,5,2160.95,1119.16,96.99,294.04,1.0,-1,-1,-1
209,7,1919.26,1191.46,143.61,321.85,1.0,-1,-1,-1
209,10,2023.26,1086.43,95.01,246.53,0.96,-1,-1,-1
209,1,1663.51,1307.0,145.24,366.83,1.0,-1,-1,-1
210,2,404.28,1323.05,142.48,369.88,1.0,-1,-1,-1
210,3,2348.72,1213.19,149.85,346.81,1.0,-1,-1,-1
210,4,2042.45,1078.7,113.85,248.04,0.99,-1,-1,-1
210,5,2153.41,1118.36,102.84,296.07,1.0,-1,-1,-1
210,7,1912.71,1189.39,138.95,313.07,1.0,-1,-1,-1
210,10,2034.93,1082.51,90.07,241.7,0.76,-1,-1,-1
210,1,1644.16,1310.03,163.34,363.77,1.0,-1,-1,-1
211,2,403.86,1323.06,142.93,369.88,0.99,-1,-1,-1
211,3,2344.96,1213.16,156.84,346.62,1.0,-1,-1,-1
211,4,2043.6,1079.31,114.99,249.03,0.99,-1,-1,-1
211,5,2149.05,1117.65,106.75,297.23,0.99,-1,-1,-1
211,7,1901.22,1186.12,139.17,310.74,1.0,-1,-1,-1
211,10,2038.62,1078.91,88.51,245.2,0.93,-1,-1,-1
211,1,1627.3,1312.02,178.96,362.59,1.0,-1,-1,-1
212,2,403.72,1323.06,143.09,369.88,0.99,-1,-1,-1
212,3,2343.5,1212.23,161.26,347.43,1.0,-1,-1,-1
212,4,2047.61,1079.32,119.06,244.11,0.98,-1,-1,-1
212,5,2145.71,1116.97,108.36,298.94,1.0,-1,-1,-1
212,7,1891.72,1181.0,133.89,312.2,1.0,-1,-1,-1
212,10,2042.46,1078.1,86.21,240.28,0.91,-1,-1,-1
212,1,1610.55,1315.38,195.31,358.56,1.0,-1,-1,-1
213,2,403.44,1322.64,143.6,370.33,0.99,-1,-1,-1
213,3,2343.85,1211.43,162.92,348.16,1.0,-1,-1,-1
213,4,2054.42,1078.62,118.83,239.54,0.94,-1,-1,-1
213,5,2142.77,1116.31,110.91,299.09,0.99,-1,-1,-1
213,7,1883.78,1173.44,130.19,315.05,1.0,-1,-1,-1
213,10,2041.68,1074.81,94.8,242.89,0.95,-1,-1,-1
213,1,1600.61,1316.14,205.21,357.48,1.0,-1,-1,-1
214,2,403.29,1322.92,143.78,370.06,0.99,-1,-1,-1
214,3,2345.75,1211.15,161.73,350.21,1.0,-1,-1,-1
214,4,2064.11,1080.31,116.96,228.87,0.82,-1,-1,-1
214,5,2138.15,1117.89,115.51,297.32,1.0,-1,-1,-1
214,7,1878.29,1164.08,130.79,319.3,1.0,-1,-1,-1
214,10,2039.64,1073.69,111.86,242.97,0.98,-1,-1,-1
214,1,1595.09,1315.03,209.09,358.44,1.0,-1,-1,-1
215,2,402.82,1322.99,144.29,369.95,0.99,-1,-1,-1
215,3,2352.66,1211.02,155.89,350.96,1.0,-1,-1,-1
215,4,2047.91,1081.53,136.04,226.76,0.99,-1,-1,-1
215,5,2133.84,1117.61,119.04,297.48,0.99,-1,-1,-1
215,7,1871.93,1156.7,134.71,323.15,1.0,-1,-1,-1
215,10,2041.39,1073.36,108.23,231.4,0.8,-1,-1,-1
215,1,1592.34,1313.63,210.43,358.8,1.0,-1,-1,-1
216,2,402.87,1322.99,144.02,369.91,0.99,-1,-1,-1
216,3,2359.83,1211.85,149.94,351.21,1.0,-1,-1,-1
216,4,2039.67,1082.95,152.93,221.54,0.99,-1,-1,-1
216,5,2130.52,1117.07,122.18,297.94,0.99,-1,-1,-1
216,7,1866.15,1150.98,136.2,326.84,1.0,-1,-1,-1
216,10,2033.79,1076.11,120.72,220.6,0.9,-1,-1,-1
216,1,1589.82,1311.25,209.04,360.73,1.0,-1,-1,-1
217,2,402.91,1323.0,143.91,369.89,0.99,-1,-1,-1
217,3,2366.15,1212.16,145.82,351.28,1.0,-1,-1,-1
217,4,2042.98,1082.2,149.75,218.79,0.81,-1,-1,-1
217,5,2139.03,1116.89,112.85,298.08,0.99,-1,-1,-1
217,7,1859.7,1146.34,135.04,322.91,1.0,-1,-1,-1
217,10,2034.44,1075.39,125.28,220.38,0.97,-1,-1,-1
217,1,1585.66,1311.65,201.35,359.23,1.0,-1,-1,-1
218,2,402.71,1323.02,144.32,369.89,0.99,-1,-1,-1
218,3,2373.0,1212.28,140.65,351.29,1.0,-1,-1,-1
218,5,2147.18,1117.3,105.53,297.65,1.0,-1,-1,-1
218,7,1852.09,1145.27,132.85,316.48,1.0,-1,-1,-1
218,10,2035.44,1074.29,130.51,220.37,1.0,-1,-1,-1
218,1,1580.86,1314.92,191.04,355.54,1.0,-1,-1,-1
219,2,402.41,1323.02,144.46,369.89,0.99,-1,-1,-1
219,3,2380.94,1212.32,135.07,351.27,1.0,-1,-1,-1
219,5,2151.11,1117.47,101.1,298.35,1.0,-1,-1,-1
219,7,1844.95,1146.89,130.28,309.56,1.0,-1,-1,-1
219,10,2039.18,1071.69,142.8,179.86,0.13,-1,-1,-1
219,1,1575.77,1319.25,176.16,351.91,1.0,-1,-1,-1
219,4,2043.98,1083.23,135.0,213.91,0.99,-1,-1,-1
220,2,402.52,1323.01,144.06,369.89,0.99,-1,-1,-1
220,3,2385.63,1211.89,133.0,352.58,0.99,-1,-1,-1
220,5,2155.29,1117.55,97.76,298.59,1.0,-1,-1,-1
220,7,1838.0,1149.5,123.94,303.41,1.0,-1,-1,-1
220,10,2048.17,1067.43,137.45,177.84,0.86,-1,-1,-1
220,1,1570.58,1321.29,153.92,349.22,1.0,-1,-1,-1
220,4,2053.75,1085.38,128.9,211.56,0.99,-1,-1,-1
221,2,402.55,1322.99,143.9,369.89,0.99,-1,-1,-1
221,3,2389.05,1212.17,134.08,351.72,1.0,-1,-1,-1
221,5,2156.77,1118.04,96.65,298.21,1.0,-1,-1,-1
221,7,1831.1,1153.35,117.97,298.47,1.0,-1,-1,-1
221,10,2055.25,1063.79,124.47,187.49,0.93,-1,-1,-1
221,1,1564.4,1317.5,134.3,351.85,1.0,-1,-1,-1
221,4,2059.64,1088.89,119.59,208.03,0.99,-1,-1,-1
222,2,402.31,1322.55,143.84,370.34,1.0,-1,-1,-1
222,3,2392.02,1212.3,134.5,351.38,1.0,-1,-1,-1
222,5,2157.29,1117.38,96.33,298.93,1.0,-1,-1,-1
222,7,1827.02,1153.57,112.22,298.09,1.0,-1,-1,-1
222,10,2058.72,1060.33,117.42,186.42,0.95,-1,-1,-1
222,1,1558.81,1312.5,125.79,354.65,0.99,-1,-1,-1
222,4,2060.72,1095.25,114.47,202.23,1.0,-1,-1,-1
223,2,402.25,1322.85,144.26,370.07,0.99,-1,-1,-1
223,3,2394.84,1211.9,136.48,351.68,1.0,-1,-1,-1
223,5,2156.56,1116.24,99.95,299.19,1.0,-1,-1,-1
223,7,1822.14,1151.04,108.42,299.83,1.0,-1,-1,-1
223,10,2058.96,1058.68,116.66,189.85,0.95,-1,-1,-1
223,1,1551.49,1306.58,119.36,357.06,1.0,-1,-1,-1
223,4,2060.1,1097.66,116.5,200.11,1.0,-1,-1,-1
224,2,401.79,1322.96,144.42,369.96,1.0,-1,-1,-1
224,3,2397.58,1211.29,137.24,353.12,1.0,-1,-1,-1
224,5,2157.17,1116.71,108.45,299.26,0.99,-1,-1,-1
224,7,1816.0,1146.59,109.05,302.34,1.0,-1,-1,-1
224,10,2053.57,1056.36,137.94,220.01,0.99,-1,-1,-1
224,1,1541.65,1300.33,115.51,360.2,1.0,-1,-1,-1
224,4,2059.83,1097.64,113.64,199.39,0.98,-1,-1,-1
225,2,401.62,1322.99,144.47,369.92,1.0,-1,-1,-1
225,3,2398.51,1210.61,139.31,354.1,1.0,-1,-1,-1
225,5,2160.0,1116.44,111.63,299.71,1.0,-1,-1,-1
225,7,1812.17,1140.53,107.53,304.23,1.0,-1,-1,-1
225,10,2058.42,1058.88,138.82,228.3,0.78,-1,-1,-1
225,1,1513.91,1294.43,129.63,359.61,0.99,-1,-1,-1
225,4,2058.71,1097.17,116.37,200.09,0.99,-1,-1,-1
226,2,402.01,1322.56,144.05,370.35,1.0,-1,-1,-1
226,3,2397.88,1210.35,141.87,354.45,1.0,-1,-1,-1
226,5,2161.98,1115.46,116.39,300.76,1.0,-1,-1,-1
226,7,1808.28,1135.67,105.26,304.99,1.0,-1,-1,-1
226,10,2089.04,1063.96,104.23,194.42,0.75,-1,-1,-1
226,1,1491.3,1291.34,141.37,355.81,1.0,-1,-1,-1
226,4,2059.17,1095.64,113.81,201.3,1.0,-1,-1,-1
227,2,401.91,1322.34,144.32,370.51,1.0,-1,-1,-1
227,3,2395.76,1205.8,146.36,358.13,1.0,-1,-1,-1
227,5,2161.82,1115.09,121.69,301.13,1.0,-1,-1,-1
227,7,1803.39,1129.9,104.52,308.42,1.0,-1,-1,-1
227,10,2109.6,1066.73,83.14,172.56,0.76,-1,-1,-1
227,1,1475.87,1287.07,145.98,352.12,1.0,-1,-1,-1
227,4,2062.88,1095.05,112.92,201.8,1.0,-1,-1,-1
228,2,401.63,1322.26,144.42,370.58,1.0,-1,-1,-1
228,3,2392.24,1193.0,149.81,371.48,0.99,-1,-1,-1
228,5,2160.86,1114.52,127.18,301.71,1.0,-1,-1,-1
228,7,1799.08,1126.96,104.35,305.29,1.0,-1,-1,-1
228,10,2116.71,1067.75,76.64,160.37,0.38,-1,-1,-1
228,1,1465.05,1286.45,151.32,339.1,1.0,-1,-1,-1
228,4,2064.19,1093.5,114.48,203.81,1.0,-1,-1,-1
229,2,401.53,1322.23,144.45,370.6,1.0,-1,-1,-1
229,3,2389.07,1176.37,151.11,387.44,1.0,-1,-1,-1
229,5,2162.19,1113.88,127.57,302.35,1.0,-1,-1,-1
229,7,1794.06,1126.0,104.36,299.63,1.0,-1,-1,-1
229,10,2120.61,1072.37,66.95,142.21,0.13,-1,-1,-1
229,1,1462.16,1287.68,149.87,324.68,1.0,-1,-1,-1
229,4,2066.41,1088.91,111.52,209.94,1.0,-1,-1,-1
230,2,401.56,1322.26,144.47,370.6,1.0,-1,-1,-1
230,3,2385.2,1165.22,153.33,399.18,1.0,-1,-1,-1
230,5,2163.6,1113.64,125.91,302.56,1.0,-1,-1,-1
230,7,1788.83,1126.23,104.44,292.57,1.0,-1,-1,-1
230,10,2121.39,1074.03,66.09,135.2,0.25,-1,-1,-1
230,1,1463.46,1286.4,147.48,321.3,1.0,-1,-1,-1
230,4,2068.12,1087.2,105.01,210.48,1.0,-1,-1,-1
231,2,401.57,1322.18,144.46,371.48,1.0,-1,-1,-1
231,3,2381.89,1156.61,154.13,407.98,1.0,-1,-1,-1
231,5,2165.86,1113.54,121.66,300.84,1.0,-1,-1,-1
231,7,1785.26,1126.86,104.52,285.02,1.0,-1,-1,-1
231,10,2117.62,1074.05,75.6,139.85,0.65,-1,-1,-1
231,1,1458.15,1282.76,151.87,323.36,1.0,-1,-1,-1
231,4,2072.34,1086.54,91.59,211.56,0.99,-1,-1,-1
232,2,401.39,1322.65,144.46,370.48,1.0,-1,-1,-1
232,3,2379.76,1149.48,154.39,416.04,1.0,-1,-1,-1
232,5,2167.61,1112.63,116.42,300.17,1.0,-1,-1,-1
232,7,1783.26,1124.04,102.82,283.66,0.99,-1,-1,-1
232,10,2113.8,1070.83,89.34,187.58,0.91,-1,-1,-1
232,1,1453.8,1275.19,158.77,326.93,1.0,-1,-1,-1
232,4,2074.74,1086.78,83.02,211.07,0.99,-1,-1,-1
233,2,401.08,1322.86,144.91,370.09,1.0,-1,-1,-1
233,3,2377.19,1146.46,156.22,419.45,1.0,-1,-1,-1
233,5,2168.24,1111.87,110.81,298.57,0.99,-1,-1,-1
233,7,1780.0,1119.51,100.43,285.95,0.99,-1,-1,-1
233,10,2108.93,1068.54,97.99,187.33,0.96,-1,-1,-1
233,1,1455.0,1266.64,161.39,331.49,1.0,-1,-1,-1
233,4,2075.45,1086.04,82.3,211.76,0.99,-1,-1,-1
234,2,401.2,1322.47,145.08,371.29,1.0,-1,-1,-1
234,3,2375.33,1145.02,156.88,421.01,1.0,-1,-1,-1
234,5,2166.6,1111.59,108.73,297.96,0.99,-1,-1,-1
234,7,1777.18,1112.96,97.78,289.11,1.0,-1,-1,-1
234,10,2102.53,1065.32,108.35,198.16,0.98,-1,-1,-1
234,1,1458.47,1258.6,162.35,335.5,0.99,-1,-1,-1
234,4,2076.58,1085.77,80.27,212.0,0.99,-1,-1,-1
235,2,401.26,1322.37,145.14,371.74,1.0,-1,-1,-1
235,3,2375.54,1145.97,157.09,420.11,1.0,-1,-1,-1
235,5,2165.99,1111.07,106.19,296.39,0.99,-1,-1,-1
235,7,1773.61,1106.17,96.87,293.93,1.0,-1,-1,-1
235,10,2102.47,1062.39,107.43,207.43,0.98,-1,-1,-1
235,1,1462.78,1250.82,162.67,338.39,1.0,-1,-1,-1
235,4,2072.21,1083.49,83.49,214.75,0.99,-1,-1,-1
236,2,401.34,1322.28,145.16,371.89,1.0,-1,-1,-1
236,3,2375.65,1146.46,155.35,419.58,1.0,-1,-1,-1
236,5,2167.57,1110.41,99.82,295.35,1.0,-1,-1,-1
236,7,1769.76,1100.57,98.41,296.22,1.0,-1,-1,-1
236,10,2101.53,1059.49,106.88,220.41,0.98,-1,-1,-1
236,1,1467.36,1243.97,160.96,339.94,0.99,-1,-1,-1
236,4,2062.49,1080.85,91.94,217.54,0.99,-1,-1,-1
237,2,401.52,1322.24,144.71,371.96,1.0,-1,-1,-1
237,3,2376.58,1148.58,154.64,417.47,1.0,-1,-1,-1
237,5,2168.1,1110.2,93.8,294.09,1.0,-1,-1,-1
237,7,1767.53,1096.37,99.02,298.45,1.0,-1,-1,-1
237,10,2098.49,1057.53,113.57,222.87,0.98,-1,-1,-1
237,1,1473.74,1239.31,154.92,332.99,1.0,-1,-1,-1
237,4,2050.16,1078.56,103.79,222.12,0.99,-1,-1,-1
238,2,401.55,1322.25,144.54,371.98,1.0,-1,-1,-1
238,3,2379.61,1151.76,150.79,414.32,1.0,-1,-1,-1
238,5,2168.25,1108.82,89.86,294.97,0.99,-1,-1,-1
238,7,1764.16,1095.38,101.08,297.97,1.0,-1,-1,-1
238,10,2092.19,1055.52,119.49,221.92,0.98,-1,-1,-1
238,1,1481.8,1235.98,143.56,321.37,1.0,-1,-1,-1
238,4,2040.31,1076.43,113.47,228.24,0.99,-1,-1,-1
239,2,401.57,1322.29,144.48,371.99,1.0,-1,-1,-1
239,3,2380.8,1153.98,149.3,412.11,1.0,-1,-1,-1
239,5,2168.3,1108.33,88.58,294.43,0.99,-1,-1,-1
239,7,1758.59,1094.74,103.66,294.67,1.0,-1,-1,-1
239,10,2091.4,1053.92,116.66,213.51,0.97,-1,-1,-1
239,1,1489.64,1234.06,131.92,307.98,1.0,-1,-1,-1
239,4,2036.41,1076.11,120.77,231.42,0.98,-1,-1,-1
240,2,401.59,1322.32,144.46,371.98,1.0,-1,-1,-1
240,3,2382.14,1155.36,146.95,410.75,1.0,-1,-1,-1
240,5,2166.46,1107.73,90.07,293.78,0.99,-1,-1,-1
240,7,1753.96,1096.88,108.19,290.28,1.0,-1,-1,-1
240,10,2092.86,1052.46,113.59,211.8,0.99,-1,-1,-1
240,1,1493.54,1230.81,127.78,301.32,0.99,-1,-1,-1
240,4,2042.59,1071.21,115.16,237.86,0.98,-1,-1,-1
241,2,401.61,1322.36,144.46,371.09,1.0,-1,-1,-1
241,3,2383.55,1157.28,146.08,408.82,1.0,-1,-1,-1
241,5,2165.8,1107.08,88.85,293.11,0.99,-1,-1,-1
241,7,1750.58,1099.62,108.17,284.16,1.0,-1,-1,-1
241,10,2096.99,1050.19,108.79,214.6,0.99,-1,-1,-1
241,1,1494.01,1224.33,128.27,303.59,0.99,-1,-1,-1
241,4,2050.65,1059.76,105.65,249.0,0.99,-1,-1,-1
242,2,401.4,1322.35,144.9,370.74,1.0,-1,-1,-1
242,3,2386.75,1159.39,142.17,406.69,1.0,-1,-1,-1
242,5,2163.71,1107.29,90.31,291.53,0.99,-1,-1,-1
242,7,1746.79,1102.99,104.61,274.24,1.0,-1,-1,-1
242,10,2100.35,1047.16,105.08,216.46,0.97,-1,-1,-1
242,1,1496.01,1218.03,130.33,304.07,0.99,-1,-1,-1
242,4,2056.58,1046.73,98.29,263.61,0.99,-1,-1,-1
243,2,401.76,1322.31,144.62,371.51,1.0,-1,-1,-1
243,3,2389.74,1162.89,138.91,402.27,1.0,-1,-1,-1
243,5,2163.85,1106.93,89.08,291.4,0.99,-1,-1,-1
243,7,1746.42,1102.95,99.63,268.79,0.98,-1,-1,-1
243,10,2097.99,1042.95,107.25,226.76,0.96,-1,-1,-1
243,1,1498.55,1208.18,132.96,310.21,1.0,-1,-1,-1
243,4,2061.53,1029.25,95.61,279.53,0.99,-1,-1,-1
244,2,401.88,1322.3,144.51,371.8,1.0,-1,-1,-1
244,3,2393.53,1169.62,137.74,395.2,1.0,-1,-1,-1
244,5,2163.0,1106.82,88.68,291.37,0.99,-1,-1,-1
244,7,1748.29,1099.36,92.32,269.63,0.99,-1,-1,-1
244,10,2102.43,1039.21,100.94,238.42,0.94,-1,-1,-1
244,1,1502.18,1198.88,135.78,316.58,0.99,-1,-1,-1
244,4,2063.3,1013.48,92.84,294.25,0.99,-1,-1,-1
245,2,402.17,1322.27,144.02,371.9,1.0,-1,-1,-1
245,3,2396.69,1177.54,135.54,387.13,1.0,-1,-1,-1
245,5,2161.79,1106.78,88.57,291.37,0.99,-1,-1,-1
245,7,1749.18,1095.37,87.81,271.82,0.99,-1,-1,-1
245,10,2100.49,1037.36,100.25,236.84,0.94,-1,-1,-1
245,1,1507.11,1190.65,138.66,320.37,0.99,-1,-1,-1
245,4,2061.21,999.21,95.5,306.77,0.99,-1,-1,-1
246,2,402.29,1322.29,143.84,371.05,1.0,-1,-1,-1
246,3,2399.62,1189.05,132.96,376.47,1.0,-1,-1,-1
246,5,2160.47,1105.89,90.39,292.28,0.99,-1,-1,-1
246,7,1747.76,1090.36,88.14,274.5,0.98,-1,-1,-1
246,10,2105.2,1034.09,90.98,241.26,0.89,-1,-1,-1
246,1,1515.16,1185.08,139.76,318.28,1.0,-1,-1,-1
246,4,2057.78,980.89,103.63,320.97,0.98,-1,-1,-1
247,2,402.56,1322.29,143.77,370.72,0.99,-1,-1,-1
247,3,2398.83,1201.88,137.51,363.95,1.0,-1,-1,-1
247,5,2159.1,1106.01,91.08,291.3,0.99,-1,-1,-1
247,7,1746.42,1078.27,88.3,282.72,0.99,-1,-1,-1
247,10,2104.16,1035.52,91.19,239.34,0.92,-1,-1,-1
247,1,1523.52,1179.19,140.19,317.04,1.0,-1,-1,-1
247,4,2048.7,960.16,122.29,339.2,0.99,-1,-1,-1
248,2,402.68,1322.31,143.75,370.6,0.99,-1,-1,-1
248,3,2399.41,1211.52,137.41,355.35,1.0,-1,-1,-1
248,5,2155.94,1105.63,93.16,291.38,0.99,-1,-1,-1
248,7,1746.04,1070.73,88.41,287.6,0.99,-1,-1,-1
248,10,2109.27,1036.17,85.82,236.67,0.96,-1,-1,-1
248,1,1534.64,1176.76,133.24,309.0,1.0,-1,-1,-1
248,4,2057.69,982.73,109.52,315.66,0.97,-1,-1,-1
249,2,402.68,1322.33,143.75,370.56,0.99,-1,-1,-1
249,3,2398.66,1214.89,139.19,352.37,1.0,-1,-1,-1
249,5,2154.77,1105.53,93.96,292.33,0.99,-1,-1,-1
249,7,1744.16,1068.43,90.32,288.59,0.99,-1,-1,-1
249,10,2114.85,1035.62,80.16,236.41,0.94,-1,-1,-1
249,1,1547.82,1176.13,125.12,299.67,0.99,-1,-1,-1
249,4,2061.86,995.4,98.07,304.4,0.99,-1,-1,-1
250,2,402.89,1322.38,143.31,370.55,0.99,-1,-1,-1
250,3,2398.35,1215.98,141.67,351.45,1.0,-1,-1,-1
250,5,2152.58,1104.19,96.05,294.03,0.99,-1,-1,-1
250,7,1740.84,1066.4,94.63,288.96,0.99,-1,-1,-1
250,10,2113.01,1035.5,83.87,234.45,0.97,-1,-1,-1
250,1,1562.62,1177.53,116.64,294.9,0.99,-1,-1,-1
250,4,2066.21,1003.46,91.93,300.93,0.98,-1,-1,-1
251,2,402.94,1322.4,143.14,370.56,0.99,-1,-1,-1
251,3,2398.19,1216.23,139.06,350.37,1.0,-1,-1,-1
251,5,2148.25,1104.15,98.61,294.23,0.99,-1,-1,-1
251,7,1738.77,1067.1,98.02,284.64,0.99,-1,-1,-1
251,10,2111.47,1032.85,85.14,240.73,0.96,-1,-1,-1
251,1,1574.22,1176.41,111.81,293.24,0.99,-1,-1,-1
251,4,2069.57,1012.83,87.94,297.73,0.98,-1,-1,-1
252,2,402.96,1322.43,143.09,370.56,0.99,-1,-1,-1
252,3,2398.99,1216.61,132.68,349.67,1.0,-1,-1,-1
252,5,2145.76,1105.05,99.58,292.53,1.0,-1,-1,-1
252,7,1738.05,1069.31,99.34,279.4,0.99,-1,-1,-1
252,10,2109.04,1032.33,87.47,243.04,0.97,-1,-1,-1
252,1,1579.92,1174.81,112.07,294.07,1.0,-1,-1,-1
252,4,2067.98,1025.84,90.24,292.83,0.99,-1,-1,-1
253,2,403.45,1322.41,142.62,370.56,0.99,-1,-1,-1
253,3,2398.34,1216.59,126.65,349.53,1.0,-1,-1,-1
253,5,2144.87,1106.27,98.18,289.19,0.99,-1,-1,-1
253,7,1737.87,1073.84,99.83,271.14,0.99,-1,-1,-1
253,10,2112.57,1032.16,86.59,245.59,0.97,-1,-1,-1
253,1,1581.74,1168.04,115.9,299.85,1.0,-1,-1,-1
253,4,2067.41,1037.98,91.07,281.91,0.99,-1,-1,-1
254,2,403.66,1322.37,142.45,370.55,0.99,-1,-1,-1
254,3,2398.07,1215.99,128.16,350.04,1.0,-1,-1,-1
254,5,2142.81,1106.26,99.4,289.29,0.99,-1,-1,-1
254,7,1736.12,1076.05,101.78,266.27,0.99,-1,-1,-1
254,10,2116.6,1031.67,84.48,245.6,0.98,-1,-1,-1
254,1,1587.63,1160.71,115.55,304.28,1.0,-1,-1,-1
254,4,2068.98,1051.6,89.61,269.53,0.99,-1,-1,-1
255,2,403.74,1322.33,142.38,370.55,0.99,-1,-1,-1
255,3,2397.04,1215.65,130.53,350.33,1.0,-1,-1,-1
255,5,2138.53,1107.15,101.61,288.44,0.99,-1,-1,-1
255,7,1733.75,1072.85,104.26,268.15,0.99,-1,-1,-1
255,10,2118.06,1031.53,85.52,243.74,0.99,-1,-1,-1
255,1,1590.48,1154.07,119.09,306.44,1.0,-1,-1,-1
255,4,2068.64,1066.17,90.89,254.89,1.0,-1,-1,-1
256,2,403.75,1322.33,142.37,370.55,0.99,-1,-1,-1
256,3,2397.54,1216.34,129.67,350.53,1.0,-1,-1,-1
256,5,2136.96,1107.94,102.44,285.9,0.98,-1,-1,-1
256,7,1732.89,1070.38,103.44,268.9,0.99,-1,-1,-1
256,10,2123.92,1031.97,82.34,238.5,0.99,-1,-1,-1
256,1,1596.7,1148.61,118.65,309.5,0.99,-1,-1,-1
256,4,2067.6,1072.76,96.75,248.66,0.99,-1,-1,-1
257,2,403.98,1322.34,142.37,370.55,1.0,-1,-1,-1
257,3,2397.73,1216.53,123.98,350.68,0.99,-1,-1,-1
257,5,2136.43,1107.79,102.75,284.52,0.99,-1,-1,-1
257,7,1732.65,1065.48,103.09,271.93,0.99,-1,-1,-1
257,10,2127.92,1032.19,81.17,240.02,0.97,-1,-1,-1
257,1,1602.42,1144.05,118.52,309.78,1.0,-1,-1,-1
257,4,2063.73,1073.58,102.43,248.38,1.0,-1,-1,-1
258,2,404.27,1322.33,141.92,370.56,1.0,-1,-1,-1
258,3,2397.76,1215.63,121.87,350.81,0.99,-1,-1,-1
258,5,2136.29,1109.08,102.84,283.58,0.99,-1,-1,-1
258,7,1731.72,1063.7,104.71,271.31,0.99,-1,-1,-1
258,10,2129.3,1032.29,80.77,243.22,0.98,-1,-1,-1
258,1,1607.92,1141.61,118.49,306.32,0.99,-1,-1,-1
258,4,2083.01,1073.28,87.28,249.3,0.99,-1,-1,-1
259,2,404.43,1322.37,141.77,370.55,1.0,-1,-1,-1
259,3,2397.8,1215.23,121.17,351.8,1.0,-1,-1,-1
259,5,2138.1,1109.56,101.09,283.26,0.99,-1,-1,-1
259,7,1730.58,1061.33,105.31,267.53,0.99,-1,-1,-1
259,10,2128.85,1032.36,82.46,247.05,0.98,-1,-1,-1
259,1,1614.28,1140.9,114.93,299.63,0.99,-1,-1,-1
259,4,2077.97,1071.66,99.62,251.55,0.99,-1,-1,-1
260,2,404.2,1322.38,142.16,370.56,1.0,-1,-1,-1
260,3,2396.87,1215.05,122.76,352.23,1.0,-1,-1,-1
260,5,2145.08,1110.64,93.25,281.38,0.99,-1,-1,-1
260,7,1728.39,1060.98,105.51,267.04,0.99,-1,-1,-1
260,10,2130.4,1033.31,81.32,244.94,0.97,-1,-1,-1
260,1,1622.72,1141.72,109.99,291.72,1.0,-1,-1,-1
260,4,2089.29,1071.86,89.82,252.47,1.0,-1,-1,-1
261,2,404.11,1322.39,142.31,371.46,1.0,-1,-1,-1
261,3,2395.63,1214.94,126.98,352.44,1.0,-1,-1,-1
261,5,2147.82,1111.05,88.39,280.7,0.99,-1,-1,-1
261,7,1730.27,1061.37,102.03,265.99,0.99,-1,-1,-1
261,10,2133.61,1032.82,79.11,246.73,0.97,-1,-1,-1
261,1,1631.06,1143.57,106.38,283.85,1.0,-1,-1,-1
261,4,2095.83,1071.83,87.41,254.67,1.0,-1,-1,-1
262,2,404.27,1322.38,142.37,371.8,1.0,-1,-1,-1
262,3,2395.15,1214.87,130.35,351.66,1.0,-1,-1,-1
262,5,2146.95,1111.64,86.68,280.93,0.99,-1,-1,-1
262,7,1731.06,1063.38,98.86,262.06,0.99,-1,-1,-1
262,10,2134.71,1034.42,78.31,242.04,0.97,-1,-1,-1
262,1,1641.14,1144.39,99.63,277.38,1.0,-1,-1,-1
262,4,2098.07,1073.52,90.2,253.77,1.0,-1,-1,-1
263,2,404.31,1322.36,142.39,371.92,1.0,-1,-1,-1
263,3,2394.95,1214.81,133.41,351.4,1.0,-1,-1,-1
263,5,2145.71,1111.84,86.11,281.05,0.99,-1,-1,-1
263,7,1730.48,1065.1,95.87,255.22,0.99,-1,-1,-1
263,10,2135.94,1035.06,78.05,235.71,0.98,-1,-1,-1
263,1,1652.85,1140.25,91.66,276.93,0.99,-1,-1,-1
263,4,2099.7,1076.31,92.99,251.67,0.99,-1,-1,-1
264,2,404.32,1322.34,142.4,371.97,1.0,-1,-1,-1
264,3,2393.99,1214.75,136.34,351.33,1.0,-1,-1,-1
264,5,2145.26,1111.9,84.13,280.23,0.99,-1,-1,-1
264,7,1731.22,1066.23,92.95,250.91,0.99,-1,-1,-1
264,10,2137.23,1035.29,77.97,232.41,0.98,-1,-1,-1
264,1,1661.36,1133.4,87.07,280.47,0.99,-1,-1,-1
264,4,2099.35,1078.61,95.82,250.92,0.99,-1,-1,-1
265,2,404.34,1321.42,142.4,371.98,1.0,-1,-1,-1
265,3,2393.62,1215.12,137.44,350.88,1.0,-1,-1,-1
265,5,2145.1,1110.99,83.44,280.84,0.99,-1,-1,-1
265,7,1731.53,1064.85,90.08,249.4,0.99,-1,-1,-1
265,10,2135.85,1035.82,79.77,233.0,0.98,-1,-1,-1
265,1,1665.86,1126.9,87.51,284.1,0.99,-1,-1,-1
265,4,2100.01,1080.26,98.66,249.79,0.99,-1,-1,-1
266,2,404.13,1321.05,142.4,371.97,1.0,-1,-1,-1
266,3,2394.37,1215.23,136.08,350.74,1.0,-1,-1,-1
266,5,2144.14,1110.63,83.24,281.98,0.99,-1,-1,-1
266,7,1733.51,1062.09,87.24,248.93,1.0,-1,-1,-1
266,10,2136.18,1036.0,78.68,232.33,0.96,-1,-1,-1
266,1,1671.82,1121.89,89.58,286.42,0.99,-1,-1,-1
266,4,2101.07,1080.78,99.73,250.3,0.99,-1,-1,-1
267,2,404.32,1320.9,142.4,371.96,1.0,-1,-1,-1
267,3,2393.79,1215.22,137.31,350.7,1.0,-1,-1,-1
267,5,2140.19,1110.91,86.83,281.08,0.98,-1,-1,-1
267,7,1732.44,1058.38,89.92,250.63,0.99,-1,-1,-1
267,10,2137.16,1036.5,78.28,229.41,0.98,-1,-1,-1
267,1,1675.57,1117.89,90.41,288.67,0.99,-1,-1,-1
267,4,2104.06,1081.33,98.35,250.52,0.99,-1,-1,-1
268,2,404.37,1320.88,142.41,371.96,1.0,-1,-1,-1
268,3,2394.46,1215.22,135.98,350.71,1.0,-1,-1,-1
268,5,2137.87,1110.58,88.17,280.31,0.99,-1,-1,-1
268,7,1732.06,1055.26,90.9,252.22,0.99,-1,-1,-1
268,10,2138.37,1036.7,76.35,231.03,0.98,-1,-1,-1
268,1,1678.48,1116.09,92.61,286.44,0.99,-1,-1,-1
268,4,2106.9,1081.03,97.79,251.54,0.98,-1,-1,-1
