0,1,1941.3,1337.18,162.0,385.43,1.0,-1,-1,-1
0,2,2529.9,1109.03,124.2,290.93,1.0,-1,-1,-1
0,3,388.8,1398.6,124.2,415.8,0.99,-1,-1,-1
0,4,780.98,1184.62,106.65,301.73,0.99,-1,-1,-1
0,6,1198.8,1112.4,90.45,287.55,1.0,-1,-1,-1
0,8,2694.6,1132.65,91.8,310.5,1.0,-1,-1,-1
0,11,1964.25,1243.35,110.7,315.9,0.99,-1,-1,-1
1,1,1942.47,1338.93,162.0,383.67,1.0,-1,-1,-1
1,2,2527.56,1108.44,121.86,289.17,1.0,-1,-1,-1
1,3,389.1,1398.59,124.2,415.8,0.99,-1,-1,-1
1,4,781.57,1184.03,108.99,301.14,0.99,-1,-1,-1
1,6,1199.98,1111.81,89.28,289.31,1.0,-1,-1,-1
1,8,2691.08,1132.65,92.97,310.5,1.0,-1,-1,-1
1,11,1959.57,1244.52,113.04,315.9,0.99,-1,-1,-1
2,1,1941.63,1336.07,162.0,387.58,1.0,-1,-1,-1
2,2,2523.98,1108.34,123.58,288.87,1.0,-1,-1,-1
2,3,389.15,1398.62,124.2,415.8,0.99,-1,-1,-1
2,4,783.23,1183.95,111.48,301.04,0.99,-1,-1,-1
2,6,1201.76,1110.68,88.02,289.61,1.0,-1,-1,-1
2,8,2689.44,1133.18,92.13,311.02,1.0,-1,-1,-1
2,11,1947.29,1244.2,123.88,321.69,0.99,-1,-1,-1
3,1,1941.3,1336.18,162.0,388.84,1.0,-1,-1,-1
3,2,2522.88,1108.33,122.09,288.81,1.0,-1,-1,-1
3,3,388.86,1398.61,124.72,415.8,0.99,-1,-1,-1
3,4,783.71,1183.93,115.29,302.05,1.0,-1,-1,-1
3,6,1202.77,1110.83,87.65,290.19,1.0,-1,-1,-1
3,8,2684.82,1132.83,93.9,310.68,1.0,-1,-1,-1
3,11,1935.49,1244.59,135.2,326.06,1.0,-1,-1,-1
4,1,1945.23,1336.27,158.02,389.17,1.0,-1,-1,-1
4,2,2521.69,1107.83,121.59,288.31,1.0,-1,-1,-1
4,3,388.8,1398.61,124.88,415.8,0.99,-1,-1,-1
4,4,784.36,1183.93,118.43,305.36,0.99,-1,-1,-1
4,6,1204.08,1110.92,86.58,289.36,1.0,-1,-1,-1
4,8,2679.51,1132.71,96.45,310.55,1.0,-1,-1,-1
4,11,1928.75,1244.72,144.65,327.36,1.0,-1,-1,-1
5,1,1949.51,1339.72,152.77,386.8,0.99,-1,-1,-1
5,2,2521.39,1108.16,117.55,288.64,0.99,-1,-1,-1
5,3,389.05,1398.63,124.45,415.8,0.99,-1,-1,-1
5,4,784.58,1184.91,121.31,306.46,0.99,-1,-1,-1
5,6,1205.95,1111.46,86.25,288.57,1.0,-1,-1,-1
5,8,2675.92,1133.16,97.29,310.03,1.0,-1,-1,-1
5,11,1927.5,1244.77,146.09,327.64,0.99,-1,-1,-1
6,1,1952.79,1339.5,147.19,386.4,1.0,-1,-1,-1
6,2,2519.39,1107.81,118.1,288.3,1.0,-1,-1,-1
6,3,389.07,1398.61,124.28,415.81,0.99,-1,-1,-1
6,4,784.57,1185.7,125.0,307.26,0.99,-1,-1,-1
6,6,1206.95,1111.64,89.03,288.3,1.0,-1,-1,-1
6,8,2669.14,1132.84,101.27,310.32,1.0,-1,-1,-1
6,11,1926.51,1243.82,147.99,327.62,0.99,-1,-1,-1
7,1,1954.79,1340.38,143.48,388.1,0.99,-1,-1,-1
7,2,2516.88,1107.71,118.33,289.11,1.0,-1,-1,-1
7,3,388.87,1398.66,124.69,415.8,0.99,-1,-1,-1
7,4,785.0,1186.97,128.08,307.5,1.0,-1,-1,-1
7,6,1208.66,1111.75,90.02,288.2,1.0,-1,-1,-1
7,8,2660.45,1132.75,109.03,308.57,1.0,-1,-1,-1
7,11,1927.3,1243.06,143.06,328.9,1.0,-1,-1,-1
8,1,1957.22,1340.11,138.52,390.09,1.0,-1,-1,-1
8,2,2516.9,1107.15,116.59,288.96,0.99,-1,-1,-1
8,3,388.52,1399.41,124.82,413.96,0.99,-1,-1,-1
8,4,786.0,1187.24,128.22,308.46,1.0,-1,-1,-1
8,6,1210.1,1111.19,91.28,288.64,1.0,-1,-1,-1
8,8,2651.07,1132.18,116.27,308.39,1.0,-1,-1,-1
8,11,1924.25,1243.13,144.43,326.1,1.0,-1,-1,-1
9,1,1961.84,1339.7,133.18,393.07,1.0,-1,-1,-1
9,2,2517.08,1107.53,114.15,289.35,1.0,-1,-1,-1
9,3,388.5,1399.94,124.89,415.11,0.99,-1,-1,-1
9,4,787.81,1188.01,127.27,310.13,1.0,-1,-1,-1
9,6,1211.13,1112.1,94.47,287.88,1.0,-1,-1,-1
9,8,2642.45,1133.02,122.51,307.43,1.0,-1,-1,-1
9,11,1923.37,1243.33,139.46,326.8,0.99,-1,-1,-1
10,1,1965.23,1338.44,129.56,395.96,1.0,-1,-1,-1
10,2,2518.12,1107.07,111.44,289.96,1.0,-1,-1,-1
10,3,388.48,1398.95,124.89,415.54,0.99,-1,-1,-1
10,4,790.7,1187.13,124.98,311.62,1.0,-1,-1,-1
10,6,1212.35,1112.67,97.41,287.15,1.0,-1,-1,-1
10,8,2638.34,1132.26,124.85,307.09,0.99,-1,-1,-1
10,11,1922.35,1242.76,133.68,325.67,1.0,-1,-1,-1
11,1,1965.46,1338.52,132.22,400.14,1.0,-1,-1,-1
11,2,2520.47,1106.99,108.68,289.28,1.0,-1,-1,-1
11,3,388.58,1399.65,124.9,413.9,0.99,-1,-1,-1
11,4,793.22,1186.93,123.14,312.13,1.0,-1,-1,-1
11,6,1213.32,1113.01,100.28,285.98,1.0,-1,-1,-1
11,8,2637.06,1132.52,125.64,306.52,1.0,-1,-1,-1
11,11,1921.35,1242.67,129.58,325.2,1.0,-1,-1,-1
12,1,1964.39,1339.78,136.9,400.32,0.99,-1,-1,-1
12,2,2521.19,1106.86,107.73,289.02,1.0,-1,-1,-1
12,3,388.46,1399.8,124.9,413.28,0.99,-1,-1,-1
12,4,794.86,1186.74,121.49,312.28,1.0,-1,-1,-1
12,6,1213.91,1112.58,102.23,287.81,0.99,-1,-1,-1
12,8,2633.97,1133.41,127.56,305.42,1.0,-1,-1,-1
12,11,1920.96,1243.43,126.19,325.9,1.0,-1,-1,-1
13,1,1962.21,1338.56,140.49,402.11,0.99,-1,-1,-1
13,2,2522.45,1106.9,105.62,289.82,1.0,-1,-1,-1
13,3,388.5,1399.94,124.9,413.06,0.99,-1,-1,-1
13,4,796.85,1187.2,119.93,312.74,1.0,-1,-1,-1
13,6,1215.06,1113.39,103.81,289.4,1.0,-1,-1,-1
13,8,2636.51,1133.38,124.71,305.48,0.99,-1,-1,-1
13,11,1919.21,1243.81,119.43,324.35,1.0,-1,-1,-1
14,1,1963.09,1338.51,140.11,403.18,1.0,-1,-1,-1
14,2,2522.91,1106.9,104.91,291.91,1.0,-1,-1,-1
14,3,388.26,1399.95,124.89,412.99,0.99,-1,-1,-1
14,4,798.42,1186.42,118.42,312.88,1.0,-1,-1,-1
14,6,1216.31,1113.21,107.01,288.66,1.0,-1,-1,-1
14,8,2638.63,1133.34,121.67,306.42,0.99,-1,-1,-1
14,11,1916.85,1243.93,118.77,323.75,1.0,-1,-1,-1
15,1,1963.42,1338.5,143.61,403.52,1.0,-1,-1,-1
15,2,2524.04,1107.8,102.89,291.8,1.0,-1,-1,-1
15,3,388.23,1399.97,124.9,412.97,0.99,-1,-1,-1
15,4,800.36,1186.59,116.93,312.45,1.0,-1,-1,-1
15,6,1218.12,1113.6,112.56,287.03,1.0,-1,-1,-1
15,8,2638.77,1133.32,120.41,306.79,1.0,-1,-1,-1
15,11,1916.15,1244.42,116.74,322.17,1.0,-1,-1,-1
16,1,1962.64,1338.52,148.48,403.6,0.99,-1,-1,-1
16,2,2523.56,1108.18,102.21,291.75,1.0,-1,-1,-1
16,3,388.67,1399.99,124.44,412.98,0.99,-1,-1,-1
16,4,801.93,1187.12,117.28,312.71,1.0,-1,-1,-1
16,6,1220.1,1114.21,120.71,286.87,1.0,-1,-1,-1
16,8,2638.08,1133.35,121.65,308.73,1.0,-1,-1,-1
16,11,1915.11,1245.54,116.02,321.57,1.0,-1,-1,-1
17,1,1964.84,1338.93,148.57,403.13,1.0,-1,-1,-1
17,2,2523.26,1108.27,102.02,289.93,0.99,-1,-1,-1
17,3,388.51,1399.95,124.72,412.99,0.99,-1,-1,-1
17,4,802.82,1186.82,117.4,313.23,1.0,-1,-1,-1
17,6,1221.59,1113.94,128.11,287.26,1.0,-1,-1,-1
17,8,2634.26,1132.42,122.07,309.47,1.0,-1,-1,-1
17,11,1912.89,1246.8,117.6,319.56,1.0,-1,-1,-1
18,1,1967.49,1340.04,148.6,402.92,1.0,-1,-1,-1
18,2,2524.13,1108.81,100.19,290.59,0.99,-1,-1,-1
18,3,388.48,1400.0,124.83,413.01,0.99,-1,-1,-1
18,4,804.02,1186.77,118.35,316.08,1.0,-1,-1,-1
18,6,1223.47,1113.89,135.26,287.42,1.0,-1,-1,-1
18,8,2631.22,1132.12,122.17,312.42,1.0,-1,-1,-1
18,11,1912.21,1246.43,118.22,318.81,1.0,-1,-1,-1
19,1,1969.33,1341.76,150.38,402.35,1.0,-1,-1,-1
19,2,2524.42,1109.87,97.75,289.94,0.99,-1,-1,-1
19,3,388.25,1400.0,124.87,413.01,0.99,-1,-1,-1
19,4,804.87,1186.28,120.49,321.14,1.0,-1,-1,-1
19,6,1224.6,1113.85,143.13,287.48,1.0,-1,-1,-1
19,8,2626.6,1132.42,122.16,311.31,1.0,-1,-1,-1
19,11,1911.13,1247.6,120.27,318.09,1.0,-1,-1,-1
20,1,1970.9,1342.89,152.82,400.77,0.99,-1,-1,-1
20,2,2523.65,1110.74,96.92,291.03,1.0,-1,-1,-1
20,3,388.4,1400.94,124.89,413.03,0.99,-1,-1,-1
20,4,806.04,1186.13,121.29,326.56,1.0,-1,-1,-1
20,6,1225.03,1114.31,149.58,287.06,1.0,-1,-1,-1
20,8,2622.33,1134.8,116.78,308.63,0.99,-1,-1,-1
20,11,1911.72,1246.71,121.05,318.29,0.99,-1,-1,-1
21,1,1972.35,1342.81,157.26,401.48,1.0,-1,-1,-1
21,2,2522.46,1111.46,98.48,290.11,0.99,-1,-1,-1
21,3,388.26,1400.35,124.9,413.03,0.99,-1,-1,-1
21,4,806.46,1186.04,122.47,332.11,1.0,-1,-1,-1
21,6,1226.89,1115.78,153.76,285.56,1.0,-1,-1,-1
21,8,2611.82,1137.45,114.65,302.24,0.99,-1,-1,-1
21,11,1911.14,1246.33,119.57,318.37,0.99,-1,-1,-1
22,1,1973.74,1343.71,164.21,401.74,1.0,-1,-1,-1
22,2,2522.04,1112.22,99.1,291.09,1.0,-1,-1,-1
22,3,388.18,1400.21,124.91,413.05,0.99,-1,-1,-1
22,4,807.0,1187.4,123.79,336.38,1.0,-1,-1,-1
22,6,1229.28,1116.84,155.3,285.45,1.0,-1,-1,-1
22,8,2596.36,1138.93,128.3,299.4,1.0,-1,-1,-1
22,11,1910.99,1245.79,120.81,318.87,1.0,-1,-1,-1
23,1,1973.33,1344.02,172.06,401.82,1.0,-1,-1,-1
23,2,2520.95,1112.47,101.16,290.57,1.0,-1,-1,-1
23,3,388.12,1401.02,124.91,413.05,0.99,-1,-1,-1
23,4,807.13,1188.34,124.28,337.49,1.0,-1,-1,-1
23,6,1231.88,1117.2,154.9,285.42,1.0,-1,-1,-1
23,8,2577.91,1143.04,145.18,294.77,0.99,-1,-1,-1
23,11,1910.94,1246.01,121.27,318.62,0.99,-1,-1,-1
24,1,1974.03,1345.47,176.79,400.49,1.0,-1,-1,-1
24,2,2519.68,1114.34,100.17,282.34,0.98,-1,-1,-1
24,3,387.9,1401.33,125.35,413.06,0.99,-1,-1,-1
24,4,807.6,1190.02,124.44,337.39,1.0,-1,-1,-1
24,6,1234.61,1116.88,153.74,285.86,1.0,-1,-1,-1
24,8,2572.39,1146.36,150.18,286.77,1.0,-1,-1,-1
24,11,1911.89,1245.2,119.67,320.32,1.0,-1,-1,-1
25,1,1975.14,1347.31,178.58,398.63,1.0,-1,-1,-1
25,2,2514.74,1115.02,103.41,282.83,0.98,-1,-1,-1
25,3,388.07,1401.4,125.07,413.06,0.99,-1,-1,-1
25,4,807.77,1191.51,125.36,337.26,1.0,-1,-1,-1
25,6,1238.26,1117.17,150.52,285.59,1.0,-1,-1,-1
25,8,2564.46,1145.72,155.52,288.4,1.0,-1,-1,-1
25,11,1914.11,1244.43,119.05,322.3,1.0,-1,-1,-1
26,1,1975.5,1348.43,180.92,397.48,1.0,-1,-1,-1
26,2,2498.76,1117.49,120.51,276.32,0.98,-1,-1,-1
26,3,388.11,1401.41,124.95,413.07,0.99,-1,-1,-1
26,4,807.77,1192.94,126.58,337.14,1.0,-1,-1,-1
26,6,1241.35,1118.15,149.15,283.71,1.0,-1,-1,-1
26,8,2542.63,1143.21,172.96,290.4,0.99,-1,-1,-1
26,11,1915.85,1243.69,120.61,323.5,1.0,-1,-1,-1
27,1,1976.5,1349.72,183.49,397.04,1.0,-1,-1,-1
27,2,2480.31,1122.46,135.19,268.02,0.93,-1,-1,-1
27,3,387.94,1401.4,125.36,413.07,0.99,-1,-1,-1
27,4,807.34,1193.91,127.9,336.58,1.0,-1,-1,-1
27,6,1243.37,1118.06,148.55,284.34,1.0,-1,-1,-1
27,8,2492.47,1139.99,214.77,293.45,1.0,-1,-1,-1
27,11,1915.64,1243.41,124.76,323.94,1.0,-1,-1,-1
28,1,1976.83,1349.68,193.15,395.54,1.0,-1,-1,-1
28,2,2459.43,1121.5,159.52,270.46,0.93,-1,-1,-1
28,3,387.87,1401.35,125.51,413.07,0.99,-1,-1,-1
28,4,807.58,1195.1,127.5,336.31,1.0,-1,-1,-1
28,6,1243.62,1118.41,149.57,284.14,1.0,-1,-1,-1
28,8,2502.84,1136.05,191.46,298.2,0.99,-1,-1,-1
28,11,1915.56,1241.93,126.32,325.42,1.0,-1,-1,-1
29,1,1979.56,1350.17,200.23,392.76,1.0,-1,-1,-1
29,2,2442.93,1123.9,182.35,273.2,0.93,-1,-1,-1
29,3,387.85,1401.41,125.56,413.07,0.99,-1,-1,-1
29,4,807.21,1196.05,126.43,335.71,1.0,-1,-1,-1
29,6,1242.78,1119.06,150.79,283.64,1.0,-1,-1,-1
29,8,2507.4,1129.32,168.95,306.23,0.98,-1,-1,-1
29,11,1916.45,1241.02,128.67,326.42,1.0,-1,-1,-1
30,1,1979.61,1351.12,211.55,389.93,1.0,-1,-1,-1
30,2,2430.25,1122.43,195.14,269.36,0.95,-1,-1,-1
30,3,387.96,1400.4,125.13,413.08,0.99,-1,-1,-1
30,4,806.49,1197.15,124.21,334.55,1.0,-1,-1,-1
30,6,1244.49,1119.63,148.97,283.01,1.0,-1,-1,-1
30,8,2503.21,1133.74,150.95,303.1,0.96,-1,-1,-1
30,11,1915.8,1240.59,129.54,326.78,1.0,-1,-1,-1
31,1,1986.63,1352.44,214.19,388.88,1.0,-1,-1,-1
31,2,2418.63,1117.85,198.73,272.91,0.96,-1,-1,-1
31,3,387.96,1401.08,125.42,413.07,0.99,-1,-1,-1
31,4,807.71,1197.68,117.99,334.07,1.0,-1,-1,-1
31,6,1246.58,1120.4,145.99,282.33,1.0,-1,-1,-1
31,8,2502.25,1144.49,127.68,290.26,0.97,-1,-1,-1
31,11,1915.73,1240.53,131.62,326.89,1.0,-1,-1,-1
32,1,2000.56,1354.53,213.31,384.95,1.0,-1,-1,-1
32,2,2413.13,1115.09,189.81,302.82,0.95,-1,-1,-1
32,3,388.07,1400.18,125.06,413.08,0.99,-1,-1,-1
32,4,808.97,1198.07,111.96,333.42,1.0,-1,-1,-1
32,6,1249.46,1119.12,142.55,281.65,1.0,-1,-1,-1
32,8,2492.83,1135.33,111.42,297.6,0.69,-1,-1,-1
32,11,1915.61,1240.36,134.13,326.92,1.0,-1,-1,-1
33,1,2020.92,1358.23,193.6,381.69,1.0,-1,-1,-1
33,2,2406.07,1111.72,184.16,318.93,0.99,-1,-1,-1
33,3,388.0,1400.23,125.41,413.07,0.99,-1,-1,-1
33,4,810.86,1198.09,107.06,334.48,0.99,-1,-1,-1
33,6,1251.89,1118.94,139.9,283.18,1.0,-1,-1,-1
33,8,2482.37,1124.22,119.77,292.27,0.95,-1,-1,-1
33,11,1916.53,1240.56,138.6,326.91,1.0,-1,-1,-1
34,1,2041.44,1361.62,165.47,378.29,1.0,-1,-1,-1
34,2,2396.48,1106.3,188.82,330.07,0.99,-1,-1,-1
34,3,388.06,1399.95,125.07,413.08,0.99,-1,-1,-1
34,4,811.4,1197.79,106.26,334.87,0.99,-1,-1,-1
34,6,1255.78,1118.17,135.73,283.33,1.0,-1,-1,-1
34,8,2476.18,1126.53,125.94,282.61,0.96,-1,-1,-1
34,11,1918.53,1239.99,140.26,328.23,1.0,-1,-1,-1
35,1,2053.65,1367.03,158.76,373.93,1.0,-1,-1,-1
35,2,2388.0,1097.83,195.7,334.76,0.98,-1,-1,-1
35,3,388.54,1400.06,124.96,413.08,0.99,-1,-1,-1
35,4,812.7,1198.75,106.94,334.1,0.99,-1,-1,-1
35,6,1262.8,1118.95,129.64,280.71,1.0,-1,-1,-1
35,8,2443.08,1137.12,142.63,284.0,0.62,-1,-1,-1
35,11,1919.52,1240.39,144.38,327.37,1.0,-1,-1,-1
36,1,2061.07,1369.79,184.44,370.58,0.99,-1,-1,-1
36,2,2376.04,1094.88,205.13,336.87,0.99,-1,-1,-1
36,3,388.24,1399.92,125.34,413.08,0.99,-1,-1,-1
36,4,813.36,1199.38,107.23,333.35,1.0,-1,-1,-1
36,6,1272.4,1118.2,120.98,282.42,1.0,-1,-1,-1
36,8,2449.38,1136.01,152.28,273.35,0.95,-1,-1,-1
36,11,1921.4,1240.9,147.64,326.59,1.0,-1,-1,-1
37,1,2068.95,1372.16,194.81,368.97,1.0,-1,-1,-1
37,2,2363.87,1093.41,213.86,337.96,0.99,-1,-1,-1
37,3,388.15,1400.0,125.5,413.09,0.99,-1,-1,-1
37,4,814.95,1199.7,107.4,332.17,1.0,-1,-1,-1
37,6,1284.17,1118.01,111.38,282.18,0.99,-1,-1,-1
37,8,2437.9,1139.26,171.59,267.57,0.97,-1,-1,-1
37,11,1922.17,1242.06,154.09,325.4,1.0,-1,-1,-1
38,1,2075.31,1371.17,200.72,370.24,1.0,-1,-1,-1
38,2,2351.59,1098.18,213.75,332.95,0.99,-1,-1,-1
38,3,388.14,1400.03,125.56,413.09,0.99,-1,-1,-1
38,4,814.65,1200.7,110.21,330.82,1.0,-1,-1,-1
38,6,1293.38,1117.94,103.83,282.99,1.0,-1,-1,-1
38,8,2421.82,1143.18,190.84,263.74,0.98,-1,-1,-1
38,11,1922.48,1246.08,168.63,322.26,1.0,-1,-1,-1
39,1,2076.68,1368.41,209.91,371.23,1.0,-1,-1,-1
39,2,2333.98,1098.25,213.45,333.5,0.99,-1,-1,-1
39,3,388.17,1399.93,125.57,413.09,0.99,-1,-1,-1
39,4,815.87,1201.4,114.82,328.96,1.0,-1,-1,-1
39,6,1298.72,1117.82,101.85,280.62,1.0,-1,-1,-1
39,8,2419.63,1145.9,195.29,259.26,0.99,-1,-1,-1
39,11,1923.45,1251.1,172.52,317.49,0.99,-1,-1,-1
40,1,2071.86,1363.34,225.5,376.59,1.0,-1,-1,-1
40,2,2323.09,1099.69,206.18,332.28,0.99,-1,-1,-1
40,3,388.65,1399.98,125.13,413.09,0.99,-1,-1,-1
40,4,817.65,1202.16,119.21,326.93,1.0,-1,-1,-1
40,6,1301.78,1118.74,101.77,280.63,1.0,-1,-1,-1
40,8,2414.17,1146.0,200.27,259.55,0.99,-1,-1,-1
40,11,1924.72,1254.82,180.84,313.91,0.99,-1,-1,-1
41,1,2066.32,1357.33,241.71,380.87,0.99,-1,-1,-1
41,2,2310.28,1103.76,190.68,329.04,0.99,-1,-1,-1
41,3,388.52,1399.87,124.95,413.09,0.99,-1,-1,-1
41,4,819.1,1203.21,123.51,326.17,1.0,-1,-1,-1
41,6,1304.43,1118.99,102.78,280.64,1.0,-1,-1,-1
41,8,2398.51,1145.49,210.6,260.22,0.99,-1,-1,-1
41,11,1925.1,1256.54,189.13,313.06,1.0,-1,-1,-1
42,1,2063.95,1351.08,258.23,382.94,1.0,-1,-1,-1
42,2,2294.97,1108.94,191.84,321.47,0.99,-1,-1,-1
42,3,388.68,1399.91,124.44,413.08,0.99,-1,-1,-1
42,4,820.48,1203.65,125.17,326.8,1.0,-1,-1,-1
42,6,1306.11,1120.92,103.25,280.66,1.0,-1,-1,-1
42,8,2385.74,1143.05,214.55,261.01,0.99,-1,-1,-1
42,11,1924.36,1254.04,199.14,315.92,1.0,-1,-1,-1
43,1,2074.86,1346.5,264.71,386.85,0.99,-1,-1,-1
43,2,2288.04,1116.74,194.02,312.7,0.99,-1,-1,-1
43,3,388.85,1399.91,124.25,413.09,0.99,-1,-1,-1
43,4,821.99,1203.77,125.77,326.16,1.0,-1,-1,-1
43,6,1307.12,1122.52,104.88,281.57,1.0,-1,-1,-1
43,8,2369.13,1143.45,217.62,257.36,0.98,-1,-1,-1
43,11,1925.91,1251.72,203.0,315.69,1.0,-1,-1,-1
44,1,2066.2,1341.25,289.32,390.1,0.99,-1,-1,-1
44,2,2277.69,1121.91,177.02,308.02,0.99,-1,-1,-1
44,3,388.83,1399.88,124.62,413.09,0.99,-1,-1,-1
44,4,823.32,1203.77,125.08,325.04,1.0,-1,-1,-1
44,6,1308.16,1123.99,105.55,281.92,1.0,-1,-1,-1
44,8,2355.89,1144.95,210.01,248.41,0.99,-1,-1,-1
44,11,1938.45,1247.24,200.91,317.42,0.99,-1,-1,-1
45,1,2080.38,1337.98,280.36,390.87,0.99,-1,-1,-1
45,2,2267.9,1121.96,172.09,307.2,0.99,-1,-1,-1
45,3,388.79,1399.86,124.32,413.1,0.99,-1,-1,-1
45,4,825.54,1204.19,123.0,325.09,1.0,-1,-1,-1
45,6,1310.17,1125.42,104.05,281.17,1.0,-1,-1,-1
45,8,2343.21,1141.39,196.12,246.54,0.99,-1,-1,-1
45,11,1966.94,1244.2,184.18,312.29,0.99,-1,-1,-1
46,1,2080.04,1337.22,269.1,384.46,0.97,-1,-1,-1
46,2,2260.18,1121.46,168.54,302.88,0.99,-1,-1,-1
46,3,388.81,1399.83,124.2,413.09,0.99,-1,-1,-1
46,4,829.49,1204.31,118.61,325.11,1.0,-1,-1,-1
46,6,1313.05,1126.36,103.1,281.33,1.0,-1,-1,-1
46,8,2325.38,1138.24,179.71,245.96,0.99,-1,-1,-1
46,11,1985.35,1242.58,170.07,305.42,0.99,-1,-1,-1
47,1,2103.62,1332.56,211.41,387.36,0.99,-1,-1,-1
47,2,2251.4,1121.68,169.13,299.04,0.99,-1,-1,-1
47,3,388.81,1399.87,124.17,413.1,0.99,-1,-1,-1
47,4,831.38,1203.92,116.93,326.48,1.0,-1,-1,-1
47,6,1316.26,1126.72,102.35,280.5,1.0,-1,-1,-1
47,8,2312.92,1135.75,169.78,248.1,0.98,-1,-1,-1
47,11,1994.7,1238.85,164.79,306.05,0.99,-1,-1,-1
48,1,2124.27,1329.08,154.71,386.65,1.0,-1,-1,-1
48,2,2239.48,1122.14,171.2,294.49,0.99,-1,-1,-1
48,3,388.82,1398.97,124.16,414.88,0.99,-1,-1,-1
48,4,832.04,1203.3,116.32,327.46,1.0,-1,-1,-1
48,6,1319.58,1126.81,101.66,280.19,1.0,-1,-1,-1
48,8,2282.23,1129.88,193.82,254.81,0.98,-1,-1,-1
48,11,2000.6,1234.78,157.43,306.33,1.0,-1,-1,-1
49,1,2139.94,1325.19,133.77,388.16,0.99,-1,-1,-1
49,2,2233.63,1124.09,150.47,292.86,0.99,-1,-1,-1
49,3,389.05,1398.67,123.72,415.55,0.99,-1,-1,-1
49,4,835.37,1203.08,112.51,328.72,1.0,-1,-1,-1
49,6,1323.4,1126.84,102.36,280.08,1.0,-1,-1,-1
49,8,2255.17,1126.4,215.77,256.92,0.98,-1,-1,-1
49,11,2007.11,1226.15,152.89,312.75,1.0,-1,-1,-1
50,1,2145.0,1319.35,130.33,392.28,0.99,-1,-1,-1
50,2,2218.02,1124.31,142.44,287.37,0.95,-1,-1,-1
50,3,389.35,1398.55,123.55,415.8,0.99,-1,-1,-1
50,4,837.91,1202.98,110.18,330.09,0.99,-1,-1,-1
50,6,1326.49,1125.49,102.66,282.28,1.0,-1,-1,-1
50,8,2233.69,1125.56,229.6,255.54,0.97,-1,-1,-1
50,11,2012.88,1222.52,160.46,316.51,0.99,-1,-1,-1
51,1,2146.29,1315.47,133.43,395.59,0.98,-1,-1,-1
51,2,2202.72,1125.27,143.6,283.59,0.85,-1,-1,-1
51,3,388.98,1398.51,123.94,415.88,0.99,-1,-1,-1
51,4,838.75,1202.93,109.34,329.72,0.99,-1,-1,-1
51,6,1329.28,1123.63,105.49,285.34,1.0,-1,-1,-1
51,8,2211.86,1124.87,236.78,257.28,0.98,-1,-1,-1
51,11,2018.38,1215.91,157.84,322.39,0.99,-1,-1,-1
52,1,2147.46,1314.53,134.68,396.37,0.99,-1,-1,-1
52,2,2192.22,1124.67,144.09,282.28,0.89,-1,-1,-1
52,3,388.89,1398.52,124.09,415.9,0.99,-1,-1,-1
52,4,840.84,1203.37,108.17,330.01,0.99,-1,-1,-1
52,6,1331.6,1121.15,110.55,289.15,1.0,-1,-1,-1
52,8,2195.99,1124.21,239.45,254.83,0.9,-1,-1,-1
52,11,2023.83,1207.29,176.7,331.68,0.99,-1,-1,-1
53,1,2155.06,1312.53,129.79,397.52,0.99,-1,-1,-1
53,2,2174.26,1130.29,137.1,274.22,0.83,-1,-1,-1
53,3,388.85,1398.54,124.15,415.9,0.99,-1,-1,-1
53,4,842.46,1203.99,106.86,330.56,0.99,-1,-1,-1
53,6,1333.27,1119.78,121.22,291.03,1.0,-1,-1,-1
53,8,2186.02,1123.14,228.17,260.19,0.97,-1,-1,-1
53,11,2029.26,1194.45,202.36,344.85,1.0,-1,-1,-1
54,1,2165.02,1314.09,128.29,399.25,0.99,-1,-1,-1
54,2,2158.02,1125.52,143.94,281.79,0.97,-1,-1,-1
54,3,388.85,1399.47,124.18,414.11,0.99,-1,-1,-1
54,4,844.36,1204.67,105.51,332.99,0.99,-1,-1,-1
54,6,1334.73,1119.27,130.42,290.83,1.0,-1,-1,-1
54,8,2166.11,1123.21,223.37,248.03,0.94,-1,-1,-1
54,11,2034.68,1186.58,215.81,352.89,0.99,-1,-1,-1
55,1,2174.78,1319.24,129.8,392.77,1.0,-1,-1,-1
55,2,2138.18,1121.56,183.92,252.02,0.98,-1,-1,-1
55,3,389.04,1399.85,124.19,413.44,0.99,-1,-1,-1
55,4,846.32,1204.95,104.15,335.68,0.99,-1,-1,-1
55,6,1334.35,1119.56,135.76,290.27,1.0,-1,-1,-1
55,11,2031.61,1174.52,234.78,364.23,0.99,-1,-1,-1
56,1,2180.76,1323.09,128.63,390.25,1.0,-1,-1,-1
56,2,2128.99,1119.48,173.63,242.36,0.99,-1,-1,-1
56,3,389.1,1399.1,124.2,414.97,0.99,-1,-1,-1
56,4,848.33,1205.49,103.68,337.12,0.99,-1,-1,-1
56,6,1334.08,1119.24,137.84,289.59,1.0,-1,-1,-1
56,11,2003.41,1173.49,220.46,365.88,0.99,-1,-1,-1
57,1,2182.64,1326.37,130.19,389.3,1.0,-1,-1,-1
57,2,2125.41,1113.22,161.45,241.05,1.0,-1,-1,-1
57,3,388.92,1398.85,124.21,415.55,0.99,-1,-1,-1
57,4,849.47,1207.05,105.36,337.2,0.99,-1,-1,-1
57,6,1334.32,1118.71,137.29,289.75,1.0,-1,-1,-1
57,11,1974.34,1178.59,256.2,360.22,1.0,-1,-1,-1
58,1,2184.03,1309.28,130.84,409.05,1.0,-1,-1,-1
58,2,2109.37,1110.53,165.71,247.18,1.0,-1,-1,-1
58,3,389.09,1398.7,124.2,415.76,0.99,-1,-1,-1
58,4,850.31,1209.35,113.15,336.31,1.0,-1,-1,-1
58,6,1336.09,1118.02,136.1,290.24,1.0,-1,-1,-1
58,11,2000.42,1208.22,239.37,333.93,0.98,-1,-1,-1
59,1,2184.28,1323.12,132.97,398.0,1.0,-1,-1,-1
59,2,2097.58,1106.0,163.7,278.36,1.0,-1,-1,-1
59,3,389.3,1398.63,124.2,415.86,0.99,-1,-1,-1
59,4,851.84,1211.97,120.4,335.07,1.0,-1,-1,-1
59,6,1337.97,1118.22,134.24,289.97,1.0,-1,-1,-1
59,11,1960.78,1217.17,268.3,327.27,0.99,-1,-1,-1
60,1,2184.17,1328.22,139.21,393.93,1.0,-1,-1,-1
60,2,2088.24,1104.32,171.77,269.05,0.99,-1,-1,-1
60,3,389.46,1398.61,124.2,415.86,0.99,-1,-1,-1
60,4,852.01,1214.28,129.27,332.33,1.0,-1,-1,-1
60,6,1339.96,1117.41,133.03,291.62,1.0,-1,-1,-1
60,11,1955.65,1223.52,267.15,324.41,0.99,-1,-1,-1
61,1,2182.2,1331.05,145.08,390.6,1.0,-1,-1,-1
61,2,2080.57,1102.88,169.52,264.23,0.99,-1,-1,-1
61,3,389.48,1398.61,123.76,415.85,0.99,-1,-1,-1
61,4,852.42,1216.47,136.14,330.84,0.99,-1,-1,-1
61,6,1344.58,1116.24,127.63,293.11,1.0,-1,-1,-1
61,11,1965.62,1209.2,278.31,342.74,0.99,-1,-1,-1
62,1,2181.34,1330.31,152.6,391.14,1.0,-1,-1,-1
62,2,2060.46,1102.84,175.65,267.83,0.98,-1,-1,-1
62,3,389.27,1398.6,124.03,415.85,0.99,-1,-1,-1
62,4,852.97,1219.47,142.24,329.84,0.99,-1,-1,-1
62,6,1349.87,1115.79,121.91,293.66,1.0,-1,-1,-1
62,11,2021.75,1208.77,232.87,344.63,0.99,-1,-1,-1
63,1,2180.93,1329.15,157.23,393.14,1.0,-1,-1,-1
63,2,2046.22,1099.33,137.68,253.18,0.92,-1,-1,-1
63,3,389.41,1398.62,123.7,415.85,0.99,-1,-1,-1
63,4,851.45,1222.36,149.74,327.68,0.99,-1,-1,-1
63,6,1357.2,1115.22,114.31,292.51,1.0,-1,-1,-1
63,11,2046.57,1219.73,212.82,335.12,0.99,-1,-1,-1
63,8,2056.43,1127.26,161.95,248.33,0.97,-1,-1,-1
64,1,2184.12,1326.91,157.27,395.67,1.0,-1,-1,-1
64,2,2032.26,1099.42,123.43,257.57,0.98,-1,-1,-1
64,3,389.23,1398.61,124.02,415.85,0.99,-1,-1,-1
64,4,847.82,1225.17,156.89,326.88,0.99,-1,-1,-1
64,6,1363.91,1114.11,107.36,291.16,0.99,-1,-1,-1
64,11,2061.45,1229.81,204.02,324.65,0.99,-1,-1,-1
64,8,2053.36,1132.31,135.54,241.88,0.94,-1,-1,-1
65,1,2186.15,1327.4,157.24,395.29,1.0,-1,-1,-1
65,2,2006.09,1097.7,138.29,258.29,0.99,-1,-1,-1
65,3,389.39,1398.63,123.69,415.85,0.99,-1,-1,-1
65,4,848.06,1227.96,157.94,326.6,0.99,-1,-1,-1
65,6,1373.14,1113.72,97.95,288.85,1.0,-1,-1,-1
65,11,2068.32,1246.67,202.76,307.62,0.99,-1,-1,-1
65,8,2043.35,1143.49,125.19,241.56,0.91,-1,-1,-1
66,1,2187.69,1328.05,158.95,394.69,1.0,-1,-1,-1
66,2,1982.41,1098.46,153.48,267.54,0.98,-1,-1,-1
66,3,389.43,1398.64,123.57,415.85,0.99,-1,-1,-1
66,4,848.1,1230.29,158.22,325.17,0.99,-1,-1,-1
66,6,1379.53,1113.14,91.37,285.74,1.0,-1,-1,-1
66,11,2057.81,1248.26,207.8,306.85,0.99,-1,-1,-1
66,8,2015.91,1161.45,183.97,227.57,0.87,-1,-1,-1
67,1,2186.37,1329.17,161.31,394.45,1.0,-1,-1,-1
67,2,1961.51,1096.55,154.19,269.25,0.99,-1,-1,-1
67,3,389.41,1398.57,123.52,415.84,0.99,-1,-1,-1
67,4,847.62,1234.63,159.08,322.86,0.99,-1,-1,-1
67,6,1382.9,1114.25,86.87,282.33,0.99,-1,-1,-1
67,11,2053.7,1239.67,222.2,315.7,0.99,-1,-1,-1
67,8,2000.03,1170.48,179.79,218.13,0.76,-1,-1,-1
68,1,2185.8,1328.7,162.19,394.34,1.0,-1,-1,-1
68,2,1947.82,1094.55,150.87,273.43,0.99,-1,-1,-1
68,3,389.22,1398.58,123.95,415.83,0.99,-1,-1,-1
68,4,850.51,1238.45,156.7,319.77,0.99,-1,-1,-1
68,6,1383.87,1114.26,87.39,281.52,0.99,-1,-1,-1
68,11,2066.08,1239.56,210.08,316.78,0.99,-1,-1,-1
68,8,1995.28,1174.06,157.47,219.88,0.63,-1,-1,-1
69,1,2186.4,1328.51,162.48,394.3,1.0,-1,-1,-1
69,2,1937.11,1092.94,149.53,271.47,0.99,-1,-1,-1
69,3,389.16,1398.59,123.67,415.83,0.99,-1,-1,-1
69,4,854.27,1242.04,153.02,316.4,1.0,-1,-1,-1
69,6,1385.95,1115.61,85.8,279.9,0.99,-1,-1,-1
69,11,2073.55,1243.46,201.43,314.11,0.99,-1,-1,-1
69,8,1986.41,1172.95,157.35,221.93,0.96,-1,-1,-1
70,1,2186.53,1329.75,162.54,392.93,1.0,-1,-1,-1
70,2,1928.31,1092.81,145.42,267.12,0.99,-1,-1,-1
70,3,389.13,1398.53,123.56,415.82,0.99,-1,-1,-1
70,4,855.23,1244.59,152.4,313.83,1.0,-1,-1,-1
70,6,1387.43,1116.99,85.36,278.42,0.99,-1,-1,-1
70,11,2083.37,1245.74,187.28,314.94,0.99,-1,-1,-1
70,8,1973.55,1171.47,164.52,221.88,0.99,-1,-1,-1
71,1,2185.61,1328.89,162.52,393.76,1.0,-1,-1,-1
71,2,1917.58,1094.61,143.85,255.61,0.99,-1,-1,-1
71,3,389.1,1398.5,123.51,415.82,0.99,-1,-1,-1
71,4,857.32,1246.34,150.33,311.13,1.0,-1,-1,-1
71,6,1386.88,1117.06,88.99,278.36,1.0,-1,-1,-1
71,11,2095.06,1245.64,169.11,317.07,0.99,-1,-1,-1
71,8,1962.92,1168.99,167.13,223.74,1.0,-1,-1,-1
72,1,2185.18,1328.58,162.47,394.08,1.0,-1,-1,-1
72,2,1906.03,1097.18,145.07,243.1,0.99,-1,-1,-1
72,3,389.05,1398.49,123.49,415.83,0.99,-1,-1,-1
72,4,856.69,1247.79,151.27,310.19,0.99,-1,-1,-1
72,6,1386.58,1117.54,93.92,279.71,0.99,-1,-1,-1
72,11,2107.44,1245.56,158.96,319.7,0.99,-1,-1,-1
72,8,1959.35,1163.05,164.5,227.62,1.0,-1,-1,-1
73,1,2181.41,1329.34,164.19,392.41,1.0,-1,-1,-1
73,2,1894.17,1099.08,147.31,240.39,0.99,-1,-1,-1
73,3,389.03,1398.48,123.49,415.82,0.99,-1,-1,-1
73,4,857.31,1248.69,150.69,308.55,0.99,-1,-1,-1
73,6,1387.28,1117.71,97.57,280.25,1.0,-1,-1,-1
73,11,2112.32,1245.46,157.61,324.26,0.99,-1,-1,-1
73,8,1956.82,1154.08,156.21,233.12,1.0,-1,-1,-1
74,1,2175.5,1329.19,166.58,392.23,1.0,-1,-1,-1
74,2,1875.07,1103.41,155.27,240.41,1.0,-1,-1,-1
74,3,388.99,1398.46,123.48,415.83,0.99,-1,-1,-1
74,4,858.82,1249.37,149.54,307.55,1.0,-1,-1,-1
74,6,1388.31,1118.66,100.76,279.58,0.99,-1,-1,-1
74,11,2115.61,1245.82,155.44,327.32,0.99,-1,-1,-1
74,8,1953.75,1146.23,151.15,236.1,1.0,-1,-1,-1
75,1,2169.7,1328.69,169.23,393.51,1.0,-1,-1,-1
75,2,1864.71,1106.82,153.01,240.51,1.0,-1,-1,-1
75,3,388.98,1398.47,123.48,415.83,0.99,-1,-1,-1
75,4,860.25,1250.45,148.17,307.23,1.0,-1,-1,-1
75,6,1388.63,1119.47,112.52,278.9,0.99,-1,-1,-1
75,11,2119.27,1249.03,149.31,325.37,1.0,-1,-1,-1
75,8,1950.32,1141.47,147.46,236.35,1.0,-1,-1,-1
76,1,2162.2,1328.93,170.2,392.65,1.0,-1,-1,-1
76,2,1860.53,1108.95,152.05,233.43,1.0,-1,-1,-1
76,3,389.21,1398.45,123.48,415.83,0.99,-1,-1,-1
76,4,860.76,1251.21,148.53,306.72,1.0,-1,-1,-1
76,6,1387.9,1119.74,123.73,277.76,1.0,-1,-1,-1
76,11,2124.94,1253.3,139.86,320.59,1.0,-1,-1,-1
76,8,1944.91,1137.44,144.3,237.32,1.0,-1,-1,-1
77,1,2153.19,1329.48,174.07,391.88,0.99,-1,-1,-1
77,2,1858.59,1111.55,149.89,222.67,0.99,-1,-1,-1
77,3,389.55,1399.38,123.49,414.04,0.99,-1,-1,-1
77,4,857.82,1251.91,152.22,305.23,1.0,-1,-1,-1
77,6,1387.57,1120.31,131.57,276.91,1.0,-1,-1,-1
77,11,2124.76,1256.67,138.65,318.77,1.0,-1,-1,-1
77,8,1933.3,1133.76,146.82,236.78,1.0,-1,-1,-1
78,1,2143.62,1330.58,179.01,389.8,1.0,-1,-1,-1
78,2,1860.15,1110.62,152.63,218.84,0.99,-1,-1,-1
78,3,389.41,1399.7,123.49,413.37,0.99,-1,-1,-1
78,4,852.23,1252.54,158.0,303.38,1.0,-1,-1,-1
78,6,1387.34,1120.95,136.39,276.16,1.0,-1,-1,-1
78,11,2119.86,1256.52,140.23,320.33,0.99,-1,-1,-1
78,8,1923.0,1129.75,147.76,239.23,1.0,-1,-1,-1
79,1,2131.29,1330.12,187.86,390.82,1.0,-1,-1,-1
79,2,1861.94,1108.91,146.56,220.33,0.99,-1,-1,-1
79,3,389.37,1399.88,123.05,413.12,0.99,-1,-1,-1
79,4,849.22,1254.1,161.06,302.29,1.0,-1,-1,-1
79,6,1386.35,1120.77,138.24,276.36,1.0,-1,-1,-1
79,11,2120.72,1254.64,137.29,324.49,1.0,-1,-1,-1
79,8,1921.29,1126.99,142.76,241.03,1.0,-1,-1,-1
80,1,2121.42,1328.13,192.94,392.99,1.0,-1,-1,-1
80,2,1863.21,1107.34,136.95,220.99,0.99,-1,-1,-1
80,3,389.57,1399.92,122.44,413.04,0.99,-1,-1,-1
80,4,848.93,1257.29,160.44,300.14,1.0,-1,-1,-1
80,6,1385.04,1120.22,144.05,276.0,1.0,-1,-1,-1
80,11,2123.61,1251.2,132.72,326.06,0.99,-1,-1,-1
80,8,1919.3,1126.44,142.69,241.69,1.0,-1,-1,-1
81,1,2110.75,1330.5,201.8,391.59,1.0,-1,-1,-1
81,2,1859.61,1105.83,137.06,224.95,1.0,-1,-1,-1
81,3,389.48,1399.91,123.1,413.0,0.99,-1,-1,-1
81,4,848.89,1261.56,160.13,297.13,0.99,-1,-1,-1
81,6,1385.4,1120.45,146.24,276.33,1.0,-1,-1,-1
81,11,2131.01,1246.28,131.23,331.98,1.0,-1,-1,-1
81,8,1920.67,1127.64,140.89,241.02,1.0,-1,-1,-1
82,1,2104.13,1329.59,208.6,391.94,1.0,-1,-1,-1
82,2,1852.18,1104.36,142.55,227.39,1.0,-1,-1,-1
82,3,389.45,1399.89,123.35,413.0,0.99,-1,-1,-1
82,4,849.33,1263.97,161.74,296.07,1.0,-1,-1,-1
82,6,1388.09,1120.5,145.27,274.69,1.0,-1,-1,-1
82,11,2140.86,1241.29,129.0,337.28,0.99,-1,-1,-1
82,8,1921.49,1128.15,140.25,240.74,1.0,-1,-1,-1
83,1,2100.04,1329.31,212.92,392.08,1.0,-1,-1,-1
83,2,1847.03,1104.32,149.91,226.58,1.0,-1,-1,-1
83,3,389.72,1400.89,123.46,413.0,0.99,-1,-1,-1
83,4,849.57,1265.8,166.73,296.62,1.0,-1,-1,-1
83,6,1391.8,1121.06,141.29,272.74,1.0,-1,-1,-1
83,11,2150.76,1235.48,139.36,337.94,0.99,-1,-1,-1
83,8,1921.19,1128.92,140.06,240.61,1.0,-1,-1,-1
84,1,2095.98,1332.64,216.22,389.45,1.0,-1,-1,-1
84,2,1844.38,1104.18,154.47,226.32,1.0,-1,-1,-1
84,3,389.82,1400.26,123.51,413.0,0.99,-1,-1,-1
84,4,850.1,1265.84,171.22,298.22,1.0,-1,-1,-1
84,6,1397.59,1121.58,136.09,271.57,1.0,-1,-1,-1
84,11,2157.72,1231.36,139.5,332.81,1.0,-1,-1,-1
84,8,1917.66,1126.02,145.41,243.21,1.0,-1,-1,-1
85,1,2092.0,1334.45,220.86,387.11,1.0,-1,-1,-1
85,2,1840.15,1106.04,161.48,226.27,0.99,-1,-1,-1
85,3,389.66,1400.12,123.52,413.01,0.99,-1,-1,-1
85,4,852.53,1266.34,174.65,300.21,1.0,-1,-1,-1
85,6,1406.03,1121.43,126.87,272.51,1.0,-1,-1,-1
85,11,2163.77,1227.26,137.86,320.08,1.0,-1,-1,-1
85,8,1911.2,1122.85,154.48,246.83,1.0,-1,-1,-1
86,1,2089.77,1333.27,224.29,386.25,1.0,-1,-1,-1
86,2,1841.34,1107.13,157.19,227.18,0.99,-1,-1,-1
86,3,389.86,1399.15,123.54,414.8,0.99,-1,-1,-1
86,4,855.26,1267.32,180.29,300.99,1.0,-1,-1,-1
86,6,1415.54,1120.43,117.85,272.88,1.0,-1,-1,-1
86,11,2165.84,1223.01,140.9,316.13,1.0,-1,-1,-1
86,8,1906.28,1118.99,159.66,249.07,1.0,-1,-1,-1
87,1,2090.81,1332.37,223.75,384.61,1.0,-1,-1,-1
87,2,1842.17,1108.43,151.84,224.89,0.99,-1,-1,-1
87,3,389.67,1398.78,123.54,415.49,0.99,-1,-1,-1
87,4,861.06,1267.63,183.28,301.31,1.0,-1,-1,-1
87,6,1426.27,1119.6,107.15,274.39,0.99,-1,-1,-1
87,11,2168.24,1218.81,140.28,317.42,1.0,-1,-1,-1
87,8,1900.18,1115.37,159.93,251.66,1.0,-1,-1,-1
88,1,2090.56,1329.39,223.41,384.03,1.0,-1,-1,-1
88,2,1844.55,1110.32,142.59,223.16,0.99,-1,-1,-1
88,3,390.02,1399.63,123.11,413.97,0.99,-1,-1,-1
88,4,872.04,1269.1,181.75,300.12,1.0,-1,-1,-1
88,6,1431.82,1118.9,99.58,275.43,0.99,-1,-1,-1
88,11,2172.54,1216.03,138.3,318.38,1.0,-1,-1,-1
88,8,1898.02,1117.64,154.69,246.42,1.0,-1,-1,-1
89,1,2089.63,1325.1,219.61,381.58,1.0,-1,-1,-1
89,2,1845.62,1111.42,139.09,223.44,0.99,-1,-1,-1
89,3,390.13,1399.86,122.93,413.38,0.99,-1,-1,-1
89,4,887.71,1268.63,175.73,299.68,1.0,-1,-1,-1
89,6,1431.59,1118.59,100.86,274.93,0.99,-1,-1,-1
89,11,2174.76,1212.8,137.58,322.79,0.99,-1,-1,-1
89,8,1897.35,1121.71,145.43,239.87,0.99,-1,-1,-1
90,1,2089.38,1321.77,209.15,377.12,1.0,-1,-1,-1
90,2,1846.08,1112.32,137.85,222.69,0.99,-1,-1,-1
90,3,389.85,1399.99,122.86,413.17,0.99,-1,-1,-1
90,4,903.41,1269.35,170.64,301.32,1.0,-1,-1,-1
90,6,1427.69,1120.32,105.01,272.97,0.99,-1,-1,-1
90,11,2175.36,1211.73,140.93,324.47,0.99,-1,-1,-1
90,8,1897.3,1148.13,134.62,212.18,0.99,-1,-1,-1
91,1,2090.48,1315.96,194.2,377.29,1.0,-1,-1,-1
91,2,1841.96,1111.2,132.0,222.45,0.99,-1,-1,-1
91,3,389.84,1399.95,122.84,413.1,0.99,-1,-1,-1
91,4,920.49,1266.81,165.99,303.74,0.99,-1,-1,-1
91,6,1427.19,1122.22,106.58,270.89,0.99,-1,-1,-1
91,11,2174.69,1210.87,145.75,324.67,0.99,-1,-1,-1
91,8,1899.46,1161.47,119.57,196.92,0.99,-1,-1,-1
92,1,2090.12,1311.2,173.84,377.39,1.0,-1,-1,-1
92,2,1836.9,1109.46,129.87,225.07,0.99,-1,-1,-1
92,3,390.05,1399.97,122.83,413.08,0.99,-1,-1,-1
92,4,928.9,1264.08,173.26,306.44,1.0,-1,-1,-1
92,6,1429.57,1123.87,105.42,270.13,0.99,-1,-1,-1
92,11,2175.18,1210.69,145.82,323.85,0.99,-1,-1,-1
92,8,1898.57,1164.12,114.26,198.43,1.0,-1,-1,-1
93,1,2086.26,1304.94,158.92,381.05,1.0,-1,-1,-1
93,2,1830.53,1106.97,134.62,231.42,0.99,-1,-1,-1
93,3,389.6,1399.87,123.26,413.06,0.99,-1,-1,-1
93,4,933.1,1260.71,181.18,310.56,1.0,-1,-1,-1
93,6,1430.27,1124.41,105.02,269.86,0.99,-1,-1,-1
93,11,2175.09,1211.1,145.83,323.08,0.99,-1,-1,-1
93,8,1894.5,1150.25,116.35,195.36,0.76,-1,-1,-1
94,1,2078.48,1300.9,148.26,382.44,1.0,-1,-1,-1
94,2,1826.62,1106.05,139.94,232.93,0.99,-1,-1,-1
94,3,389.54,1399.92,123.43,413.05,0.99,-1,-1,-1
94,4,936.37,1257.27,189.43,314.32,1.0,-1,-1,-1
94,6,1433.24,1124.64,103.11,269.77,0.99,-1,-1,-1
94,11,2174.15,1211.34,147.62,321.0,0.99,-1,-1,-1
94,8,1889.59,1139.52,120.81,223.79,0.99,-1,-1,-1
95,1,2070.2,1298.56,146.77,382.99,1.0,-1,-1,-1
95,2,1826.11,1104.8,141.97,232.61,1.0,-1,-1,-1
95,3,389.48,1398.99,123.49,414.84,0.99,-1,-1,-1
95,4,938.72,1254.16,196.06,321.03,1.0,-1,-1,-1
95,6,1435.14,1124.24,102.43,269.32,1.0,-1,-1,-1
95,11,2171.9,1210.14,150.05,319.77,1.0,-1,-1,-1
95,8,1883.36,1133.61,122.51,236.25,0.98,-1,-1,-1
96,1,2062.82,1297.79,150.17,383.21,1.0,-1,-1,-1
96,2,1827.82,1103.46,140.99,232.47,1.0,-1,-1,-1
96,3,389.41,1398.66,123.51,415.52,0.99,-1,-1,-1
96,4,941.14,1253.45,205.52,326.63,1.0,-1,-1,-1
96,6,1437.53,1124.09,100.42,269.16,1.0,-1,-1,-1
96,11,2170.05,1208.87,152.73,318.43,0.99,-1,-1,-1
96,8,1879.33,1128.66,125.02,244.75,0.99,-1,-1,-1
97,1,2052.14,1298.5,157.0,383.29,0.99,-1,-1,-1
97,2,1829.54,1102.54,142.39,232.41,1.0,-1,-1,-1
97,3,389.2,1398.58,123.97,415.77,0.99,-1,-1,-1
97,4,948.42,1253.23,208.26,331.36,1.0,-1,-1,-1
97,6,1439.26,1123.59,99.71,270.46,1.0,-1,-1,-1
97,11,2170.19,1206.21,150.22,315.7,0.99,-1,-1,-1
97,8,1883.33,1125.03,115.29,249.77,0.96,-1,-1,-1
98,1,2044.84,1299.75,157.81,381.55,1.0,-1,-1,-1
98,2,1829.44,1102.21,141.15,233.26,1.0,-1,-1,-1
98,3,389.38,1398.58,123.71,415.86,0.99,-1,-1,-1
98,4,956.81,1255.83,209.22,331.34,1.0,-1,-1,-1
98,6,1439.86,1123.41,99.5,270.97,1.0,-1,-1,-1
98,11,2170.21,1203.48,147.44,310.21,0.99,-1,-1,-1
98,8,1888.9,1123.23,98.61,253.38,0.99,-1,-1,-1
99,1,2036.94,1303.84,160.02,377.31,0.99,-1,-1,-1
99,2,1830.41,1099.86,137.09,233.56,0.99,-1,-1,-1
99,3,389.28,1399.46,124.05,414.09,0.99,-1,-1,-1
99,4,968.22,1257.27,205.09,330.78,1.0,-1,-1,-1
99,6,1440.03,1123.31,101.26,271.16,1.0,-1,-1,-1
99,11,2168.38,1200.24,146.38,305.92,1.0,-1,-1,-1
99,8,1891.16,1119.51,90.76,258.17,0.99,-1,-1,-1
100,1,2031.49,1310.35,157.32,370.8,1.0,-1,-1,-1
100,2,1832.66,1087.39,131.95,246.12,0.99,-1,-1,-1
100,3,389.43,1398.87,123.73,415.21,0.99,-1,-1,-1
100,4,982.56,1260.02,198.04,328.28,1.0,-1,-1,-1
100,6,1440.01,1122.8,101.94,272.58,1.0,-1,-1,-1
100,11,2168.53,1195.02,144.19,301.23,1.0,-1,-1,-1
100,8,1890.0,1112.0,90.28,266.04,0.99,-1,-1,-1
101,1,2028.81,1317.82,152.75,364.34,1.0,-1,-1,-1
101,2,1832.66,1071.03,135.52,265.62,1.0,-1,-1,-1
101,3,389.49,1399.57,123.16,415.63,0.99,-1,-1,-1
101,4,1000.29,1261.55,190.76,327.71,1.0,-1,-1,-1
101,6,1439.93,1122.64,102.22,272.23,1.0,-1,-1,-1
101,11,2165.85,1190.03,146.96,299.1,1.0,-1,-1,-1
101,8,1891.52,1100.94,88.35,276.8,0.99,-1,-1,-1
102,1,2022.63,1322.84,151.12,360.64,1.0,-1,-1,-1
102,2,1830.03,1054.88,142.16,281.67,0.99,-1,-1,-1
102,3,389.3,1398.94,123.4,415.78,0.99,-1,-1,-1
102,4,1021.53,1263.0,175.34,329.22,1.0,-1,-1,-1
102,6,1439.86,1122.11,102.34,272.53,1.0,-1,-1,-1
102,11,2164.85,1186.45,147.99,299.28,1.0,-1,-1,-1
102,8,1896.8,1089.35,84.09,288.65,0.97,-1,-1,-1
103,1,2012.44,1323.79,156.02,360.24,0.99,-1,-1,-1
103,2,1825.57,1041.29,149.93,301.65,0.99,-1,-1,-1
103,3,389.45,1398.72,123.04,415.83,0.99,-1,-1,-1
103,4,1046.14,1263.11,154.71,334.63,1.0,-1,-1,-1
103,6,1439.79,1121.93,102.41,272.65,0.99,-1,-1,-1
103,11,2164.46,1182.98,150.17,300.77,1.0,-1,-1,-1
103,8,1898.72,1075.45,84.65,301.79,0.94,-1,-1,-1
104,1,2002.61,1320.04,161.4,364.22,1.0,-1,-1,-1
104,2,1821.26,1048.77,152.91,286.5,0.97,-1,-1,-1
104,3,389.49,1398.6,123.34,415.85,0.99,-1,-1,-1
104,4,1073.43,1260.46,132.08,342.82,0.99,-1,-1,-1
104,6,1441.48,1121.84,100.65,272.7,0.99,-1,-1,-1
104,11,2162.51,1179.54,156.29,302.74,1.0,-1,-1,-1
104,8,1900.28,1064.51,86.78,310.24,0.96,-1,-1,-1
105,1,1990.26,1312.38,170.53,371.13,1.0,-1,-1,-1
105,2,1820.51,1035.0,159.29,287.77,0.97,-1,-1,-1
105,3,389.49,1398.58,123.46,415.86,0.99,-1,-1,-1
105,4,1091.28,1258.14,123.64,350.73,1.0,-1,-1,-1
105,6,1441.17,1121.39,101.8,273.16,1.0,-1,-1,-1
105,11,2160.89,1176.58,160.34,305.31,1.0,-1,-1,-1
105,8,1901.73,1057.78,93.07,313.39,0.97,-1,-1,-1
106,1,1978.77,1305.94,177.49,373.76,0.99,-1,-1,-1
106,2,1828.08,1011.56,156.49,299.55,0.95,-1,-1,-1
106,3,389.48,1398.59,123.51,415.86,0.99,-1,-1,-1
106,4,1097.88,1255.5,127.99,357.2,1.0,-1,-1,-1
106,6,1442.8,1120.78,100.46,273.78,1.0,-1,-1,-1
106,11,2157.64,1173.8,167.13,307.21,0.99,-1,-1,-1
106,8,1900.49,1048.39,98.94,312.68,0.99,-1,-1,-1
107,1,1969.33,1299.91,176.7,371.21,1.0,-1,-1,-1
107,2,1840.93,995.82,142.9,305.66,0.95,-1,-1,-1
107,3,389.31,1398.56,123.97,415.84,0.99,-1,-1,-1
107,4,1099.43,1254.9,149.88,359.14,1.0,-1,-1,-1
107,6,1443.41,1120.08,99.96,274.45,1.0,-1,-1,-1
107,11,2156.4,1171.04,174.91,307.93,0.99,-1,-1,-1
107,8,1900.88,1010.33,99.47,340.18,0.99,-1,-1,-1
108,1,1961.55,1297.21,171.03,358.18,1.0,-1,-1,-1
108,2,1862.45,1015.54,111.89,274.84,0.93,-1,-1,-1
108,3,389.46,1398.54,123.7,415.83,0.99,-1,-1,-1
108,4,1099.68,1255.11,171.3,360.2,1.0,-1,-1,-1
108,6,1444.49,1119.82,97.99,274.69,1.0,-1,-1,-1
108,11,2156.79,1168.77,179.61,308.67,0.99,-1,-1,-1
108,8,1895.69,986.29,103.23,362.38,1.0,-1,-1,-1
109,1,1952.67,1294.95,158.07,334.71,1.0,-1,-1,-1
109,2,1882.41,1030.58,82.37,248.27,0.92,-1,-1,-1
109,3,389.5,1398.6,123.6,415.83,0.99,-1,-1,-1
109,4,1102.85,1256.58,184.13,359.17,1.0,-1,-1,-1
109,6,1444.84,1119.32,97.27,276.12,1.0,-1,-1,-1
109,11,2164.78,1166.72,174.45,307.62,0.99,-1,-1,-1
109,8,1898.98,962.5,102.91,381.29,1.0,-1,-1,-1
110,1,1939.69,1291.91,145.79,323.78,0.99,-1,-1,-1
110,2,1890.55,1037.68,69.17,227.42,0.88,-1,-1,-1
110,3,389.73,1398.64,123.56,415.84,0.99,-1,-1,-1
110,4,1111.4,1260.72,187.63,357.79,1.0,-1,-1,-1
110,6,1444.95,1117.82,97.03,277.99,1.0,-1,-1,-1
110,11,2165.33,1164.72,175.81,305.89,1.0,-1,-1,-1
110,8,1900.28,946.04,99.24,395.43,1.0,-1,-1,-1
111,1,1932.62,1288.61,143.27,318.66,1.0,-1,-1,-1
111,2,1895.62,1006.94,70.28,251.22,0.77,-1,-1,-1
111,3,389.62,1398.69,124.0,415.83,0.99,-1,-1,-1
111,4,1123.97,1264.55,181.11,357.6,1.0,-1,-1,-1
111,6,1445.87,1116.85,96.97,279.12,0.98,-1,-1,-1
111,11,2169.94,1163.2,172.75,303.45,0.99,-1,-1,-1
111,8,1906.17,971.46,90.63,370.02,0.99,-1,-1,-1
112,1,1931.29,1284.28,142.45,319.29,1.0,-1,-1,-1
112,2,1897.97,998.9,72.5,257.29,0.13,-1,-1,-1
112,3,389.55,1398.66,124.15,415.83,0.99,-1,-1,-1
112,4,1134.67,1268.17,173.03,355.24,0.99,-1,-1,-1
112,6,1447.95,1115.57,96.96,280.42,0.99,-1,-1,-1
112,11,2181.45,1160.47,159.04,302.11,1.0,-1,-1,-1
112,8,1900.94,981.73,92.95,363.41,1.0,-1,-1,-1
113,1,1923.85,1278.22,149.52,322.4,1.0,-1,-1,-1
113,3,389.83,1398.63,123.76,415.81,0.99,-1,-1,-1
113,4,1150.03,1269.94,159.98,352.92,1.0,-1,-1,-1
113,6,1450.54,1112.42,95.18,282.66,0.99,-1,-1,-1
113,11,2188.62,1155.04,148.17,301.62,1.0,-1,-1,-1
113,8,1897.39,996.38,97.33,351.92,1.0,-1,-1,-1
114,1,1900.82,1270.21,173.43,324.16,0.99,-1,-1,-1
114,3,389.39,1398.61,124.06,415.81,0.99,-1,-1,-1
114,4,1173.52,1270.56,139.42,353.78,1.0,-1,-1,-1
114,6,1454.1,1109.46,90.92,283.49,0.99,-1,-1,-1
114,11,2193.83,1151.31,136.86,300.57,1.0,-1,-1,-1
114,8,1896.0,1009.4,100.74,343.73,1.0,-1,-1,-1
115,1,1872.77,1261.06,199.17,326.74,1.0,-1,-1,-1
115,3,389.15,1398.6,124.17,415.82,0.99,-1,-1,-1
115,4,1195.64,1269.87,124.24,354.07,1.0,-1,-1,-1
115,6,1458.97,1105.27,87.53,283.33,0.99,-1,-1,-1
115,11,2199.26,1148.69,123.51,301.55,1.0,-1,-1,-1
115,8,1896.29,1019.85,102.06,333.34,0.99,-1,-1,-1
116,1,1845.88,1251.49,214.56,329.59,1.0,-1,-1,-1
116,3,389.15,1399.47,124.21,415.81,0.99,-1,-1,-1
116,4,1211.27,1266.89,119.22,355.92,0.99,-1,-1,-1
116,6,1460.76,1101.48,88.18,282.8,0.98,-1,-1,-1
116,11,2204.91,1146.91,113.23,302.83,1.0,-1,-1,-1
116,8,1893.85,1030.67,106.08,325.71,0.99,-1,-1,-1
117,1,1827.5,1244.05,212.45,319.58,1.0,-1,-1,-1
117,3,389.14,1399.81,124.22,415.82,0.99,-1,-1,-1
117,4,1222.16,1263.97,123.37,360.15,1.0,-1,-1,-1
117,6,1464.95,1098.78,86.64,279.9,0.99,-1,-1,-1
117,11,2207.61,1146.36,106.13,302.44,1.0,-1,-1,-1
117,8,1887.7,1043.78,114.58,328.26,0.99,-1,-1,-1
118,1,1820.53,1240.11,192.25,301.81,1.0,-1,-1,-1
118,3,389.11,1400.84,124.22,414.03,0.99,-1,-1,-1
118,4,1229.72,1261.53,131.26,362.16,1.0,-1,-1,-1
118,6,1468.23,1096.04,86.11,276.99,1.0,-1,-1,-1
118,11,2208.33,1145.82,102.07,302.76,0.99,-1,-1,-1
118,8,1882.77,1066.06,121.25,333.22,0.99,-1,-1,-1
119,1,1815.91,1236.14,169.39,297.19,1.0,-1,-1,-1
119,3,389.33,1400.29,124.22,415.15,0.99,-1,-1,-1
119,4,1234.83,1260.57,150.25,362.86,1.0,-1,-1,-1
119,6,1469.35,1092.37,89.58,275.89,1.0,-1,-1,-1
119,11,2209.38,1147.03,99.02,300.65,1.0,-1,-1,-1
119,8,1905.65,1099.72,103.31,307.93,0.98,-1,-1,-1
119,17,1883.25,1094.85,118.8,309.15,0.96,-1,-1,-1
120,1,1808.44,1230.82,149.62,297.95,1.0,-1,-1,-1
120,3,389.42,1399.28,124.22,415.57,0.99,-1,-1,-1
120,4,1236.69,1260.73,164.17,362.64,1.0,-1,-1,-1
120,6,1469.72,1089.78,96.2,274.59,1.0,-1,-1,-1
120,11,2209.63,1148.52,98.21,299.87,0.99,-1,-1,-1
120,8,1917.37,1122.74,95.5,287.85,0.99,-1,-1,-1
120,17,1883.26,1102.42,120.96,289.71,0.99,-1,-1,-1
121,1,1806.44,1223.11,135.04,303.34,0.99,-1,-1,-1
121,3,389.48,1398.78,124.21,415.72,0.99,-1,-1,-1
121,4,1235.34,1260.72,179.12,362.49,1.0,-1,-1,-1
121,6,1470.69,1088.37,103.91,273.21,1.0,-1,-1,-1
121,11,2208.67,1149.98,99.97,298.7,1.0,-1,-1,-1
121,8,1918.61,1132.89,98.34,278.43,0.96,-1,-1,-1
121,17,1884.3,1104.94,123.44,293.32,0.99,-1,-1,-1
122,1,1812.07,1212.83,116.77,312.15,0.99,-1,-1,-1
122,3,389.55,1398.64,124.22,415.77,0.99,-1,-1,-1
122,4,1237.52,1261.64,184.64,360.6,1.0,-1,-1,-1
122,6,1471.06,1088.4,112.06,272.71,1.0,-1,-1,-1
122,11,2207.37,1151.49,102.55,294.69,1.0,-1,-1,-1
122,8,1910.12,1125.05,110.04,287.28,0.97,-1,-1,-1
122,17,1883.63,1103.65,126.36,286.03,0.97,-1,-1,-1
123,1,1814.75,1202.04,112.76,320.85,0.99,-1,-1,-1
123,3,389.79,1398.58,124.22,415.8,0.99,-1,-1,-1
123,4,1243.14,1261.99,185.88,359.86,1.0,-1,-1,-1
123,6,1474.57,1088.47,118.66,273.43,1.0,-1,-1,-1
123,11,2204.15,1153.45,107.21,290.97,1.0,-1,-1,-1
123,8,1913.01,1113.55,109.22,299.95,0.99,-1,-1,-1
123,17,1886.38,1100.57,125.25,282.61,0.79,-1,-1,-1
124,1,1812.85,1191.98,109.72,325.09,0.99,-1,-1,-1
124,3,389.86,1398.59,124.22,415.81,0.99,-1,-1,-1
124,4,1253.24,1262.15,178.0,359.55,1.0,-1,-1,-1
124,6,1475.9,1090.37,128.08,272.83,1.0,-1,-1,-1
124,11,2202.02,1153.78,110.78,285.57,1.0,-1,-1,-1
124,8,1922.97,1121.93,101.73,291.9,0.99,-1,-1,-1
124,17,1896.05,1094.66,113.08,278.66,0.98,-1,-1,-1
125,1,1806.76,1181.31,110.83,328.49,1.0,-1,-1,-1
125,3,390.11,1398.64,123.78,415.81,0.99,-1,-1,-1
125,4,1264.78,1262.24,166.72,357.62,1.0,-1,-1,-1
125,6,1474.71,1093.85,138.51,269.94,1.0,-1,-1,-1
125,11,2198.54,1153.04,115.74,282.71,1.0,-1,-1,-1
125,8,1928.64,1124.02,98.74,289.74,0.99,-1,-1,-1
125,17,1902.34,1088.4,110.76,279.4,0.99,-1,-1,-1
126,1,1797.38,1174.8,107.64,311.19,1.0,-1,-1,-1
126,3,389.99,1398.6,124.05,415.81,0.99,-1,-1,-1
126,4,1280.48,1261.34,151.44,356.88,1.0,-1,-1,-1
126,6,1475.03,1098.77,146.0,265.27,1.0,-1,-1,-1
126,11,2195.44,1150.05,119.39,279.91,1.0,-1,-1,-1
126,8,1933.33,1122.78,95.84,289.0,0.99,-1,-1,-1
126,17,1909.04,1085.38,108.16,278.82,0.98,-1,-1,-1
127,1,1787.73,1170.93,106.71,292.66,1.0,-1,-1,-1
127,3,390.13,1398.65,123.72,415.81,0.99,-1,-1,-1
127,4,1298.29,1258.37,134.12,358.38,1.0,-1,-1,-1
127,6,1474.25,1103.83,154.01,261.75,1.0,-1,-1,-1
127,11,2194.25,1147.2,122.56,276.24,1.0,-1,-1,-1
127,8,1935.88,1119.03,94.79,292.85,0.99,-1,-1,-1
127,17,1915.92,1084.47,105.48,279.64,0.97,-1,-1,-1
128,1,1776.28,1168.91,110.23,288.65,1.0,-1,-1,-1
128,3,390.31,1398.65,123.59,415.79,0.99,-1,-1,-1
128,4,1311.28,1256.34,122.7,360.7,1.0,-1,-1,-1
128,6,1473.98,1108.4,158.81,257.77,1.0,-1,-1,-1
128,11,2195.6,1144.33,123.78,272.23,1.0,-1,-1,-1
128,8,1939.5,1119.28,94.42,291.64,0.99,-1,-1,-1
128,17,1917.22,1084.25,108.42,280.92,0.98,-1,-1,-1
129,1,1766.9,1166.53,111.56,286.41,1.0,-1,-1,-1
129,3,390.25,1398.59,123.53,415.8,0.99,-1,-1,-1
129,4,1318.46,1254.66,117.49,361.59,1.0,-1,-1,-1
129,6,1474.6,1110.93,162.31,253.65,1.0,-1,-1,-1
129,11,2200.49,1141.04,125.99,267.69,1.0,-1,-1,-1
129,8,1941.58,1122.79,96.1,287.66,0.99,-1,-1,-1
129,17,1922.08,1085.61,109.5,280.54,0.98,-1,-1,-1
130,1,1761.0,1162.75,112.15,287.98,0.99,-1,-1,-1
130,3,390.24,1399.48,123.07,414.02,0.99,-1,-1,-1
130,4,1326.17,1252.29,115.86,363.69,1.0,-1,-1,-1
130,6,1476.53,1111.85,163.57,250.39,1.0,-1,-1,-1
130,11,2205.0,1138.54,126.82,264.74,1.0,-1,-1,-1
130,8,1943.18,1114.12,100.31,296.11,1.0,-1,-1,-1
130,17,1919.15,1105.31,113.6,260.47,0.4,-1,-1,-1
131,1,1758.19,1156.64,110.66,292.71,0.99,-1,-1,-1
131,3,390.2,1399.01,123.36,415.14,0.99,-1,-1,-1
131,4,1333.1,1250.58,131.3,362.7,1.0,-1,-1,-1
131,6,1482.41,1109.02,158.76,250.16,1.0,-1,-1,-1
131,11,2208.49,1137.68,127.12,261.95,1.0,-1,-1,-1
131,8,1943.7,1117.97,105.43,292.17,0.99,-1,-1,-1
131,17,1920.63,1112.43,113.36,253.87,0.32,-1,-1,-1
132,1,1753.88,1149.66,111.97,293.22,0.99,-1,-1,-1
132,3,390.42,1398.79,123.45,415.57,0.99,-1,-1,-1
132,4,1338.23,1249.08,144.43,362.3,1.0,-1,-1,-1
132,6,1487.35,1105.69,154.91,252.86,1.0,-1,-1,-1
132,11,2209.83,1138.38,128.97,258.32,1.0,-1,-1,-1
132,8,1945.61,1118.07,107.37,292.01,1.0,-1,-1,-1
132,17,1920.17,1116.75,116.87,251.69,0.43,-1,-1,-1
133,1,1751.5,1141.36,117.88,273.33,0.99,-1,-1,-1
133,3,390.21,1398.66,123.94,415.73,0.99,-1,-1,-1
133,4,1342.86,1249.38,156.08,360.34,0.99,-1,-1,-1
133,6,1491.73,1100.35,151.56,256.6,0.99,-1,-1,-1
133,11,2209.32,1138.62,133.17,257.99,1.0,-1,-1,-1
133,8,1944.41,1119.3,109.86,289.74,0.99,-1,-1,-1
133,17,1947.3,1106.27,104.0,261.1,0.96,-1,-1,-1
134,1,1744.65,1134.99,118.33,264.89,0.98,-1,-1,-1
134,3,390.16,1398.72,124.12,415.79,0.99,-1,-1,-1
134,4,1349.17,1248.76,159.41,361.37,1.0,-1,-1,-1
134,6,1504.03,1095.78,139.52,258.06,0.99,-1,-1,-1
134,11,2210.02,1139.79,136.49,257.97,1.0,-1,-1,-1
134,8,1943.91,1119.39,112.53,292.05,1.0,-1,-1,-1
134,17,1964.45,1103.46,95.12,263.69,0.97,-1,-1,-1
135,1,1743.11,1130.01,118.52,252.39,0.96,-1,-1,-1
135,3,390.09,1398.54,124.18,415.82,0.99,-1,-1,-1
135,4,1353.45,1251.04,160.21,358.18,1.0,-1,-1,-1
135,6,1519.59,1092.1,125.61,252.4,0.99,-1,-1,-1
135,11,2211.1,1140.98,141.23,259.86,1.0,-1,-1,-1
135,8,1943.63,1118.74,113.52,294.27,1.0,-1,-1,-1
135,17,1973.89,1102.63,92.11,261.18,0.98,-1,-1,-1
136,1,1735.66,1126.25,123.93,264.7,0.99,-1,-1,-1
136,3,390.1,1398.49,124.19,415.82,0.99,-1,-1,-1
136,4,1355.69,1250.65,160.41,357.42,1.0,-1,-1,-1
136,6,1530.72,1087.66,118.62,249.38,0.99,-1,-1,-1
136,11,2211.5,1139.75,148.23,264.22,1.0,-1,-1,-1
136,8,1946.1,1118.52,112.1,294.24,1.0,-1,-1,-1
136,17,1981.57,1100.13,91.14,262.09,0.98,-1,-1,-1
137,1,1734.71,1123.62,124.21,262.32,1.0,-1,-1,-1
137,3,389.87,1398.46,124.64,415.81,0.99,-1,-1,-1
137,4,1356.69,1250.5,160.84,357.12,1.0,-1,-1,-1
137,6,1544.62,1084.22,110.66,244.69,0.99,-1,-1,-1
137,11,2209.85,1136.14,156.07,263.67,0.99,-1,-1,-1
137,8,1947.84,1117.01,109.72,295.56,1.0,-1,-1,-1
137,17,1987.66,1098.72,92.73,260.67,0.99,-1,-1,-1
138,1,1737.33,1121.98,127.84,258.4,0.99,-1,-1,-1
138,3,389.88,1398.44,124.81,415.8,0.99,-1,-1,-1
138,4,1357.78,1250.88,159.18,356.57,1.0,-1,-1,-1
138,6,1557.82,1081.19,106.06,242.99,1.0,-1,-1,-1
138,11,2209.26,1133.88,162.52,263.51,1.0,-1,-1,-1
138,8,1948.51,1114.6,108.78,297.84,1.0,-1,-1,-1
138,17,1995.14,1094.59,91.56,263.78,0.99,-1,-1,-1
139,1,1736.77,1117.59,132.7,259.78,0.99,-1,-1,-1
139,3,389.93,1398.49,124.87,415.8,0.99,-1,-1,-1
139,4,1360.63,1250.67,156.69,355.92,1.0,-1,-1,-1
139,6,1565.91,1078.4,110.23,244.24,0.98,-1,-1,-1
139,11,2210.79,1131.36,168.42,265.27,1.0,-1,-1,-1
139,8,1947.87,1113.74,110.19,298.7,1.0,-1,-1,-1
139,17,1996.72,1091.36,96.67,265.86,0.99,-1,-1,-1
140,1,1740.89,1108.41,129.34,261.28,1.0,-1,-1,-1
140,3,389.8,1398.47,124.91,415.8,0.99,-1,-1,-1
140,4,1362.22,1248.74,153.92,354.8,1.0,-1,-1,-1
140,6,1569.34,1074.21,117.16,247.44,0.99,-1,-1,-1
140,11,2208.66,1129.01,177.55,263.73,1.0,-1,-1,-1
140,8,1945.68,1111.97,112.49,300.35,1.0,-1,-1,-1
140,17,1999.7,1087.4,98.54,267.57,0.99,-1,-1,-1
141,1,1742.88,1101.3,131.51,260.14,1.0,-1,-1,-1
141,3,390.09,1398.63,124.47,415.8,0.99,-1,-1,-1
141,4,1364.95,1248.64,150.59,353.94,1.0,-1,-1,-1
141,6,1570.53,1071.99,128.63,249.58,1.0,-1,-1,-1
141,11,2222.46,1127.0,174.21,258.26,1.0,-1,-1,-1
141,8,1943.18,1110.57,115.11,301.86,1.0,-1,-1,-1
141,17,2004.25,1084.78,101.07,270.01,0.99,-1,-1,-1
142,1,1744.43,1093.28,132.3,269.67,0.99,-1,-1,-1
142,3,389.61,1398.51,124.75,415.8,0.99,-1,-1,-1
142,4,1372.34,1246.22,142.56,354.97,1.0,-1,-1,-1
142,6,1573.28,1069.28,136.45,252.2,1.0,-1,-1,-1
142,11,2233.13,1124.34,169.16,253.97,1.0,-1,-1,-1
142,8,1942.03,1108.98,114.32,304.18,1.0,-1,-1,-1
142,17,2011.81,1083.23,96.74,270.93,0.99,-1,-1,-1
143,1,1763.78,1088.88,114.92,249.38,0.99,-1,-1,-1
143,3,389.51,1398.66,124.85,415.81,0.99,-1,-1,-1
143,4,1380.9,1245.52,133.58,354.49,1.0,-1,-1,-1
143,6,1575.98,1065.42,142.99,256.76,0.99,-1,-1,-1
143,11,2248.82,1121.79,158.22,252.44,1.0,-1,-1,-1
143,8,1942.58,1108.57,113.98,305.05,1.0,-1,-1,-1
143,17,2018.14,1084.67,95.06,268.62,0.99,-1,-1,-1
144,1,1767.04,1085.14,113.55,256.12,0.99,-1,-1,-1
144,3,389.52,1398.59,124.89,415.81,0.99,-1,-1,-1
144,4,1391.18,1243.81,126.64,355.65,1.0,-1,-1,-1
144,6,1580.31,1060.81,147.25,260.25,1.0,-1,-1,-1
144,11,2269.2,1118.52,146.67,253.72,0.99,-1,-1,-1
144,8,1943.67,1107.4,112.05,306.23,1.0,-1,-1,-1
144,17,2022.97,1086.48,94.47,265.05,1.0,-1,-1,-1
145,1,1778.15,1083.05,103.99,251.36,1.0,-1,-1,-1
145,3,389.53,1398.62,124.9,415.8,0.99,-1,-1,-1
145,4,1398.29,1242.8,126.1,356.54,1.0,-1,-1,-1
145,6,1596.52,1056.98,140.2,243.0,0.99,-1,-1,-1
145,11,2284.8,1113.83,136.83,257.83,1.0,-1,-1,-1
145,8,1943.17,1107.9,111.28,305.76,1.0,-1,-1,-1
145,17,2026.33,1088.15,97.87,263.7,1.0,-1,-1,-1
146,1,1786.02,1079.8,96.74,246.92,1.0,-1,-1,-1
146,3,389.49,1398.58,124.89,415.81,0.99,-1,-1,-1
146,4,1403.33,1241.53,129.63,356.89,1.0,-1,-1,-1
146,6,1609.8,1053.37,133.68,239.89,0.99,-1,-1,-1
146,11,2292.95,1109.48,137.01,261.19,1.0,-1,-1,-1
146,8,1944.75,1108.11,109.19,304.67,1.0,-1,-1,-1
146,17,2028.31,1090.6,106.2,262.33,1.0,-1,-1,-1
147,1,1788.68,1074.71,94.32,243.54,1.0,-1,-1,-1
147,3,389.52,1398.6,124.91,415.79,0.99,-1,-1,-1
147,4,1405.89,1241.53,134.57,358.35,1.0,-1,-1,-1
147,6,1623.5,1051.7,129.38,237.89,1.0,-1,-1,-1
147,11,2296.54,1103.43,142.56,266.92,1.0,-1,-1,-1
147,8,1944.42,1107.72,108.4,303.77,1.0,-1,-1,-1
147,17,2032.41,1092.41,114.53,260.93,1.0,-1,-1,-1
148,1,1790.4,1070.34,95.45,240.58,1.0,-1,-1,-1
148,3,389.45,1398.57,124.89,415.8,0.99,-1,-1,-1
148,4,1409.25,1241.13,139.99,358.46,1.0,-1,-1,-1
148,6,1629.14,1050.3,131.37,236.31,1.0,-1,-1,-1
148,11,2299.42,1099.51,146.39,269.1,1.0,-1,-1,-1
148,8,1943.34,1108.07,108.09,302.09,1.0,-1,-1,-1
148,17,2034.69,1094.93,119.49,257.75,1.0,-1,-1,-1
149,1,1792.76,1065.72,95.92,238.67,1.0,-1,-1,-1
149,3,389.46,1398.56,124.89,415.79,0.99,-1,-1,-1
149,4,1412.11,1240.09,143.84,355.82,1.0,-1,-1,-1
149,6,1632.8,1052.57,130.32,229.47,1.0,-1,-1,-1
149,11,2307.37,1097.63,149.63,267.25,1.0,-1,-1,-1
149,8,1942.03,1107.28,106.2,301.44,1.0,-1,-1,-1
149,17,2041.42,1094.04,116.27,258.38,0.99,-1,-1,-1
150,1,1795.36,1063.74,96.19,237.17,1.0,-1,-1,-1
150,3,389.44,1398.54,124.88,415.8,0.99,-1,-1,-1
150,4,1414.77,1240.62,147.07,356.61,1.0,-1,-1,-1
150,6,1632.07,1053.08,137.06,227.89,1.0,-1,-1,-1
150,11,2321.7,1095.26,143.79,263.86,1.0,-1,-1,-1
150,8,1938.83,1105.65,107.29,301.64,1.0,-1,-1,-1
150,17,2046.52,1094.15,113.11,258.65,1.0,-1,-1,-1
151,1,1798.05,1063.2,96.36,229.48,0.99,-1,-1,-1
151,3,389.46,1398.55,124.88,415.8,0.99,-1,-1,-1
151,4,1418.26,1240.4,150.06,356.46,1.0,-1,-1,-1
151,6,1630.81,1053.34,148.3,227.39,0.99,-1,-1,-1
151,11,2338.68,1094.93,134.25,258.08,1.0,-1,-1,-1
151,8,1935.88,1103.71,107.7,298.59,1.0,-1,-1,-1
151,17,2054.5,1093.74,110.07,259.68,1.0,-1,-1,-1
152,1,1803.45,1063.23,92.87,223.07,1.0,-1,-1,-1
152,3,389.44,1398.59,124.89,415.8,0.99,-1,-1,-1
152,4,1421.18,1240.37,151.18,356.4,1.0,-1,-1,-1
152,6,1633.62,1050.82,156.04,228.18,0.99,-1,-1,-1
152,11,2359.35,1096.29,123.34,250.52,1.0,-1,-1,-1
152,8,1933.87,1102.57,104.3,293.41,1.0,-1,-1,-1
152,17,2059.98,1092.71,107.11,260.98,1.0,-1,-1,-1
153,1,1809.01,1062.02,89.8,217.21,1.0,-1,-1,-1
153,3,389.43,1398.57,124.88,415.8,0.99,-1,-1,-1
153,4,1423.88,1239.92,151.56,356.83,1.0,-1,-1,-1
153,6,1644.0,1043.19,159.05,232.13,0.99,-1,-1,-1
153,11,2381.34,1096.44,108.22,247.73,1.0,-1,-1,-1
153,8,1931.33,1100.8,99.38,290.12,1.0,-1,-1,-1
153,17,2069.01,1090.53,102.37,262.38,1.0,-1,-1,-1
154,1,1813.67,1060.34,88.75,215.21,0.99,-1,-1,-1
154,3,389.46,1398.54,124.88,415.8,0.99,-1,-1,-1
154,4,1428.28,1238.85,149.9,357.88,0.99,-1,-1,-1
154,6,1650.54,1039.05,168.82,234.54,0.98,-1,-1,-1
154,11,2399.08,1094.75,97.24,249.46,1.0,-1,-1,-1
154,8,1928.6,1100.15,93.92,287.13,0.99,-1,-1,-1
154,17,2074.86,1088.35,100.59,264.7,1.0,-1,-1,-1
155,1,1816.13,1057.57,92.09,212.8,0.99,-1,-1,-1
155,3,389.22,1398.53,124.87,415.8,0.99,-1,-1,-1
155,4,1430.66,1236.69,149.23,357.39,1.0,-1,-1,-1
155,6,1669.19,1036.68,155.42,221.25,0.97,-1,-1,-1
155,11,2405.29,1092.84,99.69,250.15,1.0,-1,-1,-1
155,8,1924.87,1098.59,93.83,289.22,0.99,-1,-1,-1
155,17,2077.69,1084.88,103.58,266.46,1.0,-1,-1,-1
156,1,1815.19,1053.52,104.04,210.24,0.99,-1,-1,-1
156,3,389.38,1398.58,124.43,415.8,0.99,-1,-1,-1
156,4,1434.1,1235.49,147.17,356.75,0.99,-1,-1,-1
156,6,1702.55,1032.3,129.85,216.15,0.98,-1,-1,-1
156,11,2407.22,1089.09,107.94,251.35,1.0,-1,-1,-1
156,8,1919.98,1096.28,99.3,291.82,0.99,-1,-1,-1
156,17,2081.28,1082.28,102.91,271.57,1.0,-1,-1,-1
157,1,1811.45,1051.72,115.28,204.88,0.99,-1,-1,-1
157,3,389.49,1398.61,124.27,415.79,0.99,-1,-1,-1
157,4,1437.95,1234.18,144.58,354.72,1.0,-1,-1,-1
157,6,1721.38,1006.27,123.73,238.94,0.93,-1,-1,-1
157,11,2408.66,1085.97,121.63,253.62,1.0,-1,-1,-1
157,8,1916.5,1094.56,104.84,292.83,1.0,-1,-1,-1
157,17,2084.23,1081.33,100.86,272.6,1.0,-1,-1,-1
158,1,1817.44,1048.85,121.47,207.63,0.98,-1,-1,-1
158,3,389.45,1398.56,124.21,415.8,0.99,-1,-1,-1
158,4,1441.86,1233.66,141.8,353.97,1.0,-1,-1,-1
158,6,1731.06,993.52,119.89,252.19,0.99,-1,-1,-1
158,11,2411.61,1080.36,138.87,257.18,1.0,-1,-1,-1
158,8,1913.44,1093.89,110.48,292.35,0.99,-1,-1,-1
158,17,2085.96,1080.51,101.9,272.08,1.0,-1,-1,-1
159,1,1828.33,1045.76,110.27,209.61,1.0,-1,-1,-1
159,3,389.42,1398.68,124.19,415.81,0.99,-1,-1,-1
159,4,1444.95,1232.73,140.77,351.91,1.0,-1,-1,-1
159,6,1736.84,997.46,120.44,248.77,0.99,-1,-1,-1
159,11,2413.45,1080.66,150.72,257.64,0.99,-1,-1,-1
159,8,1908.83,1094.25,117.87,291.73,0.99,-1,-1,-1
159,17,2088.24,1080.36,102.3,272.74,0.99,-1,-1,-1
160,1,1828.99,1040.94,109.05,212.25,1.0,-1,-1,-1
160,3,389.33,1398.47,124.17,415.82,0.99,-1,-1,-1
160,4,1445.87,1231.31,140.38,349.36,1.0,-1,-1,-1
160,6,1742.16,1001.39,131.62,242.86,0.99,-1,-1,-1
160,11,2422.28,1079.36,148.78,258.72,1.0,-1,-1,-1
160,8,1906.17,1094.68,120.71,291.07,1.0,-1,-1,-1
160,17,2089.75,1080.59,102.44,272.08,1.0,-1,-1,-1
161,1,1832.82,1035.36,101.49,215.99,0.99,-1,-1,-1
161,3,389.22,1399.47,124.18,415.8,0.99,-1,-1,-1
161,4,1448.88,1231.85,138.47,346.62,1.0,-1,-1,-1
161,6,1748.47,1000.14,144.41,243.22,0.99,-1,-1,-1
161,11,2433.43,1079.96,142.57,255.55,1.0,-1,-1,-1
161,8,1902.71,1094.56,123.53,290.38,1.0,-1,-1,-1
161,17,2090.25,1081.29,104.3,273.57,1.0,-1,-1,-1
162,1,1835.92,1029.34,94.9,221.0,0.99,-1,-1,-1
162,3,389.36,1398.91,124.18,415.81,0.99,-1,-1,-1
162,4,1451.62,1232.5,137.77,344.28,1.0,-1,-1,-1
162,6,1760.97,997.1,140.79,230.89,0.98,-1,-1,-1
162,11,2448.94,1077.57,132.92,256.13,1.0,-1,-1,-1
162,8,1901.42,1094.51,122.84,289.25,1.0,-1,-1,-1
162,17,2091.18,1081.99,104.99,274.12,1.0,-1,-1,-1
163,1,1837.85,1026.77,92.52,222.04,0.99,-1,-1,-1
163,3,389.43,1398.73,124.18,415.81,0.99,-1,-1,-1
163,4,1455.23,1231.01,137.52,343.44,1.0,-1,-1,-1
163,6,1801.95,994.84,117.86,225.21,0.97,-1,-1,-1
163,11,2464.41,1076.33,121.92,257.24,0.99,-1,-1,-1
163,8,1900.17,1094.56,111.95,287.95,0.99,-1,-1,-1
163,17,2091.41,1083.21,105.25,273.41,1.0,-1,-1,-1
164,1,1842.1,1024.57,88.03,223.34,0.99,-1,-1,-1
164,3,389.25,1398.6,124.62,415.8,0.99,-1,-1,-1
164,4,1457.34,1230.44,144.63,342.27,1.0,-1,-1,-1
164,6,1831.54,988.68,97.21,228.6,0.94,-1,-1,-1
164,11,2482.58,1072.77,108.59,259.44,1.0,-1,-1,-1
164,8,1898.93,1094.11,111.22,286.58,1.0,-1,-1,-1
164,17,2092.26,1083.65,103.57,273.11,1.0,-1,-1,-1
