0,1,407.03,1325.03,138.38,369.22,1.0,-1,-1,-1
0,2,1254.83,1129.95,118.8,252.45,0.99,-1,-1,-1
0,3,1950.75,1308.15,129.6,361.8,1.0,-1,-1,-1
0,4,1915.65,1231.2,132.3,302.4,1.0,-1,-1,-1
0,6,735.75,1146.15,97.2,303.75,0.99,-1,-1,-1
0,8,2524.5,1073.93,89.1,275.4,0.99,-1,-1,-1
0,9,2767.5,1093.5,102.6,275.4,1.0,-1,-1,-1
1,1,407.01,1325.03,138.37,369.23,1.0,-1,-1,-1
1,2,1252.47,1131.12,121.14,251.28,0.99,-1,-1,-1
1,3,1950.74,1306.98,127.26,364.14,0.99,-1,-1,-1
1,4,1916.81,1230.62,132.3,302.99,1.0,-1,-1,-1
1,6,735.15,1145.57,94.86,301.99,0.99,-1,-1,-1
1,8,2523.32,1073.93,89.1,274.23,0.99,-1,-1,-1
1,9,2769.83,1094.09,97.91,274.23,0.99,-1,-1,-1
2,1,406.76,1324.52,138.9,369.75,1.0,-1,-1,-1
2,2,1250.0,1133.44,123.64,248.97,1.0,-1,-1,-1
2,3,1949.7,1305.74,126.86,364.55,1.0,-1,-1,-1
2,4,1915.98,1230.0,134.41,304.66,1.0,-1,-1,-1
2,6,735.06,1145.48,92.33,302.75,0.99,-1,-1,-1
2,8,2521.04,1074.46,93.31,272.98,0.99,-1,-1,-1
2,9,2770.25,1093.14,97.12,276.14,1.0,-1,-1,-1
3,1,406.68,1324.33,139.07,369.92,1.0,-1,-1,-1
3,2,1247.2,1134.64,126.42,247.24,1.0,-1,-1,-1
3,3,1951.43,1306.89,126.77,364.11,1.0,-1,-1,-1
3,4,1915.68,1229.8,135.07,305.18,1.0,-1,-1,-1
3,6,735.04,1145.95,90.56,302.5,0.99,-1,-1,-1
3,8,2518.3,1073.06,96.65,273.64,0.99,-1,-1,-1
3,9,2770.32,1091.79,96.96,277.78,1.0,-1,-1,-1
4,1,406.66,1324.3,139.11,369.96,1.0,-1,-1,-1
4,2,1245.86,1135.97,127.28,247.25,1.0,-1,-1,-1
4,3,1953.02,1310.8,128.78,360.46,1.0,-1,-1,-1
4,4,1915.6,1229.76,137.21,305.3,1.0,-1,-1,-1
4,6,735.05,1146.13,91.11,302.41,0.99,-1,-1,-1
4,8,2515.5,1072.11,99.63,273.89,0.99,-1,-1,-1
4,9,2774.34,1091.38,92.95,278.28,1.0,-1,-1,-1
5,1,406.66,1324.32,139.11,369.96,1.0,-1,-1,-1
5,2,1244.55,1136.85,128.43,245.87,1.0,-1,-1,-1
5,3,1952.57,1312.6,133.3,357.78,1.0,-1,-1,-1
5,4,1915.59,1229.78,137.9,304.34,1.0,-1,-1,-1
5,6,735.54,1146.2,90.38,302.39,0.99,-1,-1,-1
5,8,2512.73,1071.82,102.45,273.98,1.0,-1,-1,-1
5,9,2775.65,1091.28,91.67,278.39,0.99,-1,-1,-1
6,1,406.66,1324.31,139.11,369.95,1.0,-1,-1,-1
6,2,1244.15,1137.08,128.76,245.44,1.0,-1,-1,-1
6,3,1954.23,1312.69,138.58,358.32,1.0,-1,-1,-1
6,4,1915.58,1230.26,138.09,303.51,1.0,-1,-1,-1
6,6,735.71,1146.2,91.13,302.38,0.99,-1,-1,-1
6,8,2509.95,1070.8,105.2,275.91,0.99,-1,-1,-1
6,9,2776.0,1090.33,91.32,279.34,0.99,-1,-1,-1
7,1,406.65,1324.3,139.09,369.95,1.0,-1,-1,-1
7,2,1244.99,1138.04,127.89,244.4,1.0,-1,-1,-1
7,3,1959.35,1311.73,138.65,360.44,1.0,-1,-1,-1
7,4,1915.58,1229.96,138.1,302.74,1.0,-1,-1,-1
7,6,735.75,1146.18,92.36,302.38,1.0,-1,-1,-1
7,8,2505.38,1069.99,109.73,276.59,0.99,-1,-1,-1
7,9,2776.05,1089.55,91.26,279.64,1.0,-1,-1,-1
8,1,407.14,1324.32,138.63,369.94,1.0,-1,-1,-1
8,2,1245.4,1138.36,127.51,244.07,1.0,-1,-1,-1
8,3,1964.92,1313.65,138.58,359.86,1.0,-1,-1,-1
8,4,1916.53,1229.87,139.9,303.39,1.0,-1,-1,-1
8,6,735.33,1146.66,93.74,301.92,1.0,-1,-1,-1
8,8,2502.87,1070.18,113.13,274.99,1.0,-1,-1,-1
8,9,2776.05,1089.29,91.3,279.72,1.0,-1,-1,-1
9,1,407.28,1324.31,138.45,369.93,1.0,-1,-1,-1
9,2,1245.09,1138.42,127.33,243.99,0.99,-1,-1,-1
9,3,1968.71,1312.95,138.47,362.86,1.0,-1,-1,-1
9,4,1917.74,1229.37,140.53,305.91,1.0,-1,-1,-1
9,6,734.68,1147.26,96.07,301.3,1.0,-1,-1,-1
9,8,2499.31,1069.82,116.09,274.38,1.0,-1,-1,-1
9,9,2775.96,1088.32,91.36,280.63,1.0,-1,-1,-1
10,1,407.36,1324.33,138.39,369.93,1.0,-1,-1,-1
10,2,1245.5,1138.42,127.24,243.99,1.0,-1,-1,-1
10,3,1972.79,1311.3,136.57,366.25,1.0,-1,-1,-1
10,4,1918.23,1229.2,142.54,308.65,1.0,-1,-1,-1
10,6,734.48,1147.5,96.94,301.07,1.0,-1,-1,-1
10,8,2496.33,1069.26,117.13,274.16,1.0,-1,-1,-1
10,9,2777.78,1087.52,87.76,281.85,1.0,-1,-1,-1
11,1,407.16,1324.32,138.82,369.92,1.0,-1,-1,-1
11,2,1245.68,1138.83,127.18,243.57,1.0,-1,-1,-1
11,3,1974.21,1311.55,135.8,368.4,1.0,-1,-1,-1
11,4,1918.4,1228.68,146.83,311.91,1.0,-1,-1,-1
11,6,734.4,1148.46,99.04,300.09,1.0,-1,-1,-1
11,8,2494.37,1069.06,117.41,273.17,1.0,-1,-1,-1
11,9,2778.39,1086.79,86.47,282.28,1.0,-1,-1,-1
12,1,407.31,1324.33,138.98,369.92,1.0,-1,-1,-1
12,2,1245.32,1139.86,127.14,242.53,1.0,-1,-1,-1
12,3,1973.75,1312.99,137.28,367.85,0.99,-1,-1,-1
12,4,1919.33,1229.39,143.11,313.1,1.0,-1,-1,-1
12,6,733.48,1149.28,102.49,299.28,1.0,-1,-1,-1
12,8,2492.85,1069.91,115.64,271.9,1.0,-1,-1,-1
12,9,2778.58,1086.55,86.05,282.42,1.0,-1,-1,-1
13,1,407.62,1324.31,138.59,369.91,1.0,-1,-1,-1
13,2,1244.77,1140.2,128.0,242.17,1.0,-1,-1,-1
13,3,1972.61,1314.38,139.59,365.81,0.99,-1,-1,-1
13,4,1921.5,1229.64,136.18,313.51,1.0,-1,-1,-1
13,6,733.17,1149.99,103.77,298.54,1.0,-1,-1,-1
13,8,2493.28,1072.02,113.07,270.52,1.0,-1,-1,-1
13,9,2778.62,1087.35,85.94,280.64,0.99,-1,-1,-1
14,1,407.72,1324.31,138.44,369.91,1.0,-1,-1,-1
14,2,1244.58,1140.31,128.31,242.96,1.0,-1,-1,-1
14,3,1973.88,1316.69,140.44,363.22,0.99,-1,-1,-1
14,4,1922.29,1229.75,135.36,315.41,1.0,-1,-1,-1
14,6,733.04,1150.7,104.23,297.83,1.0,-1,-1,-1
14,8,2493.54,1073.28,110.21,269.13,1.0,-1,-1,-1
14,9,2776.79,1086.79,85.94,281.75,1.0,-1,-1,-1
15,1,407.76,1324.76,138.39,369.46,1.0,-1,-1,-1
15,2,1244.52,1140.32,128.41,243.28,1.0,-1,-1,-1
15,3,1978.75,1316.19,137.17,363.59,1.0,-1,-1,-1
15,4,1924.36,1228.9,133.26,316.09,1.0,-1,-1,-1
15,6,732.56,1150.95,102.6,298.47,1.0,-1,-1,-1
15,8,2493.74,1072.4,107.27,269.52,1.0,-1,-1,-1
15,9,2776.09,1085.7,85.98,283.04,1.0,-1,-1,-1
16,1,407.78,1324.93,138.37,369.29,1.0,-1,-1,-1
16,2,1244.53,1139.86,128.43,242.97,1.0,-1,-1,-1
16,3,1988.63,1315.52,130.48,364.18,1.0,-1,-1,-1
16,4,1926.02,1228.57,130.67,316.31,1.0,-1,-1,-1
16,6,732.39,1151.48,98.36,297.39,1.0,-1,-1,-1
16,8,2493.9,1074.3,104.33,267.89,1.0,-1,-1,-1
16,9,2774.02,1084.41,89.63,284.41,1.0,-1,-1,-1
17,1,407.78,1325.0,138.36,369.22,1.0,-1,-1,-1
17,2,1244.54,1139.67,129.32,242.87,1.0,-1,-1,-1
17,3,1994.07,1313.01,127.94,366.64,0.99,-1,-1,-1
17,4,1927.51,1228.9,126.1,315.9,1.0,-1,-1,-1
17,6,732.34,1151.66,94.91,296.99,1.0,-1,-1,-1
17,8,2493.12,1075.47,105.02,267.3,1.0,-1,-1,-1
17,9,2773.26,1083.94,90.99,284.9,0.99,-1,-1,-1
18,1,407.77,1325.02,138.36,369.2,1.0,-1,-1,-1
18,2,1245.0,1139.59,130.53,243.74,1.0,-1,-1,-1
18,3,2000.47,1311.17,125.22,368.45,1.0,-1,-1,-1
18,4,1927.1,1229.04,124.44,315.72,1.0,-1,-1,-1
18,6,732.31,1152.16,95.45,296.41,1.0,-1,-1,-1
18,8,2492.88,1075.9,105.27,266.21,1.0,-1,-1,-1
18,9,2772.96,1083.8,91.52,285.07,0.99,-1,-1,-1
19,1,407.56,1324.6,138.81,369.64,1.0,-1,-1,-1
19,2,1245.2,1138.66,131.86,244.97,1.0,-1,-1,-1
19,3,2003.63,1310.02,124.25,369.57,1.0,-1,-1,-1
19,4,1926.94,1229.54,123.88,314.28,1.0,-1,-1,-1
19,6,732.78,1152.79,96.56,295.76,1.0,-1,-1,-1
19,8,2491.06,1077.38,107.15,265.82,0.99,-1,-1,-1
19,9,2772.87,1083.31,91.72,286.0,0.99,-1,-1,-1
20,1,407.49,1324.45,138.98,369.81,1.0,-1,-1,-1
20,2,1247.07,1137.41,132.35,246.33,1.0,-1,-1,-1
20,3,2009.19,1310.48,120.31,369.97,1.0,-1,-1,-1
20,4,1927.77,1229.73,125.54,313.71,1.0,-1,-1,-1
20,6,733.42,1153.03,100.55,294.64,0.99,-1,-1,-1
20,8,2490.44,1078.37,106.07,265.69,0.99,-1,-1,-1
20,9,2774.63,1082.7,88.24,286.33,0.99,-1,-1,-1
21,1,407.24,1324.38,139.05,369.87,1.0,-1,-1,-1
21,2,1249.11,1136.04,134.29,247.73,1.0,-1,-1,-1
21,3,2012.91,1310.21,118.88,370.55,1.0,-1,-1,-1
21,4,1928.04,1229.8,126.18,313.48,1.0,-1,-1,-1
21,6,732.78,1152.64,106.44,294.68,0.99,-1,-1,-1
21,8,2490.25,1078.72,102.06,264.78,1.0,-1,-1,-1
21,9,2775.31,1082.48,86.91,286.43,1.0,-1,-1,-1
22,1,407.13,1324.35,139.07,369.89,1.0,-1,-1,-1
22,2,1250.76,1135.08,136.77,248.7,1.0,-1,-1,-1
22,3,2017.74,1311.46,114.77,370.3,1.0,-1,-1,-1
22,4,1929.0,1229.83,126.45,313.38,1.0,-1,-1,-1
22,6,732.08,1152.92,111.29,294.27,1.0,-1,-1,-1
22,8,2489.32,1077.94,96.89,265.35,1.0,-1,-1,-1
22,9,2775.54,1082.44,86.43,286.45,1.0,-1,-1,-1
23,1,407.09,1324.35,139.07,369.9,1.0,-1,-1,-1
23,2,1253.58,1134.28,135.49,249.5,1.0,-1,-1,-1
23,3,2019.35,1311.04,115.15,370.19,1.0,-1,-1,-1
23,4,1929.34,1228.95,128.37,313.33,1.0,-1,-1,-1
23,6,733.12,1153.02,113.16,294.13,1.0,-1,-1,-1
23,8,2488.12,1077.19,93.17,265.58,1.0,-1,-1,-1
23,9,2775.63,1083.33,86.27,285.54,0.99,-1,-1,-1
24,1,407.1,1324.35,139.07,369.9,1.0,-1,-1,-1
24,2,1256.44,1133.54,134.07,249.35,1.0,-1,-1,-1
24,3,2020.73,1311.77,115.33,368.34,1.0,-1,-1,-1
24,4,1930.35,1228.61,129.1,313.3,1.0,-1,-1,-1
24,6,734.86,1153.05,112.09,294.09,1.0,-1,-1,-1
24,8,2486.82,1076.88,91.86,265.69,1.0,-1,-1,-1
24,9,2775.66,1082.78,86.22,286.07,1.0,-1,-1,-1
25,1,407.09,1324.33,139.07,369.9,1.0,-1,-1,-1
25,2,1259.28,1133.26,130.82,250.17,1.0,-1,-1,-1
25,3,2022.0,1312.5,115.45,367.19,1.0,-1,-1,-1
25,4,1930.71,1228.49,131.17,313.29,1.0,-1,-1,-1
25,6,737.3,1152.13,109.84,294.99,1.0,-1,-1,-1
25,8,2486.39,1076.76,89.6,264.85,0.99,-1,-1,-1
25,9,2775.67,1083.49,86.22,285.38,0.99,-1,-1,-1
26,1,407.15,1324.33,139.07,369.9,1.0,-1,-1,-1
26,2,1262.62,1132.73,129.13,250.91,1.0,-1,-1,-1
26,3,2022.4,1311.42,117.35,367.19,1.0,-1,-1,-1
26,4,1933.53,1228.43,130.18,311.49,1.0,-1,-1,-1
26,6,739.62,1150.9,108.05,296.23,1.0,-1,-1,-1
26,8,2486.34,1076.25,88.83,265.44,0.99,-1,-1,-1
26,9,2777.52,1083.3,86.23,285.99,0.99,-1,-1,-1
27,1,407.1,1324.32,139.07,369.9,1.0,-1,-1,-1
27,2,1266.43,1131.64,126.7,252.06,1.0,-1,-1,-1
27,3,2025.05,1309.67,116.29,367.64,1.0,-1,-1,-1
27,4,1934.5,1228.86,129.8,312.14,1.0,-1,-1,-1
27,6,740.85,1149.97,106.44,297.15,1.0,-1,-1,-1
27,8,2485.36,1076.05,88.6,264.79,0.99,-1,-1,-1
27,9,2778.11,1082.36,86.25,287.1,0.99,-1,-1,-1
28,1,407.08,1324.32,139.06,369.9,1.0,-1,-1,-1
28,2,1269.15,1130.36,125.35,253.37,1.0,-1,-1,-1
28,3,2026.83,1307.68,117.72,367.36,1.0,-1,-1,-1
28,4,1935.73,1229.04,129.65,311.5,1.0,-1,-1,-1
28,6,742.18,1149.63,104.92,297.5,1.0,-1,-1,-1
28,8,2484.14,1075.98,88.56,263.66,0.99,-1,-1,-1
28,9,2778.33,1082.9,86.27,286.62,1.0,-1,-1,-1
29,1,407.09,1324.78,139.07,369.45,1.0,-1,-1,-1
29,2,1270.57,1129.01,125.32,254.74,0.99,-1,-1,-1
29,3,2026.53,1304.71,120.06,367.7,1.0,-1,-1,-1
29,4,1937.96,1228.66,129.6,312.6,1.0,-1,-1,-1
29,6,744.47,1149.96,102.54,297.19,1.0,-1,-1,-1
29,8,2481.93,1076.84,90.4,263.24,0.99,-1,-1,-1
29,9,2778.43,1083.56,86.28,285.54,0.99,-1,-1,-1
30,1,407.06,1324.51,139.06,369.73,1.0,-1,-1,-1
30,2,1272.35,1127.19,123.97,255.68,0.99,-1,-1,-1
30,3,2026.32,1303.17,122.72,367.39,1.0,-1,-1,-1
30,4,1938.75,1228.08,131.37,313.46,1.0,-1,-1,-1
30,6,745.72,1150.09,101.64,297.07,1.0,-1,-1,-1
30,8,2477.56,1077.18,94.69,263.11,0.99,-1,-1,-1
30,9,2778.44,1083.39,86.3,285.12,0.99,-1,-1,-1
31,1,407.05,1324.42,139.06,369.84,1.0,-1,-1,-1
31,2,1272.96,1124.76,123.49,257.79,0.99,-1,-1,-1
31,3,2026.17,1300.39,121.98,366.82,1.0,-1,-1,-1
31,4,1939.91,1228.32,133.81,313.34,1.0,-1,-1,-1
31,6,747.05,1150.15,100.42,297.03,1.0,-1,-1,-1
31,8,2474.22,1077.31,98.06,262.18,0.99,-1,-1,-1
31,9,2776.67,1083.78,89.88,284.96,0.99,-1,-1,-1
32,1,407.06,1324.37,139.06,369.88,1.0,-1,-1,-1
32,2,1273.58,1122.52,122.88,259.89,1.0,-1,-1,-1
32,3,2026.92,1298.03,121.68,363.48,0.99,-1,-1,-1
32,4,1941.21,1228.4,134.73,313.29,1.0,-1,-1,-1
32,6,748.87,1150.17,99.07,297.01,1.0,-1,-1,-1
32,8,2471.23,1077.34,101.12,262.74,0.99,-1,-1,-1
32,9,2776.01,1084.36,91.22,284.9,0.99,-1,-1,-1
33,1,407.06,1324.35,139.06,369.9,1.0,-1,-1,-1
33,2,1273.74,1119.94,123.58,263.32,1.0,-1,-1,-1
33,3,2026.24,1296.28,123.35,358.64,0.99,-1,-1,-1
33,4,1940.77,1227.54,136.83,313.27,1.0,-1,-1,-1
33,6,750.86,1150.62,95.87,294.77,0.99,-1,-1,-1
33,8,2467.5,1078.69,105.79,261.18,1.0,-1,-1,-1
33,9,2779.27,1085.04,88.2,284.87,0.99,-1,-1,-1
34,1,407.01,1324.33,139.06,369.91,1.0,-1,-1,-1
34,2,1275.06,1118.54,126.09,265.03,1.0,-1,-1,-1
34,3,2026.79,1294.33,123.97,353.71,0.99,-1,-1,-1
34,4,1941.42,1227.23,137.62,313.26,1.0,-1,-1,-1
34,6,751.51,1150.78,96.52,293.93,1.0,-1,-1,-1
34,8,2465.23,1079.2,109.3,260.61,1.0,-1,-1,-1
34,9,2780.52,1086.2,87.0,283.08,0.99,-1,-1,-1
35,1,407.0,1324.33,139.06,369.91,1.0,-1,-1,-1
35,2,1276.84,1116.73,127.48,266.08,1.0,-1,-1,-1
35,3,2025.18,1293.65,125.98,350.1,0.99,-1,-1,-1
35,4,1943.41,1227.11,136.12,311.46,1.0,-1,-1,-1
35,6,752.16,1151.29,94.97,292.29,0.99,-1,-1,-1
35,8,2462.68,1079.82,112.38,260.41,1.0,-1,-1,-1
35,9,2780.97,1086.63,86.56,283.3,0.99,-1,-1,-1
36,1,407.0,1324.34,139.06,369.91,1.0,-1,-1,-1
36,2,1279.7,1115.65,126.69,265.55,1.0,-1,-1,-1
36,3,2026.3,1293.0,126.73,348.36,0.99,-1,-1,-1
36,4,1947.7,1226.19,131.96,310.78,1.0,-1,-1,-1
36,6,752.36,1150.59,95.33,293.47,1.0,-1,-1,-1
36,8,2461.76,1079.6,115.27,259.46,0.99,-1,-1,-1
36,9,2781.13,1087.22,86.4,284.28,0.99,-1,-1,-1
37,1,407.04,1324.37,139.06,369.91,1.0,-1,-1,-1
37,2,1283.88,1114.87,124.15,265.29,1.0,-1,-1,-1
37,3,2026.72,1295.08,130.54,343.73,0.99,-1,-1,-1
37,4,1952.02,1225.87,128.57,307.85,1.0,-1,-1,-1
37,6,752.88,1150.36,95.48,295.71,1.0,-1,-1,-1
37,8,2460.64,1079.98,119.83,260.02,0.99,-1,-1,-1
37,9,2783.0,1088.36,86.35,286.44,0.99,-1,-1,-1
38,1,407.01,1324.37,139.05,369.91,1.0,-1,-1,-1
38,2,1286.72,1114.18,121.84,266.05,1.0,-1,-1,-1
38,3,2027.7,1296.36,137.23,340.72,1.0,-1,-1,-1
38,4,1955.34,1224.87,123.69,304.97,1.0,-1,-1,-1
38,6,753.46,1149.81,94.66,297.9,1.0,-1,-1,-1
38,8,2460.23,1079.67,118.1,258.46,0.99,-1,-1,-1
38,9,2781.88,1089.24,89.91,289.03,0.99,-1,-1,-1
39,1,406.97,1324.35,139.05,369.92,1.0,-1,-1,-1
39,2,1288.12,1112.61,121.44,268.08,1.0,-1,-1,-1
39,3,2028.02,1298.67,144.97,337.88,1.0,-1,-1,-1
39,4,1956.47,1224.95,123.72,303.46,1.0,-1,-1,-1
39,6,754.05,1149.59,95.27,299.62,1.0,-1,-1,-1
39,8,2461.02,1079.55,115.55,256.99,0.99,-1,-1,-1
39,9,2777.91,1090.44,94.75,290.01,1.0,-1,-1,-1
40,1,406.95,1324.38,139.05,369.92,1.0,-1,-1,-1
40,2,1288.57,1111.65,120.42,269.7,1.0,-1,-1,-1
40,3,2028.12,1301.82,149.67,333.76,1.0,-1,-1,-1
40,4,1955.02,1225.91,127.37,302.03,1.0,-1,-1,-1
40,6,754.69,1149.99,96.41,299.82,1.0,-1,-1,-1
40,8,2460.51,1079.06,116.3,256.46,0.99,-1,-1,-1
40,9,2776.38,1093.57,100.08,290.36,1.0,-1,-1,-1
41,1,407.13,1324.39,139.05,369.93,1.0,-1,-1,-1
41,2,1287.75,1110.89,121.85,271.18,1.0,-1,-1,-1
41,3,2029.85,1306.17,151.46,330.06,1.0,-1,-1,-1
41,4,1952.66,1228.98,134.07,298.85,1.0,-1,-1,-1
41,6,755.31,1151.03,97.74,299.0,1.0,-1,-1,-1
41,8,2455.95,1079.79,121.84,254.5,1.0,-1,-1,-1
41,9,2774.08,1096.98,105.58,289.14,1.0,-1,-1,-1
42,1,407.01,1324.39,139.5,369.92,1.0,-1,-1,-1
42,2,1287.86,1110.63,121.95,271.69,1.0,-1,-1,-1
42,3,2031.39,1310.47,157.31,325.17,1.0,-1,-1,-1
42,4,1950.87,1234.17,138.36,295.44,1.0,-1,-1,-1
42,6,756.89,1151.42,97.37,298.67,1.0,-1,-1,-1
42,8,2450.8,1080.48,125.64,252.89,1.0,-1,-1,-1
42,9,2773.18,1101.78,107.71,285.09,1.0,-1,-1,-1
43,1,407.18,1324.37,139.21,369.92,1.0,-1,-1,-1
43,2,1288.73,1110.13,118.43,271.84,1.0,-1,-1,-1
43,3,2031.08,1313.84,162.95,321.65,1.0,-1,-1,-1
43,4,1949.25,1238.34,141.75,291.06,1.0,-1,-1,-1
43,6,757.89,1151.55,97.22,299.42,1.0,-1,-1,-1
43,8,2443.61,1081.63,132.29,251.42,1.0,-1,-1,-1
43,9,2769.36,1108.04,111.96,279.96,1.0,-1,-1,-1
44,1,407.03,1324.4,139.56,369.92,1.0,-1,-1,-1
44,2,1288.55,1109.99,116.66,271.86,1.0,-1,-1,-1
44,3,2032.67,1322.28,166.82,313.23,1.0,-1,-1,-1
44,4,1946.86,1242.57,148.3,287.69,1.0,-1,-1,-1
44,6,757.35,1151.18,99.86,300.15,1.0,-1,-1,-1
44,8,2437.45,1082.49,136.55,250.01,1.0,-1,-1,-1
44,9,2767.91,1114.8,113.57,273.55,1.0,-1,-1,-1
45,1,406.95,1324.4,139.69,369.92,1.0,-1,-1,-1
45,2,1291.58,1109.53,109.26,271.83,1.0,-1,-1,-1
45,3,2034.98,1326.72,169.97,307.96,1.0,-1,-1,-1
45,4,1944.18,1246.36,154.24,284.25,1.0,-1,-1,-1
45,6,757.1,1151.48,101.72,300.86,1.0,-1,-1,-1
45,8,2430.76,1083.27,141.61,249.52,1.0,-1,-1,-1
45,9,2765.61,1120.42,114.13,268.93,1.0,-1,-1,-1
46,1,407.17,1324.4,139.29,369.92,1.0,-1,-1,-1
46,2,1297.29,1109.39,100.06,273.56,0.99,-1,-1,-1
46,3,2037.59,1332.34,174.58,301.17,0.99,-1,-1,-1
46,4,1941.4,1249.04,156.51,281.69,1.0,-1,-1,-1
46,6,757.88,1152.92,102.43,299.77,1.0,-1,-1,-1
46,8,2427.37,1083.07,143.52,250.26,1.0,-1,-1,-1
46,9,2763.87,1125.54,115.15,263.2,1.0,-1,-1,-1
47,1,407.3,1324.41,139.14,369.91,1.0,-1,-1,-1
47,2,1301.66,1109.35,95.43,275.07,0.99,-1,-1,-1
47,3,2037.74,1337.92,179.75,295.18,1.0,-1,-1,-1
47,4,1940.35,1250.4,160.81,282.18,1.0,-1,-1,-1
47,6,757.75,1154.36,104.46,298.45,1.0,-1,-1,-1
47,8,2424.44,1083.41,144.18,250.57,1.0,-1,-1,-1
47,9,2757.13,1129.55,121.61,259.79,1.0,-1,-1,-1
48,1,407.38,1324.37,139.08,369.9,1.0,-1,-1,-1
48,2,1305.91,1111.56,90.19,270.28,1.0,-1,-1,-1
48,3,2039.49,1342.99,185.12,290.88,1.0,-1,-1,-1
48,4,1940.81,1249.0,167.62,284.23,1.0,-1,-1,-1
48,6,759.03,1155.75,104.33,297.05,1.0,-1,-1,-1
48,8,2423.4,1083.04,142.59,252.49,0.99,-1,-1,-1
48,9,2751.12,1132.68,127.48,255.9,1.0,-1,-1,-1
49,1,407.4,1324.32,139.05,369.89,1.0,-1,-1,-1
49,2,1308.22,1112.86,87.54,268.41,1.0,-1,-1,-1
49,3,2047.03,1344.26,183.66,289.94,1.0,-1,-1,-1
49,4,1942.71,1246.61,170.19,286.84,0.99,-1,-1,-1
49,6,759.93,1156.67,103.37,296.07,1.0,-1,-1,-1
49,8,2422.23,1083.78,141.87,253.24,1.0,-1,-1,-1
49,9,2741.04,1134.61,137.45,252.75,1.0,-1,-1,-1
50,1,407.39,1324.31,139.04,369.89,1.0,-1,-1,-1
50,2,1309.86,1114.25,85.81,267.7,0.99,-1,-1,-1
50,3,2054.35,1344.6,181.17,287.94,1.0,-1,-1,-1
50,4,1947.82,1245.67,171.1,286.09,1.0,-1,-1,-1
50,6,760.24,1157.9,102.98,294.82,1.0,-1,-1,-1
50,8,2423.66,1084.5,136.22,254.42,1.0,-1,-1,-1
50,9,2732.9,1134.74,147.25,251.24,1.0,-1,-1,-1
51,1,407.38,1324.29,139.04,369.89,1.0,-1,-1,-1
51,2,1310.79,1114.77,84.85,267.43,0.99,-1,-1,-1
51,3,2057.09,1342.33,185.39,290.53,1.0,-1,-1,-1
51,4,1955.93,1244.37,166.1,279.59,1.0,-1,-1,-1
51,6,760.33,1159.23,102.82,293.46,1.0,-1,-1,-1
51,8,2423.44,1084.75,133.96,255.77,1.0,-1,-1,-1
51,9,2730.53,1135.12,150.25,251.23,1.0,-1,-1,-1
52,1,407.41,1324.3,139.04,369.89,1.0,-1,-1,-1
52,2,1311.98,1115.87,83.71,266.44,0.99,-1,-1,-1
52,3,2058.97,1336.9,186.92,293.4,1.0,-1,-1,-1
52,4,1966.21,1242.48,160.48,275.82,0.99,-1,-1,-1
52,6,760.81,1160.61,101.86,292.07,1.0,-1,-1,-1
52,8,2422.57,1086.15,133.09,255.39,1.0,-1,-1,-1
52,9,2729.72,1135.6,149.61,250.86,1.0,-1,-1,-1
53,1,407.42,1324.29,139.04,369.89,1.0,-1,-1,-1
53,2,1311.86,1117.17,85.71,266.06,0.99,-1,-1,-1
53,3,2058.74,1329.87,189.17,296.81,1.0,-1,-1,-1
53,4,1975.43,1241.32,151.11,269.52,1.0,-1,-1,-1
53,6,761.42,1160.64,101.49,292.01,1.0,-1,-1,-1
53,8,2423.23,1089.35,127.37,251.67,1.0,-1,-1,-1
53,9,2729.53,1133.89,150.93,252.61,1.0,-1,-1,-1
54,1,407.41,1324.29,139.04,369.89,1.0,-1,-1,-1
54,2,1309.94,1117.65,91.01,265.93,1.0,-1,-1,-1
54,3,2061.18,1321.84,186.43,301.74,1.0,-1,-1,-1
54,4,1980.6,1240.87,140.23,260.01,1.0,-1,-1,-1
54,6,761.61,1161.07,100.45,291.56,1.0,-1,-1,-1
54,8,2422.65,1092.33,125.17,248.47,1.0,-1,-1,-1
54,9,2729.52,1131.83,151.35,254.67,1.0,-1,-1,-1
55,1,407.39,1324.31,139.04,369.89,1.0,-1,-1,-1
55,2,1305.22,1118.29,98.73,265.44,0.99,-1,-1,-1
55,3,2064.71,1313.5,183.48,303.65,1.0,-1,-1,-1
55,4,1984.21,1241.18,138.1,253.41,0.99,-1,-1,-1
55,6,762.1,1161.23,98.27,291.42,1.0,-1,-1,-1
55,8,2423.42,1094.34,122.56,246.4,1.0,-1,-1,-1
55,9,2727.0,1129.24,152.27,257.29,1.0,-1,-1,-1
56,1,407.37,1324.31,139.04,369.89,1.0,-1,-1,-1
56,2,1301.65,1118.96,104.27,265.71,0.99,-1,-1,-1
56,3,2084.66,1305.92,164.46,300.85,1.0,-1,-1,-1
56,4,1988.12,1241.3,130.08,252.06,1.0,-1,-1,-1
56,6,762.69,1161.71,96.55,290.93,1.0,-1,-1,-1
56,8,2422.85,1095.95,121.62,244.75,1.0,-1,-1,-1
56,9,2724.35,1126.88,152.53,259.65,1.0,-1,-1,-1
57,1,407.38,1324.32,139.04,369.89,1.0,-1,-1,-1
57,2,1299.38,1120.09,109.06,264.92,1.0,-1,-1,-1
57,3,2106.17,1298.17,145.84,291.32,1.0,-1,-1,-1
57,4,1989.4,1240.42,125.34,252.59,0.99,-1,-1,-1
57,6,764.27,1161.87,94.12,290.77,1.0,-1,-1,-1
57,8,2422.69,1096.5,121.3,245.07,1.0,-1,-1,-1
57,9,2723.43,1124.62,149.02,260.12,1.0,-1,-1,-1
58,1,407.6,1324.32,138.6,369.89,1.0,-1,-1,-1
58,2,1300.64,1119.61,112.21,265.53,1.0,-1,-1,-1
58,3,2120.23,1292.63,139.27,281.43,1.0,-1,-1,-1
58,4,1990.65,1238.73,123.75,254.26,1.0,-1,-1,-1
58,6,765.28,1161.91,94.15,290.72,1.0,-1,-1,-1
58,8,2422.69,1096.65,119.41,245.22,0.99,-1,-1,-1
58,9,2720.53,1121.95,146.66,260.31,1.0,-1,-1,-1
59,1,407.74,1324.32,138.44,369.88,1.0,-1,-1,-1
59,2,1303.77,1119.84,115.15,266.2,0.99,-1,-1,-1
59,3,2129.45,1284.76,140.91,278.31,1.0,-1,-1,-1
59,4,1991.02,1233.59,126.96,259.47,1.0,-1,-1,-1
59,6,765.67,1162.34,96.88,290.27,1.0,-1,-1,-1
59,8,2421.85,1096.18,116.92,246.19,1.0,-1,-1,-1
59,9,2718.64,1118.22,143.03,261.27,1.0,-1,-1,-1
60,1,407.83,1324.37,138.39,369.88,1.0,-1,-1,-1
60,2,1307.64,1119.93,121.47,265.57,1.0,-1,-1,-1
60,3,2132.52,1278.83,143.39,277.71,1.0,-1,-1,-1
60,4,1991.12,1226.78,131.79,265.49,1.0,-1,-1,-1
60,6,766.28,1162.96,98.81,289.67,1.0,-1,-1,-1
60,8,2419.8,1095.07,114.23,247.47,1.0,-1,-1,-1
60,9,2716.28,1113.24,141.6,263.42,1.0,-1,-1,-1
61,1,407.83,1324.38,138.37,369.88,1.0,-1,-1,-1
61,2,1309.96,1120.41,129.02,264.89,0.99,-1,-1,-1
61,3,2133.34,1275.45,157.08,277.15,1.0,-1,-1,-1
61,4,1991.95,1220.27,135.41,272.69,1.0,-1,-1,-1
61,6,766.46,1163.63,101.32,289.01,1.0,-1,-1,-1
61,8,2416.34,1093.31,109.63,247.09,0.99,-1,-1,-1
61,9,2713.67,1108.75,141.03,264.24,1.0,-1,-1,-1
62,1,407.81,1324.36,138.36,369.88,1.0,-1,-1,-1
62,2,1311.69,1121.46,136.21,263.74,1.0,-1,-1,-1
62,3,2132.67,1272.54,169.05,273.43,1.0,-1,-1,-1
62,4,1996.61,1212.56,133.27,280.72,1.0,-1,-1,-1
62,6,767.81,1163.39,103.15,288.34,1.0,-1,-1,-1
62,8,2411.43,1091.73,108.0,247.85,0.99,-1,-1,-1
62,9,2714.55,1104.43,137.21,265.43,1.0,-1,-1,-1
63,1,407.78,1324.36,138.35,369.89,1.0,-1,-1,-1
63,2,1312.78,1122.31,140.28,263.77,1.0,-1,-1,-1
63,3,2133.08,1265.78,178.92,272.59,1.0,-1,-1,-1
63,4,2005.48,1206.21,125.28,280.28,1.0,-1,-1,-1
63,6,769.18,1164.2,103.83,287.21,1.0,-1,-1,-1
63,8,2406.98,1089.83,107.47,249.93,1.0,-1,-1,-1
63,9,2715.01,1101.11,135.74,265.88,1.0,-1,-1,-1
64,1,407.96,1324.35,138.35,369.9,1.0,-1,-1,-1
64,2,1313.16,1122.61,142.67,263.79,1.0,-1,-1,-1
64,3,2133.91,1259.82,186.23,271.47,1.0,-1,-1,-1
64,4,2017.87,1199.87,114.94,279.62,0.99,-1,-1,-1
64,6,770.54,1164.47,103.19,287.7,1.0,-1,-1,-1
64,8,2400.88,1089.11,112.78,251.61,1.0,-1,-1,-1
64,9,2716.14,1098.14,136.09,266.93,1.0,-1,-1,-1
65,1,408.05,1324.34,138.35,369.9,1.0,-1,-1,-1
65,2,1311.99,1122.25,145.67,263.36,1.0,-1,-1,-1
65,3,2136.65,1251.45,189.03,273.84,1.0,-1,-1,-1
65,4,2025.94,1194.46,109.39,277.11,0.99,-1,-1,-1
65,6,772.37,1164.55,102.04,287.01,1.0,-1,-1,-1
65,8,2396.04,1089.72,118.28,250.47,1.0,-1,-1,-1
65,9,2717.51,1096.63,138.92,267.31,1.0,-1,-1,-1
66,1,408.04,1324.3,138.34,369.9,1.0,-1,-1,-1
66,2,1312.34,1122.08,148.48,263.21,1.0,-1,-1,-1
66,3,2137.53,1243.13,196.98,279.27,1.0,-1,-1,-1
66,4,2028.55,1189.87,109.42,270.79,0.99,-1,-1,-1
66,6,773.44,1163.2,101.58,288.11,1.0,-1,-1,-1
66,8,2388.99,1089.52,125.66,250.03,0.99,-1,-1,-1
66,9,2718.92,1096.6,146.19,268.34,1.0,-1,-1,-1
67,1,408.06,1324.3,138.35,369.9,1.0,-1,-1,-1
67,2,1312.05,1121.11,149.93,264.05,1.0,-1,-1,-1
67,3,2144.68,1231.72,194.8,287.12,1.0,-1,-1,-1
67,4,2030.27,1185.59,109.51,262.99,1.0,-1,-1,-1
67,6,775.18,1162.68,100.51,288.53,1.0,-1,-1,-1
67,8,2383.77,1089.88,128.5,250.75,0.99,-1,-1,-1
67,9,2715.13,1098.86,153.29,266.04,1.0,-1,-1,-1
68,1,408.07,1324.3,138.35,369.9,1.0,-1,-1,-1
68,2,1313.66,1119.85,149.52,265.27,1.0,-1,-1,-1
68,3,2152.61,1220.08,190.27,295.84,0.99,-1,-1,-1
68,4,2031.65,1182.34,111.46,257.38,1.0,-1,-1,-1
68,6,775.34,1162.49,100.11,288.71,1.0,-1,-1,-1
68,8,2379.24,1090.47,131.33,249.24,1.0,-1,-1,-1
68,9,2700.66,1103.36,172.52,262.47,1.0,-1,-1,-1
69,1,408.04,1324.3,137.9,369.9,1.0,-1,-1,-1
69,2,1316.86,1118.49,146.63,266.62,1.0,-1,-1,-1
69,3,2162.55,1210.13,183.08,304.0,1.0,-1,-1,-1
69,4,2033.8,1180.4,112.23,252.64,0.99,-1,-1,-1
69,6,776.24,1161.51,99.06,289.67,1.0,-1,-1,-1
69,8,2375.84,1091.16,134.13,248.66,0.99,-1,-1,-1
69,9,2685.01,1108.26,188.28,258.43,1.0,-1,-1,-1
70,1,408.06,1324.3,138.18,369.9,1.0,-1,-1,-1
70,2,1319.87,1117.07,143.64,267.13,1.0,-1,-1,-1
70,3,2173.32,1200.81,174.87,311.92,1.0,-1,-1,-1
70,4,2036.27,1178.91,110.79,250.05,0.99,-1,-1,-1
70,6,777.02,1161.14,98.66,290.04,1.0,-1,-1,-1
70,8,2373.78,1090.95,135.17,248.44,0.99,-1,-1,-1
70,9,2671.97,1111.0,201.34,256.03,1.0,-1,-1,-1
71,1,408.05,1324.33,138.3,369.9,1.0,-1,-1,-1
71,2,1324.09,1114.78,140.21,269.1,1.0,-1,-1,-1
71,3,2188.0,1192.21,160.87,317.54,1.0,-1,-1,-1
71,4,2037.96,1178.05,110.31,250.53,0.99,-1,-1,-1
71,6,778.6,1160.58,98.53,291.52,1.0,-1,-1,-1
71,8,2370.5,1091.33,139.04,246.59,1.0,-1,-1,-1
71,9,2660.89,1111.13,212.42,256.06,1.0,-1,-1,-1
72,1,408.27,1324.33,137.89,369.9,1.0,-1,-1,-1
72,2,1327.87,1112.59,136.61,271.16,0.99,-1,-1,-1
72,3,2201.46,1185.19,150.09,321.81,1.0,-1,-1,-1
72,4,2040.26,1177.85,108.37,250.78,0.99,-1,-1,-1
72,6,780.5,1160.81,98.48,291.63,1.0,-1,-1,-1
72,8,2368.46,1090.57,140.48,246.78,0.99,-1,-1,-1
72,9,2651.45,1107.59,220.13,258.79,1.0,-1,-1,-1
73,1,408.35,1324.33,137.74,369.9,1.0,-1,-1,-1
73,2,1331.93,1110.45,133.43,272.37,0.99,-1,-1,-1
73,3,2213.39,1179.67,140.73,324.68,1.0,-1,-1,-1
73,4,2043.69,1176.98,104.08,251.84,1.0,-1,-1,-1
73,6,781.62,1160.89,99.37,292.56,1.0,-1,-1,-1
73,8,2367.8,1088.04,139.22,249.55,1.0,-1,-1,-1
73,9,2641.0,1102.69,224.76,262.51,0.99,-1,-1,-1
74,1,408.39,1324.35,137.69,369.9,1.0,-1,-1,-1
74,2,1335.64,1108.78,132.68,273.7,1.0,-1,-1,-1
74,3,2224.75,1175.6,133.81,327.88,1.0,-1,-1,-1
74,4,2046.66,1176.31,100.72,253.63,1.0,-1,-1,-1
74,6,782.91,1161.39,99.71,294.23,0.99,-1,-1,-1
74,8,2366.81,1086.65,138.68,249.71,1.0,-1,-1,-1
74,9,2632.73,1098.18,225.56,263.92,0.99,-1,-1,-1
75,1,408.63,1324.79,137.67,369.45,1.0,-1,-1,-1
75,2,1340.98,1107.73,131.05,274.18,1.0,-1,-1,-1
75,3,2233.99,1173.84,129.67,326.81,1.0,-1,-1,-1
75,4,2047.61,1174.8,99.57,254.79,0.99,-1,-1,-1
75,6,784.25,1162.91,99.83,294.41,0.99,-1,-1,-1
75,8,2365.66,1085.24,134.88,248.87,1.0,-1,-1,-1
75,9,2626.2,1096.04,220.47,262.67,0.99,-1,-1,-1
76,1,408.69,1324.96,137.67,369.29,1.0,-1,-1,-1
76,2,1344.68,1107.38,130.45,274.34,1.0,-1,-1,-1
76,3,2242.45,1176.1,124.65,323.63,1.0,-1,-1,-1
76,4,2048.74,1172.99,99.22,253.92,0.99,-1,-1,-1
76,6,785.58,1163.49,100.77,295.36,0.99,-1,-1,-1
76,8,2362.66,1084.74,135.17,247.66,1.0,-1,-1,-1
76,9,2623.87,1094.4,207.72,255.06,0.99,-1,-1,-1
77,1,408.69,1325.01,137.67,369.23,1.0,-1,-1,-1
77,2,1350.88,1107.72,127.98,273.48,1.0,-1,-1,-1
77,3,2247.82,1178.98,124.94,323.21,1.0,-1,-1,-1
77,4,2049.94,1170.16,97.34,251.39,0.99,-1,-1,-1
77,6,787.8,1164.58,101.12,295.7,0.99,-1,-1,-1
77,8,2359.82,1084.57,129.92,246.32,1.0,-1,-1,-1
77,9,2622.35,1092.49,192.68,245.85,0.99,-1,-1,-1
78,1,408.93,1325.05,137.67,369.21,1.0,-1,-1,-1
78,2,1356.27,1108.33,126.62,273.57,1.0,-1,-1,-1
78,3,2254.04,1183.37,128.86,323.42,1.0,-1,-1,-1
78,4,2050.28,1166.94,96.72,247.32,0.99,-1,-1,-1
78,6,788.17,1165.89,103.92,296.7,0.99,-1,-1,-1
78,8,2351.66,1087.21,133.31,244.92,1.0,-1,-1,-1
78,9,2619.33,1090.01,185.99,242.47,0.99,-1,-1,-1
79,1,409.0,1325.04,137.67,369.2,1.0,-1,-1,-1
79,2,1361.29,1109.03,122.98,274.04,1.0,-1,-1,-1
79,3,2260.55,1189.19,132.16,322.12,1.0,-1,-1,-1
79,4,2050.31,1162.22,96.55,247.64,0.99,-1,-1,-1
79,6,790.02,1167.25,104.97,297.07,0.99,-1,-1,-1
79,8,2346.09,1089.56,134.53,238.14,1.0,-1,-1,-1
79,9,2619.32,1088.71,182.64,240.39,0.99,-1,-1,-1
80,1,409.02,1325.03,137.67,369.2,1.0,-1,-1,-1
80,2,1364.81,1109.76,119.83,274.65,1.0,-1,-1,-1
80,3,2265.37,1195.1,135.27,318.89,1.0,-1,-1,-1
80,4,2051.13,1157.87,96.54,247.79,0.99,-1,-1,-1
80,6,792.0,1169.96,105.35,295.85,0.99,-1,-1,-1
80,8,2341.41,1089.55,131.44,236.51,0.99,-1,-1,-1
80,9,2620.39,1086.48,180.5,239.7,0.99,-1,-1,-1
81,1,409.07,1325.02,137.68,369.2,1.0,-1,-1,-1
81,2,1366.9,1110.47,116.9,273.52,1.0,-1,-1,-1
81,3,2270.49,1197.85,136.5,313.59,1.0,-1,-1,-1
81,4,2051.39,1153.16,96.59,250.12,1.0,-1,-1,-1
81,6,794.08,1171.85,104.6,294.48,0.99,-1,-1,-1
81,8,2341.62,1091.75,128.43,233.24,0.99,-1,-1,-1
81,9,2614.63,1082.06,182.43,242.21,1.0,-1,-1,-1
82,1,409.06,1325.05,137.68,369.21,1.0,-1,-1,-1
82,2,1367.97,1112.57,114.51,271.29,1.0,-1,-1,-1
82,3,2278.4,1196.74,131.66,312.92,1.0,-1,-1,-1
82,4,2051.43,1147.97,96.66,251.03,1.0,-1,-1,-1
82,6,795.7,1173.02,104.29,293.51,0.98,-1,-1,-1
82,8,2340.96,1093.95,127.31,230.27,1.0,-1,-1,-1
82,9,2603.69,1077.37,190.34,247.68,0.99,-1,-1,-1
83,1,409.06,1325.05,137.24,369.21,1.0,-1,-1,-1
83,2,1368.22,1114.71,113.7,268.21,1.0,-1,-1,-1
83,3,2284.66,1195.03,128.05,307.74,1.0,-1,-1,-1
83,4,2051.38,1143.0,98.52,250.06,1.0,-1,-1,-1
83,6,797.14,1172.53,103.28,294.03,0.99,-1,-1,-1
83,8,2339.04,1097.46,128.71,226.52,0.99,-1,-1,-1
83,9,2590.89,1072.13,193.28,247.99,1.0,-1,-1,-1
84,1,408.85,1325.05,137.52,369.21,1.0,-1,-1,-1
84,2,1367.76,1116.4,113.01,266.15,1.0,-1,-1,-1
84,3,2290.31,1193.97,123.14,300.84,1.0,-1,-1,-1
84,4,2051.33,1139.89,99.23,246.58,0.99,-1,-1,-1
84,6,798.54,1172.3,102.88,294.23,0.99,-1,-1,-1
84,8,2336.64,1100.08,131.03,223.38,1.0,-1,-1,-1
84,9,2585.26,1068.42,188.2,244.56,0.99,-1,-1,-1
85,1,408.77,1325.06,137.63,369.22,1.0,-1,-1,-1
85,2,1365.67,1117.48,112.82,266.74,1.0,-1,-1,-1
85,3,2293.9,1193.64,121.4,289.25,0.99,-1,-1,-1
85,4,2051.27,1137.54,99.53,243.94,0.99,-1,-1,-1
85,6,799.01,1172.2,103.62,294.3,0.99,-1,-1,-1
85,8,2327.85,1100.58,139.0,222.3,1.0,-1,-1,-1
85,9,2580.69,1068.05,176.29,234.31,0.99,-1,-1,-1
86,1,408.72,1325.09,137.68,369.22,1.0,-1,-1,-1
86,2,1363.0,1118.34,112.8,266.53,1.0,-1,-1,-1
86,3,2296.78,1192.68,119.03,281.36,1.0,-1,-1,-1
86,4,2052.1,1137.26,99.66,241.19,0.99,-1,-1,-1
86,6,800.02,1172.16,103.01,294.33,0.99,-1,-1,-1
86,8,2324.61,1099.83,142.0,223.78,1.0,-1,-1,-1
86,9,2571.04,1069.42,171.78,229.58,1.0,-1,-1,-1
87,1,408.69,1325.09,137.69,369.22,1.0,-1,-1,-1
87,2,1361.94,1119.08,111.04,266.92,1.0,-1,-1,-1
87,3,2299.38,1193.75,116.41,277.22,1.0,-1,-1,-1
87,4,2052.37,1138.63,99.72,238.41,0.99,-1,-1,-1
87,6,800.34,1171.67,103.66,293.89,0.99,-1,-1,-1
87,8,2319.1,1097.72,146.64,227.98,1.0,-1,-1,-1
87,9,2557.73,1070.91,161.09,226.11,0.99,-1,-1,-1
88,1,408.7,1325.09,137.7,369.22,1.0,-1,-1,-1
88,2,1362.86,1120.23,109.98,265.29,1.0,-1,-1,-1
88,3,2300.99,1193.71,117.37,273.56,1.0,-1,-1,-1
88,4,2052.44,1140.15,99.75,237.41,0.99,-1,-1,-1
88,6,801.77,1171.47,103.01,294.61,0.99,-1,-1,-1
88,8,2312.73,1096.46,146.65,228.7,1.0,-1,-1,-1
88,9,2547.6,1078.33,142.37,217.66,0.99,-1,-1,-1
89,1,408.71,1325.07,137.7,369.22,1.0,-1,-1,-1
89,2,1365.87,1120.18,109.63,264.24,1.0,-1,-1,-1
89,3,2304.1,1191.45,119.58,271.9,0.99,-1,-1,-1
89,4,2052.42,1141.24,99.77,240.24,1.0,-1,-1,-1
89,6,803.16,1171.36,101.86,293.99,0.99,-1,-1,-1
89,8,2305.1,1092.82,139.54,233.47,1.0,-1,-1,-1
89,9,2535.78,1081.14,131.95,213.73,0.99,-1,-1,-1
90,1,408.72,1325.06,137.7,369.22,1.0,-1,-1,-1
90,2,1369.2,1120.59,113.6,264.31,1.0,-1,-1,-1
90,3,2305.09,1188.38,120.45,273.68,0.99,-1,-1,-1
90,4,2053.29,1141.26,99.79,241.78,0.99,-1,-1,-1
90,6,804.53,1171.31,101.43,294.65,0.99,-1,-1,-1
90,8,2295.15,1088.79,116.9,242.36,1.0,-1,-1,-1
90,9,2518.76,1068.03,138.26,228.84,0.99,-1,-1,-1
91,1,408.72,1325.06,137.7,369.22,1.0,-1,-1,-1
91,2,1374.38,1119.83,119.07,265.25,1.0,-1,-1,-1
91,3,2307.96,1186.83,122.62,273.09,1.0,-1,-1,-1
91,4,2055.37,1139.1,99.8,245.51,1.0,-1,-1,-1
91,6,805.89,1170.84,101.27,295.34,0.99,-1,-1,-1
91,8,2283.11,1085.08,110.05,228.19,0.99,-1,-1,-1
91,9,2505.0,1058.52,142.18,236.02,0.99,-1,-1,-1
92,1,408.49,1325.06,138.15,369.22,1.0,-1,-1,-1
92,2,1377.62,1119.97,124.22,265.17,1.0,-1,-1,-1
92,3,2313.32,1187.66,125.24,262.62,1.0,-1,-1,-1
92,4,2057.01,1137.46,99.82,247.83,1.0,-1,-1,-1
92,6,807.24,1171.1,101.22,294.26,0.99,-1,-1,-1
92,8,2269.91,1080.93,111.62,245.19,0.99,-1,-1,-1
92,9,2489.43,1054.02,149.2,240.61,1.0,-1,-1,-1
93,1,408.41,1325.05,138.32,369.22,1.0,-1,-1,-1
93,2,1378.81,1120.45,127.95,265.6,1.0,-1,-1,-1
93,3,2315.21,1188.03,128.02,253.32,1.0,-1,-1,-1
93,4,2058.49,1135.55,99.83,248.26,0.99,-1,-1,-1
93,6,808.16,1170.74,102.99,294.29,0.99,-1,-1,-1
93,8,2250.88,1078.15,119.51,243.37,1.0,-1,-1,-1
93,9,2471.51,1050.61,153.64,235.31,1.0,-1,-1,-1
94,1,408.39,1325.05,138.38,369.22,1.0,-1,-1,-1
94,2,1379.21,1120.17,132.87,266.21,1.0,-1,-1,-1
94,3,2317.55,1188.2,130.85,246.41,1.0,-1,-1,-1
94,4,2059.02,1133.1,101.62,249.31,0.99,-1,-1,-1
94,6,809.36,1170.59,101.88,294.3,0.99,-1,-1,-1
94,8,2229.08,1076.22,134.79,243.46,0.99,-1,-1,-1
94,9,2454.45,1047.64,160.71,227.86,0.99,-1,-1,-1
95,1,408.38,1325.04,138.4,369.22,1.0,-1,-1,-1
95,2,1379.31,1119.59,136.47,266.9,1.0,-1,-1,-1
95,3,2320.94,1186.45,128.4,242.24,1.0,-1,-1,-1
95,4,2060.07,1130.0,102.3,250.59,0.99,-1,-1,-1
95,6,810.21,1170.53,101.45,294.3,0.99,-1,-1,-1
95,8,2208.96,1075.53,149.12,245.23,1.0,-1,-1,-1
95,9,2439.55,1050.26,159.9,218.75,0.99,-1,-1,-1
96,1,408.39,1325.03,138.4,369.22,1.0,-1,-1,-1
96,2,1380.59,1118.47,137.4,267.16,1.0,-1,-1,-1
96,3,2324.75,1183.1,125.65,243.64,1.0,-1,-1,-1
96,4,2061.32,1126.66,102.55,252.83,0.99,-1,-1,-1
96,6,811.38,1170.04,100.4,293.86,0.99,-1,-1,-1
96,8,2186.78,1075.76,165.0,247.64,0.99,-1,-1,-1
96,9,2426.32,1049.08,150.69,219.96,1.0,-1,-1,-1
97,1,408.17,1325.02,138.4,369.22,1.0,-1,-1,-1
97,2,1381.46,1116.7,136.38,269.48,0.99,-1,-1,-1
97,3,2327.81,1178.75,122.82,245.65,1.0,-1,-1,-1
97,4,2063.53,1123.7,102.64,253.67,0.99,-1,-1,-1
97,6,812.22,1169.86,100.0,293.69,0.99,-1,-1,-1
97,8,2173.06,1076.34,171.35,248.52,0.99,-1,-1,-1
97,9,2414.69,1048.27,132.57,220.45,1.0,-1,-1,-1
98,1,408.1,1325.03,138.4,369.22,1.0,-1,-1,-1
98,2,1382.63,1114.7,135.93,270.8,0.99,-1,-1,-1
98,3,2333.31,1176.29,119.97,244.72,1.0,-1,-1,-1
98,4,2067.01,1120.87,102.67,253.08,0.99,-1,-1,-1
98,6,812.5,1169.35,99.87,294.97,0.99,-1,-1,-1
98,8,2172.2,1077.5,153.38,246.16,0.98,-1,-1,-1
98,9,2390.48,1045.35,127.79,224.27,0.98,-1,-1,-1
99,1,408.06,1325.02,138.4,369.22,1.0,-1,-1,-1
99,2,1384.78,1111.28,133.95,273.07,0.99,-1,-1,-1
99,3,2336.09,1173.63,122.55,245.39,1.0,-1,-1,-1
99,4,2072.72,1117.21,99.11,254.61,0.99,-1,-1,-1
99,6,812.1,1169.6,100.72,295.0,0.99,-1,-1,-1
99,8,2166.56,1077.98,149.14,246.1,0.99,-1,-1,-1
99,9,2366.87,1043.44,122.53,226.62,0.99,-1,-1,-1
100,1,408.04,1325.0,138.39,369.22,1.0,-1,-1,-1
100,2,1387.31,1109.11,131.36,273.91,0.99,-1,-1,-1
100,3,2340.56,1174.04,119.95,243.49,1.0,-1,-1,-1
100,4,2075.73,1113.23,103.17,256.94,0.99,-1,-1,-1
100,6,812.81,1170.13,100.15,293.67,0.99,-1,-1,-1
100,8,2154.95,1075.96,154.69,248.73,0.98,-1,-1,-1
100,9,2346.07,1039.23,128.25,231.1,0.99,-1,-1,-1
101,1,408.0,1325.01,138.39,369.23,1.0,-1,-1,-1
101,2,1389.97,1107.44,128.56,273.33,1.0,-1,-1,-1
101,3,2344.78,1176.1,117.17,242.88,0.99,-1,-1,-1
101,4,2079.42,1109.62,104.64,254.27,0.99,-1,-1,-1
101,6,813.01,1170.35,100.83,293.18,0.99,-1,-1,-1
101,8,2145.59,1075.69,156.71,245.27,1.0,-1,-1,-1
101,9,2329.16,1032.88,137.47,234.57,1.0,-1,-1,-1
102,1,407.99,1325.03,138.39,369.23,1.0,-1,-1,-1
102,2,1392.71,1106.84,125.7,273.08,1.0,-1,-1,-1
102,3,2341.66,1175.13,121.6,244.53,0.99,-1,-1,-1
102,4,2082.54,1108.35,101.66,251.43,0.99,-1,-1,-1
102,6,813.5,1170.0,101.09,293.44,0.99,-1,-1,-1
102,8,2143.27,1075.18,148.64,242.11,1.0,-1,-1,-1
102,9,2317.98,1025.67,142.71,242.07,1.0,-1,-1,-1
103,1,407.76,1325.05,138.39,369.23,1.0,-1,-1,-1
103,2,1397.25,1105.77,121.02,273.86,1.0,-1,-1,-1
103,3,2342.23,1174.36,121.45,246.56,0.99,-1,-1,-1
103,4,2083.64,1108.43,100.49,251.24,1.0,-1,-1,-1
103,6,813.21,1169.87,102.08,294.43,0.99,-1,-1,-1
103,8,2140.3,1074.13,132.72,241.81,1.0,-1,-1,-1
103,9,2301.09,1023.03,148.29,239.64,1.0,-1,-1,-1
104,1,407.66,1325.04,138.39,369.23,1.0,-1,-1,-1
104,2,1400.68,1105.39,119.28,274.14,1.0,-1,-1,-1
104,3,2338.73,1177.68,123.19,243.8,1.0,-1,-1,-1
104,4,2085.75,1109.44,105.44,248.49,1.0,-1,-1,-1
104,6,813.51,1169.81,101.57,297.48,0.99,-1,-1,-1
104,8,2136.13,1071.97,119.15,239.91,0.99,-1,-1,-1
104,9,2276.73,1024.37,138.18,234.18,0.99,-1,-1,-1
105,1,407.86,1325.06,137.94,369.23,1.0,-1,-1,-1
105,2,1400.04,1105.3,122.31,274.23,1.0,-1,-1,-1
105,3,2335.56,1178.1,125.62,242.82,1.0,-1,-1,-1
105,4,2084.75,1110.81,112.52,245.65,1.0,-1,-1,-1
105,6,814.05,1170.25,100.48,299.96,0.99,-1,-1,-1
105,8,2117.15,1070.3,133.41,236.51,0.99,-1,-1,-1
105,9,2255.43,1024.57,137.74,232.07,1.0,-1,-1,-1
106,1,407.93,1325.05,137.77,369.23,1.0,-1,-1,-1
106,2,1401.52,1104.84,123.43,274.25,1.0,-1,-1,-1
106,3,2333.39,1175.13,126.54,246.53,0.99,-1,-1,-1
106,4,2078.24,1108.25,122.14,248.2,0.98,-1,-1,-1
106,6,814.67,1169.96,100.96,302.22,0.99,-1,-1,-1
106,8,2105.49,1068.81,118.69,236.14,0.92,-1,-1,-1
106,9,2244.57,1025.64,134.0,231.28,1.0,-1,-1,-1
107,1,407.98,1325.05,137.71,369.23,1.0,-1,-1,-1
107,2,1404.69,1104.69,120.3,272.46,1.0,-1,-1,-1
107,3,2331.62,1162.45,128.66,259.52,0.99,-1,-1,-1
107,4,2073.96,1118.92,129.29,236.67,0.99,-1,-1,-1
107,6,815.79,1169.85,101.14,302.16,0.99,-1,-1,-1
107,8,2097.09,1066.48,116.33,234.23,0.97,-1,-1,-1
107,9,2240.37,1029.23,119.95,227.4,0.99,-1,-1,-1
108,1,408.01,1325.06,137.69,369.23,1.0,-1,-1,-1
108,2,1407.62,1105.11,117.31,272.66,1.0,-1,-1,-1
108,3,2331.8,1152.49,127.69,268.76,1.0,-1,-1,-1
108,4,2070.51,1126.3,138.92,231.36,0.99,-1,-1,-1
108,6,817.09,1170.26,102.11,303.45,0.99,-1,-1,-1
108,8,2090.78,1063.86,111.89,236.23,0.98,-1,-1,-1
108,9,2236.25,1030.23,112.82,226.84,0.99,-1,-1,-1
109,1,408.24,1325.07,137.24,369.23,1.0,-1,-1,-1
109,2,1412.24,1105.3,112.6,273.62,1.0,-1,-1,-1
109,3,2317.6,1138.21,141.53,283.68,0.99,-1,-1,-1
109,4,2069.13,1129.9,154.53,230.39,0.99,-1,-1,-1
109,6,818.44,1169.98,103.36,306.13,1.0,-1,-1,-1
109,8,2073.23,1062.04,123.35,235.22,0.99,-1,-1,-1
109,9,2226.02,1032.44,82.34,224.85,0.97,-1,-1,-1
110,1,408.32,1325.04,137.07,368.33,1.0,-1,-1,-1
110,2,1417.5,1105.82,107.24,274.87,1.0,-1,-1,-1
110,3,2329.46,1126.73,129.51,293.7,1.0,-1,-1,-1
110,4,2070.23,1128.92,174.01,232.81,1.0,-1,-1,-1
110,6,819.36,1170.28,106.48,306.67,1.0,-1,-1,-1
110,8,2051.32,1062.73,129.04,233.06,1.0,-1,-1,-1
110,9,2214.79,1031.06,88.19,225.03,0.98,-1,-1,-1
111,1,408.12,1325.0,137.45,368.89,1.0,-1,-1,-1
111,2,1423.9,1106.46,97.96,276.22,0.99,-1,-1,-1
111,3,2337.24,1114.98,118.84,304.91,1.0,-1,-1,-1
111,4,2074.77,1127.17,157.17,237.34,1.0,-1,-1,-1
111,6,820.56,1170.38,108.53,306.84,1.0,-1,-1,-1
111,8,2032.62,1062.6,147.09,230.47,1.0,-1,-1,-1
111,9,2183.15,1048.92,104.28,205.43,0.95,-1,-1,-1
112,1,408.04,1325.02,137.6,369.1,1.0,-1,-1,-1
112,2,1429.83,1107.63,90.93,275.83,0.99,-1,-1,-1
112,3,2341.02,1102.35,109.37,315.65,1.0,-1,-1,-1
112,4,2083.88,1123.84,147.45,241.75,1.0,-1,-1,-1
112,6,820.99,1170.89,110.19,307.32,1.0,-1,-1,-1
112,8,2018.0,1062.16,157.29,226.83,1.0,-1,-1,-1
112,9,2175.51,1034.97,102.9,218.35,0.98,-1,-1,-1
113,1,407.98,1325.03,137.21,369.19,1.0,-1,-1,-1
113,2,1431.7,1109.43,84.85,273.44,0.99,-1,-1,-1
113,3,2343.23,1089.38,102.29,326.21,0.99,-1,-1,-1
113,4,2093.49,1121.69,138.33,244.34,0.99,-1,-1,-1
113,6,822.86,1171.09,109.04,306.58,1.0,-1,-1,-1
113,8,2009.94,1064.31,156.3,225.52,1.0,-1,-1,-1
113,9,2165.58,1038.66,106.02,215.66,0.92,-1,-1,-1
114,1,408.0,1325.04,137.51,369.22,1.0,-1,-1,-1
114,2,1431.23,1110.55,84.85,272.97,0.99,-1,-1,-1
114,3,2346.78,1071.95,96.14,338.39,1.0,-1,-1,-1
114,4,2105.18,1116.86,156.51,250.64,0.99,-1,-1,-1
114,6,825.36,1171.6,105.9,305.82,1.0,-1,-1,-1
114,8,2006.5,1065.13,153.98,224.17,1.0,-1,-1,-1
115,1,408.24,1325.02,137.18,369.23,1.0,-1,-1,-1
115,2,1432.86,1110.5,84.93,273.24,0.99,-1,-1,-1
115,3,2346.05,1043.78,96.0,360.22,0.99,-1,-1,-1
115,4,2117.79,1107.1,152.72,260.06,1.0,-1,-1,-1
115,6,828.96,1172.67,101.98,305.51,0.99,-1,-1,-1
115,8,2003.9,1064.54,147.7,226.41,1.0,-1,-1,-1
115,9,2119.06,1021.2,134.88,225.23,0.97,-1,-1,-1
116,1,408.34,1324.99,137.5,369.23,1.0,-1,-1,-1
116,2,1433.33,1110.91,86.93,272.89,0.99,-1,-1,-1
116,3,2339.28,1040.6,101.56,357.53,0.99,-1,-1,-1
116,4,2136.97,1096.83,149.12,268.87,0.97,-1,-1,-1
116,6,831.63,1173.49,101.41,305.82,0.99,-1,-1,-1
116,8,2003.44,1062.98,130.89,227.28,1.0,-1,-1,-1
116,9,2099.69,1020.87,131.22,227.56,0.99,-1,-1,-1
117,1,408.38,1325.0,137.63,369.23,1.0,-1,-1,-1
117,2,1434.34,1110.62,89.55,273.21,0.99,-1,-1,-1
117,3,2345.81,1044.16,92.85,350.83,0.99,-1,-1,-1
117,4,2156.64,1085.94,145.85,280.07,0.99,-1,-1,-1
117,6,833.46,1174.25,101.21,305.47,1.0,-1,-1,-1
117,8,2004.99,1059.3,107.6,230.32,1.0,-1,-1,-1
117,9,2091.75,1023.48,124.13,223.07,0.99,-1,-1,-1
118,1,408.63,1325.02,137.23,369.23,1.0,-1,-1,-1
118,2,1434.64,1109.62,92.37,274.22,0.99,-1,-1,-1
118,3,2347.43,1044.59,89.54,346.64,0.99,-1,-1,-1
118,4,2166.54,1078.77,142.75,286.93,0.99,-1,-1,-1
118,6,835.9,1175.43,99.36,304.44,1.0,-1,-1,-1
118,8,2002.48,1054.83,91.41,234.15,0.99,-1,-1,-1
118,9,2086.83,1025.47,123.01,222.19,0.99,-1,-1,-1
119,1,408.71,1325.04,137.08,369.23,1.0,-1,-1,-1
119,2,1434.68,1110.14,97.03,274.6,0.99,-1,-1,-1
119,3,2344.23,1045.91,90.34,342.21,0.99,-1,-1,-1
119,4,2172.69,1070.87,143.32,296.46,0.99,-1,-1,-1
119,6,838.99,1175.43,96.87,304.48,1.0,-1,-1,-1
119,8,1991.2,1050.97,90.42,236.49,0.99,-1,-1,-1
119,9,2082.76,1026.73,113.7,220.05,0.99,-1,-1,-1
120,1,408.96,1325.04,136.58,369.23,1.0,-1,-1,-1
120,2,1433.76,1109.89,104.08,274.29,1.0,-1,-1,-1
120,3,2336.69,1051.12,97.98,338.58,0.99,-1,-1,-1
120,4,2175.63,1066.62,147.06,305.24,1.0,-1,-1,-1
120,6,841.88,1175.41,94.14,304.49,1.0,-1,-1,-1
120,8,1979.27,1046.89,93.97,239.15,0.99,-1,-1,-1
120,9,2070.26,1025.02,108.18,223.7,0.99,-1,-1,-1
121,1,409.07,1325.05,135.95,369.23,1.0,-1,-1,-1
121,2,1433.39,1110.24,111.96,274.62,1.0,-1,-1,-1
121,3,2328.72,1063.55,106.02,327.73,0.99,-1,-1,-1
121,4,2179.19,1070.72,148.44,306.8,1.0,-1,-1,-1
121,6,845.16,1174.95,90.44,305.83,1.0,-1,-1,-1
121,8,1964.35,1043.63,113.72,242.8,1.0,-1,-1,-1
121,9,2063.54,1022.64,93.37,226.83,0.99,-1,-1,-1
122,1,409.08,1325.03,135.71,369.23,1.0,-1,-1,-1
122,2,1433.18,1110.8,116.75,273.4,1.0,-1,-1,-1
122,3,2330.83,1083.81,105.67,313.57,1.0,-1,-1,-1
122,4,2182.92,1073.37,152.46,309.42,1.0,-1,-1,-1
122,6,849.92,1173.85,86.37,306.33,0.99,-1,-1,-1
122,8,1952.12,1041.56,124.01,243.28,1.0,-1,-1,-1
122,9,2060.24,1020.0,78.27,230.65,0.97,-1,-1,-1
123,1,408.84,1325.02,136.07,369.23,1.0,-1,-1,-1
123,2,1433.04,1111.01,118.61,272.93,1.0,-1,-1,-1
123,3,2302.55,1101.98,133.83,297.77,0.99,-1,-1,-1
123,4,2190.29,1076.25,152.19,307.66,1.0,-1,-1,-1
123,6,854.3,1173.42,83.1,306.51,0.98,-1,-1,-1
123,8,1938.95,1043.07,129.97,241.65,1.0,-1,-1,-1
123,9,2046.16,1015.95,85.24,234.73,0.99,-1,-1,-1
124,1,408.54,1324.56,136.66,369.67,1.0,-1,-1,-1
124,2,1433.82,1109.73,119.29,274.99,1.0,-1,-1,-1
124,3,2297.3,1114.18,140.63,289.21,0.99,-1,-1,-1
124,4,2204.4,1081.87,144.93,303.28,1.0,-1,-1,-1
124,6,858.09,1173.24,83.86,306.56,0.99,-1,-1,-1
124,8,1927.17,1045.04,135.75,240.1,0.99,-1,-1,-1
124,9,2028.01,1013.99,99.9,236.24,1.0,-1,-1,-1
125,1,408.67,1324.38,136.44,369.84,1.0,-1,-1,-1
125,2,1434.1,1108.36,119.5,275.76,1.0,-1,-1,-1
125,3,2291.02,1124.45,148.49,283.02,0.99,-1,-1,-1
125,4,2216.74,1083.67,142.05,303.67,0.99,-1,-1,-1
125,6,862.1,1173.18,85.08,306.57,0.99,-1,-1,-1
125,8,1915.12,1047.63,148.28,237.71,0.99,-1,-1,-1
125,9,2010.25,1014.19,115.53,236.76,0.99,-1,-1,-1
126,1,408.73,1324.34,136.36,369.9,1.0,-1,-1,-1
126,2,1435.94,1106.96,117.78,274.71,1.0,-1,-1,-1
126,3,2292.0,1133.09,146.5,275.85,0.99,-1,-1,-1
126,4,2227.35,1091.48,139.18,302.84,0.99,-1,-1,-1
126,6,865.74,1172.27,88.29,307.46,0.99,-1,-1,-1
126,8,1906.38,1052.24,156.49,233.21,1.0,-1,-1,-1
126,9,1997.54,1014.77,123.51,239.56,0.99,-1,-1,-1
127,1,408.77,1324.33,136.34,369.92,1.0,-1,-1,-1
127,2,1441.04,1106.43,113.52,275.19,1.0,-1,-1,-1
127,3,2291.75,1135.15,145.51,274.3,0.99,-1,-1,-1
127,4,2241.83,1098.04,134.5,299.77,0.99,-1,-1,-1
127,6,866.13,1172.38,101.07,307.34,1.0,-1,-1,-1
127,8,1899.83,1057.6,142.76,227.91,1.0,-1,-1,-1
127,9,1990.33,1019.01,125.05,231.75,1.0,-1,-1,-1
128,1,408.52,1324.32,136.78,369.93,1.0,-1,-1,-1
128,2,1447.4,1104.91,108.26,275.38,1.0,-1,-1,-1
128,3,2304.8,1136.19,134.57,274.34,0.99,-1,-1,-1
128,4,2254.12,1102.33,129.13,303.86,0.99,-1,-1,-1
128,6,866.67,1172.86,118.5,305.95,0.99,-1,-1,-1
128,8,1894.34,1062.77,134.89,222.35,0.99,-1,-1,-1
128,9,1981.96,1023.42,125.54,229.55,0.99,-1,-1,-1
129,1,408.65,1324.78,136.94,369.48,1.0,-1,-1,-1
129,2,1456.97,1103.46,106.26,269.2,1.0,-1,-1,-1
129,3,2320.95,1137.33,122.88,272.67,0.98,-1,-1,-1
129,4,2262.81,1108.36,125.36,303.57,1.0,-1,-1,-1
129,6,867.27,1174.4,135.36,304.97,1.0,-1,-1,-1
129,8,1889.97,1065.58,131.9,222.14,1.0,-1,-1,-1
129,9,1974.8,1027.77,122.15,225.13,0.99,-1,-1,-1
130,1,408.47,1324.51,137.01,369.76,1.0,-1,-1,-1
130,2,1465.81,1101.15,103.73,270.45,0.99,-1,-1,-1
130,3,2331.66,1138.51,120.27,271.28,0.99,-1,-1,-1
130,4,2268.34,1119.96,122.22,294.05,0.99,-1,-1,-1
130,6,866.22,1175.43,154.66,304.15,1.0,-1,-1,-1
130,8,1885.09,1066.14,130.76,219.41,1.0,-1,-1,-1
130,9,1972.57,1028.96,110.11,223.46,0.99,-1,-1,-1
131,1,408.35,1324.39,137.03,369.87,1.0,-1,-1,-1
131,2,1478.91,1098.51,99.17,265.57,0.99,-1,-1,-1
131,3,2327.28,1138.36,132.01,270.43,0.99,-1,-1,-1
131,4,2270.85,1126.13,110.14,288.53,0.98,-1,-1,-1
131,6,865.68,1176.68,171.58,302.96,1.0,-1,-1,-1
131,8,1888.04,1067.2,119.56,215.74,0.99,-1,-1,-1
131,9,1973.41,1029.39,96.1,222.86,1.0,-1,-1,-1
132,1,408.57,1324.78,136.59,369.46,1.0,-1,-1,-1
132,2,1491.86,1096.64,92.01,266.44,0.99,-1,-1,-1
132,3,2327.44,1137.27,136.21,271.12,0.99,-1,-1,-1
132,4,2274.96,1130.1,115.29,285.57,0.98,-1,-1,-1
132,6,864.61,1178.03,186.76,301.61,1.0,-1,-1,-1
132,8,1890.73,1066.63,117.04,214.44,1.0,-1,-1,-1
132,9,1972.56,1028.62,83.39,224.43,0.99,-1,-1,-1
133,1,408.61,1324.93,136.42,369.31,1.0,-1,-1,-1
133,2,1499.1,1094.19,89.45,268.58,1.0,-1,-1,-1
133,3,2331.83,1139.47,137.82,267.87,0.99,-1,-1,-1
133,4,2276.29,1132.83,120.59,284.03,0.99,-1,-1,-1
133,6,863.65,1177.63,197.89,302.02,1.0,-1,-1,-1
133,8,1893.68,1067.29,108.86,210.41,1.0,-1,-1,-1
133,9,1969.94,1026.55,79.07,226.83,0.99,-1,-1,-1
134,1,408.42,1324.99,136.36,369.25,1.0,-1,-1,-1
134,2,1502.38,1092.42,90.46,268.51,1.0,-1,-1,-1
134,3,2334.44,1141.09,140.13,265.84,1.0,-1,-1,-1
134,4,2277.47,1132.83,122.62,282.57,0.99,-1,-1,-1
134,6,864.05,1178.8,203.98,299.95,1.0,-1,-1,-1
134,8,1889.57,1066.13,104.01,208.08,0.99,-1,-1,-1
134,9,1966.5,1023.08,77.74,229.51,0.99,-1,-1,-1
135,1,408.38,1325.02,136.34,369.22,1.0,-1,-1,-1
135,2,1503.39,1093.59,98.15,264.03,1.0,-1,-1,-1
135,3,2337.19,1141.6,139.21,266.08,1.0,-1,-1,-1
135,4,2276.76,1131.8,125.23,283.85,0.99,-1,-1,-1
135,6,865.03,1179.69,209.63,298.73,1.0,-1,-1,-1
135,8,1882.76,1065.67,104.24,208.2,0.98,-1,-1,-1
135,9,1959.04,1021.32,81.14,230.52,0.99,-1,-1,-1
136,1,408.14,1324.6,136.78,369.66,1.0,-1,-1,-1
136,2,1501.07,1094.09,113.23,262.36,1.0,-1,-1,-1
136,3,2337.35,1142.16,140.54,266.69,1.0,-1,-1,-1
136,4,2277.19,1129.54,124.47,286.14,0.99,-1,-1,-1
136,6,868.34,1178.67,210.88,298.74,1.0,-1,-1,-1
136,8,1880.52,1066.39,102.55,207.42,0.99,-1,-1,-1
136,9,1949.34,1019.79,86.01,232.67,0.99,-1,-1,-1
137,1,408.28,1324.44,136.5,369.83,1.0,-1,-1,-1
137,2,1500.17,1096.11,129.08,259.07,1.0,-1,-1,-1
137,3,2341.78,1143.19,137.47,266.99,1.0,-1,-1,-1
137,4,2277.13,1129.05,127.76,285.68,1.0,-1,-1,-1
137,6,873.91,1176.92,207.72,299.21,0.99,-1,-1,-1
137,8,1880.86,1067.08,100.18,206.29,0.99,-1,-1,-1
137,9,1937.06,1018.78,93.19,233.47,0.99,-1,-1,-1
138,1,408.34,1324.38,136.4,369.89,1.0,-1,-1,-1
138,2,1500.54,1097.35,143.82,256.98,1.0,-1,-1,-1
138,3,2345.23,1142.61,136.21,267.17,1.0,-1,-1,-1
138,4,2277.87,1127.91,128.99,286.4,0.99,-1,-1,-1
138,6,886.47,1174.02,196.69,300.74,1.0,-1,-1,-1
138,8,1881.2,1066.87,97.56,206.84,0.99,-1,-1,-1
138,9,1932.58,1017.97,94.18,233.75,0.99,-1,-1,-1
139,1,408.36,1324.81,136.36,369.47,1.0,-1,-1,-1
139,2,1501.42,1097.83,153.16,256.24,1.0,-1,-1,-1
139,3,2347.37,1141.43,137.48,269.97,0.99,-1,-1,-1
139,4,2279.77,1127.87,134.78,286.24,0.99,-1,-1,-1
139,6,904.18,1170.71,178.77,299.99,0.99,-1,-1,-1
139,8,1880.58,1064.99,98.53,208.89,0.99,-1,-1,-1
139,9,1927.69,1017.7,98.09,232.94,1.0,-1,-1,-1
140,1,408.13,1324.52,136.79,369.75,1.0,-1,-1,-1
140,2,1502.49,1098.92,160.26,255.12,1.0,-1,-1,-1
140,3,2348.12,1140.5,141.48,270.62,0.99,-1,-1,-1
140,4,2280.39,1127.82,140.44,285.29,1.0,-1,-1,-1
140,6,921.26,1167.23,160.75,299.27,0.99,-1,-1,-1
140,8,1880.45,1062.48,98.94,212.39,0.99,-1,-1,-1
140,9,1924.28,1017.62,101.31,233.5,1.0,-1,-1,-1
141,1,408.07,1324.44,136.96,369.86,1.0,-1,-1,-1
141,2,1505.37,1099.35,163.02,253.84,1.0,-1,-1,-1
141,3,2348.38,1139.21,146.48,272.67,0.99,-1,-1,-1
141,4,2281.42,1126.86,144.35,284.93,1.0,-1,-1,-1
141,6,941.26,1163.73,140.09,300.35,1.0,-1,-1,-1
141,8,1880.54,1060.21,100.96,214.62,0.99,-1,-1,-1
141,9,1921.48,1017.18,104.27,234.59,0.99,-1,-1,-1
142,1,408.05,1324.39,137.02,369.9,1.0,-1,-1,-1
142,2,1508.13,1099.05,163.97,254.31,1.0,-1,-1,-1
142,3,2350.16,1137.79,148.36,272.58,0.99,-1,-1,-1
142,4,2280.82,1124.68,149.32,284.81,1.0,-1,-1,-1
142,6,963.85,1161.09,118.36,302.1,1.0,-1,-1,-1
142,8,1881.55,1057.12,101.74,216.37,0.99,-1,-1,-1
142,9,1922.36,1016.13,101.91,235.86,0.98,-1,-1,-1
143,1,408.27,1324.35,137.04,369.91,1.0,-1,-1,-1
143,2,1509.98,1098.03,164.19,255.42,1.0,-1,-1,-1
143,3,2351.68,1137.22,149.03,272.55,1.0,-1,-1,-1
143,4,2282.23,1122.93,152.93,282.08,0.99,-1,-1,-1
143,6,987.83,1159.23,96.31,302.76,1.0,-1,-1,-1
143,8,1881.13,1054.18,103.86,218.81,0.99,-1,-1,-1
143,9,1923.04,1013.97,99.13,238.1,0.98,-1,-1,-1
144,1,408.36,1324.33,137.04,369.91,1.0,-1,-1,-1
144,2,1515.81,1096.75,158.94,255.87,1.0,-1,-1,-1
144,3,2360.13,1134.76,143.94,269.43,0.99,-1,-1,-1
144,4,2281.81,1121.35,157.75,279.27,1.0,-1,-1,-1
144,6,1002.35,1157.24,92.95,304.35,0.99,-1,-1,-1
144,8,1882.81,1053.08,102.9,221.5,0.99,-1,-1,-1
144,9,1923.54,1012.28,96.25,238.93,0.98,-1,-1,-1
145,1,408.39,1324.33,137.04,369.91,1.0,-1,-1,-1
145,2,1523.25,1095.39,151.41,254.29,1.0,-1,-1,-1
145,3,2368.71,1134.26,138.3,269.61,0.99,-1,-1,-1
145,4,2283.31,1119.41,163.03,277.79,0.99,-1,-1,-1
145,6,1012.68,1155.65,97.03,305.83,0.99,-1,-1,-1
145,8,1883.53,1052.26,102.55,222.51,0.99,-1,-1,-1
145,9,1924.84,1011.67,93.36,237.44,0.98,-1,-1,-1
146,1,408.41,1324.33,137.04,369.91,1.0,-1,-1,-1
146,2,1532.22,1092.65,141.23,253.71,1.0,-1,-1,-1
146,3,2386.29,1132.29,123.5,270.59,0.99,-1,-1,-1
146,4,2283.82,1116.89,168.47,279.06,0.99,-1,-1,-1
146,6,1016.26,1155.55,119.15,305.06,1.0,-1,-1,-1
146,8,1883.86,1051.54,100.65,222.88,0.99,-1,-1,-1
146,9,1925.52,1011.03,92.27,234.16,0.99,-1,-1,-1
147,1,408.64,1324.33,137.04,369.91,1.0,-1,-1,-1
147,2,1542.7,1089.85,131.82,255.31,1.0,-1,-1,-1
147,3,2401.15,1131.55,112.28,270.97,0.99,-1,-1,-1
147,4,2289.14,1115.07,168.8,281.35,0.99,-1,-1,-1
147,6,1017.36,1155.57,143.67,302.96,1.0,-1,-1,-1
147,8,1885.83,1049.08,98.15,222.99,0.99,-1,-1,-1
147,9,1927.71,1009.93,90.07,232.91,0.99,-1,-1,-1
148,1,408.73,1324.33,137.04,369.9,1.0,-1,-1,-1
148,2,1552.78,1087.48,124.67,257.72,1.0,-1,-1,-1
148,3,2407.98,1130.38,110.36,270.24,0.99,-1,-1,-1
148,4,2292.03,1113.96,170.55,282.67,1.0,-1,-1,-1
148,6,1017.61,1156.51,166.06,302.15,1.0,-1,-1,-1
148,8,1889.33,1045.51,93.62,224.79,0.99,-1,-1,-1
148,9,1927.78,1009.54,89.26,231.54,0.99,-1,-1,-1
149,1,408.55,1323.44,137.48,369.9,1.0,-1,-1,-1
149,2,1559.89,1085.74,122.12,259.53,1.0,-1,-1,-1
149,3,2412.93,1130.4,111.63,269.53,0.99,-1,-1,-1
149,4,2296.57,1114.01,172.89,281.85,0.99,-1,-1,-1
149,6,1017.85,1156.47,180.36,301.4,1.0,-1,-1,-1
149,8,1894.33,1041.54,91.99,225.45,0.98,-1,-1,-1
149,9,1927.01,1009.43,90.79,230.13,0.99,-1,-1,-1
150,1,408.49,1323.13,137.65,369.9,1.0,-1,-1,-1
150,2,1565.91,1085.12,121.26,258.44,1.0,-1,-1,-1
150,3,2416.34,1129.53,119.47,270.16,1.0,-1,-1,-1
150,4,2299.12,1114.51,177.21,280.2,0.99,-1,-1,-1
150,6,1018.44,1157.4,188.73,299.33,1.0,-1,-1,-1
150,8,1901.6,1037.87,87.8,225.67,0.97,-1,-1,-1
150,9,1929.48,1009.43,89.58,228.71,0.99,-1,-1,-1
151,1,408.68,1323.02,137.27,369.9,1.0,-1,-1,-1
151,2,1566.95,1085.39,126.48,258.92,1.0,-1,-1,-1
151,3,2419.24,1128.78,134.73,269.97,1.0,-1,-1,-1
151,4,2300.9,1115.18,180.54,278.24,0.99,-1,-1,-1
151,6,1020.48,1157.34,191.98,298.11,1.0,-1,-1,-1
151,8,1907.95,1035.66,80.79,223.96,0.99,-1,-1,-1
151,9,1929.63,1009.92,89.14,227.29,0.99,-1,-1,-1
152,1,408.7,1322.99,137.12,369.91,1.0,-1,-1,-1
152,2,1569.84,1086.88,130.18,258.22,1.0,-1,-1,-1
152,3,2421.12,1131.21,149.05,267.24,1.0,-1,-1,-1
152,4,2303.23,1115.91,183.49,275.29,0.99,-1,-1,-1
152,6,1027.38,1156.46,187.11,296.78,1.0,-1,-1,-1
152,8,1910.14,1032.68,80.23,224.18,0.99,-1,-1,-1
152,9,1932.42,1009.69,87.19,226.79,0.99,-1,-1,-1
153,1,408.7,1322.99,137.06,369.91,1.0,-1,-1,-1
153,2,1571.64,1089.27,133.38,257.06,1.0,-1,-1,-1
153,3,2420.88,1132.59,164.92,266.66,1.0,-1,-1,-1
153,4,2305.79,1117.56,184.54,273.76,0.99,-1,-1,-1
153,6,1035.05,1155.71,179.67,295.85,1.0,-1,-1,-1
153,8,1911.77,1031.19,78.25,223.36,0.99,-1,-1,-1
153,9,1932.62,1009.18,88.28,227.51,0.99,-1,-1,-1
154,1,408.68,1322.98,137.04,369.91,1.0,-1,-1,-1
154,2,1572.13,1092.42,138.13,255.74,1.0,-1,-1,-1
154,3,2422.33,1133.57,172.94,265.13,1.0,-1,-1,-1
154,4,2308.42,1119.08,184.84,272.32,0.98,-1,-1,-1
154,6,1047.86,1153.65,166.86,296.42,1.0,-1,-1,-1
154,8,1911.33,1029.36,81.33,223.93,0.99,-1,-1,-1
154,9,1933.61,1009.45,86.91,228.7,0.99,-1,-1,-1
155,1,408.69,1322.98,137.03,369.91,1.0,-1,-1,-1
155,2,1572.18,1096.3,139.93,252.56,1.0,-1,-1,-1
155,3,2423.59,1134.82,176.09,263.67,0.99,-1,-1,-1
155,4,2313.75,1120.98,186.62,270.47,0.99,-1,-1,-1
155,6,1063.71,1151.11,149.99,296.65,0.99,-1,-1,-1
155,8,1911.13,1027.84,86.05,225.03,0.99,-1,-1,-1
155,9,1937.63,1012.24,82.8,224.7,0.99,-1,-1,-1
156,1,408.91,1322.97,137.03,369.91,1.0,-1,-1,-1
156,2,1569.4,1098.64,142.35,249.58,1.0,-1,-1,-1
156,3,2428.22,1135.72,173.77,262.7,1.0,-1,-1,-1
156,4,2318.33,1122.13,178.43,269.36,0.99,-1,-1,-1
156,6,1082.15,1149.29,130.57,297.64,1.0,-1,-1,-1
156,8,1911.02,1026.89,89.6,225.43,0.99,-1,-1,-1
156,9,1941.0,1012.86,79.46,225.88,0.99,-1,-1,-1
157,1,408.81,1322.97,137.03,369.9,1.0,-1,-1,-1
157,2,1566.48,1101.73,143.24,245.8,1.0,-1,-1,-1
157,3,2432.53,1135.58,169.19,261.91,1.0,-1,-1,-1
157,4,2321.78,1122.08,171.51,267.64,0.99,-1,-1,-1
157,6,1104.0,1146.85,108.28,298.03,0.99,-1,-1,-1
157,8,1909.19,1023.91,96.27,228.24,0.96,-1,-1,-1
157,9,1942.24,1012.63,78.28,226.34,0.99,-1,-1,-1
158,1,408.94,1322.94,137.02,369.91,1.0,-1,-1,-1
158,2,1560.79,1103.3,145.3,244.43,0.99,-1,-1,-1
158,3,2439.29,1134.63,161.98,260.76,1.0,-1,-1,-1
158,4,2329.23,1119.81,159.84,268.39,0.99,-1,-1,-1
158,6,1122.63,1143.72,97.83,302.2,1.0,-1,-1,-1
158,8,1908.43,1022.85,98.81,228.4,0.99,-1,-1,-1
158,9,1941.72,1012.09,79.73,224.75,0.98,-1,-1,-1
159,1,409.0,1322.92,137.02,369.91,1.0,-1,-1,-1
159,2,1554.15,1102.49,149.56,244.86,0.99,-1,-1,-1
159,3,2446.17,1132.46,155.51,262.14,1.0,-1,-1,-1
159,4,2335.53,1117.15,148.1,270.49,1.0,-1,-1,-1
159,6,1130.35,1142.13,103.74,304.22,1.0,-1,-1,-1
159,8,1908.09,1020.29,101.53,231.1,1.0,-1,-1,-1
159,9,1941.52,1010.98,80.28,224.16,0.97,-1,-1,-1
160,1,409.02,1322.9,137.01,369.9,1.0,-1,-1,-1
160,2,1548.07,1095.42,154.65,251.34,0.99,-1,-1,-1
160,3,2457.56,1128.07,144.0,266.26,1.0,-1,-1,-1
160,4,2339.47,1114.81,134.58,271.76,1.0,-1,-1,-1
160,6,1136.5,1141.57,112.02,303.2,1.0,-1,-1,-1
160,8,1907.93,1015.83,102.56,236.53,1.0,-1,-1,-1
160,9,1946.82,1011.01,75.13,223.06,0.95,-1,-1,-1
161,1,409.05,1322.92,137.02,369.9,1.0,-1,-1,-1
161,2,1543.1,1098.09,158.31,245.8,0.99,-1,-1,-1
161,3,2467.12,1124.65,134.1,269.6,1.0,-1,-1,-1
161,4,2342.56,1112.15,124.23,273.15,1.0,-1,-1,-1
161,6,1140.68,1142.32,124.08,301.9,1.0,-1,-1,-1
161,8,1907.86,1012.45,104.68,241.2,1.0,-1,-1,-1
161,9,1947.0,1010.59,75.07,225.35,0.95,-1,-1,-1
162,1,409.03,1323.82,137.02,369.91,1.0,-1,-1,-1
162,2,1541.15,1095.09,157.93,244.58,0.99,-1,-1,-1
162,3,2478.67,1122.51,121.26,271.75,1.0,-1,-1,-1
162,4,2344.38,1109.4,115.16,275.47,1.0,-1,-1,-1
162,6,1143.74,1143.56,139.09,300.5,1.0,-1,-1,-1
162,8,1907.81,1009.92,105.46,244.71,1.0,-1,-1,-1
162,9,1947.94,1010.0,75.07,226.23,0.97,-1,-1,-1
163,1,409.03,1324.19,137.02,369.91,1.0,-1,-1,-1
163,2,1536.9,1092.2,155.94,246.84,1.0,-1,-1,-1
163,3,2489.1,1122.18,109.16,273.0,0.99,-1,-1,-1
163,4,2346.73,1106.63,106.56,278.13,1.0,-1,-1,-1
163,6,1146.44,1146.32,152.62,297.74,1.0,-1,-1,-1
163,8,1907.78,1007.28,107.48,247.76,1.0,-1,-1,-1
163,9,1949.17,1010.25,75.11,226.57,0.96,-1,-1,-1
