1,1,498.6,411.75,52.2,151.2,-1,-1,-1,-1
1,2,950.4,376.65,55.8,150.3,-1,-1,-1,-1
1,3,313.42,310.72,30.15,89.1,-1,-1,-1,-1
1,4,537.3,398.7,92.7,123.3,-1,-1,-1,-1
1,5,870.3,379.35,48.6,120.15,-1,-1,-1,-1
1,6,421.2,320.85,54.0,99.0,-1,-1,-1,-1
2,1,498.99,411.75,52.2,151.2,-1,-1,-1,-1
2,2,949.49,376.26,56.05,151.08,-1,-1,-1,-1
2,3,313.42,310.72,30.15,89.1,-1,-1,-1,-1
2,4,536.98,398.9,92.56,123.1,-1,-1,-1,-1
2,5,870.37,379.35,48.46,119.76,-1,-1,-1,-1
2,6,422.59,321.05,53.96,99.0,-1,-1,-1,-1
3,1,498.71,412.1,52.2,151.2,-1,-1,-1,-1
3,2,949.34,376.02,56.1,151.39,-1,-1,-1,-1
3,3,313.42,310.72,30.15,89.1,-1,-1,-1,-1
3,4,536.95,398.93,92.48,123.07,-1,-1,-1,-1
3,5,870.42,379.35,48.36,119.34,-1,-1,-1,-1
3,6,423.95,322.66,52.93,97.25,-1,-1,-1,-1
4,1,499.62,411.87,52.23,151.2,-1,-1,-1,-1
4,2,948.77,375.95,55.81,150.79,-1,-1,-1,-1
4,3,313.42,310.72,30.15,89.1,-1,-1,-1,-1
4,4,536.57,399.45,91.84,122.21,-1,-1,-1,-1
4,5,869.15,379.52,48.15,118.36,-1,-1,-1,-1
4,6,425.84,322.81,52.57,97.04,-1,-1,-1,-1
5,1,500.19,411.62,52.37,151.37,-1,-1,-1,-1
5,2,947.99,376.1,55.6,150.41,-1,-1,-1,-1
5,3,313.42,310.72,30.15,89.1,-1,-1,-1,-1
5,4,536.81,399.62,91.6,121.93,-1,-1,-1,-1
5,5,867.95,379.58,48.34,118.06,-1,-1,-1,-1
5,6,426.78,322.82,52.2,97.02,-1,-1,-1,-1
6,1,501.6,411.86,52.52,151.42,-1,-1,-1,-1
6,2,946.59,376.16,55.27,149.97,-1,-1,-1,-1
6,3,313.26,310.72,30.15,89.1,-1,-1,-1,-1
6,4,536.45,399.66,91.78,122.18,-1,-1,-1,-1
6,5,867.19,379.59,48.53,117.66,-1,-1,-1,-1
6,6,427.58,322.96,51.66,96.71,-1,-1,-1,-1
7,1,502.56,412.1,52.87,151.91,-1,-1,-1,-1
7,2,945.0,376.02,54.88,149.66,-1,-1,-1,-1
7,3,313.21,310.72,30.15,89.1,-1,-1,-1,-1
7,4,536.78,399.67,91.57,121.96,-1,-1,-1,-1
7,5,866.8,379.59,48.91,117.54,-1,-1,-1,-1
7,6,427.78,322.99,51.38,96.94,-1,-1,-1,-1
8,1,502.8,412.81,53.75,153.94,-1,-1,-1,-1
8,2,942.14,375.66,54.43,149.88,-1,-1,-1,-1
8,3,313.22,310.88,30.08,88.79,-1,-1,-1,-1
8,4,537.13,399.97,91.06,121.27,-1,-1,-1,-1
8,5,866.27,379.9,49.28,117.21,-1,-1,-1,-1
8,6,427.78,323.15,50.88,97.04,-1,-1,-1,-1
9,1,504.07,413.06,54.69,155.28,-1,-1,-1,-1
9,2,940.56,375.23,54.23,150.88,-1,-1,-1,-1
9,3,313.22,310.94,30.08,88.68,-1,-1,-1,-1
9,4,537.53,400.08,90.94,121.03,-1,-1,-1,-1
9,5,865.93,380.01,49.74,117.11,-1,-1,-1,-1
9,6,427.92,323.34,50.35,97.09,-1,-1,-1,-1
10,1,503.07,414.81,54.9,156.51,-1,-1,-1,-1
10,2,939.05,375.84,53.69,150.5,-1,-1,-1,-1
10,3,313.2,310.96,30.11,88.64,-1,-1,-1,-1
10,4,537.9,400.41,90.47,120.35,-1,-1,-1,-1
10,5,865.7,380.2,50.18,116.93,-1,-1,-1,-1
10,6,428.13,323.25,49.82,97.11,-1,-1,-1,-1
11,1,504.39,416.05,55.12,156.95,-1,-1,-1,-1
11,2,937.41,375.76,53.35,150.66,-1,-1,-1,-1
11,3,313.21,310.96,30.11,88.63,-1,-1,-1,-1
11,4,537.91,400.53,90.54,120.41,-1,-1,-1,-1
11,5,865.56,380.72,50.49,116.43,-1,-1,-1,-1
11,6,428.09,323.21,49.35,97.13,-1,-1,-1,-1
12,1,505.47,419.05,55.18,156.93,-1,-1,-1,-1
12,2,935.02,375.14,53.27,151.62,-1,-1,-1,-1
12,3,313.19,310.96,30.15,88.62,-1,-1,-1,-1
12,4,538.56,400.72,89.88,119.39,-1,-1,-1,-1
12,5,866.32,381.52,50.83,115.65,-1,-1,-1,-1
12,6,428.53,323.49,48.71,96.84,-1,-1,-1,-1
13,1,506.34,421.36,55.41,157.5,-1,-1,-1,-1
13,2,933.12,375.2,53.0,151.98,-1,-1,-1,-1
13,3,313.17,310.96,30.18,88.63,-1,-1,-1,-1
13,4,538.52,400.78,89.59,118.72,-1,-1,-1,-1
13,5,866.91,382.11,51.27,115.07,-1,-1,-1,-1
13,6,428.82,323.59,48.19,96.74,-1,-1,-1,-1
14,1,512.61,424.57,56.68,156.5,-1,-1,-1,-1
14,2,930.34,376.13,52.36,152.11,-1,-1,-1,-1
14,3,313.16,310.96,30.22,88.63,-1,-1,-1,-1
14,4,539.13,400.64,88.84,117.43,-1,-1,-1,-1
14,5,867.97,383.37,51.27,113.51,-1,-1,-1,-1
14,6,429.24,323.32,47.8,97.0,-1,-1,-1,-1
15,1,514.46,426.64,58.12,156.1,-1,-1,-1,-1
15,2,929.38,376.33,52.1,152.3,-1,-1,-1,-1
15,3,313.16,310.96,30.21,88.63,-1,-1,-1,-1
15,4,540.59,399.98,88.5,117.27,-1,-1,-1,-1
15,5,868.58,384.58,51.45,112.2,-1,-1,-1,-1
15,6,429.28,322.76,47.73,97.7,-1,-1,-1,-1
16,1,516.64,427.97,59.15,154.74,-1,-1,-1,-1
16,2,927.3,376.11,51.99,152.97,-1,-1,-1,-1
16,3,313.14,310.96,30.25,88.63,-1,-1,-1,-1
16,4,540.66,399.89,88.1,117.08,-1,-1,-1,-1
16,5,868.96,385.92,51.79,111.13,-1,-1,-1,-1
16,6,429.55,323.44,47.02,97.08,-1,-1,-1,-1
17,1,518.1,427.51,60.52,155.41,-1,-1,-1,-1
17,2,925.98,376.18,51.97,153.36,-1,-1,-1,-1
17,3,313.15,310.96,30.24,88.64,-1,-1,-1,-1
17,4,541.68,400.0,87.76,117.18,-1,-1,-1,-1
17,5,868.38,386.69,52.14,110.16,-1,-1,-1,-1
17,6,429.82,323.85,46.41,96.54,-1,-1,-1,-1
18,1,519.53,424.32,62.12,158.04,-1,-1,-1,-1
18,2,922.81,376.64,51.5,153.35,-1,-1,-1,-1
18,3,313.03,311.11,30.19,88.64,-1,-1,-1,-1
18,4,543.09,400.79,86.15,116.78,-1,-1,-1,-1
18,5,868.08,387.71,52.43,107.87,-1,-1,-1,-1
18,6,429.96,323.4,46.23,96.94,-1,-1,-1,-1
19,1,520.55,421.16,63.42,160.65,-1,-1,-1,-1
19,2,921.23,376.67,51.03,153.19,-1,-1,-1,-1
19,3,312.99,311.16,30.15,88.64,-1,-1,-1,-1
19,4,543.26,401.38,84.46,116.05,-1,-1,-1,-1
19,5,866.91,388.21,53.12,106.6,-1,-1,-1,-1
19,6,430.69,323.52,45.85,96.79,-1,-1,-1,-1
20,1,523.78,418.17,63.39,161.62,-1,-1,-1,-1
20,2,918.53,376.68,50.75,153.12,-1,-1,-1,-1
20,3,312.99,311.18,30.11,88.64,-1,-1,-1,-1
20,4,544.08,402.95,82.89,114.75,-1,-1,-1,-1
20,5,863.61,389.28,53.38,103.75,-1,-1,-1,-1
20,6,430.9,323.27,45.83,97.04,-1,-1,-1,-1
21,1,525.67,416.86,63.12,162.12,-1,-1,-1,-1
21,2,914.7,377.42,50.46,152.94,-1,-1,-1,-1
21,3,313.0,311.19,30.07,88.64,-1,-1,-1,-1
21,4,547.11,404.13,82.24,114.27,-1,-1,-1,-1
21,5,861.4,390.25,54.24,102.43,-1,-1,-1,-1
21,6,431.48,322.72,45.99,97.73,-1,-1,-1,-1
22,1,527.85,418.3,62.29,160.65,-1,-1,-1,-1
22,2,909.93,381.72,49.72,150.34,-1,-1,-1,-1
22,3,313.02,311.19,30.03,88.64,-1,-1,-1,-1
22,4,552.12,405.6,83.21,114.57,-1,-1,-1,-1
22,5,860.69,390.57,55.6,101.7,-1,-1,-1,-1
22,6,431.8,322.37,46.12,98.29,-1,-1,-1,-1
23,1,529.66,419.6,62.24,160.51,-1,-1,-1,-1
23,2,906.69,386.33,49.2,148.45,-1,-1,-1,-1
23,3,313.04,311.19,30.0,88.64,-1,-1,-1,-1
23,4,554.76,405.98,84.37,115.44,-1,-1,-1,-1
23,5,859.29,390.82,56.91,101.02,-1,-1,-1,-1
23,6,432.57,321.79,46.21,98.79,-1,-1,-1,-1
24,1,535.22,423.95,63.01,157.47,-1,-1,-1,-1
24,2,903.49,394.62,48.1,141.76,-1,-1,-1,-1
24,3,313.05,311.19,29.97,88.64,-1,-1,-1,-1
24,4,557.71,405.51,84.97,116.38,-1,-1,-1,-1
24,5,856.79,389.83,58.69,101.87,-1,-1,-1,-1
24,6,433.98,322.76,45.46,97.79,-1,-1,-1,-1
25,1,537.26,425.89,64.48,156.3,-1,-1,-1,-1
25,2,902.76,401.03,47.33,136.22,-1,-1,-1,-1
25,3,313.07,311.19,29.95,88.64,-1,-1,-1,-1
25,4,560.26,404.72,85.19,117.34,-1,-1,-1,-1
25,5,853.93,389.14,59.67,102.22,-1,-1,-1,-1
25,6,434.96,322.69,45.01,97.41,-1,-1,-1,-1
26,1,539.61,427.2,65.84,155.27,-1,-1,-1,-1
26,2,901.14,408.94,46.02,128.6,-1,-1,-1,-1
26,3,313.08,311.33,29.93,88.65,-1,-1,-1,-1
26,4,564.92,403.67,85.47,118.15,-1,-1,-1,-1
26,5,848.35,387.82,60.72,103.73,-1,-1,-1,-1
26,6,435.9,324.15,44.41,96.37,-1,-1,-1,-1
27,1,540.68,427.36,67.6,155.48,-1,-1,-1,-1
27,2,899.27,413.08,45.9,124.21,-1,-1,-1,-1
27,3,313.09,311.39,29.9,88.65,-1,-1,-1,-1
27,4,567.89,402.81,85.42,118.6,-1,-1,-1,-1
27,5,845.18,387.47,60.99,103.87,-1,-1,-1,-1
27,6,436.42,323.5,44.57,97.18,-1,-1,-1,-1
28,1,544.64,425.9,70.48,157.36,-1,-1,-1,-1
28,2,896.92,416.27,46.34,120.9,-1,-1,-1,-1
28,3,313.1,311.26,29.88,88.65,-1,-1,-1,-1
28,4,571.43,403.08,84.57,118.18,-1,-1,-1,-1
28,5,841.38,387.18,60.43,101.71,-1,-1,-1,-1
28,6,438.4,322.52,44.28,98.07,-1,-1,-1,-1
29,1,546.17,424.74,73.07,158.66,-1,-1,-1,-1
29,2,895.99,417.59,48.13,120.44,-1,-1,-1,-1
29,3,313.11,311.21,29.87,88.65,-1,-1,-1,-1
29,4,573.17,403.47,83.88,118.01,-1,-1,-1,-1
29,5,839.72,387.22,61.41,101.36,-1,-1,-1,-1
29,6,440.37,321.7,44.07,99.3,-1,-1,-1,-1
30,1,550.61,423.98,72.06,159.15,-1,-1,-1,-1
30,2,894.79,418.86,49.43,118.55,-1,-1,-1,-1
30,3,313.12,311.19,29.85,88.65,-1,-1,-1,-1
30,4,577.81,405.7,81.43,115.57,-1,-1,-1,-1
30,5,833.8,388.43,64.13,104.24,-1,-1,-1,-1
30,6,443.33,321.83,43.21,98.88,-1,-1,-1,-1
31,1,561.67,423.98,72.3,159.33,-1,-1,-1,-1
31,2,893.36,419.04,51.17,118.42,-1,-1,-1,-1
31,3,313.13,311.18,29.84,88.65,-1,-1,-1,-1
31,4,582.08,408.49,79.49,113.0,-1,-1,-1,-1
31,5,828.56,390.2,66.03,105.47,-1,-1,-1,-1
31,6,445.35,321.89,43.28,100.19,-1,-1,-1,-1
32,1,570.74,424.72,71.3,158.35,-1,-1,-1,-1
32,2,888.38,420.98,51.47,116.79,-1,-1,-1,-1
32,3,313.13,311.18,29.82,88.65,-1,-1,-1,-1
32,4,589.7,411.32,78.57,110.54,-1,-1,-1,-1
32,5,825.97,393.68,66.3,103.14,-1,-1,-1,-1
32,6,448.48,322.21,43.81,101.86,-1,-1,-1,-1
33,1,575.47,424.84,70.39,157.82,-1,-1,-1,-1
33,2,884.24,422.35,51.77,115.82,-1,-1,-1,-1
33,3,313.14,311.33,29.81,88.65,-1,-1,-1,-1
33,4,592.49,412.64,79.28,110.26,-1,-1,-1,-1
33,5,824.0,395.45,66.78,101.79,-1,-1,-1,-1
33,6,451.01,322.78,43.6,101.9,-1,-1,-1,-1
34,1,578.67,425.18,69.87,157.62,-1,-1,-1,-1
34,2,878.59,424.27,52.14,115.24,-1,-1,-1,-1
34,3,313.15,311.23,29.8,88.65,-1,-1,-1,-1
34,4,591.61,412.95,81.36,110.93,-1,-1,-1,-1
34,5,821.63,396.98,66.83,100.4,-1,-1,-1,-1
34,6,453.85,323.59,42.64,98.64,-1,-1,-1,-1
35,1,582.1,426.19,69.65,156.95,-1,-1,-1,-1
35,2,875.59,424.14,52.5,114.04,-1,-1,-1,-1
35,3,313.15,311.35,29.79,88.65,-1,-1,-1,-1
35,4,589.5,412.14,84.3,112.99,-1,-1,-1,-1
35,5,818.69,397.37,67.53,100.65,-1,-1,-1,-1
35,6,455.78,323.9,42.24,96.48,-1,-1,-1,-1
36,1,586.0,425.67,70.0,157.29,-1,-1,-1,-1
36,2,868.67,423.09,57.23,121.53,-1,-1,-1,-1
36,3,313.3,311.24,29.78,88.65,-1,-1,-1,-1
36,4,588.48,409.58,88.06,116.6,-1,-1,-1,-1
36,5,814.84,395.84,68.1,101.81,-1,-1,-1,-1
36,6,457.77,324.91,41.84,94.47,-1,-1,-1,-1
37,1,588.55,424.27,71.23,158.01,-1,-1,-1,-1
37,2,861.65,421.81,62.78,130.11,-1,-1,-1,-1
37,3,313.36,311.2,29.78,88.65,-1,-1,-1,-1
37,4,591.11,407.57,90.38,117.52,-1,-1,-1,-1
37,5,811.79,394.65,68.72,103.14,-1,-1,-1,-1
37,6,458.6,325.13,42.11,94.04,-1,-1,-1,-1
38,1,598.65,424.04,66.18,148.79,-1,-1,-1,-1
38,2,850.68,422.58,70.04,140.21,-1,-1,-1,-1
38,3,313.39,311.18,29.77,88.65,-1,-1,-1,-1
38,4,598.49,403.68,93.11,120.68,-1,-1,-1,-1
38,5,808.26,393.14,71.51,105.28,-1,-1,-1,-1
38,6,459.74,324.75,42.25,94.2,-1,-1,-1,-1
39,1,607.3,425.47,63.97,143.41,-1,-1,-1,-1
39,2,844.06,423.42,74.86,145.86,-1,-1,-1,-1
39,3,313.42,311.18,29.72,88.65,-1,-1,-1,-1
39,4,603.69,401.04,93.9,122.15,-1,-1,-1,-1
39,5,804.78,391.83,73.49,106.24,-1,-1,-1,-1
39,6,460.27,324.0,42.57,94.87,-1,-1,-1,-1
40,1,613.14,429.64,62.88,139.06,-1,-1,-1,-1
40,2,830.75,427.02,74.24,145.33,-1,-1,-1,-1
40,3,313.62,311.17,29.63,88.65,-1,-1,-1,-1
40,4,605.57,398.86,94.21,123.29,-1,-1,-1,-1
40,5,802.24,391.61,73.9,105.72,-1,-1,-1,-1
40,6,461.63,322.38,43.7,98.12,-1,-1,-1,-1
41,1,618.09,427.49,65.0,139.99,-1,-1,-1,-1
41,2,815.35,428.98,76.45,144.45,-1,-1,-1,-1
41,3,313.84,311.17,29.6,88.65,-1,-1,-1,-1
41,4,605.24,398.2,92.68,122.96,-1,-1,-1,-1
41,5,800.3,392.27,70.86,100.61,-1,-1,-1,-1
41,6,463.85,321.62,43.55,98.74,-1,-1,-1,-1
42,1,633.11,426.54,70.31,139.32,-1,-1,-1,-1
42,2,804.59,428.51,79.08,146.4,-1,-1,-1,-1
42,3,314.08,311.03,29.56,88.65,-1,-1,-1,-1
42,4,608.03,400.19,88.37,118.52,-1,-1,-1,-1
42,5,788.7,393.89,75.35,106.06,-1,-1,-1,-1
42,6,466.42,321.34,43.5,99.57,-1,-1,-1,-1
43,1,631.44,427.23,71.91,137.78,-1,-1,-1,-1
43,2,797.44,428.14,81.86,148.42,-1,-1,-1,-1
43,3,314.22,311.27,29.45,88.35,-1,-1,-1,-1
43,4,609.93,402.19,86.0,117.39,-1,-1,-1,-1
43,5,782.08,395.63,77.27,108.88,-1,-1,-1,-1
43,6,468.34,321.39,43.25,99.88,-1,-1,-1,-1
44,1,633.99,425.37,72.88,138.47,-1,-1,-1,-1
44,2,784.94,424.6,85.27,152.51,-1,-1,-1,-1
44,3,314.32,311.21,29.61,88.54,-1,-1,-1,-1
44,4,614.19,404.43,83.82,115.78,-1,-1,-1,-1
44,5,775.51,398.06,77.48,107.04,-1,-1,-1,-1
44,6,470.91,321.12,42.9,99.39,-1,-1,-1,-1
45,1,637.22,421.08,74.26,141.77,-1,-1,-1,-1
45,2,770.96,426.27,91.93,162.6,-1,-1,-1,-1
45,3,314.49,311.63,29.68,88.31,-1,-1,-1,-1
45,4,620.92,404.98,82.12,114.87,-1,-1,-1,-1
45,5,769.85,398.69,79.37,106.88,-1,-1,-1,-1
45,6,472.58,321.32,42.43,99.2,-1,-1,-1,-1
46,1,641.91,415.04,75.18,146.0,-1,-1,-1,-1
46,2,743.76,430.04,93.75,165.01,-1,-1,-1,-1
46,3,314.81,311.79,30.09,88.82,-1,-1,-1,-1
46,4,627.58,402.34,82.59,116.79,-1,-1,-1,-1
46,5,767.33,395.79,82.93,110.23,-1,-1,-1,-1
46,6,474.06,321.55,42.22,99.12,-1,-1,-1,-1
47,1,643.19,411.3,75.01,148.79,-1,-1,-1,-1
47,2,722.19,435.14,90.32,162.82,-1,-1,-1,-1
47,3,314.78,311.85,30.53,89.31,-1,-1,-1,-1
47,4,630.15,399.87,83.0,118.7,-1,-1,-1,-1
47,5,760.98,392.34,85.88,111.77,-1,-1,-1,-1
47,6,475.19,321.35,42.04,99.08,-1,-1,-1,-1
48,1,642.06,409.77,73.07,147.95,-1,-1,-1,-1
48,2,707.95,434.75,89.54,164.19,-1,-1,-1,-1
48,3,315.05,313.06,30.72,88.61,-1,-1,-1,-1
48,4,639.41,395.84,81.13,116.02,-1,-1,-1,-1
48,5,743.39,391.59,89.39,115.57,-1,-1,-1,-1
48,6,477.91,320.83,41.44,97.58,-1,-1,-1,-1
49,1,641.58,406.72,72.63,150.14,-1,-1,-1,-1
49,2,700.03,431.49,90.18,167.72,-1,-1,-1,-1
49,3,314.82,313.66,31.15,88.63,-1,-1,-1,-1
49,4,642.78,392.82,78.66,114.08,-1,-1,-1,-1
49,5,731.73,391.46,91.54,119.18,-1,-1,-1,-1
49,6,479.42,320.64,41.31,97.01,-1,-1,-1,-1
50,1,643.82,410.05,69.72,147.42,-1,-1,-1,-1
50,2,684.32,425.69,92.51,171.78,-1,-1,-1,-1
50,3,314.41,314.18,31.66,88.94,-1,-1,-1,-1
50,4,649.02,387.38,80.69,118.02,-1,-1,-1,-1
50,5,717.93,393.3,89.18,119.53,-1,-1,-1,-1
50,6,480.73,320.57,41.43,97.09,-1,-1,-1,-1
51,1,645.6,411.4,67.63,145.76,-1,-1,-1,-1
51,2,670.37,422.84,94.13,172.11,-1,-1,-1,-1
51,3,313.92,314.66,32.5,89.95,-1,-1,-1,-1
51,4,651.79,383.93,81.5,120.35,-1,-1,-1,-1
51,5,707.72,395.64,87.22,121.22,-1,-1,-1,-1
51,6,483.15,321.0,41.07,95.64,-1,-1,-1,-1
52,1,647.17,410.0,66.59,146.18,-1,-1,-1,-1
52,2,656.41,422.02,92.14,166.29,-1,-1,-1,-1
52,3,312.74,315.28,33.03,89.73,-1,-1,-1,-1
52,4,653.1,380.17,79.24,118.44,-1,-1,-1,-1
52,5,694.14,398.29,85.77,122.12,-1,-1,-1,-1
52,6,487.63,321.62,41.45,94.5,-1,-1,-1,-1
53,1,648.85,408.62,60.24,133.26,-1,-1,-1,-1
53,2,645.55,420.81,91.41,165.11,-1,-1,-1,-1
53,3,311.88,315.8,33.45,89.35,-1,-1,-1,-1
53,4,655.37,377.91,78.04,119.47,-1,-1,-1,-1
53,5,687.01,399.45,84.25,122.57,-1,-1,-1,-1
53,6,490.26,321.7,42.53,94.68,-1,-1,-1,-1
54,1,647.69,403.67,59.16,132.75,-1,-1,-1,-1
54,2,635.51,419.33,89.6,164.78,-1,-1,-1,-1
54,3,310.24,315.83,34.16,90.39,-1,-1,-1,-1
54,4,659.93,377.27,69.94,109.34,-1,-1,-1,-1
54,5,680.59,399.73,83.37,122.26,-1,-1,-1,-1
54,6,492.66,321.44,43.53,94.46,-1,-1,-1,-1
55,1,647.32,399.71,60.45,136.98,-1,-1,-1,-1
55,2,629.48,420.56,82.94,156.9,-1,-1,-1,-1
55,3,309.05,315.39,34.69,91.37,-1,-1,-1,-1
55,4,667.49,377.94,67.66,107.07,-1,-1,-1,-1
55,5,670.07,397.61,86.17,126.08,-1,-1,-1,-1
55,6,495.62,322.68,43.8,92.6,-1,-1,-1,-1
56,4,662.0,378.0,72.0,111.0,-1,-1,-1,-1
56,5,651.0,394.0,95.0,120.0,-1,-1,-1,-1
56,1,645.65,394.29,59.74,137.22,-1,-1,-1,-1
56,2,620.94,415.46,81.98,159.12,-1,-1,-1,-1
56,3,307.92,315.66,34.79,91.15,-1,-1,-1,-1
56,6,497.63,323.6,44.31,91.91,-1,-1,-1,-1
57,5,648.0,392.0,92.0,118.0,-1,-1,-1,-1
57,1,645.11,389.61,59.73,139.14,-1,-1,-1,-1
57,2,616.15,410.8,81.35,161.56,-1,-1,-1,-1
57,3,307.45,315.75,34.92,91.05,-1,-1,-1,-1
57,4,670.96,378.82,68.93,110.61,-1,-1,-1,-1
57,6,497.99,323.34,45.11,92.27,-1,-1,-1,-1
58,5,622.0,389.0,85.0,121.0,-1,-1,-1,-1
58,1,644.52,386.16,59.22,138.09,-1,-1,-1,-1
58,2,602.53,403.0,82.98,166.76,-1,-1,-1,-1
58,3,306.91,315.48,35.14,91.9,-1,-1,-1,-1
58,4,669.16,376.4,69.99,113.71,-1,-1,-1,-1
58,6,498.57,322.93,45.54,92.13,-1,-1,-1,-1
59,5,619.0,392.0,78.0,117.0,-1,-1,-1,-1
59,1,643.59,384.65,60.37,139.79,-1,-1,-1,-1
59,2,595.98,399.07,82.91,168.56,-1,-1,-1,-1
59,3,306.93,315.37,35.1,91.91,-1,-1,-1,-1
59,4,667.67,374.22,70.77,116.15,-1,-1,-1,-1
59,6,498.8,322.63,46.1,92.39,-1,-1,-1,-1
60,5,616.0,395.0,64.0,106.0,-1,-1,-1,-1
60,1,630.8,389.18,86.82,130.3,-1,-1,-1,-1
60,2,588.02,394.98,81.04,165.1,-1,-1,-1,-1
60,3,307.31,315.62,35.25,92.5,-1,-1,-1,-1
60,4,664.1,372.13,71.59,117.79,-1,-1,-1,-1
60,6,498.74,322.66,46.47,92.5,-1,-1,-1,-1
61,5,609.0,396.33333333333337,65.66666666666674,105.66666666666669,-1,-1,-1,-1
61,1,630.93,393.44,84.86,125.21,-1,-1,-1,-1
61,2,582.16,394.4,79.11,161.92,-1,-1,-1,-1
61,3,307.64,316.45,35.26,92.42,-1,-1,-1,-1
61,4,663.23,371.38,71.34,117.5,-1,-1,-1,-1
61,6,498.99,323.26,46.52,91.95,-1,-1,-1,-1
62,5,602.0,397.6666666666667,67.33333333333326,105.33333333333331,-1,-1,-1,-1
62,1,632.37,399.69,83.25,120.52,-1,-1,-1,-1
62,2,574.58,395.92,77.95,157.86,-1,-1,-1,-1
62,3,308.05,317.35,35.01,92.09,-1,-1,-1,-1
62,4,665.78,372.8,69.47,115.42,-1,-1,-1,-1
62,6,498.71,324.09,46.54,91.16,-1,-1,-1,-1
63,5,595.0,399.0,69.0,105.0,-1,-1,-1,-1
63,1,632.71,401.91,83.55,118.87,-1,-1,-1,-1
63,2,568.29,399.44,76.83,152.87,-1,-1,-1,-1
63,3,308.34,317.53,34.95,92.25,-1,-1,-1,-1
63,4,667.27,374.15,68.19,114.14,-1,-1,-1,-1
63,6,498.55,324.84,46.56,90.57,-1,-1,-1,-1
64,1,633.47,403.27,83.42,117.12,-1,-1,-1,-1
64,2,557.74,405.22,76.1,147.25,-1,-1,-1,-1
64,3,308.81,317.59,34.81,92.3,-1,-1,-1,-1
64,4,667.97,377.09,66.14,111.26,-1,-1,-1,-1
64,5,599.41,406.57,56.67,102.1,-1,-1,-1,-1
64,6,498.03,325.11,46.78,90.07,-1,-1,-1,-1
65,1,635.13,401.59,82.87,115.62,-1,-1,-1,-1
65,2,550.75,410.59,75.56,141.71,-1,-1,-1,-1
65,3,309.3,318.2,34.44,91.72,-1,-1,-1,-1
65,4,667.78,379.3,64.95,109.7,-1,-1,-1,-1
65,5,599.22,408.33,54.26,97.41,-1,-1,-1,-1
65,6,497.39,325.36,47.07,89.6,-1,-1,-1,-1
66,1,645.17,395.46,83.56,118.77,-1,-1,-1,-1
66,2,541.47,416.39,74.35,135.93,-1,-1,-1,-1
66,3,309.87,318.41,34.12,91.2,-1,-1,-1,-1
66,4,665.51,381.64,60.42,102.52,-1,-1,-1,-1
66,5,597.18,408.17,52.39,93.37,-1,-1,-1,-1
66,6,496.28,325.59,47.65,89.43,-1,-1,-1,-1
67,1,655.89,391.72,81.19,118.47,-1,-1,-1,-1
67,2,535.96,418.17,75.35,133.93,-1,-1,-1,-1
67,3,310.25,318.63,33.98,91.0,-1,-1,-1,-1
67,4,664.15,383.46,58.37,98.89,-1,-1,-1,-1
67,5,597.07,407.2,52.39,92.19,-1,-1,-1,-1
67,6,495.41,325.81,48.14,89.39,-1,-1,-1,-1
68,1,672.38,386.24,79.59,121.84,-1,-1,-1,-1
68,2,532.79,415.1,78.14,135.74,-1,-1,-1,-1
68,3,311.57,319.15,34.24,91.23,-1,-1,-1,-1
68,4,664.95,383.8,58.73,99.48,-1,-1,-1,-1
68,5,592.85,404.39,52.23,90.12,-1,-1,-1,-1
68,6,492.65,324.25,49.54,90.88,-1,-1,-1,-1
69,1,679.68,383.04,80.79,128.73,-1,-1,-1,-1
69,2,529.33,412.0,81.29,138.42,-1,-1,-1,-1
69,3,312.0,319.49,34.77,92.2,-1,-1,-1,-1
69,4,666.17,382.71,60.62,102.13,-1,-1,-1,-1
69,5,591.97,403.48,52.58,88.91,-1,-1,-1,-1
69,6,490.97,323.21,50.75,92.04,-1,-1,-1,-1
70,1,692.88,380.55,78.32,130.6,-1,-1,-1,-1
70,2,520.85,409.78,81.25,136.94,-1,-1,-1,-1
70,3,312.56,321.67,34.75,91.38,-1,-1,-1,-1
70,4,669.82,379.17,65.03,109.55,-1,-1,-1,-1
70,5,591.35,403.05,53.54,88.45,-1,-1,-1,-1
70,6,489.12,322.67,51.27,92.48,-1,-1,-1,-1
71,1,702.96,379.62,75.6,131.61,-1,-1,-1,-1
71,2,510.33,408.64,76.05,129.21,-1,-1,-1,-1
71,3,312.83,323.09,34.6,89.88,-1,-1,-1,-1
71,4,673.34,375.53,67.0,113.78,-1,-1,-1,-1
71,5,590.78,402.15,55.36,89.47,-1,-1,-1,-1
71,6,486.17,320.69,51.8,94.13,-1,-1,-1,-1
72,1,717.49,382.4,71.25,128.31,-1,-1,-1,-1
72,2,502.29,408.06,74.51,126.53,-1,-1,-1,-1
72,3,312.61,324.8,34.87,89.91,-1,-1,-1,-1
72,4,678.76,372.51,67.77,115.86,-1,-1,-1,-1
72,5,588.01,399.7,58.15,91.75,-1,-1,-1,-1
72,6,483.76,319.94,51.66,94.45,-1,-1,-1,-1
73,1,728.63,385.31,65.91,121.94,-1,-1,-1,-1
73,2,502.69,407.72,72.84,125.49,-1,-1,-1,-1
73,3,312.6,325.56,35.11,89.92,-1,-1,-1,-1
73,4,683.22,370.92,67.94,116.2,-1,-1,-1,-1
73,5,585.26,397.48,60.92,93.97,-1,-1,-1,-1
73,6,482.04,320.12,51.46,94.27,-1,-1,-1,-1
74,1,737.98,390.24,60.4,114.53,-1,-1,-1,-1
74,2,495.79,403.05,75.98,128.83,-1,-1,-1,-1
74,3,312.58,325.37,35.19,89.93,-1,-1,-1,-1
74,4,695.14,371.52,65.11,111.59,-1,-1,-1,-1
74,5,581.65,391.3,66.0,100.22,-1,-1,-1,-1
74,6,481.97,322.57,49.67,90.64,-1,-1,-1,-1
75,1,749.92,392.99,66.06,124.1,-1,-1,-1,-1
75,2,492.67,400.32,76.93,129.35,-1,-1,-1,-1
75,3,312.54,324.98,35.29,90.24,-1,-1,-1,-1
75,4,702.17,371.95,64.94,109.91,-1,-1,-1,-1
75,5,579.25,388.15,68.89,103.13,-1,-1,-1,-1
75,6,481.71,323.97,48.94,88.94,-1,-1,-1,-1
76,1,761.39,395.69,67.97,124.77,-1,-1,-1,-1
76,2,481.77,396.34,70.39,119.73,-1,-1,-1,-1
76,3,312.33,324.81,35.09,90.36,-1,-1,-1,-1
76,4,708.73,372.74,66.32,108.39,-1,-1,-1,-1
76,5,569.06,382.9,72.8,106.59,-1,-1,-1,-1
76,6,478.98,324.94,47.98,87.72,-1,-1,-1,-1
77,1,766.75,396.88,69.38,125.48,-1,-1,-1,-1
77,2,480.38,394.27,66.28,115.51,-1,-1,-1,-1
77,3,312.54,324.87,34.74,89.81,-1,-1,-1,-1
77,4,710.93,373.51,67.07,106.46,-1,-1,-1,-1
77,5,567.19,380.21,73.19,106.01,-1,-1,-1,-1
77,6,477.14,324.99,47.54,87.58,-1,-1,-1,-1
78,1,768.48,396.27,71.19,126.78,-1,-1,-1,-1
78,2,471.62,390.21,65.28,115.94,-1,-1,-1,-1
78,3,313.42,325.62,34.48,89.31,-1,-1,-1,-1
78,4,712.78,373.52,67.99,106.35,-1,-1,-1,-1
78,5,547.09,374.7,75.69,108.23,-1,-1,-1,-1
78,6,478.24,327.85,45.07,83.96,-1,-1,-1,-1
79,1,768.13,395.27,72.81,128.0,-1,-1,-1,-1
79,2,468.28,386.84,64.56,116.91,-1,-1,-1,-1
79,3,314.38,326.19,34.29,88.82,-1,-1,-1,-1
79,4,714.07,372.79,69.26,107.06,-1,-1,-1,-1
79,5,543.51,374.88,72.8,106.85,-1,-1,-1,-1
79,6,478.3,328.91,43.77,82.3,-1,-1,-1,-1
80,1,768.06,392.95,75.21,131.85,-1,-1,-1,-1
80,2,465.37,382.67,64.56,119.45,-1,-1,-1,-1
80,3,315.39,326.53,34.12,88.35,-1,-1,-1,-1
80,4,718.13,369.85,70.06,109.42,-1,-1,-1,-1
80,5,539.48,373.74,71.38,106.7,-1,-1,-1,-1
80,6,476.29,329.58,43.8,82.34,-1,-1,-1,-1
81,1,770.66,392.21,76.39,133.44,-1,-1,-1,-1
81,2,465.42,379.69,60.34,112.39,-1,-1,-1,-1
81,3,316.94,327.09,34.37,88.18,-1,-1,-1,-1
81,4,722.63,367.87,69.53,110.61,-1,-1,-1,-1
81,5,539.39,371.77,69.43,105.88,-1,-1,-1,-1
81,6,474.54,329.21,44.7,84.49,-1,-1,-1,-1
82,1,781.92,395.29,76.49,133.58,-1,-1,-1,-1
82,2,466.07,377.63,57.07,106.52,-1,-1,-1,-1
82,3,318.32,328.78,34.33,87.23,-1,-1,-1,-1
82,4,730.03,366.85,67.75,109.87,-1,-1,-1,-1
82,5,534.54,369.47,67.33,104.5,-1,-1,-1,-1
82,6,471.83,326.67,47.45,90.66,-1,-1,-1,-1
83,1,789.21,398.54,76.1,131.84,-1,-1,-1,-1
83,2,467.32,377.15,55.6,103.73,-1,-1,-1,-1
83,3,319.2,329.54,34.45,86.88,-1,-1,-1,-1
83,4,734.55,366.2,66.93,110.47,-1,-1,-1,-1
83,5,529.17,367.51,66.15,105.15,-1,-1,-1,-1
83,6,471.0,325.14,47.57,92.38,-1,-1,-1,-1
84,1,794.85,405.26,73.32,125.34,-1,-1,-1,-1
84,2,468.78,373.84,56.47,105.13,-1,-1,-1,-1
84,3,319.41,327.86,35.27,88.25,-1,-1,-1,-1
84,4,739.19,366.87,65.22,109.21,-1,-1,-1,-1
84,5,522.96,365.51,65.48,106.42,-1,-1,-1,-1
84,6,471.77,323.65,45.52,89.24,-1,-1,-1,-1
85,1,796.98,410.8,71.68,120.42,-1,-1,-1,-1
85,2,468.4,370.15,57.61,107.65,-1,-1,-1,-1
85,3,319.89,326.33,35.63,88.48,-1,-1,-1,-1
85,4,741.57,367.91,63.6,107.98,-1,-1,-1,-1
85,5,517.38,363.5,66.05,108.21,-1,-1,-1,-1
85,6,470.84,322.02,46.11,91.28,-1,-1,-1,-1
86,1,794.55,413.84,74.01,122.13,-1,-1,-1,-1
86,2,473.37,366.18,52.23,97.28,-1,-1,-1,-1
86,3,322.29,324.24,35.75,87.97,-1,-1,-1,-1
86,4,742.81,369.07,62.0,106.47,-1,-1,-1,-1
86,5,517.72,361.34,63.41,105.64,-1,-1,-1,-1
86,6,471.66,321.14,46.42,92.61,-1,-1,-1,-1
87,1,791.17,414.0,76.62,123.95,-1,-1,-1,-1
87,2,476.43,362.49,50.89,95.24,-1,-1,-1,-1
87,3,324.85,322.85,36.0,87.79,-1,-1,-1,-1
87,4,743.6,368.62,61.66,106.8,-1,-1,-1,-1
87,5,517.58,359.42,62.2,105.81,-1,-1,-1,-1
87,6,472.6,321.1,46.51,93.11,-1,-1,-1,-1
88,1,783.24,413.4,79.34,125.24,-1,-1,-1,-1
88,2,479.36,358.68,51.09,96.45,-1,-1,-1,-1
88,3,332.62,321.15,35.23,85.34,-1,-1,-1,-1
88,4,745.79,365.79,56.93,97.99,-1,-1,-1,-1
88,5,517.92,356.85,57.64,99.33,-1,-1,-1,-1
88,6,473.46,323.02,45.02,90.34,-1,-1,-1,-1
89,1,777.42,413.55,81.57,125.59,-1,-1,-1,-1
89,2,481.41,356.2,51.06,97.55,-1,-1,-1,-1
89,3,336.55,319.76,34.97,84.42,-1,-1,-1,-1
89,4,745.48,363.48,56.37,96.47,-1,-1,-1,-1
89,5,519.4,354.77,55.48,97.43,-1,-1,-1,-1
89,6,473.52,323.63,44.47,89.85,-1,-1,-1,-1
90,1,760.71,414.88,80.92,124.68,-1,-1,-1,-1
90,2,484.79,351.03,51.28,100.13,-1,-1,-1,-1
90,3,341.45,320.91,32.65,77.18,-1,-1,-1,-1
90,4,740.22,358.13,58.45,101.74,-1,-1,-1,-1
90,5,520.4,351.67,54.6,97.67,-1,-1,-1,-1
90,6,475.04,324.16,43.67,89.07,-1,-1,-1,-1
91,1,751.23,413.25,81.48,126.13,-1,-1,-1,-1
91,2,489.75,347.57,51.15,101.43,-1,-1,-1,-1
91,3,344.15,321.08,32.6,75.4,-1,-1,-1,-1
91,4,738.62,355.93,57.97,102.17,-1,-1,-1,-1
91,5,521.74,349.86,53.71,98.08,-1,-1,-1,-1
91,6,476.47,322.42,44.68,91.16,-1,-1,-1,-1
92,1,740.73,409.19,84.38,130.37,-1,-1,-1,-1
92,2,495.59,344.0,47.94,96.6,-1,-1,-1,-1
92,3,347.92,321.91,32.0,72.98,-1,-1,-1,-1
92,4,737.32,354.85,59.59,105.93,-1,-1,-1,-1
92,5,523.94,348.82,50.77,94.36,-1,-1,-1,-1
92,6,478.76,320.74,44.5,91.05,-1,-1,-1,-1
93,1,723.21,406.32,89.24,133.58,-1,-1,-1,-1
93,2,498.99,342.52,44.34,90.54,-1,-1,-1,-1
93,3,350.21,322.38,31.9,71.54,-1,-1,-1,-1
93,4,737.71,355.36,60.17,107.34,-1,-1,-1,-1
93,5,524.84,347.79,49.16,92.67,-1,-1,-1,-1
93,6,484.03,320.25,41.0,85.07,-1,-1,-1,-1
94,1,709.35,404.32,90.86,132.45,-1,-1,-1,-1
94,2,502.35,340.91,43.65,90.23,-1,-1,-1,-1
94,3,353.1,324.85,31.19,68.64,-1,-1,-1,-1
94,4,737.93,360.04,58.41,102.87,-1,-1,-1,-1
94,5,529.34,344.92,46.42,89.67,-1,-1,-1,-1
94,6,487.42,316.42,38.12,79.09,-1,-1,-1,-1
95,1,698.09,404.57,92.34,131.24,-1,-1,-1,-1
95,2,504.38,340.11,42.86,89.56,-1,-1,-1,-1
95,3,355.29,326.21,30.59,66.11,-1,-1,-1,-1
95,4,737.23,363.58,57.39,99.16,-1,-1,-1,-1
95,5,532.49,342.88,45.02,88.6,-1,-1,-1,-1
95,6,488.81,315.36,39.8,83.45,-1,-1,-1,-1
96,1,681.42,405.42,87.78,130.31,-1,-1,-1,-1
96,2,507.1,336.15,42.78,90.59,-1,-1,-1,-1
96,3,357.2,328.39,30.7,64.97,-1,-1,-1,-1
96,4,736.05,365.06,57.59,97.65,-1,-1,-1,-1
96,5,539.47,338.73,44.43,86.13,-1,-1,-1,-1
96,6,492.19,315.14,39.31,83.16,-1,-1,-1,-1
97,6,496.0,316.0,40.0,81.0,-1,-1,-1,-1
97,1,673.59,405.89,84.79,130.39,-1,-1,-1,-1
97,2,510.65,332.53,41.16,87.41,-1,-1,-1,-1
97,3,357.38,329.29,31.86,66.17,-1,-1,-1,-1
97,4,733.14,364.1,59.58,98.93,-1,-1,-1,-1
97,5,539.33,335.47,43.58,84.36,-1,-1,-1,-1
98,6,499.5,317.0,40.5,80.5,-1,-1,-1,-1
98,1,665.66,405.17,82.83,129.52,-1,-1,-1,-1
98,2,513.59,327.81,42.68,89.93,-1,-1,-1,-1
98,3,357.32,329.45,33.59,67.24,-1,-1,-1,-1
98,4,722.7,360.61,64.13,102.25,-1,-1,-1,-1
98,5,541.64,329.65,44.62,85.91,-1,-1,-1,-1
99,6,503.0,318.0,41.0,80.0,-1,-1,-1,-1
99,1,658.24,404.45,82.55,129.62,-1,-1,-1,-1
99,2,514.6,324.99,43.84,91.46,-1,-1,-1,-1
99,3,356.63,329.18,35.13,68.29,-1,-1,-1,-1
99,4,715.99,358.87,67.33,103.65,-1,-1,-1,-1
99,5,546.99,326.87,44.35,84.7,-1,-1,-1,-1
100,1,644.52,402.85,82.83,128.02,-1,-1,-1,-1
100,2,523.7,325.68,40.96,86.12,-1,-1,-1,-1
100,3,356.92,328.31,37.75,72.0,-1,-1,-1,-1
100,4,705.24,357.33,63.12,98.88,-1,-1,-1,-1
100,5,550.4,322.49,46.83,91.55,-1,-1,-1,-1
100,6,502.14,320.43,37.62,75.84,-1,-1,-1,-1
101,1,636.14,401.05,82.76,126.81,-1,-1,-1,-1
101,2,526.91,320.64,41.45,88.08,-1,-1,-1,-1
101,3,356.88,327.53,39.23,73.68,-1,-1,-1,-1
101,4,698.48,356.17,60.21,95.81,-1,-1,-1,-1
101,5,554.52,319.92,45.43,90.52,-1,-1,-1,-1
101,6,503.85,321.9,39.06,77.96,-1,-1,-1,-1
102,1,615.7,398.29,80.87,128.46,-1,-1,-1,-1
102,2,532.69,314.13,41.8,90.88,-1,-1,-1,-1
102,3,357.59,326.04,40.87,75.81,-1,-1,-1,-1
102,4,691.09,355.47,60.08,95.91,-1,-1,-1,-1
102,5,559.84,318.18,42.68,86.25,-1,-1,-1,-1
102,6,504.65,323.27,39.33,77.39,-1,-1,-1,-1
103,1,601.63,395.36,78.79,130.41,-1,-1,-1,-1
103,2,536.69,310.9,40.44,89.29,-1,-1,-1,-1
103,3,357.52,325.03,41.77,76.92,-1,-1,-1,-1
103,4,687.1,353.74,61.66,98.37,-1,-1,-1,-1
103,5,563.19,317.53,40.61,83.12,-1,-1,-1,-1
103,6,505.35,324.38,39.65,76.81,-1,-1,-1,-1
104,1,588.07,391.46,77.99,133.36,-1,-1,-1,-1
104,2,542.25,309.52,39.99,89.89,-1,-1,-1,-1
104,3,356.28,322.44,43.26,80.27,-1,-1,-1,-1
104,4,676.96,350.3,64.95,102.56,-1,-1,-1,-1
104,5,568.67,317.25,39.68,82.0,-1,-1,-1,-1
104,6,503.13,323.74,41.05,78.04,-1,-1,-1,-1
105,1,580.17,388.99,76.23,132.85,-1,-1,-1,-1
105,2,546.41,310.01,38.98,88.94,-1,-1,-1,-1
105,3,356.63,321.89,43.28,80.38,-1,-1,-1,-1
105,4,668.42,349.62,66.47,102.68,-1,-1,-1,-1
105,5,571.97,315.58,40.21,83.74,-1,-1,-1,-1
105,6,500.34,322.9,42.47,78.77,-1,-1,-1,-1
106,1,570.52,388.39,73.09,127.6,-1,-1,-1,-1
106,2,551.17,310.18,38.52,89.2,-1,-1,-1,-1
106,3,358.74,320.37,44.79,82.44,-1,-1,-1,-1
106,4,655.56,348.67,67.58,104.19,-1,-1,-1,-1
106,5,574.81,313.99,40.58,84.4,-1,-1,-1,-1
106,6,497.26,321.38,44.58,80.2,-1,-1,-1,-1
107,1,564.34,389.13,71.3,123.46,-1,-1,-1,-1
107,2,553.64,310.63,37.33,87.82,-1,-1,-1,-1
107,3,360.29,320.09,44.7,82.05,-1,-1,-1,-1
107,4,645.91,348.78,66.12,103.87,-1,-1,-1,-1
107,5,575.7,313.03,41.47,85.57,-1,-1,-1,-1
107,6,496.14,321.09,45.79,80.43,-1,-1,-1,-1
108,1,551.32,392.64,63.95,113.32,-1,-1,-1,-1
108,2,558.18,311.35,37.16,87.01,-1,-1,-1,-1
108,3,360.8,317.64,47.67,88.93,-1,-1,-1,-1
108,4,631.72,348.73,63.88,103.14,-1,-1,-1,-1
108,5,581.07,312.0,39.87,82.17,-1,-1,-1,-1
108,6,500.67,323.17,43.93,77.25,-1,-1,-1,-1
109,1,543.64,394.48,60.67,110.05,-1,-1,-1,-1
109,2,562.39,312.15,35.39,81.03,-1,-1,-1,-1
109,3,364.65,317.45,47.42,90.91,-1,-1,-1,-1
109,4,623.6,349.19,61.86,102.56,-1,-1,-1,-1
109,5,583.56,310.97,39.33,81.18,-1,-1,-1,-1
109,6,501.96,324.13,43.48,76.27,-1,-1,-1,-1
110,1,534.47,396.51,58.44,106.96,-1,-1,-1,-1
110,2,566.24,313.02,35.34,78.5,-1,-1,-1,-1
110,3,369.41,319.43,45.7,89.92,-1,-1,-1,-1
110,4,614.65,349.54,59.72,100.54,-1,-1,-1,-1
110,5,586.85,307.79,39.62,82.65,-1,-1,-1,-1
110,6,500.85,324.77,43.45,75.01,-1,-1,-1,-1
111,1,525.19,398.18,57.59,104.71,-1,-1,-1,-1
111,2,568.04,314.14,34.82,75.49,-1,-1,-1,-1
111,3,373.63,322.58,43.4,86.83,-1,-1,-1,-1
111,4,604.6,350.16,57.91,97.38,-1,-1,-1,-1
111,5,589.46,306.38,37.94,79.63,-1,-1,-1,-1
111,6,499.46,324.69,44.11,74.82,-1,-1,-1,-1
112,1,516.29,400.61,57.01,102.14,-1,-1,-1,-1
112,2,568.47,311.07,35.99,76.31,-1,-1,-1,-1
112,3,379.25,325.3,42.4,85.29,-1,-1,-1,-1
112,4,594.45,351.77,58.0,100.43,-1,-1,-1,-1
112,5,593.73,305.5,38.94,81.53,-1,-1,-1,-1
112,6,494.8,324.65,47.82,78.33,-1,-1,-1,-1
113,1,513.27,401.94,56.72,99.92,-1,-1,-1,-1
113,2,568.36,308.49,36.76,77.25,-1,-1,-1,-1
113,3,383.11,327.05,41.35,82.91,-1,-1,-1,-1
113,4,588.9,354.44,55.58,98.59,-1,-1,-1,-1
113,5,594.25,305.67,37.08,78.96,-1,-1,-1,-1
113,6,489.91,324.92,51.41,80.51,-1,-1,-1,-1
114,1,510.12,404.09,56.07,97.84,-1,-1,-1,-1
114,2,561.9,304.88,35.27,74.03,-1,-1,-1,-1
114,3,390.05,330.55,41.78,84.39,-1,-1,-1,-1
114,4,578.62,354.73,55.57,99.08,-1,-1,-1,-1
114,5,594.96,307.34,37.44,79.51,-1,-1,-1,-1
114,6,484.96,325.3,54.21,82.51,-1,-1,-1,-1
115,1,509.78,404.52,56.26,97.17,-1,-1,-1,-1
115,2,559.97,302.82,36.43,75.32,-1,-1,-1,-1
115,3,395.09,333.46,41.27,83.45,-1,-1,-1,-1
115,4,569.56,354.98,55.88,98.97,-1,-1,-1,-1
115,5,597.34,308.74,37.38,79.73,-1,-1,-1,-1
115,6,482.03,326.03,55.6,82.67,-1,-1,-1,-1
116,1,511.51,403.74,57.49,97.62,-1,-1,-1,-1
116,2,556.61,302.43,37.32,74.3,-1,-1,-1,-1
116,3,401.47,336.77,41.15,81.59,-1,-1,-1,-1
116,4,564.29,358.2,54.39,95.36,-1,-1,-1,-1
116,5,599.2,309.76,37.02,79.83,-1,-1,-1,-1
116,6,477.75,326.88,56.01,83.0,-1,-1,-1,-1
117,1,513.57,402.67,59.24,98.31,-1,-1,-1,-1
117,2,555.43,302.36,38.01,74.27,-1,-1,-1,-1
117,3,404.44,338.27,42.11,82.08,-1,-1,-1,-1
117,4,562.38,360.78,53.28,92.49,-1,-1,-1,-1
117,5,599.86,309.73,36.8,80.18,-1,-1,-1,-1
117,6,475.73,327.2,56.41,83.39,-1,-1,-1,-1
118,1,515.84,401.5,64.52,103.88,-1,-1,-1,-1
118,2,555.51,301.94,42.01,82.1,-1,-1,-1,-1
118,3,409.4,339.39,43.3,81.07,-1,-1,-1,-1
118,4,562.15,364.13,51.99,88.72,-1,-1,-1,-1
118,5,601.29,308.7,36.57,80.03,-1,-1,-1,-1
118,6,476.09,327.3,58.49,85.58,-1,-1,-1,-1
119,1,516.35,400.92,69.05,108.45,-1,-1,-1,-1
119,2,554.39,301.21,41.14,80.61,-1,-1,-1,-1
119,3,413.1,339.3,45.33,81.88,-1,-1,-1,-1
119,4,563.23,365.33,51.7,86.46,-1,-1,-1,-1
119,5,602.1,308.18,36.38,79.69,-1,-1,-1,-1
119,6,476.31,326.75,59.76,86.98,-1,-1,-1,-1
120,1,517.13,400.69,71.64,110.51,-1,-1,-1,-1
120,2,553.82,299.81,40.34,77.91,-1,-1,-1,-1
120,3,426.91,339.53,47.3,85.16,-1,-1,-1,-1
120,4,566.99,365.56,52.1,85.39,-1,-1,-1,-1
120,5,604.64,308.01,36.45,78.67,-1,-1,-1,-1
120,6,478.0,326.81,59.46,87.19,-1,-1,-1,-1
121,1,518.56,400.74,73.0,110.87,-1,-1,-1,-1
121,2,549.95,299.18,39.49,75.38,-1,-1,-1,-1
121,3,435.17,339.73,47.8,85.8,-1,-1,-1,-1
121,4,569.93,364.39,54.37,87.18,-1,-1,-1,-1
121,5,606.16,307.98,37.0,78.0,-1,-1,-1,-1
121,6,481.99,326.82,56.83,84.6,-1,-1,-1,-1
122,1,519.76,401.05,73.59,110.71,-1,-1,-1,-1
122,2,546.58,299.15,37.0,69.62,-1,-1,-1,-1
122,3,442.87,339.47,49.77,86.92,-1,-1,-1,-1
122,4,573.83,361.25,57.53,90.85,-1,-1,-1,-1
122,5,608.01,308.14,38.08,77.77,-1,-1,-1,-1
122,6,487.68,329.06,53.55,81.47,-1,-1,-1,-1
123,1,519.23,400.72,74.18,110.48,-1,-1,-1,-1
123,2,543.98,299.98,35.7,66.27,-1,-1,-1,-1
123,3,446.97,339.34,51.93,87.92,-1,-1,-1,-1
123,4,574.92,359.47,58.44,92.54,-1,-1,-1,-1
123,5,609.04,309.86,38.26,75.6,-1,-1,-1,-1
123,6,488.87,330.64,53.61,82.99,-1,-1,-1,-1
124,1,518.82,399.71,73.77,108.62,-1,-1,-1,-1
124,2,540.25,300.47,35.37,65.76,-1,-1,-1,-1
124,3,456.57,338.97,51.87,85.93,-1,-1,-1,-1
124,4,583.74,355.38,60.5,95.57,-1,-1,-1,-1
124,5,609.52,311.13,36.75,69.97,-1,-1,-1,-1
124,6,492.54,331.79,55.45,85.31,-1,-1,-1,-1
125,1,518.85,399.17,73.96,107.75,-1,-1,-1,-1
125,2,538.23,301.12,33.69,63.18,-1,-1,-1,-1
125,3,475.68,338.94,46.86,78.88,-1,-1,-1,-1
125,4,592.3,353.25,60.91,97.59,-1,-1,-1,-1
125,5,609.59,311.62,36.79,67.6,-1,-1,-1,-1
125,6,496.13,332.21,59.93,92.06,-1,-1,-1,-1
126,2,531.0,300.0,30.0,63.0,-1,-1,-1,-1
126,1,518.78,397.93,76.09,109.66,-1,-1,-1,-1
126,3,488.54,340.43,51.46,88.15,-1,-1,-1,-1
126,4,599.96,352.0,60.01,98.07,-1,-1,-1,-1
126,5,615.56,317.33,34.66,60.96,-1,-1,-1,-1
126,6,508.7,331.93,55.82,86.57,-1,-1,-1,-1
127,2,527.0,300.0,30.0,63.0,-1,-1,-1,-1
127,1,518.27,396.88,77.94,111.56,-1,-1,-1,-1
127,3,500.24,341.37,54.18,90.71,-1,-1,-1,-1
127,4,604.51,351.11,58.78,97.95,-1,-1,-1,-1
127,5,617.17,318.93,35.45,60.85,-1,-1,-1,-1
127,6,514.82,331.92,55.04,85.12,-1,-1,-1,-1
128,2,514.0,295.0,38.0,68.0,-1,-1,-1,-1
128,6,510.0,332.0,81.0,87.0,-1,-1,-1,-1
128,1,519.26,394.87,79.28,113.01,-1,-1,-1,-1
128,3,510.18,340.41,57.42,92.88,-1,-1,-1,-1
128,4,613.05,352.42,57.03,94.04,-1,-1,-1,-1
128,5,616.98,316.22,38.94,65.16,-1,-1,-1,-1
129,2,508.0,296.0,45.0,67.5,-1,-1,-1,-1
129,3,509.0,332.0,73.0,97.0,-1,-1,-1,-1
129,6,520.0,332.6,81.20000000000005,87.80000000000001,-1,-1,-1,-1
129,1,519.37,393.37,80.4,114.59,-1,-1,-1,-1
129,4,618.48,351.6,59.12,95.83,-1,-1,-1,-1
129,5,616.76,315.55,40.44,66.7,-1,-1,-1,-1
130,2,502.0,297.0,52.0,67.0,-1,-1,-1,-1
130,6,530.0,333.2,81.39999999999998,88.59999999999997,-1,-1,-1,-1
130,1,524.38,390.32,81.51,118.56,-1,-1,-1,-1
130,3,540.8,337.31,56.02,90.54,-1,-1,-1,-1
130,4,627.71,357.38,58.3,93.23,-1,-1,-1,-1
130,5,617.57,314.67,42.03,69.12,-1,-1,-1,-1
131,2,496.0,297.0,50.0,67.0,-1,-1,-1,-1
131,6,540.0,333.8,81.60000000000002,89.40000000000003,-1,-1,-1,-1
131,1,529.72,387.87,80.93,121.07,-1,-1,-1,-1
131,3,549.46,335.47,51.89,84.86,-1,-1,-1,-1
131,4,631.43,361.87,56.77,89.52,-1,-1,-1,-1
131,5,620.57,314.19,41.85,70.05,-1,-1,-1,-1
132,2,491.0,298.0,37.0,67.0,-1,-1,-1,-1
132,6,550.0,334.4,81.79999999999995,90.20000000000005,-1,-1,-1,-1
132,1,533.57,382.86,80.64,124.93,-1,-1,-1,-1
132,3,559.72,335.57,55.56,92.67,-1,-1,-1,-1
132,4,633.42,363.85,56.52,88.15,-1,-1,-1,-1
132,5,621.54,313.85,43.77,74.84,-1,-1,-1,-1
133,2,490.0,299.0,42.0,66.0,-1,-1,-1,-1
133,6,560.0,335.0,82.0,91.0,-1,-1,-1,-1
133,1,534.29,378.35,80.26,128.42,-1,-1,-1,-1
133,3,574.63,336.34,51.68,88.38,-1,-1,-1,-1
133,4,634.01,363.94,57.1,88.27,-1,-1,-1,-1
133,5,625.54,313.15,41.23,70.86,-1,-1,-1,-1
134,2,489.0,300.0,36.0,65.0,-1,-1,-1,-1
134,6,572.2857142857143,333.5714285714286,79.28571428571433,92.0,-1,-1,-1,-1
134,1,535.68,374.18,77.84,129.29,-1,-1,-1,-1
134,3,593.46,332.86,53.14,88.75,-1,-1,-1,-1
134,4,633.06,360.35,59.42,91.64,-1,-1,-1,-1
134,5,629.07,314.96,40.9,69.82,-1,-1,-1,-1
135,2,481.0,296.0,41.0,68.0,-1,-1,-1,-1
135,6,584.5714285714286,332.1428571428571,76.57142857142856,93.0,-1,-1,-1,-1
135,1,537.18,371.3,75.48,129.72,-1,-1,-1,-1
135,3,603.95,330.55,56.01,90.97,-1,-1,-1,-1
135,4,632.07,356.8,61.43,94.96,-1,-1,-1,-1
135,5,633.29,318.47,40.2,67.64,-1,-1,-1,-1
136,2,469.0,297.0,49.0,66.0,-1,-1,-1,-1
136,6,596.8571428571429,330.71428571428567,73.85714285714278,94.0,-1,-1,-1,-1
136,1,539.09,369.83,71.85,126.16,-1,-1,-1,-1
136,3,611.9,323.49,61.92,99.18,-1,-1,-1,-1
136,4,631.93,356.16,61.56,95.06,-1,-1,-1,-1
136,5,636.73,317.67,43.86,71.66,-1,-1,-1,-1
137,2,465.0,297.0,50.0,65.0,-1,-1,-1,-1
137,5,630.0,315.0,54.0,72.0,-1,-1,-1,-1
137,6,609.1428571428571,329.2857142857143,71.14285714285711,95.0,-1,-1,-1,-1
137,1,541.81,369.5,69.38,123.68,-1,-1,-1,-1
137,3,618.04,322.14,64.44,100.54,-1,-1,-1,-1
137,4,632.06,356.08,61.63,95.08,-1,-1,-1,-1
138,5,633.75,315.25,52.25,71.5,-1,-1,-1,-1
138,6,621.4285714285714,327.85714285714283,68.42857142857144,96.00000000000006,-1,-1,-1,-1
138,1,546.1,372.44,66.05,118.55,-1,-1,-1,-1
138,2,463.42,298.48,35.25,63.81,-1,-1,-1,-1
138,3,636.92,325.3,61.21,98.71,-1,-1,-1,-1
138,4,629.17,357.09,62.66,94.19,-1,-1,-1,-1
139,5,637.5,315.5,50.5,71.0,-1,-1,-1,-1
139,6,633.7142857142857,326.42857142857144,65.71428571428578,97.0,-1,-1,-1,-1
139,1,547.1,375.59,63.53,114.62,-1,-1,-1,-1
139,2,461.54,300.76,36.05,63.81,-1,-1,-1,-1
139,3,649.16,326.28,60.39,97.95,-1,-1,-1,-1
139,4,628.23,357.19,63.78,94.14,-1,-1,-1,-1
140,5,641.25,315.75,48.75,70.5,-1,-1,-1,-1
140,6,646.0,325.0,63.0,98.0,-1,-1,-1,-1
140,1,548.41,380.74,60.63,108.64,-1,-1,-1,-1
140,2,454.84,299.5,37.19,67.01,-1,-1,-1,-1
140,3,665.74,326.97,57.85,94.09,-1,-1,-1,-1
140,4,630.54,356.93,64.13,94.42,-1,-1,-1,-1
141,5,645.0,316.0,47.0,70.0,-1,-1,-1,-1
141,6,658.25,324.25,60.25,98.25,-1,-1,-1,-1
141,1,551.1,382.99,58.75,103.39,-1,-1,-1,-1
141,2,448.49,298.44,37.35,68.78,-1,-1,-1,-1
141,3,677.78,327.11,57.53,93.19,-1,-1,-1,-1
141,4,630.1,356.39,64.43,95.11,-1,-1,-1,-1
142,6,670.5,323.5,57.5,98.5,-1,-1,-1,-1
142,1,556.66,382.72,59.92,101.7,-1,-1,-1,-1
142,2,443.48,297.01,38.13,71.78,-1,-1,-1,-1
142,3,688.47,327.47,56.08,92.56,-1,-1,-1,-1
142,4,629.89,355.45,64.53,95.66,-1,-1,-1,-1
142,5,651.5,314.05,43.14,77.8,-1,-1,-1,-1
143,6,682.75,322.75,54.75,98.75,-1,-1,-1,-1
143,1,560.79,381.7,62.7,102.69,-1,-1,-1,-1
143,2,440.89,296.03,38.42,73.77,-1,-1,-1,-1
143,3,693.49,324.93,56.78,95.91,-1,-1,-1,-1
143,4,629.38,354.96,64.77,96.16,-1,-1,-1,-1
143,5,655.55,312.67,42.97,77.71,-1,-1,-1,-1
144,6,695.0,322.0,52.0,99.0,-1,-1,-1,-1
144,1,566.27,380.57,65.28,103.25,-1,-1,-1,-1
144,2,436.31,295.8,38.04,74.23,-1,-1,-1,-1
144,3,702.94,324.44,54.81,96.27,-1,-1,-1,-1
144,4,630.87,354.93,64.37,96.34,-1,-1,-1,-1
144,5,662.7,312.76,43.42,77.11,-1,-1,-1,-1
145,6,702.0,315.0,53.0,97.0,-1,-1,-1,-1
145,1,572.97,380.01,66.36,103.66,-1,-1,-1,-1
145,2,433.09,296.16,37.88,75.23,-1,-1,-1,-1
145,3,708.79,320.13,53.43,96.39,-1,-1,-1,-1
145,4,633.41,355.22,63.17,95.21,-1,-1,-1,-1
145,5,665.56,313.38,44.74,77.54,-1,-1,-1,-1
146,6,711.3333333333334,314.6666666666667,51.66666666666663,97.66666666666669,-1,-1,-1,-1
146,1,586.53,378.3,66.61,105.06,-1,-1,-1,-1
146,2,430.4,297.33,37.09,75.0,-1,-1,-1,-1
146,3,714.73,315.1,54.13,100.58,-1,-1,-1,-1
146,4,634.54,354.89,62.91,94.78,-1,-1,-1,-1
146,5,668.44,315.68,44.95,75.94,-1,-1,-1,-1
147,6,720.6666666666666,314.3333333333333,50.33333333333337,98.33333333333331,-1,-1,-1,-1
147,1,602.97,376.63,66.95,106.95,-1,-1,-1,-1
147,2,429.23,297.94,36.35,74.57,-1,-1,-1,-1
147,3,722.22,312.22,53.9,101.55,-1,-1,-1,-1
147,4,635.86,354.33,63.33,96.1,-1,-1,-1,-1
147,5,669.91,317.58,45.14,74.78,-1,-1,-1,-1
148,6,730.0,314.0,49.0,99.0,-1,-1,-1,-1
148,1,619.23,375.42,66.74,109.16,-1,-1,-1,-1
148,2,426.15,297.74,35.78,74.66,-1,-1,-1,-1
148,3,733.24,310.28,53.83,101.9,-1,-1,-1,-1
148,4,643.59,351.62,63.15,98.66,-1,-1,-1,-1
148,5,668.82,319.46,45.8,74.09,-1,-1,-1,-1
149,1,629.97,374.54,65.34,108.98,-1,-1,-1,-1
149,2,424.12,296.78,35.79,75.55,-1,-1,-1,-1
149,3,739.92,312.24,52.28,98.77,-1,-1,-1,-1
149,4,648.49,349.86,63.76,103.15,-1,-1,-1,-1
149,5,669.94,319.51,45.79,73.27,-1,-1,-1,-1
149,6,731.76,315.8,42.47,92.19,-1,-1,-1,-1
150,1,642.14,374.53,62.93,107.42,-1,-1,-1,-1
150,2,419.93,296.72,35.83,75.86,-1,-1,-1,-1
150,3,748.17,313.52,51.94,97.83,-1,-1,-1,-1
150,4,653.83,348.77,62.18,103.97,-1,-1,-1,-1
150,5,666.02,317.38,48.81,78.44,-1,-1,-1,-1
150,6,740.98,318.24,42.32,91.4,-1,-1,-1,-1
151,1,651.42,375.15,62.79,108.33,-1,-1,-1,-1
151,2,418.22,296.7,36.05,76.54,-1,-1,-1,-1
151,3,756.92,316.27,51.74,98.07,-1,-1,-1,-1
151,4,658.83,347.93,59.67,101.92,-1,-1,-1,-1
151,5,665.6,316.16,50.2,80.31,-1,-1,-1,-1
151,6,745.05,318.59,42.25,91.38,-1,-1,-1,-1
152,1,665.47,376.43,64.2,109.42,-1,-1,-1,-1
152,2,415.08,296.7,36.67,77.95,-1,-1,-1,-1
152,3,768.81,319.56,51.05,98.15,-1,-1,-1,-1
152,4,666.31,348.53,56.29,96.92,-1,-1,-1,-1
152,5,657.63,313.9,51.51,83.99,-1,-1,-1,-1
152,6,746.98,316.15,42.6,92.57,-1,-1,-1,-1
153,1,672.33,377.53,65.21,110.12,-1,-1,-1,-1
153,2,413.09,297.29,36.67,78.17,-1,-1,-1,-1
153,3,776.54,321.71,50.14,97.58,-1,-1,-1,-1
153,4,670.21,348.64,55.06,95.6,-1,-1,-1,-1
153,5,655.22,313.18,50.67,84.23,-1,-1,-1,-1
153,6,747.28,313.44,43.1,94.21,-1,-1,-1,-1
154,1,676.34,379.73,65.68,110.1,-1,-1,-1,-1
154,2,411.26,299.87,35.82,76.16,-1,-1,-1,-1
154,3,783.04,322.23,50.25,97.95,-1,-1,-1,-1
154,4,676.81,349.9,59.08,101.72,-1,-1,-1,-1
154,5,649.51,312.6,51.58,85.19,-1,-1,-1,-1
154,6,749.37,311.09,43.63,96.6,-1,-1,-1,-1
155,1,677.71,379.67,66.1,110.08,-1,-1,-1,-1
155,2,410.16,301.32,35.73,75.65,-1,-1,-1,-1
155,3,789.06,322.87,50.8,98.98,-1,-1,-1,-1
155,4,684.72,350.94,60.51,101.91,-1,-1,-1,-1
155,5,650.52,312.67,50.23,83.78,-1,-1,-1,-1
155,6,750.57,309.62,43.81,98.08,-1,-1,-1,-1
156,1,680.36,380.39,64.35,105.17,-1,-1,-1,-1
156,2,410.24,303.34,35.51,74.25,-1,-1,-1,-1
156,3,798.64,324.14,51.15,99.07,-1,-1,-1,-1
156,4,691.86,351.22,61.56,101.95,-1,-1,-1,-1
156,5,649.6,312.85,48.77,82.92,-1,-1,-1,-1
156,6,755.75,310.55,44.07,98.04,-1,-1,-1,-1
157,1,682.99,381.11,65.09,103.75,-1,-1,-1,-1
157,2,409.86,303.79,35.92,74.31,-1,-1,-1,-1
157,3,803.26,323.27,52.23,101.47,-1,-1,-1,-1
157,4,695.73,351.34,62.29,102.25,-1,-1,-1,-1
157,5,647.71,312.48,48.35,83.48,-1,-1,-1,-1
157,6,758.37,311.23,44.27,97.7,-1,-1,-1,-1
158,1,687.99,382.72,65.27,101.59,-1,-1,-1,-1
158,2,407.83,303.64,36.45,74.62,-1,-1,-1,-1
158,3,813.31,324.41,51.38,100.89,-1,-1,-1,-1
158,4,695.91,347.83,64.22,105.3,-1,-1,-1,-1
158,5,643.81,314.41,46.91,81.91,-1,-1,-1,-1
158,6,762.76,313.44,44.9,97.25,-1,-1,-1,-1
159,1,689.79,382.1,66.72,102.02,-1,-1,-1,-1
159,2,405.91,303.42,37.05,75.03,-1,-1,-1,-1
159,3,820.48,325.14,50.25,100.65,-1,-1,-1,-1
159,4,695.49,346.81,65.68,107.31,-1,-1,-1,-1
159,5,641.72,315.74,45.82,80.41,-1,-1,-1,-1
159,6,764.95,314.88,45.49,97.06,-1,-1,-1,-1
160,1,691.71,383.96,66.73,100.4,-1,-1,-1,-1
160,2,401.36,302.72,37.99,76.36,-1,-1,-1,-1
160,3,828.76,325.69,49.32,101.44,-1,-1,-1,-1
160,4,696.22,346.58,65.93,108.06,-1,-1,-1,-1
160,5,635.89,316.99,45.97,78.95,-1,-1,-1,-1
160,6,766.36,316.32,46.0,96.97,-1,-1,-1,-1
161,1,691.63,384.34,67.23,99.52,-1,-1,-1,-1
161,2,397.87,301.27,39.08,78.04,-1,-1,-1,-1
161,3,835.9,325.3,48.66,101.43,-1,-1,-1,-1
161,4,698.12,347.68,65.44,107.44,-1,-1,-1,-1
161,5,632.09,319.24,46.39,77.21,-1,-1,-1,-1
161,6,767.22,317.45,46.4,96.33,-1,-1,-1,-1
162,1,690.31,380.4,70.17,103.29,-1,-1,-1,-1
162,2,393.18,300.12,39.92,78.96,-1,-1,-1,-1
162,3,845.01,324.54,49.19,102.3,-1,-1,-1,-1
162,4,698.79,351.97,64.5,106.87,-1,-1,-1,-1
162,5,629.27,320.52,47.08,75.97,-1,-1,-1,-1
162,6,768.83,315.34,47.82,98.46,-1,-1,-1,-1
163,1,688.51,377.18,72.51,106.16,-1,-1,-1,-1
163,2,389.63,298.94,40.98,80.77,-1,-1,-1,-1
163,3,849.83,324.25,50.22,104.1,-1,-1,-1,-1
163,4,698.78,355.09,64.42,107.96,-1,-1,-1,-1
163,5,626.07,320.36,49.39,77.04,-1,-1,-1,-1
163,6,769.61,314.55,48.36,98.95,-1,-1,-1,-1
164,1,677.5,374.19,76.69,110.2,-1,-1,-1,-1
164,2,383.7,299.67,38.43,76.76,-1,-1,-1,-1
164,3,858.56,325.75,50.98,105.65,-1,-1,-1,-1
164,4,695.62,362.3,62.26,102.01,-1,-1,-1,-1
164,5,623.14,319.39,51.46,78.35,-1,-1,-1,-1
164,6,770.82,312.46,49.41,101.2,-1,-1,-1,-1
165,1,666.67,373.79,74.4,107.8,-1,-1,-1,-1
165,2,379.35,300.26,39.68,80.86,-1,-1,-1,-1
165,3,864.36,326.47,51.09,106.22,-1,-1,-1,-1
165,4,695.84,365.38,61.24,98.75,-1,-1,-1,-1
165,5,619.23,319.3,52.07,78.55,-1,-1,-1,-1
165,6,771.17,311.53,49.82,102.33,-1,-1,-1,-1
166,1,652.38,374.12,73.08,106.09,-1,-1,-1,-1
166,2,375.94,303.1,40.39,82.33,-1,-1,-1,-1
166,3,872.16,326.73,50.54,107.3,-1,-1,-1,-1
166,4,694.59,365.55,62.18,98.78,-1,-1,-1,-1
166,5,611.87,320.59,51.12,76.85,-1,-1,-1,-1
166,6,772.42,311.33,49.86,102.44,-1,-1,-1,-1
167,1,645.03,373.97,73.54,105.73,-1,-1,-1,-1
167,2,373.13,305.38,40.65,82.88,-1,-1,-1,-1
167,3,878.45,326.97,49.64,107.4,-1,-1,-1,-1
167,4,692.45,364.37,64.0,100.3,-1,-1,-1,-1
167,5,607.85,322.26,48.61,74.11,-1,-1,-1,-1
167,6,772.88,312.01,49.69,101.87,-1,-1,-1,-1
168,1,636.02,372.44,74.99,107.68,-1,-1,-1,-1
168,2,371.0,312.27,39.57,79.24,-1,-1,-1,-1
168,3,888.15,326.16,48.87,107.41,-1,-1,-1,-1
168,4,689.43,360.91,65.45,102.37,-1,-1,-1,-1
168,5,600.06,318.93,48.99,77.05,-1,-1,-1,-1
168,6,773.56,314.65,50.19,101.03,-1,-1,-1,-1
169,1,631.51,371.59,74.96,107.52,-1,-1,-1,-1
169,2,370.18,316.57,38.59,75.99,-1,-1,-1,-1
169,3,894.37,325.25,48.85,108.28,-1,-1,-1,-1
169,4,680.08,359.58,61.08,97.83,-1,-1,-1,-1
169,5,595.15,317.87,49.31,80.17,-1,-1,-1,-1
169,6,773.97,316.84,50.47,99.81,-1,-1,-1,-1
170,1,625.46,369.36,70.15,100.48,-1,-1,-1,-1
170,2,370.26,320.09,37.41,72.66,-1,-1,-1,-1
170,3,901.99,323.57,51.08,112.43,-1,-1,-1,-1
170,4,674.94,359.19,58.69,95.15,-1,-1,-1,-1
170,5,589.39,318.19,48.67,81.66,-1,-1,-1,-1
170,6,773.89,318.41,50.86,98.74,-1,-1,-1,-1
171,1,620.12,367.94,67.91,98.06,-1,-1,-1,-1
171,2,370.43,321.92,36.98,70.83,-1,-1,-1,-1
171,3,907.18,323.96,52.43,114.27,-1,-1,-1,-1
171,4,670.63,359.03,57.29,94.19,-1,-1,-1,-1
171,5,584.81,318.76,47.53,81.94,-1,-1,-1,-1
171,6,773.45,318.39,51.66,98.92,-1,-1,-1,-1
172,1,613.53,365.03,68.18,99.34,-1,-1,-1,-1
172,2,370.84,322.82,37.22,70.19,-1,-1,-1,-1
172,3,914.58,325.28,52.13,114.36,-1,-1,-1,-1
172,4,666.3,358.52,56.37,93.56,-1,-1,-1,-1
172,5,576.49,320.16,46.96,80.55,-1,-1,-1,-1
172,6,772.35,315.99,53.1,101.08,-1,-1,-1,-1
173,1,609.17,362.8,68.22,100.42,-1,-1,-1,-1
173,2,370.96,323.39,37.54,69.68,-1,-1,-1,-1
173,3,919.53,328.3,50.47,111.71,-1,-1,-1,-1
173,4,662.81,357.27,56.33,93.96,-1,-1,-1,-1
173,5,573.24,320.99,46.64,79.41,-1,-1,-1,-1
173,6,772.39,314.63,53.82,102.47,-1,-1,-1,-1
174,1,609.13,359.77,64.15,94.89,-1,-1,-1,-1
174,2,371.3,323.23,38.13,69.82,-1,-1,-1,-1
174,3,926.88,331.68,49.26,109.45,-1,-1,-1,-1
174,4,656.97,354.11,57.78,95.93,-1,-1,-1,-1
174,5,570.05,322.04,48.43,79.88,-1,-1,-1,-1
174,6,772.85,314.55,53.7,102.7,-1,-1,-1,-1
175,1,606.33,357.47,63.15,94.01,-1,-1,-1,-1
175,2,371.38,322.82,38.55,69.89,-1,-1,-1,-1
175,3,932.08,332.49,49.33,110.68,-1,-1,-1,-1
175,4,652.53,351.76,58.84,96.38,-1,-1,-1,-1
175,5,565.68,322.57,48.61,78.86,-1,-1,-1,-1
175,6,772.61,314.53,53.77,103.36,-1,-1,-1,-1
176,1,604.2,356.39,60.42,90.7,-1,-1,-1,-1
176,2,371.21,322.32,38.91,69.94,-1,-1,-1,-1
176,3,939.35,332.92,50.12,113.78,-1,-1,-1,-1
176,4,648.59,350.88,55.64,89.43,-1,-1,-1,-1
176,5,558.13,323.2,47.1,75.48,-1,-1,-1,-1
176,6,772.55,314.52,53.66,103.6,-1,-1,-1,-1
177,1,601.56,355.45,59.2,90.13,-1,-1,-1,-1
177,2,371.03,321.64,39.38,70.28,-1,-1,-1,-1
177,3,944.29,333.35,50.31,115.53,-1,-1,-1,-1
177,4,641.23,350.59,52.35,84.91,-1,-1,-1,-1
177,5,554.27,323.42,46.55,74.21,-1,-1,-1,-1
177,6,772.64,314.96,53.3,103.08,-1,-1,-1,-1
178,1,597.75,353.5,58.67,91.48,-1,-1,-1,-1
178,2,371.32,321.35,40.11,71.31,-1,-1,-1,-1
178,3,948.13,334.67,49.5,115.59,-1,-1,-1,-1
178,4,636.56,349.59,52.44,85.5,-1,-1,-1,-1
178,5,543.22,323.79,46.64,74.37,-1,-1,-1,-1
178,6,771.74,315.28,52.59,102.27,-1,-1,-1,-1
179,1,596.37,351.33,58.06,92.91,-1,-1,-1,-1
179,2,371.06,321.08,40.59,71.71,-1,-1,-1,-1
179,3,951.16,334.71,49.06,116.47,-1,-1,-1,-1
179,4,633.95,348.95,52.16,86.04,-1,-1,-1,-1
179,5,539.13,324.36,45.85,73.84,-1,-1,-1,-1
179,6,771.47,315.85,52.11,101.66,-1,-1,-1,-1
180,1,596.28,348.79,57.25,94.66,-1,-1,-1,-1
180,2,370.71,321.1,41.04,71.87,-1,-1,-1,-1
180,3,955.5,333.96,49.16,118.25,-1,-1,-1,-1
180,4,630.1,346.93,52.12,87.78,-1,-1,-1,-1
180,5,534.52,326.21,45.55,74.27,-1,-1,-1,-1
180,6,770.55,315.76,52.33,102.31,-1,-1,-1,-1
181,1,592.95,346.7,54.89,90.9,-1,-1,-1,-1
181,2,370.52,321.08,41.36,71.93,-1,-1,-1,-1
181,3,961.1,333.21,49.12,119.2,-1,-1,-1,-1
181,4,627.65,345.47,52.01,88.76,-1,-1,-1,-1
181,5,533.11,328.52,44.02,72.94,-1,-1,-1,-1
181,6,767.73,313.8,52.0,103.15,-1,-1,-1,-1
182,1,591.79,342.37,52.88,87.04,-1,-1,-1,-1
182,2,370.38,321.36,41.68,71.96,-1,-1,-1,-1
182,3,967.29,331.73,50.0,121.29,-1,-1,-1,-1
182,4,623.61,340.03,53.72,93.31,-1,-1,-1,-1
182,5,527.38,327.86,44.08,73.06,-1,-1,-1,-1
182,6,764.54,311.57,51.35,103.76,-1,-1,-1,-1
183,1,590.37,340.85,51.98,85.66,-1,-1,-1,-1
183,2,370.36,321.9,41.77,71.67,-1,-1,-1,-1
183,3,971.39,331.59,49.99,120.6,-1,-1,-1,-1
183,4,623.46,338.03,52.99,93.85,-1,-1,-1,-1
183,5,524.74,326.7,44.89,74.32,-1,-1,-1,-1
183,6,763.29,310.74,50.59,103.98,-1,-1,-1,-1
184,1,586.94,337.49,52.25,87.32,-1,-1,-1,-1
184,2,370.3,322.08,41.93,71.57,-1,-1,-1,-1
184,3,976.74,333.16,50.21,120.58,-1,-1,-1,-1
184,4,627.02,340.56,48.73,86.97,-1,-1,-1,-1
184,5,523.85,327.58,44.13,73.02,-1,-1,-1,-1
184,6,759.92,310.43,49.02,103.75,-1,-1,-1,-1
185,1,586.0,335.13,50.7,85.86,-1,-1,-1,-1
185,2,370.48,322.88,41.63,70.64,-1,-1,-1,-1
185,3,980.16,334.93,51.83,124.1,-1,-1,-1,-1
185,4,630.07,337.38,48.47,87.02,-1,-1,-1,-1
185,5,522.57,326.55,43.77,72.83,-1,-1,-1,-1
185,6,758.13,310.78,47.7,103.96,-1,-1,-1,-1
186,1,584.96,333.29,48.76,83.83,-1,-1,-1,-1
186,2,371.22,323.77,41.11,69.39,-1,-1,-1,-1
186,3,983.63,337.64,52.46,125.69,-1,-1,-1,-1
186,4,632.29,333.42,46.79,84.05,-1,-1,-1,-1
186,5,520.54,322.26,44.05,73.67,-1,-1,-1,-1
186,6,757.71,312.11,46.18,103.14,-1,-1,-1,-1
187,1,584.57,333.0,47.69,82.82,-1,-1,-1,-1
187,2,371.79,324.08,40.94,68.93,-1,-1,-1,-1
187,3,985.2,339.1,52.99,126.71,-1,-1,-1,-1
187,4,633.29,332.0,46.05,82.36,-1,-1,-1,-1
187,5,519.14,320.06,44.5,74.88,-1,-1,-1,-1
187,6,757.7,312.78,44.8,102.52,-1,-1,-1,-1
188,1,582.87,332.22,47.59,82.48,-1,-1,-1,-1
188,2,373.63,324.18,40.33,68.17,-1,-1,-1,-1
188,3,987.27,341.55,53.38,126.03,-1,-1,-1,-1
188,4,632.38,332.15,45.44,79.34,-1,-1,-1,-1
188,5,516.59,319.39,43.65,73.28,-1,-1,-1,-1
188,6,757.8,313.04,44.16,102.58,-1,-1,-1,-1
189,1,581.93,332.16,47.17,81.49,-1,-1,-1,-1
189,2,374.16,323.9,40.14,68.2,-1,-1,-1,-1
189,3,987.72,342.46,53.8,126.02,-1,-1,-1,-1
189,4,628.48,331.37,46.97,79.49,-1,-1,-1,-1
189,5,513.93,319.3,43.43,71.76,-1,-1,-1,-1
189,6,757.85,313.28,43.37,102.3,-1,-1,-1,-1
190,1,580.56,331.45,46.84,80.26,-1,-1,-1,-1
190,2,374.05,322.73,40.38,69.12,-1,-1,-1,-1
190,3,994.34,342.48,52.56,126.28,-1,-1,-1,-1
190,4,624.65,329.62,49.45,80.79,-1,-1,-1,-1
190,5,508.92,319.59,44.44,70.6,-1,-1,-1,-1
190,6,757.56,313.23,43.17,103.69,-1,-1,-1,-1
191,1,578.72,332.77,45.95,78.03,-1,-1,-1,-1
191,2,372.15,321.4,41.2,70.67,-1,-1,-1,-1
191,3,999.38,341.71,51.46,127.09,-1,-1,-1,-1
191,4,620.27,328.27,52.22,81.89,-1,-1,-1,-1
191,5,504.91,319.57,46.39,70.49,-1,-1,-1,-1
191,6,757.04,313.36,42.78,104.5,-1,-1,-1,-1
192,1,574.79,328.76,47.46,80.89,-1,-1,-1,-1
192,2,368.76,320.15,42.74,72.43,-1,-1,-1,-1
192,3,1005.52,341.24,50.52,128.11,-1,-1,-1,-1
192,4,619.25,326.17,54.52,83.82,-1,-1,-1,-1
192,5,501.47,318.52,48.86,71.66,-1,-1,-1,-1
192,6,756.63,314.74,41.94,103.92,-1,-1,-1,-1
193,1,572.74,326.9,47.58,81.64,-1,-1,-1,-1
193,2,366.79,320.85,43.5,72.22,-1,-1,-1,-1
193,3,1010.58,340.6,50.28,128.91,-1,-1,-1,-1
193,4,616.6,325.28,55.91,84.27,-1,-1,-1,-1
193,5,498.39,318.14,50.62,72.11,-1,-1,-1,-1
193,6,757.07,315.71,41.1,103.39,-1,-1,-1,-1
194,4,613.0,323.0,55.0,79.0,-1,-1,-1,-1
194,1,573.78,323.57,47.15,83.15,-1,-1,-1,-1
194,2,364.66,321.42,44.5,72.13,-1,-1,-1,-1
194,3,1017.88,341.07,50.92,128.16,-1,-1,-1,-1
194,5,491.31,316.53,50.9,73.18,-1,-1,-1,-1
194,6,757.96,317.26,39.98,102.29,-1,-1,-1,-1
195,1,572.07,321.63,47.2,84.91,-1,-1,-1,-1
195,2,362.9,322.09,44.15,71.2,-1,-1,-1,-1
195,3,1022.9,342.27,52.25,127.1,-1,-1,-1,-1
195,4,609.21,322.22,52.65,76.23,-1,-1,-1,-1
195,5,481.51,315.49,51.28,74.18,-1,-1,-1,-1
195,6,758.26,317.98,39.11,101.58,-1,-1,-1,-1
196,1,570.15,319.63,46.94,86.76,-1,-1,-1,-1
196,2,358.45,322.49,43.6,71.14,-1,-1,-1,-1
196,3,1025.89,343.9,53.76,125.48,-1,-1,-1,-1
196,4,605.35,320.98,53.38,78.56,-1,-1,-1,-1
196,5,473.66,319.54,48.72,71.9,-1,-1,-1,-1
196,6,759.1,318.39,38.56,101.61,-1,-1,-1,-1
197,1,569.77,318.34,46.29,87.76,-1,-1,-1,-1
197,2,356.12,322.63,43.0,71.12,-1,-1,-1,-1
197,3,1027.3,344.94,55.74,124.7,-1,-1,-1,-1
197,4,603.89,321.6,51.4,76.55,-1,-1,-1,-1
197,5,467.64,318.58,49.37,74.62,-1,-1,-1,-1
197,6,759.83,318.37,38.15,101.63,-1,-1,-1,-1
198,1,572.1,318.21,44.75,87.85,-1,-1,-1,-1
198,2,351.6,322.54,42.99,72.3,-1,-1,-1,-1
198,3,1029.07,347.84,59.6,128.13,-1,-1,-1,-1
198,4,603.46,321.01,50.62,77.89,-1,-1,-1,-1
198,5,457.38,321.76,48.87,73.55,-1,-1,-1,-1
198,6,760.71,316.57,38.62,103.73,-1,-1,-1,-1
199,1,573.61,318.67,43.06,87.28,-1,-1,-1,-1
199,2,347.3,322.35,43.87,75.7,-1,-1,-1,-1
199,3,1030.23,349.34,62.15,128.96,-1,-1,-1,-1
199,4,602.93,320.98,49.42,78.39,-1,-1,-1,-1
199,5,452.21,325.39,47.5,70.75,-1,-1,-1,-1
199,6,761.63,315.44,38.8,104.81,-1,-1,-1,-1
200,1,575.14,319.94,40.63,84.97,-1,-1,-1,-1
200,2,342.62,322.42,44.58,79.01,-1,-1,-1,-1
200,3,1034.08,350.77,64.22,130.45,-1,-1,-1,-1
200,4,596.46,318.63,50.4,80.96,-1,-1,-1,-1
200,5,449.89,330.52,44.94,65.76,-1,-1,-1,-1
200,6,762.66,313.67,39.3,106.4,-1,-1,-1,-1
201,1,576.0,320.03,39.26,84.39,-1,-1,-1,-1
201,2,340.04,322.88,44.17,79.99,-1,-1,-1,-1
201,3,1037.67,351.28,65.16,131.29,-1,-1,-1,-1
201,4,597.98,319.98,48.28,79.58,-1,-1,-1,-1
201,5,448.32,328.24,46.79,67.93,-1,-1,-1,-1
201,6,763.38,312.85,39.43,106.7,-1,-1,-1,-1
202,1,574.63,318.61,38.6,84.18,-1,-1,-1,-1
202,2,337.36,325.4,42.87,78.3,-1,-1,-1,-1
202,3,1041.22,350.84,65.57,131.88,-1,-1,-1,-1
202,4,597.04,317.14,48.98,82.31,-1,-1,-1,-1
202,5,448.18,327.14,47.91,68.99,-1,-1,-1,-1
202,6,765.12,313.43,39.49,107.09,-1,-1,-1,-1
203,1,574.31,317.97,38.06,84.11,-1,-1,-1,-1
203,2,335.72,326.67,41.98,77.31,-1,-1,-1,-1
203,3,1045.06,350.2,65.14,132.23,-1,-1,-1,-1
203,4,594.14,312.73,50.92,86.84,-1,-1,-1,-1
203,5,449.14,327.45,47.7,67.92,-1,-1,-1,-1
203,6,766.09,314.55,39.47,107.23,-1,-1,-1,-1
204,1,571.89,315.08,38.94,85.58,-1,-1,-1,-1
204,2,332.5,327.58,42.87,79.58,-1,-1,-1,-1
204,3,1050.43,349.48,63.94,133.07,-1,-1,-1,-1
204,4,592.9,311.22,50.87,87.98,-1,-1,-1,-1
204,5,450.36,325.29,49.48,69.62,-1,-1,-1,-1
204,6,769.69,317.5,40.09,106.67,-1,-1,-1,-1
205,1,570.45,314.33,39.22,86.13,-1,-1,-1,-1
205,2,328.29,328.35,44.37,82.18,-1,-1,-1,-1
205,3,1054.73,349.62,62.21,133.23,-1,-1,-1,-1
205,4,595.14,309.67,50.24,89.86,-1,-1,-1,-1
205,5,451.53,323.89,50.64,70.56,-1,-1,-1,-1
205,6,771.82,320.55,40.54,105.26,-1,-1,-1,-1
206,1,570.22,313.94,39.36,86.64,-1,-1,-1,-1
206,2,327.78,329.79,45.49,86.07,-1,-1,-1,-1
206,3,1059.08,349.81,60.54,133.11,-1,-1,-1,-1
206,4,591.71,309.55,49.39,89.97,-1,-1,-1,-1
206,5,454.14,321.73,52.15,73.28,-1,-1,-1,-1
206,6,774.34,322.43,41.39,104.72,-1,-1,-1,-1
207,1,571.33,313.54,39.49,87.12,-1,-1,-1,-1
207,2,327.98,330.91,44.97,86.68,-1,-1,-1,-1
207,3,1061.87,350.01,59.67,133.79,-1,-1,-1,-1
207,4,593.32,309.42,47.98,90.57,-1,-1,-1,-1
207,5,458.18,320.77,52.13,74.89,-1,-1,-1,-1
207,6,775.98,322.82,42.63,105.11,-1,-1,-1,-1
208,1,570.49,313.57,38.57,86.71,-1,-1,-1,-1
208,2,329.47,332.2,44.49,86.87,-1,-1,-1,-1
208,3,1065.0,350.51,59.63,135.06,-1,-1,-1,-1
208,4,590.98,311.03,47.02,90.18,-1,-1,-1,-1
208,5,464.4,323.34,49.39,73.16,-1,-1,-1,-1
208,6,776.77,324.43,43.26,103.77,-1,-1,-1,-1
209,1,570.51,314.07,37.6,85.95,-1,-1,-1,-1
209,2,331.36,332.53,44.15,86.91,-1,-1,-1,-1
209,3,1066.19,350.54,59.34,135.67,-1,-1,-1,-1
209,4,590.16,312.28,46.03,89.71,-1,-1,-1,-1
209,5,467.63,324.5,46.23,70.38,-1,-1,-1,-1
209,6,777.1,325.3,43.91,102.96,-1,-1,-1,-1
210,1,570.05,314.14,37.05,86.25,-1,-1,-1,-1
210,2,331.53,332.04,45.26,90.12,-1,-1,-1,-1
210,3,1067.1,350.68,59.2,136.62,-1,-1,-1,-1
210,4,590.26,313.83,44.94,88.61,-1,-1,-1,-1
210,5,467.13,324.79,46.71,72.94,-1,-1,-1,-1
210,6,777.5,324.85,44.72,103.26,-1,-1,-1,-1
211,1,569.52,314.19,36.42,85.77,-1,-1,-1,-1
211,2,331.93,331.7,46.23,92.76,-1,-1,-1,-1
211,3,1067.36,350.57,59.07,137.11,-1,-1,-1,-1
211,4,589.96,314.89,44.16,87.58,-1,-1,-1,-1
211,5,468.32,325.93,44.75,71.22,-1,-1,-1,-1
211,6,779.44,323.17,45.51,104.86,-1,-1,-1,-1
212,1,568.55,315.73,35.41,83.8,-1,-1,-1,-1
212,2,332.07,332.71,47.6,96.36,-1,-1,-1,-1
212,3,1066.87,350.96,58.77,137.12,-1,-1,-1,-1
212,4,589.1,316.05,43.69,86.28,-1,-1,-1,-1
212,5,470.31,329.05,42.74,68.74,-1,-1,-1,-1
212,6,782.54,321.48,45.73,106.95,-1,-1,-1,-1
213,1,567.41,315.73,34.84,83.06,-1,-1,-1,-1
213,2,332.2,333.37,49.48,100.61,-1,-1,-1,-1
213,3,1066.72,351.25,58.38,137.25,-1,-1,-1,-1
213,4,588.96,316.8,43.25,85.19,-1,-1,-1,-1
213,5,471.09,330.37,41.94,67.82,-1,-1,-1,-1
213,6,784.04,320.09,45.66,108.33,-1,-1,-1,-1
214,1,566.21,316.95,33.84,79.5,-1,-1,-1,-1
214,2,333.1,336.92,48.56,99.64,-1,-1,-1,-1
214,3,1066.83,351.34,57.7,136.98,-1,-1,-1,-1
214,4,588.73,315.44,43.55,86.27,-1,-1,-1,-1
214,5,470.54,330.68,41.53,67.49,-1,-1,-1,-1
214,6,784.98,319.11,45.38,109.14,-1,-1,-1,-1
215,1,563.21,316.5,33.81,78.17,-1,-1,-1,-1
215,2,331.11,339.04,47.69,98.29,-1,-1,-1,-1
215,3,1067.7,351.81,56.81,136.42,-1,-1,-1,-1
215,4,587.99,315.83,43.26,86.08,-1,-1,-1,-1
215,5,469.07,330.02,43.92,72.18,-1,-1,-1,-1
215,6,785.75,318.89,44.92,109.14,-1,-1,-1,-1
216,1,559.16,313.02,34.33,79.53,-1,-1,-1,-1
216,2,331.62,338.94,46.9,98.3,-1,-1,-1,-1
216,3,1069.26,351.98,56.22,136.48,-1,-1,-1,-1
216,4,587.9,315.83,42.88,86.01,-1,-1,-1,-1
216,5,466.36,329.77,44.46,74.48,-1,-1,-1,-1
216,6,786.17,319.25,44.97,109.71,-1,-1,-1,-1
217,1,556.63,310.71,34.92,80.94,-1,-1,-1,-1
217,2,332.44,337.99,46.86,100.03,-1,-1,-1,-1
217,3,1070.71,352.18,55.35,136.05,-1,-1,-1,-1
217,4,587.8,315.99,42.34,85.68,-1,-1,-1,-1
217,5,464.85,329.66,44.43,75.95,-1,-1,-1,-1
217,6,786.9,320.28,44.95,109.62,-1,-1,-1,-1
218,1,554.73,311.2,34.77,79.11,-1,-1,-1,-1
218,2,333.14,337.02,46.98,102.41,-1,-1,-1,-1
218,3,1072.88,352.69,54.01,134.54,-1,-1,-1,-1
218,4,588.82,317.54,40.7,84.07,-1,-1,-1,-1
218,5,462.84,328.72,44.36,77.39,-1,-1,-1,-1
218,6,788.28,322.45,45.01,109.27,-1,-1,-1,-1
219,1,555.23,316.39,33.04,73.01,-1,-1,-1,-1
219,2,333.85,336.92,47.05,104.74,-1,-1,-1,-1
219,3,1073.82,352.87,53.12,133.96,-1,-1,-1,-1
219,4,589.42,317.98,39.73,83.46,-1,-1,-1,-1
219,5,461.99,329.38,43.35,76.75,-1,-1,-1,-1
219,6,789.25,324.01,45.22,109.13,-1,-1,-1,-1
220,1,551.81,319.16,34.24,71.66,-1,-1,-1,-1
220,2,331.13,339.34,47.56,105.6,-1,-1,-1,-1
220,3,1074.86,352.77,52.49,133.89,-1,-1,-1,-1
220,4,589.87,318.29,38.98,82.94,-1,-1,-1,-1
220,5,460.2,332.13,41.82,74.11,-1,-1,-1,-1
220,6,791.09,325.33,45.25,108.76,-1,-1,-1,-1
221,1,548.61,319.21,36.32,71.83,-1,-1,-1,-1
221,2,328.71,341.73,48.45,106.46,-1,-1,-1,-1
221,3,1076.0,352.73,51.84,133.57,-1,-1,-1,-1
221,4,589.19,316.6,39.26,84.55,-1,-1,-1,-1
221,5,459.11,330.18,45.09,80.56,-1,-1,-1,-1
221,6,792.79,326.85,44.93,107.43,-1,-1,-1,-1
222,1,547.01,325.1,35.66,65.89,-1,-1,-1,-1
222,2,327.84,348.04,49.0,103.23,-1,-1,-1,-1
222,3,1077.33,353.15,50.87,132.11,-1,-1,-1,-1
222,4,588.02,314.94,38.84,85.16,-1,-1,-1,-1
222,5,459.44,332.64,46.56,82.88,-1,-1,-1,-1
222,6,794.21,327.56,44.94,107.21,-1,-1,-1,-1
223,1,542.96,325.75,35.68,62.77,-1,-1,-1,-1
223,2,328.08,353.13,49.61,100.12,-1,-1,-1,-1
223,3,1077.85,352.85,50.34,131.71,-1,-1,-1,-1
223,4,587.1,312.67,39.11,87.17,-1,-1,-1,-1
223,5,458.69,334.92,47.09,83.48,-1,-1,-1,-1
223,6,794.56,327.35,45.22,107.73,-1,-1,-1,-1
224,1,528.09,321.1,36.59,65.49,-1,-1,-1,-1
224,2,328.33,358.44,50.16,95.93,-1,-1,-1,-1
224,3,1078.97,353.62,49.41,130.97,-1,-1,-1,-1
224,4,586.6,311.83,38.37,86.45,-1,-1,-1,-1
224,5,456.06,338.28,46.9,83.09,-1,-1,-1,-1
224,6,795.31,327.1,45.18,107.92,-1,-1,-1,-1
225,1,520.24,319.2,37.02,66.75,-1,-1,-1,-1
225,2,327.75,361.55,51.77,95.25,-1,-1,-1,-1
225,3,1080.03,354.06,48.87,131.15,-1,-1,-1,-1
225,4,585.48,310.78,38.23,86.47,-1,-1,-1,-1
225,5,454.04,341.02,47.13,81.72,-1,-1,-1,-1
225,6,795.82,326.69,45.21,108.29,-1,-1,-1,-1
226,1,511.12,317.28,39.66,70.26,-1,-1,-1,-1
226,2,333.25,363.21,54.46,95.6,-1,-1,-1,-1
226,3,1080.36,353.31,48.74,132.43,-1,-1,-1,-1
226,4,584.52,310.41,38.11,85.57,-1,-1,-1,-1
226,5,449.68,343.36,47.34,82.35,-1,-1,-1,-1
226,6,795.97,326.67,45.22,108.13,-1,-1,-1,-1
227,1,505.97,316.71,41.45,71.88,-1,-1,-1,-1
227,2,340.17,363.9,57.08,96.34,-1,-1,-1,-1
227,3,1080.48,352.29,48.59,133.65,-1,-1,-1,-1
227,4,583.3,310.14,38.07,84.64,-1,-1,-1,-1
227,5,448.64,343.92,47.44,83.16,-1,-1,-1,-1
227,6,796.26,326.65,45.27,108.07,-1,-1,-1,-1
228,1,500.29,316.21,44.03,75.76,-1,-1,-1,-1
228,2,358.9,364.53,58.8,96.76,-1,-1,-1,-1
228,3,1080.36,351.15,48.81,135.45,-1,-1,-1,-1
228,4,580.28,310.36,38.45,83.69,-1,-1,-1,-1
228,5,446.99,341.44,49.35,87.27,-1,-1,-1,-1
228,6,796.68,327.37,45.19,107.45,-1,-1,-1,-1
229,1,496.01,316.76,44.83,76.65,-1,-1,-1,-1
229,2,365.8,365.73,59.37,95.58,-1,-1,-1,-1
229,3,1080.38,350.57,48.71,136.28,-1,-1,-1,-1
229,4,577.83,310.76,38.9,83.03,-1,-1,-1,-1
229,5,446.31,339.46,51.54,92.57,-1,-1,-1,-1
229,6,796.81,327.78,45.15,106.91,-1,-1,-1,-1
230,1,488.56,317.72,43.61,76.39,-1,-1,-1,-1
230,2,377.26,367.0,60.43,94.24,-1,-1,-1,-1
230,3,1080.49,349.91,48.41,136.43,-1,-1,-1,-1
230,4,575.88,311.52,39.43,82.5,-1,-1,-1,-1
230,5,449.48,342.4,49.74,91.17,-1,-1,-1,-1
230,6,797.29,328.97,44.8,105.52,-1,-1,-1,-1
231,1,484.58,318.69,42.2,75.69,-1,-1,-1,-1
231,2,381.89,366.95,62.52,94.49,-1,-1,-1,-1
231,3,1080.69,350.26,47.92,135.89,-1,-1,-1,-1
231,4,570.52,312.12,38.82,81.41,-1,-1,-1,-1
231,5,450.69,337.98,51.47,96.98,-1,-1,-1,-1
231,6,797.33,329.25,44.89,105.0,-1,-1,-1,-1
232,1,479.17,319.95,41.54,74.82,-1,-1,-1,-1
232,2,389.04,365.39,63.43,92.65,-1,-1,-1,-1
232,3,1080.14,350.7,47.75,135.67,-1,-1,-1,-1
232,4,565.84,314.15,37.43,78.91,-1,-1,-1,-1
232,5,452.5,335.18,51.87,100.29,-1,-1,-1,-1
232,6,797.87,330.53,45.01,103.92,-1,-1,-1,-1
233,1,475.39,319.09,42.16,75.97,-1,-1,-1,-1
233,2,394.24,364.58,64.8,91.36,-1,-1,-1,-1
233,3,1079.45,351.31,47.41,134.84,-1,-1,-1,-1
233,4,563.3,315.83,36.83,77.39,-1,-1,-1,-1
233,5,453.54,337.22,50.1,98.66,-1,-1,-1,-1
233,6,798.96,331.0,45.63,103.52,-1,-1,-1,-1
234,1,467.65,317.0,40.59,74.62,-1,-1,-1,-1
234,2,418.92,366.49,63.6,92.1,-1,-1,-1,-1
234,3,1079.15,351.85,47.33,134.22,-1,-1,-1,-1
234,4,560.65,320.82,34.78,71.71,-1,-1,-1,-1
234,5,457.4,338.18,50.6,98.22,-1,-1,-1,-1
234,6,801.27,333.4,46.19,101.29,-1,-1,-1,-1
235,1,462.0,317.0,47.0,74.0,-1,-1,-1,-1
235,2,430.34,359.55,67.57,99.85,-1,-1,-1,-1
235,3,1078.38,352.2,47.42,133.54,-1,-1,-1,-1
235,4,559.76,323.6,34.09,68.4,-1,-1,-1,-1
235,5,462.42,339.57,50.3,97.71,-1,-1,-1,-1
235,6,802.78,333.67,48.06,101.38,-1,-1,-1,-1
236,5,461.0,346.0,59.0,88.0,-1,-1,-1,-1
236,1,455.75,315.47,41.43,77.86,-1,-1,-1,-1
236,2,442.76,358.15,70.2,102.12,-1,-1,-1,-1
236,3,1077.88,352.48,47.84,133.43,-1,-1,-1,-1
236,4,560.87,325.31,34.31,66.36,-1,-1,-1,-1
236,6,804.94,333.6,50.26,101.43,-1,-1,-1,-1
237,5,460.0,348.0,60.0,88.0,-1,-1,-1,-1
237,1,453.04,315.05,42.03,79.17,-1,-1,-1,-1
237,2,448.55,357.73,71.42,101.83,-1,-1,-1,-1
237,3,1076.91,352.73,48.36,133.25,-1,-1,-1,-1
237,4,561.16,325.72,35.38,66.01,-1,-1,-1,-1
237,6,805.85,333.85,52.0,100.87,-1,-1,-1,-1
238,1,447.27,314.45,42.33,80.55,-1,-1,-1,-1
238,2,467.51,357.86,67.02,91.96,-1,-1,-1,-1
238,3,1076.89,353.86,49.06,131.54,-1,-1,-1,-1
238,4,561.63,323.99,38.2,69.0,-1,-1,-1,-1
238,5,476.32,346.3,50.27,94.6,-1,-1,-1,-1
238,6,805.4,332.87,54.11,101.57,-1,-1,-1,-1
239,1,443.25,313.95,42.3,81.64,-1,-1,-1,-1
239,2,491.72,358.84,67.97,95.42,-1,-1,-1,-1
239,3,1076.57,354.73,49.95,130.16,-1,-1,-1,-1
239,4,561.47,322.75,40.52,70.99,-1,-1,-1,-1
239,5,480.68,344.48,51.98,96.8,-1,-1,-1,-1
239,6,805.27,332.63,55.92,101.85,-1,-1,-1,-1
240,1,437.83,312.74,41.92,82.63,-1,-1,-1,-1
240,2,514.35,359.62,67.44,96.01,-1,-1,-1,-1
240,3,1077.34,358.79,49.71,125.61,-1,-1,-1,-1
240,4,562.96,320.62,43.13,73.27,-1,-1,-1,-1
240,5,491.94,342.87,53.29,99.39,-1,-1,-1,-1
240,6,807.2,329.7,57.9,104.64,-1,-1,-1,-1
241,1,434.32,312.29,40.86,82.4,-1,-1,-1,-1
241,2,522.16,359.62,66.23,96.54,-1,-1,-1,-1
241,3,1077.1,362.57,49.46,121.65,-1,-1,-1,-1
241,4,567.81,318.91,44.44,75.03,-1,-1,-1,-1
241,5,495.55,342.09,52.77,100.65,-1,-1,-1,-1
241,6,810.39,327.42,58.93,106.87,-1,-1,-1,-1
242,1,428.71,312.58,39.95,82.28,-1,-1,-1,-1
242,2,532.51,357.69,67.26,98.21,-1,-1,-1,-1
242,3,1076.39,365.9,49.38,118.26,-1,-1,-1,-1
242,4,575.18,315.46,46.27,78.35,-1,-1,-1,-1
242,5,503.11,343.98,50.54,97.88,-1,-1,-1,-1
242,6,815.01,326.11,58.9,108.31,-1,-1,-1,-1
243,5,508.0,344.0,50.0,96.0,-1,-1,-1,-1
243,1,426.64,313.89,38.65,81.03,-1,-1,-1,-1
243,2,543.7,355.33,66.46,96.48,-1,-1,-1,-1
243,3,1075.73,367.07,50.16,117.38,-1,-1,-1,-1
243,4,579.89,312.99,47.22,80.78,-1,-1,-1,-1
243,6,818.48,325.33,58.3,108.55,-1,-1,-1,-1
244,5,508.33333333333337,345.0,60.33333333333337,95.0,-1,-1,-1,-1
244,1,421.12,316.93,38.23,77.86,-1,-1,-1,-1
244,2,559.3,352.19,65.72,94.9,-1,-1,-1,-1
244,3,1072.72,366.84,51.13,117.71,-1,-1,-1,-1
244,4,586.69,311.89,47.45,81.13,-1,-1,-1,-1
244,6,824.14,325.04,58.11,108.63,-1,-1,-1,-1
245,5,508.6666666666666,346.0,70.66666666666674,94.0,-1,-1,-1,-1
245,1,420.79,317.94,37.58,77.24,-1,-1,-1,-1
245,2,574.02,349.24,64.72,95.8,-1,-1,-1,-1
245,3,1068.45,366.86,53.03,118.94,-1,-1,-1,-1
245,4,590.29,311.05,46.09,79.19,-1,-1,-1,-1
245,6,828.86,325.69,58.06,108.05,-1,-1,-1,-1
246,5,509.0,347.0,81.0,93.0,-1,-1,-1,-1
246,1,413.22,323.25,36.38,71.93,-1,-1,-1,-1
246,2,592.82,347.71,63.65,97.03,-1,-1,-1,-1
246,3,1064.73,366.83,54.43,120.64,-1,-1,-1,-1
246,4,594.89,311.5,47.29,82.27,-1,-1,-1,-1
246,6,833.62,328.77,58.45,106.34,-1,-1,-1,-1
247,1,408.85,324.63,36.7,70.22,-1,-1,-1,-1
247,2,600.93,348.65,60.36,95.13,-1,-1,-1,-1
247,3,1059.82,365.59,57.3,123.38,-1,-1,-1,-1
247,4,597.39,311.24,47.79,84.57,-1,-1,-1,-1
247,5,527.44,349.39,55.28,89.33,-1,-1,-1,-1
247,6,834.84,330.99,58.93,104.78,-1,-1,-1,-1
248,1,405.23,324.95,38.52,70.86,-1,-1,-1,-1
248,2,616.75,344.87,62.35,97.08,-1,-1,-1,-1
248,3,1049.23,365.24,58.19,123.4,-1,-1,-1,-1
248,4,601.08,310.87,47.63,84.57,-1,-1,-1,-1
248,5,549.25,349.78,53.51,86.89,-1,-1,-1,-1
248,6,836.45,335.11,57.76,100.6,-1,-1,-1,-1
249,1,402.8,324.58,40.19,71.71,-1,-1,-1,-1
249,2,624.56,342.75,63.84,98.1,-1,-1,-1,-1
249,3,1042.4,364.78,59.45,123.72,-1,-1,-1,-1
249,4,604.26,311.92,46.22,82.48,-1,-1,-1,-1
249,5,562.9,351.11,52.16,85.11,-1,-1,-1,-1
249,6,836.09,337.1,57.78,98.43,-1,-1,-1,-1
250,1,401.46,325.91,39.93,69.96,-1,-1,-1,-1
250,2,641.22,346.72,57.37,88.14,-1,-1,-1,-1
250,3,1035.66,363.55,61.29,124.88,-1,-1,-1,-1
250,4,609.59,312.5,45.54,81.64,-1,-1,-1,-1
250,5,573.21,351.87,51.43,83.27,-1,-1,-1,-1
250,6,834.98,338.56,58.34,97.06,-1,-1,-1,-1
251,1,401.33,325.33,40.4,70.23,-1,-1,-1,-1
251,2,651.78,340.32,58.42,91.94,-1,-1,-1,-1
251,3,1031.97,362.19,63.3,125.62,-1,-1,-1,-1
251,4,610.98,311.09,45.14,82.5,-1,-1,-1,-1
251,5,578.41,350.15,53.2,84.76,-1,-1,-1,-1
251,6,833.65,339.06,59.61,96.88,-1,-1,-1,-1
252,1,401.63,321.94,41.93,72.74,-1,-1,-1,-1
252,2,661.63,340.23,55.77,90.56,-1,-1,-1,-1
252,3,1028.12,360.62,65.63,127.53,-1,-1,-1,-1
252,4,611.93,308.36,44.53,83.41,-1,-1,-1,-1
252,5,587.47,351.3,55.85,85.63,-1,-1,-1,-1
252,6,831.97,336.21,62.32,99.85,-1,-1,-1,-1
253,1,401.64,320.67,42.85,73.68,-1,-1,-1,-1
253,2,669.49,339.66,54.35,90.65,-1,-1,-1,-1
253,3,1025.28,359.89,68.3,131.05,-1,-1,-1,-1
253,4,612.91,307.33,43.48,83.45,-1,-1,-1,-1
253,5,593.8,354.25,55.78,82.09,-1,-1,-1,-1
253,6,831.1,334.69,63.74,100.97,-1,-1,-1,-1
254,1,402.73,320.33,43.06,73.16,-1,-1,-1,-1
254,2,683.01,333.06,55.11,92.19,-1,-1,-1,-1
254,3,1021.8,361.95,69.61,132.37,-1,-1,-1,-1
254,4,614.48,306.82,44.63,86.99,-1,-1,-1,-1
254,5,613.67,351.4,56.48,85.04,-1,-1,-1,-1
254,6,828.44,331.57,65.87,103.78,-1,-1,-1,-1
255,1,403.74,319.9,43.63,73.86,-1,-1,-1,-1
255,2,692.16,330.79,52.37,87.73,-1,-1,-1,-1
255,3,1018.02,364.22,69.33,131.98,-1,-1,-1,-1
255,4,616.04,306.2,45.34,88.9,-1,-1,-1,-1
255,5,626.61,352.74,54.28,84.02,-1,-1,-1,-1
255,6,824.53,328.92,67.13,104.55,-1,-1,-1,-1
256,1,408.93,319.75,42.95,74.12,-1,-1,-1,-1
256,2,699.44,325.31,52.15,89.67,-1,-1,-1,-1
256,3,1010.82,365.83,67.95,131.35,-1,-1,-1,-1
256,4,617.68,305.99,45.74,88.44,-1,-1,-1,-1
256,5,639.2,349.94,55.27,87.25,-1,-1,-1,-1
256,6,819.52,326.87,66.29,102.77,-1,-1,-1,-1
257,1,411.86,319.84,42.09,73.63,-1,-1,-1,-1
257,2,704.23,323.39,50.83,89.78,-1,-1,-1,-1
257,3,1005.0,363.62,69.08,135.69,-1,-1,-1,-1
257,4,618.42,305.64,46.06,88.53,-1,-1,-1,-1
257,5,646.95,348.31,55.46,88.45,-1,-1,-1,-1
257,6,814.94,325.66,65.27,101.18,-1,-1,-1,-1
258,1,416.98,323.15,41.26,70.16,-1,-1,-1,-1
258,2,708.63,314.4,53.23,96.99,-1,-1,-1,-1
258,3,994.5,361.03,68.77,139.35,-1,-1,-1,-1
258,4,619.3,305.53,46.02,88.24,-1,-1,-1,-1
258,5,655.27,344.14,58.82,92.45,-1,-1,-1,-1
258,6,803.34,322.39,64.35,102.98,-1,-1,-1,-1
259,1,418.99,322.9,42.09,70.36,-1,-1,-1,-1
259,2,711.37,308.8,53.98,101.09,-1,-1,-1,-1
259,3,989.73,360.75,65.67,135.33,-1,-1,-1,-1
259,4,620.34,304.91,46.23,88.7,-1,-1,-1,-1
259,5,660.24,342.86,60.61,93.09,-1,-1,-1,-1
259,6,797.97,320.16,63.86,104.83,-1,-1,-1,-1
260,2,711.0,287.0,61.0,113.0,-1,-1,-1,-1
260,5,654.0,346.0,98.0,94.0,-1,-1,-1,-1
260,1,423.98,320.11,44.18,72.24,-1,-1,-1,-1
260,3,981.95,359.16,67.23,140.83,-1,-1,-1,-1
260,4,620.03,304.41,45.81,89.14,-1,-1,-1,-1
260,6,793.7,315.52,64.74,109.06,-1,-1,-1,-1
261,2,716.3333333333334,278.0,59.0,118.0,-1,-1,-1,-1
261,5,668.0,349.0,84.0,94.0,-1,-1,-1,-1
261,1,428.41,320.26,43.78,70.58,-1,-1,-1,-1
261,3,977.11,359.89,66.06,138.04,-1,-1,-1,-1
261,4,619.56,304.53,45.03,89.3,-1,-1,-1,-1
261,6,790.42,312.77,64.43,111.24,-1,-1,-1,-1
262,2,721.6666666666666,269.0,57.0,123.0,-1,-1,-1,-1
262,1,437.7,318.07,43.07,71.74,-1,-1,-1,-1
262,3,968.5,362.27,66.46,139.25,-1,-1,-1,-1
262,4,620.23,305.33,43.51,88.74,-1,-1,-1,-1
262,5,702.5,348.43,65.08,95.78,-1,-1,-1,-1
262,6,786.51,311.17,62.77,110.9,-1,-1,-1,-1
263,2,727.0,260.0,55.0,128.0,-1,-1,-1,-1
263,1,442.82,317.86,41.71,71.59,-1,-1,-1,-1
263,3,962.79,363.17,65.98,139.69,-1,-1,-1,-1
263,4,621.36,305.51,42.27,88.51,-1,-1,-1,-1
263,5,710.72,346.01,64.73,98.69,-1,-1,-1,-1
263,6,783.27,310.47,61.67,111.02,-1,-1,-1,-1
264,2,736.0,277.0,49.0,111.0,-1,-1,-1,-1
264,1,446.79,314.96,41.87,74.21,-1,-1,-1,-1
264,3,954.5,363.06,64.23,140.27,-1,-1,-1,-1
264,4,622.63,305.59,41.2,88.41,-1,-1,-1,-1
264,5,721.01,345.96,62.49,98.32,-1,-1,-1,-1
264,6,778.55,312.03,59.58,108.68,-1,-1,-1,-1
265,2,741.0,283.5,47.5,104.5,-1,-1,-1,-1
265,1,449.64,312.72,41.86,76.36,-1,-1,-1,-1
265,3,946.56,361.69,62.91,142.38,-1,-1,-1,-1
265,4,623.54,305.48,40.47,88.66,-1,-1,-1,-1
265,5,727.7,344.03,61.8,100.2,-1,-1,-1,-1
265,6,775.45,313.0,57.45,106.56,-1,-1,-1,-1
266,2,746.0,290.0,46.0,98.0,-1,-1,-1,-1
266,1,454.57,312.76,42.06,77.18,-1,-1,-1,-1
266,3,938.91,359.54,62.65,143.89,-1,-1,-1,-1
266,4,626.63,306.64,39.96,87.56,-1,-1,-1,-1
266,5,733.92,338.63,63.51,103.82,-1,-1,-1,-1
266,6,769.33,312.36,56.67,105.76,-1,-1,-1,-1
267,2,751.0,299.0,44.0,89.0,-1,-1,-1,-1
267,1,457.21,312.51,42.22,77.78,-1,-1,-1,-1
267,3,931.85,358.28,63.01,145.17,-1,-1,-1,-1
267,4,628.02,307.38,39.84,87.13,-1,-1,-1,-1
267,5,738.72,337.73,62.26,101.11,-1,-1,-1,-1
267,6,763.71,311.41,55.52,106.05,-1,-1,-1,-1
268,2,755.8000000000001,300.8,42.59999999999991,87.40000000000003,-1,-1,-1,-1
268,1,462.08,313.18,40.96,76.52,-1,-1,-1,-1
268,3,923.19,358.7,63.76,143.86,-1,-1,-1,-1
268,4,629.14,308.56,39.69,86.37,-1,-1,-1,-1
268,5,742.64,335.5,70.89,112.73,-1,-1,-1,-1
268,6,760.51,309.15,52.8,103.78,-1,-1,-1,-1
269,2,760.5999999999999,302.6,41.200000000000045,85.79999999999995,-1,-1,-1,-1
269,6,760.0,308.0,48.0,103.0,-1,-1,-1,-1
269,1,466.25,314.5,39.19,74.82,-1,-1,-1,-1
269,3,917.99,358.42,64.76,143.47,-1,-1,-1,-1
269,4,629.41,308.85,39.85,86.38,-1,-1,-1,-1
269,5,743.5,333.41,76.43,119.79,-1,-1,-1,-1
270,2,765.4000000000001,304.4,39.79999999999996,84.20000000000005,-1,-1,-1,-1
270,1,475.01,316.37,37.07,73.28,-1,-1,-1,-1
270,3,912.64,359.66,64.09,140.77,-1,-1,-1,-1
270,4,629.97,309.1,40.08,86.38,-1,-1,-1,-1
270,5,755.66,335.44,75.4,120.59,-1,-1,-1,-1
270,6,756.84,306.13,49.63,101.69,-1,-1,-1,-1
271,2,770.1999999999999,306.2,38.40000000000009,82.60000000000002,-1,-1,-1,-1
271,1,479.97,313.78,37.43,76.29,-1,-1,-1,-1
271,3,904.28,360.15,62.71,138.82,-1,-1,-1,-1
271,4,630.36,308.89,40.33,86.68,-1,-1,-1,-1
271,5,765.51,341.52,71.26,116.76,-1,-1,-1,-1
271,6,754.62,306.64,48.53,101.96,-1,-1,-1,-1
272,2,775.0,308.0,37.0,81.0,-1,-1,-1,-1
272,1,484.92,312.1,38.22,78.28,-1,-1,-1,-1
272,3,896.05,359.14,60.91,138.98,-1,-1,-1,-1
272,4,632.03,308.22,40.28,87.39,-1,-1,-1,-1
272,5,772.37,344.11,68.12,114.84,-1,-1,-1,-1
272,6,752.16,307.51,46.92,101.17,-1,-1,-1,-1
273,1,488.5,311.46,39.01,79.62,-1,-1,-1,-1
273,2,783.18,307.08,29.51,81.45,-1,-1,-1,-1
273,3,893.0,358.91,59.47,140.08,-1,-1,-1,-1
273,4,633.64,307.81,40.01,87.95,-1,-1,-1,-1
273,5,780.32,345.69,65.06,113.47,-1,-1,-1,-1
273,6,751.11,308.33,45.68,100.88,-1,-1,-1,-1
274,1,491.36,310.36,39.58,80.41,-1,-1,-1,-1
274,2,785.15,307.11,29.57,81.11,-1,-1,-1,-1
274,3,888.29,356.9,59.41,142.72,-1,-1,-1,-1
274,4,638.75,307.21,39.72,89.05,-1,-1,-1,-1
274,5,788.83,343.17,65.32,116.75,-1,-1,-1,-1
274,6,748.84,309.12,43.84,99.88,-1,-1,-1,-1
275,1,493.97,310.98,38.84,79.23,-1,-1,-1,-1
275,2,786.48,306.95,29.67,80.64,-1,-1,-1,-1
275,3,885.43,357.04,58.75,141.94,-1,-1,-1,-1
275,4,643.35,306.98,39.49,89.17,-1,-1,-1,-1
275,5,791.09,343.69,63.95,118.39,-1,-1,-1,-1
275,6,747.18,308.54,42.67,100.11,-1,-1,-1,-1
276,1,501.5,311.4,37.04,77.86,-1,-1,-1,-1
276,2,789.65,306.56,30.16,80.5,-1,-1,-1,-1
276,3,878.14,358.89,58.65,139.24,-1,-1,-1,-1
276,4,646.32,306.9,40.42,91.57,-1,-1,-1,-1
276,5,796.0,345.5,63.51,120.88,-1,-1,-1,-1
276,6,744.17,307.3,42.47,101.99,-1,-1,-1,-1
277,1,505.91,311.27,35.9,77.62,-1,-1,-1,-1
277,2,793.73,307.09,30.63,79.82,-1,-1,-1,-1
277,3,875.33,359.6,59.23,138.51,-1,-1,-1,-1
277,4,647.97,306.72,40.77,92.47,-1,-1,-1,-1
277,5,799.96,347.66,61.61,120.92,-1,-1,-1,-1
277,6,743.01,305.81,42.06,103.29,-1,-1,-1,-1
278,1,512.13,312.73,34.39,75.74,-1,-1,-1,-1
278,2,797.06,306.64,31.2,79.6,-1,-1,-1,-1
278,3,871.84,360.91,58.8,136.59,-1,-1,-1,-1
278,4,650.48,307.98,40.52,91.62,-1,-1,-1,-1
278,5,809.09,352.02,59.78,118.52,-1,-1,-1,-1
278,6,740.39,305.71,41.78,102.9,-1,-1,-1,-1
