1,1,252.45,374.17,43.65,109.12,-1,-1,-1,-1
1,2,348.3,315.22,33.75,85.5,-1,-1,-1,-1
1,3,989.1,376.87,48.6,152.77,-1,-1,-1,-1
1,4,319.05,367.2,51.3,102.15,-1,-1,-1,-1
1,5,387.67,322.87,41.85,79.2,-1,-1,-1,-1
1,6,805.05,353.7,45.0,132.75,-1,-1,-1,-1
2,1,251.11,374.37,43.6,108.93,-1,-1,-1,-1
2,2,349.98,315.03,33.9,85.89,-1,-1,-1,-1
2,3,988.34,376.87,48.56,152.77,-1,-1,-1,-1
2,4,318.99,367.79,51.02,101.56,-1,-1,-1,-1
2,5,388.16,322.48,42.05,79.59,-1,-1,-1,-1
2,6,805.37,353.7,45.15,133.14,-1,-1,-1,-1
3,1,250.33,374.93,43.28,107.67,-1,-1,-1,-1
3,2,351.32,315.17,33.94,85.96,-1,-1,-1,-1
3,3,988.2,376.87,48.57,152.77,-1,-1,-1,-1
3,4,318.93,367.71,51.09,101.64,-1,-1,-1,-1
3,5,388.69,322.24,42.23,80.01,-1,-1,-1,-1
3,6,805.4,353.7,45.22,133.21,-1,-1,-1,-1
4,1,246.86,377.69,43.47,106.41,-1,-1,-1,-1
4,2,355.21,315.91,33.12,83.57,-1,-1,-1,-1
4,3,988.26,376.87,48.4,152.43,-1,-1,-1,-1
4,4,319.12,368.02,51.03,101.33,-1,-1,-1,-1
4,5,389.17,321.66,42.68,80.82,-1,-1,-1,-1
4,6,805.38,353.7,45.28,133.22,-1,-1,-1,-1
5,1,244.81,379.55,43.84,104.71,-1,-1,-1,-1
5,2,357.36,315.8,33.62,84.15,-1,-1,-1,-1
5,3,987.62,377.04,48.34,152.49,-1,-1,-1,-1
5,4,319.43,368.28,50.85,100.74,-1,-1,-1,-1
5,5,390.45,321.48,42.85,81.07,-1,-1,-1,-1
5,6,805.03,353.7,45.31,133.22,-1,-1,-1,-1
6,1,241.22,381.9,44.73,103.05,-1,-1,-1,-1
6,2,361.37,315.11,34.76,85.33,-1,-1,-1,-1
6,3,987.52,377.26,48.12,152.03,-1,-1,-1,-1
6,4,319.93,369.17,50.64,100.06,-1,-1,-1,-1
6,5,392.55,322.24,42.41,80.17,-1,-1,-1,-1
6,6,803.96,353.7,45.3,133.54,-1,-1,-1,-1
7,1,238.89,383.26,46.25,102.23,-1,-1,-1,-1
7,2,361.95,315.02,35.35,85.44,-1,-1,-1,-1
7,3,987.52,377.33,48.0,151.87,-1,-1,-1,-1
7,4,320.52,370.1,50.36,99.21,-1,-1,-1,-1
7,5,394.44,322.52,42.4,79.83,-1,-1,-1,-1
7,6,803.37,353.7,45.11,133.65,-1,-1,-1,-1
8,1,235.71,384.61,48.78,103.25,-1,-1,-1,-1
8,2,365.72,315.92,36.56,85.17,-1,-1,-1,-1
8,3,987.57,377.82,47.86,151.67,-1,-1,-1,-1
8,4,322.86,370.57,50.67,99.08,-1,-1,-1,-1
8,5,396.56,323.08,42.2,78.78,-1,-1,-1,-1
8,6,801.33,353.7,44.99,133.68,-1,-1,-1,-1
9,1,233.3,385.18,51.16,103.8,-1,-1,-1,-1
9,2,367.24,317.33,37.42,83.85,-1,-1,-1,-1
9,3,987.63,377.99,47.77,151.6,-1,-1,-1,-1
9,4,324.4,370.56,51.2,99.21,-1,-1,-1,-1
9,5,397.62,323.13,42.37,78.39,-1,-1,-1,-1
9,6,800.65,353.7,44.87,133.69,-1,-1,-1,-1
10,1,229.46,384.56,54.45,105.72,-1,-1,-1,-1
10,2,369.28,317.22,39.43,84.28,-1,-1,-1,-1
10,3,987.7,378.05,47.65,151.89,-1,-1,-1,-1
10,4,325.24,369.78,52.01,100.03,-1,-1,-1,-1
10,5,400.61,324.52,41.99,76.73,-1,-1,-1,-1
10,6,800.13,353.7,44.82,133.69,-1,-1,-1,-1
11,1,225.58,383.08,57.41,107.64,-1,-1,-1,-1
11,2,370.91,318.23,39.7,81.42,-1,-1,-1,-1
11,3,987.23,378.06,47.39,151.7,-1,-1,-1,-1
11,4,325.81,368.72,52.93,101.1,-1,-1,-1,-1
11,5,401.46,324.87,42.54,77.05,-1,-1,-1,-1
11,6,799.95,353.7,44.83,133.69,-1,-1,-1,-1
12,1,219.68,380.4,59.72,110.46,-1,-1,-1,-1
12,2,376.44,320.28,37.96,75.76,-1,-1,-1,-1
12,3,987.8,378.06,47.03,151.63,-1,-1,-1,-1
12,4,326.31,367.12,53.21,100.91,-1,-1,-1,-1
12,5,403.29,324.99,42.61,76.58,-1,-1,-1,-1
12,6,801.06,354.0,44.96,133.08,-1,-1,-1,-1
13,1,215.0,377.44,61.95,113.74,-1,-1,-1,-1
13,2,378.53,321.32,38.77,75.59,-1,-1,-1,-1
13,3,987.51,378.06,46.71,151.61,-1,-1,-1,-1
13,4,326.45,365.91,53.65,100.83,-1,-1,-1,-1
13,5,405.76,325.02,40.74,72.18,-1,-1,-1,-1
13,6,801.97,354.41,45.25,132.55,-1,-1,-1,-1
14,1,205.58,373.51,62.86,117.17,-1,-1,-1,-1
14,2,382.13,322.59,38.35,73.42,-1,-1,-1,-1
14,3,987.52,378.2,46.37,151.46,-1,-1,-1,-1
14,4,326.56,363.52,54.52,102.15,-1,-1,-1,-1
14,5,408.67,325.02,39.61,68.39,-1,-1,-1,-1
14,6,802.96,354.72,45.89,132.2,-1,-1,-1,-1
15,1,200.62,370.69,62.85,118.9,-1,-1,-1,-1
15,2,379.29,322.56,40.12,73.91,-1,-1,-1,-1
15,3,987.61,378.55,46.08,151.4,-1,-1,-1,-1
15,4,326.34,361.6,54.74,102.2,-1,-1,-1,-1
15,5,409.95,325.93,41.36,69.87,-1,-1,-1,-1
15,6,804.25,354.53,46.7,132.08,-1,-1,-1,-1
16,1,195.59,368.88,62.05,119.09,-1,-1,-1,-1
16,2,375.71,322.98,41.74,74.42,-1,-1,-1,-1
16,3,987.8,378.98,45.66,150.79,-1,-1,-1,-1
16,4,327.18,360.45,54.69,101.47,-1,-1,-1,-1
16,5,414.54,328.36,41.33,67.39,-1,-1,-1,-1
16,6,804.47,354.3,47.52,131.88,-1,-1,-1,-1
17,1,192.84,368.66,61.14,118.68,-1,-1,-1,-1
17,2,374.6,327.18,41.18,70.13,-1,-1,-1,-1
17,3,987.29,378.98,45.5,151.01,-1,-1,-1,-1
17,4,327.47,359.89,54.97,101.33,-1,-1,-1,-1
17,5,415.77,329.41,42.1,66.5,-1,-1,-1,-1
17,6,804.03,354.36,48.27,131.67,-1,-1,-1,-1
18,1,187.16,370.82,60.94,118.62,-1,-1,-1,-1
18,2,369.99,325.18,44.21,71.95,-1,-1,-1,-1
18,3,987.08,378.98,45.48,151.1,-1,-1,-1,-1
18,4,327.55,360.61,54.49,99.79,-1,-1,-1,-1
18,5,415.74,329.77,43.79,67.44,-1,-1,-1,-1
18,6,803.06,353.94,48.34,130.25,-1,-1,-1,-1
19,1,182.86,372.86,60.37,118.28,-1,-1,-1,-1
19,2,364.93,324.16,46.43,72.9,-1,-1,-1,-1
19,3,987.0,378.82,45.48,151.29,-1,-1,-1,-1
19,4,327.59,361.36,54.21,98.61,-1,-1,-1,-1
19,5,415.18,329.88,44.94,67.52,-1,-1,-1,-1
19,6,802.01,353.78,48.52,129.72,-1,-1,-1,-1
20,1,177.58,375.42,59.3,116.34,-1,-1,-1,-1
20,2,355.98,324.66,45.78,70.01,-1,-1,-1,-1
20,3,986.4,378.76,45.45,151.36,-1,-1,-1,-1
20,4,328.01,363.46,53.56,96.68,-1,-1,-1,-1
20,5,412.99,328.69,46.61,68.78,-1,-1,-1,-1
20,6,801.02,353.42,48.6,128.94,-1,-1,-1,-1
21,1,174.17,376.71,58.45,114.97,-1,-1,-1,-1
21,2,348.02,324.21,48.25,72.59,-1,-1,-1,-1
21,3,985.65,378.88,45.3,150.94,-1,-1,-1,-1
21,4,328.34,365.92,52.64,94.16,-1,-1,-1,-1
21,5,408.65,326.29,48.67,70.76,-1,-1,-1,-1
21,6,799.89,352.68,48.94,129.25,-1,-1,-1,-1
22,1,172.7,376.74,57.48,113.4,-1,-1,-1,-1
22,2,343.2,323.89,48.67,71.75,-1,-1,-1,-1
22,3,984.19,379.22,45.23,150.79,-1,-1,-1,-1
22,4,328.17,368.81,51.94,91.58,-1,-1,-1,-1
22,5,403.69,324.5,49.83,72.4,-1,-1,-1,-1
22,6,798.6,352.41,49.02,129.09,-1,-1,-1,-1
23,1,171.97,376.29,57.2,113.25,-1,-1,-1,-1
23,2,340.29,323.0,48.75,70.85,-1,-1,-1,-1
23,3,983.0,379.49,45.33,150.58,-1,-1,-1,-1
23,4,327.68,370.01,52.19,90.82,-1,-1,-1,-1
23,5,399.88,323.67,49.93,73.33,-1,-1,-1,-1
23,6,797.29,352.32,48.95,128.74,-1,-1,-1,-1
24,1,170.84,374.33,57.0,113.5,-1,-1,-1,-1
24,2,331.01,323.87,53.0,76.54,-1,-1,-1,-1
24,3,981.86,379.0,45.6,151.11,-1,-1,-1,-1
24,4,325.27,368.62,53.71,92.08,-1,-1,-1,-1
24,5,397.35,325.86,48.86,71.91,-1,-1,-1,-1
24,6,795.55,352.29,49.04,128.62,-1,-1,-1,-1
25,1,174.47,373.14,57.71,112.84,-1,-1,-1,-1
25,2,329.07,326.06,53.48,78.03,-1,-1,-1,-1
25,3,979.71,379.1,45.61,150.71,-1,-1,-1,-1
25,4,323.62,367.19,55.49,93.77,-1,-1,-1,-1
25,5,397.28,327.31,48.46,70.77,-1,-1,-1,-1
25,6,794.56,352.43,49.19,128.43,-1,-1,-1,-1
26,1,176.64,370.76,58.87,113.04,-1,-1,-1,-1
26,2,328.74,328.68,53.07,78.02,-1,-1,-1,-1
26,3,976.86,378.99,46.15,150.41,-1,-1,-1,-1
26,4,320.51,363.97,57.29,96.21,-1,-1,-1,-1
26,5,393.2,331.15,51.66,73.93,-1,-1,-1,-1
26,6,793.5,352.64,49.48,128.22,-1,-1,-1,-1
27,1,177.99,371.07,57.66,109.55,-1,-1,-1,-1
27,2,328.51,330.26,52.43,77.41,-1,-1,-1,-1
27,3,974.4,379.09,46.82,150.16,-1,-1,-1,-1
27,4,318.15,361.43,58.56,98.32,-1,-1,-1,-1
27,5,390.92,332.55,53.56,75.38,-1,-1,-1,-1
27,6,792.87,353.32,49.5,127.26,-1,-1,-1,-1
28,1,181.01,373.17,54.77,103.55,-1,-1,-1,-1
28,2,321.09,330.99,53.73,76.88,-1,-1,-1,-1
28,3,970.65,378.98,48.01,150.81,-1,-1,-1,-1
28,4,312.84,357.82,59.38,99.42,-1,-1,-1,-1
28,5,386.48,334.39,54.42,75.94,-1,-1,-1,-1
28,6,792.42,354.77,49.41,125.71,-1,-1,-1,-1
29,1,183.02,375.2,53.55,100.11,-1,-1,-1,-1
29,2,319.12,331.53,55.09,77.26,-1,-1,-1,-1
29,3,968.26,378.64,49.31,151.65,-1,-1,-1,-1
29,4,310.25,355.72,59.64,99.83,-1,-1,-1,-1
29,5,382.61,336.69,52.95,74.08,-1,-1,-1,-1
29,6,791.63,355.32,49.45,124.85,-1,-1,-1,-1
30,1,185.02,377.3,53.08,97.55,-1,-1,-1,-1
30,2,303.29,330.38,54.28,77.7,-1,-1,-1,-1
30,3,965.23,378.22,50.61,152.27,-1,-1,-1,-1
30,4,306.91,352.44,59.21,101.16,-1,-1,-1,-1
30,5,376.64,338.14,51.92,73.34,-1,-1,-1,-1
30,6,789.69,354.31,49.23,123.95,-1,-1,-1,-1
31,1,187.15,377.75,53.67,96.37,-1,-1,-1,-1
31,2,294.79,329.47,54.16,78.45,-1,-1,-1,-1
31,3,963.23,377.91,51.72,152.64,-1,-1,-1,-1
31,4,306.09,351.23,57.65,99.89,-1,-1,-1,-1
31,5,372.63,338.35,51.32,73.36,-1,-1,-1,-1
31,6,788.04,353.63,48.64,122.43,-1,-1,-1,-1
32,1,189.56,375.62,56.21,97.67,-1,-1,-1,-1
32,2,286.16,328.52,54.58,79.32,-1,-1,-1,-1
32,3,960.99,377.79,52.84,152.78,-1,-1,-1,-1
32,4,306.91,351.11,56.68,99.38,-1,-1,-1,-1
32,5,368.0,336.75,51.55,75.15,-1,-1,-1,-1
32,6,785.78,352.77,48.19,120.39,-1,-1,-1,-1
33,1,191.02,373.78,59.03,99.24,-1,-1,-1,-1
33,2,284.32,328.29,53.95,79.05,-1,-1,-1,-1
33,3,959.9,377.31,53.86,152.98,-1,-1,-1,-1
33,4,306.44,351.11,56.2,99.18,-1,-1,-1,-1
33,5,365.48,335.69,50.99,75.82,-1,-1,-1,-1
33,6,784.97,353.21,48.03,118.6,-1,-1,-1,-1
34,1,198.32,372.05,60.37,98.82,-1,-1,-1,-1
34,2,278.79,328.64,56.06,82.19,-1,-1,-1,-1
34,3,957.62,376.09,54.54,152.9,-1,-1,-1,-1
34,4,308.33,354.57,53.75,95.54,-1,-1,-1,-1
34,5,362.63,334.67,50.32,76.36,-1,-1,-1,-1
34,6,782.07,355.48,48.43,114.66,-1,-1,-1,-1
35,1,205.36,370.95,60.7,97.65,-1,-1,-1,-1
35,2,276.74,329.35,56.44,82.49,-1,-1,-1,-1
35,3,955.5,375.93,53.84,150.78,-1,-1,-1,-1
35,4,311.04,356.69,52.27,93.24,-1,-1,-1,-1
35,5,360.99,334.56,49.59,76.85,-1,-1,-1,-1
35,6,778.73,357.7,49.56,111.87,-1,-1,-1,-1
36,1,222.03,371.16,60.21,97.24,-1,-1,-1,-1
36,2,276.7,331.53,55.77,80.52,-1,-1,-1,-1
36,3,952.71,375.28,52.91,149.38,-1,-1,-1,-1
36,4,313.75,356.43,51.99,92.71,-1,-1,-1,-1
36,5,358.64,335.1,47.93,75.26,-1,-1,-1,-1
36,6,774.48,359.1,51.89,110.9,-1,-1,-1,-1
37,1,231.65,371.1,59.57,97.27,-1,-1,-1,-1
37,2,277.12,332.51,54.74,78.54,-1,-1,-1,-1
37,3,950.8,374.9,52.02,147.81,-1,-1,-1,-1
37,4,316.13,356.34,51.58,91.93,-1,-1,-1,-1
37,5,356.4,335.74,46.34,72.84,-1,-1,-1,-1
37,6,771.6,357.78,54.91,112.12,-1,-1,-1,-1
38,1,240.53,368.85,60.1,97.45,-1,-1,-1,-1
38,2,279.41,332.4,51.92,75.1,-1,-1,-1,-1
38,3,948.3,374.17,51.8,148.73,-1,-1,-1,-1
38,4,323.12,356.17,50.95,90.16,-1,-1,-1,-1
38,5,355.19,337.93,44.29,68.92,-1,-1,-1,-1
38,6,767.41,355.33,57.6,114.56,-1,-1,-1,-1
39,1,246.81,365.93,61.8,99.94,-1,-1,-1,-1
39,2,281.66,331.43,50.53,74.11,-1,-1,-1,-1
39,3,947.02,373.61,51.34,149.39,-1,-1,-1,-1
39,4,328.09,355.66,50.2,88.31,-1,-1,-1,-1
39,5,356.17,339.33,41.55,64.41,-1,-1,-1,-1
39,6,763.77,353.51,59.3,115.8,-1,-1,-1,-1
40,1,260.72,364.56,59.09,93.04,-1,-1,-1,-1
40,2,282.72,328.65,53.06,80.39,-1,-1,-1,-1
40,3,942.08,373.41,50.72,148.15,-1,-1,-1,-1
40,4,333.97,354.42,48.73,86.45,-1,-1,-1,-1
40,5,354.17,340.59,40.28,61.87,-1,-1,-1,-1
40,6,750.54,350.0,59.41,116.44,-1,-1,-1,-1
41,1,274.39,364.55,57.03,90.37,-1,-1,-1,-1
41,2,278.35,326.2,55.95,85.85,-1,-1,-1,-1
41,3,939.04,373.2,50.59,147.84,-1,-1,-1,-1
41,4,338.78,353.82,47.95,85.2,-1,-1,-1,-1
41,5,353.21,341.17,40.22,61.64,-1,-1,-1,-1
41,6,740.61,347.05,60.56,120.42,-1,-1,-1,-1
42,5,352.0,341.0,47.0,63.0,-1,-1,-1,-1
42,1,292.77,365.18,54.75,89.44,-1,-1,-1,-1
42,2,282.57,323.08,55.12,86.25,-1,-1,-1,-1
42,3,931.96,372.39,51.87,148.19,-1,-1,-1,-1
42,4,343.98,345.29,53.67,93.25,-1,-1,-1,-1
42,6,736.56,348.9,58.89,118.97,-1,-1,-1,-1
43,5,354.25,339.75,47.25,64.25,-1,-1,-1,-1
43,1,304.63,364.83,53.94,89.15,-1,-1,-1,-1
43,2,285.6,320.97,54.96,88.12,-1,-1,-1,-1
43,3,929.04,371.8,53.05,148.62,-1,-1,-1,-1
43,4,347.41,344.27,55.45,93.23,-1,-1,-1,-1
43,6,733.52,347.42,59.17,120.94,-1,-1,-1,-1
44,5,356.5,338.5,47.5,65.5,-1,-1,-1,-1
44,1,316.93,361.55,56.73,92.7,-1,-1,-1,-1
44,2,291.57,317.71,53.23,88.22,-1,-1,-1,-1
44,3,925.04,371.0,54.43,148.79,-1,-1,-1,-1
44,4,354.77,344.24,56.0,92.03,-1,-1,-1,-1
44,6,729.8,349.1,58.79,119.75,-1,-1,-1,-1
45,5,358.75,337.25,47.75,66.75,-1,-1,-1,-1
45,1,323.94,359.93,58.26,94.02,-1,-1,-1,-1
45,2,295.44,314.27,52.49,89.99,-1,-1,-1,-1
45,3,920.91,369.53,56.26,149.46,-1,-1,-1,-1
45,4,360.6,345.03,55.26,89.48,-1,-1,-1,-1
45,6,726.91,349.77,58.92,118.69,-1,-1,-1,-1
46,5,361.0,336.0,48.0,68.0,-1,-1,-1,-1
46,1,335.28,359.05,60.04,94.55,-1,-1,-1,-1
46,2,299.37,312.85,50.81,89.46,-1,-1,-1,-1
46,3,917.05,370.17,57.9,148.82,-1,-1,-1,-1
46,4,374.61,345.68,53.6,87.32,-1,-1,-1,-1
46,6,719.08,347.21,61.44,121.72,-1,-1,-1,-1
47,5,363.0,336.0,48.75,68.0,-1,-1,-1,-1
47,1,351.29,365.43,54.7,87.34,-1,-1,-1,-1
47,2,302.37,312.35,48.99,88.33,-1,-1,-1,-1
47,3,914.16,372.67,59.22,146.64,-1,-1,-1,-1
47,4,382.37,345.36,52.96,87.44,-1,-1,-1,-1
47,6,713.72,346.56,62.17,121.67,-1,-1,-1,-1
48,5,365.0,336.0,49.5,68.0,-1,-1,-1,-1
48,1,367.59,363.05,54.46,90.39,-1,-1,-1,-1
48,2,305.55,312.21,48.04,88.46,-1,-1,-1,-1
48,3,908.74,378.27,60.54,141.49,-1,-1,-1,-1
48,4,393.25,343.47,54.0,89.59,-1,-1,-1,-1
48,6,706.07,342.78,58.57,115.42,-1,-1,-1,-1
49,5,367.0,336.0,50.25,68.0,-1,-1,-1,-1
49,1,378.11,362.08,53.72,91.46,-1,-1,-1,-1
49,2,308.21,312.93,46.81,87.6,-1,-1,-1,-1
49,3,905.88,381.29,62.35,138.66,-1,-1,-1,-1
49,4,400.44,342.06,54.01,90.7,-1,-1,-1,-1
49,6,701.54,341.51,57.82,114.52,-1,-1,-1,-1
50,5,369.0,336.0,51.0,68.0,-1,-1,-1,-1
50,1,389.29,358.31,55.47,95.15,-1,-1,-1,-1
50,2,313.71,316.22,45.32,85.47,-1,-1,-1,-1
50,3,902.85,381.77,64.79,137.66,-1,-1,-1,-1
50,4,411.37,339.33,54.2,92.61,-1,-1,-1,-1
50,6,692.75,340.02,58.91,119.6,-1,-1,-1,-1
51,1,398.8,353.83,58.7,99.18,-1,-1,-1,-1
51,2,319.3,318.11,44.86,83.74,-1,-1,-1,-1
51,3,900.63,381.91,67.2,137.33,-1,-1,-1,-1
51,4,417.14,338.18,54.0,92.74,-1,-1,-1,-1
51,5,374.26,337.11,47.05,69.83,-1,-1,-1,-1
51,6,687.83,340.53,55.84,115.9,-1,-1,-1,-1
52,1,413.4,349.96,57.78,94.9,-1,-1,-1,-1
52,2,324.48,319.73,44.41,81.59,-1,-1,-1,-1
52,3,892.47,380.74,69.47,137.55,-1,-1,-1,-1
52,4,428.19,339.56,52.43,91.01,-1,-1,-1,-1
52,5,376.15,337.72,46.37,67.26,-1,-1,-1,-1
52,6,680.89,340.18,53.85,114.44,-1,-1,-1,-1
53,1,421.0,349.0,67.0,101.0,-1,-1,-1,-1
53,2,328.08,320.49,44.37,80.49,-1,-1,-1,-1
53,3,882.28,380.42,71.94,137.22,-1,-1,-1,-1
53,4,435.63,340.29,51.68,91.23,-1,-1,-1,-1
53,5,376.67,337.47,47.31,67.26,-1,-1,-1,-1
53,6,676.76,340.98,52.44,113.91,-1,-1,-1,-1
54,1,442.42,353.46,60.66,103.92,-1,-1,-1,-1
54,2,330.62,321.67,44.18,79.8,-1,-1,-1,-1
54,3,858.22,381.49,73.79,135.93,-1,-1,-1,-1
54,4,443.79,340.74,51.61,92.21,-1,-1,-1,-1
54,5,378.46,337.53,47.97,66.67,-1,-1,-1,-1
54,6,674.03,344.6,49.32,109.83,-1,-1,-1,-1
55,1,451.29,352.6,60.14,107.04,-1,-1,-1,-1
55,2,332.18,323.01,43.29,78.05,-1,-1,-1,-1
55,3,841.2,381.87,75.53,135.48,-1,-1,-1,-1
55,4,451.7,339.89,51.5,93.46,-1,-1,-1,-1
55,5,379.03,336.19,49.85,67.98,-1,-1,-1,-1
55,6,671.53,346.45,47.41,107.11,-1,-1,-1,-1
56,1,467.36,352.0,59.07,105.44,-1,-1,-1,-1
56,2,334.59,324.7,42.13,76.21,-1,-1,-1,-1
56,3,830.03,380.64,78.53,136.99,-1,-1,-1,-1
56,4,458.82,335.75,54.68,98.66,-1,-1,-1,-1
56,5,384.85,335.69,51.15,69.37,-1,-1,-1,-1
56,6,667.34,347.74,47.0,107.36,-1,-1,-1,-1
57,1,476.37,351.22,59.21,104.47,-1,-1,-1,-1
57,2,335.81,325.46,41.46,75.26,-1,-1,-1,-1
57,3,821.74,379.13,81.85,138.62,-1,-1,-1,-1
57,4,463.36,334.65,56.36,100.31,-1,-1,-1,-1
57,5,388.4,335.21,51.81,70.2,-1,-1,-1,-1
57,6,661.28,348.05,47.24,107.18,-1,-1,-1,-1
58,1,495.01,352.87,58.68,101.41,-1,-1,-1,-1
58,2,336.26,326.18,41.05,74.63,-1,-1,-1,-1
58,3,812.3,377.81,84.4,139.1,-1,-1,-1,-1
58,4,473.95,333.38,56.31,97.72,-1,-1,-1,-1
58,5,387.42,335.63,52.72,69.92,-1,-1,-1,-1
58,6,655.52,347.26,48.73,110.16,-1,-1,-1,-1
59,1,507.17,355.18,56.88,98.12,-1,-1,-1,-1
59,2,336.35,326.42,40.89,74.43,-1,-1,-1,-1
59,3,804.01,377.46,85.28,137.96,-1,-1,-1,-1
59,4,489.06,333.67,50.26,87.45,-1,-1,-1,-1
59,5,388.97,336.09,52.92,69.52,-1,-1,-1,-1
59,6,652.69,347.25,49.19,110.98,-1,-1,-1,-1
60,1,518.41,355.61,55.6,97.18,-1,-1,-1,-1
60,2,336.19,325.88,41.1,74.99,-1,-1,-1,-1
60,3,791.78,378.08,84.72,137.69,-1,-1,-1,-1
60,4,501.07,332.93,53.06,92.74,-1,-1,-1,-1
60,5,387.32,335.67,54.04,69.96,-1,-1,-1,-1
60,6,648.95,344.72,50.36,113.98,-1,-1,-1,-1
61,1,526.87,355.78,55.86,97.14,-1,-1,-1,-1
61,2,335.93,325.07,41.46,75.82,-1,-1,-1,-1
61,3,785.29,380.1,82.93,135.81,-1,-1,-1,-1
61,4,509.53,332.23,53.56,93.92,-1,-1,-1,-1
61,5,386.41,335.66,54.92,70.13,-1,-1,-1,-1
61,6,646.37,344.5,50.48,114.53,-1,-1,-1,-1
62,1,538.04,357.49,56.36,93.84,-1,-1,-1,-1
62,2,335.33,323.71,42.21,77.63,-1,-1,-1,-1
62,3,770.87,383.26,80.54,133.91,-1,-1,-1,-1
62,4,518.39,331.85,53.05,92.61,-1,-1,-1,-1
62,5,389.77,335.52,54.86,70.48,-1,-1,-1,-1
62,6,642.72,343.24,50.92,115.03,-1,-1,-1,-1
63,1,547.73,358.3,55.93,91.09,-1,-1,-1,-1
63,2,335.06,322.74,42.51,78.62,-1,-1,-1,-1
63,3,760.94,385.63,79.19,133.23,-1,-1,-1,-1
63,4,525.72,331.75,51.96,90.0,-1,-1,-1,-1
63,5,390.41,335.17,54.83,70.62,-1,-1,-1,-1
63,6,641.16,342.33,51.17,115.8,-1,-1,-1,-1
64,1,558.12,359.8,53.89,88.28,-1,-1,-1,-1
64,2,334.28,320.9,43.3,80.48,-1,-1,-1,-1
64,3,748.44,389.63,76.6,131.05,-1,-1,-1,-1
64,4,537.05,333.55,53.51,94.44,-1,-1,-1,-1
64,5,390.5,334.44,54.7,70.67,-1,-1,-1,-1
64,6,640.92,340.81,51.46,116.98,-1,-1,-1,-1
65,1,567.7,361.26,58.28,94.9,-1,-1,-1,-1
65,2,333.71,319.46,43.81,81.77,-1,-1,-1,-1
65,3,742.24,392.75,74.03,128.91,-1,-1,-1,-1
65,4,546.43,333.92,55.01,98.1,-1,-1,-1,-1
65,5,390.14,334.03,55.04,71.28,-1,-1,-1,-1
65,6,636.27,340.54,52.11,117.12,-1,-1,-1,-1
66,1,577.02,361.78,58.43,97.25,-1,-1,-1,-1
66,2,332.7,317.89,44.35,83.43,-1,-1,-1,-1
66,3,735.31,392.36,72.86,129.05,-1,-1,-1,-1
66,4,554.34,336.56,52.82,96.58,-1,-1,-1,-1
66,5,387.89,331.51,56.95,74.17,-1,-1,-1,-1
66,6,632.38,340.9,52.15,114.2,-1,-1,-1,-1
67,1,582.24,361.22,57.85,98.76,-1,-1,-1,-1
67,2,332.12,317.16,44.32,84.06,-1,-1,-1,-1
67,3,728.86,389.77,73.69,131.83,-1,-1,-1,-1
67,4,562.64,338.95,51.31,94.77,-1,-1,-1,-1
67,5,386.94,329.98,57.82,75.83,-1,-1,-1,-1
67,6,629.63,341.66,53.84,114.56,-1,-1,-1,-1
68,1,589.49,359.52,57.47,101.1,-1,-1,-1,-1
68,2,330.69,315.57,44.35,85.46,-1,-1,-1,-1
68,3,724.33,385.81,72.88,131.41,-1,-1,-1,-1
68,4,569.87,338.36,52.01,94.96,-1,-1,-1,-1
68,5,386.63,329.55,57.98,76.46,-1,-1,-1,-1
68,6,626.73,345.81,52.5,107.86,-1,-1,-1,-1
69,1,584.13,358.42,58.84,102.27,-1,-1,-1,-1
69,2,330.45,314.98,44.01,85.98,-1,-1,-1,-1
69,3,724.18,383.53,67.2,121.27,-1,-1,-1,-1
69,4,574.43,337.84,52.13,94.43,-1,-1,-1,-1
69,5,386.67,329.7,57.66,76.39,-1,-1,-1,-1
69,6,625.59,348.49,52.48,104.38,-1,-1,-1,-1
70,4,580.0,339.0,61.0,88.0,-1,-1,-1,-1
70,1,586.35,350.94,61.79,109.46,-1,-1,-1,-1
70,2,330.4,314.05,44.07,87.04,-1,-1,-1,-1
70,3,722.38,379.87,65.95,119.57,-1,-1,-1,-1
70,5,387.08,330.52,57.0,75.75,-1,-1,-1,-1
70,6,625.49,351.12,52.1,100.41,-1,-1,-1,-1
71,4,585.8571428571429,339.1428571428572,61.71428571428567,86.42857142857139,-1,-1,-1,-1
71,1,591.46,346.4,62.15,113.59,-1,-1,-1,-1
71,2,330.76,313.27,44.21,88.01,-1,-1,-1,-1
71,3,720.78,376.92,66.02,120.37,-1,-1,-1,-1
71,5,387.4,331.14,56.69,75.49,-1,-1,-1,-1
71,6,626.21,352.05,52.57,99.01,-1,-1,-1,-1
72,4,591.7142857142857,339.2857142857143,62.428571428571445,84.85714285714283,-1,-1,-1,-1
72,1,597.69,346.79,59.06,111.72,-1,-1,-1,-1
72,2,332.22,312.85,44.54,88.36,-1,-1,-1,-1
72,3,719.13,370.0,68.01,125.07,-1,-1,-1,-1
72,5,387.02,331.99,56.33,74.78,-1,-1,-1,-1
72,6,624.32,350.69,54.82,100.38,-1,-1,-1,-1
73,4,597.5714285714284,339.4285714285714,63.14285714285722,83.28571428571428,-1,-1,-1,-1
73,1,603.8,345.97,57.41,110.61,-1,-1,-1,-1
73,2,333.22,312.56,44.95,88.47,-1,-1,-1,-1
73,3,717.92,363.04,70.29,130.09,-1,-1,-1,-1
73,5,387.58,332.02,56.26,74.8,-1,-1,-1,-1
73,6,624.81,348.82,56.41,100.91,-1,-1,-1,-1
74,4,603.4285714285714,339.57142857142856,63.857142857142776,81.71428571428572,-1,-1,-1,-1
74,1,608.31,345.4,56.59,109.84,-1,-1,-1,-1
74,2,333.68,312.04,45.53,89.08,-1,-1,-1,-1
74,3,722.53,356.63,68.99,125.56,-1,-1,-1,-1
74,5,389.21,332.33,55.73,74.5,-1,-1,-1,-1
74,6,630.0,347.5,56.77,98.76,-1,-1,-1,-1
75,4,609.2857142857142,339.7142857142857,64.57142857142867,80.14285714285717,-1,-1,-1,-1
75,1,612.7,344.03,56.91,110.1,-1,-1,-1,-1
75,2,333.77,311.86,45.89,89.29,-1,-1,-1,-1
75,3,724.71,355.74,66.57,120.17,-1,-1,-1,-1
75,5,390.73,332.9,54.9,73.79,-1,-1,-1,-1
75,6,637.96,346.39,58.36,98.59,-1,-1,-1,-1
76,4,615.1428571428571,339.85714285714283,65.28571428571422,78.57142857142856,-1,-1,-1,-1
76,1,613.57,345.62,54.6,107.22,-1,-1,-1,-1
76,2,333.77,311.37,46.36,89.94,-1,-1,-1,-1
76,3,733.18,355.69,64.67,117.12,-1,-1,-1,-1
76,5,392.04,333.86,53.96,72.91,-1,-1,-1,-1
76,6,649.92,343.27,61.35,100.67,-1,-1,-1,-1
77,4,621.0,340.0,66.0,77.0,-1,-1,-1,-1
77,1,616.05,346.86,52.97,105.78,-1,-1,-1,-1
77,2,333.53,311.2,46.69,90.17,-1,-1,-1,-1
77,3,738.15,355.46,64.09,115.75,-1,-1,-1,-1
77,5,393.15,334.37,53.22,72.29,-1,-1,-1,-1
77,6,657.46,338.12,65.08,105.62,-1,-1,-1,-1
78,1,619.34,349.75,51.37,104.04,-1,-1,-1,-1
78,2,334.58,311.6,46.56,89.64,-1,-1,-1,-1
78,3,742.0,353.49,64.8,115.74,-1,-1,-1,-1
78,4,635.35,334.74,48.84,89.74,-1,-1,-1,-1
78,5,394.19,332.32,53.45,73.55,-1,-1,-1,-1
78,6,664.71,327.42,70.43,114.51,-1,-1,-1,-1
79,1,621.61,352.64,49.46,101.58,-1,-1,-1,-1
79,2,335.08,311.77,46.59,89.42,-1,-1,-1,-1
79,3,743.87,352.53,65.45,116.08,-1,-1,-1,-1
79,4,643.34,333.61,48.35,85.68,-1,-1,-1,-1
79,5,395.11,330.36,53.92,75.5,-1,-1,-1,-1
79,6,668.6,323.64,71.83,117.33,-1,-1,-1,-1
80,1,625.14,355.39,47.75,99.15,-1,-1,-1,-1
80,2,335.25,312.0,46.61,89.32,-1,-1,-1,-1
80,3,752.01,352.1,61.04,108.01,-1,-1,-1,-1
80,4,648.1,330.04,49.9,87.78,-1,-1,-1,-1
80,5,396.85,328.75,53.9,77.12,-1,-1,-1,-1
80,6,672.25,329.18,65.01,108.56,-1,-1,-1,-1
81,1,627.39,356.24,46.65,97.36,-1,-1,-1,-1
81,2,335.3,311.95,46.62,89.28,-1,-1,-1,-1
81,3,757.02,350.82,59.31,105.91,-1,-1,-1,-1
81,4,650.04,325.81,52.09,91.21,-1,-1,-1,-1
81,5,398.01,327.4,53.76,78.62,-1,-1,-1,-1
81,6,675.87,331.56,61.67,104.95,-1,-1,-1,-1
82,1,632.01,356.68,45.56,92.79,-1,-1,-1,-1
82,2,335.04,311.8,46.85,89.54,-1,-1,-1,-1
82,3,760.59,348.29,58.71,106.15,-1,-1,-1,-1
82,4,653.5,322.76,53.52,93.1,-1,-1,-1,-1
82,5,399.71,327.2,52.88,78.59,-1,-1,-1,-1
82,6,684.96,330.96,59.75,105.14,-1,-1,-1,-1
83,1,635.02,357.43,47.65,94.5,-1,-1,-1,-1
83,2,334.99,312.04,46.8,89.34,-1,-1,-1,-1
83,3,762.62,347.42,58.17,105.68,-1,-1,-1,-1
83,4,657.07,324.44,52.01,90.87,-1,-1,-1,-1
83,5,400.64,325.66,52.81,79.44,-1,-1,-1,-1
83,6,690.52,330.77,57.95,105.22,-1,-1,-1,-1
84,1,635.81,359.64,48.76,93.33,-1,-1,-1,-1
84,2,334.98,312.74,46.76,88.95,-1,-1,-1,-1
84,3,764.09,347.48,58.24,103.46,-1,-1,-1,-1
84,4,663.9,329.51,48.27,84.9,-1,-1,-1,-1
84,5,401.56,326.72,51.88,78.57,-1,-1,-1,-1
84,6,698.64,331.18,55.68,103.76,-1,-1,-1,-1
85,1,635.84,362.1,49.33,91.42,-1,-1,-1,-1
85,2,335.91,316.43,45.14,85.23,-1,-1,-1,-1
85,3,765.26,347.57,58.13,101.48,-1,-1,-1,-1
85,4,667.1,332.24,46.77,81.73,-1,-1,-1,-1
85,5,402.27,327.3,51.34,78.22,-1,-1,-1,-1
85,6,704.6,333.63,52.89,100.51,-1,-1,-1,-1
86,1,634.95,363.43,50.41,90.45,-1,-1,-1,-1
86,2,335.58,319.21,44.37,82.9,-1,-1,-1,-1
86,3,773.47,352.07,54.56,93.83,-1,-1,-1,-1
86,4,668.65,334.45,45.62,79.39,-1,-1,-1,-1
86,5,402.91,328.27,50.92,78.07,-1,-1,-1,-1
86,6,709.24,331.41,52.09,101.73,-1,-1,-1,-1
87,1,633.22,363.58,52.14,90.73,-1,-1,-1,-1
87,2,335.18,319.6,44.6,82.66,-1,-1,-1,-1
87,3,776.42,355.22,52.66,89.22,-1,-1,-1,-1
87,4,669.01,335.4,45.17,78.29,-1,-1,-1,-1
87,5,403.46,328.8,50.37,77.71,-1,-1,-1,-1
87,6,712.06,329.86,51.09,102.18,-1,-1,-1,-1
88,1,630.58,363.15,55.4,93.27,-1,-1,-1,-1
88,2,332.98,317.02,46.41,85.6,-1,-1,-1,-1
88,3,776.39,354.47,53.34,89.27,-1,-1,-1,-1
88,4,669.11,332.23,46.54,80.97,-1,-1,-1,-1
88,5,397.14,331.39,51.27,76.67,-1,-1,-1,-1
88,6,716.05,327.22,50.51,103.56,-1,-1,-1,-1
89,1,628.71,362.81,57.06,93.64,-1,-1,-1,-1
89,2,330.65,314.14,48.03,88.46,-1,-1,-1,-1
89,3,775.74,353.6,54.13,89.66,-1,-1,-1,-1
89,4,668.14,330.49,47.05,82.56,-1,-1,-1,-1
89,5,394.07,332.52,52.63,76.57,-1,-1,-1,-1
89,6,719.21,325.96,49.65,104.38,-1,-1,-1,-1
90,1,615.0,363.55,60.3,97.67,-1,-1,-1,-1
90,2,330.76,312.89,48.73,89.56,-1,-1,-1,-1
90,3,772.76,351.62,56.15,91.4,-1,-1,-1,-1
90,4,666.5,330.27,47.13,84.08,-1,-1,-1,-1
90,5,398.5,333.08,52.4,76.53,-1,-1,-1,-1
90,6,724.82,325.07,49.09,104.11,-1,-1,-1,-1
91,1,603.43,364.25,61.47,98.74,-1,-1,-1,-1
91,2,331.69,312.11,48.7,89.97,-1,-1,-1,-1
91,3,770.52,350.45,57.29,92.1,-1,-1,-1,-1
91,4,665.32,331.24,46.28,83.48,-1,-1,-1,-1
91,5,400.41,333.43,51.85,75.92,-1,-1,-1,-1
91,6,728.79,328.94,47.27,100.13,-1,-1,-1,-1
92,1,589.71,363.46,64.48,100.77,-1,-1,-1,-1
92,2,332.38,312.12,48.34,90.11,-1,-1,-1,-1
92,3,764.62,348.83,58.78,93.61,-1,-1,-1,-1
92,4,663.6,335.2,43.48,78.79,-1,-1,-1,-1
92,5,400.47,333.85,51.75,75.99,-1,-1,-1,-1
92,6,733.17,331.37,46.46,97.41,-1,-1,-1,-1
93,1,582.06,362.4,67.61,103.14,-1,-1,-1,-1
93,2,333.38,312.29,48.21,91.34,-1,-1,-1,-1
93,3,761.4,348.1,59.56,94.22,-1,-1,-1,-1
93,4,662.4,336.56,42.65,77.32,-1,-1,-1,-1
93,5,400.69,334.14,51.59,76.02,-1,-1,-1,-1
93,6,735.3,332.58,46.64,96.13,-1,-1,-1,-1
94,1,574.56,362.42,69.33,103.6,-1,-1,-1,-1
94,2,334.21,313.98,47.56,91.49,-1,-1,-1,-1
94,3,749.47,344.13,60.44,98.35,-1,-1,-1,-1
94,4,661.48,341.88,40.21,71.06,-1,-1,-1,-1
94,5,400.97,334.24,51.4,76.33,-1,-1,-1,-1
94,6,734.51,332.87,47.14,95.69,-1,-1,-1,-1
95,1,560.88,362.56,68.23,104.78,-1,-1,-1,-1
95,2,334.37,316.7,46.42,90.06,-1,-1,-1,-1
95,3,745.44,341.06,60.55,101.95,-1,-1,-1,-1
95,4,657.97,342.44,41.72,71.89,-1,-1,-1,-1
95,5,401.72,334.27,50.9,76.15,-1,-1,-1,-1
95,6,732.9,332.38,47.88,96.15,-1,-1,-1,-1
96,1,546.33,365.1,66.73,104.18,-1,-1,-1,-1
96,2,334.55,318.04,45.74,89.2,-1,-1,-1,-1
96,3,741.18,340.93,58.55,101.59,-1,-1,-1,-1
96,4,652.27,342.61,45.76,76.73,-1,-1,-1,-1
96,5,402.1,333.22,51.11,76.67,-1,-1,-1,-1
96,6,729.34,328.6,49.68,99.64,-1,-1,-1,-1
97,1,542.82,366.95,64.12,103.33,-1,-1,-1,-1
97,2,335.07,318.54,45.18,88.57,-1,-1,-1,-1
97,3,737.56,341.83,57.13,101.14,-1,-1,-1,-1
97,4,648.57,343.25,48.14,78.22,-1,-1,-1,-1
97,5,402.98,333.12,50.86,76.57,-1,-1,-1,-1
97,6,725.97,326.61,50.18,101.25,-1,-1,-1,-1
98,1,532.92,369.71,64.65,106.25,-1,-1,-1,-1
98,2,335.79,318.11,45.11,88.92,-1,-1,-1,-1
98,3,735.39,344.73,55.37,99.18,-1,-1,-1,-1
98,4,638.88,342.42,49.61,80.29,-1,-1,-1,-1
98,5,404.88,332.18,51.48,77.72,-1,-1,-1,-1
98,6,721.6,326.16,49.88,100.69,-1,-1,-1,-1
99,1,527.42,371.46,65.78,109.82,-1,-1,-1,-1
99,2,336.5,317.79,45.07,89.06,-1,-1,-1,-1
99,3,734.66,346.76,54.13,98.14,-1,-1,-1,-1
99,4,632.47,344.29,48.61,78.73,-1,-1,-1,-1
99,5,406.53,331.53,51.87,78.45,-1,-1,-1,-1
99,6,717.97,327.06,49.38,98.98,-1,-1,-1,-1
100,1,520.46,373.41,64.6,110.15,-1,-1,-1,-1
100,2,338.34,317.51,45.47,89.11,-1,-1,-1,-1
100,3,735.28,349.48,52.66,95.96,-1,-1,-1,-1
100,4,624.07,349.15,45.85,74.83,-1,-1,-1,-1
100,5,408.91,330.4,52.32,79.02,-1,-1,-1,-1
100,6,712.53,329.07,50.08,96.54,-1,-1,-1,-1
101,1,514.39,373.69,63.7,110.68,-1,-1,-1,-1
101,2,339.76,317.39,45.95,89.12,-1,-1,-1,-1
101,3,734.28,347.21,53.58,98.76,-1,-1,-1,-1
101,4,617.94,345.33,49.13,78.83,-1,-1,-1,-1
101,5,410.16,329.38,53.08,80.41,-1,-1,-1,-1
101,6,708.51,332.09,50.68,93.53,-1,-1,-1,-1
102,1,505.11,372.58,62.98,111.73,-1,-1,-1,-1
102,2,340.75,317.05,46.68,89.72,-1,-1,-1,-1
102,3,733.38,349.03,53.3,98.61,-1,-1,-1,-1
102,4,609.65,343.09,51.41,81.13,-1,-1,-1,-1
102,5,413.8,327.97,52.55,80.92,-1,-1,-1,-1
102,6,705.71,333.37,51.13,91.83,-1,-1,-1,-1
103,1,500.63,372.13,61.47,112.1,-1,-1,-1,-1
103,2,341.24,316.91,46.96,89.65,-1,-1,-1,-1
103,3,735.2,351.38,53.79,97.66,-1,-1,-1,-1
103,4,599.49,341.32,58.23,91.4,-1,-1,-1,-1
103,5,416.07,326.71,52.14,81.99,-1,-1,-1,-1
103,6,703.57,333.83,51.76,90.63,-1,-1,-1,-1
104,1,497.17,372.51,59.54,112.21,-1,-1,-1,-1
104,2,343.26,316.86,46.63,89.32,-1,-1,-1,-1
104,3,738.82,351.82,54.83,98.2,-1,-1,-1,-1
104,4,587.89,342.92,61.71,99.2,-1,-1,-1,-1
104,5,420.51,327.27,50.36,81.21,-1,-1,-1,-1
104,6,700.05,335.5,50.89,88.11,-1,-1,-1,-1
105,1,493.65,373.08,57.76,112.07,-1,-1,-1,-1
105,2,345.54,317.13,45.5,88.0,-1,-1,-1,-1
105,3,740.03,352.42,55.58,98.7,-1,-1,-1,-1
105,4,579.56,345.96,60.45,101.48,-1,-1,-1,-1
105,5,423.12,327.8,48.91,80.89,-1,-1,-1,-1
105,6,698.63,337.17,50.88,87.21,-1,-1,-1,-1
106,1,486.49,375.64,56.17,110.22,-1,-1,-1,-1
106,2,351.32,320.08,41.74,82.71,-1,-1,-1,-1
106,3,744.41,353.97,54.61,97.71,-1,-1,-1,-1
106,4,574.6,347.77,58.27,102.04,-1,-1,-1,-1
106,5,427.62,328.16,47.17,79.57,-1,-1,-1,-1
106,6,694.55,337.9,53.27,91.77,-1,-1,-1,-1
107,1,484.89,377.18,54.4,109.18,-1,-1,-1,-1
107,2,354.33,320.58,40.42,81.94,-1,-1,-1,-1
107,3,747.34,353.94,54.14,97.93,-1,-1,-1,-1
107,4,569.55,348.17,56.43,102.19,-1,-1,-1,-1
107,5,431.12,328.46,46.36,79.06,-1,-1,-1,-1
107,6,693.59,337.87,54.32,94.61,-1,-1,-1,-1
108,1,482.37,376.24,53.25,109.38,-1,-1,-1,-1
108,2,361.35,315.46,40.97,85.91,-1,-1,-1,-1
108,3,751.13,354.52,55.12,102.48,-1,-1,-1,-1
108,4,558.93,350.06,55.35,101.02,-1,-1,-1,-1
108,5,435.06,328.73,45.88,77.97,-1,-1,-1,-1
108,6,694.28,335.47,57.43,100.13,-1,-1,-1,-1
109,1,481.59,375.71,51.71,108.99,-1,-1,-1,-1
109,2,366.08,316.83,39.41,84.42,-1,-1,-1,-1
109,3,753.61,353.84,55.67,106.8,-1,-1,-1,-1
109,4,556.15,352.38,53.8,100.5,-1,-1,-1,-1
109,5,437.19,328.84,45.73,77.56,-1,-1,-1,-1
109,6,694.57,334.41,58.63,102.52,-1,-1,-1,-1
110,1,481.15,374.29,47.67,102.59,-1,-1,-1,-1
110,2,371.05,316.34,39.21,84.45,-1,-1,-1,-1
110,3,758.68,351.97,53.42,104.97,-1,-1,-1,-1
110,4,549.06,356.33,52.74,99.95,-1,-1,-1,-1
110,5,440.45,328.73,45.22,76.51,-1,-1,-1,-1
110,6,695.28,333.54,58.58,103.43,-1,-1,-1,-1
111,1,478.87,373.41,46.06,100.74,-1,-1,-1,-1
111,2,373.57,314.96,39.72,85.96,-1,-1,-1,-1
111,3,759.3,349.44,57.58,117.08,-1,-1,-1,-1
111,4,545.68,360.31,51.11,97.93,-1,-1,-1,-1
111,5,443.51,330.05,44.78,75.53,-1,-1,-1,-1
111,6,696.66,333.05,58.18,104.34,-1,-1,-1,-1
112,1,474.46,371.57,45.69,100.09,-1,-1,-1,-1
112,2,375.1,314.01,39.16,85.34,-1,-1,-1,-1
112,3,765.74,351.91,56.87,118.95,-1,-1,-1,-1
112,4,544.1,362.97,49.16,95.63,-1,-1,-1,-1
112,5,451.08,332.19,42.38,72.16,-1,-1,-1,-1
112,6,697.25,332.86,58.54,106.42,-1,-1,-1,-1
113,5,452.0,328.0,52.0,77.0,-1,-1,-1,-1
113,1,470.48,369.23,46.39,101.24,-1,-1,-1,-1
113,2,375.52,313.8,38.74,84.81,-1,-1,-1,-1
113,3,770.41,354.1,55.28,118.18,-1,-1,-1,-1
113,4,542.56,363.46,48.38,95.32,-1,-1,-1,-1
113,6,697.72,332.94,58.79,108.36,-1,-1,-1,-1
114,5,458.0,324.0,48.0,81.0,-1,-1,-1,-1
114,1,467.09,366.58,47.2,102.58,-1,-1,-1,-1
114,2,377.38,312.84,38.58,85.51,-1,-1,-1,-1
114,3,774.95,354.37,54.93,118.39,-1,-1,-1,-1
114,4,541.02,361.51,48.58,97.28,-1,-1,-1,-1
114,6,698.14,334.72,59.02,109.95,-1,-1,-1,-1
115,1,466.91,364.7,46.22,98.64,-1,-1,-1,-1
115,2,379.26,313.54,37.48,84.89,-1,-1,-1,-1
115,3,779.21,354.32,55.5,119.73,-1,-1,-1,-1
115,4,539.68,359.41,48.69,98.89,-1,-1,-1,-1
115,5,464.95,333.96,41.89,73.84,-1,-1,-1,-1
115,6,698.94,337.45,57.86,108.77,-1,-1,-1,-1
116,1,468.66,363.87,46.33,96.23,-1,-1,-1,-1
116,2,382.31,316.5,36.1,82.87,-1,-1,-1,-1
116,3,787.05,352.83,58.92,126.93,-1,-1,-1,-1
116,4,534.75,354.45,52.57,103.9,-1,-1,-1,-1
116,5,469.8,333.27,39.97,70.35,-1,-1,-1,-1
116,6,699.19,339.1,56.36,107.38,-1,-1,-1,-1
117,1,469.31,362.98,47.24,95.68,-1,-1,-1,-1
117,2,385.02,318.83,34.96,80.91,-1,-1,-1,-1
117,3,792.21,352.26,60.93,131.35,-1,-1,-1,-1
117,4,537.56,351.97,53.59,106.07,-1,-1,-1,-1
117,5,472.38,332.25,40.39,70.97,-1,-1,-1,-1
117,6,699.43,339.41,55.51,107.12,-1,-1,-1,-1
118,1,468.82,358.92,50.45,100.64,-1,-1,-1,-1
118,2,387.91,319.24,34.53,80.19,-1,-1,-1,-1
118,3,799.24,354.91,61.91,132.75,-1,-1,-1,-1
118,4,541.09,350.7,49.46,99.59,-1,-1,-1,-1
118,5,483.16,330.22,41.7,73.31,-1,-1,-1,-1
118,6,698.79,336.84,55.5,109.66,-1,-1,-1,-1
119,1,466.85,356.28,51.78,102.75,-1,-1,-1,-1
119,2,389.51,318.33,34.64,80.85,-1,-1,-1,-1
119,3,805.18,357.27,61.5,132.2,-1,-1,-1,-1
119,4,545.41,350.81,47.22,95.73,-1,-1,-1,-1
119,5,489.31,330.66,40.62,71.52,-1,-1,-1,-1
119,6,699.65,334.69,55.05,111.48,-1,-1,-1,-1
120,1,468.6,354.72,50.39,97.97,-1,-1,-1,-1
120,2,392.75,316.78,33.11,77.53,-1,-1,-1,-1
120,3,809.88,360.95,60.35,130.58,-1,-1,-1,-1
120,4,545.11,350.71,45.54,93.7,-1,-1,-1,-1
120,5,494.01,326.62,41.72,74.15,-1,-1,-1,-1
120,6,701.83,333.56,53.55,111.57,-1,-1,-1,-1
121,1,473.61,351.77,47.48,90.97,-1,-1,-1,-1
121,2,395.02,316.18,31.45,74.16,-1,-1,-1,-1
121,3,811.55,361.03,61.66,134.45,-1,-1,-1,-1
121,4,544.67,350.38,44.53,92.65,-1,-1,-1,-1
121,5,497.11,322.79,42.69,75.7,-1,-1,-1,-1
121,6,703.03,333.28,52.27,111.86,-1,-1,-1,-1
122,1,478.17,349.37,47.36,88.4,-1,-1,-1,-1
122,2,397.47,314.59,30.16,71.74,-1,-1,-1,-1
122,3,818.0,365.7,60.79,132.67,-1,-1,-1,-1
122,4,542.43,347.41,45.45,94.98,-1,-1,-1,-1
122,5,499.56,321.34,43.15,76.89,-1,-1,-1,-1
122,6,704.22,333.03,50.9,111.65,-1,-1,-1,-1
123,1,482.95,346.59,48.37,89.67,-1,-1,-1,-1
123,2,398.85,313.56,30.36,73.06,-1,-1,-1,-1
123,3,822.38,368.38,60.53,131.59,-1,-1,-1,-1
123,4,545.54,344.55,45.73,97.63,-1,-1,-1,-1
123,5,503.2,321.41,42.89,76.15,-1,-1,-1,-1
123,6,705.0,332.94,49.71,111.54,-1,-1,-1,-1
124,1,487.73,342.03,50.44,92.87,-1,-1,-1,-1
124,2,400.53,311.85,31.28,75.96,-1,-1,-1,-1
124,3,827.25,371.58,61.99,133.34,-1,-1,-1,-1
124,4,547.95,342.59,42.92,91.86,-1,-1,-1,-1
124,5,508.93,322.67,43.84,76.45,-1,-1,-1,-1
124,6,705.6,333.36,48.65,111.47,-1,-1,-1,-1
125,5,512.0,326.0,67.0,69.0,-1,-1,-1,-1
125,1,498.18,339.35,46.87,87.85,-1,-1,-1,-1
125,2,402.08,312.41,30.53,73.8,-1,-1,-1,-1
125,3,828.54,373.33,63.38,136.32,-1,-1,-1,-1
125,4,549.46,341.12,41.45,88.35,-1,-1,-1,-1
125,6,706.33,332.93,47.83,112.02,-1,-1,-1,-1
126,5,515.0,327.0,70.0,71.0,-1,-1,-1,-1
126,1,508.98,337.08,45.32,87.15,-1,-1,-1,-1
126,2,404.56,307.67,31.69,74.8,-1,-1,-1,-1
126,3,831.96,375.13,64.23,138.88,-1,-1,-1,-1
126,4,552.52,340.93,40.24,84.97,-1,-1,-1,-1
126,6,707.34,330.26,47.22,113.39,-1,-1,-1,-1
127,5,518.0,328.0,73.0,73.0,-1,-1,-1,-1
127,1,514.3,335.43,44.76,87.54,-1,-1,-1,-1
127,2,406.03,306.26,32.07,73.69,-1,-1,-1,-1
127,3,833.51,375.62,64.4,139.97,-1,-1,-1,-1
127,4,555.85,340.6,39.72,83.46,-1,-1,-1,-1
127,6,708.0,328.96,46.43,113.9,-1,-1,-1,-1
128,5,521.0,326.33333333333337,70.0,73.33333333333331,-1,-1,-1,-1
128,1,521.93,331.6,47.41,90.71,-1,-1,-1,-1
128,2,412.57,305.91,30.86,71.19,-1,-1,-1,-1
128,3,835.86,376.63,63.58,139.45,-1,-1,-1,-1
128,4,559.09,337.78,41.57,85.39,-1,-1,-1,-1
128,6,708.65,324.94,45.9,114.95,-1,-1,-1,-1
129,5,524.0,324.66666666666663,67.0,73.66666666666669,-1,-1,-1,-1
129,1,524.25,330.68,48.64,91.31,-1,-1,-1,-1
129,2,416.15,304.92,30.69,71.19,-1,-1,-1,-1
129,3,839.33,376.82,62.56,139.33,-1,-1,-1,-1
129,4,562.34,335.43,42.86,86.12,-1,-1,-1,-1
129,6,709.65,322.84,45.37,115.63,-1,-1,-1,-1
130,5,527.0,323.0,64.0,74.0,-1,-1,-1,-1
130,1,529.05,330.58,48.66,89.48,-1,-1,-1,-1
130,2,420.91,303.84,30.46,71.21,-1,-1,-1,-1
130,3,844.44,375.66,62.02,140.43,-1,-1,-1,-1
130,4,567.71,332.05,42.17,83.43,-1,-1,-1,-1
130,6,710.68,321.18,44.44,114.98,-1,-1,-1,-1
131,5,517.0,318.0,66.0,80.0,-1,-1,-1,-1
131,1,535.83,330.79,48.03,86.09,-1,-1,-1,-1
131,2,423.33,303.02,30.68,72.15,-1,-1,-1,-1
131,3,848.15,374.44,61.56,141.83,-1,-1,-1,-1
131,4,572.72,331.75,40.12,78.5,-1,-1,-1,-1
131,6,711.35,320.45,44.1,115.59,-1,-1,-1,-1
132,1,547.89,330.65,43.8,76.57,-1,-1,-1,-1
132,2,428.88,302.75,30.49,70.72,-1,-1,-1,-1
132,3,853.35,373.5,61.21,142.77,-1,-1,-1,-1
132,4,578.11,325.86,40.74,81.04,-1,-1,-1,-1
132,5,524.79,319.29,46.67,80.0,-1,-1,-1,-1
132,6,711.82,321.83,42.92,114.33,-1,-1,-1,-1
133,1,551.12,330.45,42.92,77.78,-1,-1,-1,-1
133,2,431.5,303.74,30.05,68.7,-1,-1,-1,-1
133,3,858.22,372.82,60.94,143.38,-1,-1,-1,-1
133,4,580.73,322.18,41.83,84.62,-1,-1,-1,-1
133,5,524.36,319.32,43.98,76.24,-1,-1,-1,-1
133,6,712.13,322.55,42.19,113.82,-1,-1,-1,-1
134,1,555.81,329.67,42.24,79.05,-1,-1,-1,-1
134,2,436.27,303.39,29.73,68.27,-1,-1,-1,-1
134,3,865.81,372.83,61.49,143.57,-1,-1,-1,-1
134,4,584.61,315.56,44.55,92.47,-1,-1,-1,-1
134,5,522.6,316.96,44.82,77.14,-1,-1,-1,-1
134,6,713.26,322.55,41.64,114.22,-1,-1,-1,-1
135,1,558.23,329.23,42.27,80.93,-1,-1,-1,-1
135,2,440.01,302.08,29.76,68.74,-1,-1,-1,-1
135,3,870.63,372.82,61.96,143.6,-1,-1,-1,-1
135,4,587.52,312.38,44.92,94.86,-1,-1,-1,-1
135,5,521.41,315.89,44.38,77.49,-1,-1,-1,-1
135,6,714.17,322.58,41.06,114.06,-1,-1,-1,-1
136,1,562.8,327.49,42.25,83.34,-1,-1,-1,-1
136,2,444.4,301.61,29.68,68.04,-1,-1,-1,-1
136,3,875.28,373.69,63.0,143.28,-1,-1,-1,-1
136,4,591.37,310.35,44.09,93.18,-1,-1,-1,-1
136,5,516.42,315.14,45.36,80.08,-1,-1,-1,-1
136,6,714.25,321.72,40.74,114.59,-1,-1,-1,-1
137,1,566.64,327.1,41.34,83.65,-1,-1,-1,-1
137,2,448.22,301.32,29.98,67.5,-1,-1,-1,-1
137,3,877.2,375.04,63.64,142.09,-1,-1,-1,-1
137,4,596.24,309.39,43.29,91.59,-1,-1,-1,-1
137,5,514.93,315.97,44.98,79.58,-1,-1,-1,-1
137,6,714.56,320.52,40.62,115.67,-1,-1,-1,-1
138,1,566.79,326.68,41.63,83.99,-1,-1,-1,-1
138,2,453.46,303.34,29.54,63.71,-1,-1,-1,-1
138,3,878.21,376.58,64.44,141.16,-1,-1,-1,-1
138,4,603.5,309.43,43.22,89.48,-1,-1,-1,-1
138,5,512.93,318.04,44.68,77.92,-1,-1,-1,-1
138,6,715.57,319.05,39.95,115.18,-1,-1,-1,-1
139,1,564.14,329.15,41.63,80.87,-1,-1,-1,-1
139,2,455.11,304.75,30.1,62.32,-1,-1,-1,-1
139,3,878.09,376.99,65.43,140.94,-1,-1,-1,-1
139,4,607.74,310.44,43.53,88.97,-1,-1,-1,-1
139,5,510.27,320.1,44.75,76.12,-1,-1,-1,-1
139,6,716.33,318.22,39.52,114.98,-1,-1,-1,-1
140,1,563.63,325.25,44.35,83.72,-1,-1,-1,-1
140,2,455.9,306.78,30.25,60.33,-1,-1,-1,-1
140,3,879.75,376.67,65.99,141.29,-1,-1,-1,-1
140,4,612.62,312.83,43.35,87.58,-1,-1,-1,-1
140,5,504.57,320.0,44.56,73.67,-1,-1,-1,-1
140,6,717.34,317.78,39.07,114.6,-1,-1,-1,-1
141,1,569.02,321.92,44.55,84.75,-1,-1,-1,-1
141,2,455.33,309.06,30.32,57.81,-1,-1,-1,-1
141,3,882.85,376.08,66.02,141.85,-1,-1,-1,-1
141,4,616.47,315.15,42.56,85.56,-1,-1,-1,-1
141,5,496.32,319.25,44.04,72.81,-1,-1,-1,-1
141,6,717.5,317.35,38.73,114.15,-1,-1,-1,-1
142,1,575.74,318.31,43.91,85.39,-1,-1,-1,-1
142,2,453.37,310.8,31.1,56.65,-1,-1,-1,-1
142,3,887.35,375.55,65.37,142.94,-1,-1,-1,-1
142,4,621.11,316.38,42.17,83.91,-1,-1,-1,-1
142,5,489.41,319.0,43.3,71.93,-1,-1,-1,-1
142,6,718.02,317.21,38.25,113.38,-1,-1,-1,-1
143,1,580.01,316.94,43.02,85.3,-1,-1,-1,-1
143,2,451.61,311.4,32.24,55.97,-1,-1,-1,-1
143,3,890.15,375.48,64.46,143.49,-1,-1,-1,-1
143,4,622.57,316.57,42.26,83.31,-1,-1,-1,-1
143,5,488.49,320.46,41.17,69.22,-1,-1,-1,-1
143,6,718.05,317.18,37.78,112.79,-1,-1,-1,-1
144,1,585.41,317.04,41.94,84.34,-1,-1,-1,-1
144,2,448.07,312.06,34.65,57.3,-1,-1,-1,-1
144,3,892.29,374.85,63.78,144.27,-1,-1,-1,-1
144,4,620.59,314.27,44.05,84.91,-1,-1,-1,-1
144,5,482.85,319.66,40.83,68.58,-1,-1,-1,-1
144,6,718.16,317.35,37.37,112.27,-1,-1,-1,-1
145,1,588.32,317.43,41.32,84.22,-1,-1,-1,-1
145,2,445.43,313.62,36.34,56.91,-1,-1,-1,-1
145,3,893.71,374.46,63.25,145.3,-1,-1,-1,-1
145,4,619.14,311.35,45.94,86.7,-1,-1,-1,-1
145,5,478.87,319.23,42.98,71.42,-1,-1,-1,-1
145,6,718.25,317.43,37.09,112.08,-1,-1,-1,-1
146,1,590.76,317.01,41.11,85.33,-1,-1,-1,-1
146,2,440.98,314.64,38.38,56.2,-1,-1,-1,-1
146,3,895.07,374.45,62.35,145.22,-1,-1,-1,-1
146,4,619.08,307.03,47.26,88.87,-1,-1,-1,-1
146,5,474.86,318.94,44.29,72.47,-1,-1,-1,-1
146,6,717.99,317.47,36.97,112.31,-1,-1,-1,-1
147,1,592.76,317.03,40.4,85.43,-1,-1,-1,-1
147,2,436.81,314.68,40.77,56.28,-1,-1,-1,-1
147,3,895.46,374.3,61.75,145.62,-1,-1,-1,-1
147,4,620.23,304.54,47.6,89.69,-1,-1,-1,-1
147,5,471.78,318.85,45.15,73.2,-1,-1,-1,-1
147,6,717.94,317.36,36.81,112.4,-1,-1,-1,-1
148,1,596.54,315.45,40.33,86.91,-1,-1,-1,-1
148,2,434.4,313.32,44.01,57.83,-1,-1,-1,-1
148,3,896.28,373.64,61.46,146.34,-1,-1,-1,-1
148,4,621.73,302.46,46.6,88.22,-1,-1,-1,-1
148,5,469.0,316.91,46.56,75.27,-1,-1,-1,-1
148,6,717.07,317.62,36.66,112.44,-1,-1,-1,-1
149,1,599.61,315.17,39.77,87.15,-1,-1,-1,-1
149,2,434.61,313.54,45.69,57.54,-1,-1,-1,-1
149,3,896.84,373.39,60.98,146.6,-1,-1,-1,-1
149,4,623.15,301.58,46.12,88.25,-1,-1,-1,-1
149,5,467.7,316.33,46.6,75.47,-1,-1,-1,-1
149,6,717.12,317.89,36.42,112.46,-1,-1,-1,-1
150,1,602.71,315.53,38.98,86.92,-1,-1,-1,-1
150,2,433.44,310.16,49.74,61.33,-1,-1,-1,-1
150,3,896.51,373.0,60.52,147.27,-1,-1,-1,-1
150,4,624.47,302.35,45.41,87.66,-1,-1,-1,-1
150,5,467.64,314.22,47.76,77.62,-1,-1,-1,-1
150,6,716.36,317.99,36.72,113.36,-1,-1,-1,-1
151,1,604.2,315.55,38.4,86.8,-1,-1,-1,-1
151,2,430.87,306.16,53.9,65.63,-1,-1,-1,-1
151,3,895.81,372.71,59.87,147.65,-1,-1,-1,-1
151,4,625.08,304.93,44.17,85.35,-1,-1,-1,-1
151,5,470.98,312.41,44.56,72.86,-1,-1,-1,-1
151,6,716.4,318.49,36.75,113.11,-1,-1,-1,-1
152,1,605.41,314.99,37.84,86.14,-1,-1,-1,-1
152,2,433.02,303.75,54.55,66.15,-1,-1,-1,-1
152,3,895.21,372.45,58.97,147.63,-1,-1,-1,-1
152,4,626.03,308.97,42.09,80.86,-1,-1,-1,-1
152,5,475.07,311.45,42.9,71.27,-1,-1,-1,-1
152,6,715.92,320.02,36.57,112.12,-1,-1,-1,-1
153,1,607.7,317.77,36.1,82.9,-1,-1,-1,-1
153,2,433.14,300.03,56.88,69.25,-1,-1,-1,-1
153,3,895.2,372.51,58.1,147.46,-1,-1,-1,-1
153,4,626.28,310.52,41.35,79.2,-1,-1,-1,-1
153,5,477.22,311.28,41.7,70.41,-1,-1,-1,-1
153,6,715.28,320.9,36.84,112.04,-1,-1,-1,-1
154,1,610.64,314.79,35.84,84.05,-1,-1,-1,-1
154,2,435.76,298.91,55.92,68.69,-1,-1,-1,-1
154,3,895.56,372.39,57.25,147.23,-1,-1,-1,-1
154,4,626.25,310.64,41.21,78.93,-1,-1,-1,-1
154,5,481.03,311.85,41.32,68.9,-1,-1,-1,-1
154,6,714.29,321.82,37.26,112.02,-1,-1,-1,-1
155,1,612.52,310.89,35.78,85.95,-1,-1,-1,-1
155,2,436.57,295.73,57.73,71.95,-1,-1,-1,-1
155,3,895.81,372.05,56.62,147.43,-1,-1,-1,-1
155,4,626.38,310.53,41.4,79.16,-1,-1,-1,-1
155,5,484.64,313.15,41.11,67.16,-1,-1,-1,-1
155,6,713.59,323.35,37.48,111.12,-1,-1,-1,-1
156,1,614.16,309.0,35.5,87.25,-1,-1,-1,-1
156,2,439.71,293.83,58.04,73.74,-1,-1,-1,-1
156,3,895.89,371.92,56.05,147.49,-1,-1,-1,-1
156,4,624.86,308.84,43.93,84.08,-1,-1,-1,-1
156,5,487.41,312.29,42.45,67.75,-1,-1,-1,-1
156,6,712.3,324.06,37.84,110.48,-1,-1,-1,-1
157,1,614.92,308.31,34.93,87.44,-1,-1,-1,-1
157,2,443.7,293.56,57.12,74.12,-1,-1,-1,-1
157,3,896.04,371.88,55.52,147.5,-1,-1,-1,-1
157,4,624.58,308.07,44.28,84.43,-1,-1,-1,-1
157,5,488.69,312.15,43.57,67.99,-1,-1,-1,-1
157,6,711.3,323.87,38.45,110.55,-1,-1,-1,-1
158,1,616.23,309.41,33.66,85.43,-1,-1,-1,-1
158,2,449.83,295.68,53.96,71.02,-1,-1,-1,-1
158,3,896.22,371.87,55.03,147.5,-1,-1,-1,-1
158,4,624.65,308.08,43.97,83.38,-1,-1,-1,-1
158,5,490.34,311.36,44.61,67.8,-1,-1,-1,-1
158,6,710.52,323.63,38.91,110.29,-1,-1,-1,-1
159,1,617.05,310.03,32.93,84.64,-1,-1,-1,-1
159,2,454.81,297.32,51.76,69.47,-1,-1,-1,-1
159,3,896.4,371.87,54.59,147.49,-1,-1,-1,-1
159,4,624.65,308.55,43.83,82.68,-1,-1,-1,-1
159,5,492.37,310.93,45.12,67.45,-1,-1,-1,-1
159,6,709.8,323.53,39.37,110.19,-1,-1,-1,-1
160,1,617.1,310.29,32.43,84.34,-1,-1,-1,-1
160,2,458.84,299.45,49.48,67.98,-1,-1,-1,-1
160,3,896.64,371.87,54.32,147.48,-1,-1,-1,-1
160,4,625.22,309.18,43.2,81.23,-1,-1,-1,-1
160,5,497.35,310.49,43.42,63.74,-1,-1,-1,-1
160,6,709.07,323.03,39.9,110.76,-1,-1,-1,-1
161,1,617.36,310.41,32.22,84.22,-1,-1,-1,-1
161,2,460.9,300.87,47.98,66.81,-1,-1,-1,-1
161,3,896.6,372.03,54.16,147.61,-1,-1,-1,-1
161,4,625.26,309.42,43.25,80.99,-1,-1,-1,-1
161,5,500.28,310.66,43.62,63.28,-1,-1,-1,-1
161,6,707.87,322.69,40.2,111.28,-1,-1,-1,-1
162,1,617.13,310.02,32.06,84.48,-1,-1,-1,-1
162,2,461.2,301.26,47.62,66.96,-1,-1,-1,-1
162,3,897.12,372.24,53.89,147.21,-1,-1,-1,-1
162,4,625.27,309.67,43.24,80.61,-1,-1,-1,-1
162,5,506.04,311.03,42.66,61.02,-1,-1,-1,-1
162,6,706.39,322.7,40.03,111.48,-1,-1,-1,-1
163,1,616.81,309.89,31.77,84.57,-1,-1,-1,-1
163,2,461.38,301.11,47.24,67.02,-1,-1,-1,-1
163,3,897.31,372.17,53.77,147.2,-1,-1,-1,-1
163,4,625.16,309.76,43.42,80.48,-1,-1,-1,-1
163,5,509.33,311.65,42.27,59.92,-1,-1,-1,-1
163,6,705.35,322.55,39.76,111.85,-1,-1,-1,-1
164,1,616.34,309.56,31.68,84.9,-1,-1,-1,-1
164,2,460.57,301.2,46.33,66.45,-1,-1,-1,-1
164,3,897.68,372.29,53.7,147.05,-1,-1,-1,-1
164,4,624.78,309.8,43.55,80.44,-1,-1,-1,-1
164,5,511.46,312.34,42.55,59.86,-1,-1,-1,-1
164,6,705.05,322.34,39.54,112.29,-1,-1,-1,-1
165,1,615.29,309.45,31.52,84.73,-1,-1,-1,-1
165,2,459.31,300.64,46.02,67.13,-1,-1,-1,-1
165,3,897.68,372.34,53.62,146.69,-1,-1,-1,-1
165,4,624.92,309.66,43.59,80.43,-1,-1,-1,-1
165,5,511.38,311.84,44.8,63.2,-1,-1,-1,-1
165,6,705.4,322.56,39.16,112.16,-1,-1,-1,-1
166,1,613.31,309.73,31.57,84.36,-1,-1,-1,-1
166,2,457.4,299.69,45.14,67.68,-1,-1,-1,-1
166,3,898.26,372.36,53.61,146.55,-1,-1,-1,-1
166,4,624.68,309.31,43.59,80.14,-1,-1,-1,-1
166,5,510.68,310.18,46.89,66.49,-1,-1,-1,-1
166,6,705.56,322.19,39.02,112.7,-1,-1,-1,-1
167,1,612.24,309.4,31.6,83.92,-1,-1,-1,-1
167,2,456.65,299.63,43.62,67.3,-1,-1,-1,-1
167,3,898.45,372.37,53.63,146.5,-1,-1,-1,-1
167,4,624.49,309.04,43.75,80.04,-1,-1,-1,-1
167,5,509.64,308.24,48.53,69.22,-1,-1,-1,-1
167,6,705.72,322.05,38.79,112.9,-1,-1,-1,-1
168,1,611.16,308.84,31.15,82.57,-1,-1,-1,-1
168,2,456.59,299.62,42.55,67.44,-1,-1,-1,-1
168,3,898.48,372.22,53.7,146.63,-1,-1,-1,-1
168,4,624.71,308.19,44.41,81.2,-1,-1,-1,-1
168,5,508.94,306.19,49.63,71.44,-1,-1,-1,-1
168,6,705.97,322.3,38.37,112.38,-1,-1,-1,-1
169,1,609.99,308.34,31.28,82.36,-1,-1,-1,-1
169,2,456.69,300.06,41.29,66.9,-1,-1,-1,-1
169,3,898.47,372.17,53.74,146.68,-1,-1,-1,-1
169,4,624.64,307.58,44.95,82.24,-1,-1,-1,-1
169,5,508.57,304.83,50.15,72.87,-1,-1,-1,-1
169,6,706.44,322.54,38.09,112.18,-1,-1,-1,-1
170,1,607.66,307.86,31.55,82.89,-1,-1,-1,-1
170,2,455.01,301.73,39.61,64.91,-1,-1,-1,-1
170,3,898.36,372.15,53.64,146.7,-1,-1,-1,-1
170,4,624.81,307.21,45.33,83.22,-1,-1,-1,-1
170,5,503.37,292.96,57.43,85.06,-1,-1,-1,-1
170,6,706.65,322.63,37.95,112.1,-1,-1,-1,-1
171,1,604.75,306.81,32.14,83.68,-1,-1,-1,-1
171,2,453.23,304.32,38.71,63.85,-1,-1,-1,-1
171,3,898.34,372.14,53.55,146.7,-1,-1,-1,-1
171,4,624.63,306.63,45.36,83.89,-1,-1,-1,-1
171,5,505.91,297.26,54.0,80.74,-1,-1,-1,-1
171,6,707.07,322.66,37.84,112.07,-1,-1,-1,-1
172,1,601.99,306.57,32.77,83.69,-1,-1,-1,-1
172,2,452.81,307.08,37.78,62.87,-1,-1,-1,-1
172,3,897.71,371.84,53.55,147.0,-1,-1,-1,-1
172,4,624.03,305.97,45.24,84.43,-1,-1,-1,-1
172,5,506.29,298.85,52.02,78.11,-1,-1,-1,-1
172,6,707.55,322.37,37.74,112.06,-1,-1,-1,-1
173,1,600.64,306.94,33.05,83.1,-1,-1,-1,-1
173,2,452.46,307.63,37.41,62.82,-1,-1,-1,-1
173,3,897.45,371.43,53.6,147.41,-1,-1,-1,-1
173,4,623.91,305.88,44.97,84.63,-1,-1,-1,-1
173,5,505.49,299.36,50.71,76.18,-1,-1,-1,-1
173,6,707.68,322.11,37.83,112.35,-1,-1,-1,-1
174,1,599.09,307.85,32.93,81.68,-1,-1,-1,-1
174,2,452.16,309.76,35.84,60.72,-1,-1,-1,-1
174,3,897.46,371.28,53.68,147.56,-1,-1,-1,-1
174,4,623.74,305.57,45.1,84.7,-1,-1,-1,-1
174,5,502.68,301.51,48.66,73.04,-1,-1,-1,-1
174,6,708.72,322.46,37.69,111.87,-1,-1,-1,-1
175,1,597.82,306.55,33.72,82.65,-1,-1,-1,-1
175,2,451.77,310.23,35.41,60.25,-1,-1,-1,-1
175,3,897.57,371.67,53.5,146.88,-1,-1,-1,-1
175,4,623.43,305.31,45.05,84.41,-1,-1,-1,-1
175,5,499.05,302.97,46.94,71.23,-1,-1,-1,-1
175,6,709.45,323.04,37.56,111.68,-1,-1,-1,-1
176,1,594.69,305.49,33.44,82.72,-1,-1,-1,-1
176,2,450.33,311.27,34.73,59.5,-1,-1,-1,-1
176,3,897.69,372.42,53.28,146.02,-1,-1,-1,-1
176,4,622.45,305.96,44.37,83.11,-1,-1,-1,-1
176,5,497.03,304.88,44.05,68.45,-1,-1,-1,-1
176,6,710.42,322.96,37.9,112.51,-1,-1,-1,-1
177,1,593.28,304.8,33.28,83.05,-1,-1,-1,-1
177,2,449.82,311.78,34.02,58.94,-1,-1,-1,-1
177,3,897.56,373.15,53.24,145.55,-1,-1,-1,-1
177,4,622.21,306.82,43.84,82.01,-1,-1,-1,-1
177,5,496.17,305.91,42.01,66.8,-1,-1,-1,-1
177,6,710.93,322.63,38.32,113.41,-1,-1,-1,-1
178,1,593.32,307.08,32.15,80.5,-1,-1,-1,-1
178,2,449.32,314.19,32.92,57.55,-1,-1,-1,-1
178,3,898.76,378.49,52.19,140.3,-1,-1,-1,-1
178,4,621.35,310.14,42.21,77.42,-1,-1,-1,-1
178,5,495.24,307.65,40.13,64.09,-1,-1,-1,-1
178,6,714.08,323.54,39.06,114.05,-1,-1,-1,-1
179,1,593.49,308.57,31.54,78.93,-1,-1,-1,-1
179,2,449.5,315.66,32.02,55.85,-1,-1,-1,-1
179,3,899.16,382.32,51.61,136.21,-1,-1,-1,-1
179,4,620.21,311.7,42.03,75.38,-1,-1,-1,-1
179,5,495.02,308.75,39.27,63.11,-1,-1,-1,-1
179,6,715.51,324.03,39.44,113.99,-1,-1,-1,-1
180,1,592.48,310.93,31.12,77.76,-1,-1,-1,-1
180,2,450.6,316.77,32.28,55.86,-1,-1,-1,-1
180,3,898.79,385.82,51.52,132.61,-1,-1,-1,-1
180,4,620.12,313.02,41.95,73.75,-1,-1,-1,-1
180,5,497.26,308.68,39.24,64.61,-1,-1,-1,-1
180,6,716.73,325.4,39.96,113.36,-1,-1,-1,-1
181,1,592.29,311.65,31.3,77.94,-1,-1,-1,-1
181,2,453.3,317.44,33.54,57.7,-1,-1,-1,-1
181,3,895.17,387.51,52.98,131.49,-1,-1,-1,-1
181,4,615.34,314.84,43.54,73.5,-1,-1,-1,-1
181,5,498.35,307.75,39.33,66.67,-1,-1,-1,-1
181,6,718.17,326.36,40.53,112.52,-1,-1,-1,-1
182,1,593.12,310.71,32.61,79.53,-1,-1,-1,-1
182,2,454.54,317.21,35.44,61.06,-1,-1,-1,-1
182,3,890.28,390.04,54.91,129.78,-1,-1,-1,-1
182,4,612.68,314.13,46.0,74.95,-1,-1,-1,-1
182,5,498.1,303.69,40.72,71.01,-1,-1,-1,-1
182,6,719.35,328.2,41.19,111.31,-1,-1,-1,-1
183,1,593.7,310.2,33.82,80.13,-1,-1,-1,-1
183,2,454.67,317.24,35.52,61.75,-1,-1,-1,-1
183,3,887.27,391.83,57.15,129.2,-1,-1,-1,-1
183,4,610.34,313.4,47.89,75.5,-1,-1,-1,-1
183,5,497.46,300.27,41.18,73.52,-1,-1,-1,-1
183,6,719.52,329.17,41.91,110.56,-1,-1,-1,-1
184,1,591.92,309.85,34.76,79.77,-1,-1,-1,-1
184,2,456.87,317.95,35.07,61.14,-1,-1,-1,-1
184,3,884.52,393.93,60.11,130.24,-1,-1,-1,-1
184,4,609.17,313.25,49.25,76.03,-1,-1,-1,-1
184,5,498.71,298.21,41.87,76.82,-1,-1,-1,-1
184,6,719.58,329.07,42.72,110.58,-1,-1,-1,-1
185,1,591.51,308.97,35.22,78.15,-1,-1,-1,-1
185,2,459.94,317.9,35.6,62.38,-1,-1,-1,-1
185,3,881.69,396.15,61.61,128.28,-1,-1,-1,-1
185,4,607.94,313.33,50.23,76.54,-1,-1,-1,-1
185,5,499.13,299.17,41.7,77.79,-1,-1,-1,-1
185,6,720.68,329.31,43.17,110.0,-1,-1,-1,-1
186,1,590.4,306.68,33.14,74.85,-1,-1,-1,-1
186,2,463.21,317.85,38.01,67.55,-1,-1,-1,-1
186,3,879.33,398.42,62.74,126.38,-1,-1,-1,-1
186,4,602.2,313.05,49.93,77.34,-1,-1,-1,-1
186,5,502.04,300.75,40.8,76.97,-1,-1,-1,-1
186,6,722.11,329.38,43.64,110.39,-1,-1,-1,-1
187,1,590.16,304.76,32.07,73.63,-1,-1,-1,-1
187,2,466.62,318.69,37.96,68.34,-1,-1,-1,-1
187,3,878.08,399.49,64.0,125.12,-1,-1,-1,-1
187,4,601.48,313.67,48.78,77.35,-1,-1,-1,-1
187,5,504.59,301.83,39.98,76.32,-1,-1,-1,-1
187,6,722.92,329.69,43.79,109.94,-1,-1,-1,-1
188,1,591.25,303.02,31.8,71.69,-1,-1,-1,-1
188,2,471.92,321.33,38.14,68.33,-1,-1,-1,-1
188,3,877.68,399.07,65.95,125.46,-1,-1,-1,-1
188,4,602.53,315.83,46.99,76.47,-1,-1,-1,-1
188,5,508.54,303.88,39.59,77.23,-1,-1,-1,-1
188,6,724.82,331.28,43.56,109.19,-1,-1,-1,-1
189,1,591.47,302.55,32.12,71.32,-1,-1,-1,-1
189,2,473.79,321.74,38.47,68.89,-1,-1,-1,-1
189,3,876.58,398.25,67.73,125.92,-1,-1,-1,-1
189,4,603.09,317.08,45.52,75.84,-1,-1,-1,-1
189,5,510.76,305.4,39.15,78.14,-1,-1,-1,-1
189,6,725.77,331.86,43.51,108.91,-1,-1,-1,-1
190,1,585.32,303.0,32.06,70.91,-1,-1,-1,-1
190,2,478.17,323.04,38.78,67.62,-1,-1,-1,-1
190,3,875.45,395.35,70.22,128.37,-1,-1,-1,-1
190,4,603.04,319.33,43.78,74.41,-1,-1,-1,-1
190,5,513.27,308.47,37.95,76.41,-1,-1,-1,-1
190,6,726.36,331.9,43.54,109.11,-1,-1,-1,-1
191,1,583.67,303.5,31.42,69.88,-1,-1,-1,-1
191,2,480.39,323.36,40.05,67.39,-1,-1,-1,-1
191,3,877.08,393.2,71.53,129.76,-1,-1,-1,-1
191,4,603.79,319.39,42.9,74.49,-1,-1,-1,-1
191,5,516.26,310.25,37.53,74.82,-1,-1,-1,-1
191,6,726.05,331.16,43.94,110.39,-1,-1,-1,-1
192,2,480.0,325.0,54.0,69.0,-1,-1,-1,-1
192,1,581.11,303.25,30.93,69.54,-1,-1,-1,-1
192,3,881.61,390.58,71.96,131.49,-1,-1,-1,-1
192,4,605.06,317.9,42.45,75.42,-1,-1,-1,-1
192,5,520.15,310.61,37.73,74.21,-1,-1,-1,-1
192,6,726.86,328.93,44.56,112.66,-1,-1,-1,-1
193,2,486.0,325.0,54.0,70.0,-1,-1,-1,-1
193,1,580.82,308.44,28.34,64.01,-1,-1,-1,-1
193,3,885.12,389.43,71.82,132.0,-1,-1,-1,-1
193,4,606.17,316.58,41.66,75.78,-1,-1,-1,-1
193,5,525.34,313.25,36.21,70.69,-1,-1,-1,-1
193,6,727.16,327.94,44.72,113.51,-1,-1,-1,-1
194,2,495.25,324.0,54.5,71.25,-1,-1,-1,-1
194,1,577.8,305.45,29.65,66.95,-1,-1,-1,-1
194,3,890.67,389.88,71.62,131.61,-1,-1,-1,-1
194,4,607.26,313.09,41.27,76.82,-1,-1,-1,-1
194,5,530.29,314.68,36.19,71.47,-1,-1,-1,-1
194,6,728.12,327.11,44.22,112.95,-1,-1,-1,-1
195,2,504.5,323.0,55.0,72.5,-1,-1,-1,-1
195,1,574.9,304.89,29.68,67.06,-1,-1,-1,-1
195,3,895.39,391.98,71.59,129.53,-1,-1,-1,-1
195,4,609.05,310.44,40.78,77.21,-1,-1,-1,-1
195,5,537.26,313.69,36.47,72.96,-1,-1,-1,-1
195,6,728.91,324.27,43.69,112.42,-1,-1,-1,-1
196,2,513.75,322.0,55.5,73.75,-1,-1,-1,-1
196,1,572.79,306.02,29.44,66.23,-1,-1,-1,-1
196,3,899.59,395.02,72.06,126.5,-1,-1,-1,-1
196,4,611.99,308.99,40.25,76.47,-1,-1,-1,-1
196,5,543.37,311.66,37.14,75.0,-1,-1,-1,-1
196,6,729.6,321.27,43.25,112.51,-1,-1,-1,-1
197,2,523.0,321.0,56.0,75.0,-1,-1,-1,-1
197,1,572.68,306.31,29.34,65.95,-1,-1,-1,-1
197,3,900.91,397.5,72.31,123.13,-1,-1,-1,-1
197,4,614.65,308.61,39.96,75.59,-1,-1,-1,-1
197,5,540.68,317.78,35.44,69.3,-1,-1,-1,-1
197,6,730.26,319.72,42.81,112.25,-1,-1,-1,-1
198,2,532.0,320.5,56.5,79.5,-1,-1,-1,-1
198,5,549.0,319.0,40.0,75.0,-1,-1,-1,-1
198,1,573.88,304.61,29.96,67.08,-1,-1,-1,-1
198,3,900.09,399.15,73.37,121.14,-1,-1,-1,-1
198,4,617.13,309.39,39.26,73.17,-1,-1,-1,-1
198,6,731.01,319.9,41.6,109.47,-1,-1,-1,-1
199,2,541.0,320.0,57.0,84.0,-1,-1,-1,-1
199,5,557.0,318.33333333333337,40.83333333333337,75.16666666666663,-1,-1,-1,-1
199,1,573.9,302.64,31.14,69.59,-1,-1,-1,-1
199,3,898.74,399.58,75.11,120.6,-1,-1,-1,-1
199,4,617.92,309.7,39.25,71.96,-1,-1,-1,-1
199,6,731.0,320.46,41.05,108.11,-1,-1,-1,-1
200,1,574.0,301.0,34.0,68.0,-1,-1,-1,-1
200,2,561.0,323.0,47.0,84.0,-1,-1,-1,-1
200,5,565.0,317.6666666666667,41.66666666666674,75.33333333333331,-1,-1,-1,-1
200,3,891.92,397.9,78.67,122.54,-1,-1,-1,-1
200,4,617.57,310.89,39.29,70.33,-1,-1,-1,-1
200,6,730.99,323.09,40.21,104.91,-1,-1,-1,-1
201,1,574.0,301.0,36.0,69.0,-1,-1,-1,-1
201,2,568.3333333333334,323.33333333333337,47.0,82.66666666666663,-1,-1,-1,-1
201,5,573.0,317.0,42.5,75.5,-1,-1,-1,-1
201,3,884.45,395.62,82.67,125.52,-1,-1,-1,-1
201,4,615.29,310.58,40.5,70.35,-1,-1,-1,-1
201,6,730.99,324.25,40.44,103.74,-1,-1,-1,-1
202,2,575.6666666666666,323.6666666666667,47.000000000000114,81.33333333333331,-1,-1,-1,-1
202,4,606.0,309.0,52.0,72.0,-1,-1,-1,-1
202,5,581.0,316.33333333333337,43.33333333333337,75.66666666666663,-1,-1,-1,-1
202,1,574.17,299.13,34.16,75.6,-1,-1,-1,-1
202,3,873.36,394.16,85.33,126.66,-1,-1,-1,-1
202,6,729.54,324.22,40.99,103.63,-1,-1,-1,-1
203,2,583.0,324.0,47.0,80.0,-1,-1,-1,-1
203,4,607.0,309.0,51.0,72.0,-1,-1,-1,-1
203,5,589.0,315.66666666666663,44.16666666666663,75.83333333333337,-1,-1,-1,-1
203,1,574.88,298.71,33.63,73.96,-1,-1,-1,-1
203,3,862.63,393.59,86.63,127.1,-1,-1,-1,-1
203,6,728.57,324.37,41.43,103.32,-1,-1,-1,-1
204,2,607.0,320.0,47.0,82.0,-1,-1,-1,-1
204,4,608.0,314.0,50.0,66.0,-1,-1,-1,-1
204,5,597.0,315.0,45.0,76.0,-1,-1,-1,-1
204,1,576.05,299.02,32.82,72.16,-1,-1,-1,-1
204,3,845.26,389.08,87.7,131.27,-1,-1,-1,-1
204,6,726.96,322.47,42.27,105.33,-1,-1,-1,-1
205,2,613.0,320.0,48.0,83.0,-1,-1,-1,-1
205,5,605.0,311.8333333333333,45.83333333333337,79.16666666666669,-1,-1,-1,-1
205,1,577.2,299.01,32.34,71.48,-1,-1,-1,-1
205,3,836.41,387.53,87.64,132.98,-1,-1,-1,-1
205,4,598.2,309.14,39.24,72.33,-1,-1,-1,-1
205,6,725.97,321.33,42.17,105.8,-1,-1,-1,-1
206,2,623.5,319.5,47.0,84.5,-1,-1,-1,-1
206,5,613.0,308.6666666666667,46.66666666666674,82.33333333333331,-1,-1,-1,-1
206,1,577.97,298.28,32.69,73.01,-1,-1,-1,-1
206,3,827.63,385.78,88.64,135.97,-1,-1,-1,-1
206,4,601.66,303.31,39.31,74.38,-1,-1,-1,-1
206,6,726.51,320.3,41.51,105.09,-1,-1,-1,-1
207,2,634.0,319.0,46.0,86.0,-1,-1,-1,-1
207,5,621.0,305.5,47.5,85.5,-1,-1,-1,-1
207,1,578.58,297.72,32.76,74.18,-1,-1,-1,-1
207,3,821.48,384.85,88.47,137.68,-1,-1,-1,-1
207,4,603.05,301.45,38.93,75.31,-1,-1,-1,-1
207,6,727.2,318.89,40.89,104.84,-1,-1,-1,-1
208,2,650.0,315.0,40.0,84.0,-1,-1,-1,-1
208,5,629.0,302.3333333333333,48.33333333333337,88.66666666666669,-1,-1,-1,-1
208,1,579.43,297.23,32.75,74.91,-1,-1,-1,-1
208,3,810.09,385.1,86.85,138.31,-1,-1,-1,-1
208,4,604.81,298.86,40.11,78.06,-1,-1,-1,-1
208,6,717.97,315.69,42.95,106.54,-1,-1,-1,-1
209,2,654.0,317.0,48.0,87.0,-1,-1,-1,-1
209,5,637.0,299.1666666666667,49.16666666666674,91.83333333333331,-1,-1,-1,-1
209,1,579.42,297.06,32.82,76.06,-1,-1,-1,-1
209,3,802.52,386.25,81.81,133.66,-1,-1,-1,-1
209,4,603.51,298.06,40.11,79.39,-1,-1,-1,-1
209,6,721.56,313.77,42.68,107.19,-1,-1,-1,-1
210,2,668.5,319.5,45.0,86.0,-1,-1,-1,-1
210,5,645.0,296.0,50.0,95.0,-1,-1,-1,-1
210,1,579.37,297.75,32.36,75.61,-1,-1,-1,-1
210,3,794.39,388.83,78.28,130.03,-1,-1,-1,-1
210,4,602.64,299.43,39.32,79.31,-1,-1,-1,-1
210,6,718.44,312.18,43.31,107.14,-1,-1,-1,-1
211,2,683.0,322.0,42.0,85.0,-1,-1,-1,-1
211,5,650.3333333333334,298.33333333333337,51.66666666666663,93.33333333333331,-1,-1,-1,-1
211,1,579.12,298.03,32.04,75.41,-1,-1,-1,-1
211,3,784.14,391.01,77.49,128.66,-1,-1,-1,-1
211,4,601.4,301.93,37.56,77.8,-1,-1,-1,-1
211,6,718.27,311.77,43.35,106.52,-1,-1,-1,-1
212,2,693.5,319.5,47.0,87.5,-1,-1,-1,-1
212,5,655.6666666666666,300.6666666666667,53.33333333333337,91.66666666666669,-1,-1,-1,-1
212,1,578.55,298.45,31.68,75.03,-1,-1,-1,-1
212,3,770.89,395.56,78.61,129.21,-1,-1,-1,-1
212,4,599.76,305.02,35.96,76.02,-1,-1,-1,-1
212,6,721.94,312.54,41.92,104.21,-1,-1,-1,-1
213,2,704.0,317.0,52.0,90.0,-1,-1,-1,-1
213,5,661.0,303.0,55.0,90.0,-1,-1,-1,-1
213,1,578.39,298.62,31.42,74.58,-1,-1,-1,-1
213,3,764.72,398.29,78.41,128.38,-1,-1,-1,-1
213,4,599.32,306.35,34.78,75.06,-1,-1,-1,-1
213,6,723.23,313.33,41.01,102.73,-1,-1,-1,-1
214,2,712.6666666666667,316.33333333333337,57.0,89.33333333333331,-1,-1,-1,-1
214,5,672.6666666666667,305.33333333333337,51.66666666666663,89.0,-1,-1,-1,-1
214,1,578.06,298.54,31.27,74.4,-1,-1,-1,-1
214,3,763.05,403.03,76.46,124.34,-1,-1,-1,-1
214,4,598.75,306.25,34.42,75.61,-1,-1,-1,-1
214,6,729.88,313.95,39.78,99.8,-1,-1,-1,-1
215,2,721.3333333333333,315.6666666666667,62.0,88.66666666666663,-1,-1,-1,-1
215,5,684.3333333333334,307.6666666666667,48.33333333333337,87.99999999999994,-1,-1,-1,-1
215,6,717.0,314.0,45.0,102.0,-1,-1,-1,-1
215,1,578.15,298.22,31.4,74.93,-1,-1,-1,-1
215,3,762.51,405.98,75.04,121.01,-1,-1,-1,-1
215,4,598.29,304.43,34.66,77.61,-1,-1,-1,-1
216,2,730.0,315.0,67.0,88.0,-1,-1,-1,-1
216,5,696.0,310.0,45.0,87.0,-1,-1,-1,-1
216,6,716.0,315.0,46.33333333333337,100.33333333333336,-1,-1,-1,-1
216,1,579.4,298.25,31.39,75.12,-1,-1,-1,-1
216,3,764.63,408.08,75.31,119.36,-1,-1,-1,-1
216,4,597.51,301.53,35.3,80.73,-1,-1,-1,-1
217,2,738.0,314.0,58.0,87.0,-1,-1,-1,-1
217,5,703.6666666666667,312.33333333333337,42.66666666666663,86.33333333333331,-1,-1,-1,-1
217,6,715.0,316.0,47.66666666666663,98.66666666666669,-1,-1,-1,-1
217,1,579.69,298.27,31.17,75.19,-1,-1,-1,-1
217,3,765.94,408.03,76.62,119.24,-1,-1,-1,-1
217,4,597.56,299.71,35.37,82.79,-1,-1,-1,-1
218,2,749.0,315.0,54.0,85.5,-1,-1,-1,-1
218,5,711.3333333333334,314.66666666666663,40.33333333333326,85.66666666666674,-1,-1,-1,-1
218,6,714.0,317.0,49.0,97.0,-1,-1,-1,-1
218,1,581.65,298.13,30.95,75.21,-1,-1,-1,-1
218,3,767.08,404.96,80.34,122.84,-1,-1,-1,-1
218,4,597.99,298.3,35.66,83.86,-1,-1,-1,-1
219,2,760.0,316.0,50.0,84.0,-1,-1,-1,-1
219,5,719.0,317.0,38.0,85.0,-1,-1,-1,-1
219,1,583.8,298.23,31.01,75.21,-1,-1,-1,-1
219,3,767.99,402.9,83.33,125.97,-1,-1,-1,-1
219,4,597.87,297.78,35.67,84.26,-1,-1,-1,-1
219,6,718.35,319.4,47.21,92.49,-1,-1,-1,-1
220,2,768.75,314.5,49.25,83.0,-1,-1,-1,-1
220,5,726.0,319.25,37.75,83.0,-1,-1,-1,-1
220,1,583.85,298.13,30.75,75.8,-1,-1,-1,-1
220,3,770.74,400.91,85.22,128.95,-1,-1,-1,-1
220,4,597.23,297.16,36.21,85.86,-1,-1,-1,-1
220,6,718.42,324.39,46.66,90.66,-1,-1,-1,-1
221,2,777.5,313.0,48.5,82.0,-1,-1,-1,-1
221,5,733.0,321.5,37.5,81.0,-1,-1,-1,-1
221,1,584.5,298.68,29.97,74.84,-1,-1,-1,-1
221,3,773.8,399.25,85.64,130.67,-1,-1,-1,-1
221,4,596.37,297.68,36.43,86.74,-1,-1,-1,-1
221,6,719.32,326.99,47.64,90.82,-1,-1,-1,-1
222,2,786.25,311.5,47.75,81.0,-1,-1,-1,-1
222,5,740.0,323.75,37.25,79.0,-1,-1,-1,-1
222,1,585.11,298.9,29.49,74.76,-1,-1,-1,-1
222,3,782.37,398.6,82.94,130.14,-1,-1,-1,-1
222,4,596.22,300.55,35.52,85.0,-1,-1,-1,-1
222,6,720.67,330.28,47.41,89.1,-1,-1,-1,-1
223,2,795.0,310.0,47.0,80.0,-1,-1,-1,-1
223,5,747.0,326.0,37.0,77.0,-1,-1,-1,-1
223,1,586.25,299.43,29.25,75.03,-1,-1,-1,-1
223,3,787.02,397.76,81.07,131.1,-1,-1,-1,-1
223,4,595.58,303.02,35.08,84.6,-1,-1,-1,-1
223,6,718.47,331.14,46.92,88.75,-1,-1,-1,-1
224,2,800.0,311.0,57.0,86.0,-1,-1,-1,-1
224,1,587.94,299.48,28.98,75.13,-1,-1,-1,-1
224,3,790.57,396.86,79.18,132.04,-1,-1,-1,-1
224,4,595.17,304.25,34.65,83.83,-1,-1,-1,-1
224,5,752.1,323.97,40.23,78.96,-1,-1,-1,-1
224,6,718.86,332.73,45.2,87.13,-1,-1,-1,-1
225,2,809.5,312.5,56.0,88.0,-1,-1,-1,-1
225,1,588.89,299.79,28.82,75.46,-1,-1,-1,-1
225,3,792.12,395.19,78.08,134.0,-1,-1,-1,-1
225,4,595.16,304.87,34.16,83.53,-1,-1,-1,-1
225,5,755.82,324.4,40.82,81.4,-1,-1,-1,-1
225,6,717.78,333.55,44.3,86.53,-1,-1,-1,-1
226,2,819.0,314.0,55.0,90.0,-1,-1,-1,-1
226,1,589.82,300.35,28.76,75.29,-1,-1,-1,-1
226,3,793.52,392.06,77.78,137.23,-1,-1,-1,-1
226,4,595.0,303.46,34.28,84.6,-1,-1,-1,-1
226,5,760.59,324.23,40.58,82.43,-1,-1,-1,-1
226,6,717.85,334.83,43.39,85.72,-1,-1,-1,-1
227,2,828.5,313.0,54.0,91.5,-1,-1,-1,-1
227,1,590.58,300.27,28.47,74.92,-1,-1,-1,-1
227,3,794.61,389.57,77.12,139.76,-1,-1,-1,-1
227,4,595.26,302.77,34.26,85.29,-1,-1,-1,-1
227,5,764.64,323.97,39.82,82.25,-1,-1,-1,-1
227,6,717.95,335.53,42.67,85.13,-1,-1,-1,-1
228,2,838.0,312.0,53.0,93.0,-1,-1,-1,-1
228,1,591.75,299.33,28.93,75.97,-1,-1,-1,-1
228,3,794.97,386.29,76.38,141.87,-1,-1,-1,-1
228,4,596.35,301.33,35.21,87.31,-1,-1,-1,-1
228,5,770.79,323.4,40.15,83.1,-1,-1,-1,-1
228,6,718.78,336.48,42.45,86.13,-1,-1,-1,-1
229,2,845.5,312.5,54.5,92.0,-1,-1,-1,-1
229,1,592.2,300.02,29.02,75.77,-1,-1,-1,-1
229,3,795.74,384.03,75.4,143.38,-1,-1,-1,-1
229,4,597.29,301.23,35.69,87.48,-1,-1,-1,-1
229,5,776.1,323.92,41.1,83.73,-1,-1,-1,-1
229,6,718.72,336.78,42.37,86.81,-1,-1,-1,-1
230,2,853.0,313.0,56.0,91.0,-1,-1,-1,-1
230,1,594.54,299.09,29.42,76.28,-1,-1,-1,-1
230,3,797.8,380.86,74.39,145.38,-1,-1,-1,-1
230,4,599.39,302.52,36.5,87.23,-1,-1,-1,-1
230,5,780.36,328.12,40.2,80.69,-1,-1,-1,-1
230,6,718.09,335.5,45.22,93.62,-1,-1,-1,-1
231,2,861.0,314.0,61.0,90.0,-1,-1,-1,-1
231,1,597.0,299.48,29.33,76.18,-1,-1,-1,-1
231,3,799.08,379.39,73.01,146.4,-1,-1,-1,-1
231,4,600.45,303.62,37.45,87.12,-1,-1,-1,-1
231,5,782.89,331.98,41.17,81.36,-1,-1,-1,-1
231,6,717.17,335.44,47.02,97.58,-1,-1,-1,-1
232,2,869.0,314.5,58.0,89.5,-1,-1,-1,-1
232,1,599.05,299.78,29.36,76.43,-1,-1,-1,-1
232,3,799.54,379.76,71.33,145.86,-1,-1,-1,-1
232,4,602.21,308.03,37.4,83.5,-1,-1,-1,-1
232,5,789.12,336.34,40.82,80.71,-1,-1,-1,-1
232,6,717.53,337.4,47.33,98.55,-1,-1,-1,-1
233,2,877.0,315.0,55.0,89.0,-1,-1,-1,-1
233,5,794.0,338.0,37.0,85.0,-1,-1,-1,-1
233,1,600.65,299.89,29.42,76.52,-1,-1,-1,-1
233,3,800.66,381.87,69.34,143.98,-1,-1,-1,-1
233,4,603.25,310.02,38.4,82.4,-1,-1,-1,-1
233,6,720.23,338.72,46.3,98.01,-1,-1,-1,-1
234,1,600.92,300.82,29.44,75.95,-1,-1,-1,-1
234,2,898.54,315.81,43.61,88.07,-1,-1,-1,-1
234,3,800.32,387.03,66.54,138.62,-1,-1,-1,-1
234,4,604.12,313.13,38.93,80.2,-1,-1,-1,-1
234,5,791.82,339.36,44.1,87.44,-1,-1,-1,-1
234,6,725.71,341.24,45.15,96.29,-1,-1,-1,-1
235,1,601.97,300.72,29.24,74.25,-1,-1,-1,-1
235,2,903.68,315.06,43.94,90.02,-1,-1,-1,-1
235,3,800.09,389.79,65.04,135.79,-1,-1,-1,-1
235,4,603.69,312.59,40.55,80.9,-1,-1,-1,-1
235,5,792.34,340.88,44.52,88.76,-1,-1,-1,-1
235,6,727.9,341.86,45.0,96.79,-1,-1,-1,-1
236,1,601.39,299.93,31.61,79.9,-1,-1,-1,-1
236,2,910.12,313.0,45.47,93.39,-1,-1,-1,-1
236,3,798.24,388.55,65.6,137.0,-1,-1,-1,-1
236,4,605.95,309.83,42.24,83.86,-1,-1,-1,-1
236,5,796.33,341.41,44.76,89.55,-1,-1,-1,-1
236,6,728.72,343.39,44.85,96.37,-1,-1,-1,-1
237,1,601.81,299.64,31.2,77.89,-1,-1,-1,-1
237,2,914.92,312.22,45.54,93.21,-1,-1,-1,-1
237,3,797.3,384.23,67.51,141.03,-1,-1,-1,-1
237,4,608.84,308.19,42.85,85.26,-1,-1,-1,-1
237,5,798.88,342.0,44.92,89.83,-1,-1,-1,-1
237,6,731.3,342.59,49.6,105.07,-1,-1,-1,-1
238,5,800.0,344.0,48.0,89.0,-1,-1,-1,-1
238,1,602.56,299.82,30.93,76.76,-1,-1,-1,-1
238,2,922.04,313.24,47.62,96.34,-1,-1,-1,-1
238,3,793.4,363.46,75.33,161.68,-1,-1,-1,-1
238,4,615.08,304.45,43.33,88.45,-1,-1,-1,-1
238,6,731.63,344.29,51.99,109.71,-1,-1,-1,-1
239,5,804.0,343.5,46.5,95.0,-1,-1,-1,-1
239,1,603.02,299.74,31.6,77.81,-1,-1,-1,-1
239,2,926.76,314.51,48.33,96.92,-1,-1,-1,-1
239,3,792.69,352.67,77.88,171.87,-1,-1,-1,-1
239,4,619.38,302.3,43.1,90.53,-1,-1,-1,-1
239,6,732.23,346.23,52.43,110.65,-1,-1,-1,-1
240,5,808.0,343.0,45.0,101.0,-1,-1,-1,-1
240,1,604.27,300.01,32.0,78.5,-1,-1,-1,-1
240,2,935.57,316.76,46.94,94.77,-1,-1,-1,-1
240,3,788.92,343.49,78.52,176.54,-1,-1,-1,-1
240,4,624.15,301.47,41.9,89.85,-1,-1,-1,-1
240,6,741.25,344.63,54.08,112.99,-1,-1,-1,-1
241,5,808.0,345.0,48.0,104.0,-1,-1,-1,-1
241,1,605.51,300.7,31.74,77.86,-1,-1,-1,-1
241,2,941.17,317.48,46.05,93.89,-1,-1,-1,-1
241,3,788.83,336.2,75.91,173.41,-1,-1,-1,-1
241,4,628.79,301.76,41.58,90.44,-1,-1,-1,-1
241,6,744.08,343.68,55.31,115.29,-1,-1,-1,-1
242,5,808.0,344.0,50.0,111.0,-1,-1,-1,-1
242,1,608.92,301.11,31.63,77.61,-1,-1,-1,-1
242,2,948.72,316.11,46.18,95.62,-1,-1,-1,-1
242,3,791.82,330.28,73.53,172.29,-1,-1,-1,-1
242,4,635.78,303.95,40.85,88.58,-1,-1,-1,-1
242,6,747.22,336.18,63.14,132.1,-1,-1,-1,-1
243,5,810.6000000000001,346.8,49.59999999999991,111.59999999999997,-1,-1,-1,-1
243,1,611.17,302.16,31.36,76.62,-1,-1,-1,-1
243,2,953.8,314.7,46.03,97.14,-1,-1,-1,-1
243,3,797.74,328.3,70.72,172.2,-1,-1,-1,-1
243,4,639.26,304.81,40.53,87.85,-1,-1,-1,-1
243,6,749.16,332.53,67.94,142.31,-1,-1,-1,-1
244,5,813.2,349.6,49.19999999999993,112.2,-1,-1,-1,-1
244,1,613.59,303.29,31.01,75.34,-1,-1,-1,-1
244,2,960.08,313.42,48.52,101.82,-1,-1,-1,-1
244,3,797.86,327.25,69.26,172.23,-1,-1,-1,-1
244,4,642.11,306.63,39.48,86.07,-1,-1,-1,-1
244,6,748.92,331.29,72.34,151.76,-1,-1,-1,-1
245,5,815.8,352.4,48.80000000000007,112.8,-1,-1,-1,-1
245,1,616.09,305.96,29.97,71.27,-1,-1,-1,-1
245,2,964.12,313.66,50.47,104.45,-1,-1,-1,-1
245,3,799.83,328.77,67.76,171.27,-1,-1,-1,-1
245,4,643.73,306.26,38.95,85.99,-1,-1,-1,-1
245,6,750.36,341.6,69.75,146.66,-1,-1,-1,-1
246,5,818.4000000000001,355.20000000000005,48.39999999999986,113.39999999999998,-1,-1,-1,-1
246,1,616.52,309.08,29.83,68.83,-1,-1,-1,-1
246,2,970.11,316.38,52.34,106.02,-1,-1,-1,-1
246,3,806.15,345.43,61.36,154.0,-1,-1,-1,-1
246,4,648.43,308.51,36.91,83.28,-1,-1,-1,-1
246,6,764.78,356.52,63.89,138.04,-1,-1,-1,-1
247,5,821.0,358.0,48.0,114.0,-1,-1,-1,-1
247,1,615.85,309.57,30.71,69.19,-1,-1,-1,-1
247,2,973.62,317.73,53.71,107.17,-1,-1,-1,-1
247,3,811.33,357.46,57.72,143.4,-1,-1,-1,-1
247,4,650.41,309.5,37.27,85.57,-1,-1,-1,-1
247,6,764.94,362.3,63.32,134.21,-1,-1,-1,-1
248,1,612.26,308.21,33.43,73.56,-1,-1,-1,-1
248,2,981.08,321.03,52.04,104.35,-1,-1,-1,-1
248,3,804.75,368.57,55.91,137.5,-1,-1,-1,-1
248,4,655.18,314.6,35.1,80.78,-1,-1,-1,-1
248,5,827.07,361.64,54.99,120.13,-1,-1,-1,-1
248,6,768.26,365.59,61.72,128.86,-1,-1,-1,-1
249,1,610.6,307.71,35.09,75.46,-1,-1,-1,-1
249,2,986.39,322.15,50.68,103.49,-1,-1,-1,-1
249,3,803.6,373.08,55.94,134.55,-1,-1,-1,-1
249,4,657.78,316.7,34.22,78.92,-1,-1,-1,-1
249,5,832.29,366.12,51.63,113.65,-1,-1,-1,-1
249,6,769.14,366.45,62.17,128.55,-1,-1,-1,-1
250,1,609.92,307.78,35.15,75.61,-1,-1,-1,-1
250,2,992.89,321.8,49.0,104.03,-1,-1,-1,-1
250,3,804.38,374.32,56.66,134.8,-1,-1,-1,-1
250,4,659.91,320.46,32.55,74.94,-1,-1,-1,-1
250,5,838.42,368.52,53.79,122.66,-1,-1,-1,-1
250,6,770.52,364.63,63.61,131.38,-1,-1,-1,-1
251,1,609.7,308.67,34.44,74.48,-1,-1,-1,-1
251,2,995.91,320.77,47.99,105.39,-1,-1,-1,-1
251,3,804.18,373.49,56.68,135.87,-1,-1,-1,-1
251,4,660.57,321.79,31.89,73.5,-1,-1,-1,-1
251,5,839.67,372.27,55.8,129.27,-1,-1,-1,-1
251,6,771.75,361.68,64.92,134.61,-1,-1,-1,-1
252,1,607.94,308.4,34.51,74.94,-1,-1,-1,-1
252,2,1003.2,320.21,47.86,106.18,-1,-1,-1,-1
252,3,804.46,371.3,57.8,138.14,-1,-1,-1,-1
252,4,660.44,321.15,32.19,74.25,-1,-1,-1,-1
252,5,849.48,376.09,56.18,130.26,-1,-1,-1,-1
252,6,774.29,360.06,65.76,137.42,-1,-1,-1,-1
253,1,607.01,308.28,34.46,75.11,-1,-1,-1,-1
253,2,1008.11,320.43,47.83,105.86,-1,-1,-1,-1
253,3,805.07,370.14,57.83,139.03,-1,-1,-1,-1
253,4,659.91,320.27,32.53,75.16,-1,-1,-1,-1
253,5,856.02,377.9,56.52,130.17,-1,-1,-1,-1
253,6,775.72,358.23,66.18,139.63,-1,-1,-1,-1
254,1,606.51,308.67,35.35,77.84,-1,-1,-1,-1
254,2,1011.29,321.09,48.26,105.41,-1,-1,-1,-1
254,3,804.18,369.8,57.08,138.95,-1,-1,-1,-1
254,4,657.85,317.06,33.84,78.52,-1,-1,-1,-1
254,5,862.21,375.97,58.41,132.89,-1,-1,-1,-1
254,6,776.88,356.61,66.08,141.3,-1,-1,-1,-1
255,1,604.84,308.51,35.7,79.44,-1,-1,-1,-1
255,2,1013.64,322.52,49.26,105.22,-1,-1,-1,-1
255,3,803.15,370.69,55.8,137.91,-1,-1,-1,-1
255,4,656.48,314.23,34.88,81.26,-1,-1,-1,-1
255,5,866.18,373.83,59.4,134.33,-1,-1,-1,-1
255,6,777.31,355.39,65.89,142.76,-1,-1,-1,-1
256,1,603.69,310.78,35.68,79.75,-1,-1,-1,-1
256,2,1015.49,323.94,50.85,106.31,-1,-1,-1,-1
256,3,801.69,371.6,56.27,141.73,-1,-1,-1,-1
256,4,654.81,312.1,35.7,83.19,-1,-1,-1,-1
256,5,870.28,372.91,61.04,140.12,-1,-1,-1,-1
256,6,777.53,354.91,65.53,143.55,-1,-1,-1,-1
257,1,604.01,312.83,34.74,78.09,-1,-1,-1,-1
257,2,1015.4,324.31,52.66,107.89,-1,-1,-1,-1
257,3,801.06,372.21,55.46,142.28,-1,-1,-1,-1
257,4,651.29,310.55,37.0,84.81,-1,-1,-1,-1
257,5,873.82,373.53,61.25,143.6,-1,-1,-1,-1
257,6,777.91,354.87,65.22,143.94,-1,-1,-1,-1
258,1,603.04,313.89,34.21,77.72,-1,-1,-1,-1
258,2,1016.68,325.17,53.9,108.48,-1,-1,-1,-1
258,3,799.91,373.6,55.82,146.05,-1,-1,-1,-1
258,4,646.67,309.66,38.71,85.71,-1,-1,-1,-1
258,5,875.58,379.21,65.16,157.39,-1,-1,-1,-1
258,6,778.09,354.41,64.87,144.18,-1,-1,-1,-1
259,1,602.05,314.26,34.1,77.87,-1,-1,-1,-1
259,2,1018.01,325.48,54.7,108.67,-1,-1,-1,-1
259,3,799.57,374.4,55.8,148.06,-1,-1,-1,-1
259,4,643.89,309.92,39.57,85.46,-1,-1,-1,-1
259,5,879.16,384.33,65.27,161.92,-1,-1,-1,-1
259,6,778.64,354.09,64.81,144.66,-1,-1,-1,-1
260,1,599.16,312.6,36.16,82.67,-1,-1,-1,-1
260,2,1020.67,325.57,55.1,109.32,-1,-1,-1,-1
260,3,799.23,374.67,56.23,149.11,-1,-1,-1,-1
260,4,640.43,310.19,41.15,87.7,-1,-1,-1,-1
260,5,885.98,393.49,63.65,159.62,-1,-1,-1,-1
260,6,779.03,354.11,64.32,144.65,-1,-1,-1,-1
261,1,595.68,311.39,38.27,87.64,-1,-1,-1,-1
261,2,1028.28,325.44,54.76,109.54,-1,-1,-1,-1
261,3,798.49,375.04,56.49,149.5,-1,-1,-1,-1
261,4,637.4,310.0,41.69,88.53,-1,-1,-1,-1
261,5,894.8,396.31,63.8,160.75,-1,-1,-1,-1
261,6,779.26,354.12,63.85,144.6,-1,-1,-1,-1
262,1,591.43,311.63,38.58,88.98,-1,-1,-1,-1
262,2,1036.74,325.38,55.03,109.9,-1,-1,-1,-1
262,3,797.93,375.15,57.17,149.92,-1,-1,-1,-1
262,4,636.03,310.09,41.74,89.12,-1,-1,-1,-1
262,5,898.01,400.21,61.58,157.02,-1,-1,-1,-1
262,6,779.22,354.42,63.22,144.24,-1,-1,-1,-1
263,1,588.97,312.0,38.56,89.76,-1,-1,-1,-1
263,2,1041.72,325.04,56.02,111.2,-1,-1,-1,-1
263,3,797.27,375.17,57.78,150.06,-1,-1,-1,-1
263,4,635.64,310.28,41.55,89.33,-1,-1,-1,-1
263,5,897.34,401.89,61.44,156.06,-1,-1,-1,-1
263,6,779.34,354.54,62.63,144.07,-1,-1,-1,-1
264,1,585.86,313.6,37.11,88.56,-1,-1,-1,-1
264,2,1044.81,325.79,56.01,110.79,-1,-1,-1,-1
264,3,796.48,375.3,58.52,150.53,-1,-1,-1,-1
264,4,638.09,309.92,42.23,89.97,-1,-1,-1,-1
264,5,895.44,400.65,63.19,157.11,-1,-1,-1,-1
264,6,779.81,354.29,62.07,144.27,-1,-1,-1,-1
265,1,583.39,313.61,36.23,88.04,-1,-1,-1,-1
265,2,1045.29,326.5,55.84,110.01,-1,-1,-1,-1
265,3,795.41,375.63,59.18,150.7,-1,-1,-1,-1
265,4,639.31,309.93,42.53,89.61,-1,-1,-1,-1
265,5,894.58,399.35,65.04,157.89,-1,-1,-1,-1
265,6,781.1,354.34,61.33,143.88,-1,-1,-1,-1
266,1,580.77,312.58,36.42,89.59,-1,-1,-1,-1
266,2,1043.5,327.95,56.96,112.97,-1,-1,-1,-1
266,3,794.88,375.88,59.73,151.48,-1,-1,-1,-1
266,4,640.21,309.8,42.42,89.15,-1,-1,-1,-1
266,5,896.64,398.02,67.77,159.76,-1,-1,-1,-1
266,6,782.11,354.06,60.55,143.4,-1,-1,-1,-1
267,1,576.3,312.17,35.92,90.44,-1,-1,-1,-1
267,2,1043.13,328.48,56.57,113.47,-1,-1,-1,-1
267,3,794.32,376.25,60.09,152.35,-1,-1,-1,-1
267,4,639.98,309.9,42.34,88.96,-1,-1,-1,-1
267,5,898.26,397.3,70.44,161.15,-1,-1,-1,-1
267,6,782.88,354.11,60.0,143.35,-1,-1,-1,-1
268,5,899.0,398.0,90.0,160.0,-1,-1,-1,-1
268,1,571.61,312.6,35.34,90.45,-1,-1,-1,-1
268,2,1046.85,329.99,57.85,116.59,-1,-1,-1,-1
268,3,794.72,378.3,60.21,153.4,-1,-1,-1,-1
268,4,639.18,309.95,41.96,88.87,-1,-1,-1,-1
268,6,783.12,354.57,58.63,142.57,-1,-1,-1,-1
