1,1,258.3,369.0,43.65,114.3,-1,-1,-1,-1
1,2,352.8,312.75,23.85,85.95,-1,-1,-1,-1
1,3,1003.5,377.1,46.8,153.45,-1,-1,-1,-1
1,4,335.25,366.75,51.75,103.05,-1,-1,-1,-1
1,5,388.35,322.2,40.05,81.0,-1,-1,-1,-1
1,6,747.0,350.77,45.0,128.92,-1,-1,-1,-1
2,1,258.3,369.0,43.64,114.3,-1,-1,-1,-1
2,2,352.8,312.75,23.85,85.95,-1,-1,-1,-1
2,3,1003.5,377.1,46.8,153.45,-1,-1,-1,-1
2,4,335.25,366.75,51.75,103.05,-1,-1,-1,-1
2,5,388.35,322.2,40.05,81.0,-1,-1,-1,-1
2,6,747.0,350.77,45.0,128.92,-1,-1,-1,-1
3,1,258.43,369.0,43.73,114.65,-1,-1,-1,-1
3,2,355.22,313.45,23.22,83.49,-1,-1,-1,-1
3,3,1003.5,376.92,46.8,153.27,-1,-1,-1,-1
3,4,335.24,367.45,51.42,102.35,-1,-1,-1,-1
3,5,391.77,322.55,39.87,80.3,-1,-1,-1,-1
3,6,746.88,349.55,45.24,129.8,-1,-1,-1,-1
4,1,258.46,369.17,43.78,114.93,-1,-1,-1,-1
4,2,356.68,314.19,23.01,82.38,-1,-1,-1,-1
4,3,1003.42,376.87,46.95,153.56,-1,-1,-1,-1
4,4,335.22,367.67,51.35,102.13,-1,-1,-1,-1
4,5,393.94,322.49,40.04,80.08,-1,-1,-1,-1
4,6,746.87,349.16,45.26,130.08,-1,-1,-1,-1
5,1,258.53,369.39,43.69,114.85,-1,-1,-1,-1
5,2,358.95,313.57,23.25,82.76,-1,-1,-1,-1
5,3,1004.08,376.86,46.96,153.33,-1,-1,-1,-1
5,4,335.07,367.89,51.3,101.91,-1,-1,-1,-1
5,5,396.14,322.46,40.24,79.69,-1,-1,-1,-1
5,6,746.51,348.57,45.31,130.64,-1,-1,-1,-1
6,1,258.85,369.46,43.69,115.13,-1,-1,-1,-1
6,2,360.95,313.83,23.61,83.26,-1,-1,-1,-1
6,3,1004.27,376.85,47.02,153.25,-1,-1,-1,-1
6,4,335.19,368.11,51.26,101.69,-1,-1,-1,-1
6,5,397.27,322.61,40.3,78.93,-1,-1,-1,-1
6,6,746.72,348.56,45.31,130.98,-1,-1,-1,-1
7,1,259.5,370.43,43.24,114.28,-1,-1,-1,-1
7,2,364.27,313.12,24.34,84.09,-1,-1,-1,-1
7,3,1004.32,377.01,47.06,153.06,-1,-1,-1,-1
7,4,335.57,368.49,51.22,101.31,-1,-1,-1,-1
7,5,398.76,322.98,39.53,76.46,-1,-1,-1,-1
7,6,746.68,348.89,44.92,130.44,-1,-1,-1,-1
8,1,259.67,371.08,42.87,113.66,-1,-1,-1,-1
8,2,365.9,313.48,24.81,83.78,-1,-1,-1,-1
8,3,1004.3,377.07,47.14,153.0,-1,-1,-1,-1
8,4,335.91,368.93,51.11,100.87,-1,-1,-1,-1
8,5,399.44,323.1,38.76,74.03,-1,-1,-1,-1
8,6,747.05,349.03,44.63,130.24,-1,-1,-1,-1
9,1,260.43,372.69,42.26,112.05,-1,-1,-1,-1
9,2,366.73,313.92,24.91,82.44,-1,-1,-1,-1
9,3,1004.23,376.94,47.28,153.13,-1,-1,-1,-1
9,4,336.28,369.69,50.86,100.11,-1,-1,-1,-1
9,5,400.1,323.61,40.0,75.74,-1,-1,-1,-1
9,6,747.25,349.39,44.41,129.85,-1,-1,-1,-1
10,1,260.75,373.72,41.94,111.01,-1,-1,-1,-1
10,2,367.09,313.93,25.26,81.96,-1,-1,-1,-1
10,3,1004.17,376.89,47.39,153.18,-1,-1,-1,-1
10,4,336.83,370.26,50.56,99.24,-1,-1,-1,-1
10,5,402.16,324.7,40.06,74.83,-1,-1,-1,-1
10,6,748.16,349.23,44.47,129.7,-1,-1,-1,-1
11,1,260.9,375.14,41.72,109.89,-1,-1,-1,-1
11,2,367.74,314.23,26.03,82.41,-1,-1,-1,-1
11,3,1004.11,376.87,47.49,153.2,-1,-1,-1,-1
11,4,337.51,371.21,50.4,98.78,-1,-1,-1,-1
11,5,403.55,326.17,39.92,73.61,-1,-1,-1,-1
11,6,748.81,349.02,44.48,128.88,-1,-1,-1,-1
12,1,260.5,375.94,41.64,108.88,-1,-1,-1,-1
12,2,368.11,314.49,26.85,82.89,-1,-1,-1,-1
12,3,1004.04,376.72,47.62,153.36,-1,-1,-1,-1
12,4,338.03,371.85,50.09,98.02,-1,-1,-1,-1
12,5,404.46,326.99,39.24,71.36,-1,-1,-1,-1
12,6,748.9,348.8,44.78,129.03,-1,-1,-1,-1
13,1,257.54,376.35,42.36,108.69,-1,-1,-1,-1
13,2,369.06,314.73,28.39,84.28,-1,-1,-1,-1
13,3,1003.98,376.66,47.72,153.42,-1,-1,-1,-1
13,4,339.12,372.67,49.68,97.16,-1,-1,-1,-1
13,5,404.71,328.04,39.94,72.1,-1,-1,-1,-1
13,6,748.95,348.12,44.23,126.69,-1,-1,-1,-1
14,1,254.6,376.48,43.32,108.64,-1,-1,-1,-1
14,2,368.82,315.41,29.48,84.21,-1,-1,-1,-1
14,3,1003.94,376.64,47.8,153.45,-1,-1,-1,-1
14,4,339.92,372.8,49.62,97.01,-1,-1,-1,-1
14,5,404.75,328.25,40.52,72.7,-1,-1,-1,-1
14,6,748.63,348.17,44.09,125.51,-1,-1,-1,-1
15,1,249.82,374.69,45.34,109.85,-1,-1,-1,-1
15,2,370.3,319.09,29.59,80.3,-1,-1,-1,-1
15,3,1003.28,376.49,47.91,153.6,-1,-1,-1,-1
15,4,339.55,371.93,49.99,97.88,-1,-1,-1,-1
15,5,405.03,328.9,40.72,72.65,-1,-1,-1,-1
15,6,748.45,350.31,43.53,122.67,-1,-1,-1,-1
16,1,246.04,372.37,47.46,111.36,-1,-1,-1,-1
16,2,372.14,320.18,30.89,80.02,-1,-1,-1,-1
16,3,1002.31,376.58,48.19,153.81,-1,-1,-1,-1
16,4,339.19,370.84,50.55,99.26,-1,-1,-1,-1
16,5,405.36,328.82,40.85,72.65,-1,-1,-1,-1
16,6,748.07,352.18,43.33,120.88,-1,-1,-1,-1
17,1,241.18,368.81,50.46,114.62,-1,-1,-1,-1
17,2,371.17,321.61,33.34,81.74,-1,-1,-1,-1
17,3,1000.5,376.61,48.81,154.19,-1,-1,-1,-1
17,4,338.96,368.93,50.34,98.9,-1,-1,-1,-1
17,5,406.84,329.67,40.8,72.97,-1,-1,-1,-1
17,6,747.19,353.01,43.54,119.8,-1,-1,-1,-1
18,1,238.39,366.88,52.4,115.55,-1,-1,-1,-1
18,2,370.95,322.26,35.67,84.17,-1,-1,-1,-1
18,3,998.95,376.78,49.6,154.77,-1,-1,-1,-1
18,4,338.88,367.75,50.22,98.62,-1,-1,-1,-1
18,5,407.58,329.97,40.63,73.11,-1,-1,-1,-1
18,6,746.56,352.39,44.23,120.34,-1,-1,-1,-1
19,1,235.1,365.12,52.97,115.15,-1,-1,-1,-1
19,2,369.41,322.78,38.19,85.98,-1,-1,-1,-1
19,3,995.73,376.99,50.43,154.54,-1,-1,-1,-1
19,4,339.09,366.87,49.38,96.58,-1,-1,-1,-1
19,5,407.95,329.16,40.6,73.77,-1,-1,-1,-1
19,6,745.74,350.36,45.08,122.07,-1,-1,-1,-1
20,1,233.05,364.92,53.12,114.84,-1,-1,-1,-1
20,2,372.04,326.04,37.92,83.13,-1,-1,-1,-1
20,3,993.73,377.37,51.15,154.15,-1,-1,-1,-1
20,4,339.3,366.69,48.8,95.07,-1,-1,-1,-1
20,5,406.8,328.7,41.03,74.62,-1,-1,-1,-1
20,6,745.27,348.4,45.72,123.63,-1,-1,-1,-1
21,1,233.02,366.95,52.1,113.22,-1,-1,-1,-1
21,2,370.28,329.66,38.16,79.31,-1,-1,-1,-1
21,3,991.63,378.1,51.79,153.7,-1,-1,-1,-1
21,4,339.62,366.94,48.38,93.92,-1,-1,-1,-1
21,5,407.28,328.81,41.08,74.65,-1,-1,-1,-1
21,6,745.3,346.17,45.56,123.35,-1,-1,-1,-1
22,1,234.0,368.94,50.77,111.11,-1,-1,-1,-1
22,2,368.46,330.97,39.54,78.18,-1,-1,-1,-1
22,3,990.17,378.53,52.23,153.38,-1,-1,-1,-1
22,4,339.92,367.34,48.16,93.21,-1,-1,-1,-1
22,5,407.93,328.84,41.3,74.96,-1,-1,-1,-1
22,6,745.07,344.89,45.42,122.8,-1,-1,-1,-1
23,1,234.46,370.45,49.62,109.57,-1,-1,-1,-1
23,2,371.71,333.21,39.09,75.98,-1,-1,-1,-1
23,3,988.36,379.28,52.61,152.97,-1,-1,-1,-1
23,4,340.16,367.5,48.12,92.97,-1,-1,-1,-1
23,5,409.8,330.77,40.16,71.52,-1,-1,-1,-1
23,6,743.79,344.28,44.76,120.07,-1,-1,-1,-1
24,1,234.41,371.01,48.83,109.0,-1,-1,-1,-1
24,2,372.17,333.98,39.44,75.19,-1,-1,-1,-1
24,3,986.97,379.55,53.03,152.81,-1,-1,-1,-1
24,4,340.26,367.12,48.37,93.36,-1,-1,-1,-1
24,5,411.04,331.49,40.71,72.02,-1,-1,-1,-1
24,6,742.94,344.68,44.68,118.45,-1,-1,-1,-1
25,1,233.69,372.41,47.62,106.71,-1,-1,-1,-1
25,2,371.6,334.51,40.07,74.62,-1,-1,-1,-1
25,3,985.88,379.8,53.23,152.61,-1,-1,-1,-1
25,4,340.51,365.33,49.23,95.46,-1,-1,-1,-1
25,5,410.67,331.15,43.1,74.6,-1,-1,-1,-1
25,6,741.93,345.89,44.85,116.81,-1,-1,-1,-1
26,1,236.88,374.14,47.59,104.96,-1,-1,-1,-1
26,2,370.8,334.96,40.81,74.44,-1,-1,-1,-1
26,3,985.49,379.73,53.32,152.68,-1,-1,-1,-1
26,4,340.86,364.08,49.61,96.55,-1,-1,-1,-1
26,5,412.15,332.48,44.84,75.27,-1,-1,-1,-1
26,6,740.56,345.61,45.74,116.69,-1,-1,-1,-1
27,1,240.72,375.97,46.86,102.23,-1,-1,-1,-1
27,2,369.3,335.08,41.62,74.1,-1,-1,-1,-1
27,3,984.32,379.25,53.1,152.86,-1,-1,-1,-1
27,4,342.07,361.4,49.96,97.57,-1,-1,-1,-1
27,5,414.35,335.35,44.54,72.86,-1,-1,-1,-1
27,6,738.21,345.37,46.8,116.81,-1,-1,-1,-1
28,1,244.14,376.93,47.2,100.34,-1,-1,-1,-1
28,2,367.4,334.33,43.07,74.9,-1,-1,-1,-1
28,3,983.42,379.21,52.82,152.79,-1,-1,-1,-1
28,4,342.84,359.36,50.35,98.54,-1,-1,-1,-1
28,5,415.26,337.47,44.35,70.73,-1,-1,-1,-1
28,6,736.26,344.24,48.18,117.94,-1,-1,-1,-1
29,1,242.28,377.26,45.7,96.66,-1,-1,-1,-1
29,2,360.24,331.63,46.64,77.9,-1,-1,-1,-1
29,3,983.27,379.19,52.41,152.76,-1,-1,-1,-1
29,4,345.11,358.02,49.75,97.14,-1,-1,-1,-1
29,5,414.56,339.14,44.75,69.35,-1,-1,-1,-1
29,6,733.74,342.79,48.74,118.22,-1,-1,-1,-1
30,2,348.0,330.0,57.0,78.0,-1,-1,-1,-1
30,1,241.88,377.35,45.74,96.27,-1,-1,-1,-1
30,3,982.72,379.18,52.14,153.05,-1,-1,-1,-1
30,4,346.75,357.1,49.74,96.59,-1,-1,-1,-1
30,5,413.37,339.41,45.78,69.15,-1,-1,-1,-1
30,6,728.24,340.32,49.79,119.09,-1,-1,-1,-1
31,1,242.08,377.06,45.69,96.17,-1,-1,-1,-1
31,2,343.0,328.21,47.24,77.87,-1,-1,-1,-1
31,3,982.26,379.47,51.41,152.86,-1,-1,-1,-1
31,4,349.05,356.78,49.88,96.39,-1,-1,-1,-1
31,5,409.94,338.13,48.03,70.3,-1,-1,-1,-1
31,6,724.76,337.18,50.1,118.84,-1,-1,-1,-1
32,1,242.63,376.93,45.31,95.58,-1,-1,-1,-1
32,2,340.44,326.9,47.58,78.44,-1,-1,-1,-1
32,3,981.68,379.43,50.82,152.94,-1,-1,-1,-1
32,4,350.6,357.15,49.72,95.72,-1,-1,-1,-1
32,5,407.3,336.59,50.22,71.63,-1,-1,-1,-1
32,6,722.57,336.02,49.1,116.96,-1,-1,-1,-1
33,1,243.33,376.72,45.41,96.77,-1,-1,-1,-1
33,2,337.71,326.71,47.84,79.24,-1,-1,-1,-1
33,3,981.62,379.41,50.36,153.27,-1,-1,-1,-1
33,4,353.92,356.12,50.36,96.06,-1,-1,-1,-1
33,5,403.11,335.1,50.17,70.07,-1,-1,-1,-1
33,6,719.43,335.47,47.5,113.87,-1,-1,-1,-1
34,1,244.03,376.63,45.44,97.84,-1,-1,-1,-1
34,2,336.36,326.94,47.82,79.55,-1,-1,-1,-1
34,3,981.78,379.4,49.89,153.39,-1,-1,-1,-1
34,4,355.52,355.91,50.72,96.2,-1,-1,-1,-1
34,5,400.77,334.51,50.08,68.57,-1,-1,-1,-1
34,6,717.77,335.62,46.8,113.33,-1,-1,-1,-1
35,1,245.68,376.58,45.67,98.86,-1,-1,-1,-1
35,2,334.1,326.89,47.04,78.47,-1,-1,-1,-1
35,3,982.0,379.39,49.44,153.44,-1,-1,-1,-1
35,4,357.62,357.2,50.43,95.06,-1,-1,-1,-1
35,5,392.06,333.68,50.11,69.53,-1,-1,-1,-1
35,6,716.9,337.5,45.41,110.16,-1,-1,-1,-1
36,1,246.72,376.4,45.78,99.12,-1,-1,-1,-1
36,2,331.49,326.72,47.44,78.95,-1,-1,-1,-1
36,3,982.24,379.38,49.02,153.46,-1,-1,-1,-1
36,4,359.4,357.71,50.04,93.73,-1,-1,-1,-1
36,5,384.03,332.92,48.82,66.62,-1,-1,-1,-1
36,6,715.89,339.0,45.22,109.3,-1,-1,-1,-1
37,1,247.96,374.99,47.07,100.87,-1,-1,-1,-1
37,2,331.98,326.96,46.56,77.95,-1,-1,-1,-1
37,3,982.38,379.38,48.81,153.46,-1,-1,-1,-1
37,4,361.29,356.12,50.03,93.85,-1,-1,-1,-1
37,5,382.25,332.49,48.34,66.74,-1,-1,-1,-1
37,6,713.1,339.71,45.32,107.52,-1,-1,-1,-1
38,1,249.36,373.42,48.04,101.97,-1,-1,-1,-1
38,2,332.65,326.76,46.34,77.56,-1,-1,-1,-1
38,3,982.51,379.38,48.62,153.46,-1,-1,-1,-1
38,4,362.68,355.7,50.04,93.9,-1,-1,-1,-1
38,5,381.9,333.23,45.92,63.79,-1,-1,-1,-1
38,6,710.03,339.84,46.56,107.8,-1,-1,-1,-1
39,1,252.72,370.31,49.79,104.61,-1,-1,-1,-1
39,2,334.22,324.45,47.05,78.61,-1,-1,-1,-1
39,3,983.24,379.52,48.41,153.31,-1,-1,-1,-1
39,4,366.76,355.85,49.99,93.63,-1,-1,-1,-1
39,5,379.41,334.89,46.61,65.76,-1,-1,-1,-1
39,6,706.57,335.99,49.41,111.84,-1,-1,-1,-1
40,1,256.2,368.26,49.81,103.85,-1,-1,-1,-1
40,2,335.25,322.11,48.3,80.19,-1,-1,-1,-1
40,3,984.15,379.43,48.28,153.41,-1,-1,-1,-1
40,4,370.65,356.38,50.8,93.83,-1,-1,-1,-1
40,5,377.48,335.78,47.24,67.96,-1,-1,-1,-1
40,6,704.94,334.43,50.67,112.46,-1,-1,-1,-1
41,1,264.2,367.05,47.37,99.24,-1,-1,-1,-1
41,2,336.92,318.73,50.12,82.26,-1,-1,-1,-1
41,3,984.57,379.24,48.11,153.29,-1,-1,-1,-1
41,4,374.35,358.82,50.08,91.24,-1,-1,-1,-1
41,5,374.45,335.37,51.93,77.06,-1,-1,-1,-1
41,6,701.22,333.7,50.4,110.05,-1,-1,-1,-1
42,1,269.25,366.32,46.24,97.78,-1,-1,-1,-1
42,2,337.85,317.32,51.17,83.05,-1,-1,-1,-1
42,3,985.33,379.17,48.05,153.54,-1,-1,-1,-1
42,4,375.82,360.06,50.07,90.26,-1,-1,-1,-1
42,5,374.89,334.51,51.4,78.18,-1,-1,-1,-1
42,6,698.02,333.01,51.04,109.74,-1,-1,-1,-1
43,1,273.99,363.67,47.1,99.05,-1,-1,-1,-1
43,2,340.16,317.84,50.65,81.27,-1,-1,-1,-1
43,3,984.93,378.84,48.21,153.94,-1,-1,-1,-1
43,4,377.2,360.97,50.04,89.62,-1,-1,-1,-1
43,5,377.39,332.41,49.09,76.27,-1,-1,-1,-1
43,6,692.69,331.73,49.56,105.75,-1,-1,-1,-1
44,1,276.82,360.78,48.69,100.87,-1,-1,-1,-1
44,2,341.29,318.08,50.6,80.57,-1,-1,-1,-1
44,3,984.78,378.72,48.29,154.08,-1,-1,-1,-1
44,4,377.28,359.8,51.03,91.2,-1,-1,-1,-1
44,5,379.35,330.98,47.88,75.77,-1,-1,-1,-1
44,6,687.79,330.22,48.93,104.87,-1,-1,-1,-1
45,1,283.41,357.06,51.68,103.19,-1,-1,-1,-1
45,2,343.76,319.69,49.77,78.81,-1,-1,-1,-1
45,3,985.35,378.68,48.25,153.84,-1,-1,-1,-1
45,4,376.94,357.43,51.72,92.69,-1,-1,-1,-1
45,5,383.85,329.71,44.43,70.83,-1,-1,-1,-1
45,6,681.91,328.49,48.04,104.28,-1,-1,-1,-1
46,1,288.26,355.25,51.75,99.95,-1,-1,-1,-1
46,2,346.23,321.22,48.77,77.24,-1,-1,-1,-1
46,3,985.53,378.51,48.3,153.89,-1,-1,-1,-1
46,4,375.22,355.2,51.47,92.97,-1,-1,-1,-1
46,5,386.72,328.93,43.1,68.9,-1,-1,-1,-1
46,6,678.27,327.28,46.67,102.89,-1,-1,-1,-1
47,1,296.33,353.88,50.16,95.68,-1,-1,-1,-1
47,2,348.69,322.41,47.4,75.16,-1,-1,-1,-1
47,3,985.56,378.15,48.41,154.21,-1,-1,-1,-1
47,4,374.25,350.06,51.28,93.97,-1,-1,-1,-1
47,5,388.64,328.66,43.9,70.31,-1,-1,-1,-1
47,6,673.03,327.17,45.15,101.2,-1,-1,-1,-1
48,1,303.04,353.13,49.42,94.39,-1,-1,-1,-1
48,2,350.2,323.01,46.58,74.4,-1,-1,-1,-1
48,3,985.54,377.87,48.5,154.48,-1,-1,-1,-1
48,4,373.52,347.39,50.67,93.75,-1,-1,-1,-1
48,5,391.38,328.72,43.42,69.94,-1,-1,-1,-1
48,6,669.78,327.78,43.88,100.01,-1,-1,-1,-1
49,1,310.93,350.49,48.84,95.76,-1,-1,-1,-1
49,2,352.09,322.93,45.96,74.43,-1,-1,-1,-1
49,3,985.53,377.77,48.54,154.57,-1,-1,-1,-1
49,4,372.88,346.72,49.0,91.59,-1,-1,-1,-1
49,5,394.52,329.36,42.93,68.9,-1,-1,-1,-1
49,6,667.12,329.54,42.39,98.1,-1,-1,-1,-1
50,1,316.51,347.78,48.36,97.17,-1,-1,-1,-1
50,2,353.15,323.05,44.96,73.87,-1,-1,-1,-1
50,3,984.94,377.74,48.56,154.61,-1,-1,-1,-1
50,4,368.94,345.91,48.82,89.87,-1,-1,-1,-1
50,5,397.61,329.91,40.72,64.61,-1,-1,-1,-1
50,6,664.76,330.98,41.29,96.83,-1,-1,-1,-1
51,2,356.0,323.0,44.0,73.0,-1,-1,-1,-1
51,1,324.24,344.59,46.7,95.34,-1,-1,-1,-1
51,3,984.24,377.73,48.31,154.32,-1,-1,-1,-1
51,4,373.51,344.9,46.84,86.53,-1,-1,-1,-1
51,5,400.69,330.9,40.29,63.0,-1,-1,-1,-1
51,6,663.28,331.52,40.59,96.1,-1,-1,-1,-1
52,2,355.0,321.0,45.5,74.5,-1,-1,-1,-1
52,1,328.78,342.7,45.13,93.15,-1,-1,-1,-1
52,3,984.04,377.88,48.1,154.06,-1,-1,-1,-1
52,4,375.08,343.82,46.68,86.21,-1,-1,-1,-1
52,5,402.57,330.8,40.66,62.75,-1,-1,-1,-1
52,6,662.56,331.13,40.35,96.48,-1,-1,-1,-1
53,2,354.0,319.0,47.0,76.0,-1,-1,-1,-1
53,1,337.12,341.02,43.19,91.14,-1,-1,-1,-1
53,3,983.9,377.79,48.15,154.7,-1,-1,-1,-1
53,4,378.12,343.76,46.46,86.12,-1,-1,-1,-1
53,5,406.88,331.37,40.43,61.78,-1,-1,-1,-1
53,6,661.49,328.73,40.92,98.76,-1,-1,-1,-1
54,2,353.33333333333337,318.6666666666667,48.0,76.0,-1,-1,-1,-1
54,1,342.93,340.17,41.78,90.13,-1,-1,-1,-1
54,3,983.9,377.76,48.09,154.94,-1,-1,-1,-1
54,4,380.19,343.78,46.26,86.11,-1,-1,-1,-1
54,5,408.46,331.58,40.27,60.85,-1,-1,-1,-1
54,6,660.94,327.55,41.03,99.93,-1,-1,-1,-1
55,2,352.6666666666667,318.33333333333337,49.0,75.99999999999994,-1,-1,-1,-1
55,1,349.33,339.93,40.77,88.27,-1,-1,-1,-1
55,3,984.01,377.6,47.86,155.18,-1,-1,-1,-1
55,4,383.23,342.47,46.65,86.43,-1,-1,-1,-1
55,5,410.44,332.56,40.35,60.23,-1,-1,-1,-1
55,6,660.33,325.94,41.49,101.87,-1,-1,-1,-1
56,2,352.0,318.0,50.0,76.0,-1,-1,-1,-1
56,1,353.06,339.61,40.28,86.71,-1,-1,-1,-1
56,3,984.15,377.69,47.57,155.12,-1,-1,-1,-1
56,4,387.02,340.67,47.4,87.76,-1,-1,-1,-1
56,5,411.57,332.77,40.96,60.64,-1,-1,-1,-1
56,6,660.58,325.49,41.46,102.32,-1,-1,-1,-1
57,1,360.63,336.83,39.99,84.36,-1,-1,-1,-1
57,2,349.77,317.32,45.39,77.73,-1,-1,-1,-1
57,3,984.22,377.58,47.44,155.53,-1,-1,-1,-1
57,4,390.92,338.84,47.08,87.38,-1,-1,-1,-1
57,5,412.56,332.69,41.43,61.12,-1,-1,-1,-1
57,6,661.28,325.94,41.02,101.31,-1,-1,-1,-1
58,1,364.98,335.26,40.28,83.54,-1,-1,-1,-1
58,2,350.15,316.68,45.9,80.14,-1,-1,-1,-1
58,3,984.38,377.69,47.13,155.24,-1,-1,-1,-1
58,4,393.54,337.29,46.64,87.25,-1,-1,-1,-1
58,5,412.8,331.9,42.04,61.91,-1,-1,-1,-1
58,6,661.61,326.73,40.9,100.63,-1,-1,-1,-1
59,1,371.3,333.83,39.61,82.98,-1,-1,-1,-1
59,2,351.09,317.74,45.42,80.49,-1,-1,-1,-1
59,3,984.54,378.03,46.82,154.83,-1,-1,-1,-1
59,4,395.71,334.66,46.03,87.21,-1,-1,-1,-1
59,5,413.87,330.86,42.89,63.42,-1,-1,-1,-1
59,6,660.45,328.38,41.17,99.79,-1,-1,-1,-1
60,1,375.04,333.07,38.86,81.61,-1,-1,-1,-1
60,2,351.05,317.6,44.86,80.87,-1,-1,-1,-1
60,3,984.66,378.16,46.61,154.67,-1,-1,-1,-1
60,4,397.71,333.27,45.69,86.31,-1,-1,-1,-1
60,5,414.07,329.43,43.81,65.17,-1,-1,-1,-1
60,6,659.92,329.31,41.57,99.18,-1,-1,-1,-1
61,1,380.47,332.25,38.21,80.84,-1,-1,-1,-1
61,2,351.14,317.85,43.86,80.4,-1,-1,-1,-1
61,3,984.74,378.21,46.44,154.61,-1,-1,-1,-1
61,4,400.92,331.76,44.39,83.58,-1,-1,-1,-1
61,5,415.91,329.34,43.2,64.96,-1,-1,-1,-1
61,6,659.87,329.82,42.13,99.86,-1,-1,-1,-1
62,1,383.25,331.4,37.8,80.0,-1,-1,-1,-1
62,2,352.44,317.66,43.28,80.19,-1,-1,-1,-1
62,3,984.82,378.22,46.3,154.59,-1,-1,-1,-1
62,4,402.26,331.55,43.73,81.67,-1,-1,-1,-1
62,5,417.69,329.31,42.47,64.88,-1,-1,-1,-1
62,6,660.01,330.0,42.71,100.71,-1,-1,-1,-1
63,1,393.0,333.0,39.0,73.0,-1,-1,-1,-1
63,2,357.16,321.28,42.29,76.54,-1,-1,-1,-1
63,3,984.87,378.08,46.21,154.73,-1,-1,-1,-1
63,4,410.12,330.92,43.13,79.47,-1,-1,-1,-1
63,5,416.85,328.12,43.06,66.32,-1,-1,-1,-1
63,6,661.22,330.22,42.49,100.45,-1,-1,-1,-1
64,1,394.80000000000007,333.00000000000006,39.79999999999996,72.59999999999997,-1,-1,-1,-1
64,5,412.0,326.0,47.0,67.0,-1,-1,-1,-1
64,2,358.62,322.84,42.31,75.1,-1,-1,-1,-1
64,3,984.92,378.03,46.11,154.78,-1,-1,-1,-1
64,4,414.11,329.53,44.51,80.82,-1,-1,-1,-1
64,6,661.69,330.0,42.46,100.65,-1,-1,-1,-1
65,1,396.6,333.0,40.599999999999966,72.20000000000005,-1,-1,-1,-1
65,5,413.5,326.25,48.0,66.5,-1,-1,-1,-1
65,2,359.64,326.1,41.61,72.46,-1,-1,-1,-1
65,3,984.98,378.01,46.01,154.8,-1,-1,-1,-1
65,4,422.36,332.04,42.31,74.46,-1,-1,-1,-1
65,6,661.28,328.28,43.09,102.21,-1,-1,-1,-1
66,1,398.4,333.0,41.400000000000034,71.79999999999995,-1,-1,-1,-1
66,5,415.0,326.5,49.0,66.0,-1,-1,-1,-1
66,2,360.16,327.77,41.62,70.87,-1,-1,-1,-1
66,3,985.02,378.0,45.91,154.81,-1,-1,-1,-1
66,4,424.17,330.15,43.8,74.53,-1,-1,-1,-1
66,6,661.47,326.9,43.25,103.1,-1,-1,-1,-1
67,1,400.2,333.0,42.19999999999999,71.40000000000003,-1,-1,-1,-1
67,5,416.5,326.75,50.0,65.5,-1,-1,-1,-1
67,2,358.68,327.75,42.2,70.29,-1,-1,-1,-1
67,3,985.13,378.15,45.71,154.36,-1,-1,-1,-1
67,4,424.31,329.51,46.21,77.0,-1,-1,-1,-1
67,6,661.48,325.49,43.5,104.02,-1,-1,-1,-1
68,1,402.0,333.0,43.0,71.0,-1,-1,-1,-1
68,5,418.0,327.0,51.0,65.0,-1,-1,-1,-1
68,2,357.81,327.86,43.32,70.4,-1,-1,-1,-1
68,3,985.18,378.2,45.6,154.19,-1,-1,-1,-1
68,4,424.67,329.6,47.94,78.83,-1,-1,-1,-1
68,6,661.43,324.82,43.72,104.96,-1,-1,-1,-1
69,5,420.0,327.0,50.5,65.0,-1,-1,-1,-1
69,1,407.59,331.19,42.0,76.49,-1,-1,-1,-1
69,2,355.43,327.88,44.53,71.05,-1,-1,-1,-1
69,3,985.15,377.92,45.68,154.73,-1,-1,-1,-1
69,4,424.85,329.81,49.47,81.02,-1,-1,-1,-1
69,6,661.85,325.76,43.56,104.12,-1,-1,-1,-1
70,5,422.0,327.0,50.0,65.0,-1,-1,-1,-1
70,1,412.11,330.53,39.52,72.31,-1,-1,-1,-1
70,2,350.98,328.02,44.03,71.01,-1,-1,-1,-1
70,3,985.23,378.12,45.52,154.34,-1,-1,-1,-1
70,4,425.29,329.62,49.73,80.69,-1,-1,-1,-1
70,6,662.14,326.88,43.26,102.9,-1,-1,-1,-1
71,5,423.0,327.5,50.0,64.0,-1,-1,-1,-1
71,1,414.21,329.86,37.63,69.89,-1,-1,-1,-1
71,2,348.18,328.05,43.09,71.0,-1,-1,-1,-1
71,3,985.2,377.89,45.58,154.78,-1,-1,-1,-1
71,4,426.87,328.39,50.77,80.56,-1,-1,-1,-1
71,6,662.41,328.35,42.85,101.53,-1,-1,-1,-1
72,5,424.0,328.0,50.0,63.0,-1,-1,-1,-1
72,1,414.66,329.34,38.82,73.36,-1,-1,-1,-1
72,2,347.48,328.04,42.37,71.0,-1,-1,-1,-1
72,3,985.21,377.81,45.57,154.95,-1,-1,-1,-1
72,4,426.21,332.7,50.53,77.54,-1,-1,-1,-1
72,6,662.54,329.06,42.68,100.72,-1,-1,-1,-1
73,1,417.74,329.02,38.35,71.34,-1,-1,-1,-1
73,2,345.31,327.58,42.41,72.5,-1,-1,-1,-1
73,3,985.25,377.93,45.49,154.86,-1,-1,-1,-1
73,4,422.66,333.62,51.52,75.8,-1,-1,-1,-1
73,5,430.89,322.2,47.44,71.96,-1,-1,-1,-1
73,6,662.05,328.58,43.09,101.01,-1,-1,-1,-1
74,1,418.53,328.32,39.49,72.41,-1,-1,-1,-1
74,2,343.56,327.1,44.65,77.8,-1,-1,-1,-1
74,3,985.28,377.97,45.44,154.83,-1,-1,-1,-1
74,4,419.99,334.26,53.86,76.38,-1,-1,-1,-1
74,5,432.43,321.73,46.68,71.38,-1,-1,-1,-1
74,6,661.75,328.24,43.5,101.43,-1,-1,-1,-1
75,1,424.1,329.73,37.08,68.04,-1,-1,-1,-1
75,2,341.37,327.63,45.12,79.78,-1,-1,-1,-1
75,3,985.26,377.99,45.47,155.11,-1,-1,-1,-1
75,4,418.03,337.04,54.82,74.82,-1,-1,-1,-1
75,5,435.65,320.39,46.3,71.73,-1,-1,-1,-1
75,6,661.45,327.23,44.03,102.48,-1,-1,-1,-1
76,1,420.0,328.0,47.0,69.0,-1,-1,-1,-1
76,2,341.02,328.42,44.36,79.09,-1,-1,-1,-1
76,3,985.21,377.85,45.56,155.67,-1,-1,-1,-1
76,4,416.19,337.48,56.23,74.25,-1,-1,-1,-1
76,5,435.68,319.61,46.1,70.37,-1,-1,-1,-1
76,6,661.28,326.55,44.38,103.18,-1,-1,-1,-1
77,1,420.0,326.0,47.5,71.0,-1,-1,-1,-1
77,2,336.6,329.75,44.48,77.9,-1,-1,-1,-1
77,3,985.22,377.79,45.56,155.87,-1,-1,-1,-1
77,4,410.64,336.72,59.08,75.87,-1,-1,-1,-1
77,5,443.88,319.33,48.14,72.19,-1,-1,-1,-1
77,6,660.85,326.0,44.65,103.73,-1,-1,-1,-1
78,1,420.0,324.0,48.0,73.0,-1,-1,-1,-1
78,2,335.14,330.54,43.85,75.94,-1,-1,-1,-1
78,3,985.34,378.07,45.3,155.06,-1,-1,-1,-1
78,4,403.19,335.99,62.58,77.66,-1,-1,-1,-1
78,5,447.35,318.66,49.91,73.44,-1,-1,-1,-1
78,6,661.04,326.09,44.65,103.64,-1,-1,-1,-1
79,1,429.98,323.41,44.79,77.26,-1,-1,-1,-1
79,2,329.44,330.52,48.04,82.65,-1,-1,-1,-1
79,3,985.4,378.18,45.2,154.74,-1,-1,-1,-1
79,4,392.49,335.55,61.98,78.65,-1,-1,-1,-1
79,5,449.74,318.12,51.1,74.49,-1,-1,-1,-1
79,6,660.81,326.28,44.67,103.6,-1,-1,-1,-1
80,1,437.59,324.69,43.17,75.69,-1,-1,-1,-1
80,2,326.8,329.66,50.73,86.8,-1,-1,-1,-1
80,3,985.4,378.07,45.18,154.77,-1,-1,-1,-1
80,4,388.34,334.79,63.1,79.91,-1,-1,-1,-1
80,5,454.07,317.21,51.15,75.16,-1,-1,-1,-1
80,6,660.72,326.21,44.7,103.58,-1,-1,-1,-1
81,1,441.82,323.72,43.21,76.27,-1,-1,-1,-1
81,2,322.84,328.87,51.7,88.99,-1,-1,-1,-1
81,3,985.41,378.03,45.17,154.78,-1,-1,-1,-1
81,4,381.62,334.5,63.04,81.28,-1,-1,-1,-1
81,5,461.5,314.09,51.77,79.21,-1,-1,-1,-1
81,6,660.68,326.19,44.72,103.57,-1,-1,-1,-1
82,1,443.82,323.97,42.77,75.89,-1,-1,-1,-1
82,2,319.68,327.82,51.9,90.69,-1,-1,-1,-1
82,3,985.44,378.16,45.12,154.64,-1,-1,-1,-1
82,4,379.05,334.98,62.59,82.38,-1,-1,-1,-1
82,5,466.47,312.35,51.03,80.73,-1,-1,-1,-1
82,6,660.33,326.19,44.84,103.56,-1,-1,-1,-1
83,1,447.67,325.87,42.09,73.66,-1,-1,-1,-1
83,2,315.2,327.26,51.36,92.17,-1,-1,-1,-1
83,3,985.45,378.21,45.09,154.59,-1,-1,-1,-1
83,4,375.14,336.93,62.87,83.96,-1,-1,-1,-1
83,5,474.23,309.95,51.11,82.45,-1,-1,-1,-1
83,6,659.84,326.64,45.0,103.25,-1,-1,-1,-1
84,1,451.0,324.22,43.68,74.91,-1,-1,-1,-1
84,2,312.75,327.19,50.36,92.7,-1,-1,-1,-1
84,3,985.46,378.23,45.08,154.57,-1,-1,-1,-1
84,4,375.59,337.96,63.64,84.85,-1,-1,-1,-1
84,5,478.92,309.49,51.01,82.5,-1,-1,-1,-1
84,6,659.54,326.96,45.3,103.13,-1,-1,-1,-1
85,1,457.36,330.58,39.87,67.67,-1,-1,-1,-1
85,2,309.88,328.18,50.17,95.78,-1,-1,-1,-1
85,3,985.37,377.79,45.25,155.31,-1,-1,-1,-1
85,4,373.37,340.11,63.64,86.05,-1,-1,-1,-1
85,5,487.72,310.37,51.39,81.88,-1,-1,-1,-1
85,6,659.95,327.83,45.57,102.79,-1,-1,-1,-1
86,1,465.35,323.82,41.11,71.65,-1,-1,-1,-1
86,2,309.8,329.43,49.06,96.34,-1,-1,-1,-1
86,3,985.44,378.06,45.12,154.84,-1,-1,-1,-1
86,4,370.15,341.22,63.26,85.9,-1,-1,-1,-1
86,5,493.29,311.2,51.55,81.31,-1,-1,-1,-1
86,6,660.28,329.79,45.33,101.17,-1,-1,-1,-1
87,1,472.92,321.97,41.28,72.99,-1,-1,-1,-1
87,2,307.84,325.1,50.03,101.75,-1,-1,-1,-1
87,3,985.38,377.73,45.25,155.41,-1,-1,-1,-1
87,4,369.64,341.62,63.3,86.12,-1,-1,-1,-1
87,5,500.23,313.17,49.92,79.29,-1,-1,-1,-1
87,6,661.37,330.23,45.72,101.16,-1,-1,-1,-1
88,1,476.27,321.29,40.72,73.22,-1,-1,-1,-1
88,2,307.14,322.3,49.83,104.94,-1,-1,-1,-1
88,3,985.47,377.89,45.05,154.73,-1,-1,-1,-1
88,4,369.85,341.17,63.27,86.77,-1,-1,-1,-1
88,5,504.1,313.65,48.85,78.49,-1,-1,-1,-1
88,6,662.01,330.38,45.99,101.16,-1,-1,-1,-1
89,1,481.41,318.83,41.93,75.09,-1,-1,-1,-1
89,2,308.57,328.69,45.62,98.64,-1,-1,-1,-1
89,3,985.51,377.96,44.98,154.47,-1,-1,-1,-1
89,4,372.49,339.21,63.6,89.06,-1,-1,-1,-1
89,5,504.19,312.35,49.05,79.07,-1,-1,-1,-1
89,6,662.56,328.94,46.65,102.66,-1,-1,-1,-1
90,1,485.92,318.66,42.84,76.38,-1,-1,-1,-1
90,2,309.39,331.3,43.4,95.98,-1,-1,-1,-1
90,3,985.46,377.84,45.07,154.82,-1,-1,-1,-1
90,4,377.54,337.58,63.64,90.8,-1,-1,-1,-1
90,5,503.02,311.29,51.83,81.94,-1,-1,-1,-1
90,6,662.76,328.09,46.91,103.52,-1,-1,-1,-1
91,1,487.52,318.48,43.13,75.99,-1,-1,-1,-1
91,2,309.6,331.81,42.28,95.56,-1,-1,-1,-1
91,3,985.45,377.79,45.1,154.96,-1,-1,-1,-1
91,4,382.5,335.77,63.29,92.61,-1,-1,-1,-1
91,5,505.55,309.43,53.74,83.3,-1,-1,-1,-1
91,6,663.03,326.58,47.18,104.44,-1,-1,-1,-1
92,1,492.07,316.97,43.27,77.3,-1,-1,-1,-1
92,2,310.1,333.18,40.83,94.19,-1,-1,-1,-1
92,3,985.45,377.77,45.1,155.01,-1,-1,-1,-1
92,4,386.9,335.51,62.01,92.99,-1,-1,-1,-1
92,5,507.35,308.88,54.31,82.34,-1,-1,-1,-1
92,6,663.83,326.01,47.05,104.19,-1,-1,-1,-1
93,5,515.0,309.0,66.0,83.0,-1,-1,-1,-1
93,1,497.46,313.77,44.53,80.43,-1,-1,-1,-1
93,2,308.6,333.23,40.21,93.64,-1,-1,-1,-1
93,3,985.45,377.47,45.1,155.02,-1,-1,-1,-1
93,4,393.12,337.33,60.74,92.51,-1,-1,-1,-1
93,6,665.51,326.54,46.62,102.9,-1,-1,-1,-1
94,1,493.0,311.0,54.0,84.0,-1,-1,-1,-1
94,5,517.0,309.0,67.0,83.0,-1,-1,-1,-1
94,2,307.78,333.53,39.71,93.12,-1,-1,-1,-1
94,3,985.46,377.36,45.09,155.03,-1,-1,-1,-1
94,4,397.2,339.81,59.2,91.41,-1,-1,-1,-1
94,6,666.2,327.5,46.3,101.81,-1,-1,-1,-1
95,1,494.5,313.0,54.0,82.5,-1,-1,-1,-1
95,2,306.82,333.48,39.74,93.21,-1,-1,-1,-1
95,3,985.48,377.46,45.04,154.88,-1,-1,-1,-1
95,4,402.58,342.53,57.43,89.48,-1,-1,-1,-1
95,5,522.86,311.47,60.04,82.9,-1,-1,-1,-1
95,6,666.77,329.95,45.55,99.31,-1,-1,-1,-1
96,1,496.0,315.0,54.0,81.0,-1,-1,-1,-1
96,2,306.53,333.59,39.41,92.94,-1,-1,-1,-1
96,3,985.45,377.51,45.1,155.12,-1,-1,-1,-1
96,4,405.49,343.4,56.14,88.42,-1,-1,-1,-1
96,5,531.26,315.5,58.15,80.04,-1,-1,-1,-1
96,6,667.02,331.32,45.14,97.77,-1,-1,-1,-1
97,1,496.5,317.5,55.0,79.0,-1,-1,-1,-1
97,2,306.65,333.47,39.25,93.13,-1,-1,-1,-1
97,3,985.44,377.53,45.11,155.22,-1,-1,-1,-1
97,4,406.53,341.16,56.23,89.81,-1,-1,-1,-1
97,5,537.3,316.16,57.99,80.42,-1,-1,-1,-1
97,6,667.05,333.48,44.48,95.72,-1,-1,-1,-1
98,1,497.0,320.0,56.0,77.0,-1,-1,-1,-1
98,2,307.54,333.26,39.07,93.49,-1,-1,-1,-1
98,3,985.48,377.53,45.04,154.95,-1,-1,-1,-1
98,4,407.01,338.99,56.31,91.21,-1,-1,-1,-1
98,5,538.67,316.69,57.0,80.25,-1,-1,-1,-1
98,6,667.11,334.71,44.1,94.67,-1,-1,-1,-1
99,1,505.0,322.0,50.0,75.0,-1,-1,-1,-1
99,2,310.45,332.87,38.38,93.33,-1,-1,-1,-1
99,3,985.48,377.69,45.04,155.0,-1,-1,-1,-1
99,4,409.66,335.5,56.02,93.21,-1,-1,-1,-1
99,5,542.53,318.07,54.91,79.0,-1,-1,-1,-1
99,6,666.82,335.6,43.37,93.11,-1,-1,-1,-1
100,1,505.0,322.0,51.33333333333337,75.66666666666669,-1,-1,-1,-1
100,2,312.8,333.16,37.49,92.66,-1,-1,-1,-1
100,3,985.5,377.6,45.01,154.87,-1,-1,-1,-1
100,4,410.94,331.67,55.86,95.72,-1,-1,-1,-1
100,5,542.42,318.27,54.5,80.31,-1,-1,-1,-1
100,6,667.39,334.99,43.52,93.77,-1,-1,-1,-1
101,1,505.0,322.0,52.66666666666663,76.33333333333337,-1,-1,-1,-1
101,2,319.18,333.86,38.43,92.7,-1,-1,-1,-1
101,3,985.48,377.71,45.03,154.97,-1,-1,-1,-1
101,4,412.35,328.18,54.75,96.37,-1,-1,-1,-1
101,5,543.22,318.34,53.63,80.8,-1,-1,-1,-1
101,6,668.14,334.3,43.68,94.93,-1,-1,-1,-1
102,1,505.0,322.0,54.0,77.0,-1,-1,-1,-1
102,2,320.42,334.42,39.0,92.42,-1,-1,-1,-1
102,3,985.48,377.75,45.04,155.01,-1,-1,-1,-1
102,4,413.11,326.7,53.48,96.0,-1,-1,-1,-1
102,5,543.49,318.35,53.08,81.87,-1,-1,-1,-1
102,6,668.04,333.27,43.91,96.29,-1,-1,-1,-1
103,1,521.0,323.0,40.0,77.0,-1,-1,-1,-1
103,2,319.17,336.1,38.16,90.52,-1,-1,-1,-1
103,3,985.5,377.92,45.0,154.87,-1,-1,-1,-1
103,4,412.08,326.62,51.39,93.47,-1,-1,-1,-1
103,5,544.06,318.04,51.73,80.5,-1,-1,-1,-1
103,6,669.9,331.39,44.9,98.59,-1,-1,-1,-1
104,1,519.6666666666667,324.33333333333337,41.66666666666663,75.66666666666663,-1,-1,-1,-1
104,2,318.08,336.88,37.49,89.51,-1,-1,-1,-1
104,3,985.51,377.98,44.99,154.82,-1,-1,-1,-1
104,4,413.02,326.94,49.9,91.87,-1,-1,-1,-1
104,5,543.08,317.91,51.54,81.16,-1,-1,-1,-1
104,6,671.14,330.23,45.37,99.76,-1,-1,-1,-1
105,1,518.3333333333333,325.6666666666667,43.33333333333337,74.33333333333331,-1,-1,-1,-1
105,2,318.15,337.6,36.89,88.24,-1,-1,-1,-1
105,3,985.49,377.85,45.02,154.95,-1,-1,-1,-1
105,4,415.49,327.85,48.35,90.37,-1,-1,-1,-1
105,5,541.33,318.29,51.12,81.99,-1,-1,-1,-1
105,6,671.16,327.43,46.43,102.57,-1,-1,-1,-1
106,1,517.0,327.0,45.0,73.0,-1,-1,-1,-1
106,2,318.36,338.3,36.26,86.88,-1,-1,-1,-1
106,3,985.5,377.95,44.99,154.85,-1,-1,-1,-1
106,4,417.74,328.81,47.14,88.9,-1,-1,-1,-1
106,5,540.09,317.99,50.18,82.6,-1,-1,-1,-1
106,6,670.44,326.08,46.49,103.92,-1,-1,-1,-1
107,1,515.0,328.5,47.5,71.5,-1,-1,-1,-1
107,2,318.9,340.95,35.41,84.58,-1,-1,-1,-1
107,3,985.51,377.99,44.98,154.81,-1,-1,-1,-1
107,4,421.13,334.46,43.45,82.35,-1,-1,-1,-1
107,5,539.13,319.64,48.31,81.93,-1,-1,-1,-1
107,6,670.08,325.57,46.64,105.3,-1,-1,-1,-1
108,1,513.0,330.0,50.0,70.0,-1,-1,-1,-1
108,2,319.69,342.67,34.8,82.54,-1,-1,-1,-1
108,3,985.49,377.86,45.02,154.95,-1,-1,-1,-1
108,4,422.39,337.08,42.28,80.5,-1,-1,-1,-1
108,5,539.02,320.55,46.38,80.78,-1,-1,-1,-1
108,6,670.25,325.98,46.63,106.11,-1,-1,-1,-1
109,1,519.0,330.0,44.0,70.0,-1,-1,-1,-1
109,2,320.07,344.63,34.39,80.91,-1,-1,-1,-1
109,3,985.48,377.8,45.03,155.0,-1,-1,-1,-1
109,4,424.85,337.24,41.91,80.5,-1,-1,-1,-1
109,5,539.89,324.02,43.75,77.64,-1,-1,-1,-1
109,6,672.2,328.37,46.95,105.51,-1,-1,-1,-1
110,1,519.0,330.0,43.66666666666674,70.0,-1,-1,-1,-1
110,2,319.9,345.77,34.24,80.35,-1,-1,-1,-1
110,3,984.89,377.78,45.03,155.02,-1,-1,-1,-1
110,4,427.1,336.97,42.31,81.43,-1,-1,-1,-1
110,5,540.94,326.97,41.84,75.25,-1,-1,-1,-1
110,6,672.61,330.77,47.12,104.37,-1,-1,-1,-1
111,1,519.0,330.0,43.33333333333326,70.0,-1,-1,-1,-1
111,2,319.46,346.3,36.14,85.01,-1,-1,-1,-1
111,3,984.67,377.78,45.03,155.03,-1,-1,-1,-1
111,4,429.57,335.66,42.84,83.01,-1,-1,-1,-1
111,5,541.55,328.93,40.65,73.78,-1,-1,-1,-1
111,6,673.17,334.07,47.52,103.91,-1,-1,-1,-1
112,1,519.0,330.0,43.0,70.0,-1,-1,-1,-1
112,2,319.52,347.06,36.97,87.01,-1,-1,-1,-1
112,3,984.59,377.77,45.03,155.03,-1,-1,-1,-1
112,4,430.87,335.0,42.93,83.92,-1,-1,-1,-1
112,5,542.07,329.92,40.18,73.57,-1,-1,-1,-1
112,6,674.25,336.94,47.67,102.25,-1,-1,-1,-1
113,1,516.19,328.6,44.34,72.08,-1,-1,-1,-1
113,2,318.47,348.05,37.66,88.09,-1,-1,-1,-1
113,3,984.5,377.62,45.14,155.48,-1,-1,-1,-1
113,4,432.7,332.22,43.58,86.66,-1,-1,-1,-1
113,5,542.34,329.33,40.42,74.42,-1,-1,-1,-1
113,6,674.78,338.6,48.05,101.01,-1,-1,-1,-1
114,1,516.29,328.07,44.28,73.08,-1,-1,-1,-1
114,2,319.06,348.54,37.99,88.5,-1,-1,-1,-1
114,3,984.48,377.57,45.17,155.64,-1,-1,-1,-1
114,4,433.72,331.18,43.37,87.69,-1,-1,-1,-1
114,5,542.64,330.27,40.07,73.86,-1,-1,-1,-1
114,6,674.88,338.89,48.92,101.14,-1,-1,-1,-1
115,1,515.53,327.57,44.0,73.39,-1,-1,-1,-1
115,2,323.02,349.29,37.73,88.07,-1,-1,-1,-1
115,3,984.48,377.55,45.17,155.7,-1,-1,-1,-1
115,4,434.94,329.02,44.02,90.15,-1,-1,-1,-1
115,5,544.5,330.44,39.41,73.67,-1,-1,-1,-1
115,6,674.43,336.29,50.79,103.87,-1,-1,-1,-1
116,1,513.77,326.63,44.39,74.65,-1,-1,-1,-1
116,2,323.24,350.72,39.01,90.27,-1,-1,-1,-1
116,3,984.54,377.69,45.05,155.28,-1,-1,-1,-1
116,4,435.95,327.33,44.39,91.96,-1,-1,-1,-1
116,5,544.81,328.82,39.88,75.41,-1,-1,-1,-1
116,6,674.76,333.98,52.23,106.37,-1,-1,-1,-1
117,1,510.8,324.21,45.57,76.87,-1,-1,-1,-1
117,2,323.46,354.46,41.24,93.73,-1,-1,-1,-1
117,3,984.51,377.6,45.11,155.56,-1,-1,-1,-1
117,4,438.4,326.84,46.31,96.44,-1,-1,-1,-1
117,5,545.73,327.16,40.21,76.96,-1,-1,-1,-1
117,6,676.72,332.78,52.58,107.61,-1,-1,-1,-1
118,1,508.66,323.0,46.27,77.97,-1,-1,-1,-1
118,2,324.13,357.75,42.34,94.17,-1,-1,-1,-1
118,3,984.57,377.71,45.02,155.22,-1,-1,-1,-1
118,4,440.47,326.96,46.43,96.98,-1,-1,-1,-1
118,5,546.66,326.66,40.29,77.85,-1,-1,-1,-1
118,6,678.36,332.32,52.67,108.06,-1,-1,-1,-1
119,1,505.72,320.94,47.84,80.69,-1,-1,-1,-1
119,2,328.97,363.25,41.48,92.25,-1,-1,-1,-1
119,3,985.18,377.75,44.98,155.09,-1,-1,-1,-1
119,4,442.85,330.4,45.55,95.11,-1,-1,-1,-1
119,5,548.04,326.31,40.59,78.48,-1,-1,-1,-1
119,6,680.97,333.62,52.21,107.04,-1,-1,-1,-1
120,1,504.05,320.31,48.99,82.86,-1,-1,-1,-1
120,2,331.4,367.23,40.55,89.7,-1,-1,-1,-1
120,3,985.43,377.92,44.93,154.89,-1,-1,-1,-1
120,4,445.76,333.53,44.63,93.15,-1,-1,-1,-1
120,5,549.4,326.62,40.78,78.72,-1,-1,-1,-1
120,6,682.53,335.6,51.43,105.14,-1,-1,-1,-1
121,1,503.73,321.55,49.4,84.52,-1,-1,-1,-1
121,2,333.08,369.7,40.08,87.83,-1,-1,-1,-1
121,3,985.58,378.43,44.81,154.37,-1,-1,-1,-1
121,4,447.99,335.47,45.02,94.47,-1,-1,-1,-1
121,5,552.21,328.35,39.75,76.43,-1,-1,-1,-1
121,6,684.13,336.5,50.82,104.1,-1,-1,-1,-1
122,1,503.88,323.52,49.06,84.53,-1,-1,-1,-1
122,2,334.1,370.99,39.91,86.53,-1,-1,-1,-1
122,3,985.54,378.62,44.95,154.18,-1,-1,-1,-1
122,4,448.9,336.62,44.9,95.25,-1,-1,-1,-1
122,5,553.27,329.31,40.49,77.95,-1,-1,-1,-1
122,6,684.88,337.57,50.19,103.11,-1,-1,-1,-1
123,1,504.94,328.27,47.56,81.54,-1,-1,-1,-1
123,2,335.23,369.73,40.66,87.55,-1,-1,-1,-1
123,3,986.04,378.54,45.14,154.26,-1,-1,-1,-1
123,4,450.45,337.64,44.36,95.53,-1,-1,-1,-1
123,5,556.37,330.83,41.21,77.62,-1,-1,-1,-1
123,6,685.51,339.31,48.58,100.65,-1,-1,-1,-1
124,1,504.93,330.13,47.29,80.61,-1,-1,-1,-1
124,2,336.08,368.32,41.2,88.83,-1,-1,-1,-1
124,3,986.12,378.65,45.44,154.14,-1,-1,-1,-1
124,4,452.91,338.9,43.55,94.43,-1,-1,-1,-1
124,5,558.2,331.85,41.89,77.19,-1,-1,-1,-1
124,6,686.03,339.34,47.93,100.33,-1,-1,-1,-1
125,1,503.86,332.16,46.97,79.04,-1,-1,-1,-1
125,2,337.95,362.69,43.55,94.06,-1,-1,-1,-1
125,3,986.63,378.54,45.77,154.25,-1,-1,-1,-1
125,4,456.42,341.14,42.41,92.21,-1,-1,-1,-1
125,5,556.97,332.8,42.92,76.73,-1,-1,-1,-1
125,6,687.18,339.03,47.51,100.23,-1,-1,-1,-1
126,1,502.77,333.21,47.07,78.11,-1,-1,-1,-1
126,2,340.41,358.96,44.91,96.6,-1,-1,-1,-1
126,3,986.74,378.5,46.05,154.3,-1,-1,-1,-1
126,4,458.96,343.32,41.94,91.05,-1,-1,-1,-1
126,5,552.77,333.14,44.7,76.26,-1,-1,-1,-1
126,6,688.27,338.75,47.17,100.2,-1,-1,-1,-1
127,1,502.66,336.27,45.35,74.16,-1,-1,-1,-1
127,2,342.45,355.43,43.78,93.78,-1,-1,-1,-1
127,3,986.62,378.48,46.47,154.31,-1,-1,-1,-1
127,4,463.26,346.34,41.5,89.43,-1,-1,-1,-1
127,5,556.01,334.14,44.62,75.19,-1,-1,-1,-1
127,6,690.38,336.09,47.75,103.19,-1,-1,-1,-1
128,1,502.02,338.91,44.14,71.12,-1,-1,-1,-1
128,2,343.32,353.89,42.72,91.43,-1,-1,-1,-1
128,3,986.46,378.47,46.84,154.32,-1,-1,-1,-1
128,4,464.95,348.63,41.03,87.62,-1,-1,-1,-1
128,5,554.6,334.64,45.58,74.49,-1,-1,-1,-1
128,6,692.26,334.94,47.51,104.31,-1,-1,-1,-1
129,1,495.3,340.45,42.05,67.89,-1,-1,-1,-1
129,2,343.05,351.98,42.5,91.73,-1,-1,-1,-1
129,3,986.89,378.47,47.18,154.33,-1,-1,-1,-1
129,4,465.27,351.4,40.67,85.15,-1,-1,-1,-1
129,5,554.95,335.55,46.52,73.94,-1,-1,-1,-1
129,6,695.83,333.18,47.54,106.51,-1,-1,-1,-1
130,1,489.9,338.8,41.76,68.89,-1,-1,-1,-1
130,2,343.45,350.25,42.52,92.14,-1,-1,-1,-1
130,3,986.97,378.32,47.45,154.18,-1,-1,-1,-1
130,4,466.13,352.36,40.7,84.25,-1,-1,-1,-1
130,5,554.56,337.07,47.24,72.85,-1,-1,-1,-1
130,6,698.26,330.75,47.68,108.8,-1,-1,-1,-1
131,1,483.52,339.55,39.82,66.25,-1,-1,-1,-1
131,2,344.58,346.5,44.04,94.95,-1,-1,-1,-1
131,3,986.89,378.11,47.76,154.28,-1,-1,-1,-1
131,4,468.01,349.8,41.67,86.67,-1,-1,-1,-1
131,5,558.53,337.75,47.05,72.45,-1,-1,-1,-1
131,6,702.59,327.92,48.45,110.84,-1,-1,-1,-1
132,1,478.06,340.86,42.39,72.02,-1,-1,-1,-1
132,2,346.55,344.23,44.97,96.29,-1,-1,-1,-1
132,3,986.78,378.03,48.02,154.32,-1,-1,-1,-1
132,4,468.76,346.75,42.99,89.35,-1,-1,-1,-1
132,5,560.46,338.58,46.61,71.72,-1,-1,-1,-1
132,6,705.17,326.86,48.57,111.31,-1,-1,-1,-1
133,1,470.11,335.18,47.17,82.23,-1,-1,-1,-1
133,2,353.21,341.78,43.42,90.33,-1,-1,-1,-1
133,3,986.71,378.0,48.17,154.03,-1,-1,-1,-1
133,4,468.67,343.06,44.12,92.44,-1,-1,-1,-1
133,5,557.81,339.16,47.08,70.86,-1,-1,-1,-1
133,6,708.04,329.42,48.26,110.87,-1,-1,-1,-1
134,1,468.0,336.0,47.0,78.0,-1,-1,-1,-1
134,2,357.17,339.99,43.57,88.86,-1,-1,-1,-1
134,3,986.63,378.14,48.31,153.78,-1,-1,-1,-1
134,4,467.99,336.51,46.31,98.59,-1,-1,-1,-1
134,5,556.29,338.59,48.23,71.46,-1,-1,-1,-1
134,6,710.07,331.32,47.9,109.79,-1,-1,-1,-1
135,1,462.0,335.0,45.0,79.0,-1,-1,-1,-1
135,2,367.24,336.37,46.1,91.34,-1,-1,-1,-1
135,3,986.51,378.05,48.53,153.83,-1,-1,-1,-1
135,4,467.97,335.02,44.29,95.75,-1,-1,-1,-1
135,5,557.46,337.02,49.34,73.19,-1,-1,-1,-1
135,6,711.0,333.24,47.29,108.16,-1,-1,-1,-1
136,1,460.00000000000006,334.33333333333337,44.666666666666686,80.0,-1,-1,-1,-1
136,2,371.73,333.75,47.37,92.85,-1,-1,-1,-1
136,3,986.43,378.16,48.67,153.71,-1,-1,-1,-1
136,4,469.19,334.31,42.62,93.95,-1,-1,-1,-1
136,5,557.47,336.12,49.99,74.14,-1,-1,-1,-1
136,6,711.62,334.58,46.96,106.94,-1,-1,-1,-1
137,1,458.0,333.6666666666667,44.33333333333337,80.99999999999994,-1,-1,-1,-1
137,2,374.81,329.41,48.73,95.78,-1,-1,-1,-1
137,3,986.35,378.2,48.82,153.66,-1,-1,-1,-1
137,4,467.68,331.55,42.26,92.65,-1,-1,-1,-1
137,5,553.76,332.95,52.28,77.17,-1,-1,-1,-1
137,6,712.0,334.63,47.0,106.17,-1,-1,-1,-1
138,1,456.0,333.0,44.0,82.0,-1,-1,-1,-1
138,2,376.45,326.94,49.55,97.77,-1,-1,-1,-1
138,3,986.27,378.22,48.97,153.65,-1,-1,-1,-1
138,4,466.57,329.35,42.53,92.45,-1,-1,-1,-1
138,5,554.67,332.05,52.01,77.73,-1,-1,-1,-1
138,6,711.71,333.74,47.75,107.08,-1,-1,-1,-1
139,1,458.00000000000006,333.33333333333337,43.66666666666663,82.0,-1,-1,-1,-1
139,2,384.3,326.07,45.15,88.84,-1,-1,-1,-1
139,3,986.11,378.22,49.27,153.65,-1,-1,-1,-1
139,4,464.65,326.93,43.81,94.45,-1,-1,-1,-1
139,5,551.28,329.05,51.13,77.93,-1,-1,-1,-1
139,6,711.82,332.22,48.67,108.6,-1,-1,-1,-1
140,1,460.0,333.6666666666667,43.333333333333314,81.99999999999994,-1,-1,-1,-1
140,2,394.62,326.18,41.98,84.63,-1,-1,-1,-1
140,3,985.99,378.67,49.51,153.5,-1,-1,-1,-1
140,4,463.54,326.64,43.85,94.01,-1,-1,-1,-1
140,5,547.03,327.33,49.59,76.23,-1,-1,-1,-1
140,6,712.97,331.5,49.09,109.47,-1,-1,-1,-1
141,1,462.0,334.0,43.0,82.0,-1,-1,-1,-1
141,2,403.75,325.07,40.99,84.37,-1,-1,-1,-1
141,3,985.9,379.14,49.67,153.15,-1,-1,-1,-1
141,4,462.21,327.18,43.86,93.54,-1,-1,-1,-1
141,5,547.69,328.18,47.42,74.36,-1,-1,-1,-1
141,6,714.42,331.82,48.89,109.5,-1,-1,-1,-1
142,1,463.00000000000006,334.6666666666667,41.66666666666663,81.0,-1,-1,-1,-1
142,2,408.12,322.61,41.19,86.41,-1,-1,-1,-1
142,3,985.71,379.31,50.05,153.02,-1,-1,-1,-1
142,4,461.26,327.13,44.13,93.94,-1,-1,-1,-1
142,5,546.98,327.63,46.78,74.86,-1,-1,-1,-1
142,6,715.32,331.8,48.61,109.49,-1,-1,-1,-1
143,1,464.0,335.33333333333337,40.33333333333337,79.99999999999994,-1,-1,-1,-1
143,2,414.72,319.37,41.14,86.88,-1,-1,-1,-1
143,3,985.57,379.67,50.32,152.68,-1,-1,-1,-1
143,4,460.84,328.03,44.2,93.19,-1,-1,-1,-1
143,5,545.53,326.7,46.58,76.53,-1,-1,-1,-1
143,6,715.75,332.25,48.24,109.19,-1,-1,-1,-1
144,1,465.0,336.0,39.0,79.0,-1,-1,-1,-1
144,2,418.99,316.72,41.66,88.86,-1,-1,-1,-1
144,3,985.41,379.8,50.64,152.55,-1,-1,-1,-1
144,4,461.59,328.56,44.5,92.31,-1,-1,-1,-1
144,5,545.14,326.22,45.65,77.16,-1,-1,-1,-1
144,6,715.92,332.42,47.97,109.06,-1,-1,-1,-1
145,1,465.0,334.0,40.0,80.0,-1,-1,-1,-1
145,2,426.93,315.2,40.55,86.95,-1,-1,-1,-1
145,3,985.35,380.89,50.74,151.17,-1,-1,-1,-1
145,4,463.76,329.08,43.67,90.18,-1,-1,-1,-1
145,5,544.39,324.87,44.78,78.58,-1,-1,-1,-1
145,6,716.01,332.34,47.76,109.01,-1,-1,-1,-1
146,1,465.0,332.0,41.0,81.0,-1,-1,-1,-1
146,4,467.0,330.0,55.0,91.0,-1,-1,-1,-1
146,2,434.39,315.92,39.82,85.32,-1,-1,-1,-1
146,3,985.12,381.74,51.2,150.5,-1,-1,-1,-1
146,5,543.28,322.47,44.38,81.16,-1,-1,-1,-1
146,6,715.55,332.02,47.38,108.68,-1,-1,-1,-1
147,1,462.0,330.5,41.5,82.5,-1,-1,-1,-1
147,4,467.0,331.0,57.33333333333337,90.66666666666669,-1,-1,-1,-1
147,2,439.49,317.01,39.3,83.81,-1,-1,-1,-1
147,3,986.2,383.69,51.43,148.62,-1,-1,-1,-1
147,5,541.22,319.09,44.04,83.01,-1,-1,-1,-1
147,6,715.5,329.22,47.52,110.34,-1,-1,-1,-1
148,1,459.0,329.0,42.0,84.0,-1,-1,-1,-1
148,4,467.0,332.0,59.66666666666663,90.33333333333336,-1,-1,-1,-1
148,2,441.92,317.93,38.79,82.67,-1,-1,-1,-1
148,3,987.08,385.16,51.76,147.18,-1,-1,-1,-1
148,5,539.48,317.52,42.94,82.25,-1,-1,-1,-1
148,6,715.4,326.69,47.69,112.14,-1,-1,-1,-1
149,1,460.0,329.0,43.0,85.0,-1,-1,-1,-1
149,4,467.0,333.0,62.0,90.0,-1,-1,-1,-1
149,2,446.86,319.83,37.5,80.16,-1,-1,-1,-1
149,3,989.16,387.19,51.96,144.86,-1,-1,-1,-1
149,5,539.31,317.4,41.0,78.97,-1,-1,-1,-1
149,6,714.94,324.42,46.21,110.16,-1,-1,-1,-1
150,2,453.0,321.0,34.0,79.0,-1,-1,-1,-1
150,4,474.0,331.0,58.0,89.0,-1,-1,-1,-1
150,1,460.54,329.07,41.0,86.95,-1,-1,-1,-1
150,3,990.44,388.82,52.2,142.82,-1,-1,-1,-1
150,5,540.72,317.11,39.81,77.38,-1,-1,-1,-1
150,6,714.7,324.03,45.71,110.28,-1,-1,-1,-1
151,2,456.5,321.75,35.0,77.0,-1,-1,-1,-1
151,4,481.0,329.0,53.0,88.0,-1,-1,-1,-1
151,1,458.0,328.44,41.65,87.02,-1,-1,-1,-1
151,3,991.25,389.7,52.8,141.49,-1,-1,-1,-1
151,5,528.45,301.15,48.85,93.58,-1,-1,-1,-1
151,6,713.33,323.75,45.07,110.61,-1,-1,-1,-1
152,2,460.0,322.5,36.0,75.0,-1,-1,-1,-1
152,1,457.17,329.13,41.76,85.25,-1,-1,-1,-1
152,3,991.35,390.14,53.37,140.29,-1,-1,-1,-1
152,4,482.38,327.25,55.01,86.03,-1,-1,-1,-1
152,5,523.52,294.68,52.65,99.27,-1,-1,-1,-1
152,6,712.48,323.38,44.89,111.32,-1,-1,-1,-1
153,2,463.5,323.25,37.0,73.0,-1,-1,-1,-1
153,1,453.06,328.04,42.2,85.82,-1,-1,-1,-1
153,3,991.76,390.12,53.99,139.43,-1,-1,-1,-1
153,4,487.72,320.03,59.45,95.03,-1,-1,-1,-1
153,5,517.38,290.93,55.73,101.88,-1,-1,-1,-1
153,6,712.0,324.16,43.95,109.81,-1,-1,-1,-1
154,2,467.0,324.0,38.0,71.0,-1,-1,-1,-1
154,5,514.0,291.0,60.0,97.0,-1,-1,-1,-1
154,1,451.09,327.65,42.72,86.65,-1,-1,-1,-1
154,3,991.69,390.23,54.61,139.3,-1,-1,-1,-1
154,4,489.66,315.81,62.16,100.35,-1,-1,-1,-1
154,6,711.95,324.48,43.34,109.22,-1,-1,-1,-1
155,2,466.0,320.0,48.0,75.0,-1,-1,-1,-1
155,5,516.0,292.5,58.5,94.0,-1,-1,-1,-1
155,1,447.06,327.81,42.42,87.27,-1,-1,-1,-1
155,3,990.68,389.79,55.57,140.33,-1,-1,-1,-1
155,4,503.26,321.14,58.3,95.02,-1,-1,-1,-1
155,6,711.89,324.02,43.19,109.6,-1,-1,-1,-1
156,2,476.0,319.0,46.0,70.0,-1,-1,-1,-1
156,5,518.0,294.0,57.0,91.0,-1,-1,-1,-1
156,1,445.12,328.63,42.03,87.81,-1,-1,-1,-1
156,3,989.61,389.91,56.06,140.75,-1,-1,-1,-1
156,4,509.36,323.52,56.25,92.92,-1,-1,-1,-1
156,6,711.99,323.72,42.9,109.74,-1,-1,-1,-1
157,2,483.0,321.0,48.0,66.0,-1,-1,-1,-1
157,1,443.46,330.88,41.62,87.43,-1,-1,-1,-1
157,3,988.51,390.23,56.43,140.93,-1,-1,-1,-1
157,4,517.88,327.03,54.04,89.05,-1,-1,-1,-1
157,5,514.08,301.94,43.67,81.05,-1,-1,-1,-1
157,6,711.39,321.98,42.9,110.68,-1,-1,-1,-1
158,2,492.5,323.5,44.0,64.5,-1,-1,-1,-1
158,1,440.4,332.63,41.84,87.29,-1,-1,-1,-1
158,3,988.0,390.63,56.74,141.02,-1,-1,-1,-1
158,4,522.98,328.41,53.8,87.53,-1,-1,-1,-1
158,5,506.07,303.51,45.93,83.46,-1,-1,-1,-1
158,6,711.71,321.34,42.41,110.15,-1,-1,-1,-1
159,2,502.0,326.0,40.0,63.0,-1,-1,-1,-1
159,4,520.0,327.0,67.0,90.0,-1,-1,-1,-1
159,1,435.01,334.77,43.8,89.33,-1,-1,-1,-1
159,3,987.74,391.36,56.97,140.47,-1,-1,-1,-1
159,5,502.19,308.3,44.94,80.58,-1,-1,-1,-1
159,6,712.32,320.53,41.26,106.67,-1,-1,-1,-1
160,2,503.5,322.0,47.0,68.0,-1,-1,-1,-1
160,1,432.33,336.74,44.93,89.21,-1,-1,-1,-1
160,3,988.14,392.21,57.27,139.69,-1,-1,-1,-1
160,4,522.77,329.03,58.61,88.25,-1,-1,-1,-1
160,5,500.65,312.48,44.91,79.41,-1,-1,-1,-1
160,6,711.67,320.55,40.8,104.74,-1,-1,-1,-1
161,2,505.0,318.0,54.0,73.0,-1,-1,-1,-1
161,1,429.74,340.14,44.81,87.08,-1,-1,-1,-1
161,3,988.91,394.16,57.31,137.77,-1,-1,-1,-1
161,4,529.53,331.59,57.49,85.09,-1,-1,-1,-1
161,5,502.32,318.38,43.65,74.76,-1,-1,-1,-1
161,6,710.36,322.23,40.36,102.24,-1,-1,-1,-1
162,2,509.0,317.0,54.0,74.0,-1,-1,-1,-1
162,1,428.21,342.6,44.39,84.77,-1,-1,-1,-1
162,3,989.6,395.01,57.71,136.92,-1,-1,-1,-1
162,4,533.22,332.27,58.01,84.77,-1,-1,-1,-1
162,5,504.25,319.04,45.2,74.55,-1,-1,-1,-1
162,6,709.51,323.48,40.35,100.42,-1,-1,-1,-1
163,2,521.0,316.0,52.5,75.0,-1,-1,-1,-1
163,5,498.0,317.0,66.0,77.0,-1,-1,-1,-1
163,1,427.07,345.28,43.6,82.11,-1,-1,-1,-1
163,3,990.57,394.26,58.81,137.67,-1,-1,-1,-1
163,4,541.46,329.51,59.16,86.76,-1,-1,-1,-1
163,6,710.82,324.71,41.96,98.88,-1,-1,-1,-1
164,2,533.0,315.0,51.0,76.0,-1,-1,-1,-1
164,5,500.0,317.0,70.0,77.0,-1,-1,-1,-1
164,1,426.77,346.53,43.52,80.84,-1,-1,-1,-1
164,3,991.06,392.61,60.14,139.31,-1,-1,-1,-1
164,4,548.39,328.78,59.3,87.49,-1,-1,-1,-1
164,6,710.59,324.86,44.03,98.65,-1,-1,-1,-1
165,2,537.0,313.6666666666667,53.33333333333337,77.0,-1,-1,-1,-1
165,5,510.6666666666667,316.0,70.33333333333331,77.66666666666669,-1,-1,-1,-1
165,1,427.31,347.54,43.7,79.8,-1,-1,-1,-1
165,3,991.58,388.71,62.31,142.62,-1,-1,-1,-1
165,4,557.85,327.02,58.37,88.36,-1,-1,-1,-1
165,6,709.04,322.36,47.12,101.0,-1,-1,-1,-1
166,2,541.0,312.3333333333333,55.66666666666674,78.00000000000006,-1,-1,-1,-1
166,5,521.3333333333333,315.0,70.66666666666674,78.33333333333337,-1,-1,-1,-1
166,1,427.67,347.41,44.64,80.05,-1,-1,-1,-1
166,3,991.75,384.73,64.31,144.61,-1,-1,-1,-1
166,4,561.54,324.44,58.61,90.45,-1,-1,-1,-1
166,6,707.02,320.39,49.36,101.6,-1,-1,-1,-1
167,2,545.0,311.0,58.0,79.0,-1,-1,-1,-1
167,5,532.0,314.0,71.0,79.0,-1,-1,-1,-1
167,1,428.22,346.12,47.11,82.57,-1,-1,-1,-1
167,3,997.08,383.66,63.95,141.68,-1,-1,-1,-1
167,4,568.8,318.04,57.81,90.64,-1,-1,-1,-1
167,6,700.32,318.17,46.02,95.0,-1,-1,-1,-1
168,2,555.2,309.6,55.0,78.19999999999999,-1,-1,-1,-1
168,1,428.58,345.02,50.28,86.48,-1,-1,-1,-1
168,3,1001.36,383.12,61.66,134.11,-1,-1,-1,-1
168,4,578.98,318.11,55.27,88.33,-1,-1,-1,-1
168,5,547.99,312.15,45.4,80.56,-1,-1,-1,-1
168,6,697.51,317.03,43.99,91.26,-1,-1,-1,-1
169,2,565.4,308.2,52.000000000000114,77.40000000000003,-1,-1,-1,-1
169,1,430.91,345.02,51.97,88.25,-1,-1,-1,-1
169,3,1007.2,383.11,60.75,130.19,-1,-1,-1,-1
169,4,593.49,319.55,49.93,80.83,-1,-1,-1,-1
169,5,549.83,310.58,44.83,79.55,-1,-1,-1,-1
169,6,694.53,316.81,43.6,91.19,-1,-1,-1,-1
170,2,575.5999999999999,306.8,49.000000000000114,76.59999999999997,-1,-1,-1,-1
170,1,435.54,345.88,52.4,88.35,-1,-1,-1,-1
170,3,1009.99,381.91,61.38,130.02,-1,-1,-1,-1
170,4,601.71,319.25,48.49,79.21,-1,-1,-1,-1
170,5,558.93,310.01,41.45,75.28,-1,-1,-1,-1
170,6,691.84,315.84,43.79,91.81,-1,-1,-1,-1
171,2,585.8,305.4,46.000000000000114,75.80000000000001,-1,-1,-1,-1
171,1,449.57,347.07,52.45,87.49,-1,-1,-1,-1
171,3,1014.89,379.09,62.14,132.4,-1,-1,-1,-1
171,4,611.74,320.99,46.73,76.52,-1,-1,-1,-1
171,5,568.33,310.3,39.86,74.17,-1,-1,-1,-1
171,6,689.4,315.35,43.27,89.67,-1,-1,-1,-1
172,2,596.0,304.0,43.0,75.0,-1,-1,-1,-1
172,1,455.16,347.5,51.94,87.74,-1,-1,-1,-1
172,3,1023.19,376.28,61.24,134.2,-1,-1,-1,-1
172,4,617.44,321.51,45.7,75.58,-1,-1,-1,-1
172,5,573.78,310.88,39.14,73.45,-1,-1,-1,-1
172,6,687.6,314.9,43.2,88.31,-1,-1,-1,-1
173,2,601.6666666666667,301.33333333333337,47.33333333333326,73.66666666666663,-1,-1,-1,-1
173,1,460.59,344.53,53.7,90.49,-1,-1,-1,-1
173,3,1022.75,371.98,63.11,137.28,-1,-1,-1,-1
173,4,623.83,322.47,45.87,75.27,-1,-1,-1,-1
173,5,577.25,310.39,39.76,73.47,-1,-1,-1,-1
173,6,684.58,316.43,42.58,84.83,-1,-1,-1,-1
174,2,607.3333333333333,298.66666666666663,51.66666666666674,72.33333333333337,-1,-1,-1,-1
174,1,465.17,342.82,55.01,91.81,-1,-1,-1,-1
174,3,1024.09,369.52,64.13,138.16,-1,-1,-1,-1
174,4,631.31,322.69,46.66,75.2,-1,-1,-1,-1
174,5,580.08,309.78,41.31,74.06,-1,-1,-1,-1
174,6,683.09,316.72,42.68,83.6,-1,-1,-1,-1
175,2,613.0,296.0,56.0,71.0,-1,-1,-1,-1
175,1,473.74,341.56,54.06,88.19,-1,-1,-1,-1
175,3,1031.24,367.15,62.88,136.13,-1,-1,-1,-1
175,4,637.28,322.77,46.01,74.0,-1,-1,-1,-1
175,5,587.85,310.61,44.11,74.57,-1,-1,-1,-1
175,6,684.46,317.59,42.08,81.99,-1,-1,-1,-1
176,2,619.5,296.1666666666667,54.5,73.33333333333337,-1,-1,-1,-1
176,1,479.86,340.62,55.0,87.35,-1,-1,-1,-1
176,3,1042.59,365.87,58.06,128.33,-1,-1,-1,-1
176,4,640.36,323.26,45.27,72.68,-1,-1,-1,-1
176,5,594.0,309.92,45.48,73.87,-1,-1,-1,-1
176,6,685.72,315.79,42.94,83.6,-1,-1,-1,-1
177,2,626.0,296.33333333333337,53.0,75.66666666666663,-1,-1,-1,-1
177,1,496.42,341.92,50.98,83.15,-1,-1,-1,-1
177,3,1047.53,365.33,58.26,128.58,-1,-1,-1,-1
177,4,642.17,321.48,46.11,74.96,-1,-1,-1,-1
177,5,602.8,306.4,46.32,75.37,-1,-1,-1,-1
177,6,686.22,312.45,44.44,86.61,-1,-1,-1,-1
178,2,632.5,296.5,51.5,78.0,-1,-1,-1,-1
178,1,505.04,342.72,48.6,81.87,-1,-1,-1,-1
178,3,1049.75,364.73,58.45,127.94,-1,-1,-1,-1
178,4,642.55,318.6,47.28,78.18,-1,-1,-1,-1
178,5,608.52,305.84,46.16,75.64,-1,-1,-1,-1
178,6,686.07,307.97,46.34,91.02,-1,-1,-1,-1
179,2,639.0,296.6666666666667,50.0,80.33333333333331,-1,-1,-1,-1
179,1,513.37,343.32,46.67,80.81,-1,-1,-1,-1
179,3,1057.45,362.46,60.05,129.24,-1,-1,-1,-1
179,4,642.57,314.88,48.81,82.34,-1,-1,-1,-1
179,5,620.07,302.55,47.0,79.57,-1,-1,-1,-1
179,6,687.09,306.14,46.69,93.28,-1,-1,-1,-1
180,2,645.5,296.8333333333333,48.5,82.66666666666669,-1,-1,-1,-1
180,1,519.68,342.63,45.69,80.74,-1,-1,-1,-1
180,3,1061.91,359.43,61.97,131.68,-1,-1,-1,-1
180,4,642.87,313.62,48.53,83.65,-1,-1,-1,-1
180,5,626.26,301.19,45.67,80.75,-1,-1,-1,-1
180,6,688.69,305.04,46.23,94.75,-1,-1,-1,-1
181,2,652.0,297.0,47.0,85.0,-1,-1,-1,-1
181,1,526.08,340.27,47.01,83.44,-1,-1,-1,-1
181,3,1066.51,358.05,61.31,129.36,-1,-1,-1,-1
181,4,644.04,314.34,47.07,83.27,-1,-1,-1,-1
181,5,635.42,301.29,43.39,80.3,-1,-1,-1,-1
181,6,691.2,304.51,45.24,95.3,-1,-1,-1,-1
182,2,658.4000000000001,297.20000000000005,45.59999999999991,85.79999999999995,-1,-1,-1,-1
182,1,532.57,340.14,48.41,84.45,-1,-1,-1,-1
182,3,1067.64,356.4,60.67,126.98,-1,-1,-1,-1
182,4,644.6,316.28,45.34,82.21,-1,-1,-1,-1
182,5,640.69,301.97,42.64,81.86,-1,-1,-1,-1
182,6,692.45,304.36,44.31,95.8,-1,-1,-1,-1
183,2,664.8,297.4,44.200000000000045,86.60000000000002,-1,-1,-1,-1
183,5,649.0,302.0,43.0,87.0,-1,-1,-1,-1
183,1,539.5,339.06,49.65,85.73,-1,-1,-1,-1
183,3,1069.38,353.9,61.05,126.56,-1,-1,-1,-1
183,4,643.48,319.42,42.9,79.12,-1,-1,-1,-1
183,6,694.43,304.48,43.31,95.68,-1,-1,-1,-1
184,2,671.2,297.6,42.79999999999996,87.39999999999998,-1,-1,-1,-1
184,5,654.5,302.0,44.5,86.5,-1,-1,-1,-1
184,1,548.68,338.81,49.0,86.51,-1,-1,-1,-1
184,3,1069.0,352.44,61.78,125.83,-1,-1,-1,-1
184,4,643.43,318.98,42.71,79.75,-1,-1,-1,-1
184,6,696.23,304.57,42.6,95.62,-1,-1,-1,-1
185,2,677.6,297.8,41.39999999999998,88.19999999999999,-1,-1,-1,-1
185,5,660.0,302.0,46.0,86.0,-1,-1,-1,-1
185,1,557.22,342.27,45.91,83.26,-1,-1,-1,-1
185,3,1070.37,351.81,62.33,124.83,-1,-1,-1,-1
185,4,644.02,319.27,42.45,80.57,-1,-1,-1,-1
185,6,700.3,305.53,41.47,94.99,-1,-1,-1,-1
186,2,684.0,298.0,40.0,89.0,-1,-1,-1,-1
186,1,562.82,343.47,44.22,81.69,-1,-1,-1,-1
186,3,1070.56,352.69,61.71,121.64,-1,-1,-1,-1
186,4,645.25,319.24,42.54,82.66,-1,-1,-1,-1
186,5,667.14,304.98,41.89,85.94,-1,-1,-1,-1
186,6,703.93,305.92,40.41,94.44,-1,-1,-1,-1
187,2,688.5,298.25,40.5,86.5,-1,-1,-1,-1
187,1,571.56,343.91,44.21,81.73,-1,-1,-1,-1
187,3,1071.55,353.7,61.77,119.56,-1,-1,-1,-1
187,4,646.23,320.4,41.98,84.32,-1,-1,-1,-1
187,5,675.67,305.26,40.52,84.39,-1,-1,-1,-1
187,6,709.92,309.81,38.43,89.47,-1,-1,-1,-1
188,2,693.0,298.5,41.0,84.0,-1,-1,-1,-1
188,1,577.87,344.06,45.38,83.54,-1,-1,-1,-1
188,3,1071.64,354.12,62.14,118.24,-1,-1,-1,-1
188,4,647.0,321.15,41.43,85.54,-1,-1,-1,-1
188,5,682.03,305.97,39.73,83.51,-1,-1,-1,-1
188,6,714.36,312.99,37.54,86.05,-1,-1,-1,-1
189,2,697.5,298.75,41.5,81.5,-1,-1,-1,-1
189,1,584.19,345.15,46.96,86.3,-1,-1,-1,-1
189,3,1073.0,353.25,61.84,115.53,-1,-1,-1,-1
189,4,649.84,324.52,39.49,83.35,-1,-1,-1,-1
189,5,686.59,304.6,42.33,88.23,-1,-1,-1,-1
189,6,719.2,314.61,38.55,84.82,-1,-1,-1,-1
190,2,702.0,299.0,42.0,79.0,-1,-1,-1,-1
190,6,717.0,316.0,50.0,82.0,-1,-1,-1,-1
190,1,589.33,349.66,45.77,84.11,-1,-1,-1,-1
190,3,1073.19,351.15,64.58,119.12,-1,-1,-1,-1
190,4,652.44,328.05,37.35,80.38,-1,-1,-1,-1
190,5,692.8,305.55,42.19,86.76,-1,-1,-1,-1
191,2,705.0,298.33333333333337,41.0,80.66666666666663,-1,-1,-1,-1
191,6,713.0,317.0,63.0,82.0,-1,-1,-1,-1
191,1,593.49,351.26,45.05,83.84,-1,-1,-1,-1
191,3,1071.86,351.01,67.08,121.93,-1,-1,-1,-1
191,4,655.52,331.17,35.79,77.45,-1,-1,-1,-1
191,5,702.5,308.17,40.58,83.47,-1,-1,-1,-1
192,2,708.0,297.6666666666667,40.0,82.33333333333331,-1,-1,-1,-1
192,6,711.0,317.0,74.0,83.0,-1,-1,-1,-1
192,1,596.44,351.97,44.54,84.04,-1,-1,-1,-1
192,3,1070.93,350.4,68.74,123.02,-1,-1,-1,-1
192,4,657.43,333.5,34.72,75.16,-1,-1,-1,-1
192,5,708.6,303.76,43.53,90.9,-1,-1,-1,-1
193,2,711.0,297.0,39.0,84.0,-1,-1,-1,-1
193,5,725.0,315.0,43.0,74.0,-1,-1,-1,-1
193,6,718.5,317.6666666666667,75.33333333333337,83.16666666666669,-1,-1,-1,-1
193,1,598.4,352.8,47.54,90.35,-1,-1,-1,-1
193,3,1070.61,351.24,70.35,123.6,-1,-1,-1,-1
193,4,659.74,332.03,35.82,76.16,-1,-1,-1,-1
194,2,712.6000000000001,296.6,38.79999999999984,83.80000000000001,-1,-1,-1,-1
194,5,732.5,313.25,46.25,76.75,-1,-1,-1,-1
194,6,726.0,318.33333333333337,76.66666666666674,83.33333333333331,-1,-1,-1,-1
194,1,601.02,353.68,49.36,94.13,-1,-1,-1,-1
194,3,1072.19,351.88,70.99,123.53,-1,-1,-1,-1
194,4,660.98,332.21,37.1,77.44,-1,-1,-1,-1
195,2,714.2,296.2,38.59999999999991,83.60000000000002,-1,-1,-1,-1
195,5,740.0,311.5,49.5,79.5,-1,-1,-1,-1
195,6,733.5,319.0,78.0,83.5,-1,-1,-1,-1
195,1,603.01,354.86,50.07,97.33,-1,-1,-1,-1
195,3,1075.9,352.6,70.83,123.35,-1,-1,-1,-1
195,4,661.52,331.21,41.46,85.07,-1,-1,-1,-1
196,2,715.8,295.8,38.40000000000009,83.39999999999998,-1,-1,-1,-1
196,5,747.5,309.75,52.75,82.25,-1,-1,-1,-1
196,6,741.0,319.6666666666667,79.33333333333326,83.66666666666669,-1,-1,-1,-1
196,1,606.55,355.87,49.08,97.69,-1,-1,-1,-1
196,3,1077.92,352.89,70.6,122.99,-1,-1,-1,-1
196,4,661.82,332.56,43.98,88.46,-1,-1,-1,-1
197,2,717.4,295.4,38.200000000000045,83.20000000000005,-1,-1,-1,-1
197,5,755.0,308.0,56.0,85.0,-1,-1,-1,-1
197,6,748.5,320.3333333333333,80.66666666666674,83.83333333333331,-1,-1,-1,-1
197,1,613.02,357.11,48.63,97.48,-1,-1,-1,-1
197,3,1079.12,351.68,70.69,123.6,-1,-1,-1,-1
197,4,664.35,334.38,45.21,88.64,-1,-1,-1,-1
198,2,719.0,295.0,38.0,83.0,-1,-1,-1,-1
198,5,762.3333333333334,309.33333333333337,55.66666666666663,86.0,-1,-1,-1,-1
198,6,756.0,321.0,82.0,84.0,-1,-1,-1,-1
198,1,616.5,358.0,47.88,96.48,-1,-1,-1,-1
198,3,1079.4,350.49,70.95,124.58,-1,-1,-1,-1
198,4,667.13,335.65,46.04,88.37,-1,-1,-1,-1
199,2,720.0,296.25,36.75,81.75,-1,-1,-1,-1
199,5,769.6666666666667,310.6666666666667,55.33333333333326,86.99999999999994,-1,-1,-1,-1
199,6,760.0,317.0,82.0,89.0,-1,-1,-1,-1
199,1,620.23,359.92,49.5,99.89,-1,-1,-1,-1
199,3,1080.46,348.73,71.38,126.28,-1,-1,-1,-1
199,4,668.66,334.49,48.23,91.18,-1,-1,-1,-1
200,2,721.0,297.5,35.5,80.5,-1,-1,-1,-1
200,5,777.0,312.0,55.0,88.0,-1,-1,-1,-1
200,6,764.0,317.0,82.0,91.0,-1,-1,-1,-1
200,1,621.22,362.08,53.03,108.14,-1,-1,-1,-1
200,3,1080.03,346.75,71.92,127.95,-1,-1,-1,-1
200,4,670.57,334.04,49.19,91.63,-1,-1,-1,-1
201,2,722.0,298.75,34.25,79.25,-1,-1,-1,-1
201,5,784.5,313.0,54.75,87.75,-1,-1,-1,-1
201,6,773.0,319.0,77.0,91.0,-1,-1,-1,-1
201,1,623.13,366.45,53.46,110.27,-1,-1,-1,-1
201,3,1079.69,345.72,71.19,127.11,-1,-1,-1,-1
201,4,678.6,333.1,50.04,95.58,-1,-1,-1,-1
202,2,723.0,300.0,33.0,78.0,-1,-1,-1,-1
202,5,792.0,314.0,54.5,87.5,-1,-1,-1,-1
202,6,782.0,320.0,71.5,91.5,-1,-1,-1,-1
202,1,624.65,369.18,52.86,110.04,-1,-1,-1,-1
202,3,1079.75,345.81,70.42,126.02,-1,-1,-1,-1
202,4,682.01,332.3,50.7,98.79,-1,-1,-1,-1
203,2,723.3333333333334,298.6666666666667,34.0,79.33333333333331,-1,-1,-1,-1
203,5,799.5,315.0,54.25,87.25,-1,-1,-1,-1
203,6,791.0,321.0,66.0,92.0,-1,-1,-1,-1
203,1,625.38,372.09,51.41,108.27,-1,-1,-1,-1
203,3,1080.36,347.51,68.85,122.78,-1,-1,-1,-1
203,4,688.2,333.28,50.9,101.75,-1,-1,-1,-1
204,2,723.6666666666666,297.3333333333333,35.0,80.66666666666669,-1,-1,-1,-1
204,5,807.0,316.0,54.0,87.0,-1,-1,-1,-1
204,6,794.0,321.0,67.0,94.0,-1,-1,-1,-1
204,1,625.06,373.3,51.15,108.84,-1,-1,-1,-1
204,3,1081.04,350.14,67.28,119.6,-1,-1,-1,-1
204,4,692.86,334.81,50.91,104.59,-1,-1,-1,-1
205,2,724.0,296.0,36.0,82.0,-1,-1,-1,-1
205,5,814.0,319.0,66.0,86.0,-1,-1,-1,-1
205,6,803.0,321.0,64.0,96.0,-1,-1,-1,-1
205,1,621.88,376.2,54.57,118.86,-1,-1,-1,-1
205,3,1082.03,354.3,65.15,114.96,-1,-1,-1,-1
205,4,698.16,338.43,49.52,104.78,-1,-1,-1,-1
206,2,723.75,296.0,35.25,82.0,-1,-1,-1,-1
206,5,821.0,320.0,64.0,86.0,-1,-1,-1,-1
206,6,813.0,322.0,66.0,96.0,-1,-1,-1,-1
206,1,620.58,379.26,54.92,122.59,-1,-1,-1,-1
206,3,1081.58,355.54,64.71,114.18,-1,-1,-1,-1
206,4,701.53,341.15,47.87,103.62,-1,-1,-1,-1
207,2,723.5,296.0,34.5,82.0,-1,-1,-1,-1
207,5,831.0,324.0,57.0,82.0,-1,-1,-1,-1
207,6,828.0,325.0,67.0,95.0,-1,-1,-1,-1
207,1,619.45,385.46,54.86,123.86,-1,-1,-1,-1
207,3,1079.78,351.45,66.58,119.06,-1,-1,-1,-1
207,4,706.46,342.76,46.76,102.52,-1,-1,-1,-1
208,2,723.25,296.0,33.75,82.0,-1,-1,-1,-1
208,5,839.0,325.0,50.0,81.0,-1,-1,-1,-1
208,6,837.0,326.0,68.0,96.0,-1,-1,-1,-1
208,1,617.94,391.61,52.7,120.8,-1,-1,-1,-1
208,3,1079.41,347.0,67.85,123.81,-1,-1,-1,-1
208,4,710.58,342.89,46.32,102.64,-1,-1,-1,-1
209,2,723.0,296.0,33.0,82.0,-1,-1,-1,-1
209,5,846.0,326.0,40.0,78.0,-1,-1,-1,-1
209,6,853.8235294117648,326.47058823529414,82.41176470588243,97.05882352941173,-1,-1,-1,-1
209,1,617.1,398.04,50.39,115.07,-1,-1,-1,-1
209,3,1072.78,329.47,76.6,141.16,-1,-1,-1,-1
209,4,714.24,341.14,48.81,108.25,-1,-1,-1,-1
210,2,722.5,296.5,32.75,81.5,-1,-1,-1,-1
210,6,861.0,327.0,85.0,98.0,-1,-1,-1,-1
210,1,615.13,401.58,49.63,111.59,-1,-1,-1,-1
210,3,1067.49,314.75,83.24,155.55,-1,-1,-1,-1
210,4,716.93,341.05,50.44,111.79,-1,-1,-1,-1
210,5,847.93,327.87,36.64,79.83,-1,-1,-1,-1
211,2,722.0,297.0,32.5,81.0,-1,-1,-1,-1
211,6,868.0,327.0,92.0,99.0,-1,-1,-1,-1
211,1,613.03,402.77,50.19,110.57,-1,-1,-1,-1
211,3,1067.35,309.64,79.66,150.99,-1,-1,-1,-1
211,4,720.49,343.02,51.01,113.41,-1,-1,-1,-1
211,5,849.06,327.49,35.77,77.6,-1,-1,-1,-1
212,2,721.5,297.5,32.25,80.5,-1,-1,-1,-1
212,6,875.0,328.0,93.0,99.0,-1,-1,-1,-1
212,1,610.82,402.81,51.41,110.78,-1,-1,-1,-1
212,3,1066.99,305.55,78.78,150.89,-1,-1,-1,-1
212,4,722.21,344.49,50.9,113.4,-1,-1,-1,-1
212,5,848.59,327.01,36.47,78.65,-1,-1,-1,-1
213,2,721.0,298.0,32.0,80.0,-1,-1,-1,-1
213,6,882.0,328.0,92.0,108.0,-1,-1,-1,-1
213,1,606.07,401.54,54.31,113.82,-1,-1,-1,-1
213,3,1067.83,302.93,75.34,144.07,-1,-1,-1,-1
213,4,724.62,344.6,51.16,114.8,-1,-1,-1,-1
213,5,846.96,323.67,38.94,83.39,-1,-1,-1,-1
214,6,886.0,329.0,92.0,109.0,-1,-1,-1,-1
214,1,601.25,401.14,57.34,117.74,-1,-1,-1,-1
214,2,719.7,298.02,33.01,83.17,-1,-1,-1,-1
214,3,1067.29,301.95,74.57,142.18,-1,-1,-1,-1
214,4,726.39,345.2,50.52,114.12,-1,-1,-1,-1
214,5,845.88,323.22,38.92,82.42,-1,-1,-1,-1
215,6,892.0,331.0,102.0,110.0,-1,-1,-1,-1
215,1,597.58,400.62,59.24,119.51,-1,-1,-1,-1
215,2,717.79,298.19,33.52,84.98,-1,-1,-1,-1
215,3,1067.45,303.77,73.58,140.84,-1,-1,-1,-1
215,4,727.83,343.05,50.85,116.74,-1,-1,-1,-1
215,5,842.33,321.56,42.09,87.34,-1,-1,-1,-1
216,6,916.0,333.0,95.0,111.0,-1,-1,-1,-1
216,1,595.4,400.5,60.35,120.02,-1,-1,-1,-1
216,2,715.88,297.98,33.68,85.93,-1,-1,-1,-1
216,3,1066.27,306.66,72.16,139.1,-1,-1,-1,-1
216,4,728.01,341.05,51.52,120.61,-1,-1,-1,-1
216,5,840.13,320.7,43.9,89.35,-1,-1,-1,-1
217,1,593.84,399.8,61.67,121.05,-1,-1,-1,-1
217,2,713.05,298.04,33.26,86.24,-1,-1,-1,-1
217,3,1062.27,312.63,70.44,138.7,-1,-1,-1,-1
217,4,728.59,341.14,51.74,123.51,-1,-1,-1,-1
217,5,835.82,319.82,45.6,90.34,-1,-1,-1,-1
217,6,940.49,332.2,78.93,113.49,-1,-1,-1,-1
218,1,593.07,398.9,62.58,121.41,-1,-1,-1,-1
218,2,711.09,297.78,33.06,86.59,-1,-1,-1,-1
218,3,1061.03,318.51,68.12,137.34,-1,-1,-1,-1
218,4,729.37,340.59,51.08,124.59,-1,-1,-1,-1
218,5,833.98,319.24,47.3,91.24,-1,-1,-1,-1
218,6,946.78,331.75,78.34,115.46,-1,-1,-1,-1
219,1,593.24,396.45,64.41,123.27,-1,-1,-1,-1
219,2,708.42,298.26,32.77,86.09,-1,-1,-1,-1
219,3,1061.34,329.15,63.39,130.23,-1,-1,-1,-1
219,4,729.91,344.16,50.16,125.23,-1,-1,-1,-1
219,5,829.75,318.77,49.15,91.82,-1,-1,-1,-1
219,6,958.44,331.83,78.58,115.84,-1,-1,-1,-1
220,1,594.1,394.31,66.5,125.13,-1,-1,-1,-1
220,2,706.37,298.89,32.39,84.96,-1,-1,-1,-1
220,3,1061.46,336.86,59.29,123.86,-1,-1,-1,-1
220,4,730.69,346.13,49.09,125.7,-1,-1,-1,-1
220,5,826.1,318.48,50.47,91.68,-1,-1,-1,-1
220,6,965.46,332.12,78.91,117.03,-1,-1,-1,-1
221,1,595.55,392.59,68.61,126.68,-1,-1,-1,-1
221,2,703.75,299.58,32.42,84.18,-1,-1,-1,-1
221,3,1060.27,338.72,57.93,123.1,-1,-1,-1,-1
221,4,732.06,352.59,46.36,120.99,-1,-1,-1,-1
221,5,822.12,318.71,49.71,90.97,-1,-1,-1,-1
221,6,976.14,333.94,78.74,116.82,-1,-1,-1,-1
222,1,596.41,391.48,70.02,127.09,-1,-1,-1,-1
222,2,701.71,300.14,32.83,83.55,-1,-1,-1,-1
222,3,1060.41,337.98,57.61,124.53,-1,-1,-1,-1
222,4,732.76,355.51,44.78,118.63,-1,-1,-1,-1
222,5,820.35,318.53,48.89,90.96,-1,-1,-1,-1
222,6,985.01,337.11,76.69,115.47,-1,-1,-1,-1
223,1,594.75,389.13,70.43,124.7,-1,-1,-1,-1
223,2,698.07,302.42,33.45,82.39,-1,-1,-1,-1
223,3,1062.43,336.0,57.23,127.03,-1,-1,-1,-1
223,4,731.37,355.36,44.37,118.62,-1,-1,-1,-1
223,5,815.75,317.6,48.27,92.4,-1,-1,-1,-1
223,6,994.91,338.01,77.48,116.32,-1,-1,-1,-1
224,1,593.48,387.34,71.22,124.03,-1,-1,-1,-1
224,2,695.66,303.28,34.68,82.22,-1,-1,-1,-1
224,3,1064.41,335.52,55.92,128.0,-1,-1,-1,-1
224,4,731.17,355.11,44.06,119.05,-1,-1,-1,-1
224,5,813.66,316.83,47.69,94.09,-1,-1,-1,-1
224,6,1000.63,338.03,75.62,115.69,-1,-1,-1,-1
225,1,593.21,383.71,71.11,125.53,-1,-1,-1,-1
225,2,693.61,304.03,35.73,82.14,-1,-1,-1,-1
225,3,1067.12,336.49,55.15,126.89,-1,-1,-1,-1
225,4,729.28,352.0,44.53,121.57,-1,-1,-1,-1
225,5,811.37,315.98,46.51,94.42,-1,-1,-1,-1
225,6,1003.63,336.23,76.09,120.09,-1,-1,-1,-1
226,1,592.28,380.44,70.96,128.0,-1,-1,-1,-1
226,2,692.56,304.15,36.8,82.4,-1,-1,-1,-1
226,3,1070.0,337.72,54.78,125.29,-1,-1,-1,-1
226,4,726.55,351.54,43.96,121.76,-1,-1,-1,-1
226,5,808.37,315.08,45.75,94.79,-1,-1,-1,-1
226,6,1007.65,334.8,74.73,121.99,-1,-1,-1,-1
227,1,590.47,377.17,69.72,129.79,-1,-1,-1,-1
227,2,689.6,304.77,36.51,81.59,-1,-1,-1,-1
227,3,1070.83,337.55,53.98,122.9,-1,-1,-1,-1
227,4,722.88,350.45,43.59,122.7,-1,-1,-1,-1
227,5,803.11,314.92,45.58,94.9,-1,-1,-1,-1
227,6,1015.37,333.05,75.23,125.29,-1,-1,-1,-1
228,1,589.33,375.8,67.79,130.3,-1,-1,-1,-1
228,2,688.05,304.99,36.17,81.27,-1,-1,-1,-1
228,3,1072.38,336.85,53.59,121.43,-1,-1,-1,-1
228,4,721.16,350.17,42.92,122.29,-1,-1,-1,-1
228,5,802.58,314.44,45.14,95.5,-1,-1,-1,-1
228,6,1019.85,332.51,74.25,126.21,-1,-1,-1,-1
229,1,588.29,375.77,64.17,126.48,-1,-1,-1,-1
229,2,687.44,305.65,35.62,80.54,-1,-1,-1,-1
229,3,1070.82,335.81,54.1,123.62,-1,-1,-1,-1
229,4,720.35,349.76,42.38,121.81,-1,-1,-1,-1
229,5,798.31,313.84,45.63,96.29,-1,-1,-1,-1
229,6,1020.41,331.85,72.1,127.06,-1,-1,-1,-1
230,1,588.33,376.12,61.37,123.47,-1,-1,-1,-1
230,2,687.13,306.33,35.09,79.97,-1,-1,-1,-1
230,3,1070.3,335.56,54.17,124.75,-1,-1,-1,-1
230,4,719.25,348.4,42.59,122.8,-1,-1,-1,-1
230,5,797.25,313.93,45.46,95.97,-1,-1,-1,-1
230,6,1021.94,330.86,70.43,128.49,-1,-1,-1,-1
231,1,587.53,374.64,60.8,123.38,-1,-1,-1,-1
231,2,686.83,306.42,34.78,80.05,-1,-1,-1,-1
231,3,1069.25,336.79,53.52,124.44,-1,-1,-1,-1
231,4,717.87,347.0,44.05,124.04,-1,-1,-1,-1
231,5,795.45,313.99,46.02,97.01,-1,-1,-1,-1
231,6,1023.0,330.04,68.4,129.27,-1,-1,-1,-1
232,1,586.92,371.89,61.3,125.28,-1,-1,-1,-1
232,2,686.88,306.59,34.45,79.78,-1,-1,-1,-1
232,3,1068.53,337.4,52.72,124.49,-1,-1,-1,-1
232,4,717.3,346.76,45.32,124.79,-1,-1,-1,-1
232,5,794.49,314.04,46.38,97.67,-1,-1,-1,-1
232,6,1023.81,329.72,66.34,129.21,-1,-1,-1,-1
233,1,587.07,367.94,61.96,126.88,-1,-1,-1,-1
233,2,686.59,306.33,34.44,80.28,-1,-1,-1,-1
233,3,1067.78,337.01,52.2,126.01,-1,-1,-1,-1
233,4,718.42,345.79,46.12,122.98,-1,-1,-1,-1
233,5,793.24,313.78,46.1,97.9,-1,-1,-1,-1
233,6,1024.81,330.34,64.93,128.24,-1,-1,-1,-1
234,1,587.31,365.74,62.5,127.92,-1,-1,-1,-1
234,2,686.19,306.08,34.51,80.76,-1,-1,-1,-1
234,3,1067.72,336.26,51.59,127.17,-1,-1,-1,-1
234,4,718.43,345.28,47.29,122.12,-1,-1,-1,-1
234,5,792.45,313.55,45.61,97.96,-1,-1,-1,-1
234,6,1025.16,330.59,64.07,127.8,-1,-1,-1,-1
235,1,586.92,364.52,61.96,126.67,-1,-1,-1,-1
235,2,685.41,305.22,34.68,81.54,-1,-1,-1,-1
235,3,1067.84,335.82,51.1,128.06,-1,-1,-1,-1
235,4,718.02,345.1,48.59,121.48,-1,-1,-1,-1
235,5,791.45,313.18,45.21,98.55,-1,-1,-1,-1
235,6,1025.9,330.83,63.37,127.59,-1,-1,-1,-1
236,1,587.15,364.72,60.44,123.2,-1,-1,-1,-1
236,2,685.14,304.75,34.76,82.12,-1,-1,-1,-1
236,3,1068.3,336.38,50.11,127.36,-1,-1,-1,-1
236,4,717.14,344.89,49.93,121.39,-1,-1,-1,-1
236,5,790.63,313.2,44.32,98.45,-1,-1,-1,-1
236,6,1024.12,331.07,63.38,128.06,-1,-1,-1,-1
