1,1,251.1,372.37,40.05,113.62,-1,-1,-1,-1
1,2,355.95,313.88,32.4,81.0,-1,-1,-1,-1
1,3,990.0,378.22,43.2,153.22,-1,-1,-1,-1
1,4,337.27,365.4,49.95,103.05,-1,-1,-1,-1
1,5,400.27,320.17,39.15,75.6,-1,-1,-1,-1
1,6,777.15,352.12,44.1,130.27,-1,-1,-1,-1
2,1,251.13,372.57,39.98,113.43,-1,-1,-1,-1
2,2,358.23,314.46,32.91,82.17,-1,-1,-1,-1
2,3,989.96,378.42,43.29,153.42,-1,-1,-1,-1
2,4,336.99,365.01,50.13,103.44,-1,-1,-1,-1
2,5,401.65,321.15,37.96,73.26,-1,-1,-1,-1
2,6,777.25,352.32,43.91,129.69,-1,-1,-1,-1
3,1,251.63,372.08,40.05,113.57,-1,-1,-1,-1
3,2,359.79,312.82,33.8,83.77,-1,-1,-1,-1
3,3,990.6,378.63,43.4,153.63,-1,-1,-1,-1
3,4,337.17,364.42,50.06,103.33,-1,-1,-1,-1
3,5,399.75,320.78,40.25,77.48,-1,-1,-1,-1
3,6,777.13,352.0,44.13,130.29,-1,-1,-1,-1
4,1,251.95,371.92,40.08,113.62,-1,-1,-1,-1
4,2,360.63,312.62,34.34,84.26,-1,-1,-1,-1
4,3,990.76,378.52,43.52,153.86,-1,-1,-1,-1
4,4,337.42,364.24,50.0,103.29,-1,-1,-1,-1
4,5,399.52,320.83,40.9,78.46,-1,-1,-1,-1
4,6,777.08,351.9,44.23,130.49,-1,-1,-1,-1
5,1,252.0,372.04,40.16,113.8,-1,-1,-1,-1
5,2,363.54,312.26,34.69,84.7,-1,-1,-1,-1
5,3,990.71,378.64,43.73,154.1,-1,-1,-1,-1
5,4,337.33,364.03,50.31,104.11,-1,-1,-1,-1
5,5,400.84,320.68,41.29,79.02,-1,-1,-1,-1
5,6,777.06,351.87,44.28,130.54,-1,-1,-1,-1
6,1,252.19,371.93,40.14,113.7,-1,-1,-1,-1
6,2,364.51,312.48,35.07,85.13,-1,-1,-1,-1
6,3,990.6,378.52,43.95,154.33,-1,-1,-1,-1
6,4,337.46,363.49,50.42,104.54,-1,-1,-1,-1
6,5,401.95,320.63,41.42,79.15,-1,-1,-1,-1
6,6,777.09,352.19,44.22,130.23,-1,-1,-1,-1
7,1,252.58,372.06,40.1,113.5,-1,-1,-1,-1
7,2,366.98,313.68,34.83,83.07,-1,-1,-1,-1
7,3,991.02,378.01,44.37,154.87,-1,-1,-1,-1
7,4,337.87,362.85,50.03,103.9,-1,-1,-1,-1
7,5,402.86,320.15,41.94,79.77,-1,-1,-1,-1
7,6,777.08,352.3,44.23,130.12,-1,-1,-1,-1
8,1,252.7,372.11,40.1,113.43,-1,-1,-1,-1
8,2,369.35,314.13,34.75,81.03,-1,-1,-1,-1
8,3,991.07,377.82,44.69,155.06,-1,-1,-1,-1
8,4,338.19,362.63,49.83,103.65,-1,-1,-1,-1
8,5,403.72,319.67,42.27,79.95,-1,-1,-1,-1
8,6,777.02,352.03,44.37,130.38,-1,-1,-1,-1
9,1,252.84,371.97,40.2,113.56,-1,-1,-1,-1
9,2,372.79,317.86,34.34,78.44,-1,-1,-1,-1
9,3,990.99,377.76,44.98,155.11,-1,-1,-1,-1
9,4,338.28,362.57,49.81,103.87,-1,-1,-1,-1
9,5,408.59,320.1,42.05,79.98,-1,-1,-1,-1
9,6,776.67,351.94,44.44,130.48,-1,-1,-1,-1
10,1,252.97,371.92,40.37,113.91,-1,-1,-1,-1
10,2,373.4,319.51,34.96,78.14,-1,-1,-1,-1
10,3,990.93,378.19,45.13,154.67,-1,-1,-1,-1
10,4,338.6,362.41,49.82,104.1,-1,-1,-1,-1
10,5,410.93,319.97,42.04,80.26,-1,-1,-1,-1
10,6,776.51,351.75,44.54,130.67,-1,-1,-1,-1
11,1,253.3,371.76,40.44,113.89,-1,-1,-1,-1
11,2,373.05,320.83,35.86,78.67,-1,-1,-1,-1
11,3,991.42,378.36,45.35,154.49,-1,-1,-1,-1
11,4,338.93,362.51,49.7,104.03,-1,-1,-1,-1
11,5,415.44,324.29,40.37,76.73,-1,-1,-1,-1
11,6,776.44,351.68,44.59,130.73,-1,-1,-1,-1
12,1,253.39,371.7,40.52,113.88,-1,-1,-1,-1
12,2,372.97,321.29,36.56,77.98,-1,-1,-1,-1
12,3,991.52,378.42,45.6,154.42,-1,-1,-1,-1
12,4,339.2,362.56,49.63,104.0,-1,-1,-1,-1
12,5,416.84,325.32,40.5,76.28,-1,-1,-1,-1
12,6,776.38,351.21,44.7,131.2,-1,-1,-1,-1
13,1,253.97,371.53,40.63,114.02,-1,-1,-1,-1
13,2,370.25,321.41,37.81,78.65,-1,-1,-1,-1
13,3,992.01,377.99,45.95,154.85,-1,-1,-1,-1
13,4,339.68,363.04,49.44,103.83,-1,-1,-1,-1
13,5,421.38,328.4,40.07,73.69,-1,-1,-1,-1
13,6,776.17,351.33,44.52,130.78,-1,-1,-1,-1
14,1,254.47,371.62,40.71,113.92,-1,-1,-1,-1
14,2,369.21,321.58,38.86,78.61,-1,-1,-1,-1
14,3,992.18,377.98,46.1,154.55,-1,-1,-1,-1
14,4,340.08,363.53,49.22,103.47,-1,-1,-1,-1
14,5,423.45,329.97,40.21,72.43,-1,-1,-1,-1
14,6,776.05,351.38,44.53,130.91,-1,-1,-1,-1
15,2,364.0,323.0,57.0,80.0,-1,-1,-1,-1
15,1,255.02,371.5,40.88,114.04,-1,-1,-1,-1
15,3,992.16,377.98,46.29,154.44,-1,-1,-1,-1
15,4,340.68,364.01,49.11,103.33,-1,-1,-1,-1
15,5,425.05,330.82,40.52,72.29,-1,-1,-1,-1
15,6,776.06,351.11,44.43,130.96,-1,-1,-1,-1
16,2,365.0,324.5,56.5,80.0,-1,-1,-1,-1
16,1,255.96,371.61,40.95,114.22,-1,-1,-1,-1
16,3,992.08,377.98,46.48,154.39,-1,-1,-1,-1
16,4,341.22,364.79,48.71,102.39,-1,-1,-1,-1
16,5,425.89,330.48,41.03,72.55,-1,-1,-1,-1
16,6,776.1,351.01,44.33,130.98,-1,-1,-1,-1
17,2,366.0,326.0,56.0,80.0,-1,-1,-1,-1
17,1,257.63,371.21,40.99,114.74,-1,-1,-1,-1
17,3,991.37,378.13,46.71,153.93,-1,-1,-1,-1
17,4,342.21,365.99,48.47,101.73,-1,-1,-1,-1
17,5,424.74,329.27,42.04,73.87,-1,-1,-1,-1
17,6,776.09,350.82,44.36,131.43,-1,-1,-1,-1
18,2,367.5,329.0,55.5,78.5,-1,-1,-1,-1
18,1,258.65,371.06,40.79,114.64,-1,-1,-1,-1
18,3,990.99,378.19,47.0,153.75,-1,-1,-1,-1
18,4,343.03,366.87,48.07,100.74,-1,-1,-1,-1
18,5,424.95,328.95,42.2,73.77,-1,-1,-1,-1
18,6,775.86,351.35,44.21,131.0,-1,-1,-1,-1
19,2,369.0,332.0,55.0,77.0,-1,-1,-1,-1
19,1,259.31,370.86,40.72,114.74,-1,-1,-1,-1
19,3,989.41,378.36,47.58,153.54,-1,-1,-1,-1
19,4,344.11,367.95,47.53,99.63,-1,-1,-1,-1
19,5,426.89,329.55,41.55,71.95,-1,-1,-1,-1
19,6,776.75,354.09,43.41,128.0,-1,-1,-1,-1
20,2,367.25,332.0,57.0,76.25,-1,-1,-1,-1
20,1,259.18,370.78,40.79,114.78,-1,-1,-1,-1
20,3,988.66,378.28,48.11,153.31,-1,-1,-1,-1
20,4,345.12,368.33,47.29,99.53,-1,-1,-1,-1
20,5,426.73,329.0,42.48,73.08,-1,-1,-1,-1
20,6,776.73,353.92,43.83,128.37,-1,-1,-1,-1
21,2,365.5,332.0,59.0,75.5,-1,-1,-1,-1
21,1,258.29,370.02,41.57,115.23,-1,-1,-1,-1
21,3,988.24,378.39,48.59,153.08,-1,-1,-1,-1
21,4,346.36,367.71,47.25,99.96,-1,-1,-1,-1
21,5,427.41,329.53,43.97,75.88,-1,-1,-1,-1
21,6,776.99,353.55,44.64,128.81,-1,-1,-1,-1
22,2,363.75,332.0,61.0,74.75,-1,-1,-1,-1
22,1,260.36,369.58,42.36,115.55,-1,-1,-1,-1
22,3,987.94,378.44,49.07,152.99,-1,-1,-1,-1
22,4,347.33,367.17,47.06,99.83,-1,-1,-1,-1
22,5,427.92,329.72,44.66,77.23,-1,-1,-1,-1
22,6,776.55,353.56,45.43,128.84,-1,-1,-1,-1
23,2,362.0,332.0,63.0,74.0,-1,-1,-1,-1
23,1,260.42,368.83,42.89,115.37,-1,-1,-1,-1
23,3,987.2,378.9,49.31,152.22,-1,-1,-1,-1
23,4,348.37,365.16,47.09,100.39,-1,-1,-1,-1
23,5,430.58,333.01,43.87,75.68,-1,-1,-1,-1
23,6,775.84,352.81,46.2,129.3,-1,-1,-1,-1
24,1,258.74,368.11,42.57,115.44,-1,-1,-1,-1
24,2,367.6,330.17,50.32,75.4,-1,-1,-1,-1
24,3,986.88,379.07,49.5,151.93,-1,-1,-1,-1
24,4,349.53,363.22,47.31,101.2,-1,-1,-1,-1
24,5,432.89,335.61,43.13,73.88,-1,-1,-1,-1
24,6,774.38,351.03,47.1,130.67,-1,-1,-1,-1
25,1,258.49,366.66,42.83,117.55,-1,-1,-1,-1
25,2,358.52,328.96,45.05,68.65,-1,-1,-1,-1
25,3,986.67,378.99,49.77,151.98,-1,-1,-1,-1
25,4,350.87,360.41,47.62,102.11,-1,-1,-1,-1
25,5,433.25,338.66,42.23,71.39,-1,-1,-1,-1
25,6,773.48,348.59,47.55,130.59,-1,-1,-1,-1
26,1,259.04,366.27,42.51,117.6,-1,-1,-1,-1
26,2,349.83,327.63,46.32,71.94,-1,-1,-1,-1
26,3,985.89,378.95,50.08,152.3,-1,-1,-1,-1
26,4,351.91,358.62,47.49,101.86,-1,-1,-1,-1
26,5,434.12,341.12,41.21,68.96,-1,-1,-1,-1
26,6,772.37,347.22,47.48,128.92,-1,-1,-1,-1
27,1,261.69,366.29,41.93,117.16,-1,-1,-1,-1
27,2,342.25,325.84,43.78,68.04,-1,-1,-1,-1
27,3,985.63,378.93,50.15,152.43,-1,-1,-1,-1
27,4,354.15,356.32,47.87,102.65,-1,-1,-1,-1
27,5,433.45,341.06,41.19,68.08,-1,-1,-1,-1
27,6,771.32,347.61,46.32,124.11,-1,-1,-1,-1
28,1,263.84,366.76,41.48,116.53,-1,-1,-1,-1
28,2,337.7,325.14,43.21,67.15,-1,-1,-1,-1
28,3,985.54,378.93,50.18,152.48,-1,-1,-1,-1
28,4,355.87,356.23,47.66,102.06,-1,-1,-1,-1
28,5,432.37,339.94,42.3,69.3,-1,-1,-1,-1
28,6,770.2,347.64,46.16,122.15,-1,-1,-1,-1
29,1,267.24,369.33,40.85,114.21,-1,-1,-1,-1
29,2,331.93,325.2,49.66,78.35,-1,-1,-1,-1
29,3,984.93,378.48,50.17,152.95,-1,-1,-1,-1
29,4,360.06,357.42,46.98,99.16,-1,-1,-1,-1
29,5,429.88,338.0,44.03,71.25,-1,-1,-1,-1
29,6,769.33,349.62,45.86,119.49,-1,-1,-1,-1
30,1,269.38,372.26,40.33,111.07,-1,-1,-1,-1
30,2,327.35,325.92,50.12,81.14,-1,-1,-1,-1
30,3,984.73,378.45,50.11,153.28,-1,-1,-1,-1
30,4,362.94,358.65,46.75,97.15,-1,-1,-1,-1
30,5,427.51,336.66,45.28,72.29,-1,-1,-1,-1
30,6,768.87,350.82,46.05,117.79,-1,-1,-1,-1
31,1,269.88,373.51,40.05,109.46,-1,-1,-1,-1
31,2,322.56,327.39,49.22,81.11,-1,-1,-1,-1
31,3,984.75,378.45,49.92,153.1,-1,-1,-1,-1
31,4,365.3,360.34,46.67,95.52,-1,-1,-1,-1
31,5,422.58,335.24,45.19,70.92,-1,-1,-1,-1
31,6,767.68,351.57,47.01,117.2,-1,-1,-1,-1
32,1,270.4,373.5,40.11,108.73,-1,-1,-1,-1
32,2,313.5,327.1,50.61,82.22,-1,-1,-1,-1
32,3,984.81,378.44,49.78,153.04,-1,-1,-1,-1
32,4,366.13,361.12,46.89,94.63,-1,-1,-1,-1
32,5,419.61,334.09,44.59,69.19,-1,-1,-1,-1
32,6,765.53,350.49,49.01,118.68,-1,-1,-1,-1
33,1,274.39,372.13,39.98,108.64,-1,-1,-1,-1
33,2,310.04,328.01,50.18,79.7,-1,-1,-1,-1
33,3,984.21,378.29,49.78,153.46,-1,-1,-1,-1
33,4,366.46,361.57,47.12,94.33,-1,-1,-1,-1
33,5,415.05,332.14,45.14,70.36,-1,-1,-1,-1
33,6,762.28,347.1,51.73,122.25,-1,-1,-1,-1
34,1,278.06,371.46,38.16,103.98,-1,-1,-1,-1
34,2,308.53,328.51,50.43,78.07,-1,-1,-1,-1
34,3,984.03,378.24,49.71,153.62,-1,-1,-1,-1
34,4,366.41,361.74,47.42,94.24,-1,-1,-1,-1
34,5,413.17,331.29,45.2,70.5,-1,-1,-1,-1
34,6,759.42,345.39,53.69,124.04,-1,-1,-1,-1
35,1,282.37,370.74,37.59,103.01,-1,-1,-1,-1
35,2,310.35,328.84,49.91,76.25,-1,-1,-1,-1
35,3,984.0,378.22,49.63,153.68,-1,-1,-1,-1
35,4,367.87,362.99,47.18,92.43,-1,-1,-1,-1
35,5,410.29,331.57,45.47,70.26,-1,-1,-1,-1
35,6,755.35,345.34,51.6,115.87,-1,-1,-1,-1
36,1,285.69,368.96,37.7,103.61,-1,-1,-1,-1
36,2,310.01,328.67,50.26,75.26,-1,-1,-1,-1
36,3,984.03,378.21,49.53,153.69,-1,-1,-1,-1
36,4,369.39,363.77,47.13,91.48,-1,-1,-1,-1
36,5,407.92,331.09,46.16,71.67,-1,-1,-1,-1
36,6,752.52,345.36,49.13,108.11,-1,-1,-1,-1
37,1,291.14,365.16,39.65,106.11,-1,-1,-1,-1
37,2,312.15,327.55,48.47,73.09,-1,-1,-1,-1
37,3,984.07,378.21,49.45,153.7,-1,-1,-1,-1
37,4,370.32,364.34,47.2,91.15,-1,-1,-1,-1
37,5,403.47,330.48,46.54,73.08,-1,-1,-1,-1
37,6,744.93,345.08,47.91,105.66,-1,-1,-1,-1
38,1,291.85,362.13,41.4,108.69,-1,-1,-1,-1
38,2,313.62,326.52,48.53,72.88,-1,-1,-1,-1
38,3,984.12,378.21,49.37,153.7,-1,-1,-1,-1
38,4,369.48,363.05,48.28,92.56,-1,-1,-1,-1
38,5,401.07,330.1,46.42,73.91,-1,-1,-1,-1
38,6,740.33,343.62,48.39,106.37,-1,-1,-1,-1
39,1,295.59,360.41,40.25,102.3,-1,-1,-1,-1
39,2,315.57,324.79,47.67,71.61,-1,-1,-1,-1
39,3,984.21,378.51,49.21,153.4,-1,-1,-1,-1
39,4,368.89,360.18,49.77,95.48,-1,-1,-1,-1
39,5,400.05,331.3,45.83,73.93,-1,-1,-1,-1
39,6,732.89,341.14,50.64,108.5,-1,-1,-1,-1
40,1,298.33,359.2,39.97,98.6,-1,-1,-1,-1
40,2,317.24,323.7,46.84,70.84,-1,-1,-1,-1
40,3,984.24,378.47,49.16,153.44,-1,-1,-1,-1
40,4,362.72,358.07,51.26,96.3,-1,-1,-1,-1
40,5,400.23,332.07,44.61,72.74,-1,-1,-1,-1
40,6,726.88,339.2,52.2,109.33,-1,-1,-1,-1
41,1,303.77,357.58,40.52,98.51,-1,-1,-1,-1
41,2,319.65,321.5,46.38,71.78,-1,-1,-1,-1
41,3,984.3,378.31,49.07,153.3,-1,-1,-1,-1
41,4,360.44,355.64,51.86,95.72,-1,-1,-1,-1
41,5,400.66,331.02,43.88,72.58,-1,-1,-1,-1
41,6,716.67,336.27,54.0,109.38,-1,-1,-1,-1
42,1,307.83,355.82,40.88,99.71,-1,-1,-1,-1
42,2,321.53,319.96,46.38,73.63,-1,-1,-1,-1
42,3,984.31,378.4,49.06,153.4,-1,-1,-1,-1
42,4,365.71,353.54,50.19,93.72,-1,-1,-1,-1
42,5,400.88,330.19,43.58,73.11,-1,-1,-1,-1
42,6,709.11,335.95,53.43,106.44,-1,-1,-1,-1
43,1,312.26,351.17,42.14,103.18,-1,-1,-1,-1
43,2,323.67,317.48,46.22,75.21,-1,-1,-1,-1
43,3,984.34,378.14,49.02,153.43,-1,-1,-1,-1
43,4,366.14,350.38,49.68,92.96,-1,-1,-1,-1
43,5,401.56,329.29,42.68,72.41,-1,-1,-1,-1
43,6,702.73,335.13,53.43,105.37,-1,-1,-1,-1
44,1,315.78,348.15,42.25,104.2,-1,-1,-1,-1
44,2,326.85,315.24,43.52,71.69,-1,-1,-1,-1
44,3,984.36,378.04,48.99,153.45,-1,-1,-1,-1
44,4,366.09,347.44,50.19,94.49,-1,-1,-1,-1
44,5,402.26,328.96,41.86,71.55,-1,-1,-1,-1
44,6,697.89,335.17,52.74,104.1,-1,-1,-1,-1
45,1,322.2,346.02,38.98,95.71,-1,-1,-1,-1
45,2,327.65,312.91,44.87,75.15,-1,-1,-1,-1
45,3,984.38,378.0,48.95,153.45,-1,-1,-1,-1
45,4,365.36,344.61,50.28,94.47,-1,-1,-1,-1
45,5,402.06,328.7,41.65,71.23,-1,-1,-1,-1
45,6,688.62,334.62,51.55,104.28,-1,-1,-1,-1
46,1,327.54,345.32,37.39,92.41,-1,-1,-1,-1
46,2,328.43,311.36,45.25,76.68,-1,-1,-1,-1
46,3,984.4,377.99,48.92,153.45,-1,-1,-1,-1
46,4,366.94,343.14,49.26,92.38,-1,-1,-1,-1
46,5,400.83,328.76,41.59,70.21,-1,-1,-1,-1
46,6,683.76,335.05,50.14,104.07,-1,-1,-1,-1
47,1,332.58,343.45,37.31,93.11,-1,-1,-1,-1
47,2,332.04,310.8,44.03,76.09,-1,-1,-1,-1
47,3,984.48,378.13,48.77,153.01,-1,-1,-1,-1
47,4,371.37,342.05,48.67,90.69,-1,-1,-1,-1
47,5,401.16,329.7,41.85,69.84,-1,-1,-1,-1
47,6,678.93,333.44,50.07,105.53,-1,-1,-1,-1
48,1,335.82,341.62,37.53,94.3,-1,-1,-1,-1
48,2,335.09,311.39,42.62,74.96,-1,-1,-1,-1
48,3,984.46,378.04,48.83,153.29,-1,-1,-1,-1
48,4,373.75,341.55,48.76,90.08,-1,-1,-1,-1
48,5,402.72,330.2,41.53,68.81,-1,-1,-1,-1
48,6,674.75,332.87,50.41,106.09,-1,-1,-1,-1
49,1,339.97,340.7,37.43,93.58,-1,-1,-1,-1
49,2,339.96,313.0,39.07,69.15,-1,-1,-1,-1
49,3,984.46,378.01,48.83,153.39,-1,-1,-1,-1
49,4,375.45,341.86,48.29,88.67,-1,-1,-1,-1
49,5,405.13,330.7,40.23,66.33,-1,-1,-1,-1
49,6,670.31,333.28,50.73,105.44,-1,-1,-1,-1
50,2,343.0,315.0,37.0,75.0,-1,-1,-1,-1
50,1,342.94,339.23,37.26,92.14,-1,-1,-1,-1
50,3,984.47,377.99,48.82,153.43,-1,-1,-1,-1
50,4,377.23,341.13,48.44,88.76,-1,-1,-1,-1
50,5,407.27,331.34,39.13,64.2,-1,-1,-1,-1
50,6,668.21,333.77,50.32,103.71,-1,-1,-1,-1
51,1,348.57,337.99,36.26,88.02,-1,-1,-1,-1
51,2,343.74,315.93,40.99,74.73,-1,-1,-1,-1
51,3,984.48,377.99,48.81,153.45,-1,-1,-1,-1
51,4,378.65,339.41,48.7,89.42,-1,-1,-1,-1
51,5,409.71,332.49,38.49,62.84,-1,-1,-1,-1
51,6,665.68,333.38,49.3,101.88,-1,-1,-1,-1
52,1,352.09,337.77,36.03,85.92,-1,-1,-1,-1
52,2,345.61,316.54,40.85,75.7,-1,-1,-1,-1
52,3,984.49,377.99,48.79,153.45,-1,-1,-1,-1
52,4,379.66,337.76,48.95,89.98,-1,-1,-1,-1
52,5,411.79,333.36,37.37,60.55,-1,-1,-1,-1
52,6,663.19,332.5,48.18,100.62,-1,-1,-1,-1
53,1,359.82,336.53,35.53,85.2,-1,-1,-1,-1
53,2,347.07,316.37,41.58,78.43,-1,-1,-1,-1
53,3,984.5,378.29,48.77,153.45,-1,-1,-1,-1
53,4,383.92,336.29,48.03,89.01,-1,-1,-1,-1
53,5,412.62,331.37,38.96,63.12,-1,-1,-1,-1
53,6,660.86,329.94,47.33,100.78,-1,-1,-1,-1
54,1,364.2,335.52,35.26,84.99,-1,-1,-1,-1
54,2,347.77,316.01,41.5,79.74,-1,-1,-1,-1
54,3,984.51,378.4,48.75,153.45,-1,-1,-1,-1
54,4,387.09,335.03,46.87,88.36,-1,-1,-1,-1
54,5,413.99,330.81,39.15,63.15,-1,-1,-1,-1
54,6,659.85,327.82,47.02,102.07,-1,-1,-1,-1
55,1,368.31,333.7,34.96,84.36,-1,-1,-1,-1
55,2,348.76,314.86,41.69,81.4,-1,-1,-1,-1
55,3,984.54,378.29,48.7,153.31,-1,-1,-1,-1
55,4,391.42,332.97,43.61,83.34,-1,-1,-1,-1
55,5,416.64,331.8,38.2,61.39,-1,-1,-1,-1
55,6,659.04,327.21,46.27,101.97,-1,-1,-1,-1
56,1,372.13,333.53,34.43,83.87,-1,-1,-1,-1
56,2,349.83,314.42,41.44,82.01,-1,-1,-1,-1
56,3,984.62,378.4,48.54,153.4,-1,-1,-1,-1
56,4,392.47,330.88,44.29,85.43,-1,-1,-1,-1
56,5,417.3,331.57,39.35,63.18,-1,-1,-1,-1
56,6,658.91,327.91,45.35,101.06,-1,-1,-1,-1
57,1,377.55,333.67,32.82,79.51,-1,-1,-1,-1
57,2,351.11,314.41,40.99,81.93,-1,-1,-1,-1
57,3,984.59,378.29,48.6,153.58,-1,-1,-1,-1
57,4,395.79,328.23,44.24,85.59,-1,-1,-1,-1
57,5,418.14,330.89,40.32,64.72,-1,-1,-1,-1
57,6,658.92,329.1,44.58,99.84,-1,-1,-1,-1
58,1,381.8,333.64,32.54,77.93,-1,-1,-1,-1
58,2,352.57,314.41,40.85,81.86,-1,-1,-1,-1
58,3,984.67,378.25,48.45,153.65,-1,-1,-1,-1
58,4,398.78,327.43,43.9,84.78,-1,-1,-1,-1
58,5,419.36,331.52,39.71,63.55,-1,-1,-1,-1
58,6,658.82,330.03,44.16,99.1,-1,-1,-1,-1
59,1,384.0,331.0,42.0,81.0,-1,-1,-1,-1
59,2,355.56,315.9,40.83,80.34,-1,-1,-1,-1
59,3,984.76,378.38,48.26,153.53,-1,-1,-1,-1
59,4,403.25,328.55,42.01,81.19,-1,-1,-1,-1
59,5,421.89,332.96,37.36,58.91,-1,-1,-1,-1
59,6,658.69,331.14,43.81,98.24,-1,-1,-1,-1
60,1,386.0,330.0,44.5,81.0,-1,-1,-1,-1
60,2,357.27,318.41,40.47,77.65,-1,-1,-1,-1
60,3,984.82,378.28,48.15,153.63,-1,-1,-1,-1
60,4,409.54,330.11,41.32,77.74,-1,-1,-1,-1
60,5,421.73,333.66,36.74,56.86,-1,-1,-1,-1
60,6,657.91,330.67,44.14,98.85,-1,-1,-1,-1
61,1,388.0,329.0,47.0,81.0,-1,-1,-1,-1
61,2,359.36,321.92,39.74,74.2,-1,-1,-1,-1
61,3,984.88,378.25,48.03,153.67,-1,-1,-1,-1
61,4,413.02,330.28,42.15,78.67,-1,-1,-1,-1
61,5,421.78,332.67,38.23,58.61,-1,-1,-1,-1
61,6,657.4,330.5,44.28,98.79,-1,-1,-1,-1
62,1,393.75,328.5,45.5,80.25,-1,-1,-1,-1
62,4,421.0,330.0,44.0,79.0,-1,-1,-1,-1
62,2,360.42,324.42,39.67,72.31,-1,-1,-1,-1
62,3,984.96,378.38,47.88,153.53,-1,-1,-1,-1
62,5,423.0,332.02,39.45,60.14,-1,-1,-1,-1
62,6,657.54,330.45,44.42,98.79,-1,-1,-1,-1
63,1,399.5,328.0,44.0,79.5,-1,-1,-1,-1
63,4,420.0,330.0,61.0,79.0,-1,-1,-1,-1
63,5,420.0,329.0,47.0,67.0,-1,-1,-1,-1
63,2,363.05,327.28,38.97,68.91,-1,-1,-1,-1
63,3,985.0,378.28,47.8,153.63,-1,-1,-1,-1
63,6,658.59,331.18,44.42,98.21,-1,-1,-1,-1
64,1,405.25,327.5,42.5,78.75,-1,-1,-1,-1
64,4,424.25,329.25,58.75,79.75,-1,-1,-1,-1
64,5,424.0,328.5,44.0,68.0,-1,-1,-1,-1
64,2,363.7,328.3,39.53,67.68,-1,-1,-1,-1
64,3,985.04,378.25,47.71,153.66,-1,-1,-1,-1
64,6,658.94,331.46,44.64,98.01,-1,-1,-1,-1
65,1,411.0,327.0,41.0,78.0,-1,-1,-1,-1
65,4,428.5,328.5,56.5,80.5,-1,-1,-1,-1
65,5,428.0,328.0,41.0,69.0,-1,-1,-1,-1
65,2,362.22,327.86,41.21,68.79,-1,-1,-1,-1
65,3,985.08,378.23,47.63,153.68,-1,-1,-1,-1
65,6,659.7,331.57,44.76,98.24,-1,-1,-1,-1
66,1,413.0,326.25,44.25,77.5,-1,-1,-1,-1
66,4,432.75,327.75,54.25,81.25,-1,-1,-1,-1
66,5,431.33333333333337,327.0,40.333333333333314,69.33333333333337,-1,-1,-1,-1
66,2,360.92,327.52,42.67,69.82,-1,-1,-1,-1
66,3,985.12,378.23,47.55,153.68,-1,-1,-1,-1
66,6,660.36,331.76,44.73,98.34,-1,-1,-1,-1
67,1,415.0,325.5,47.5,77.0,-1,-1,-1,-1
67,4,437.0,327.0,52.0,82.0,-1,-1,-1,-1
67,5,434.6666666666667,326.0,39.666666666666686,69.66666666666663,-1,-1,-1,-1
67,2,358.01,327.52,43.19,70.82,-1,-1,-1,-1
67,3,985.16,378.22,47.48,153.68,-1,-1,-1,-1
67,6,661.94,331.09,45.12,99.29,-1,-1,-1,-1
68,1,417.0,324.75,50.75,76.5,-1,-1,-1,-1
68,5,438.0,325.0,39.0,70.0,-1,-1,-1,-1
68,2,354.97,327.64,42.47,70.92,-1,-1,-1,-1
68,3,985.19,378.22,47.42,153.68,-1,-1,-1,-1
68,4,438.72,327.53,46.93,76.97,-1,-1,-1,-1
68,6,662.87,331.14,45.22,99.35,-1,-1,-1,-1
69,1,419.0,324.0,54.0,76.0,-1,-1,-1,-1
69,5,439.0,324.0,42.0,72.0,-1,-1,-1,-1
69,2,353.2,327.65,43.06,72.46,-1,-1,-1,-1
69,3,985.24,378.37,47.32,153.53,-1,-1,-1,-1
69,4,440.08,324.14,48.96,79.17,-1,-1,-1,-1
69,6,664.37,329.37,45.39,101.17,-1,-1,-1,-1
70,1,420.6666666666667,324.33333333333337,54.666666666666686,75.0,-1,-1,-1,-1
70,5,441.25,323.25,42.75,73.0,-1,-1,-1,-1
70,2,352.62,328.09,43.44,73.92,-1,-1,-1,-1
70,3,985.23,378.13,47.33,153.77,-1,-1,-1,-1
70,4,440.16,322.43,52.0,83.86,-1,-1,-1,-1
70,6,666.42,328.27,44.85,101.85,-1,-1,-1,-1
71,1,422.3333333333333,324.6666666666667,55.33333333333337,73.99999999999994,-1,-1,-1,-1
71,5,443.5,322.5,43.5,74.0,-1,-1,-1,-1
71,2,352.74,329.56,42.9,73.3,-1,-1,-1,-1
71,3,985.2,378.04,47.4,153.57,-1,-1,-1,-1
71,4,442.52,331.54,48.34,76.63,-1,-1,-1,-1
71,6,669.59,327.12,44.62,102.99,-1,-1,-1,-1
72,1,424.0,325.0,56.0,73.0,-1,-1,-1,-1
72,5,445.75,321.75,44.25,75.0,-1,-1,-1,-1
72,2,352.82,330.7,42.34,72.46,-1,-1,-1,-1
72,3,985.15,378.01,47.49,153.49,-1,-1,-1,-1
72,4,443.75,335.32,47.01,73.66,-1,-1,-1,-1
72,6,671.34,326.7,44.61,104.01,-1,-1,-1,-1
73,1,433.0,326.0,43.0,72.0,-1,-1,-1,-1
73,5,448.0,321.0,45.0,76.0,-1,-1,-1,-1
73,2,349.99,332.3,42.48,71.55,-1,-1,-1,-1
73,3,985.1,378.29,47.59,153.46,-1,-1,-1,-1
73,4,441.08,333.46,48.91,75.66,-1,-1,-1,-1
73,6,675.38,327.44,44.9,104.68,-1,-1,-1,-1
74,1,434.0,327.0,39.0,71.0,-1,-1,-1,-1
74,5,453.0,320.0,43.0,77.0,-1,-1,-1,-1
74,2,349.0,332.72,42.71,71.21,-1,-1,-1,-1
74,3,985.06,378.4,47.68,153.45,-1,-1,-1,-1
74,4,439.77,332.2,50.06,76.39,-1,-1,-1,-1
74,6,677.65,328.91,44.68,104.04,-1,-1,-1,-1
75,1,435.0,327.0,49.0,70.0,-1,-1,-1,-1
75,5,458.0,319.0,42.0,77.0,-1,-1,-1,-1
75,2,340.71,332.25,48.82,80.34,-1,-1,-1,-1
75,3,985.01,378.44,47.77,153.44,-1,-1,-1,-1
75,4,435.24,332.15,51.13,77.57,-1,-1,-1,-1
75,6,682.56,332.75,44.75,102.0,-1,-1,-1,-1
76,1,435.33333333333337,326.33333333333337,50.333333333333314,70.0,-1,-1,-1,-1
76,2,337.07,331.81,51.74,83.92,-1,-1,-1,-1
76,3,985.06,378.45,47.68,153.44,-1,-1,-1,-1
76,4,434.15,330.8,52.24,78.91,-1,-1,-1,-1
76,5,463.29,318.94,41.51,78.78,-1,-1,-1,-1
76,6,685.04,334.21,45.85,102.11,-1,-1,-1,-1
77,1,435.6666666666666,325.6666666666667,51.66666666666674,69.99999999999994,-1,-1,-1,-1
77,2,333.0,331.45,53.02,86.21,-1,-1,-1,-1
77,3,985.1,378.46,47.59,153.44,-1,-1,-1,-1
77,4,433.6,328.81,53.45,81.2,-1,-1,-1,-1
77,5,471.58,318.61,40.37,75.69,-1,-1,-1,-1
77,6,687.2,335.94,47.24,102.15,-1,-1,-1,-1
78,1,436.0,325.0,53.0,70.0,-1,-1,-1,-1
78,2,328.67,330.86,52.69,87.36,-1,-1,-1,-1
78,3,985.14,378.46,47.52,153.44,-1,-1,-1,-1
78,4,433.54,327.91,54.16,82.94,-1,-1,-1,-1
78,5,475.92,318.52,40.64,75.15,-1,-1,-1,-1
78,6,687.9,337.01,48.46,101.87,-1,-1,-1,-1
79,1,455.57,319.53,43.46,77.15,-1,-1,-1,-1
79,2,325.24,328.14,52.64,90.09,-1,-1,-1,-1
79,3,985.17,378.46,47.45,153.45,-1,-1,-1,-1
79,4,433.74,327.87,55.23,85.36,-1,-1,-1,-1
79,5,483.98,318.06,40.68,72.87,-1,-1,-1,-1
79,6,687.78,336.51,50.16,102.65,-1,-1,-1,-1
80,1,457.31,319.46,43.64,77.07,-1,-1,-1,-1
80,2,323.65,325.5,52.38,92.55,-1,-1,-1,-1
80,3,985.19,378.31,47.43,153.59,-1,-1,-1,-1
80,4,433.27,328.74,55.54,86.27,-1,-1,-1,-1
80,5,487.56,313.06,44.52,77.81,-1,-1,-1,-1
80,6,690.28,334.22,51.51,105.02,-1,-1,-1,-1
81,1,460.77,317.86,45.12,79.04,-1,-1,-1,-1
81,2,321.59,322.59,52.68,96.35,-1,-1,-1,-1
81,3,985.21,378.25,47.38,153.65,-1,-1,-1,-1
81,4,428.94,331.88,54.95,83.67,-1,-1,-1,-1
81,5,492.62,310.11,47.04,81.33,-1,-1,-1,-1
81,6,695.14,332.75,51.74,106.2,-1,-1,-1,-1
82,1,460.69,317.28,45.88,79.77,-1,-1,-1,-1
82,2,320.64,321.17,52.04,98.37,-1,-1,-1,-1
82,3,985.21,378.08,47.37,153.82,-1,-1,-1,-1
82,4,425.07,333.4,56.51,84.41,-1,-1,-1,-1
82,5,496.82,308.86,47.22,81.53,-1,-1,-1,-1
82,6,697.24,331.89,51.8,107.24,-1,-1,-1,-1
83,1,464.83,317.52,45.81,78.56,-1,-1,-1,-1
83,2,319.37,321.79,50.52,97.66,-1,-1,-1,-1
83,3,985.27,378.02,47.26,153.59,-1,-1,-1,-1
83,4,420.99,334.26,59.86,88.22,-1,-1,-1,-1
83,5,500.43,307.11,46.97,82.48,-1,-1,-1,-1
83,6,699.68,330.67,52.53,109.09,-1,-1,-1,-1
84,1,468.17,317.51,46.25,78.05,-1,-1,-1,-1
84,2,318.43,322.78,49.49,97.59,-1,-1,-1,-1
84,3,985.31,378.0,47.19,153.5,-1,-1,-1,-1
84,4,418.79,334.43,61.6,89.93,-1,-1,-1,-1
84,5,504.57,306.49,46.28,82.83,-1,-1,-1,-1
84,6,701.74,330.07,53.33,110.65,-1,-1,-1,-1
85,1,474.12,317.53,45.15,76.06,-1,-1,-1,-1
85,2,317.18,327.28,47.49,94.0,-1,-1,-1,-1
85,3,985.33,377.99,47.14,153.46,-1,-1,-1,-1
85,4,414.19,334.63,61.17,90.28,-1,-1,-1,-1
85,5,508.68,306.75,47.64,84.13,-1,-1,-1,-1
85,6,704.78,331.46,53.1,109.47,-1,-1,-1,-1
86,1,478.75,316.23,45.14,76.76,-1,-1,-1,-1
86,2,317.39,331.12,46.39,91.35,-1,-1,-1,-1
86,3,985.35,377.99,47.11,153.45,-1,-1,-1,-1
86,4,411.52,334.84,60.47,90.08,-1,-1,-1,-1
86,5,516.29,308.65,46.3,81.67,-1,-1,-1,-1
86,6,707.52,332.75,52.63,108.09,-1,-1,-1,-1
87,1,479.99,314.29,45.91,77.61,-1,-1,-1,-1
87,2,315.84,337.49,44.29,85.54,-1,-1,-1,-1
87,3,985.36,377.99,47.08,153.45,-1,-1,-1,-1
87,4,405.57,336.98,58.5,87.91,-1,-1,-1,-1
87,5,522.95,313.93,42.02,74.72,-1,-1,-1,-1
87,6,709.84,335.02,51.5,105.47,-1,-1,-1,-1
88,1,480.48,313.43,46.56,77.62,-1,-1,-1,-1
88,2,315.46,340.78,43.57,82.4,-1,-1,-1,-1
88,3,985.38,377.99,47.05,153.45,-1,-1,-1,-1
88,4,402.42,338.23,57.8,87.35,-1,-1,-1,-1
88,5,532.69,317.22,42.55,73.29,-1,-1,-1,-1
88,6,710.92,335.87,51.07,104.46,-1,-1,-1,-1
89,1,482.79,311.06,48.84,79.09,-1,-1,-1,-1
89,2,314.97,342.68,45.98,85.86,-1,-1,-1,-1
89,3,985.39,377.99,47.03,153.45,-1,-1,-1,-1
89,4,401.11,339.42,57.33,86.83,-1,-1,-1,-1
89,5,537.64,317.01,45.47,75.84,-1,-1,-1,-1
89,6,711.99,336.48,50.59,103.49,-1,-1,-1,-1
90,1,485.02,310.93,50.33,78.75,-1,-1,-1,-1
90,2,316.52,344.52,46.99,86.21,-1,-1,-1,-1
90,3,985.4,377.99,47.0,153.45,-1,-1,-1,-1
90,4,399.92,339.85,57.2,86.62,-1,-1,-1,-1
90,5,539.55,317.52,46.63,75.89,-1,-1,-1,-1
90,6,711.9,336.54,50.63,103.43,-1,-1,-1,-1
91,1,488.08,310.33,51.61,79.78,-1,-1,-1,-1
91,2,323.46,347.54,47.32,84.55,-1,-1,-1,-1
91,3,985.92,378.29,47.16,153.45,-1,-1,-1,-1
91,4,398.5,340.73,56.26,85.64,-1,-1,-1,-1
91,5,540.55,316.82,48.39,77.11,-1,-1,-1,-1
91,6,712.66,336.55,50.73,103.72,-1,-1,-1,-1
92,1,493.08,311.61,50.11,78.68,-1,-1,-1,-1
92,2,326.65,349.52,47.93,83.32,-1,-1,-1,-1
92,3,985.99,378.4,47.46,153.45,-1,-1,-1,-1
92,4,399.68,341.49,55.32,84.97,-1,-1,-1,-1
92,5,541.13,317.14,48.87,76.69,-1,-1,-1,-1
92,6,712.93,336.69,50.65,103.83,-1,-1,-1,-1
93,1,498.36,315.56,46.73,74.67,-1,-1,-1,-1
93,2,327.38,351.69,49.08,84.68,-1,-1,-1,-1
93,3,986.57,379.48,47.64,152.41,-1,-1,-1,-1
93,4,406.32,342.64,52.58,82.92,-1,-1,-1,-1
93,5,541.94,315.91,49.83,78.02,-1,-1,-1,-1
93,6,713.55,337.92,50.06,102.68,-1,-1,-1,-1
94,1,500.96,317.86,44.52,72.52,-1,-1,-1,-1
94,2,326.98,352.43,49.92,85.78,-1,-1,-1,-1
94,3,987.19,380.04,48.1,151.86,-1,-1,-1,-1
94,4,409.96,342.75,51.49,83.35,-1,-1,-1,-1
94,5,541.78,315.16,50.83,78.81,-1,-1,-1,-1
94,6,713.04,338.52,50.0,102.26,-1,-1,-1,-1
95,1,502.92,318.85,43.28,71.74,-1,-1,-1,-1
95,2,328.58,352.35,51.13,86.5,-1,-1,-1,-1
95,3,987.68,380.24,48.95,151.67,-1,-1,-1,-1
95,4,414.42,342.91,48.49,79.94,-1,-1,-1,-1
95,5,542.66,315.61,51.39,79.11,-1,-1,-1,-1
95,6,711.66,339.03,50.48,102.11,-1,-1,-1,-1
96,1,504.07,319.36,42.36,71.17,-1,-1,-1,-1
96,2,330.34,352.41,51.91,85.88,-1,-1,-1,-1
96,3,988.28,381.5,49.6,150.41,-1,-1,-1,-1
96,4,416.52,342.49,48.24,80.17,-1,-1,-1,-1
96,5,546.28,319.19,50.07,76.26,-1,-1,-1,-1
96,6,710.95,339.21,50.96,102.06,-1,-1,-1,-1
97,1,503.3,319.54,42.4,71.28,-1,-1,-1,-1
97,2,342.67,352.67,52.68,88.92,-1,-1,-1,-1
97,3,988.78,383.91,50.46,147.7,-1,-1,-1,-1
97,4,419.63,342.62,48.99,81.17,-1,-1,-1,-1
97,5,548.22,320.87,49.91,75.16,-1,-1,-1,-1
97,6,712.3,339.85,51.41,102.05,-1,-1,-1,-1
98,1,502.07,319.6,42.32,71.33,-1,-1,-1,-1
98,2,350.08,353.46,52.23,89.46,-1,-1,-1,-1
98,3,990.28,386.16,51.74,145.04,-1,-1,-1,-1
98,4,425.11,342.95,48.65,81.26,-1,-1,-1,-1
98,5,548.83,321.32,50.41,75.06,-1,-1,-1,-1
98,6,713.39,340.08,51.57,102.05,-1,-1,-1,-1
99,1,499.23,319.91,43.3,72.26,-1,-1,-1,-1
99,2,353.79,354.75,52.27,88.47,-1,-1,-1,-1
99,3,991.72,386.82,54.02,145.13,-1,-1,-1,-1
99,4,430.5,344.55,48.07,80.41,-1,-1,-1,-1
99,5,550.68,322.37,50.73,75.34,-1,-1,-1,-1
99,6,715.04,340.6,51.46,102.06,-1,-1,-1,-1
100,1,496.36,319.57,44.22,72.92,-1,-1,-1,-1
100,2,363.93,355.35,51.55,88.67,-1,-1,-1,-1
100,3,992.24,386.29,56.05,145.64,-1,-1,-1,-1
100,4,433.49,344.83,48.39,80.4,-1,-1,-1,-1
100,5,552.71,322.89,50.32,75.15,-1,-1,-1,-1
100,6,716.55,340.03,51.96,103.26,-1,-1,-1,-1
101,1,493.72,319.43,45.19,73.18,-1,-1,-1,-1
101,2,374.03,355.97,52.12,89.33,-1,-1,-1,-1
101,3,993.05,383.67,57.89,146.16,-1,-1,-1,-1
101,4,441.28,344.32,48.92,81.9,-1,-1,-1,-1
101,5,552.7,320.53,51.49,77.47,-1,-1,-1,-1
101,6,718.7,340.84,51.28,102.24,-1,-1,-1,-1
102,1,491.96,319.67,45.84,72.98,-1,-1,-1,-1
102,2,378.55,356.32,52.16,88.68,-1,-1,-1,-1
102,3,994.27,382.67,59.07,145.18,-1,-1,-1,-1
102,4,445.76,343.82,48.97,82.76,-1,-1,-1,-1
102,5,555.09,319.19,51.72,79.52,-1,-1,-1,-1
102,6,720.2,340.84,50.77,101.84,-1,-1,-1,-1
103,1,488.04,319.46,47.8,74.39,-1,-1,-1,-1
103,2,385.38,355.37,55.0,91.1,-1,-1,-1,-1
103,3,1002.39,380.79,58.45,141.84,-1,-1,-1,-1
103,4,449.38,344.2,50.72,86.94,-1,-1,-1,-1
103,5,558.84,316.77,51.84,82.06,-1,-1,-1,-1
103,6,724.83,340.38,50.12,102.6,-1,-1,-1,-1
104,1,485.13,320.11,47.86,71.97,-1,-1,-1,-1
104,2,388.47,355.13,58.26,93.47,-1,-1,-1,-1
104,3,1009.01,379.63,58.21,140.45,-1,-1,-1,-1
104,4,460.99,343.76,54.49,90.25,-1,-1,-1,-1
104,5,562.03,315.55,51.12,83.31,-1,-1,-1,-1
104,6,727.15,340.19,49.2,101.99,-1,-1,-1,-1
105,1,477.3,320.51,48.08,71.93,-1,-1,-1,-1
105,2,399.32,355.9,60.35,95.24,-1,-1,-1,-1
105,3,1014.61,375.6,58.88,142.08,-1,-1,-1,-1
105,4,470.18,346.63,54.09,88.33,-1,-1,-1,-1
105,5,566.24,314.5,49.97,83.19,-1,-1,-1,-1
105,6,730.56,340.71,49.04,102.36,-1,-1,-1,-1
106,1,471.34,319.31,50.17,75.21,-1,-1,-1,-1
106,2,418.23,357.63,58.88,94.73,-1,-1,-1,-1
106,3,1019.85,371.89,59.77,144.94,-1,-1,-1,-1
106,4,474.28,348.34,53.16,87.53,-1,-1,-1,-1
106,5,571.0,314.4,48.93,82.24,-1,-1,-1,-1
106,6,735.59,342.83,50.88,104.88,-1,-1,-1,-1
107,1,464.38,317.4,51.73,78.76,-1,-1,-1,-1
107,2,432.41,357.83,59.34,95.09,-1,-1,-1,-1
107,3,1024.13,368.3,60.02,145.29,-1,-1,-1,-1
107,4,479.9,350.75,52.64,86.02,-1,-1,-1,-1
107,5,577.89,315.71,47.66,78.89,-1,-1,-1,-1
107,6,740.62,345.82,52.84,104.94,-1,-1,-1,-1
108,1,460.86,316.51,50.63,78.38,-1,-1,-1,-1
108,2,440.56,358.91,60.7,95.5,-1,-1,-1,-1
108,3,1026.73,366.53,60.3,145.28,-1,-1,-1,-1
108,4,487.72,351.04,53.22,84.55,-1,-1,-1,-1
108,5,581.57,316.68,49.58,80.3,-1,-1,-1,-1
108,6,743.71,346.66,55.23,105.25,-1,-1,-1,-1
109,4,488.0,347.0,73.0,87.0,-1,-1,-1,-1
109,1,456.88,316.32,48.37,76.14,-1,-1,-1,-1
109,2,448.45,357.53,62.31,95.34,-1,-1,-1,-1
109,3,1030.29,365.46,59.77,141.57,-1,-1,-1,-1
109,5,582.44,321.18,49.89,77.56,-1,-1,-1,-1
109,6,746.4,345.77,58.82,107.43,-1,-1,-1,-1
110,4,488.0,345.0,73.0,89.0,-1,-1,-1,-1
110,1,452.97,315.66,48.3,77.94,-1,-1,-1,-1
110,2,455.88,356.38,64.74,95.55,-1,-1,-1,-1
110,3,1033.95,365.28,59.44,137.91,-1,-1,-1,-1
110,5,583.0,323.82,50.41,75.59,-1,-1,-1,-1
110,6,746.51,344.97,61.81,109.13,-1,-1,-1,-1
111,4,500.75,346.0,69.25,87.25,-1,-1,-1,-1
111,1,449.79,317.04,46.29,76.25,-1,-1,-1,-1
111,2,469.27,355.18,65.24,95.02,-1,-1,-1,-1
111,3,1039.7,364.51,59.92,135.52,-1,-1,-1,-1
111,5,582.31,324.77,51.53,74.87,-1,-1,-1,-1
111,6,748.13,344.64,63.7,109.76,-1,-1,-1,-1
112,4,513.5,347.0,65.5,85.5,-1,-1,-1,-1
112,1,446.75,318.34,45.08,74.98,-1,-1,-1,-1
112,2,490.54,353.97,63.3,95.99,-1,-1,-1,-1
112,3,1044.3,364.72,60.91,133.32,-1,-1,-1,-1
112,5,581.65,324.2,53.16,75.52,-1,-1,-1,-1
112,6,754.3,345.38,63.15,108.22,-1,-1,-1,-1
113,4,526.25,348.0,61.75,83.75,-1,-1,-1,-1
113,1,438.84,321.22,45.82,75.09,-1,-1,-1,-1
113,2,519.18,349.54,63.41,93.65,-1,-1,-1,-1
113,3,1051.95,363.49,61.16,130.89,-1,-1,-1,-1
113,5,574.1,321.42,57.44,78.46,-1,-1,-1,-1
113,6,764.33,341.05,64.58,111.76,-1,-1,-1,-1
114,4,539.0,349.0,58.0,82.0,-1,-1,-1,-1
114,1,434.99,323.77,46.05,73.95,-1,-1,-1,-1
114,2,520.25,349.78,67.08,97.97,-1,-1,-1,-1
114,3,1057.29,363.53,60.75,127.77,-1,-1,-1,-1
114,5,571.84,320.37,59.6,79.57,-1,-1,-1,-1
114,6,770.14,338.4,64.91,114.24,-1,-1,-1,-1
115,4,557.0,349.0,61.0,83.0,-1,-1,-1,-1
115,1,432.53,323.23,47.08,75.31,-1,-1,-1,-1
115,2,529.84,349.86,69.96,98.79,-1,-1,-1,-1
115,3,1061.76,363.44,57.66,120.15,-1,-1,-1,-1
115,5,566.58,318.64,62.6,84.12,-1,-1,-1,-1
115,6,778.52,337.24,63.0,114.0,-1,-1,-1,-1
116,4,565.0,348.5,64.0,84.5,-1,-1,-1,-1
116,1,430.96,322.56,47.95,76.11,-1,-1,-1,-1
116,2,541.11,350.74,67.94,93.52,-1,-1,-1,-1
116,3,1063.77,363.61,57.78,119.74,-1,-1,-1,-1
116,5,560.88,317.4,57.22,78.87,-1,-1,-1,-1
116,6,784.72,337.69,61.32,112.4,-1,-1,-1,-1
117,4,573.0,348.0,67.0,86.0,-1,-1,-1,-1
117,1,423.88,319.48,48.77,79.37,-1,-1,-1,-1
117,2,565.95,347.92,71.13,99.46,-1,-1,-1,-1
117,3,1067.18,365.51,55.85,114.79,-1,-1,-1,-1
117,5,556.96,315.86,54.58,77.61,-1,-1,-1,-1
117,6,796.73,339.37,60.04,109.08,-1,-1,-1,-1
118,4,587.6666666666667,348.33333333333337,64.0,87.33333333333331,-1,-1,-1,-1
118,1,420.06,318.32,48.48,80.89,-1,-1,-1,-1
118,2,580.18,350.23,69.16,98.99,-1,-1,-1,-1
118,3,1067.67,367.02,55.01,111.69,-1,-1,-1,-1
118,5,554.03,315.0,54.25,79.55,-1,-1,-1,-1
118,6,804.63,339.87,60.21,108.1,-1,-1,-1,-1
119,4,602.3333333333334,348.6666666666667,61.0,88.66666666666663,-1,-1,-1,-1
119,1,416.9,315.81,48.62,82.92,-1,-1,-1,-1
119,2,594.6,351.0,68.81,99.34,-1,-1,-1,-1
119,3,1072.26,372.34,51.75,102.23,-1,-1,-1,-1
119,5,549.61,315.44,54.96,83.5,-1,-1,-1,-1
119,6,812.69,340.36,61.6,106.84,-1,-1,-1,-1
120,4,617.0,349.0,58.0,90.0,-1,-1,-1,-1
120,1,415.31,315.59,47.91,83.1,-1,-1,-1,-1
120,2,603.22,350.1,68.87,99.73,-1,-1,-1,-1
120,3,1073.19,380.91,49.09,92.94,-1,-1,-1,-1
120,5,547.28,316.78,53.7,84.12,-1,-1,-1,-1
120,6,815.31,339.8,63.68,106.96,-1,-1,-1,-1
121,4,621.0,349.0,84.0,85.0,-1,-1,-1,-1
121,1,412.41,317.13,47.21,82.55,-1,-1,-1,-1
121,2,618.48,350.77,66.63,93.66,-1,-1,-1,-1
121,3,1072.85,381.91,50.42,92.82,-1,-1,-1,-1
121,5,541.27,318.2,52.94,83.75,-1,-1,-1,-1
121,6,818.93,339.29,64.71,106.42,-1,-1,-1,-1
122,4,629.0,347.0,82.0,85.0,-1,-1,-1,-1
122,1,409.93,318.33,46.97,82.91,-1,-1,-1,-1
122,2,630.9,349.81,67.98,92.46,-1,-1,-1,-1
122,3,1073.62,385.31,50.24,90.06,-1,-1,-1,-1
122,5,537.88,320.23,51.99,82.41,-1,-1,-1,-1
122,6,821.98,338.81,65.45,106.52,-1,-1,-1,-1
123,4,647.0,345.0,77.0,86.0,-1,-1,-1,-1
123,1,404.18,321.3,46.42,83.02,-1,-1,-1,-1
123,2,644.93,346.16,71.03,95.62,-1,-1,-1,-1
123,3,1067.91,380.98,54.42,94.4,-1,-1,-1,-1
123,5,535.85,325.62,49.71,77.11,-1,-1,-1,-1
123,6,833.01,337.59,66.4,107.16,-1,-1,-1,-1
124,4,662.0,343.0,66.0,86.0,-1,-1,-1,-1
124,1,400.89,323.46,45.69,82.45,-1,-1,-1,-1
124,2,659.7,343.34,69.54,95.01,-1,-1,-1,-1
124,3,1062.0,379.91,58.86,98.51,-1,-1,-1,-1
124,5,533.36,327.51,50.1,75.99,-1,-1,-1,-1
124,6,839.22,336.84,66.99,107.1,-1,-1,-1,-1
125,4,684.0,341.0,49.0,87.0,-1,-1,-1,-1
125,1,396.78,325.01,45.77,83.11,-1,-1,-1,-1
125,2,670.86,341.67,68.36,95.06,-1,-1,-1,-1
125,3,1053.5,376.36,64.7,105.03,-1,-1,-1,-1
125,5,529.67,325.3,52.36,78.61,-1,-1,-1,-1
125,6,842.5,335.82,66.68,107.38,-1,-1,-1,-1
126,4,688.0,341.0,51.0,89.0,-1,-1,-1,-1
126,1,394.4,325.14,45.94,84.23,-1,-1,-1,-1
126,2,679.6,340.61,69.3,98.33,-1,-1,-1,-1
126,3,1046.62,374.71,67.24,106.64,-1,-1,-1,-1
126,5,527.79,329.06,50.22,74.55,-1,-1,-1,-1
126,6,848.72,336.79,64.46,104.52,-1,-1,-1,-1
127,4,704.0,341.0,52.0,91.0,-1,-1,-1,-1
127,1,393.13,325.17,45.79,84.64,-1,-1,-1,-1
127,2,688.79,340.09,68.96,100.14,-1,-1,-1,-1
127,3,1038.94,373.18,71.15,109.94,-1,-1,-1,-1
127,5,522.11,327.75,51.07,76.01,-1,-1,-1,-1
127,6,861.78,337.78,63.94,102.83,-1,-1,-1,-1
128,4,711.0,340.0,58.0,92.0,-1,-1,-1,-1
128,1,391.15,324.13,46.05,86.25,-1,-1,-1,-1
128,2,699.81,340.65,68.9,100.23,-1,-1,-1,-1
128,3,1034.84,371.86,73.88,111.64,-1,-1,-1,-1
128,5,517.52,327.27,51.22,76.84,-1,-1,-1,-1
128,6,867.52,338.91,63.89,101.31,-1,-1,-1,-1
129,4,720.0,343.0,82.0,88.0,-1,-1,-1,-1
129,1,386.68,321.66,45.86,88.61,-1,-1,-1,-1
129,2,719.07,342.52,69.24,97.58,-1,-1,-1,-1
129,3,1034.49,369.6,76.09,114.34,-1,-1,-1,-1
129,5,512.04,324.68,52.44,80.14,-1,-1,-1,-1
129,6,873.15,341.59,63.28,98.36,-1,-1,-1,-1
130,4,722.0,345.0,82.0,86.0,-1,-1,-1,-1
130,1,383.35,319.98,45.12,90.08,-1,-1,-1,-1
130,2,723.94,344.16,69.2,95.63,-1,-1,-1,-1
130,3,1033.46,368.75,77.65,116.54,-1,-1,-1,-1
130,5,507.8,321.65,53.93,84.3,-1,-1,-1,-1
130,6,875.89,344.4,62.08,94.87,-1,-1,-1,-1
131,2,717.0,346.0,83.0,95.0,-1,-1,-1,-1
131,4,734.0,345.0,72.0,86.0,-1,-1,-1,-1
131,1,379.73,319.76,43.9,90.33,-1,-1,-1,-1
131,3,1024.23,369.02,80.81,120.29,-1,-1,-1,-1
131,5,500.82,321.35,55.51,85.9,-1,-1,-1,-1
131,6,878.68,346.18,61.18,92.71,-1,-1,-1,-1
132,2,729.6666666666667,343.0,76.66666666666663,97.66666666666674,-1,-1,-1,-1
132,4,742.25,342.75,66.75,87.75,-1,-1,-1,-1
132,1,378.23,320.13,42.43,89.8,-1,-1,-1,-1
132,3,1017.91,369.43,81.83,122.86,-1,-1,-1,-1
132,5,498.29,321.68,56.57,86.78,-1,-1,-1,-1
132,6,879.4,346.65,61.29,92.28,-1,-1,-1,-1
133,2,742.3333333333334,340.0,70.33333333333337,100.33333333333336,-1,-1,-1,-1
133,4,750.5,340.5,61.5,89.5,-1,-1,-1,-1
133,1,375.21,323.38,41.4,89.27,-1,-1,-1,-1
133,3,999.83,369.9,84.49,129.07,-1,-1,-1,-1
133,5,493.6,321.96,58.81,87.98,-1,-1,-1,-1
133,6,878.76,344.67,62.47,93.68,-1,-1,-1,-1
134,2,755.0,337.0,64.0,103.0,-1,-1,-1,-1
134,4,758.75,338.25,56.25,91.25,-1,-1,-1,-1
134,1,372.77,325.35,40.88,89.34,-1,-1,-1,-1
134,3,992.62,370.09,82.72,128.55,-1,-1,-1,-1
134,5,491.32,321.93,59.68,87.53,-1,-1,-1,-1
134,6,877.44,343.33,63.57,94.83,-1,-1,-1,-1
135,2,767.0,335.0,58.0,104.0,-1,-1,-1,-1
135,4,767.0,336.0,51.0,93.0,-1,-1,-1,-1
135,1,368.25,329.64,40.44,87.28,-1,-1,-1,-1
135,3,983.97,370.32,85.73,135.43,-1,-1,-1,-1
135,5,493.96,322.37,60.34,89.68,-1,-1,-1,-1
135,6,873.19,341.62,65.81,97.38,-1,-1,-1,-1
136,2,779.0,334.0,52.0,107.0,-1,-1,-1,-1
136,4,763.0,334.0,57.0,95.0,-1,-1,-1,-1
136,1,365.89,333.2,40.33,85.57,-1,-1,-1,-1
136,3,976.98,371.56,85.24,137.14,-1,-1,-1,-1
136,5,488.69,322.09,62.18,91.35,-1,-1,-1,-1
136,6,871.09,340.97,66.87,98.06,-1,-1,-1,-1
137,2,792.0,337.0,46.0,106.0,-1,-1,-1,-1
137,1,364.83,337.04,39.72,82.83,-1,-1,-1,-1
137,3,963.67,371.92,85.57,139.04,-1,-1,-1,-1
137,4,770.29,337.24,65.83,95.15,-1,-1,-1,-1
137,5,490.81,321.99,61.79,92.26,-1,-1,-1,-1
137,6,867.55,342.21,67.17,98.03,-1,-1,-1,-1
138,2,798.0,338.0,51.0,107.5,-1,-1,-1,-1
138,1,363.88,339.03,39.38,80.89,-1,-1,-1,-1
138,3,957.33,372.06,84.86,139.72,-1,-1,-1,-1
138,4,774.91,337.84,64.04,94.04,-1,-1,-1,-1
138,5,487.39,321.81,62.11,92.87,-1,-1,-1,-1
138,6,864.68,342.83,67.5,98.03,-1,-1,-1,-1
139,2,804.0,339.0,56.0,109.0,-1,-1,-1,-1
139,1,362.31,339.56,39.83,80.5,-1,-1,-1,-1
139,3,948.19,373.58,84.32,139.62,-1,-1,-1,-1
139,4,781.02,338.38,64.22,93.65,-1,-1,-1,-1
139,5,486.93,322.62,60.11,92.19,-1,-1,-1,-1
139,6,863.37,343.36,67.36,97.44,-1,-1,-1,-1
140,2,810.0,341.5,60.5,105.0,-1,-1,-1,-1
140,1,359.85,339.54,40.04,80.37,-1,-1,-1,-1
140,3,940.99,375.63,83.66,139.51,-1,-1,-1,-1
140,4,783.64,338.15,64.78,93.51,-1,-1,-1,-1
140,5,485.32,323.23,58.28,91.3,-1,-1,-1,-1
140,6,861.02,343.4,68.83,99.9,-1,-1,-1,-1
141,2,816.0,344.0,65.0,101.0,-1,-1,-1,-1
141,1,354.83,338.59,39.85,80.94,-1,-1,-1,-1
141,3,932.02,380.08,82.15,136.62,-1,-1,-1,-1
141,4,786.35,336.12,66.33,95.27,-1,-1,-1,-1
141,5,482.16,325.24,57.52,90.93,-1,-1,-1,-1
141,6,851.22,343.86,71.87,105.24,-1,-1,-1,-1
142,2,820.0,343.0,64.0,103.0,-1,-1,-1,-1
142,1,351.85,337.74,39.78,81.47,-1,-1,-1,-1
142,3,928.82,381.78,82.79,139.01,-1,-1,-1,-1
142,4,789.17,334.05,66.41,95.93,-1,-1,-1,-1
142,5,482.96,328.22,55.79,89.29,-1,-1,-1,-1
142,6,844.24,343.3,72.58,107.84,-1,-1,-1,-1
143,2,841.0,341.0,53.0,97.0,-1,-1,-1,-1
143,1,349.3,336.64,40.18,82.87,-1,-1,-1,-1
143,3,926.06,384.89,81.78,140.32,-1,-1,-1,-1
143,4,795.03,330.75,67.58,99.15,-1,-1,-1,-1
143,5,482.22,335.61,52.65,83.87,-1,-1,-1,-1
143,6,848.77,344.97,71.16,107.96,-1,-1,-1,-1
144,2,845.5,339.5,54.5,98.0,-1,-1,-1,-1
144,1,347.81,336.5,40.09,83.11,-1,-1,-1,-1
144,3,926.18,387.82,79.49,139.6,-1,-1,-1,-1
144,4,799.71,329.1,67.44,100.07,-1,-1,-1,-1
144,5,485.14,339.15,50.2,80.89,-1,-1,-1,-1
144,6,843.42,341.65,73.17,111.79,-1,-1,-1,-1
145,2,850.0,338.0,56.0,99.0,-1,-1,-1,-1
145,1,345.85,337.76,39.82,83.2,-1,-1,-1,-1
145,3,925.41,390.67,77.17,138.39,-1,-1,-1,-1
145,4,804.24,327.46,66.71,100.4,-1,-1,-1,-1
145,5,484.08,341.89,48.83,78.3,-1,-1,-1,-1
145,6,841.47,347.22,72.05,111.91,-1,-1,-1,-1
146,2,862.5,337.5,53.5,100.5,-1,-1,-1,-1
146,1,344.58,338.67,39.48,82.94,-1,-1,-1,-1
146,3,925.01,391.41,75.72,138.48,-1,-1,-1,-1
146,4,808.43,327.03,66.94,101.99,-1,-1,-1,-1
146,5,484.07,342.21,48.96,78.31,-1,-1,-1,-1
146,6,839.15,349.69,73.05,113.67,-1,-1,-1,-1
147,2,875.0,337.0,51.0,102.0,-1,-1,-1,-1
147,1,342.47,340.77,39.85,84.03,-1,-1,-1,-1
147,3,924.2,390.45,74.46,139.08,-1,-1,-1,-1
147,4,815.3,330.43,63.14,97.58,-1,-1,-1,-1
147,5,484.04,341.82,49.16,78.64,-1,-1,-1,-1
147,6,837.21,353.4,72.68,111.53,-1,-1,-1,-1
148,2,880.0,338.0,52.0,98.0,-1,-1,-1,-1
148,1,340.89,341.84,39.95,84.44,-1,-1,-1,-1
148,3,924.36,388.86,73.38,140.18,-1,-1,-1,-1
148,4,819.02,333.16,60.12,94.03,-1,-1,-1,-1
148,5,483.95,341.47,49.51,79.1,-1,-1,-1,-1
148,6,837.02,356.44,72.7,109.91,-1,-1,-1,-1
149,2,885.0,338.0,61.0,96.0,-1,-1,-1,-1
149,1,338.87,342.95,39.77,84.29,-1,-1,-1,-1
149,3,924.25,386.0,72.43,142.49,-1,-1,-1,-1
149,4,823.29,337.67,58.17,90.3,-1,-1,-1,-1
149,5,484.07,341.44,49.43,78.99,-1,-1,-1,-1
149,6,834.25,357.7,76.42,114.77,-1,-1,-1,-1
150,2,891.0,339.0,65.0,89.0,-1,-1,-1,-1
150,1,337.35,343.2,39.6,84.23,-1,-1,-1,-1
150,3,924.03,383.27,71.48,144.66,-1,-1,-1,-1
150,4,826.72,339.79,57.54,87.42,-1,-1,-1,-1
150,5,483.89,341.53,49.34,78.67,-1,-1,-1,-1
150,6,832.52,357.85,79.81,119.76,-1,-1,-1,-1
151,1,335.42,342.96,39.75,84.8,-1,-1,-1,-1
151,2,923.16,341.46,44.64,89.0,-1,-1,-1,-1
151,3,923.55,381.32,69.81,144.58,-1,-1,-1,-1
151,4,832.03,342.99,57.31,83.97,-1,-1,-1,-1
151,5,482.16,341.83,49.72,78.57,-1,-1,-1,-1
151,6,830.51,360.77,80.98,121.38,-1,-1,-1,-1
152,4,829.0,343.0,81.0,84.0,-1,-1,-1,-1
152,1,334.14,342.55,39.9,85.31,-1,-1,-1,-1
152,2,932.2,342.54,46.86,94.04,-1,-1,-1,-1
152,3,923.93,378.8,68.29,144.51,-1,-1,-1,-1
152,5,481.0,341.61,50.35,78.85,-1,-1,-1,-1
152,6,828.33,362.46,81.98,121.37,-1,-1,-1,-1
153,4,841.0,339.6666666666667,78.33333333333337,88.33333333333331,-1,-1,-1,-1
153,1,332.48,341.63,40.09,86.38,-1,-1,-1,-1
153,2,940.81,339.26,51.98,106.21,-1,-1,-1,-1
153,3,921.71,377.85,67.92,145.63,-1,-1,-1,-1
153,5,478.83,340.31,51.74,80.16,-1,-1,-1,-1
153,6,833.8,363.65,80.95,120.72,-1,-1,-1,-1
154,4,853.0,336.33333333333337,75.66666666666663,92.66666666666664,-1,-1,-1,-1
154,1,331.69,341.27,39.74,86.49,-1,-1,-1,-1
154,2,948.99,338.45,51.86,106.56,-1,-1,-1,-1
154,3,921.66,377.8,67.57,146.33,-1,-1,-1,-1
154,5,478.62,339.95,52.32,80.37,-1,-1,-1,-1
154,6,836.15,361.55,81.32,122.93,-1,-1,-1,-1
155,4,865.0,333.0,73.0,97.0,-1,-1,-1,-1
155,1,330.99,340.52,39.68,87.11,-1,-1,-1,-1
155,2,963.28,337.7,54.4,108.93,-1,-1,-1,-1
155,3,921.06,377.2,67.6,147.44,-1,-1,-1,-1
155,5,477.94,340.38,52.63,79.86,-1,-1,-1,-1
155,6,837.27,358.97,82.19,125.49,-1,-1,-1,-1
156,4,871.3333333333334,332.0,69.33333333333337,98.66666666666669,-1,-1,-1,-1
156,1,330.43,339.78,39.5,87.63,-1,-1,-1,-1
156,2,973.31,337.13,56.19,110.37,-1,-1,-1,-1
156,3,921.0,377.14,67.45,147.69,-1,-1,-1,-1
156,5,476.96,340.54,53.08,79.37,-1,-1,-1,-1
156,6,838.12,356.92,82.29,127.17,-1,-1,-1,-1
157,4,877.6666666666666,331.0,65.66666666666663,100.33333333333336,-1,-1,-1,-1
157,1,329.75,339.35,39.31,88.11,-1,-1,-1,-1
157,2,984.99,338.96,56.88,111.16,-1,-1,-1,-1
157,3,921.95,374.47,67.99,149.23,-1,-1,-1,-1
157,5,475.99,340.28,53.92,79.19,-1,-1,-1,-1
157,6,837.25,356.84,81.2,126.74,-1,-1,-1,-1
158,4,884.0,330.0,62.0,102.0,-1,-1,-1,-1
158,1,329.59,339.48,38.87,87.99,-1,-1,-1,-1
158,2,992.48,339.98,56.29,111.12,-1,-1,-1,-1
158,3,922.69,373.18,68.72,150.08,-1,-1,-1,-1
158,5,475.27,340.02,55.0,79.13,-1,-1,-1,-1
158,6,837.97,357.24,80.44,125.78,-1,-1,-1,-1
159,4,890.6666666666667,333.6666666666667,60.66666666666663,97.33333333333336,-1,-1,-1,-1
159,1,329.45,339.82,38.38,87.63,-1,-1,-1,-1
159,2,1005.11,343.9,51.05,100.18,-1,-1,-1,-1
159,3,924.19,371.53,69.06,150.08,-1,-1,-1,-1
159,5,475.62,339.62,56.61,79.72,-1,-1,-1,-1
159,6,838.38,357.53,80.47,125.52,-1,-1,-1,-1
160,4,897.3333333333333,337.3333333333333,59.33333333333337,92.66666666666669,-1,-1,-1,-1
160,1,329.43,340.1,37.95,87.19,-1,-1,-1,-1
160,2,1004.77,344.23,55.61,106.18,-1,-1,-1,-1
160,3,924.68,369.74,69.46,150.34,-1,-1,-1,-1
160,5,476.51,339.76,58.14,80.53,-1,-1,-1,-1
160,6,838.11,357.77,80.14,124.94,-1,-1,-1,-1
161,4,904.0,341.0,58.0,88.0,-1,-1,-1,-1
161,1,329.54,340.35,37.65,87.02,-1,-1,-1,-1
161,2,1023.61,345.81,58.0,110.29,-1,-1,-1,-1
161,3,925.21,366.58,69.0,149.38,-1,-1,-1,-1
161,5,477.98,340.84,58.25,79.96,-1,-1,-1,-1
161,6,837.69,356.08,81.26,126.47,-1,-1,-1,-1
162,4,905.6666666666669,342.33333333333337,64.0,90.33333333333336,-1,-1,-1,-1
162,1,329.54,340.44,37.43,86.94,-1,-1,-1,-1
162,2,1035.86,347.72,60.05,111.85,-1,-1,-1,-1
162,3,925.21,365.71,68.09,147.2,-1,-1,-1,-1
162,5,481.14,340.95,57.88,79.74,-1,-1,-1,-1
162,6,836.25,354.25,81.87,128.2,-1,-1,-1,-1
163,4,907.3333333333334,343.6666666666667,69.99999999999989,92.66666666666669,-1,-1,-1,-1
163,1,329.46,340.32,37.28,86.91,-1,-1,-1,-1
163,2,1043.09,350.94,60.94,111.24,-1,-1,-1,-1
163,3,925.13,362.15,67.99,148.15,-1,-1,-1,-1
163,5,485.51,340.23,57.34,80.55,-1,-1,-1,-1
163,6,835.23,351.93,81.87,129.86,-1,-1,-1,-1
164,4,909.0,345.0,76.0,95.0,-1,-1,-1,-1
164,1,329.34,340.12,37.48,87.79,-1,-1,-1,-1
164,2,1047.61,352.16,61.65,111.54,-1,-1,-1,-1
164,3,924.84,361.6,67.31,148.04,-1,-1,-1,-1
164,5,482.61,339.52,57.9,81.15,-1,-1,-1,-1
164,6,835.26,351.2,81.05,130.03,-1,-1,-1,-1
165,1,329.48,339.9,37.24,87.52,-1,-1,-1,-1
165,2,1054.03,351.56,61.2,112.06,-1,-1,-1,-1
165,3,924.42,361.74,66.54,147.99,-1,-1,-1,-1
165,4,928.82,349.04,61.4,98.14,-1,-1,-1,-1
165,5,481.65,338.79,58.37,81.67,-1,-1,-1,-1
165,6,837.22,353.44,78.05,125.47,-1,-1,-1,-1
166,1,329.67,339.66,37.24,87.71,-1,-1,-1,-1
166,2,1049.53,345.85,64.77,118.56,-1,-1,-1,-1
166,3,924.2,364.52,65.23,145.88,-1,-1,-1,-1
166,4,935.85,346.34,59.86,97.51,-1,-1,-1,-1
166,5,481.93,338.37,58.42,81.87,-1,-1,-1,-1
166,6,838.96,355.82,75.52,120.98,-1,-1,-1,-1
167,1,329.78,339.12,37.21,88.08,-1,-1,-1,-1
167,2,1048.19,344.99,67.4,123.73,-1,-1,-1,-1
167,3,923.99,365.47,65.05,145.52,-1,-1,-1,-1
167,4,941.74,345.36,58.27,97.81,-1,-1,-1,-1
167,5,482.08,337.62,58.94,82.83,-1,-1,-1,-1
167,6,840.57,357.77,74.49,118.24,-1,-1,-1,-1
168,1,329.69,338.63,37.21,88.51,-1,-1,-1,-1
168,2,1047.98,344.79,69.54,127.3,-1,-1,-1,-1
168,3,923.57,366.74,64.52,144.2,-1,-1,-1,-1
168,4,945.94,344.67,56.84,98.79,-1,-1,-1,-1
168,5,482.09,337.04,59.21,83.48,-1,-1,-1,-1
168,6,841.64,358.33,74.97,117.69,-1,-1,-1,-1
169,1,329.67,338.14,37.22,88.96,-1,-1,-1,-1
169,2,1052.1,347.18,69.55,127.05,-1,-1,-1,-1
169,3,921.2,365.44,64.01,143.7,-1,-1,-1,-1
169,4,953.58,346.6,55.54,97.37,-1,-1,-1,-1
169,5,486.03,337.57,57.91,83.13,-1,-1,-1,-1
169,6,842.8,357.32,76.02,118.11,-1,-1,-1,-1
170,1,329.88,337.97,37.12,89.12,-1,-1,-1,-1
170,2,1054.39,350.16,68.8,124.81,-1,-1,-1,-1
170,3,920.95,363.63,63.78,144.27,-1,-1,-1,-1
170,4,957.11,348.51,54.52,95.91,-1,-1,-1,-1
170,5,484.32,337.04,57.9,83.28,-1,-1,-1,-1
170,6,844.26,355.29,77.02,119.33,-1,-1,-1,-1
171,1,329.88,337.9,36.99,89.18,-1,-1,-1,-1
171,2,1057.07,351.46,69.08,124.31,-1,-1,-1,-1
171,3,919.29,360.14,62.14,141.96,-1,-1,-1,-1
171,4,961.81,351.59,54.08,94.75,-1,-1,-1,-1
171,5,485.64,336.84,57.48,83.63,-1,-1,-1,-1
171,6,850.87,352.43,77.16,121.59,-1,-1,-1,-1
172,1,330.13,338.03,36.75,88.9,-1,-1,-1,-1
172,2,1057.36,350.9,70.22,125.7,-1,-1,-1,-1
172,3,919.14,357.34,60.63,140.49,-1,-1,-1,-1
172,4,962.42,352.72,55.76,98.19,-1,-1,-1,-1
172,5,483.93,336.62,57.58,83.75,-1,-1,-1,-1
172,6,856.36,350.33,75.89,122.89,-1,-1,-1,-1
173,1,330.08,338.09,36.69,88.78,-1,-1,-1,-1
173,2,1055.03,349.05,71.65,128.98,-1,-1,-1,-1
173,3,920.11,354.24,59.29,139.06,-1,-1,-1,-1
173,4,965.37,353.26,57.75,103.27,-1,-1,-1,-1
173,5,482.24,336.1,58.48,84.97,-1,-1,-1,-1
173,6,865.37,349.69,74.49,124.71,-1,-1,-1,-1
174,1,330.23,338.26,36.65,88.73,-1,-1,-1,-1
174,2,1052.97,348.34,71.9,130.77,-1,-1,-1,-1
174,3,920.83,352.83,58.14,137.35,-1,-1,-1,-1
174,4,967.42,353.44,57.55,104.62,-1,-1,-1,-1
174,5,481.59,335.91,58.85,85.43,-1,-1,-1,-1
174,6,870.9,349.76,72.55,124.8,-1,-1,-1,-1
175,1,330.26,339.22,36.39,87.82,-1,-1,-1,-1
175,2,1049.5,349.22,73.47,135.8,-1,-1,-1,-1
175,3,921.5,352.96,56.98,134.33,-1,-1,-1,-1
175,4,968.03,351.72,59.75,109.94,-1,-1,-1,-1
175,5,480.94,335.55,59.18,85.88,-1,-1,-1,-1
175,6,876.33,351.29,70.91,125.12,-1,-1,-1,-1
176,1,330.11,340.04,36.36,87.47,-1,-1,-1,-1
176,2,1047.25,350.29,72.24,136.67,-1,-1,-1,-1
176,3,922.32,353.37,56.69,132.94,-1,-1,-1,-1
176,4,968.9,351.19,60.28,111.8,-1,-1,-1,-1
176,5,481.24,335.13,59.4,86.34,-1,-1,-1,-1
176,6,882.44,354.7,68.52,122.71,-1,-1,-1,-1
177,1,330.38,341.68,36.0,86.44,-1,-1,-1,-1
177,2,1047.69,356.69,68.81,133.28,-1,-1,-1,-1
177,3,923.41,353.86,56.25,131.56,-1,-1,-1,-1
177,4,971.73,351.1,59.79,112.33,-1,-1,-1,-1
177,5,481.77,334.83,59.25,86.5,-1,-1,-1,-1
177,6,886.06,357.51,66.86,120.88,-1,-1,-1,-1
178,1,330.45,343.34,35.64,85.46,-1,-1,-1,-1
178,2,1049.14,361.54,67.07,132.47,-1,-1,-1,-1
178,3,924.39,353.78,56.19,131.09,-1,-1,-1,-1
178,4,973.66,351.77,58.79,112.04,-1,-1,-1,-1
178,5,482.05,334.72,59.05,86.55,-1,-1,-1,-1
178,6,887.2,358.85,65.82,120.2,-1,-1,-1,-1
179,1,330.41,344.85,35.35,84.8,-1,-1,-1,-1
179,2,1049.68,367.33,63.88,126.35,-1,-1,-1,-1
179,3,930.57,353.19,54.16,128.56,-1,-1,-1,-1
179,4,976.8,353.78,58.03,111.29,-1,-1,-1,-1
179,5,481.54,334.69,59.01,86.56,-1,-1,-1,-1
179,6,887.04,359.78,64.88,119.8,-1,-1,-1,-1
180,1,330.31,346.44,34.83,83.67,-1,-1,-1,-1
180,2,1048.23,370.53,63.35,125.31,-1,-1,-1,-1
180,3,934.96,351.48,52.87,128.86,-1,-1,-1,-1
180,4,978.92,357.04,56.79,109.34,-1,-1,-1,-1
180,5,481.57,334.54,59.14,86.84,-1,-1,-1,-1
180,6,888.74,360.41,64.4,119.06,-1,-1,-1,-1
181,1,329.62,347.01,35.34,85.66,-1,-1,-1,-1
181,2,1044.44,372.55,63.58,124.32,-1,-1,-1,-1
181,3,937.95,348.93,52.0,130.96,-1,-1,-1,-1
181,4,979.58,360.78,55.12,106.91,-1,-1,-1,-1
181,5,481.26,334.64,59.23,86.94,-1,-1,-1,-1
181,6,889.56,360.63,64.56,118.79,-1,-1,-1,-1
182,1,329.23,346.76,35.53,87.0,-1,-1,-1,-1
182,2,1038.01,372.63,65.21,125.44,-1,-1,-1,-1
182,3,938.84,347.87,50.87,131.63,-1,-1,-1,-1
182,4,980.4,362.45,54.26,105.97,-1,-1,-1,-1
182,5,481.27,334.83,59.02,86.67,-1,-1,-1,-1
182,6,889.06,360.54,64.86,118.85,-1,-1,-1,-1
183,1,329.93,345.31,36.27,88.99,-1,-1,-1,-1
183,2,1022.29,375.42,65.06,123.63,-1,-1,-1,-1
183,3,942.46,347.95,49.75,129.97,-1,-1,-1,-1
183,4,978.46,365.42,55.84,110.38,-1,-1,-1,-1
183,5,481.42,335.21,58.65,85.97,-1,-1,-1,-1
183,6,887.3,360.93,65.0,118.44,-1,-1,-1,-1
184,1,329.61,344.44,36.57,90.03,-1,-1,-1,-1
184,2,1014.66,377.15,65.93,122.18,-1,-1,-1,-1
184,3,944.98,348.33,49.33,129.06,-1,-1,-1,-1
184,4,977.83,366.49,56.13,111.42,-1,-1,-1,-1
184,5,482.39,336.7,57.87,84.5,-1,-1,-1,-1
184,6,885.8,360.76,65.39,118.59,-1,-1,-1,-1
185,1,328.06,343.36,37.19,92.19,-1,-1,-1,-1
185,2,1011.07,378.32,65.47,121.05,-1,-1,-1,-1
185,3,946.83,350.0,48.46,126.65,-1,-1,-1,-1
185,4,974.77,367.73,56.95,114.15,-1,-1,-1,-1
185,5,482.4,337.26,58.3,84.24,-1,-1,-1,-1
185,6,884.73,359.79,66.73,119.85,-1,-1,-1,-1
186,1,326.57,342.65,37.18,92.71,-1,-1,-1,-1
186,2,1000.71,378.39,67.94,122.13,-1,-1,-1,-1
186,3,945.56,350.36,48.32,127.29,-1,-1,-1,-1
186,4,970.96,368.01,56.6,114.73,-1,-1,-1,-1
186,5,482.29,337.47,59.29,84.45,-1,-1,-1,-1
186,6,885.81,360.15,67.18,119.29,-1,-1,-1,-1
187,1,325.09,342.82,37.25,93.48,-1,-1,-1,-1
187,2,989.7,380.74,71.46,122.25,-1,-1,-1,-1
187,3,943.91,350.95,48.18,126.8,-1,-1,-1,-1
187,4,974.98,369.68,57.1,113.59,-1,-1,-1,-1
187,5,482.99,338.14,60.56,84.83,-1,-1,-1,-1
187,6,883.74,357.75,68.36,121.31,-1,-1,-1,-1
188,1,324.13,343.61,37.19,93.75,-1,-1,-1,-1
188,2,987.53,382.31,72.66,120.07,-1,-1,-1,-1
188,3,943.87,351.04,48.08,125.9,-1,-1,-1,-1
188,4,975.55,371.16,57.99,113.11,-1,-1,-1,-1
188,5,483.88,338.98,61.56,84.67,-1,-1,-1,-1
188,6,882.9,356.25,69.15,121.77,-1,-1,-1,-1
189,1,322.94,345.54,37.67,95.6,-1,-1,-1,-1
189,2,980.5,378.93,78.68,128.25,-1,-1,-1,-1
189,3,942.87,350.78,48.76,124.69,-1,-1,-1,-1
189,4,971.96,373.15,57.53,111.72,-1,-1,-1,-1
189,5,491.16,340.33,60.51,84.02,-1,-1,-1,-1
189,6,881.53,356.13,68.83,120.02,-1,-1,-1,-1
190,4,948.0,380.0,93.0,111.0,-1,-1,-1,-1
190,1,322.42,347.88,37.74,95.99,-1,-1,-1,-1
190,2,971.6,380.74,78.52,128.47,-1,-1,-1,-1
190,3,940.69,350.85,50.18,124.41,-1,-1,-1,-1
190,5,494.16,340.97,60.2,84.37,-1,-1,-1,-1
190,6,879.69,356.69,68.62,119.05,-1,-1,-1,-1
191,2,956.0,382.0,65.0,122.0,-1,-1,-1,-1
191,4,950.0,382.0,90.0,111.0,-1,-1,-1,-1
191,1,320.97,350.39,37.95,97.59,-1,-1,-1,-1
191,3,938.76,350.58,49.31,119.85,-1,-1,-1,-1
191,5,497.69,340.61,59.35,84.51,-1,-1,-1,-1
191,6,877.66,355.71,68.81,119.58,-1,-1,-1,-1
192,2,953.0,382.0,63.0,124.0,-1,-1,-1,-1
192,4,953.0,384.0,86.0,109.0,-1,-1,-1,-1
192,1,319.77,351.91,37.9,98.47,-1,-1,-1,-1
192,3,935.55,350.34,49.06,118.92,-1,-1,-1,-1
192,5,499.3,340.45,58.36,84.56,-1,-1,-1,-1
192,6,871.45,355.2,67.0,119.64,-1,-1,-1,-1
193,2,946.0,383.0,55.0,116.0,-1,-1,-1,-1
193,3,936.0,349.0,52.0,126.0,-1,-1,-1,-1
193,4,944.0,383.5,94.5,109.0,-1,-1,-1,-1
193,1,318.36,354.09,37.18,97.31,-1,-1,-1,-1
193,5,496.89,340.23,58.56,84.88,-1,-1,-1,-1
193,6,875.68,351.0,69.54,123.68,-1,-1,-1,-1
194,3,936.0,349.0,52.0,126.0,-1,-1,-1,-1
194,4,935.0,383.0,103.0,109.0,-1,-1,-1,-1
194,1,317.49,355.19,36.73,96.54,-1,-1,-1,-1
194,2,934.32,383.5,67.34,131.18,-1,-1,-1,-1
194,5,496.06,339.7,58.98,85.59,-1,-1,-1,-1
194,6,876.62,348.71,70.33,124.45,-1,-1,-1,-1
195,4,922.6666666666669,382.6666666666667,97.0,112.00000000000006,-1,-1,-1,-1
195,1,316.49,355.72,36.47,95.93,-1,-1,-1,-1
195,2,917.31,383.9,70.35,137.74,-1,-1,-1,-1
195,3,932.34,346.68,54.39,127.72,-1,-1,-1,-1
195,5,495.6,339.78,59.36,86.45,-1,-1,-1,-1
195,6,875.73,344.75,71.39,125.76,-1,-1,-1,-1
196,4,910.3333333333331,382.33333333333337,91.0,115.0,-1,-1,-1,-1
196,1,315.6,355.73,36.57,95.98,-1,-1,-1,-1
196,2,903.17,384.61,72.58,139.85,-1,-1,-1,-1
196,3,928.31,346.09,57.65,132.24,-1,-1,-1,-1
196,5,494.26,340.55,60.0,87.96,-1,-1,-1,-1
196,6,874.73,342.25,71.64,125.51,-1,-1,-1,-1
197,4,898.0,382.0,85.0,118.0,-1,-1,-1,-1
197,1,314.62,355.7,36.78,95.99,-1,-1,-1,-1
197,2,889.97,384.8,76.55,142.38,-1,-1,-1,-1
197,3,926.49,347.19,57.96,132.11,-1,-1,-1,-1
197,5,492.46,340.98,61.59,91.76,-1,-1,-1,-1
197,6,873.54,340.74,70.4,120.95,-1,-1,-1,-1
198,4,879.0,381.0,92.0,122.0,-1,-1,-1,-1
198,1,314.11,356.11,36.91,95.69,-1,-1,-1,-1
198,2,879.32,384.24,80.73,143.61,-1,-1,-1,-1
198,3,923.62,348.23,58.64,132.03,-1,-1,-1,-1
198,5,492.68,342.59,60.96,92.32,-1,-1,-1,-1
198,6,869.74,340.24,70.62,118.59,-1,-1,-1,-1
199,4,867.0,379.0,100.0,114.0,-1,-1,-1,-1
199,6,866.0,340.0,69.0,116.0,-1,-1,-1,-1
199,1,313.74,356.09,37.08,95.56,-1,-1,-1,-1
199,2,872.6,394.46,78.86,132.65,-1,-1,-1,-1
199,3,928.62,349.97,57.68,130.64,-1,-1,-1,-1
199,5,493.99,345.27,58.82,90.75,-1,-1,-1,-1
200,4,866.0,378.0,93.0,112.0,-1,-1,-1,-1
200,1,313.59,356.05,37.22,95.51,-1,-1,-1,-1
200,2,860.85,397.48,79.2,127.93,-1,-1,-1,-1
200,3,932.15,352.12,56.51,128.9,-1,-1,-1,-1
200,5,495.39,347.47,56.75,88.92,-1,-1,-1,-1
200,6,865.7,339.82,72.09,120.54,-1,-1,-1,-1
201,4,852.0,378.0,93.0,112.0,-1,-1,-1,-1
201,1,313.37,356.02,37.35,95.48,-1,-1,-1,-1
201,2,833.43,399.1,76.79,125.92,-1,-1,-1,-1
201,3,932.89,353.38,56.09,127.49,-1,-1,-1,-1
201,5,496.57,348.58,55.25,87.92,-1,-1,-1,-1
201,6,860.44,340.94,70.04,117.24,-1,-1,-1,-1
202,4,839.0,377.0,62.0,113.0,-1,-1,-1,-1
202,1,313.28,355.98,37.48,95.47,-1,-1,-1,-1
202,2,817.81,399.31,76.13,124.9,-1,-1,-1,-1
202,3,933.05,354.0,56.15,126.8,-1,-1,-1,-1
202,5,497.08,349.41,53.92,86.94,-1,-1,-1,-1
202,6,856.35,340.79,71.25,120.25,-1,-1,-1,-1
203,4,826.5,378.0,66.0,111.5,-1,-1,-1,-1
203,1,313.01,356.25,37.45,95.16,-1,-1,-1,-1
203,2,804.85,396.9,76.48,126.04,-1,-1,-1,-1
203,3,934.3,353.92,56.19,126.54,-1,-1,-1,-1
203,5,496.98,349.99,52.8,86.27,-1,-1,-1,-1
203,6,849.81,337.94,68.24,118.09,-1,-1,-1,-1
204,4,814.0,379.0,70.0,110.0,-1,-1,-1,-1
204,1,313.04,356.34,37.52,95.04,-1,-1,-1,-1
204,2,796.39,394.59,77.42,127.53,-1,-1,-1,-1
204,3,935.18,353.58,56.57,126.75,-1,-1,-1,-1
204,5,496.39,350.03,52.25,86.32,-1,-1,-1,-1
204,6,850.11,335.98,67.65,117.57,-1,-1,-1,-1
205,4,801.0,375.0,74.0,113.0,-1,-1,-1,-1
205,1,312.95,356.65,37.48,94.69,-1,-1,-1,-1
205,2,785.19,392.48,72.54,118.59,-1,-1,-1,-1
205,3,941.12,352.69,56.18,127.28,-1,-1,-1,-1
205,5,495.54,350.61,51.52,85.75,-1,-1,-1,-1
205,6,850.29,333.64,65.66,114.99,-1,-1,-1,-1
206,4,788.0,372.0,78.0,116.0,-1,-1,-1,-1
206,1,312.92,356.61,37.5,94.56,-1,-1,-1,-1
206,2,773.25,390.52,69.42,115.3,-1,-1,-1,-1
206,3,947.75,351.91,55.54,128.81,-1,-1,-1,-1
206,5,493.93,350.5,51.43,86.13,-1,-1,-1,-1
206,6,849.54,332.96,63.73,112.83,-1,-1,-1,-1
207,4,775.0,371.0,78.0,107.0,-1,-1,-1,-1
207,1,312.73,357.17,37.31,93.92,-1,-1,-1,-1
207,2,760.62,387.51,69.28,116.45,-1,-1,-1,-1
207,3,953.94,352.05,53.77,126.28,-1,-1,-1,-1
207,5,492.79,348.2,52.48,88.37,-1,-1,-1,-1
207,6,847.51,333.06,62.46,111.45,-1,-1,-1,-1
208,4,766.0,370.0,74.0,96.0,-1,-1,-1,-1
208,1,312.85,357.67,37.17,93.38,-1,-1,-1,-1
208,2,749.98,384.61,69.39,118.41,-1,-1,-1,-1
208,3,957.24,351.96,54.68,129.65,-1,-1,-1,-1
208,5,491.38,347.62,52.5,88.61,-1,-1,-1,-1
208,6,846.3,333.44,61.26,110.67,-1,-1,-1,-1
209,4,754.0,370.0,63.0,94.0,-1,-1,-1,-1
209,1,312.73,357.69,37.17,93.48,-1,-1,-1,-1
209,2,737.24,378.91,72.24,122.6,-1,-1,-1,-1
209,3,965.12,356.64,54.56,128.53,-1,-1,-1,-1
209,5,487.24,346.2,53.21,89.89,-1,-1,-1,-1
209,6,845.28,336.63,58.5,107.11,-1,-1,-1,-1
210,4,744.0,369.0,65.0,94.0,-1,-1,-1,-1
210,1,313.8,358.14,37.36,93.22,-1,-1,-1,-1
210,2,728.4,376.05,73.82,123.75,-1,-1,-1,-1
210,3,968.65,362.01,54.52,128.09,-1,-1,-1,-1
210,5,482.71,344.33,54.13,91.54,-1,-1,-1,-1
210,6,843.84,339.07,56.75,104.91,-1,-1,-1,-1
211,4,734.0,368.0,66.0,94.5,-1,-1,-1,-1
211,1,314.74,357.99,37.58,93.13,-1,-1,-1,-1
211,2,717.44,372.93,72.13,117.09,-1,-1,-1,-1
211,3,970.37,365.5,55.89,131.49,-1,-1,-1,-1
211,5,478.47,343.77,53.09,90.69,-1,-1,-1,-1
211,6,842.79,341.19,55.51,103.24,-1,-1,-1,-1
212,4,724.0,367.0,67.0,95.0,-1,-1,-1,-1
212,1,314.95,357.78,37.94,93.4,-1,-1,-1,-1
212,2,701.41,371.79,69.63,113.91,-1,-1,-1,-1
212,3,971.87,367.07,56.88,134.22,-1,-1,-1,-1
212,5,476.48,343.86,52.33,90.34,-1,-1,-1,-1
212,6,842.22,341.97,54.99,102.68,-1,-1,-1,-1
213,4,714.0,366.0,56.0,91.0,-1,-1,-1,-1
213,1,314.72,357.09,38.12,93.21,-1,-1,-1,-1
213,2,686.31,370.82,68.69,111.58,-1,-1,-1,-1
213,3,972.46,368.65,57.05,135.4,-1,-1,-1,-1
213,5,474.45,344.94,51.15,89.01,-1,-1,-1,-1
213,6,842.49,339.98,55.8,104.33,-1,-1,-1,-1
214,1,314.56,356.08,38.61,93.73,-1,-1,-1,-1
214,2,677.28,370.37,68.97,110.91,-1,-1,-1,-1
214,3,973.68,369.35,57.26,136.27,-1,-1,-1,-1
214,4,700.02,366.24,64.32,97.27,-1,-1,-1,-1
214,5,472.55,345.21,50.71,88.8,-1,-1,-1,-1
214,6,843.52,338.64,56.74,105.88,-1,-1,-1,-1
215,1,314.41,355.1,38.97,93.64,-1,-1,-1,-1
215,2,669.9,371.16,66.62,108.3,-1,-1,-1,-1
215,3,974.67,369.72,57.3,136.73,-1,-1,-1,-1
215,4,687.02,362.27,68.88,104.69,-1,-1,-1,-1
215,5,469.9,345.31,50.39,88.71,-1,-1,-1,-1
215,6,844.07,336.5,58.07,108.27,-1,-1,-1,-1
216,1,314.53,353.99,39.65,94.2,-1,-1,-1,-1
216,2,662.3,371.51,63.19,98.58,-1,-1,-1,-1
216,3,974.74,368.33,57.75,138.35,-1,-1,-1,-1
216,4,678.49,359.27,71.36,108.54,-1,-1,-1,-1
216,5,469.31,345.2,50.17,88.98,-1,-1,-1,-1
216,6,844.8,335.41,58.79,109.19,-1,-1,-1,-1
217,1,314.4,353.43,40.26,94.7,-1,-1,-1,-1
217,2,659.61,372.33,56.89,90.96,-1,-1,-1,-1
217,3,975.61,366.44,58.44,140.26,-1,-1,-1,-1
217,4,675.06,355.94,68.75,105.4,-1,-1,-1,-1
217,5,465.73,343.23,51.59,91.16,-1,-1,-1,-1
217,6,845.06,334.41,59.76,110.44,-1,-1,-1,-1
218,1,314.19,353.22,40.8,95.19,-1,-1,-1,-1
218,2,648.04,372.03,56.2,88.12,-1,-1,-1,-1
218,3,976.28,365.54,59.06,141.7,-1,-1,-1,-1
218,4,669.36,353.51,59.21,90.45,-1,-1,-1,-1
218,5,463.54,342.05,52.16,91.68,-1,-1,-1,-1
218,6,844.54,334.35,60.24,110.62,-1,-1,-1,-1
219,4,660.0,351.0,55.0,97.0,-1,-1,-1,-1
219,1,313.89,353.45,41.14,95.37,-1,-1,-1,-1
219,2,638.48,370.38,57.31,87.88,-1,-1,-1,-1
219,3,977.33,365.47,59.92,142.51,-1,-1,-1,-1
219,5,461.51,339.83,51.95,91.57,-1,-1,-1,-1
219,6,841.92,335.82,59.97,108.91,-1,-1,-1,-1
220,4,655.0,349.0,53.5,96.0,-1,-1,-1,-1
220,1,313.97,353.84,41.18,94.84,-1,-1,-1,-1
220,2,635.48,369.83,57.09,85.74,-1,-1,-1,-1
220,3,977.02,366.75,61.53,144.7,-1,-1,-1,-1
220,5,460.14,338.56,49.65,88.55,-1,-1,-1,-1
220,6,837.71,336.25,60.38,108.26,-1,-1,-1,-1
221,4,650.0,347.0,52.0,95.0,-1,-1,-1,-1
221,1,314.28,354.0,41.51,94.64,-1,-1,-1,-1
221,2,622.95,368.58,59.28,87.25,-1,-1,-1,-1
221,3,976.8,370.74,62.25,144.33,-1,-1,-1,-1
221,5,457.23,337.64,49.7,89.79,-1,-1,-1,-1
221,6,834.4,336.27,61.08,108.32,-1,-1,-1,-1
222,4,645.5,347.75,51.5,94.0,-1,-1,-1,-1
222,1,314.29,354.06,41.86,94.56,-1,-1,-1,-1
222,2,616.94,368.61,60.68,87.55,-1,-1,-1,-1
222,3,975.5,372.56,63.63,145.02,-1,-1,-1,-1
222,5,455.55,337.33,49.1,89.66,-1,-1,-1,-1
222,6,832.5,336.73,61.56,108.05,-1,-1,-1,-1
223,4,641.0,348.5,51.0,93.0,-1,-1,-1,-1
223,1,313.57,354.09,41.93,94.53,-1,-1,-1,-1
223,2,614.24,367.14,62.35,88.65,-1,-1,-1,-1
223,3,973.03,378.23,64.46,143.19,-1,-1,-1,-1
223,5,454.2,339.02,46.31,84.54,-1,-1,-1,-1
223,6,831.04,336.32,62.13,108.25,-1,-1,-1,-1
224,4,636.5,349.25,50.5,92.0,-1,-1,-1,-1
224,1,313.27,354.11,42.0,94.51,-1,-1,-1,-1
224,2,614.5,370.38,61.08,85.21,-1,-1,-1,-1
224,3,971.61,381.1,65.61,142.01,-1,-1,-1,-1
224,5,453.39,340.62,43.63,78.93,-1,-1,-1,-1
224,6,830.19,336.46,62.45,108.04,-1,-1,-1,-1
225,2,612.0,356.0,67.0,96.0,-1,-1,-1,-1
225,4,632.0,350.0,50.0,91.0,-1,-1,-1,-1
225,1,313.21,353.82,42.23,94.81,-1,-1,-1,-1
225,3,970.19,383.31,66.56,140.64,-1,-1,-1,-1
225,5,450.05,341.53,46.03,83.09,-1,-1,-1,-1
225,6,826.78,337.27,62.31,107.67,-1,-1,-1,-1
226,2,611.4000000000001,354.40000000000003,66.19999999999993,98.2,-1,-1,-1,-1
226,4,630.0,352.0,49.0,90.0,-1,-1,-1,-1
226,1,313.01,353.56,42.36,94.92,-1,-1,-1,-1
226,3,968.5,383.34,67.98,141.16,-1,-1,-1,-1
226,5,449.54,342.73,46.04,83.34,-1,-1,-1,-1
226,6,823.22,337.87,62.14,107.53,-1,-1,-1,-1
227,2,610.8,352.8,65.40000000000009,100.39999999999998,-1,-1,-1,-1
227,4,627.0,348.0,49.0,89.0,-1,-1,-1,-1
227,1,312.75,353.17,42.48,95.25,-1,-1,-1,-1
227,3,963.79,381.66,68.31,142.68,-1,-1,-1,-1
227,5,444.03,342.74,47.32,84.65,-1,-1,-1,-1
227,6,815.75,338.69,63.14,109.57,-1,-1,-1,-1
228,2,610.2,351.2,64.59999999999991,102.60000000000002,-1,-1,-1,-1
228,4,629.0,347.0,48.0,88.0,-1,-1,-1,-1
228,1,312.61,352.73,42.63,95.67,-1,-1,-1,-1
228,3,960.86,380.23,68.35,143.98,-1,-1,-1,-1
228,5,443.18,342.59,48.62,85.75,-1,-1,-1,-1
228,6,813.51,339.0,63.69,111.23,-1,-1,-1,-1
229,2,609.6,349.6,63.79999999999996,104.79999999999995,-1,-1,-1,-1
229,4,630.0,347.0,52.0,84.0,-1,-1,-1,-1
229,1,312.49,352.27,42.81,96.13,-1,-1,-1,-1
229,3,957.77,378.77,67.61,145.05,-1,-1,-1,-1
229,5,439.64,342.24,49.2,86.46,-1,-1,-1,-1
229,6,811.03,339.25,64.98,113.62,-1,-1,-1,-1
230,2,609.0,348.0,63.0,107.0,-1,-1,-1,-1
230,4,631.0,346.6666666666667,55.66666666666674,83.0,-1,-1,-1,-1
230,1,312.42,351.81,42.94,96.59,-1,-1,-1,-1
230,3,956.77,377.29,67.01,146.33,-1,-1,-1,-1
230,5,436.39,342.39,49.22,86.14,-1,-1,-1,-1
230,6,808.55,339.79,66.33,115.7,-1,-1,-1,-1
231,2,608.3333333333334,351.0,63.0,106.0,-1,-1,-1,-1
231,4,632.0,346.33333333333337,59.33333333333337,81.99999999999994,-1,-1,-1,-1
231,1,312.41,351.64,42.95,96.76,-1,-1,-1,-1
231,3,956.68,376.41,66.25,147.09,-1,-1,-1,-1
231,5,434.53,342.75,49.49,86.32,-1,-1,-1,-1
231,6,806.47,339.55,67.51,117.65,-1,-1,-1,-1
232,2,607.6666666666666,354.0,63.0,105.0,-1,-1,-1,-1
232,4,633.0,346.0,63.0,81.0,-1,-1,-1,-1
232,1,312.43,351.59,42.91,96.82,-1,-1,-1,-1
232,3,957.54,375.91,65.43,147.5,-1,-1,-1,-1
232,5,434.09,343.62,49.23,85.49,-1,-1,-1,-1
232,6,804.69,339.44,68.31,118.38,-1,-1,-1,-1
233,2,607.0,357.0,63.0,104.0,-1,-1,-1,-1
233,4,634.0,348.5,62.0,78.5,-1,-1,-1,-1
233,1,312.67,351.43,43.02,97.13,-1,-1,-1,-1
233,3,958.3,375.72,64.29,147.34,-1,-1,-1,-1
233,5,435.51,345.89,48.23,84.58,-1,-1,-1,-1
233,6,802.41,340.72,67.86,117.75,-1,-1,-1,-1
234,2,606.5,357.0,64.5,103.5,-1,-1,-1,-1
234,4,635.0,351.0,61.0,76.0,-1,-1,-1,-1
234,1,312.78,351.37,43.03,97.24,-1,-1,-1,-1
234,3,959.5,375.64,63.29,147.25,-1,-1,-1,-1
234,5,435.54,346.58,47.83,84.54,-1,-1,-1,-1
234,6,801.07,341.06,67.6,117.77,-1,-1,-1,-1
235,2,606.0,357.0,66.0,103.0,-1,-1,-1,-1
235,4,632.3333333333334,352.0,64.33333333333337,74.66666666666669,-1,-1,-1,-1
235,1,312.85,351.36,42.98,97.27,-1,-1,-1,-1
235,3,960.14,375.3,62.56,147.2,-1,-1,-1,-1
235,5,435.19,346.82,47.47,84.53,-1,-1,-1,-1
235,6,799.25,342.66,65.54,115.68,-1,-1,-1,-1
236,2,605.5,357.0,59.5,97.0,-1,-1,-1,-1
236,4,629.6666666666667,353.0,67.66666666666663,73.33333333333337,-1,-1,-1,-1
236,1,312.82,351.07,43.08,97.58,-1,-1,-1,-1
236,3,960.54,374.88,62.02,147.46,-1,-1,-1,-1
236,5,434.92,347.05,47.14,84.53,-1,-1,-1,-1
236,6,798.59,345.19,63.09,112.18,-1,-1,-1,-1
237,2,605.0,357.0,53.0,91.0,-1,-1,-1,-1
237,4,627.0,354.0,71.0,72.0,-1,-1,-1,-1
237,1,313.09,350.96,43.13,97.69,-1,-1,-1,-1
237,3,960.88,374.71,61.47,147.54,-1,-1,-1,-1
237,5,434.8,346.67,47.02,84.84,-1,-1,-1,-1
237,6,795.0,346.73,63.02,112.06,-1,-1,-1,-1
238,2,604.0,355.0,52.66666666666674,92.66666666666669,-1,-1,-1,-1
238,4,627.0,352.0,69.0,73.0,-1,-1,-1,-1
238,1,313.21,350.93,43.11,97.72,-1,-1,-1,-1
238,3,961.12,374.65,61.05,147.85,-1,-1,-1,-1
238,5,434.52,346.66,46.63,84.66,-1,-1,-1,-1
238,6,793.68,347.87,63.14,112.31,-1,-1,-1,-1
239,2,603.0,353.0,52.33333333333337,94.33333333333336,-1,-1,-1,-1
239,4,627.0,348.5,69.5,76.5,-1,-1,-1,-1
239,1,312.98,350.63,43.06,98.02,-1,-1,-1,-1
239,3,961.37,374.33,60.59,147.96,-1,-1,-1,-1
239,5,433.96,345.75,46.9,85.78,-1,-1,-1,-1
239,6,793.62,349.76,63.07,111.67,-1,-1,-1,-1
240,2,602.0,351.0,52.0,96.0,-1,-1,-1,-1
240,4,627.0,345.0,70.0,80.0,-1,-1,-1,-1
240,1,312.43,350.52,42.49,97.84,-1,-1,-1,-1
240,3,961.61,374.21,60.15,147.98,-1,-1,-1,-1
240,5,433.75,345.26,46.77,86.21,-1,-1,-1,-1
240,6,793.64,350.29,63.13,111.28,-1,-1,-1,-1
241,2,602.5,348.5,50.0,93.0,-1,-1,-1,-1
241,4,620.0,341.5,70.5,83.0,-1,-1,-1,-1
241,1,313.75,350.33,42.47,98.06,-1,-1,-1,-1
241,3,961.24,374.02,59.72,148.43,-1,-1,-1,-1
241,5,432.32,344.47,47.14,86.96,-1,-1,-1,-1
241,6,793.62,349.11,63.95,112.48,-1,-1,-1,-1
242,2,603.0,346.0,48.0,90.0,-1,-1,-1,-1
242,4,613.0,338.0,71.0,86.0,-1,-1,-1,-1
242,1,314.41,350.42,42.44,98.13,-1,-1,-1,-1
242,3,961.27,373.95,59.24,148.58,-1,-1,-1,-1
242,5,431.07,344.17,47.57,87.54,-1,-1,-1,-1
242,6,794.0,347.75,64.77,113.82,-1,-1,-1,-1
243,2,599.0,344.0,51.0,86.0,-1,-1,-1,-1
243,4,606.0,334.0,58.0,90.0,-1,-1,-1,-1
243,1,314.68,351.05,42.09,97.56,-1,-1,-1,-1
243,3,961.44,373.63,58.76,148.63,-1,-1,-1,-1
243,5,430.73,343.61,47.69,87.75,-1,-1,-1,-1
243,6,795.29,344.11,66.46,117.44,-1,-1,-1,-1
244,2,602.0,342.0,48.0,87.0,-1,-1,-1,-1
244,4,603.25,333.0,58.75,89.5,-1,-1,-1,-1
244,1,313.86,351.74,41.4,97.05,-1,-1,-1,-1
244,3,961.62,373.36,58.36,148.78,-1,-1,-1,-1
244,5,429.88,343.4,47.92,87.82,-1,-1,-1,-1
244,6,796.79,342.28,66.88,118.95,-1,-1,-1,-1
245,2,600.0,340.0,49.0,87.0,-1,-1,-1,-1
245,4,600.5,332.0,59.5,89.0,-1,-1,-1,-1
245,1,313.98,354.09,39.98,95.06,-1,-1,-1,-1
245,3,961.15,372.82,58.12,149.28,-1,-1,-1,-1
245,5,430.9,343.48,47.77,87.84,-1,-1,-1,-1
245,6,797.73,341.73,67.58,120.24,-1,-1,-1,-1
246,2,597.0,338.0,51.0,86.0,-1,-1,-1,-1
246,4,597.75,331.0,60.25,88.5,-1,-1,-1,-1
246,1,315.42,355.58,39.37,94.31,-1,-1,-1,-1
246,3,961.16,372.47,57.67,149.6,-1,-1,-1,-1
246,5,428.81,343.81,47.99,87.54,-1,-1,-1,-1
246,6,801.79,342.7,67.54,120.13,-1,-1,-1,-1
247,2,594.5,335.5,53.0,91.0,-1,-1,-1,-1
247,4,595.0,330.0,61.0,88.0,-1,-1,-1,-1
247,1,315.71,356.86,38.73,93.44,-1,-1,-1,-1
247,3,961.22,371.9,57.41,149.86,-1,-1,-1,-1
247,5,430.19,344.08,47.63,87.43,-1,-1,-1,-1
247,6,806.23,344.26,66.52,118.88,-1,-1,-1,-1
248,2,592.0,333.0,55.0,96.0,-1,-1,-1,-1
248,4,591.0,327.75,60.25,89.25,-1,-1,-1,-1
248,1,316.34,357.63,37.75,93.13,-1,-1,-1,-1
248,3,961.53,371.99,56.75,149.36,-1,-1,-1,-1
248,5,430.77,344.04,47.31,87.08,-1,-1,-1,-1
248,6,808.87,344.71,65.99,118.82,-1,-1,-1,-1
249,2,593.0,332.6666666666667,53.0,93.33333333333336,-1,-1,-1,-1
249,4,587.0,325.5,59.5,90.5,-1,-1,-1,-1
249,1,316.63,359.24,36.97,92.13,-1,-1,-1,-1
249,3,961.09,371.73,56.42,149.16,-1,-1,-1,-1
249,5,431.08,344.02,46.89,86.05,-1,-1,-1,-1
249,6,811.04,344.73,65.2,118.64,-1,-1,-1,-1
250,2,594.0,332.3333333333333,51.0,90.66666666666669,-1,-1,-1,-1
250,4,583.0,323.25,58.75,91.75,-1,-1,-1,-1
250,1,317.2,362.52,36.05,89.37,-1,-1,-1,-1
250,3,961.01,371.64,56.17,149.07,-1,-1,-1,-1
250,5,430.45,344.62,46.63,84.77,-1,-1,-1,-1
250,6,811.73,343.26,65.09,119.74,-1,-1,-1,-1
251,2,595.0,332.0,49.0,88.0,-1,-1,-1,-1
251,4,579.0,321.0,58.0,93.0,-1,-1,-1,-1
251,1,320.31,367.2,35.04,84.72,-1,-1,-1,-1
251,3,958.37,372.21,56.54,148.74,-1,-1,-1,-1
251,5,431.72,345.14,45.79,82.19,-1,-1,-1,-1
251,6,809.76,340.33,65.32,121.92,-1,-1,-1,-1
252,2,593.75,332.5,49.75,85.75,-1,-1,-1,-1
252,4,577.25,320.25,58.0,90.5,-1,-1,-1,-1
252,1,322.32,370.1,34.79,81.51,-1,-1,-1,-1
252,3,957.37,372.58,56.7,147.86,-1,-1,-1,-1
252,5,421.05,345.58,59.88,81.46,-1,-1,-1,-1
252,6,808.59,338.2,65.03,123.03,-1,-1,-1,-1
253,2,592.5,333.0,50.5,83.5,-1,-1,-1,-1
253,4,575.5,319.5,58.0,88.0,-1,-1,-1,-1
253,1,324.28,370.01,36.8,82.25,-1,-1,-1,-1
253,3,951.88,375.56,57.5,145.3,-1,-1,-1,-1
253,5,421.57,346.11,61.03,80.48,-1,-1,-1,-1
253,6,806.45,334.45,64.13,123.72,-1,-1,-1,-1
254,2,591.25,333.5,51.25,81.25,-1,-1,-1,-1
254,4,573.75,318.75,58.0,85.5,-1,-1,-1,-1
254,1,325.2,369.79,38.84,82.85,-1,-1,-1,-1
254,3,948.65,377.28,58.97,144.03,-1,-1,-1,-1
254,5,436.37,346.27,46.35,80.72,-1,-1,-1,-1
254,6,805.96,332.59,63.12,123.96,-1,-1,-1,-1
255,2,590.0,334.0,52.0,79.0,-1,-1,-1,-1
255,4,572.0,318.0,58.0,83.0,-1,-1,-1,-1
255,1,327.06,367.85,43.1,87.92,-1,-1,-1,-1
255,3,947.49,380.45,59.51,141.03,-1,-1,-1,-1
255,5,438.07,346.59,47.34,80.26,-1,-1,-1,-1
255,6,802.8,328.82,60.99,122.85,-1,-1,-1,-1
256,2,587.5,334.5,58.0,75.5,-1,-1,-1,-1
256,4,570.0,317.0,58.0,84.0,-1,-1,-1,-1
256,1,329.3,367.26,46.2,90.68,-1,-1,-1,-1
256,3,946.04,382.07,60.64,139.47,-1,-1,-1,-1
256,5,437.35,346.24,49.66,82.21,-1,-1,-1,-1
256,6,800.34,326.38,58.55,122.1,-1,-1,-1,-1
257,2,585.0,335.0,64.0,72.0,-1,-1,-1,-1
257,4,568.0,316.0,58.0,85.0,-1,-1,-1,-1
257,1,340.3,365.24,47.29,93.22,-1,-1,-1,-1
257,3,945.07,382.49,62.01,139.37,-1,-1,-1,-1
257,5,437.66,344.63,52.45,85.59,-1,-1,-1,-1
257,6,798.28,325.07,55.78,120.62,-1,-1,-1,-1
258,2,579.6666666666667,335.33333333333337,69.33333333333326,72.0,-1,-1,-1,-1
258,4,571.6666666666667,315.33333333333337,52.33333333333326,85.66666666666663,-1,-1,-1,-1
258,1,345.9,363.28,48.35,95.07,-1,-1,-1,-1
258,3,944.29,382.17,63.46,139.81,-1,-1,-1,-1
258,5,439.02,343.59,53.77,87.45,-1,-1,-1,-1
258,6,797.54,325.08,53.54,119.75,-1,-1,-1,-1
259,2,574.3333333333334,335.6666666666667,74.66666666666663,72.0,-1,-1,-1,-1
259,4,575.3333333333334,314.66666666666663,46.66666666666663,86.33333333333337,-1,-1,-1,-1
259,1,352.71,360.75,50.09,98.11,-1,-1,-1,-1
259,3,941.83,378.88,66.0,143.44,-1,-1,-1,-1
259,5,442.63,341.72,54.97,89.62,-1,-1,-1,-1
259,6,796.23,326.63,51.27,118.22,-1,-1,-1,-1
260,2,569.0,336.0,80.0,72.0,-1,-1,-1,-1
260,4,579.0,314.0,41.0,87.0,-1,-1,-1,-1
260,1,357.44,359.34,51.28,99.26,-1,-1,-1,-1
260,3,939.68,377.34,67.11,144.81,-1,-1,-1,-1
260,5,445.39,340.14,55.68,91.31,-1,-1,-1,-1
260,6,795.8,327.26,49.8,117.95,-1,-1,-1,-1
261,2,562.0,336.0,62.0,72.0,-1,-1,-1,-1
261,1,365.74,358.36,52.87,99.38,-1,-1,-1,-1
261,3,937.25,376.45,67.27,145.33,-1,-1,-1,-1
261,4,571.3,313.89,51.96,90.26,-1,-1,-1,-1
261,5,450.22,339.69,55.36,91.64,-1,-1,-1,-1
261,6,793.63,327.98,49.19,117.56,-1,-1,-1,-1
262,2,555.0,335.0,64.0,72.0,-1,-1,-1,-1
262,1,370.43,358.29,56.4,102.78,-1,-1,-1,-1
262,3,934.25,375.96,66.83,145.68,-1,-1,-1,-1
262,4,569.86,315.8,51.67,89.64,-1,-1,-1,-1
262,5,453.03,340.13,54.44,91.44,-1,-1,-1,-1
262,6,792.98,328.27,48.73,117.42,-1,-1,-1,-1
263,2,543.0,334.0,60.0,72.0,-1,-1,-1,-1
263,1,379.04,359.72,57.82,103.75,-1,-1,-1,-1
263,3,931.47,374.59,66.48,146.99,-1,-1,-1,-1
263,4,571.13,320.82,48.68,83.42,-1,-1,-1,-1
263,5,457.96,340.76,54.48,91.92,-1,-1,-1,-1
263,6,791.77,327.66,48.82,117.97,-1,-1,-1,-1
264,2,541.0,333.0,56.0,74.0,-1,-1,-1,-1
264,1,393.74,360.88,56.08,103.8,-1,-1,-1,-1
264,3,930.76,374.23,65.77,147.33,-1,-1,-1,-1
264,4,570.75,323.2,47.64,80.5,-1,-1,-1,-1
264,5,461.7,340.86,54.77,92.38,-1,-1,-1,-1
264,6,790.99,326.86,49.0,118.78,-1,-1,-1,-1
265,2,532.0,334.0,63.0,70.0,-1,-1,-1,-1
265,1,403.1,360.15,54.71,104.36,-1,-1,-1,-1
265,3,931.34,373.95,65.1,147.6,-1,-1,-1,-1
265,4,569.26,326.18,47.04,77.05,-1,-1,-1,-1
265,5,466.28,341.51,55.5,92.52,-1,-1,-1,-1
265,6,788.85,324.64,49.32,120.27,-1,-1,-1,-1
266,2,524.0,335.0,68.0,69.0,-1,-1,-1,-1
266,1,411.03,358.99,53.6,105.43,-1,-1,-1,-1
266,3,931.85,373.71,64.37,147.55,-1,-1,-1,-1
266,4,566.61,327.08,47.48,76.17,-1,-1,-1,-1
266,5,467.45,341.91,56.17,92.55,-1,-1,-1,-1
266,6,787.76,322.79,49.48,121.43,-1,-1,-1,-1
267,2,517.0,336.0,63.0,67.0,-1,-1,-1,-1
267,1,421.66,359.0,52.81,105.95,-1,-1,-1,-1
267,3,932.88,373.48,63.72,147.07,-1,-1,-1,-1
267,4,559.51,329.51,46.01,71.94,-1,-1,-1,-1
267,5,468.49,341.92,56.82,92.84,-1,-1,-1,-1
267,6,786.23,321.52,48.93,121.57,-1,-1,-1,-1
268,2,512.0,337.0,62.0,64.0,-1,-1,-1,-1
268,1,429.37,359.74,51.7,105.09,-1,-1,-1,-1
268,3,933.43,373.4,63.25,146.88,-1,-1,-1,-1
268,4,551.11,331.45,41.08,65.19,-1,-1,-1,-1
268,5,471.01,341.79,56.79,92.93,-1,-1,-1,-1
268,6,785.56,320.77,48.4,121.61,-1,-1,-1,-1
269,2,505.0,338.0,60.75,63.75,-1,-1,-1,-1
269,1,441.42,363.44,50.74,101.62,-1,-1,-1,-1
269,3,934.45,373.39,62.7,145.91,-1,-1,-1,-1
269,4,547.6,332.56,40.67,62.9,-1,-1,-1,-1
269,5,476.0,346.47,53.26,87.32,-1,-1,-1,-1
269,6,785.17,321.12,47.4,120.13,-1,-1,-1,-1
270,2,498.0,339.0,59.5,63.5,-1,-1,-1,-1
270,1,447.32,366.95,51.18,102.06,-1,-1,-1,-1
270,3,934.9,373.09,62.42,145.54,-1,-1,-1,-1
270,4,540.79,330.22,42.61,64.1,-1,-1,-1,-1
270,5,483.79,345.1,52.05,88.16,-1,-1,-1,-1
270,6,784.13,321.29,46.53,119.26,-1,-1,-1,-1
271,2,491.0,340.0,58.25,63.25,-1,-1,-1,-1
271,1,452.21,371.94,49.81,98.8,-1,-1,-1,-1
271,3,936.09,372.24,62.7,146.15,-1,-1,-1,-1
271,4,530.57,322.51,50.05,72.21,-1,-1,-1,-1
271,5,484.65,342.66,54.16,92.64,-1,-1,-1,-1
271,6,782.48,321.23,45.84,118.94,-1,-1,-1,-1
272,2,484.0,341.0,57.0,63.0,-1,-1,-1,-1
272,1,454.51,373.97,49.36,97.39,-1,-1,-1,-1
272,3,936.45,371.34,63.03,146.97,-1,-1,-1,-1
272,4,528.26,322.25,52.36,72.77,-1,-1,-1,-1
272,5,484.91,341.32,54.38,92.55,-1,-1,-1,-1
272,6,781.71,320.93,45.37,118.82,-1,-1,-1,-1
273,2,471.0,340.0,59.0,64.0,-1,-1,-1,-1
273,4,511.0,321.0,64.0,74.0,-1,-1,-1,-1
273,1,450.88,374.37,50.61,96.88,-1,-1,-1,-1
273,3,937.81,370.12,63.08,147.57,-1,-1,-1,-1
273,5,495.66,337.98,57.13,98.71,-1,-1,-1,-1
273,6,779.78,320.99,44.44,118.18,-1,-1,-1,-1
274,2,464.0,339.0,55.0,65.0,-1,-1,-1,-1
274,4,503.0,321.0,74.0,73.0,-1,-1,-1,-1
274,1,447.22,373.42,52.7,97.74,-1,-1,-1,-1
274,3,939.05,369.52,62.87,147.95,-1,-1,-1,-1
274,5,500.9,337.03,57.36,100.42,-1,-1,-1,-1
274,6,778.69,321.03,43.71,117.65,-1,-1,-1,-1
275,2,457.0,338.0,51.0,66.0,-1,-1,-1,-1
275,4,495.0,321.0,69.0,72.0,-1,-1,-1,-1
275,1,441.29,369.46,56.91,101.65,-1,-1,-1,-1
275,3,940.13,368.72,62.75,148.97,-1,-1,-1,-1
275,5,504.68,338.72,57.21,101.05,-1,-1,-1,-1
275,6,777.87,323.01,42.58,115.36,-1,-1,-1,-1
276,2,451.0,336.0,48.5,67.0,-1,-1,-1,-1
276,4,487.0,321.0,51.0,72.0,-1,-1,-1,-1
276,1,439.03,367.52,59.67,102.97,-1,-1,-1,-1
276,3,941.37,368.43,62.23,149.35,-1,-1,-1,-1
276,5,507.23,339.4,56.45,100.96,-1,-1,-1,-1
276,6,776.96,323.77,42.28,114.81,-1,-1,-1,-1
277,2,445.0,334.0,46.0,68.0,-1,-1,-1,-1
277,4,484.33333333333337,322.0,49.0,72.00000000000006,-1,-1,-1,-1
277,1,438.92,365.28,58.94,101.69,-1,-1,-1,-1
277,3,943.34,368.64,61.39,149.19,-1,-1,-1,-1
277,5,510.92,339.68,54.57,100.0,-1,-1,-1,-1
277,6,774.55,324.51,42.83,115.22,-1,-1,-1,-1
278,4,481.6666666666666,323.0,47.0,72.0,-1,-1,-1,-1
278,1,439.9,364.26,57.55,101.04,-1,-1,-1,-1
278,2,438.87,333.22,51.16,71.57,-1,-1,-1,-1
278,3,944.41,369.04,60.39,148.82,-1,-1,-1,-1
278,5,513.07,340.09,53.28,99.9,-1,-1,-1,-1
278,6,773.39,325.23,43.06,114.79,-1,-1,-1,-1
279,4,479.0,324.0,45.0,72.0,-1,-1,-1,-1
279,1,439.7,364.63,55.45,100.04,-1,-1,-1,-1
279,2,433.31,328.57,52.63,75.44,-1,-1,-1,-1
279,3,944.98,368.9,59.66,148.97,-1,-1,-1,-1
279,5,514.94,340.99,52.79,100.72,-1,-1,-1,-1
279,6,770.23,326.69,43.34,114.05,-1,-1,-1,-1
280,4,474.6666666666666,323.3333333333333,45.44444444444446,73.44444444444446,-1,-1,-1,-1
280,1,437.8,359.11,56.65,105.32,-1,-1,-1,-1
280,2,430.75,327.66,51.86,76.7,-1,-1,-1,-1
280,3,945.31,368.72,59.12,149.46,-1,-1,-1,-1
280,5,516.99,341.49,53.24,102.18,-1,-1,-1,-1
280,6,768.21,328.14,43.43,112.29,-1,-1,-1,-1
281,4,470.3333333333333,322.66666666666663,45.88888888888886,74.88888888888891,-1,-1,-1,-1
281,1,436.55,357.37,55.78,106.98,-1,-1,-1,-1
281,2,421.84,325.04,53.6,80.03,-1,-1,-1,-1
281,3,945.78,368.8,58.2,149.2,-1,-1,-1,-1
281,5,515.22,342.85,54.17,103.31,-1,-1,-1,-1
281,6,765.41,330.47,44.09,110.74,-1,-1,-1,-1
282,4,466.0,322.0,46.33333333333337,76.33333333333337,-1,-1,-1,-1
282,1,436.37,355.99,53.98,105.99,-1,-1,-1,-1
282,2,416.0,322.76,55.04,84.15,-1,-1,-1,-1
282,3,946.08,368.7,57.57,149.53,-1,-1,-1,-1
282,5,514.23,346.02,54.35,103.12,-1,-1,-1,-1
282,6,764.01,331.47,45.19,110.49,-1,-1,-1,-1
283,4,461.6666666666667,321.3333333333333,46.77777777777777,77.77777777777777,-1,-1,-1,-1
283,1,438.02,354.76,49.73,98.61,-1,-1,-1,-1
283,2,411.93,322.04,53.67,84.01,-1,-1,-1,-1
283,3,946.4,368.23,56.91,150.1,-1,-1,-1,-1
283,5,517.21,351.81,52.21,99.18,-1,-1,-1,-1
283,6,762.49,332.11,46.52,110.72,-1,-1,-1,-1
284,4,457.33333333333337,320.6666666666667,47.22222222222217,79.22222222222223,-1,-1,-1,-1
284,1,438.35,353.43,48.14,96.65,-1,-1,-1,-1
284,2,409.05,317.9,54.74,87.92,-1,-1,-1,-1
284,3,946.77,368.2,56.14,150.16,-1,-1,-1,-1
284,5,518.75,355.21,50.98,96.43,-1,-1,-1,-1
284,6,761.58,332.63,47.24,110.53,-1,-1,-1,-1
285,4,453.0,320.0,47.666666666666686,80.66666666666663,-1,-1,-1,-1
285,1,437.85,350.56,48.76,98.07,-1,-1,-1,-1
285,2,404.24,315.62,54.8,90.53,-1,-1,-1,-1
285,3,946.49,368.06,55.47,150.32,-1,-1,-1,-1
285,5,521.78,357.49,49.65,94.19,-1,-1,-1,-1
285,6,758.85,332.35,47.62,110.78,-1,-1,-1,-1
286,4,448.6666666666667,319.33333333333337,48.111111111111086,82.11111111111109,-1,-1,-1,-1
286,1,438.35,348.5,49.07,99.2,-1,-1,-1,-1
286,2,399.68,312.91,54.2,93.22,-1,-1,-1,-1
286,3,946.55,367.86,54.88,150.52,-1,-1,-1,-1
286,5,524.39,357.67,49.01,93.98,-1,-1,-1,-1
286,6,757.27,331.62,47.79,111.49,-1,-1,-1,-1
287,4,444.3333333333333,318.66666666666663,48.55555555555554,83.5555555555556,-1,-1,-1,-1
287,1,441.07,341.98,50.76,103.49,-1,-1,-1,-1
287,2,393.76,312.33,51.96,93.07,-1,-1,-1,-1
287,3,946.83,367.79,54.14,150.59,-1,-1,-1,-1
287,5,521.86,354.84,50.83,97.21,-1,-1,-1,-1
287,6,755.79,330.29,47.95,112.66,-1,-1,-1,-1
288,4,440.0,318.0,49.0,85.0,-1,-1,-1,-1
288,1,443.91,337.52,51.24,105.11,-1,-1,-1,-1
288,2,389.81,312.46,50.4,93.5,-1,-1,-1,-1
288,3,946.47,367.63,53.58,151.06,-1,-1,-1,-1
288,5,521.59,353.47,51.24,97.82,-1,-1,-1,-1
288,6,754.23,329.63,47.76,113.41,-1,-1,-1,-1
289,4,440.25,320.75,53.75,82.75,-1,-1,-1,-1
289,1,447.95,337.92,49.6,101.3,-1,-1,-1,-1
289,2,383.33,313.44,49.3,92.43,-1,-1,-1,-1
289,3,946.64,368.02,52.76,150.48,-1,-1,-1,-1
289,5,523.07,351.58,50.46,95.09,-1,-1,-1,-1
289,6,752.03,329.37,48.05,115.17,-1,-1,-1,-1
290,4,440.5,323.5,58.5,80.5,-1,-1,-1,-1
290,1,450.63,330.7,52.47,106.1,-1,-1,-1,-1
290,2,379.13,314.03,48.61,91.36,-1,-1,-1,-1
290,3,946.91,368.47,52.03,149.96,-1,-1,-1,-1
290,5,526.18,349.17,49.74,93.13,-1,-1,-1,-1
290,6,750.42,330.59,48.06,116.73,-1,-1,-1,-1
291,4,440.75,326.25,63.25,78.25,-1,-1,-1,-1
291,1,455.68,332.49,50.72,101.12,-1,-1,-1,-1
291,2,375.87,315.63,48.25,89.71,-1,-1,-1,-1
291,3,946.5,368.5,51.61,150.2,-1,-1,-1,-1
291,5,531.4,347.67,48.44,91.51,-1,-1,-1,-1
291,6,749.26,333.86,47.49,116.43,-1,-1,-1,-1
292,4,441.0,329.0,68.0,76.0,-1,-1,-1,-1
292,1,458.96,330.2,51.46,101.51,-1,-1,-1,-1
292,2,374.26,316.13,48.44,89.33,-1,-1,-1,-1
292,3,946.42,368.36,51.3,150.15,-1,-1,-1,-1
292,5,534.41,347.57,47.48,90.33,-1,-1,-1,-1
292,6,750.05,336.58,46.73,115.41,-1,-1,-1,-1
293,4,442.25,328.25,66.25,76.25,-1,-1,-1,-1
293,1,467.57,334.32,48.12,94.22,-1,-1,-1,-1
293,2,370.7,315.61,48.85,90.34,-1,-1,-1,-1
293,3,945.17,368.46,51.25,150.27,-1,-1,-1,-1
293,5,535.62,345.28,46.79,88.4,-1,-1,-1,-1
293,6,750.09,338.34,46.48,114.42,-1,-1,-1,-1
294,4,443.5,327.5,64.5,76.5,-1,-1,-1,-1
294,1,471.63,334.67,48.12,93.55,-1,-1,-1,-1
294,2,368.41,315.43,48.58,90.7,-1,-1,-1,-1
294,3,944.69,368.8,51.27,150.02,-1,-1,-1,-1
294,5,536.28,345.05,45.93,85.6,-1,-1,-1,-1
294,6,749.77,337.33,47.17,115.83,-1,-1,-1,-1
295,4,444.75,326.75,62.75,76.75,-1,-1,-1,-1
295,1,476.08,334.07,48.61,93.64,-1,-1,-1,-1
295,2,362.67,314.65,47.36,91.1,-1,-1,-1,-1
295,3,943.72,368.34,51.67,150.51,-1,-1,-1,-1
295,5,540.49,344.52,45.42,83.99,-1,-1,-1,-1
295,6,749.08,340.03,46.27,113.1,-1,-1,-1,-1
296,4,446.0,326.0,61.0,77.0,-1,-1,-1,-1
296,1,480.24,334.79,46.54,87.39,-1,-1,-1,-1
296,2,359.05,316.0,45.07,89.45,-1,-1,-1,-1
296,3,942.73,368.01,51.9,150.55,-1,-1,-1,-1
296,5,543.47,343.13,45.86,84.35,-1,-1,-1,-1
296,6,747.44,336.84,47.59,116.25,-1,-1,-1,-1
297,1,495.74,336.37,44.67,81.97,-1,-1,-1,-1
297,2,354.47,315.35,43.58,89.38,-1,-1,-1,-1
297,3,942.4,368.49,51.93,149.97,-1,-1,-1,-1
297,4,450.82,321.79,54.26,83.64,-1,-1,-1,-1
297,5,546.72,336.77,49.37,89.94,-1,-1,-1,-1
297,6,747.13,334.47,48.13,117.99,-1,-1,-1,-1
298,1,501.76,337.13,44.59,79.8,-1,-1,-1,-1
298,2,352.29,315.87,42.21,88.74,-1,-1,-1,-1
298,3,942.21,368.52,52.1,149.89,-1,-1,-1,-1
298,4,454.18,320.46,54.37,83.56,-1,-1,-1,-1
298,5,548.63,333.29,50.91,92.28,-1,-1,-1,-1
298,6,745.86,332.07,48.37,119.54,-1,-1,-1,-1
299,1,506.51,334.18,47.58,82.19,-1,-1,-1,-1
299,2,349.21,316.38,41.51,88.48,-1,-1,-1,-1
299,3,942.12,368.38,52.23,149.71,-1,-1,-1,-1
299,4,457.51,318.49,54.47,84.39,-1,-1,-1,-1
299,5,554.53,329.2,49.79,90.56,-1,-1,-1,-1
299,6,743.02,331.75,47.34,117.46,-1,-1,-1,-1
300,1,508.95,332.69,49.31,82.47,-1,-1,-1,-1
300,2,347.79,317.62,40.64,87.19,-1,-1,-1,-1
300,3,942.05,368.33,52.37,149.65,-1,-1,-1,-1
300,4,459.36,316.88,54.5,85.58,-1,-1,-1,-1
300,5,560.07,326.79,48.59,88.99,-1,-1,-1,-1
300,6,742.94,329.54,46.82,117.83,-1,-1,-1,-1
