1,1,241.2,370.35,41.4,113.85,-1,-1,-1,-1
1,2,340.87,310.95,23.85,83.7,-1,-1,-1,-1
1,3,992.7,379.35,46.8,153.45,-1,-1,-1,-1
1,4,321.07,364.05,50.85,103.95,-1,-1,-1,-1
1,5,391.5,322.65,40.5,76.05,-1,-1,-1,-1
1,6,782.1,347.62,42.3,125.77,-1,-1,-1,-1
2,1,241.17,370.15,41.47,114.05,-1,-1,-1,-1
2,2,342.51,310.56,23.32,81.75,-1,-1,-1,-1
2,3,992.67,379.55,46.86,153.65,-1,-1,-1,-1
2,4,321.27,364.05,50.86,103.95,-1,-1,-1,-1
2,5,392.79,322.65,39.88,74.88,-1,-1,-1,-1
2,6,782.49,347.23,42.3,125.77,-1,-1,-1,-1
3,1,241.69,370.12,41.47,114.08,-1,-1,-1,-1
3,2,345.94,312.44,21.89,76.45,-1,-1,-1,-1
3,3,992.69,379.4,46.82,153.5,-1,-1,-1,-1
3,4,321.34,363.87,51.12,104.48,-1,-1,-1,-1
3,5,393.87,322.83,39.82,74.68,-1,-1,-1,-1
3,6,782.66,347.34,42.1,125.25,-1,-1,-1,-1
4,1,242.22,370.11,41.43,114.09,-1,-1,-1,-1
4,2,347.73,313.19,21.65,75.26,-1,-1,-1,-1
4,3,992.65,379.36,46.9,153.8,-1,-1,-1,-1
4,4,321.37,363.82,51.19,104.64,-1,-1,-1,-1
4,5,395.09,323.23,39.7,74.29,-1,-1,-1,-1
4,6,782.71,347.38,42.02,125.08,-1,-1,-1,-1
5,1,242.67,369.78,41.48,114.42,-1,-1,-1,-1
5,2,351.67,312.7,23.81,80.8,-1,-1,-1,-1
5,3,992.61,379.18,46.97,154.06,-1,-1,-1,-1
5,4,321.97,364.14,51.02,104.35,-1,-1,-1,-1
5,5,396.74,323.85,39.43,73.52,-1,-1,-1,-1
5,6,783.23,348.56,41.66,123.88,-1,-1,-1,-1
6,1,243.0,369.67,41.45,114.53,-1,-1,-1,-1
6,2,353.69,312.53,25.09,82.59,-1,-1,-1,-1
6,3,992.61,379.12,46.99,154.14,-1,-1,-1,-1
6,4,322.3,364.09,51.01,104.4,-1,-1,-1,-1
6,5,397.9,324.04,39.64,73.6,-1,-1,-1,-1
6,6,783.43,348.95,41.46,123.17,-1,-1,-1,-1
7,1,243.43,369.48,41.4,114.72,-1,-1,-1,-1
7,2,357.0,313.69,26.35,82.3,-1,-1,-1,-1
7,3,992.61,379.1,46.98,154.17,-1,-1,-1,-1
7,4,322.77,364.07,50.91,104.42,-1,-1,-1,-1
7,5,401.47,325.2,38.64,71.43,-1,-1,-1,-1
7,6,784.42,349.07,41.45,122.63,-1,-1,-1,-1
8,1,243.89,368.96,41.36,114.93,-1,-1,-1,-1
8,2,358.81,314.72,27.83,82.16,-1,-1,-1,-1
8,3,992.61,379.1,46.97,154.17,-1,-1,-1,-1
8,4,323.7,364.06,50.87,104.73,-1,-1,-1,-1
8,5,403.58,324.97,39.02,71.63,-1,-1,-1,-1
8,6,784.95,348.94,41.69,122.31,-1,-1,-1,-1
9,1,244.25,368.77,41.23,115.01,-1,-1,-1,-1
9,2,360.82,315.84,28.77,80.57,-1,-1,-1,-1
9,3,993.23,379.1,46.96,154.17,-1,-1,-1,-1
9,4,325.14,364.21,50.47,104.38,-1,-1,-1,-1
9,5,406.18,325.34,39.04,71.1,-1,-1,-1,-1
9,6,785.68,348.73,41.9,121.44,-1,-1,-1,-1
10,1,244.5,368.71,41.22,115.33,-1,-1,-1,-1
10,2,362.46,315.77,30.12,81.18,-1,-1,-1,-1
10,3,992.88,379.26,46.91,154.01,-1,-1,-1,-1
10,4,326.18,364.26,50.17,104.25,-1,-1,-1,-1
10,5,408.1,326.37,38.15,69.09,-1,-1,-1,-1
10,6,786.07,348.49,42.31,121.0,-1,-1,-1,-1
11,1,244.92,368.7,41.13,115.45,-1,-1,-1,-1
11,2,366.85,317.54,29.79,79.29,-1,-1,-1,-1
11,3,993.42,379.31,46.74,153.95,-1,-1,-1,-1
11,4,327.77,363.37,50.03,104.2,-1,-1,-1,-1
11,5,409.13,326.58,38.86,69.92,-1,-1,-1,-1
11,6,785.83,347.33,42.58,120.1,-1,-1,-1,-1
12,1,245.28,368.7,40.96,115.18,-1,-1,-1,-1
12,2,368.08,313.92,31.44,83.44,-1,-1,-1,-1
12,3,993.62,379.04,46.68,154.23,-1,-1,-1,-1
12,4,329.09,362.89,49.68,103.73,-1,-1,-1,-1
12,5,410.11,328.76,38.39,68.12,-1,-1,-1,-1
12,6,785.18,345.83,43.17,120.24,-1,-1,-1,-1
13,1,245.63,368.4,41.04,115.68,-1,-1,-1,-1
13,2,372.95,313.19,31.64,85.23,-1,-1,-1,-1
13,3,993.75,378.78,46.53,154.18,-1,-1,-1,-1
13,4,331.57,361.96,49.43,102.8,-1,-1,-1,-1
13,5,412.07,325.59,40.35,71.75,-1,-1,-1,-1
13,6,783.87,345.59,43.07,118.51,-1,-1,-1,-1
14,1,245.93,368.45,41.01,115.71,-1,-1,-1,-1
14,2,376.75,313.64,31.49,85.61,-1,-1,-1,-1
14,3,993.82,378.84,46.43,154.31,-1,-1,-1,-1
14,4,333.84,360.87,49.59,102.01,-1,-1,-1,-1
14,5,413.12,323.85,41.19,73.36,-1,-1,-1,-1
14,6,782.86,345.06,43.45,118.04,-1,-1,-1,-1
15,1,246.63,368.32,40.98,115.86,-1,-1,-1,-1
15,2,380.62,313.67,32.56,84.25,-1,-1,-1,-1
15,3,993.88,378.86,46.32,154.35,-1,-1,-1,-1
15,4,336.53,360.62,50.1,101.87,-1,-1,-1,-1
15,5,416.11,322.73,41.51,73.98,-1,-1,-1,-1
15,6,779.87,343.51,44.0,118.64,-1,-1,-1,-1
16,1,247.04,368.28,40.95,115.92,-1,-1,-1,-1
16,2,382.73,314.12,33.22,81.91,-1,-1,-1,-1
16,3,993.93,378.87,46.21,154.37,-1,-1,-1,-1
16,4,337.87,360.55,50.41,101.53,-1,-1,-1,-1
16,5,417.62,321.72,42.25,75.1,-1,-1,-1,-1
16,6,778.37,342.95,44.4,118.89,-1,-1,-1,-1
17,1,247.68,368.27,40.83,115.63,-1,-1,-1,-1
17,2,388.68,317.3,34.59,79.51,-1,-1,-1,-1
17,3,993.98,378.88,46.1,154.37,-1,-1,-1,-1
17,4,338.73,360.98,50.61,101.26,-1,-1,-1,-1
17,5,420.98,321.05,43.03,76.11,-1,-1,-1,-1
17,6,777.09,342.46,44.82,119.3,-1,-1,-1,-1
18,1,247.94,368.72,40.72,115.37,-1,-1,-1,-1
18,2,390.12,320.29,35.78,77.41,-1,-1,-1,-1
18,3,994.03,378.88,46.01,154.37,-1,-1,-1,-1
18,4,339.07,361.15,50.83,101.17,-1,-1,-1,-1
18,5,423.81,321.1,43.48,76.19,-1,-1,-1,-1
18,6,776.23,342.15,45.17,119.61,-1,-1,-1,-1
19,1,248.58,369.78,40.17,113.48,-1,-1,-1,-1
19,2,391.95,323.95,36.03,73.92,-1,-1,-1,-1
19,3,994.07,378.88,45.91,154.37,-1,-1,-1,-1
19,4,339.51,360.78,51.1,101.59,-1,-1,-1,-1
19,5,426.86,322.02,43.99,76.21,-1,-1,-1,-1
19,6,775.29,341.6,45.39,119.6,-1,-1,-1,-1
20,1,248.75,370.19,40.06,112.77,-1,-1,-1,-1
20,2,392.02,325.56,37.01,72.35,-1,-1,-1,-1
20,3,993.53,378.74,45.79,154.22,-1,-1,-1,-1
20,4,340.17,360.2,51.29,102.21,-1,-1,-1,-1
20,5,426.45,323.56,44.33,75.02,-1,-1,-1,-1
20,6,774.9,341.41,45.59,119.3,-1,-1,-1,-1
21,1,248.79,370.49,40.05,112.06,-1,-1,-1,-1
21,2,390.34,326.26,38.4,71.51,-1,-1,-1,-1
21,3,993.35,378.68,45.7,154.16,-1,-1,-1,-1
21,4,341.15,359.99,51.02,102.15,-1,-1,-1,-1
21,5,428.98,325.65,44.12,74.25,-1,-1,-1,-1
21,6,774.49,341.21,45.63,118.6,-1,-1,-1,-1
22,1,248.55,370.44,40.52,112.25,-1,-1,-1,-1
22,2,385.66,325.4,41.35,73.06,-1,-1,-1,-1
22,3,993.28,378.81,45.67,154.29,-1,-1,-1,-1
22,4,341.8,359.62,50.87,102.42,-1,-1,-1,-1
22,5,430.3,326.43,44.18,73.96,-1,-1,-1,-1
22,6,773.97,340.7,45.83,118.64,-1,-1,-1,-1
23,1,249.2,368.93,41.89,114.13,-1,-1,-1,-1
23,2,379.61,328.2,42.91,70.06,-1,-1,-1,-1
23,3,993.28,378.86,45.62,154.34,-1,-1,-1,-1
23,4,342.45,359.34,50.81,102.98,-1,-1,-1,-1
23,5,431.3,326.86,44.97,73.85,-1,-1,-1,-1
23,6,773.28,340.53,45.75,118.37,-1,-1,-1,-1
24,1,247.74,367.47,42.8,115.72,-1,-1,-1,-1
24,2,371.49,326.32,45.78,71.4,-1,-1,-1,-1
24,3,992.7,378.88,45.57,154.35,-1,-1,-1,-1
24,4,342.92,359.24,50.57,102.89,-1,-1,-1,-1
24,5,431.49,327.46,45.94,73.51,-1,-1,-1,-1
24,6,773.04,340.48,45.73,118.28,-1,-1,-1,-1
25,1,246.69,366.33,42.66,113.37,-1,-1,-1,-1
25,2,360.53,325.32,47.92,72.49,-1,-1,-1,-1
25,3,992.42,378.89,45.68,154.36,-1,-1,-1,-1
25,4,343.6,359.51,50.28,102.56,-1,-1,-1,-1
25,5,437.77,329.16,45.23,70.7,-1,-1,-1,-1
25,6,773.53,340.92,45.79,117.66,-1,-1,-1,-1
26,1,245.23,366.65,42.59,111.41,-1,-1,-1,-1
26,2,351.89,324.32,45.31,68.16,-1,-1,-1,-1
26,3,991.6,378.89,45.96,154.36,-1,-1,-1,-1
26,4,344.09,360.07,49.93,101.98,-1,-1,-1,-1
26,5,440.15,329.48,45.98,70.25,-1,-1,-1,-1
26,6,774.05,341.55,45.77,116.83,-1,-1,-1,-1
27,2,342.0,320.0,50.0,81.0,-1,-1,-1,-1
27,1,242.91,368.73,42.21,109.04,-1,-1,-1,-1
27,3,990.63,378.9,46.21,154.36,-1,-1,-1,-1
27,4,345.21,362.67,48.75,99.38,-1,-1,-1,-1
27,5,439.71,330.94,46.92,69.79,-1,-1,-1,-1
27,6,774.68,341.64,46.12,116.83,-1,-1,-1,-1
28,2,340.0,320.0,48.0,82.0,-1,-1,-1,-1
28,1,241.5,371.02,41.96,107.26,-1,-1,-1,-1
28,3,990.12,378.9,46.6,154.36,-1,-1,-1,-1
28,4,346.12,364.11,48.17,97.96,-1,-1,-1,-1
28,5,438.61,331.76,48.06,69.34,-1,-1,-1,-1
28,6,775.18,341.54,46.35,116.85,-1,-1,-1,-1
29,1,240.81,374.13,41.64,104.97,-1,-1,-1,-1
29,2,329.28,321.34,48.93,78.62,-1,-1,-1,-1
29,3,989.96,379.19,46.72,154.06,-1,-1,-1,-1
29,4,347.49,365.39,47.62,96.99,-1,-1,-1,-1
29,5,433.1,330.69,50.73,70.68,-1,-1,-1,-1
29,6,775.92,341.8,46.53,116.27,-1,-1,-1,-1
30,1,240.01,375.42,41.74,104.0,-1,-1,-1,-1
30,2,324.95,323.01,48.79,80.36,-1,-1,-1,-1
30,3,990.45,379.31,46.87,153.95,-1,-1,-1,-1
30,4,348.1,366.0,47.16,96.2,-1,-1,-1,-1
30,5,430.8,330.87,52.45,70.6,-1,-1,-1,-1
30,6,775.57,342.35,46.67,114.86,-1,-1,-1,-1
31,1,239.12,373.16,42.71,104.88,-1,-1,-1,-1
31,2,315.73,325.59,48.93,79.88,-1,-1,-1,-1
31,3,991.3,379.5,46.81,153.76,-1,-1,-1,-1
31,4,348.2,366.35,47.19,95.78,-1,-1,-1,-1
31,5,426.99,331.37,52.6,69.98,-1,-1,-1,-1
31,6,777.3,345.56,46.58,111.35,-1,-1,-1,-1
32,1,237.31,370.36,43.08,104.49,-1,-1,-1,-1
32,2,310.76,327.33,49.38,79.37,-1,-1,-1,-1
32,3,992.13,379.57,46.96,153.69,-1,-1,-1,-1
32,4,349.26,364.07,48.39,98.04,-1,-1,-1,-1
32,5,422.0,331.39,52.54,70.65,-1,-1,-1,-1
32,6,777.29,347.36,47.28,109.45,-1,-1,-1,-1
33,1,233.05,366.59,43.22,105.26,-1,-1,-1,-1
33,2,308.0,329.31,49.25,77.67,-1,-1,-1,-1
33,3,993.52,379.44,47.24,153.51,-1,-1,-1,-1
33,4,347.85,361.14,49.73,100.97,-1,-1,-1,-1
33,5,416.45,329.61,52.31,72.39,-1,-1,-1,-1
33,6,777.33,348.62,48.02,108.18,-1,-1,-1,-1
34,1,230.36,363.56,44.05,107.51,-1,-1,-1,-1
34,2,306.51,330.19,49.57,77.0,-1,-1,-1,-1
34,3,994.53,379.54,47.56,153.6,-1,-1,-1,-1
34,4,347.8,358.7,50.7,103.11,-1,-1,-1,-1
34,5,413.18,328.48,51.68,73.64,-1,-1,-1,-1
34,6,776.89,348.76,49.2,108.05,-1,-1,-1,-1
35,1,228.26,360.07,44.53,109.26,-1,-1,-1,-1
35,2,304.41,329.75,50.08,77.63,-1,-1,-1,-1
35,3,994.86,379.58,47.76,153.34,-1,-1,-1,-1
35,4,345.52,358.51,49.07,101.14,-1,-1,-1,-1
35,5,408.58,326.28,52.62,77.06,-1,-1,-1,-1
35,6,774.52,347.58,51.03,109.24,-1,-1,-1,-1
36,1,226.61,357.59,44.53,109.63,-1,-1,-1,-1
36,2,303.15,329.12,50.58,78.46,-1,-1,-1,-1
36,3,994.95,379.59,47.89,153.54,-1,-1,-1,-1
36,4,344.61,358.61,47.85,100.06,-1,-1,-1,-1
36,5,407.27,326.61,52.16,78.05,-1,-1,-1,-1
36,6,772.8,346.39,52.77,110.6,-1,-1,-1,-1
37,1,223.55,356.09,43.79,107.99,-1,-1,-1,-1
37,2,302.41,325.62,52.75,81.71,-1,-1,-1,-1
37,3,994.44,379.59,47.81,153.61,-1,-1,-1,-1
37,4,345.15,358.81,45.01,93.98,-1,-1,-1,-1
37,5,405.52,326.75,51.67,78.42,-1,-1,-1,-1
37,6,767.77,342.8,55.66,114.1,-1,-1,-1,-1
38,1,222.33,356.18,42.83,105.88,-1,-1,-1,-1
38,2,301.27,322.97,54.29,84.1,-1,-1,-1,-1
38,3,993.67,379.59,47.72,153.64,-1,-1,-1,-1
38,4,345.48,358.91,43.08,89.84,-1,-1,-1,-1
38,5,402.38,328.72,49.76,77.37,-1,-1,-1,-1
38,6,766.42,341.6,56.25,114.25,-1,-1,-1,-1
39,1,220.06,357.46,41.73,102.99,-1,-1,-1,-1
39,2,301.53,319.91,55.73,86.17,-1,-1,-1,-1
39,3,993.42,379.74,47.6,153.51,-1,-1,-1,-1
39,4,345.26,356.97,42.46,88.69,-1,-1,-1,-1
39,5,399.28,330.67,47.91,75.75,-1,-1,-1,-1
39,6,761.22,338.63,56.41,114.31,-1,-1,-1,-1
40,1,218.17,357.98,41.44,101.92,-1,-1,-1,-1
40,2,302.02,318.43,56.28,86.94,-1,-1,-1,-1
40,3,993.34,379.79,47.51,153.46,-1,-1,-1,-1
40,4,343.3,354.91,43.27,89.82,-1,-1,-1,-1
40,5,397.46,332.15,46.58,74.53,-1,-1,-1,-1
40,6,756.96,337.07,55.76,113.73,-1,-1,-1,-1
41,1,215.17,356.25,41.85,102.16,-1,-1,-1,-1
41,2,303.32,318.03,55.05,85.45,-1,-1,-1,-1
41,3,993.88,379.81,47.53,153.14,-1,-1,-1,-1
41,4,339.8,352.08,44.65,91.17,-1,-1,-1,-1
41,5,395.63,331.5,45.83,74.36,-1,-1,-1,-1
41,6,753.14,334.88,54.06,111.73,-1,-1,-1,-1
42,1,212.94,354.88,42.35,102.57,-1,-1,-1,-1
42,2,304.4,318.2,54.19,85.13,-1,-1,-1,-1
42,3,993.43,379.67,47.64,153.17,-1,-1,-1,-1
42,4,337.16,350.3,45.78,92.0,-1,-1,-1,-1
42,5,393.95,331.54,45.33,74.3,-1,-1,-1,-1
42,6,750.33,333.33,52.68,110.07,-1,-1,-1,-1
43,1,212.09,353.51,41.52,99.16,-1,-1,-1,-1
43,2,305.91,319.61,52.38,84.09,-1,-1,-1,-1
43,3,994.34,379.61,47.9,153.19,-1,-1,-1,-1
43,4,334.51,349.22,45.69,89.65,-1,-1,-1,-1
43,5,392.57,330.95,42.33,68.91,-1,-1,-1,-1
43,6,745.9,330.54,52.49,110.37,-1,-1,-1,-1
44,1,212.18,353.03,41.1,96.98,-1,-1,-1,-1
44,2,307.22,320.76,50.34,82.79,-1,-1,-1,-1
44,3,995.12,379.59,48.31,153.2,-1,-1,-1,-1
44,4,332.1,348.86,46.13,88.18,-1,-1,-1,-1
44,5,383.03,324.88,45.35,70.83,-1,-1,-1,-1
44,6,743.25,329.84,52.17,109.89,-1,-1,-1,-1
45,1,213.91,353.2,41.24,95.3,-1,-1,-1,-1
45,2,309.43,323.45,48.04,80.19,-1,-1,-1,-1
45,3,995.71,379.14,49.05,153.94,-1,-1,-1,-1
45,4,331.17,349.53,44.95,84.94,-1,-1,-1,-1
45,5,380.51,326.62,47.79,73.59,-1,-1,-1,-1
45,6,736.38,330.37,51.43,109.13,-1,-1,-1,-1
46,1,212.63,352.53,41.39,95.03,-1,-1,-1,-1
46,2,310.9,325.52,46.3,78.3,-1,-1,-1,-1
46,3,995.7,378.97,49.77,154.23,-1,-1,-1,-1
46,4,329.65,349.67,44.83,84.08,-1,-1,-1,-1
46,5,376.01,325.39,49.22,73.17,-1,-1,-1,-1
46,6,733.86,331.5,50.63,108.25,-1,-1,-1,-1
47,1,217.43,349.16,44.24,97.07,-1,-1,-1,-1
47,2,311.52,327.19,44.97,76.7,-1,-1,-1,-1
47,3,996.62,378.9,50.55,154.33,-1,-1,-1,-1
47,4,326.35,347.32,46.15,86.22,-1,-1,-1,-1
47,5,377.82,327.6,49.79,73.59,-1,-1,-1,-1
47,6,730.74,334.96,47.73,104.35,-1,-1,-1,-1
48,1,220.5,346.15,47.14,99.34,-1,-1,-1,-1
48,2,311.32,327.79,44.2,76.12,-1,-1,-1,-1
48,3,997.35,379.48,51.24,153.78,-1,-1,-1,-1
48,4,324.99,347.53,46.11,86.14,-1,-1,-1,-1
48,5,377.81,328.59,50.37,74.05,-1,-1,-1,-1
48,6,726.86,336.75,45.66,101.99,-1,-1,-1,-1
49,1,222.3,343.87,47.05,96.96,-1,-1,-1,-1
49,2,309.66,327.23,44.12,76.52,-1,-1,-1,-1
49,3,998.19,378.5,52.72,155.05,-1,-1,-1,-1
49,4,323.95,344.35,47.58,89.12,-1,-1,-1,-1
49,5,376.29,331.34,49.66,72.44,-1,-1,-1,-1
49,6,723.55,336.96,44.69,101.47,-1,-1,-1,-1
50,1,226.1,342.61,45.65,91.25,-1,-1,-1,-1
50,2,308.69,326.12,44.85,77.59,-1,-1,-1,-1
50,3,998.93,378.73,53.58,154.64,-1,-1,-1,-1
50,4,323.21,340.84,48.9,92.01,-1,-1,-1,-1
50,5,375.38,332.99,49.32,71.22,-1,-1,-1,-1
50,6,721.91,337.63,43.62,100.41,-1,-1,-1,-1
51,1,229.14,341.14,45.44,90.06,-1,-1,-1,-1
51,2,305.61,325.24,46.14,78.89,-1,-1,-1,-1
51,3,1000.2,378.82,54.26,153.88,-1,-1,-1,-1
51,4,321.81,337.63,48.5,91.65,-1,-1,-1,-1
51,5,374.31,334.05,49.62,70.77,-1,-1,-1,-1
51,6,720.33,337.58,43.03,100.35,-1,-1,-1,-1
52,1,230.23,339.3,45.0,90.57,-1,-1,-1,-1
52,2,303.48,325.05,46.86,79.09,-1,-1,-1,-1
52,3,1001.0,379.16,54.99,153.0,-1,-1,-1,-1
52,4,322.5,334.96,47.77,91.8,-1,-1,-1,-1
52,5,373.87,335.02,49.66,70.01,-1,-1,-1,-1
52,6,719.19,336.51,42.97,101.57,-1,-1,-1,-1
53,1,235.95,336.11,44.95,91.69,-1,-1,-1,-1
53,2,300.38,324.67,47.92,79.17,-1,-1,-1,-1
53,3,1002.62,378.09,56.17,152.67,-1,-1,-1,-1
53,4,324.65,333.41,45.56,89.18,-1,-1,-1,-1
53,5,373.69,335.81,49.85,69.44,-1,-1,-1,-1
53,6,718.41,335.21,43.24,103.24,-1,-1,-1,-1
54,1,241.05,334.39,45.17,92.44,-1,-1,-1,-1
54,2,298.0,324.68,49.03,79.19,-1,-1,-1,-1
54,3,1003.38,377.54,57.42,152.4,-1,-1,-1,-1
54,4,325.7,333.05,44.38,88.18,-1,-1,-1,-1
54,5,373.39,336.23,50.19,69.24,-1,-1,-1,-1
54,6,718.29,334.73,43.21,103.89,-1,-1,-1,-1
55,1,251.03,332.61,44.81,89.47,-1,-1,-1,-1
55,2,296.23,324.09,51.29,80.99,-1,-1,-1,-1
55,3,1006.64,376.15,57.82,152.0,-1,-1,-1,-1
55,4,325.8,333.72,42.77,85.12,-1,-1,-1,-1
55,5,372.41,336.37,50.37,69.17,-1,-1,-1,-1
55,6,716.66,333.81,43.59,104.74,-1,-1,-1,-1
56,1,254.33,331.87,44.55,87.46,-1,-1,-1,-1
56,2,294.61,324.01,52.35,80.77,-1,-1,-1,-1
56,3,1008.9,375.19,58.21,151.71,-1,-1,-1,-1
56,4,326.49,334.8,41.83,83.38,-1,-1,-1,-1
56,5,371.58,336.4,50.57,69.16,-1,-1,-1,-1
56,6,716.08,333.47,43.84,105.07,-1,-1,-1,-1
57,1,259.72,332.87,43.43,85.24,-1,-1,-1,-1
57,2,294.68,323.84,52.97,82.76,-1,-1,-1,-1
57,3,1012.13,374.24,58.27,151.01,-1,-1,-1,-1
57,4,327.73,334.78,41.68,83.06,-1,-1,-1,-1
57,5,372.8,335.79,51.26,70.36,-1,-1,-1,-1
57,6,715.92,333.5,43.98,104.9,-1,-1,-1,-1
58,1,263.68,332.85,41.24,81.42,-1,-1,-1,-1
58,2,297.73,323.48,51.91,83.5,-1,-1,-1,-1
58,3,1013.84,373.3,58.38,151.05,-1,-1,-1,-1
58,4,329.81,334.06,41.73,83.27,-1,-1,-1,-1
58,5,373.76,335.26,51.47,71.12,-1,-1,-1,-1
58,6,715.78,333.23,44.35,105.44,-1,-1,-1,-1
59,1,267.79,331.07,41.26,81.61,-1,-1,-1,-1
59,2,299.09,323.05,51.52,85.24,-1,-1,-1,-1
59,3,1016.51,372.82,57.82,150.63,-1,-1,-1,-1
59,4,331.43,330.98,42.76,85.17,-1,-1,-1,-1
59,5,375.69,334.74,50.85,71.11,-1,-1,-1,-1
59,6,716.08,333.13,44.48,105.64,-1,-1,-1,-1
60,1,270.48,329.86,41.38,81.41,-1,-1,-1,-1
60,2,299.76,323.33,50.5,85.6,-1,-1,-1,-1
60,3,1018.11,372.66,57.48,150.18,-1,-1,-1,-1
60,4,332.14,328.97,43.23,86.19,-1,-1,-1,-1
60,5,377.4,334.84,49.62,70.21,-1,-1,-1,-1
60,6,716.29,333.11,44.48,105.72,-1,-1,-1,-1
61,1,274.16,329.0,41.81,81.38,-1,-1,-1,-1
61,2,301.22,325.5,48.33,83.36,-1,-1,-1,-1
61,3,1019.35,372.76,57.14,150.17,-1,-1,-1,-1
61,4,336.9,325.58,42.71,86.59,-1,-1,-1,-1
61,5,379.12,333.67,49.12,70.47,-1,-1,-1,-1
61,6,716.48,333.26,44.34,105.45,-1,-1,-1,-1
62,1,278.02,328.74,40.35,77.8,-1,-1,-1,-1
62,2,302.08,328.43,46.36,80.98,-1,-1,-1,-1
62,3,1020.34,372.52,57.04,150.78,-1,-1,-1,-1
62,4,340.67,323.45,42.14,86.74,-1,-1,-1,-1
62,5,380.77,332.64,48.13,69.98,-1,-1,-1,-1
62,6,716.42,333.62,44.07,104.75,-1,-1,-1,-1
63,1,285.65,327.48,39.31,75.9,-1,-1,-1,-1
63,2,302.79,331.93,44.55,78.28,-1,-1,-1,-1
63,3,1020.88,372.74,56.53,150.12,-1,-1,-1,-1
63,4,344.02,321.37,40.97,84.43,-1,-1,-1,-1
63,5,382.74,331.35,48.04,70.99,-1,-1,-1,-1
63,6,716.62,333.47,44.19,105.09,-1,-1,-1,-1
64,1,289.94,326.3,39.57,77.71,-1,-1,-1,-1
64,2,303.11,333.21,44.11,78.18,-1,-1,-1,-1
64,3,1021.73,372.84,56.11,149.58,-1,-1,-1,-1
64,4,346.14,320.2,40.85,84.15,-1,-1,-1,-1
64,5,384.33,330.28,48.37,72.55,-1,-1,-1,-1
64,6,716.78,333.41,44.14,105.21,-1,-1,-1,-1
65,1,296.7,324.11,40.1,80.78,-1,-1,-1,-1
65,2,304.19,333.05,44.73,80.26,-1,-1,-1,-1
65,3,1023.18,373.04,54.78,147.14,-1,-1,-1,-1
65,4,351.12,320.86,39.78,79.87,-1,-1,-1,-1
65,5,388.15,330.47,47.63,72.26,-1,-1,-1,-1
65,6,716.53,331.91,44.8,107.05,-1,-1,-1,-1
66,1,301.21,323.17,39.95,81.65,-1,-1,-1,-1
66,2,306.54,332.82,44.91,81.03,-1,-1,-1,-1
66,3,1024.43,373.12,53.97,145.94,-1,-1,-1,-1
66,4,353.49,321.5,39.5,77.35,-1,-1,-1,-1
66,5,389.72,330.71,47.1,72.13,-1,-1,-1,-1
66,6,716.44,331.06,45.09,108.03,-1,-1,-1,-1
67,1,306.65,322.72,38.62,80.23,-1,-1,-1,-1
67,2,308.69,331.52,45.75,83.4,-1,-1,-1,-1
67,3,1026.46,372.27,54.04,146.71,-1,-1,-1,-1
67,4,357.99,322.85,40.51,76.17,-1,-1,-1,-1
67,5,392.24,332.15,45.65,70.6,-1,-1,-1,-1
67,6,717.19,330.3,44.85,108.1,-1,-1,-1,-1
68,1,309.93,323.35,39.51,82.7,-1,-1,-1,-1
68,2,310.97,331.01,45.76,84.0,-1,-1,-1,-1
68,3,1027.29,372.1,53.81,146.56,-1,-1,-1,-1
68,4,362.72,324.44,42.43,75.47,-1,-1,-1,-1
68,5,394.56,333.0,43.5,67.62,-1,-1,-1,-1
68,6,716.81,328.1,44.96,109.31,-1,-1,-1,-1
69,1,314.44,325.08,36.57,77.72,-1,-1,-1,-1
69,2,316.84,332.12,45.17,83.33,-1,-1,-1,-1
69,3,1028.57,372.05,54.09,147.42,-1,-1,-1,-1
69,4,367.39,326.26,41.93,72.52,-1,-1,-1,-1
69,5,396.61,333.02,43.89,69.23,-1,-1,-1,-1
69,6,717.69,325.51,44.76,109.46,-1,-1,-1,-1
70,1,317.79,326.88,34.12,73.65,-1,-1,-1,-1
70,2,322.72,333.13,44.75,82.17,-1,-1,-1,-1
70,3,1029.65,372.34,54.09,147.46,-1,-1,-1,-1
70,4,368.28,326.2,42.55,71.79,-1,-1,-1,-1
70,5,397.44,333.32,43.8,69.82,-1,-1,-1,-1
70,6,718.04,324.1,44.67,110.09,-1,-1,-1,-1
71,1,321.03,327.41,32.49,70.36,-1,-1,-1,-1
71,2,328.85,334.54,39.96,71.59,-1,-1,-1,-1
71,3,1029.31,372.31,54.3,147.63,-1,-1,-1,-1
71,4,372.28,326.03,42.51,71.56,-1,-1,-1,-1
71,5,399.09,331.95,44.28,71.83,-1,-1,-1,-1
71,6,719.15,322.71,44.5,109.73,-1,-1,-1,-1
72,1,321.58,326.54,32.5,70.15,-1,-1,-1,-1
72,2,328.97,335.05,44.22,78.79,-1,-1,-1,-1
72,3,1029.09,372.3,54.47,147.7,-1,-1,-1,-1
72,4,374.0,325.52,42.7,71.52,-1,-1,-1,-1
72,5,401.54,331.14,43.97,72.88,-1,-1,-1,-1
72,6,720.8,322.51,44.36,108.69,-1,-1,-1,-1
73,1,322.28,324.87,34.01,72.54,-1,-1,-1,-1
73,2,334.37,334.5,47.82,83.72,-1,-1,-1,-1
73,3,1028.13,372.15,55.01,148.48,-1,-1,-1,-1
73,4,378.31,324.73,41.82,68.83,-1,-1,-1,-1
73,5,403.75,330.98,43.29,72.69,-1,-1,-1,-1
73,6,722.54,322.32,44.46,108.28,-1,-1,-1,-1
74,1,322.31,324.13,34.84,73.43,-1,-1,-1,-1
74,2,338.05,334.55,50.0,85.64,-1,-1,-1,-1
74,3,1027.67,372.1,55.35,148.78,-1,-1,-1,-1
74,4,379.94,324.15,45.17,73.68,-1,-1,-1,-1
74,5,408.09,331.22,42.14,72.31,-1,-1,-1,-1
74,6,723.28,322.58,44.33,107.53,-1,-1,-1,-1
75,1,322.42,323.12,35.9,75.29,-1,-1,-1,-1
75,2,350.03,332.66,51.51,89.3,-1,-1,-1,-1
75,3,1028.66,372.09,55.46,150.08,-1,-1,-1,-1
75,4,382.95,324.53,46.13,74.51,-1,-1,-1,-1
75,5,411.48,331.61,41.68,71.86,-1,-1,-1,-1
75,6,724.6,323.75,43.96,106.05,-1,-1,-1,-1
76,1,322.44,322.76,36.16,75.71,-1,-1,-1,-1
76,2,357.53,334.52,50.78,87.79,-1,-1,-1,-1
76,3,1029.06,372.09,55.4,150.86,-1,-1,-1,-1
76,4,380.01,325.88,45.28,74.26,-1,-1,-1,-1
76,5,413.02,332.06,41.76,71.98,-1,-1,-1,-1
76,6,725.17,324.36,43.65,104.89,-1,-1,-1,-1
77,1,323.44,323.98,36.44,75.29,-1,-1,-1,-1
77,2,362.37,332.6,52.25,89.5,-1,-1,-1,-1
77,3,1028.74,372.39,55.1,150.86,-1,-1,-1,-1
77,4,379.06,328.34,43.48,70.6,-1,-1,-1,-1
77,5,415.11,334.46,41.01,69.65,-1,-1,-1,-1
77,6,726.03,324.91,43.41,103.87,-1,-1,-1,-1
78,1,323.14,326.1,36.54,73.64,-1,-1,-1,-1
78,2,367.73,331.87,54.58,90.71,-1,-1,-1,-1
78,3,1028.62,372.51,54.92,151.15,-1,-1,-1,-1
78,4,383.17,329.73,43.93,69.83,-1,-1,-1,-1
78,5,418.06,332.97,43.17,71.77,-1,-1,-1,-1
78,6,727.03,325.73,43.12,102.9,-1,-1,-1,-1
79,1,323.38,328.87,36.58,71.23,-1,-1,-1,-1
79,2,370.92,334.07,57.02,90.56,-1,-1,-1,-1
79,3,1028.13,372.55,54.52,151.25,-1,-1,-1,-1
79,4,382.61,329.47,41.73,67.76,-1,-1,-1,-1
79,5,423.3,334.04,43.08,69.59,-1,-1,-1,-1
79,6,728.04,325.89,42.91,102.55,-1,-1,-1,-1
80,1,323.65,329.91,37.59,70.65,-1,-1,-1,-1
80,2,386.1,335.07,56.19,91.35,-1,-1,-1,-1
80,3,1028.2,372.72,53.84,150.84,-1,-1,-1,-1
80,4,382.42,329.51,42.51,70.66,-1,-1,-1,-1
80,5,426.95,334.0,44.09,69.34,-1,-1,-1,-1
80,6,728.59,325.21,43.04,103.34,-1,-1,-1,-1
81,1,325.22,328.47,40.01,71.96,-1,-1,-1,-1
81,2,398.5,336.76,54.95,91.62,-1,-1,-1,-1
81,3,1027.74,372.64,53.33,150.82,-1,-1,-1,-1
81,4,386.5,329.23,43.61,72.6,-1,-1,-1,-1
81,5,427.74,333.68,48.71,74.34,-1,-1,-1,-1
81,6,729.67,324.95,43.09,103.94,-1,-1,-1,-1
82,1,328.52,327.04,43.09,73.65,-1,-1,-1,-1
82,2,406.33,336.37,54.09,91.99,-1,-1,-1,-1
82,3,1027.79,372.46,52.67,150.66,-1,-1,-1,-1
82,4,389.21,328.52,43.97,72.47,-1,-1,-1,-1
82,5,430.21,332.7,50.33,77.04,-1,-1,-1,-1
82,6,730.0,324.72,43.22,104.78,-1,-1,-1,-1
83,1,339.86,324.28,41.1,71.05,-1,-1,-1,-1
83,2,412.14,335.02,54.45,93.87,-1,-1,-1,-1
83,3,1027.31,372.24,52.22,151.04,-1,-1,-1,-1
83,4,391.28,325.27,46.34,75.4,-1,-1,-1,-1
83,5,437.24,331.87,49.84,77.8,-1,-1,-1,-1
83,6,732.59,324.78,43.64,104.5,-1,-1,-1,-1
84,1,345.75,323.37,39.79,69.75,-1,-1,-1,-1
84,2,420.58,334.21,55.92,94.86,-1,-1,-1,-1
84,3,1027.27,372.16,51.75,151.18,-1,-1,-1,-1
84,4,392.39,323.18,48.23,77.37,-1,-1,-1,-1
84,5,444.82,333.3,48.1,76.89,-1,-1,-1,-1
84,6,732.95,325.11,43.8,104.11,-1,-1,-1,-1
85,1,354.05,324.86,40.08,67.47,-1,-1,-1,-1
85,2,432.0,334.04,57.17,94.92,-1,-1,-1,-1
85,3,1027.47,372.28,51.17,150.79,-1,-1,-1,-1
85,4,397.08,321.21,49.92,78.12,-1,-1,-1,-1
85,5,451.78,332.82,48.87,80.06,-1,-1,-1,-1
85,6,735.17,326.88,43.8,101.87,-1,-1,-1,-1
86,5,452.0,332.0,54.0,79.0,-1,-1,-1,-1
86,2,452.0,333.0,53.0,93.0,-1,-1,-1,-1
86,1,356.63,324.97,41.19,67.26,-1,-1,-1,-1
86,3,1027.66,372.33,50.71,150.63,-1,-1,-1,-1
86,4,398.51,320.91,50.6,77.51,-1,-1,-1,-1
86,6,734.64,328.45,44.67,100.44,-1,-1,-1,-1
87,5,464.0,336.0,52.0,76.0,-1,-1,-1,-1
87,2,460.0,335.0,53.0,93.0,-1,-1,-1,-1
87,1,362.26,325.17,42.78,67.21,-1,-1,-1,-1
87,3,1027.86,372.5,50.27,150.43,-1,-1,-1,-1
87,4,405.04,318.6,49.94,77.26,-1,-1,-1,-1
87,6,736.97,330.08,45.86,99.92,-1,-1,-1,-1
88,5,471.33333333333337,334.0,52.0,77.0,-1,-1,-1,-1
88,2,468.0,332.0,52.0,98.0,-1,-1,-1,-1
88,1,368.76,325.85,43.27,64.21,-1,-1,-1,-1
88,3,1028.5,372.56,50.18,150.64,-1,-1,-1,-1
88,4,409.75,318.04,49.16,77.15,-1,-1,-1,-1
88,6,738.62,330.67,47.68,100.64,-1,-1,-1,-1
89,5,478.6666666666667,332.0,51.99999999999994,78.0,-1,-1,-1,-1
89,2,474.0,331.0,54.0,93.0,-1,-1,-1,-1
89,1,383.64,327.03,41.06,61.28,-1,-1,-1,-1
89,3,1029.31,372.44,50.18,150.58,-1,-1,-1,-1
89,4,414.5,314.46,50.88,80.95,-1,-1,-1,-1
89,6,739.07,329.68,49.19,101.23,-1,-1,-1,-1
90,5,486.0,330.0,52.0,79.0,-1,-1,-1,-1
90,1,389.98,327.3,40.1,60.56,-1,-1,-1,-1
90,2,482.16,329.75,58.35,94.55,-1,-1,-1,-1
90,3,1030.14,372.54,50.32,150.4,-1,-1,-1,-1
90,4,418.44,313.42,50.85,81.78,-1,-1,-1,-1
90,6,738.94,329.89,50.87,102.35,-1,-1,-1,-1
91,5,496.00000000000006,329.6666666666667,51.666666666666686,79.66666666666669,-1,-1,-1,-1
91,1,397.73,327.4,39.68,60.04,-1,-1,-1,-1
91,2,494.89,328.6,60.11,99.28,-1,-1,-1,-1
91,3,1030.38,372.73,50.53,149.89,-1,-1,-1,-1
91,4,430.21,313.65,48.01,78.56,-1,-1,-1,-1
91,6,741.36,328.77,52.4,104.27,-1,-1,-1,-1
92,5,506.0,329.3333333333333,51.33333333333337,80.33333333333331,-1,-1,-1,-1
92,1,402.81,327.43,39.13,59.28,-1,-1,-1,-1
92,2,507.11,332.49,57.37,95.64,-1,-1,-1,-1
92,3,1030.95,372.8,50.8,149.69,-1,-1,-1,-1
92,4,439.73,314.99,44.0,72.79,-1,-1,-1,-1
92,6,746.04,327.46,53.04,106.17,-1,-1,-1,-1
93,5,516.0,329.0,51.0,81.0,-1,-1,-1,-1
93,1,407.53,326.82,38.8,59.35,-1,-1,-1,-1
93,2,518.77,337.35,53.54,92.04,-1,-1,-1,-1
93,3,1031.64,372.38,51.13,149.77,-1,-1,-1,-1
93,4,448.32,316.93,41.19,69.07,-1,-1,-1,-1
93,6,752.6,326.66,51.87,105.42,-1,-1,-1,-1
94,5,522.8333333333334,329.5,50.66666666666663,79.83333333333337,-1,-1,-1,-1
94,1,409.82,328.71,36.23,56.7,-1,-1,-1,-1
94,2,525.08,337.36,53.46,94.28,-1,-1,-1,-1
94,3,1031.73,372.22,51.58,149.81,-1,-1,-1,-1
94,4,456.74,317.8,41.43,68.37,-1,-1,-1,-1
94,6,757.1,326.5,49.09,100.37,-1,-1,-1,-1
95,5,529.6666666666667,330.0,50.33333333333326,78.66666666666669,-1,-1,-1,-1
95,1,413.91,327.27,36.47,58.51,-1,-1,-1,-1
95,2,539.14,338.83,54.34,95.98,-1,-1,-1,-1
95,3,1032.14,371.57,52.16,150.41,-1,-1,-1,-1
95,4,465.71,318.57,42.04,66.93,-1,-1,-1,-1
95,6,763.04,328.26,51.44,102.66,-1,-1,-1,-1
96,5,536.5,330.5,50.0,77.5,-1,-1,-1,-1
96,1,416.55,326.76,36.09,58.87,-1,-1,-1,-1
96,2,545.81,339.22,54.94,96.91,-1,-1,-1,-1
96,3,1032.18,371.32,52.57,150.64,-1,-1,-1,-1
96,4,471.16,319.02,42.98,66.13,-1,-1,-1,-1
96,6,766.54,330.38,52.44,102.01,-1,-1,-1,-1
97,5,543.3333333333334,331.0,49.66666666666663,76.33333333333331,-1,-1,-1,-1
97,1,421.15,326.86,35.49,58.43,-1,-1,-1,-1
97,2,553.33,339.34,55.72,98.14,-1,-1,-1,-1
97,3,1031.59,371.23,52.74,150.73,-1,-1,-1,-1
97,4,477.02,319.19,43.0,65.56,-1,-1,-1,-1
97,6,767.87,330.14,54.96,102.36,-1,-1,-1,-1
98,5,550.1666666666666,331.5,49.33333333333337,75.16666666666669,-1,-1,-1,-1
98,1,423.28,325.85,35.88,59.19,-1,-1,-1,-1
98,2,559.11,339.22,55.43,99.48,-1,-1,-1,-1
98,3,1031.31,371.2,52.87,150.76,-1,-1,-1,-1
98,4,481.81,320.91,41.53,63.57,-1,-1,-1,-1
98,6,771.79,330.63,55.98,101.61,-1,-1,-1,-1
99,5,557.0,332.0,49.0,74.0,-1,-1,-1,-1
99,1,424.61,326.82,35.25,58.3,-1,-1,-1,-1
99,2,565.13,340.33,54.7,98.2,-1,-1,-1,-1
99,3,1031.21,371.49,52.89,150.47,-1,-1,-1,-1
99,4,486.94,320.33,39.81,61.96,-1,-1,-1,-1
99,6,773.62,330.66,57.23,101.02,-1,-1,-1,-1
100,5,560.5,334.5,56.0,72.5,-1,-1,-1,-1
100,1,426.42,328.54,34.41,56.48,-1,-1,-1,-1
100,2,570.82,340.73,54.61,97.39,-1,-1,-1,-1
100,3,1030.6,371.46,52.84,150.51,-1,-1,-1,-1
100,4,490.6,321.03,38.18,60.19,-1,-1,-1,-1
100,6,774.09,329.31,59.08,102.3,-1,-1,-1,-1
101,5,564.0,337.0,63.0,71.0,-1,-1,-1,-1
101,1,429.68,329.33,35.37,57.94,-1,-1,-1,-1
101,2,577.74,342.95,56.29,99.74,-1,-1,-1,-1
101,3,1030.36,371.3,52.83,150.67,-1,-1,-1,-1
101,4,494.67,319.74,37.78,61.13,-1,-1,-1,-1
101,6,776.5,326.73,60.46,104.86,-1,-1,-1,-1
102,5,567.6,339.8,62.200000000000045,69.40000000000003,-1,-1,-1,-1
102,1,433.07,331.7,34.4,56.11,-1,-1,-1,-1
102,2,582.96,344.2,58.27,101.79,-1,-1,-1,-1
102,3,1029.73,371.24,52.7,151.03,-1,-1,-1,-1
102,4,497.48,318.08,37.67,62.7,-1,-1,-1,-1
102,6,779.6,323.69,61.12,107.59,-1,-1,-1,-1
103,5,571.2,342.6,61.39999999999998,67.79999999999995,-1,-1,-1,-1
103,1,438.04,327.45,38.23,61.77,-1,-1,-1,-1
103,2,592.18,348.47,57.51,100.5,-1,-1,-1,-1
103,3,1029.52,371.82,52.61,150.87,-1,-1,-1,-1
103,4,501.41,316.86,39.88,68.07,-1,-1,-1,-1
103,6,782.73,321.95,60.8,109.51,-1,-1,-1,-1
104,5,574.8,345.4,60.60000000000002,66.20000000000005,-1,-1,-1,-1
104,1,440.86,326.52,39.67,63.49,-1,-1,-1,-1
104,2,594.53,349.93,57.74,100.56,-1,-1,-1,-1
104,3,1029.45,372.04,52.55,150.8,-1,-1,-1,-1
104,4,504.08,316.27,39.86,69.78,-1,-1,-1,-1
104,6,784.91,321.15,59.69,109.93,-1,-1,-1,-1
105,5,578.4,348.2,59.80000000000007,64.60000000000002,-1,-1,-1,-1
105,1,445.12,324.4,40.9,66.21,-1,-1,-1,-1
105,2,598.49,350.3,57.05,100.57,-1,-1,-1,-1
105,3,1029.48,372.42,52.42,150.48,-1,-1,-1,-1
105,4,506.21,316.2,40.21,71.04,-1,-1,-1,-1
105,6,786.25,322.64,58.61,109.48,-1,-1,-1,-1
106,5,582.0,351.0,59.0,63.0,-1,-1,-1,-1
106,1,449.02,323.3,41.25,67.83,-1,-1,-1,-1
106,2,599.82,350.54,56.59,100.56,-1,-1,-1,-1
106,3,1029.41,372.56,52.53,150.36,-1,-1,-1,-1
106,4,508.34,315.45,40.33,72.1,-1,-1,-1,-1
106,6,787.59,325.45,56.93,107.51,-1,-1,-1,-1
107,5,582.3333333333334,351.8333333333333,57.83333333333337,63.666666666666686,-1,-1,-1,-1
107,1,453.93,322.44,43.2,73.09,-1,-1,-1,-1
107,2,595.55,349.26,58.91,104.09,-1,-1,-1,-1
107,3,1029.44,373.8,52.48,149.12,-1,-1,-1,-1
107,4,512.6,315.32,40.23,73.08,-1,-1,-1,-1
107,6,787.63,328.92,55.8,105.24,-1,-1,-1,-1
108,5,582.6666666666667,352.6666666666667,56.66666666666663,64.33333333333337,-1,-1,-1,-1
108,1,458.58,322.41,41.68,72.24,-1,-1,-1,-1
108,2,599.26,349.92,58.79,104.24,-1,-1,-1,-1
108,3,1029.29,374.42,52.78,148.51,-1,-1,-1,-1
108,4,515.38,316.9,39.96,73.14,-1,-1,-1,-1
108,6,787.39,331.73,55.09,103.49,-1,-1,-1,-1
109,5,583.0,353.5,55.5,65.0,-1,-1,-1,-1
109,1,464.49,324.32,41.9,74.75,-1,-1,-1,-1
109,2,602.85,352.8,59.89,107.07,-1,-1,-1,-1
109,3,1031.4,375.53,53.32,147.09,-1,-1,-1,-1
109,4,519.97,317.07,40.15,74.33,-1,-1,-1,-1
109,6,787.1,332.46,55.08,103.13,-1,-1,-1,-1
110,5,583.3333333333334,354.3333333333333,54.33333333333337,65.66666666666669,-1,-1,-1,-1
110,1,469.38,326.35,41.72,76.55,-1,-1,-1,-1
110,2,604.4,355.63,60.2,108.12,-1,-1,-1,-1
110,3,1031.96,377.29,54.01,145.22,-1,-1,-1,-1
110,4,524.44,317.44,40.98,77.1,-1,-1,-1,-1
110,6,786.92,332.41,55.09,103.01,-1,-1,-1,-1
111,5,583.6666666666666,355.1666666666667,53.16666666666663,66.33333333333331,-1,-1,-1,-1
111,1,478.81,328.6,41.36,74.61,-1,-1,-1,-1
111,2,604.96,358.74,59.44,106.44,-1,-1,-1,-1
111,3,1033.27,379.43,55.64,143.34,-1,-1,-1,-1
111,4,530.75,321.07,41.16,75.24,-1,-1,-1,-1
111,6,787.15,332.67,54.38,102.07,-1,-1,-1,-1
112,5,584.0,356.0,52.0,67.0,-1,-1,-1,-1
112,1,482.69,330.22,41.07,73.2,-1,-1,-1,-1
112,2,600.3,360.18,63.12,112.87,-1,-1,-1,-1
112,3,1033.8,381.11,57.35,141.75,-1,-1,-1,-1
112,4,535.12,323.84,41.77,73.88,-1,-1,-1,-1
112,6,789.77,333.2,52.53,101.13,-1,-1,-1,-1
113,1,487.14,330.98,39.36,70.26,-1,-1,-1,-1
113,2,595.21,361.42,64.17,115.38,-1,-1,-1,-1
113,3,1036.81,380.05,59.51,142.54,-1,-1,-1,-1
113,4,541.04,326.06,42.65,72.15,-1,-1,-1,-1
113,5,590.97,358.8,42.57,64.41,-1,-1,-1,-1
113,6,790.71,333.08,51.23,100.79,-1,-1,-1,-1
114,1,489.35,331.25,39.05,69.72,-1,-1,-1,-1
114,2,592.66,361.27,65.37,118.07,-1,-1,-1,-1
114,3,1036.66,379.93,61.61,142.27,-1,-1,-1,-1
114,4,545.27,328.22,42.81,70.29,-1,-1,-1,-1
114,5,590.51,358.09,44.96,68.06,-1,-1,-1,-1
114,6,790.45,332.87,50.68,101.87,-1,-1,-1,-1
115,1,489.19,331.34,41.18,73.68,-1,-1,-1,-1
115,2,589.15,360.29,65.47,119.94,-1,-1,-1,-1
115,3,1039.89,377.77,62.92,141.29,-1,-1,-1,-1
115,4,544.26,329.9,45.26,70.49,-1,-1,-1,-1
115,5,592.35,358.69,43.28,63.81,-1,-1,-1,-1
115,6,788.91,332.62,50.91,103.48,-1,-1,-1,-1
116,1,489.65,331.66,42.56,76.31,-1,-1,-1,-1
116,2,586.61,359.0,65.37,121.78,-1,-1,-1,-1
116,3,1043.67,377.69,62.96,138.7,-1,-1,-1,-1
116,4,542.59,330.19,47.89,71.77,-1,-1,-1,-1
116,5,591.46,357.52,45.94,67.61,-1,-1,-1,-1
116,6,789.08,333.11,51.19,104.68,-1,-1,-1,-1
117,1,492.09,333.81,44.09,80.22,-1,-1,-1,-1
117,2,583.24,358.61,64.74,122.87,-1,-1,-1,-1
117,3,1049.87,373.89,62.93,138.21,-1,-1,-1,-1
117,4,542.41,330.27,50.69,73.43,-1,-1,-1,-1
117,5,596.77,358.73,43.27,66.28,-1,-1,-1,-1
117,6,787.06,334.77,53.08,106.91,-1,-1,-1,-1
118,1,495.11,334.05,44.38,82.57,-1,-1,-1,-1
118,2,580.15,358.87,64.48,124.85,-1,-1,-1,-1
118,3,1053.53,370.84,62.47,138.8,-1,-1,-1,-1
118,4,541.3,329.53,53.6,75.23,-1,-1,-1,-1
118,5,597.94,358.15,42.57,67.22,-1,-1,-1,-1
118,6,787.31,336.85,54.06,106.57,-1,-1,-1,-1
119,1,497.33,333.26,44.47,84.61,-1,-1,-1,-1
119,2,573.59,362.45,65.73,129.06,-1,-1,-1,-1
119,3,1058.4,366.43,62.28,140.84,-1,-1,-1,-1
119,4,537.41,327.61,54.97,77.38,-1,-1,-1,-1
119,5,591.97,352.42,46.6,74.1,-1,-1,-1,-1
119,6,788.48,339.27,55.21,105.84,-1,-1,-1,-1
120,1,498.59,332.07,44.65,86.53,-1,-1,-1,-1
120,2,572.4,365.54,65.85,132.37,-1,-1,-1,-1
120,3,1061.85,362.42,62.35,144.0,-1,-1,-1,-1
120,4,537.94,326.71,55.92,79.07,-1,-1,-1,-1
120,5,589.64,349.88,48.3,77.22,-1,-1,-1,-1
120,6,788.95,340.46,57.34,107.03,-1,-1,-1,-1
121,1,501.36,331.45,44.56,86.36,-1,-1,-1,-1
121,2,568.56,371.94,65.11,131.57,-1,-1,-1,-1
121,3,1065.59,359.33,60.88,144.47,-1,-1,-1,-1
121,4,542.06,325.62,55.89,79.99,-1,-1,-1,-1
121,5,588.72,349.16,48.22,77.27,-1,-1,-1,-1
121,6,788.42,341.02,61.29,111.9,-1,-1,-1,-1
122,1,502.57,331.19,44.58,86.24,-1,-1,-1,-1
122,2,567.7,377.34,64.15,130.29,-1,-1,-1,-1
122,3,1069.05,358.49,58.41,141.38,-1,-1,-1,-1
122,4,544.67,323.87,57.79,83.83,-1,-1,-1,-1
122,5,589.21,348.77,48.12,77.8,-1,-1,-1,-1
122,6,787.74,341.94,63.71,114.31,-1,-1,-1,-1
123,4,545.0,321.0,62.0,85.0,-1,-1,-1,-1
123,1,502.82,332.56,45.39,87.9,-1,-1,-1,-1
123,2,568.32,381.55,62.51,127.81,-1,-1,-1,-1
123,3,1073.37,359.0,56.0,136.76,-1,-1,-1,-1
123,5,590.61,348.5,47.32,75.92,-1,-1,-1,-1
123,6,788.07,343.59,64.56,113.47,-1,-1,-1,-1
124,4,545.0,321.0,62.0,85.0,-1,-1,-1,-1
124,1,502.87,334.09,45.01,86.47,-1,-1,-1,-1
124,2,568.81,383.38,61.44,126.52,-1,-1,-1,-1
124,3,1075.96,359.1,54.12,132.48,-1,-1,-1,-1
124,5,590.81,347.24,48.18,76.91,-1,-1,-1,-1
124,6,789.25,344.78,65.09,112.51,-1,-1,-1,-1
125,1,501.49,337.64,43.86,82.01,-1,-1,-1,-1
125,2,567.34,384.57,60.24,125.1,-1,-1,-1,-1
125,3,1078.24,357.83,54.2,132.29,-1,-1,-1,-1
125,4,548.96,318.7,58.69,90.85,-1,-1,-1,-1
125,5,589.31,347.67,52.2,82.83,-1,-1,-1,-1
125,6,794.01,341.2,66.67,116.56,-1,-1,-1,-1
126,1,499.76,339.13,44.35,80.55,-1,-1,-1,-1
126,2,567.32,385.09,59.36,124.39,-1,-1,-1,-1
126,3,1079.65,356.65,54.1,132.11,-1,-1,-1,-1
126,4,550.31,318.32,57.47,89.86,-1,-1,-1,-1
126,5,588.24,349.85,53.54,84.77,-1,-1,-1,-1
126,6,796.85,339.26,66.86,118.64,-1,-1,-1,-1
127,1,495.31,339.8,47.24,83.3,-1,-1,-1,-1
127,2,567.25,384.61,59.8,126.48,-1,-1,-1,-1
127,3,1079.82,354.0,54.58,134.03,-1,-1,-1,-1
127,4,554.21,316.43,58.95,94.76,-1,-1,-1,-1
127,5,587.22,350.9,56.35,89.82,-1,-1,-1,-1
127,6,800.24,337.9,65.75,119.7,-1,-1,-1,-1
128,1,491.86,339.74,50.11,85.78,-1,-1,-1,-1
128,2,567.33,383.93,59.81,127.4,-1,-1,-1,-1
128,3,1081.1,352.76,54.53,135.07,-1,-1,-1,-1
128,4,557.04,314.43,59.56,98.3,-1,-1,-1,-1
128,5,585.19,349.74,58.95,94.03,-1,-1,-1,-1
128,6,802.06,337.37,64.79,121.25,-1,-1,-1,-1
129,1,484.58,338.95,52.48,87.89,-1,-1,-1,-1
129,2,566.68,384.64,61.22,132.02,-1,-1,-1,-1
129,3,1082.42,352.05,53.86,134.3,-1,-1,-1,-1
129,4,562.82,312.8,54.93,93.01,-1,-1,-1,-1
129,5,585.83,347.57,62.74,102.5,-1,-1,-1,-1
129,6,804.72,338.78,64.48,123.12,-1,-1,-1,-1
130,1,477.34,338.48,54.04,89.26,-1,-1,-1,-1
130,2,567.21,385.61,61.38,133.89,-1,-1,-1,-1
130,3,1083.41,351.38,53.65,134.17,-1,-1,-1,-1
130,4,564.12,312.04,54.79,95.54,-1,-1,-1,-1
130,5,589.11,348.97,60.4,101.01,-1,-1,-1,-1
130,6,806.31,339.75,64.28,124.82,-1,-1,-1,-1
131,1,465.04,335.2,55.47,93.28,-1,-1,-1,-1
131,2,570.02,385.64,61.57,134.57,-1,-1,-1,-1
131,3,1087.08,350.14,52.8,133.09,-1,-1,-1,-1
131,4,567.5,312.65,54.11,97.03,-1,-1,-1,-1
131,5,591.69,349.58,61.54,106.32,-1,-1,-1,-1
131,6,808.63,343.78,63.02,122.95,-1,-1,-1,-1
132,1,459.69,334.23,55.04,94.5,-1,-1,-1,-1
132,2,573.01,384.57,61.97,136.7,-1,-1,-1,-1
132,3,1091.78,348.52,51.67,133.0,-1,-1,-1,-1
132,4,570.98,313.21,52.85,96.69,-1,-1,-1,-1
132,5,595.2,349.25,60.89,108.59,-1,-1,-1,-1
132,6,810.16,348.59,61.1,118.91,-1,-1,-1,-1
133,1,449.55,334.43,54.61,94.93,-1,-1,-1,-1
133,2,580.45,381.93,62.42,139.97,-1,-1,-1,-1
133,3,1095.88,344.97,51.19,134.48,-1,-1,-1,-1
133,4,575.11,316.99,50.12,92.97,-1,-1,-1,-1
133,5,599.55,349.7,58.68,107.97,-1,-1,-1,-1
133,6,812.49,351.59,59.73,116.13,-1,-1,-1,-1
134,1,444.06,335.1,53.36,93.87,-1,-1,-1,-1
134,2,585.68,379.13,62.47,142.35,-1,-1,-1,-1
134,3,1098.13,342.8,50.61,135.05,-1,-1,-1,-1
134,4,577.68,318.78,48.64,91.18,-1,-1,-1,-1
134,5,603.22,350.47,55.53,104.71,-1,-1,-1,-1
134,6,813.96,352.51,59.09,114.94,-1,-1,-1,-1
135,1,438.02,337.72,52.09,91.65,-1,-1,-1,-1
135,2,591.12,375.11,63.19,145.85,-1,-1,-1,-1
135,3,1101.52,341.89,48.7,131.85,-1,-1,-1,-1
135,4,578.98,317.79,49.61,94.39,-1,-1,-1,-1
135,5,607.92,352.85,55.9,106.88,-1,-1,-1,-1
135,6,814.89,352.66,59.16,115.24,-1,-1,-1,-1
136,1,431.37,339.31,51.21,89.87,-1,-1,-1,-1
136,2,597.03,372.98,62.72,144.53,-1,-1,-1,-1
136,3,1103.46,342.07,47.64,130.19,-1,-1,-1,-1
136,4,578.72,316.4,50.18,97.33,-1,-1,-1,-1
136,5,610.35,355.2,56.38,109.98,-1,-1,-1,-1
136,6,815.55,352.38,59.07,115.35,-1,-1,-1,-1
137,1,424.67,340.49,51.19,89.18,-1,-1,-1,-1
137,2,603.43,373.63,62.44,142.46,-1,-1,-1,-1
137,3,1105.79,343.99,47.46,129.9,-1,-1,-1,-1
137,4,576.54,315.87,49.72,97.56,-1,-1,-1,-1
137,5,614.19,356.97,53.55,105.33,-1,-1,-1,-1
137,6,816.6,348.8,60.88,118.82,-1,-1,-1,-1
138,1,420.5,340.77,51.84,89.51,-1,-1,-1,-1
138,2,608.61,375.22,63.18,141.47,-1,-1,-1,-1
138,3,1107.74,345.04,47.43,129.51,-1,-1,-1,-1
138,4,574.82,315.52,49.91,98.79,-1,-1,-1,-1
138,5,615.93,360.33,54.16,107.53,-1,-1,-1,-1
138,6,819.95,346.26,62.64,121.0,-1,-1,-1,-1
139,1,415.89,340.41,51.93,90.21,-1,-1,-1,-1
139,2,615.79,382.66,63.5,137.49,-1,-1,-1,-1
139,3,1107.42,345.17,46.97,128.79,-1,-1,-1,-1
139,4,570.67,316.87,50.98,100.11,-1,-1,-1,-1
139,5,620.03,365.67,55.0,107.43,-1,-1,-1,-1
139,6,824.61,343.95,62.34,120.21,-1,-1,-1,-1
140,1,413.64,340.7,51.23,89.58,-1,-1,-1,-1
140,2,619.77,391.78,62.63,131.15,-1,-1,-1,-1
140,3,1107.56,345.1,46.1,127.19,-1,-1,-1,-1
140,4,570.25,319.44,50.74,98.23,-1,-1,-1,-1
140,5,624.72,370.05,56.62,107.34,-1,-1,-1,-1
140,6,826.99,342.46,62.09,119.87,-1,-1,-1,-1
141,1,405.09,341.24,50.02,89.03,-1,-1,-1,-1
141,2,622.22,400.02,61.28,123.9,-1,-1,-1,-1
141,3,1108.42,344.65,46.41,128.57,-1,-1,-1,-1
141,4,569.73,323.41,50.08,95.39,-1,-1,-1,-1
141,5,631.57,376.7,55.21,102.53,-1,-1,-1,-1
141,6,833.38,339.38,60.95,120.18,-1,-1,-1,-1
142,1,399.51,341.73,48.64,88.22,-1,-1,-1,-1
142,2,621.71,402.96,62.02,121.27,-1,-1,-1,-1
142,3,1109.31,344.35,46.47,128.65,-1,-1,-1,-1
142,4,569.11,326.55,49.43,92.48,-1,-1,-1,-1
142,5,633.98,382.19,54.26,98.21,-1,-1,-1,-1
142,6,837.89,337.49,59.14,119.69,-1,-1,-1,-1
143,1,392.68,343.54,47.8,87.91,-1,-1,-1,-1
143,2,616.17,401.64,64.27,119.6,-1,-1,-1,-1
143,3,1109.72,343.81,46.2,128.26,-1,-1,-1,-1
143,4,568.0,327.85,49.71,91.39,-1,-1,-1,-1
143,5,635.61,385.79,53.99,94.93,-1,-1,-1,-1
143,6,841.66,336.35,57.11,118.89,-1,-1,-1,-1
144,1,388.89,345.69,46.44,86.3,-1,-1,-1,-1
144,2,611.4,400.0,65.5,115.86,-1,-1,-1,-1
144,3,1109.88,343.48,45.99,127.97,-1,-1,-1,-1
144,4,566.86,327.84,50.63,91.6,-1,-1,-1,-1
144,5,633.69,387.16,55.04,93.58,-1,-1,-1,-1
144,6,844.19,336.25,55.11,118.28,-1,-1,-1,-1
145,1,382.5,347.98,45.19,83.9,-1,-1,-1,-1
145,2,601.5,398.99,66.17,113.03,-1,-1,-1,-1
145,3,1110.64,341.88,45.6,127.58,-1,-1,-1,-1
145,4,565.48,328.56,51.1,91.38,-1,-1,-1,-1
145,5,629.38,385.14,58.22,95.22,-1,-1,-1,-1
145,6,848.47,337.58,53.47,117.45,-1,-1,-1,-1
146,1,378.9,348.8,44.58,83.01,-1,-1,-1,-1
146,2,593.51,397.34,68.4,113.6,-1,-1,-1,-1
146,3,1111.56,341.16,45.28,127.3,-1,-1,-1,-1
146,4,563.8,329.09,51.2,91.01,-1,-1,-1,-1
146,5,627.24,383.28,60.98,96.88,-1,-1,-1,-1
146,6,851.2,338.26,52.19,117.14,-1,-1,-1,-1
147,1,373.44,348.17,44.89,83.91,-1,-1,-1,-1
147,2,589.11,394.14,70.46,115.53,-1,-1,-1,-1
147,3,1111.96,340.01,44.96,127.51,-1,-1,-1,-1
147,4,560.38,333.74,49.04,86.69,-1,-1,-1,-1
147,5,624.0,378.06,65.59,101.98,-1,-1,-1,-1
147,6,856.79,340.32,50.75,114.94,-1,-1,-1,-1
148,1,369.32,346.86,45.37,84.85,-1,-1,-1,-1
148,2,580.83,390.99,73.24,118.53,-1,-1,-1,-1
148,3,1112.27,338.86,44.43,127.45,-1,-1,-1,-1
148,4,556.45,338.05,48.03,82.93,-1,-1,-1,-1
148,5,619.93,375.63,68.29,103.74,-1,-1,-1,-1
148,6,860.06,340.96,50.05,114.11,-1,-1,-1,-1
149,1,364.99,344.56,45.52,86.11,-1,-1,-1,-1
149,2,571.11,387.73,72.2,117.32,-1,-1,-1,-1
149,3,1113.24,338.6,43.66,126.99,-1,-1,-1,-1
149,4,550.37,341.55,47.86,78.83,-1,-1,-1,-1
149,5,612.88,372.6,69.03,102.06,-1,-1,-1,-1
149,6,862.62,339.86,49.9,115.01,-1,-1,-1,-1
150,1,362.1,343.23,45.19,87.18,-1,-1,-1,-1
150,2,574.7,386.79,66.98,111.79,-1,-1,-1,-1
150,3,1113.72,338.54,43.05,126.83,-1,-1,-1,-1
150,4,544.63,343.05,49.43,78.02,-1,-1,-1,-1
150,5,605.86,370.52,67.13,98.7,-1,-1,-1,-1
150,6,864.32,338.55,49.93,115.66,-1,-1,-1,-1
151,1,357.99,341.24,44.05,85.81,-1,-1,-1,-1
151,2,575.65,385.08,59.43,100.14,-1,-1,-1,-1
151,3,1114.51,337.79,42.75,127.53,-1,-1,-1,-1
151,4,537.03,342.92,50.86,79.3,-1,-1,-1,-1
151,5,596.63,367.93,66.34,98.31,-1,-1,-1,-1
151,6,865.42,335.69,50.61,117.39,-1,-1,-1,-1
152,1,355.79,340.18,43.22,84.69,-1,-1,-1,-1
152,2,570.85,383.71,57.87,96.71,-1,-1,-1,-1
152,3,1114.89,337.38,42.39,127.95,-1,-1,-1,-1
152,4,535.94,343.11,52.42,79.81,-1,-1,-1,-1
152,5,592.19,366.68,64.04,95.78,-1,-1,-1,-1
152,6,865.45,334.32,50.27,116.28,-1,-1,-1,-1
153,1,352.85,339.64,43.03,83.97,-1,-1,-1,-1
153,2,571.02,382.02,56.38,95.0,-1,-1,-1,-1
153,3,1113.76,336.81,42.39,128.26,-1,-1,-1,-1
153,4,534.75,342.23,54.2,80.93,-1,-1,-1,-1
153,5,585.56,366.24,61.22,93.32,-1,-1,-1,-1
153,6,865.23,331.59,49.79,114.95,-1,-1,-1,-1
154,1,350.93,340.05,43.14,83.71,-1,-1,-1,-1
154,2,569.7,381.61,55.74,94.65,-1,-1,-1,-1
154,3,1112.65,336.61,42.5,128.38,-1,-1,-1,-1
154,4,532.01,340.5,56.04,82.87,-1,-1,-1,-1
154,5,579.14,367.0,61.04,94.23,-1,-1,-1,-1
154,6,864.49,330.44,49.55,114.16,-1,-1,-1,-1
155,1,346.92,341.56,42.31,82.43,-1,-1,-1,-1
155,2,565.9,376.76,58.71,98.12,-1,-1,-1,-1
155,3,1111.58,336.42,42.62,128.58,-1,-1,-1,-1
155,4,525.44,336.86,56.73,85.99,-1,-1,-1,-1
155,5,576.43,372.23,57.72,89.65,-1,-1,-1,-1
155,6,863.08,329.6,48.59,112.07,-1,-1,-1,-1
156,5,573.0,375.0,58.0,86.0,-1,-1,-1,-1
156,1,344.71,342.74,41.35,81.06,-1,-1,-1,-1
156,2,564.13,375.63,61.9,101.82,-1,-1,-1,-1
156,3,1111.15,336.36,42.69,128.65,-1,-1,-1,-1
156,4,521.19,334.88,55.95,87.46,-1,-1,-1,-1
156,6,862.15,329.32,48.3,111.3,-1,-1,-1,-1
157,5,572.0,376.5,58.0,86.0,-1,-1,-1,-1
157,1,342.14,343.48,40.61,80.26,-1,-1,-1,-1
157,2,565.92,375.25,60.13,95.85,-1,-1,-1,-1
157,3,1111.52,336.06,42.84,128.98,-1,-1,-1,-1
157,4,516.05,331.75,54.62,88.03,-1,-1,-1,-1
157,6,861.26,329.85,47.99,110.44,-1,-1,-1,-1
158,5,571.0,378.0,58.0,86.0,-1,-1,-1,-1
158,1,339.81,343.15,40.39,80.28,-1,-1,-1,-1
158,2,568.41,374.89,61.68,94.8,-1,-1,-1,-1
158,3,1111.75,336.12,42.69,128.95,-1,-1,-1,-1
158,4,513.28,330.7,52.99,87.65,-1,-1,-1,-1
158,6,860.33,330.82,47.79,109.53,-1,-1,-1,-1
159,5,570.0,380.0,57.0,79.0,-1,-1,-1,-1
159,1,337.79,341.82,40.49,80.91,-1,-1,-1,-1
159,2,571.39,372.38,64.21,95.37,-1,-1,-1,-1
159,3,1113.08,336.0,42.52,129.39,-1,-1,-1,-1
159,4,509.71,330.61,51.71,86.31,-1,-1,-1,-1
159,6,860.3,332.27,47.63,108.02,-1,-1,-1,-1
160,5,572.0,378.0,59.0,79.0,-1,-1,-1,-1
160,1,336.56,340.58,40.24,80.56,-1,-1,-1,-1
160,2,574.75,370.75,67.86,96.67,-1,-1,-1,-1
160,3,1114.34,335.98,42.12,129.55,-1,-1,-1,-1
160,4,508.39,331.33,50.85,85.19,-1,-1,-1,-1
160,6,860.05,332.37,48.02,107.48,-1,-1,-1,-1
161,5,573.0,370.0,61.0,81.0,-1,-1,-1,-1
161,2,578.0,372.0,80.0,90.0,-1,-1,-1,-1
161,1,333.71,338.77,41.02,82.54,-1,-1,-1,-1
161,3,1115.01,335.98,41.55,129.61,-1,-1,-1,-1
161,4,508.33,329.37,51.08,86.57,-1,-1,-1,-1
161,6,860.4,332.87,47.82,105.5,-1,-1,-1,-1
162,5,574.0,368.0,63.0,82.0,-1,-1,-1,-1
162,2,587.0,373.0,86.0,92.0,-1,-1,-1,-1
162,1,332.54,337.66,40.53,81.8,-1,-1,-1,-1
162,3,1116.0,335.99,41.03,129.63,-1,-1,-1,-1
162,4,508.08,328.66,50.63,86.49,-1,-1,-1,-1
162,6,860.89,332.91,47.62,103.28,-1,-1,-1,-1
163,1,330.36,336.95,40.83,82.71,-1,-1,-1,-1
163,2,615.09,373.11,67.4,92.86,-1,-1,-1,-1
163,3,1115.9,336.01,40.55,129.63,-1,-1,-1,-1
163,4,507.04,328.99,50.2,84.97,-1,-1,-1,-1
163,5,576.84,363.9,64.85,87.49,-1,-1,-1,-1
163,6,863.97,332.78,48.97,103.71,-1,-1,-1,-1
164,1,328.23,337.15,41.07,82.76,-1,-1,-1,-1
164,2,620.3,372.61,68.62,94.01,-1,-1,-1,-1
164,3,1116.61,336.32,40.04,129.34,-1,-1,-1,-1
164,4,503.63,327.5,50.9,86.48,-1,-1,-1,-1
164,5,575.35,360.86,66.16,88.71,-1,-1,-1,-1
164,6,865.14,332.89,49.95,103.3,-1,-1,-1,-1
165,1,324.7,340.21,41.8,82.49,-1,-1,-1,-1
165,2,623.76,370.21,70.63,96.04,-1,-1,-1,-1
165,3,1117.06,337.04,39.46,128.63,-1,-1,-1,-1
165,4,499.12,322.66,53.65,91.19,-1,-1,-1,-1
165,5,576.23,358.01,68.57,91.01,-1,-1,-1,-1
165,6,868.55,332.19,51.8,103.48,-1,-1,-1,-1
166,1,324.15,343.17,41.9,80.3,-1,-1,-1,-1
166,2,625.12,367.84,72.28,97.67,-1,-1,-1,-1
166,3,1117.27,337.02,39.14,128.66,-1,-1,-1,-1
166,4,495.55,320.57,55.05,93.53,-1,-1,-1,-1
166,5,577.76,355.81,70.64,93.09,-1,-1,-1,-1
166,6,869.86,332.52,53.23,102.97,-1,-1,-1,-1
167,1,324.91,346.39,41.76,76.77,-1,-1,-1,-1
167,2,630.86,363.13,71.01,96.51,-1,-1,-1,-1
167,3,1117.42,337.02,38.84,128.67,-1,-1,-1,-1
167,4,491.38,318.77,54.36,93.85,-1,-1,-1,-1
167,5,585.1,354.47,71.47,94.2,-1,-1,-1,-1
167,6,869.98,332.06,55.32,103.41,-1,-1,-1,-1
168,1,325.53,347.88,42.51,75.16,-1,-1,-1,-1
168,2,640.21,359.26,70.19,96.02,-1,-1,-1,-1
168,3,1116.99,337.32,38.5,128.38,-1,-1,-1,-1
168,4,489.92,316.79,53.97,94.82,-1,-1,-1,-1
168,5,596.07,353.88,69.0,91.38,-1,-1,-1,-1
168,6,871.02,331.44,57.58,103.89,-1,-1,-1,-1
169,1,328.4,346.43,45.51,77.33,-1,-1,-1,-1
169,2,654.44,356.79,68.38,96.1,-1,-1,-1,-1
169,3,1116.86,337.58,38.28,127.82,-1,-1,-1,-1
169,4,488.53,317.69,52.15,92.81,-1,-1,-1,-1
169,5,608.4,353.16,68.5,91.51,-1,-1,-1,-1
169,6,872.53,329.87,60.55,105.88,-1,-1,-1,-1
170,1,331.07,345.59,47.28,77.83,-1,-1,-1,-1
170,2,662.25,355.17,67.25,97.0,-1,-1,-1,-1
170,3,1116.8,337.83,38.22,127.77,-1,-1,-1,-1
170,4,487.66,318.68,51.18,92.01,-1,-1,-1,-1
170,5,614.3,352.5,67.81,91.27,-1,-1,-1,-1
170,6,872.81,329.0,62.74,106.93,-1,-1,-1,-1
171,1,342.16,344.96,46.96,77.15,-1,-1,-1,-1
171,2,672.51,351.35,67.83,99.69,-1,-1,-1,-1
171,3,1116.78,337.92,38.17,127.75,-1,-1,-1,-1
171,4,485.91,322.81,49.69,89.01,-1,-1,-1,-1
171,5,620.76,351.42,68.96,91.79,-1,-1,-1,-1
171,6,874.48,328.53,64.16,107.93,-1,-1,-1,-1
172,1,348.5,344.4,47.37,77.5,-1,-1,-1,-1
172,2,675.8,344.97,70.1,105.66,-1,-1,-1,-1
172,3,1116.87,337.96,37.96,127.75,-1,-1,-1,-1
172,4,484.87,325.46,48.9,86.66,-1,-1,-1,-1
172,5,625.61,349.88,68.44,90.81,-1,-1,-1,-1
172,6,874.86,328.52,65.68,109.19,-1,-1,-1,-1
173,1,354.72,343.89,48.4,77.94,-1,-1,-1,-1
173,2,686.13,345.46,66.39,99.57,-1,-1,-1,-1
173,3,1116.95,337.97,37.78,127.75,-1,-1,-1,-1
173,4,484.38,326.31,49.01,86.09,-1,-1,-1,-1
173,5,636.32,348.32,67.49,91.35,-1,-1,-1,-1
173,6,874.73,330.0,66.41,109.08,-1,-1,-1,-1
174,1,359.24,342.95,49.65,78.41,-1,-1,-1,-1
174,2,694.47,346.12,62.37,93.99,-1,-1,-1,-1
174,3,1117.03,337.97,37.61,127.76,-1,-1,-1,-1
174,4,484.73,325.41,49.97,87.09,-1,-1,-1,-1
174,5,647.42,347.64,66.31,92.45,-1,-1,-1,-1
174,6,874.48,330.88,66.94,108.73,-1,-1,-1,-1
175,1,368.04,342.15,53.3,80.98,-1,-1,-1,-1
175,2,703.28,344.93,60.45,93.72,-1,-1,-1,-1
175,3,1117.04,337.82,37.59,127.61,-1,-1,-1,-1
175,4,484.26,322.1,51.66,90.45,-1,-1,-1,-1
175,5,656.28,345.21,65.66,94.65,-1,-1,-1,-1
175,6,875.45,333.29,66.68,106.81,-1,-1,-1,-1
176,1,375.38,341.71,54.67,82.52,-1,-1,-1,-1
176,2,708.27,343.5,58.8,94.22,-1,-1,-1,-1
176,3,1116.43,337.76,37.59,127.56,-1,-1,-1,-1
176,4,484.36,320.27,52.42,91.71,-1,-1,-1,-1
176,5,662.69,343.31,64.82,96.37,-1,-1,-1,-1
176,6,874.57,335.41,66.3,104.88,-1,-1,-1,-1
177,1,390.19,341.98,53.29,82.53,-1,-1,-1,-1
177,2,709.43,337.8,59.75,98.87,-1,-1,-1,-1
177,3,1115.52,337.74,37.78,127.54,-1,-1,-1,-1
177,4,488.46,319.73,52.38,92.19,-1,-1,-1,-1
177,5,669.05,338.53,63.93,98.49,-1,-1,-1,-1
177,6,871.21,337.54,65.8,102.97,-1,-1,-1,-1
178,1,397.62,342.1,52.54,82.51,-1,-1,-1,-1
178,2,714.2,333.67,59.95,101.78,-1,-1,-1,-1
178,3,1115.05,337.43,38.1,128.14,-1,-1,-1,-1
178,4,494.81,320.14,51.77,91.47,-1,-1,-1,-1
178,5,673.91,335.43,60.67,96.65,-1,-1,-1,-1
178,6,868.53,338.01,66.29,102.56,-1,-1,-1,-1
179,1,406.56,341.11,55.02,85.16,-1,-1,-1,-1
179,2,721.08,329.95,55.98,97.62,-1,-1,-1,-1
179,3,1114.91,337.17,38.16,128.51,-1,-1,-1,-1
179,4,500.51,323.13,50.99,89.4,-1,-1,-1,-1
179,5,681.26,332.69,57.44,94.73,-1,-1,-1,-1
179,6,867.07,337.72,67.08,102.73,-1,-1,-1,-1
180,1,411.34,339.57,56.52,86.44,-1,-1,-1,-1
180,2,726.2,328.18,50.15,89.94,-1,-1,-1,-1
180,3,1115.46,337.07,38.16,128.65,-1,-1,-1,-1
180,4,503.62,325.48,50.57,87.41,-1,-1,-1,-1
180,5,686.13,331.29,55.75,94.59,-1,-1,-1,-1
180,6,866.09,335.94,68.55,104.31,-1,-1,-1,-1
181,1,423.57,337.37,60.23,89.26,-1,-1,-1,-1
181,2,729.03,321.2,51.03,94.72,-1,-1,-1,-1
181,3,1115.77,337.04,37.97,128.7,-1,-1,-1,-1
181,4,506.1,326.51,50.74,86.06,-1,-1,-1,-1
181,5,690.88,326.23,56.04,97.81,-1,-1,-1,-1
181,6,864.93,333.64,70.09,106.39,-1,-1,-1,-1
182,1,430.54,336.98,60.07,87.7,-1,-1,-1,-1
182,2,731.98,316.87,50.36,97.25,-1,-1,-1,-1
182,3,1115.95,337.03,37.79,128.72,-1,-1,-1,-1
182,4,506.96,326.74,51.46,85.87,-1,-1,-1,-1
182,5,695.46,323.07,53.76,95.49,-1,-1,-1,-1
182,6,863.59,333.05,70.09,106.3,-1,-1,-1,-1
183,1,448.93,335.08,57.05,86.75,-1,-1,-1,-1
183,2,731.44,308.41,50.71,100.87,-1,-1,-1,-1
183,3,1116.1,337.32,37.54,128.43,-1,-1,-1,-1
183,4,506.86,326.96,52.49,86.42,-1,-1,-1,-1
183,5,698.78,321.37,51.04,90.68,-1,-1,-1,-1
183,6,859.01,328.67,71.43,109.22,-1,-1,-1,-1
184,1,459.94,335.12,54.41,86.07,-1,-1,-1,-1
184,2,731.73,302.93,49.57,101.07,-1,-1,-1,-1
184,3,1116.71,337.43,37.54,128.31,-1,-1,-1,-1
184,4,509.54,326.58,52.13,85.14,-1,-1,-1,-1
184,5,701.19,320.86,49.59,87.64,-1,-1,-1,-1
184,6,855.62,326.45,71.17,110.03,-1,-1,-1,-1
185,1,470.38,332.78,53.35,86.69,-1,-1,-1,-1
185,2,739.59,301.11,46.84,96.4,-1,-1,-1,-1
185,3,1116.97,337.03,37.49,128.72,-1,-1,-1,-1
185,4,517.75,324.03,52.53,85.56,-1,-1,-1,-1
185,5,703.97,320.0,49.76,87.17,-1,-1,-1,-1
185,6,850.56,325.03,67.42,105.9,-1,-1,-1,-1
186,1,477.82,332.22,52.51,86.91,-1,-1,-1,-1
186,2,743.04,300.62,45.16,94.26,-1,-1,-1,-1
186,3,1117.14,336.88,37.31,128.57,-1,-1,-1,-1
186,4,528.54,322.03,54.39,86.93,-1,-1,-1,-1
186,5,707.66,320.21,48.99,85.51,-1,-1,-1,-1
186,6,843.75,323.77,64.97,105.18,-1,-1,-1,-1
187,2,743.0,273.0,44.0,110.0,-1,-1,-1,-1
187,1,487.75,331.44,52.18,84.62,-1,-1,-1,-1
187,3,1117.24,336.82,37.17,128.52,-1,-1,-1,-1
187,4,540.37,319.07,56.57,90.11,-1,-1,-1,-1
187,5,714.39,318.86,48.5,87.05,-1,-1,-1,-1
187,6,836.81,320.49,64.69,108.5,-1,-1,-1,-1
188,2,745.0,286.0,42.0,92.0,-1,-1,-1,-1
188,1,495.81,328.33,54.14,86.72,-1,-1,-1,-1
188,3,1117.31,337.1,37.05,128.49,-1,-1,-1,-1
188,4,547.65,317.67,57.42,91.02,-1,-1,-1,-1
188,5,717.38,315.59,48.83,90.02,-1,-1,-1,-1
188,6,833.35,318.72,63.53,110.03,-1,-1,-1,-1
189,2,747.0,293.0,41.0,86.0,-1,-1,-1,-1
189,1,507.78,328.39,55.93,88.97,-1,-1,-1,-1
189,3,1117.31,337.21,37.05,128.19,-1,-1,-1,-1
189,4,553.59,316.27,57.66,93.13,-1,-1,-1,-1
189,5,717.57,309.25,50.53,95.87,-1,-1,-1,-1
189,6,829.03,316.16,63.4,112.08,-1,-1,-1,-1
190,2,747.0,296.5,41.0,89.0,-1,-1,-1,-1
190,1,516.52,330.5,54.76,88.05,-1,-1,-1,-1
190,3,1117.29,337.25,37.09,128.07,-1,-1,-1,-1
190,4,560.44,316.2,55.29,91.57,-1,-1,-1,-1
190,5,718.12,306.17,50.61,98.66,-1,-1,-1,-1
190,6,825.15,314.79,63.29,113.14,-1,-1,-1,-1
191,2,747.0,300.0,41.0,92.0,-1,-1,-1,-1
191,1,530.45,331.06,52.59,87.97,-1,-1,-1,-1
191,3,1117.81,337.27,37.22,128.33,-1,-1,-1,-1
191,4,568.28,318.14,52.46,90.35,-1,-1,-1,-1
191,5,722.08,303.16,45.75,91.0,-1,-1,-1,-1
191,6,819.68,315.19,62.05,111.47,-1,-1,-1,-1
192,1,538.21,330.4,50.86,88.82,-1,-1,-1,-1
192,2,750.77,305.01,45.8,87.89,-1,-1,-1,-1
192,3,1117.99,337.27,37.3,128.42,-1,-1,-1,-1
192,4,573.73,318.89,50.81,90.17,-1,-1,-1,-1
192,5,722.85,302.44,46.73,95.17,-1,-1,-1,-1
192,6,816.92,316.6,59.58,107.52,-1,-1,-1,-1
193,1,549.49,328.7,50.62,90.31,-1,-1,-1,-1
193,2,755.3,308.54,42.25,83.0,-1,-1,-1,-1
193,3,1118.05,336.98,37.35,128.46,-1,-1,-1,-1
193,4,582.41,313.54,53.8,94.86,-1,-1,-1,-1
193,5,725.69,302.78,45.41,94.87,-1,-1,-1,-1
193,6,812.17,317.34,57.99,106.01,-1,-1,-1,-1
194,1,554.79,326.74,50.25,91.15,-1,-1,-1,-1
194,2,758.8,309.44,40.22,80.15,-1,-1,-1,-1
194,3,1118.05,336.87,37.4,128.47,-1,-1,-1,-1
194,4,589.55,313.75,53.3,91.94,-1,-1,-1,-1
194,5,728.31,302.87,44.55,94.74,-1,-1,-1,-1
194,6,808.08,317.34,56.91,105.46,-1,-1,-1,-1
195,1,564.8,325.42,51.73,93.52,-1,-1,-1,-1
195,2,763.31,309.03,38.3,77.25,-1,-1,-1,-1
195,3,1117.98,336.38,37.55,128.92,-1,-1,-1,-1
195,4,597.38,315.52,52.6,88.05,-1,-1,-1,-1
195,5,731.13,305.35,42.72,92.01,-1,-1,-1,-1
195,6,800.03,317.82,54.89,104.67,-1,-1,-1,-1
196,1,571.15,324.95,52.53,94.7,-1,-1,-1,-1
196,2,764.33,308.56,38.2,77.31,-1,-1,-1,-1
196,3,1117.91,336.2,37.69,129.39,-1,-1,-1,-1
196,4,604.28,316.53,51.74,86.28,-1,-1,-1,-1
196,5,732.62,307.74,40.9,88.85,-1,-1,-1,-1
196,6,795.51,316.82,53.87,105.28,-1,-1,-1,-1
197,1,579.09,327.58,51.14,93.07,-1,-1,-1,-1
197,2,768.08,310.47,36.65,74.34,-1,-1,-1,-1
197,3,1117.91,336.13,37.67,129.27,-1,-1,-1,-1
197,4,609.79,315.55,51.07,86.24,-1,-1,-1,-1
197,5,734.53,310.65,38.47,84.36,-1,-1,-1,-1
197,6,790.57,314.23,53.74,106.71,-1,-1,-1,-1
198,1,585.42,329.97,49.23,91.52,-1,-1,-1,-1
198,2,769.86,310.43,36.39,74.07,-1,-1,-1,-1
198,3,1117.91,336.11,37.67,129.22,-1,-1,-1,-1
198,4,613.05,312.81,51.55,88.33,-1,-1,-1,-1
198,5,735.02,308.86,38.36,85.16,-1,-1,-1,-1
198,6,787.4,313.13,52.5,105.77,-1,-1,-1,-1
199,1,595.77,332.23,46.8,90.32,-1,-1,-1,-1
199,2,770.8,307.87,36.2,75.16,-1,-1,-1,-1
199,3,1117.3,336.11,37.68,129.19,-1,-1,-1,-1
199,4,623.32,310.18,49.83,89.71,-1,-1,-1,-1
199,5,734.32,307.94,38.18,84.87,-1,-1,-1,-1
199,6,783.99,313.64,49.67,101.24,-1,-1,-1,-1
200,1,602.63,334.27,44.7,89.26,-1,-1,-1,-1
200,2,771.55,306.16,35.8,76.15,-1,-1,-1,-1
200,3,1117.11,336.11,37.61,128.89,-1,-1,-1,-1
200,4,629.99,307.42,48.58,91.42,-1,-1,-1,-1
200,5,734.62,307.47,38.01,84.79,-1,-1,-1,-1
200,6,781.07,315.09,46.86,97.1,-1,-1,-1,-1
201,6,779.0,318.0,39.0,96.0,-1,-1,-1,-1
201,1,611.57,333.24,44.25,89.16,-1,-1,-1,-1
201,2,775.54,303.45,38.77,81.55,-1,-1,-1,-1
201,3,1116.98,336.41,37.7,128.47,-1,-1,-1,-1
201,4,637.86,310.68,45.85,89.41,-1,-1,-1,-1
201,5,734.46,307.77,37.74,84.18,-1,-1,-1,-1
202,1,617.05,332.99,44.01,88.82,-1,-1,-1,-1
202,2,777.12,302.0,39.65,82.41,-1,-1,-1,-1
202,3,1116.29,336.97,37.82,127.57,-1,-1,-1,-1
202,4,645.62,307.96,46.1,91.31,-1,-1,-1,-1
202,5,734.53,308.21,37.86,84.27,-1,-1,-1,-1
202,6,773.34,316.48,41.87,90.02,-1,-1,-1,-1
203,1,624.34,332.45,45.36,91.38,-1,-1,-1,-1
203,2,778.63,301.45,39.81,81.24,-1,-1,-1,-1
203,3,1114.78,337.33,37.98,126.19,-1,-1,-1,-1
203,4,654.33,306.97,45.41,89.95,-1,-1,-1,-1
203,5,736.31,308.39,37.29,83.73,-1,-1,-1,-1
203,6,767.02,313.8,44.83,99.38,-1,-1,-1,-1
204,1,629.41,332.68,46.02,93.21,-1,-1,-1,-1
204,2,779.45,301.27,39.21,80.45,-1,-1,-1,-1
204,3,1113.42,337.47,38.44,125.37,-1,-1,-1,-1
204,4,659.9,307.23,46.09,91.2,-1,-1,-1,-1
204,5,737.71,308.33,36.71,83.25,-1,-1,-1,-1
204,6,764.4,313.51,44.86,101.82,-1,-1,-1,-1
205,1,639.86,334.83,43.98,91.26,-1,-1,-1,-1
205,2,781.19,301.66,38.35,78.04,-1,-1,-1,-1
205,3,1109.53,337.82,39.42,124.78,-1,-1,-1,-1
205,4,664.34,310.3,44.78,89.0,-1,-1,-1,-1
205,5,737.32,307.72,37.03,83.39,-1,-1,-1,-1
205,6,758.83,310.49,46.19,104.84,-1,-1,-1,-1
206,1,644.41,333.71,43.81,92.87,-1,-1,-1,-1
206,2,780.87,301.39,38.04,77.4,-1,-1,-1,-1
206,3,1107.12,338.09,40.53,124.42,-1,-1,-1,-1
206,4,668.41,312.42,43.09,86.65,-1,-1,-1,-1
206,5,738.98,306.91,36.43,83.46,-1,-1,-1,-1
206,6,754.76,309.05,47.34,106.57,-1,-1,-1,-1
