1,1,505.35,416.25,61.2,148.5,-1,-1,-1,-1
1,2,961.2,385.42,46.8,145.58,-1,-1,-1,-1
1,3,315.45,307.12,31.95,89.1,-1,-1,-1,-1
1,4,551.7,407.02,99.9,118.57,-1,-1,-1,-1
1,5,862.65,387.0,54.0,127.8,-1,-1,-1,-1
1,6,450.45,319.27,50.4,100.35,-1,-1,-1,-1
2,1,505.04,416.25,61.83,150.06,-1,-1,-1,-1
2,2,961.2,385.42,46.8,145.58,-1,-1,-1,-1
2,3,315.64,306.93,31.97,89.1,-1,-1,-1,-1
2,4,551.63,406.83,100.04,118.77,-1,-1,-1,-1
2,5,863.12,387.39,53.84,127.41,-1,-1,-1,-1
2,6,451.61,319.27,50.42,100.35,-1,-1,-1,-1
3,1,502.58,415.9,62.54,152.43,-1,-1,-1,-1
3,2,959.8,385.42,46.8,145.58,-1,-1,-1,-1
3,3,320.98,307.25,31.52,88.4,-1,-1,-1,-1
3,4,551.23,406.27,100.13,118.98,-1,-1,-1,-1
3,5,864.52,388.34,53.29,126.11,-1,-1,-1,-1
3,6,455.04,319.98,50.45,100.0,-1,-1,-1,-1
4,1,501.85,415.96,62.68,153.66,-1,-1,-1,-1
4,2,957.92,385.25,46.92,145.75,-1,-1,-1,-1
4,3,323.76,307.7,30.89,87.14,-1,-1,-1,-1
4,4,551.05,405.76,100.28,119.38,-1,-1,-1,-1
4,5,865.67,389.14,53.05,125.54,-1,-1,-1,-1
4,6,456.51,320.02,50.67,99.89,-1,-1,-1,-1
5,1,502.16,415.99,62.38,153.99,-1,-1,-1,-1
5,2,955.2,384.87,47.29,146.47,-1,-1,-1,-1
5,3,326.98,309.84,29.1,82.08,-1,-1,-1,-1
5,4,551.39,405.44,100.21,119.67,-1,-1,-1,-1
5,5,867.13,390.37,52.73,124.73,-1,-1,-1,-1
5,6,457.1,320.02,51.13,100.19,-1,-1,-1,-1
6,1,502.75,416.16,62.03,154.21,-1,-1,-1,-1
6,2,952.28,384.9,47.67,146.22,-1,-1,-1,-1
6,3,329.94,310.03,29.73,82.79,-1,-1,-1,-1
6,4,551.73,405.03,100.39,120.4,-1,-1,-1,-1
6,5,867.89,390.75,52.65,124.49,-1,-1,-1,-1
6,6,456.7,320.01,51.53,100.3,-1,-1,-1,-1
7,1,504.23,417.01,61.29,153.45,-1,-1,-1,-1
7,2,949.16,384.76,48.37,146.28,-1,-1,-1,-1
7,3,332.6,310.23,31.14,84.34,-1,-1,-1,-1
7,4,552.38,404.9,100.02,120.65,-1,-1,-1,-1
7,5,868.89,389.89,52.94,125.07,-1,-1,-1,-1
7,6,456.9,320.16,51.79,100.03,-1,-1,-1,-1
8,1,504.99,417.31,60.6,152.83,-1,-1,-1,-1
8,2,947.92,384.87,49.04,146.14,-1,-1,-1,-1
8,3,335.0,310.74,32.23,84.0,-1,-1,-1,-1
8,4,553.02,404.72,99.67,120.87,-1,-1,-1,-1
8,5,869.87,388.94,52.98,124.99,-1,-1,-1,-1
8,6,456.97,319.74,52.26,100.24,-1,-1,-1,-1
9,1,505.97,417.41,60.17,152.89,-1,-1,-1,-1
9,2,946.66,384.61,49.83,146.39,-1,-1,-1,-1
9,3,336.3,310.9,33.67,84.22,-1,-1,-1,-1
9,4,554.74,405.12,99.01,120.79,-1,-1,-1,-1
9,5,870.35,388.58,51.73,121.29,-1,-1,-1,-1
9,6,459.79,319.12,51.68,99.39,-1,-1,-1,-1
10,1,506.72,417.29,59.84,153.05,-1,-1,-1,-1
10,2,946.1,384.06,50.48,146.63,-1,-1,-1,-1
10,3,336.65,310.17,35.12,84.33,-1,-1,-1,-1
10,4,556.13,405.28,98.46,120.74,-1,-1,-1,-1
10,5,870.84,388.44,50.55,117.16,-1,-1,-1,-1
10,6,462.32,318.44,51.46,99.7,-1,-1,-1,-1
11,1,507.4,417.39,59.5,152.95,-1,-1,-1,-1
11,2,944.4,383.41,51.42,147.47,-1,-1,-1,-1
11,3,337.76,308.21,36.5,85.29,-1,-1,-1,-1
11,4,560.36,405.96,97.42,120.11,-1,-1,-1,-1
11,5,869.71,389.31,49.25,111.07,-1,-1,-1,-1
11,6,464.19,316.83,51.22,100.11,-1,-1,-1,-1
12,1,508.32,417.27,59.24,153.05,-1,-1,-1,-1
12,2,942.5,382.57,52.01,147.78,-1,-1,-1,-1
12,3,338.95,307.78,37.08,84.76,-1,-1,-1,-1
12,4,562.66,406.36,96.77,119.72,-1,-1,-1,-1
12,5,869.16,390.72,49.01,107.54,-1,-1,-1,-1
12,6,465.94,316.39,50.73,99.97,-1,-1,-1,-1
13,1,508.74,417.07,58.95,153.23,-1,-1,-1,-1
13,2,938.54,383.62,52.85,148.04,-1,-1,-1,-1
13,3,342.01,306.87,36.68,83.67,-1,-1,-1,-1
13,4,565.12,406.97,96.23,119.11,-1,-1,-1,-1
13,5,869.46,393.84,49.17,103.44,-1,-1,-1,-1
13,6,471.18,317.14,50.28,99.02,-1,-1,-1,-1
14,1,509.3,416.99,58.63,153.29,-1,-1,-1,-1
14,2,935.55,384.92,53.9,148.12,-1,-1,-1,-1
14,3,343.35,305.32,36.85,84.48,-1,-1,-1,-1
14,4,566.32,407.19,96.0,118.89,-1,-1,-1,-1
14,5,869.21,396.5,49.92,100.53,-1,-1,-1,-1
14,6,472.97,317.29,50.34,98.96,-1,-1,-1,-1
15,1,509.91,417.11,58.26,153.16,-1,-1,-1,-1
15,2,926.51,389.3,55.91,149.04,-1,-1,-1,-1
15,3,345.76,303.12,37.12,86.28,-1,-1,-1,-1
15,4,568.01,407.12,95.12,118.06,-1,-1,-1,-1
15,5,867.31,399.57,51.3,97.44,-1,-1,-1,-1
15,6,475.4,318.4,50.3,98.35,-1,-1,-1,-1
16,1,510.15,416.71,58.1,153.55,-1,-1,-1,-1
16,2,920.87,394.81,57.72,148.79,-1,-1,-1,-1
16,3,347.14,302.6,37.0,86.67,-1,-1,-1,-1
16,4,569.01,407.09,94.56,117.45,-1,-1,-1,-1
16,5,864.82,400.62,53.57,96.14,-1,-1,-1,-1
16,6,477.1,318.52,50.95,98.72,-1,-1,-1,-1
17,1,510.61,416.55,57.86,153.69,-1,-1,-1,-1
17,2,916.81,403.57,56.81,143.76,-1,-1,-1,-1
17,3,348.4,302.28,37.09,86.81,-1,-1,-1,-1
17,4,568.43,407.22,94.37,117.08,-1,-1,-1,-1
17,5,861.6,400.64,56.28,95.78,-1,-1,-1,-1
17,6,478.57,318.27,51.18,98.27,-1,-1,-1,-1
18,1,510.9,416.49,57.52,153.44,-1,-1,-1,-1
18,2,915.53,409.41,56.23,139.57,-1,-1,-1,-1
18,3,349.68,302.33,36.85,85.97,-1,-1,-1,-1
18,4,568.1,407.72,93.84,116.2,-1,-1,-1,-1
18,5,858.58,399.98,59.16,96.35,-1,-1,-1,-1
18,6,479.28,318.03,51.38,97.8,-1,-1,-1,-1
19,1,511.4,416.47,57.16,153.34,-1,-1,-1,-1
19,2,915.41,415.27,55.56,134.56,-1,-1,-1,-1
19,3,351.98,302.96,37.13,85.95,-1,-1,-1,-1
19,4,568.45,408.65,92.02,113.63,-1,-1,-1,-1
19,5,856.22,397.59,63.06,99.06,-1,-1,-1,-1
19,6,485.44,319.28,47.92,91.66,-1,-1,-1,-1
20,1,511.96,416.17,56.86,153.29,-1,-1,-1,-1
20,2,921.42,417.77,58.68,134.43,-1,-1,-1,-1
20,3,353.61,302.92,37.64,85.94,-1,-1,-1,-1
20,4,568.5,409.29,90.81,112.08,-1,-1,-1,-1
20,5,853.03,395.49,66.2,101.6,-1,-1,-1,-1
20,6,487.03,319.15,48.5,93.93,-1,-1,-1,-1
21,1,513.45,415.91,56.54,153.13,-1,-1,-1,-1
21,2,920.07,419.18,60.98,135.03,-1,-1,-1,-1
21,3,356.59,302.77,37.4,85.05,-1,-1,-1,-1
21,4,570.15,409.67,90.1,111.08,-1,-1,-1,-1
21,5,850.54,393.05,69.41,103.93,-1,-1,-1,-1
21,6,488.83,317.76,47.95,94.74,-1,-1,-1,-1
22,1,514.92,415.81,56.37,153.06,-1,-1,-1,-1
22,2,923.56,419.0,62.93,135.89,-1,-1,-1,-1
22,3,359.0,302.72,36.69,83.52,-1,-1,-1,-1
22,4,571.05,409.95,89.8,110.59,-1,-1,-1,-1
22,5,848.0,392.28,71.2,104.99,-1,-1,-1,-1
22,6,489.95,316.04,47.88,96.55,-1,-1,-1,-1
23,1,517.65,415.33,56.68,152.88,-1,-1,-1,-1
23,2,933.07,416.6,66.17,138.19,-1,-1,-1,-1
23,3,363.11,301.37,36.13,83.55,-1,-1,-1,-1
23,4,571.62,409.6,89.79,110.58,-1,-1,-1,-1
23,5,848.04,392.58,74.66,106.88,-1,-1,-1,-1
23,6,495.13,314.96,47.11,96.36,-1,-1,-1,-1
24,1,521.72,415.45,57.83,152.52,-1,-1,-1,-1
24,2,938.5,413.99,68.4,140.71,-1,-1,-1,-1
24,3,365.78,300.73,35.57,83.57,-1,-1,-1,-1
24,4,569.79,409.3,89.02,110.45,-1,-1,-1,-1
24,5,847.12,392.85,77.32,107.46,-1,-1,-1,-1
24,6,499.2,315.15,46.04,95.09,-1,-1,-1,-1
25,1,525.58,415.95,59.5,149.85,-1,-1,-1,-1
25,2,933.34,409.25,73.26,145.67,-1,-1,-1,-1
25,3,369.68,299.9,34.17,81.5,-1,-1,-1,-1
25,4,572.97,407.54,90.55,112.08,-1,-1,-1,-1
25,5,844.79,394.28,79.66,107.83,-1,-1,-1,-1
25,6,504.65,314.34,46.58,95.22,-1,-1,-1,-1
26,1,526.29,415.84,62.12,148.84,-1,-1,-1,-1
26,2,929.34,406.1,76.75,149.45,-1,-1,-1,-1
26,3,372.13,299.31,33.88,82.23,-1,-1,-1,-1
26,4,577.88,405.39,91.37,113.59,-1,-1,-1,-1
26,5,843.94,396.46,83.47,110.19,-1,-1,-1,-1
26,6,509.15,315.1,46.46,94.08,-1,-1,-1,-1
27,1,524.45,415.5,64.78,148.48,-1,-1,-1,-1
27,2,924.78,403.99,78.78,152.64,-1,-1,-1,-1
27,3,375.76,299.11,33.84,83.11,-1,-1,-1,-1
27,4,581.27,404.88,90.93,113.87,-1,-1,-1,-1
27,5,842.24,396.11,87.4,113.42,-1,-1,-1,-1
27,6,512.73,314.8,47.2,94.56,-1,-1,-1,-1
28,1,523.37,414.63,67.04,149.11,-1,-1,-1,-1
28,2,922.82,403.02,82.57,159.54,-1,-1,-1,-1
28,3,379.6,299.35,33.74,82.85,-1,-1,-1,-1
28,4,581.35,404.85,90.1,113.54,-1,-1,-1,-1
28,5,841.69,395.67,89.9,114.94,-1,-1,-1,-1
28,6,515.85,316.04,47.28,93.26,-1,-1,-1,-1
29,1,526.91,413.11,68.23,151.44,-1,-1,-1,-1
29,2,924.27,405.69,85.39,164.61,-1,-1,-1,-1
29,3,383.54,300.2,33.6,80.97,-1,-1,-1,-1
29,4,583.16,407.38,86.73,110.0,-1,-1,-1,-1
29,5,846.53,395.05,91.63,115.94,-1,-1,-1,-1
29,6,515.76,317.71,46.58,91.58,-1,-1,-1,-1
30,1,532.17,412.4,67.85,151.29,-1,-1,-1,-1
30,2,929.73,408.77,84.78,161.33,-1,-1,-1,-1
30,3,385.61,299.79,34.23,80.57,-1,-1,-1,-1
30,4,585.79,409.56,83.83,106.55,-1,-1,-1,-1
30,5,849.13,395.25,91.99,116.15,-1,-1,-1,-1
30,6,519.58,317.29,48.59,92.47,-1,-1,-1,-1
31,1,542.46,414.52,67.03,147.66,-1,-1,-1,-1
31,2,936.79,415.58,85.31,161.7,-1,-1,-1,-1
31,3,386.89,299.94,33.84,78.34,-1,-1,-1,-1
31,4,590.49,411.42,82.49,104.23,-1,-1,-1,-1
31,5,849.1,396.8,92.1,118.86,-1,-1,-1,-1
31,6,522.68,317.28,49.36,91.92,-1,-1,-1,-1
32,1,545.21,416.7,65.86,145.24,-1,-1,-1,-1
32,2,939.75,420.05,84.85,159.58,-1,-1,-1,-1
32,3,387.6,300.01,34.19,78.43,-1,-1,-1,-1
32,4,592.87,412.09,83.02,104.03,-1,-1,-1,-1
32,5,849.12,398.26,92.03,121.62,-1,-1,-1,-1
32,6,524.02,317.57,50.24,91.42,-1,-1,-1,-1
33,1,547.02,422.31,65.42,141.05,-1,-1,-1,-1
33,2,944.97,424.53,83.49,156.2,-1,-1,-1,-1
33,3,391.01,297.95,33.55,77.88,-1,-1,-1,-1
33,4,595.6,410.82,84.19,104.58,-1,-1,-1,-1
33,5,858.45,400.71,94.34,126.01,-1,-1,-1,-1
33,6,529.16,316.64,50.05,91.55,-1,-1,-1,-1
34,1,548.14,424.7,65.95,138.91,-1,-1,-1,-1
34,2,945.0,426.62,84.35,154.42,-1,-1,-1,-1
34,3,392.98,297.48,32.93,77.69,-1,-1,-1,-1
34,4,595.58,409.28,87.19,107.07,-1,-1,-1,-1
34,5,863.69,403.67,93.93,125.92,-1,-1,-1,-1
34,6,533.78,316.73,49.14,91.01,-1,-1,-1,-1
35,1,550.89,421.47,67.89,141.94,-1,-1,-1,-1
35,2,955.7,427.34,84.61,153.44,-1,-1,-1,-1
35,3,396.72,296.28,32.49,78.84,-1,-1,-1,-1
35,4,597.76,404.55,90.92,111.57,-1,-1,-1,-1
35,5,865.26,406.57,92.25,124.06,-1,-1,-1,-1
35,6,538.42,315.27,49.32,92.62,-1,-1,-1,-1
36,1,552.97,417.88,69.3,144.27,-1,-1,-1,-1
36,2,964.28,427.55,84.98,152.77,-1,-1,-1,-1
36,3,399.22,295.1,32.04,79.87,-1,-1,-1,-1
36,4,600.57,401.6,92.93,114.45,-1,-1,-1,-1
36,5,867.45,410.17,90.07,120.78,-1,-1,-1,-1
36,6,542.45,314.88,49.32,93.52,-1,-1,-1,-1
37,1,560.82,410.28,67.37,140.43,-1,-1,-1,-1
37,2,972.4,424.73,87.03,155.34,-1,-1,-1,-1
37,3,404.0,294.82,32.02,79.98,-1,-1,-1,-1
37,4,613.2,397.69,95.67,118.63,-1,-1,-1,-1
37,5,869.85,411.49,89.82,119.5,-1,-1,-1,-1
37,6,548.55,315.78,48.21,91.79,-1,-1,-1,-1
38,1,568.16,404.96,67.33,141.98,-1,-1,-1,-1
38,2,976.11,422.0,88.58,157.63,-1,-1,-1,-1
38,3,406.58,294.74,32.07,80.02,-1,-1,-1,-1
38,4,618.68,393.89,97.62,122.54,-1,-1,-1,-1
38,5,872.63,410.6,91.51,120.34,-1,-1,-1,-1
38,6,554.06,317.62,47.1,89.04,-1,-1,-1,-1
39,1,581.8,400.06,64.88,140.78,-1,-1,-1,-1
39,2,979.25,417.84,90.16,161.29,-1,-1,-1,-1
39,3,408.89,295.32,32.47,79.75,-1,-1,-1,-1
39,4,625.9,392.89,96.69,124.17,-1,-1,-1,-1
39,5,868.86,408.6,90.68,121.68,-1,-1,-1,-1
39,6,560.83,318.62,47.19,88.02,-1,-1,-1,-1
40,1,590.17,397.81,64.39,144.09,-1,-1,-1,-1
40,2,981.5,414.47,90.71,163.83,-1,-1,-1,-1
40,3,411.04,296.16,32.23,78.45,-1,-1,-1,-1
40,4,632.39,392.25,95.68,126.22,-1,-1,-1,-1
40,5,875.16,406.62,92.21,123.36,-1,-1,-1,-1
40,6,567.59,318.68,48.02,88.26,-1,-1,-1,-1
41,1,599.49,397.92,62.77,142.66,-1,-1,-1,-1
41,2,984.08,408.77,90.71,165.36,-1,-1,-1,-1
41,3,412.74,295.44,31.95,77.37,-1,-1,-1,-1
41,4,643.89,393.37,92.79,126.24,-1,-1,-1,-1
41,5,882.19,404.96,88.45,118.38,-1,-1,-1,-1
41,6,573.61,317.95,49.38,89.27,-1,-1,-1,-1
42,1,606.98,399.83,60.99,139.74,-1,-1,-1,-1
42,2,985.88,403.95,89.97,165.32,-1,-1,-1,-1
42,3,416.09,294.88,31.29,76.38,-1,-1,-1,-1
42,4,650.58,394.14,89.78,126.2,-1,-1,-1,-1
42,5,886.98,403.84,85.66,115.06,-1,-1,-1,-1
42,6,576.87,318.11,49.92,88.76,-1,-1,-1,-1
43,1,616.75,404.98,59.17,129.79,-1,-1,-1,-1
43,2,987.84,397.41,89.22,165.85,-1,-1,-1,-1
43,3,419.4,291.68,31.54,78.13,-1,-1,-1,-1
43,4,656.17,394.18,86.36,125.85,-1,-1,-1,-1
43,5,889.54,403.42,84.07,113.23,-1,-1,-1,-1
43,6,579.01,319.07,50.9,88.59,-1,-1,-1,-1
44,1,622.95,408.83,59.56,123.0,-1,-1,-1,-1
44,2,989.33,392.32,88.36,166.02,-1,-1,-1,-1
44,3,421.17,290.37,31.27,78.48,-1,-1,-1,-1
44,4,658.06,393.34,83.98,126.56,-1,-1,-1,-1
44,5,891.26,403.42,83.55,112.42,-1,-1,-1,-1
44,6,580.54,318.68,51.85,89.43,-1,-1,-1,-1
45,1,614.0,413.0,95.0,117.0,-1,-1,-1,-1
45,2,991.34,387.2,87.25,165.45,-1,-1,-1,-1
45,3,423.31,290.04,30.99,79.22,-1,-1,-1,-1
45,4,661.07,391.87,81.12,125.32,-1,-1,-1,-1
45,5,893.31,403.87,83.68,111.69,-1,-1,-1,-1
45,6,583.93,315.85,52.8,92.13,-1,-1,-1,-1
46,1,626.0,413.0,88.0,117.0,-1,-1,-1,-1
46,2,991.44,384.45,86.74,165.21,-1,-1,-1,-1
46,3,425.66,290.24,30.57,78.61,-1,-1,-1,-1
46,4,665.1,391.04,77.47,121.85,-1,-1,-1,-1
46,5,895.88,402.99,85.03,111.89,-1,-1,-1,-1
46,6,587.1,313.9,52.67,94.03,-1,-1,-1,-1
47,1,638.0,413.0,81.0,117.0,-1,-1,-1,-1
47,2,990.52,384.83,83.51,158.41,-1,-1,-1,-1
47,3,429.85,291.24,30.91,77.49,-1,-1,-1,-1
47,4,672.19,390.32,74.19,116.45,-1,-1,-1,-1
47,5,896.89,401.16,87.36,113.48,-1,-1,-1,-1
47,6,590.79,311.84,52.07,95.34,-1,-1,-1,-1
48,1,666.0,408.83,66.88,121.11,-1,-1,-1,-1
48,2,987.92,387.07,81.65,152.92,-1,-1,-1,-1
48,3,431.63,291.49,31.63,77.37,-1,-1,-1,-1
48,4,678.52,390.09,73.13,114.12,-1,-1,-1,-1
48,5,896.78,399.89,89.05,114.39,-1,-1,-1,-1
48,6,594.27,311.07,51.52,96.12,-1,-1,-1,-1
49,1,680.8,402.99,70.35,127.48,-1,-1,-1,-1
49,2,986.15,391.93,80.01,146.05,-1,-1,-1,-1
49,3,433.32,292.19,31.45,75.84,-1,-1,-1,-1
49,4,684.5,390.03,71.15,109.96,-1,-1,-1,-1
49,5,901.72,398.82,86.68,111.47,-1,-1,-1,-1
49,6,598.86,311.38,50.99,96.11,-1,-1,-1,-1
50,1,690.29,400.78,72.16,129.93,-1,-1,-1,-1
50,2,986.29,397.46,78.91,139.9,-1,-1,-1,-1
50,3,433.9,291.72,31.56,75.27,-1,-1,-1,-1
50,4,685.8,390.05,70.62,108.75,-1,-1,-1,-1
50,5,904.74,397.99,84.49,109.01,-1,-1,-1,-1
50,6,603.97,312.7,50.26,94.61,-1,-1,-1,-1
51,1,698.32,396.57,73.94,132.81,-1,-1,-1,-1
51,2,986.31,402.11,78.48,135.13,-1,-1,-1,-1
51,3,435.7,291.26,31.26,74.77,-1,-1,-1,-1
51,4,687.52,387.05,73.7,111.99,-1,-1,-1,-1
51,5,908.03,397.69,81.86,105.4,-1,-1,-1,-1
51,6,610.35,313.97,49.74,92.83,-1,-1,-1,-1
52,1,708.46,394.56,72.72,126.72,-1,-1,-1,-1
52,2,985.49,403.02,79.93,134.27,-1,-1,-1,-1
52,3,436.93,290.19,30.9,74.9,-1,-1,-1,-1
52,4,689.5,385.38,76.07,113.19,-1,-1,-1,-1
52,5,909.62,397.15,81.77,104.86,-1,-1,-1,-1
52,6,614.9,315.66,49.68,91.25,-1,-1,-1,-1
53,1,725.37,392.95,71.1,122.51,-1,-1,-1,-1
53,2,982.75,400.43,82.86,136.94,-1,-1,-1,-1
53,3,439.58,289.21,30.84,76.45,-1,-1,-1,-1
53,4,697.96,382.4,74.93,110.4,-1,-1,-1,-1
53,5,912.81,397.58,82.68,104.09,-1,-1,-1,-1
53,6,618.83,316.44,49.68,90.37,-1,-1,-1,-1
54,1,734.01,392.11,70.32,120.98,-1,-1,-1,-1
54,2,980.67,398.57,84.86,138.27,-1,-1,-1,-1
54,3,441.2,288.56,30.49,77.34,-1,-1,-1,-1
54,4,705.85,379.65,76.83,114.02,-1,-1,-1,-1
54,5,913.94,398.2,82.98,102.79,-1,-1,-1,-1
54,6,620.78,317.48,49.56,89.44,-1,-1,-1,-1
55,1,746.9,390.95,70.95,123.15,-1,-1,-1,-1
55,2,977.21,396.53,86.15,139.88,-1,-1,-1,-1
55,3,442.97,288.33,29.93,77.68,-1,-1,-1,-1
55,4,717.34,375.28,79.02,118.15,-1,-1,-1,-1
55,5,914.38,398.75,83.15,101.44,-1,-1,-1,-1
55,6,621.33,316.81,50.16,90.01,-1,-1,-1,-1
56,1,762.85,390.56,68.97,122.79,-1,-1,-1,-1
56,2,975.1,396.36,85.86,139.34,-1,-1,-1,-1
56,3,445.71,287.96,29.59,77.51,-1,-1,-1,-1
56,4,725.45,372.64,80.28,120.75,-1,-1,-1,-1
56,5,915.37,398.97,83.19,100.07,-1,-1,-1,-1
56,6,621.4,315.36,50.96,91.12,-1,-1,-1,-1
57,1,781.99,390.47,68.04,121.17,-1,-1,-1,-1
57,2,973.03,399.01,84.74,136.17,-1,-1,-1,-1
57,3,448.86,287.69,29.68,77.15,-1,-1,-1,-1
57,4,736.66,371.39,80.02,120.28,-1,-1,-1,-1
57,5,916.5,398.3,81.82,97.04,-1,-1,-1,-1
57,6,624.47,313.63,50.88,92.14,-1,-1,-1,-1
58,1,793.14,390.49,67.23,119.99,-1,-1,-1,-1
58,2,972.57,401.97,83.73,133.06,-1,-1,-1,-1
58,3,450.21,287.76,29.83,77.01,-1,-1,-1,-1
58,4,742.29,370.99,80.93,122.43,-1,-1,-1,-1
58,5,915.48,397.9,81.26,95.21,-1,-1,-1,-1
58,6,626.41,313.12,50.23,91.94,-1,-1,-1,-1
59,1,803.19,391.59,65.62,118.22,-1,-1,-1,-1
59,2,973.22,407.0,81.77,127.73,-1,-1,-1,-1
59,3,451.55,288.69,29.41,75.77,-1,-1,-1,-1
59,4,754.05,373.24,81.01,121.76,-1,-1,-1,-1
59,5,913.22,398.07,81.07,94.29,-1,-1,-1,-1
59,6,629.41,312.49,49.95,91.86,-1,-1,-1,-1
60,1,809.5,391.89,64.32,118.04,-1,-1,-1,-1
60,2,971.94,409.3,81.72,125.36,-1,-1,-1,-1
60,3,451.72,289.5,29.58,75.9,-1,-1,-1,-1
60,4,763.54,375.21,80.62,120.14,-1,-1,-1,-1
60,5,910.61,398.44,80.84,94.0,-1,-1,-1,-1
60,6,631.0,313.15,49.31,90.93,-1,-1,-1,-1
61,1,817.15,390.83,63.19,118.3,-1,-1,-1,-1
61,2,966.41,409.48,83.37,124.58,-1,-1,-1,-1
61,3,452.06,289.37,29.69,75.95,-1,-1,-1,-1
61,4,777.04,380.92,76.18,114.9,-1,-1,-1,-1
61,5,905.74,398.58,81.27,93.65,-1,-1,-1,-1
61,6,631.78,313.42,49.04,90.88,-1,-1,-1,-1
62,1,822.96,389.56,62.64,119.02,-1,-1,-1,-1
62,2,961.36,407.85,86.48,126.93,-1,-1,-1,-1
62,3,452.36,289.02,29.72,75.98,-1,-1,-1,-1
62,4,779.65,382.82,74.54,112.29,-1,-1,-1,-1
62,5,900.21,397.89,81.93,93.71,-1,-1,-1,-1
62,6,632.04,313.52,48.82,90.87,-1,-1,-1,-1
63,1,834.39,389.7,56.88,108.29,-1,-1,-1,-1
63,2,943.22,403.93,91.57,131.13,-1,-1,-1,-1
63,3,452.46,287.85,29.93,77.18,-1,-1,-1,-1
63,4,786.77,384.28,73.75,109.99,-1,-1,-1,-1
63,5,893.87,395.98,84.78,95.42,-1,-1,-1,-1
63,6,632.57,313.87,48.26,90.27,-1,-1,-1,-1
64,1,840.47,389.66,58.54,111.15,-1,-1,-1,-1
64,2,921.73,402.01,91.38,132.29,-1,-1,-1,-1
64,3,452.73,287.57,29.73,77.34,-1,-1,-1,-1
64,4,792.15,384.51,73.42,108.25,-1,-1,-1,-1
64,5,884.11,394.39,86.14,96.98,-1,-1,-1,-1
64,6,632.4,314.0,48.02,90.05,-1,-1,-1,-1
65,1,847.22,389.65,59.2,111.54,-1,-1,-1,-1
65,2,905.44,395.93,95.54,138.69,-1,-1,-1,-1
65,3,452.91,287.47,29.41,77.1,-1,-1,-1,-1
65,4,796.82,383.08,72.81,107.34,-1,-1,-1,-1
65,5,880.45,391.43,90.26,101.44,-1,-1,-1,-1
65,6,632.29,314.05,47.86,89.97,-1,-1,-1,-1
66,1,850.62,389.22,59.35,111.88,-1,-1,-1,-1
66,2,901.71,399.49,91.44,134.67,-1,-1,-1,-1
66,3,453.46,287.44,29.12,76.71,-1,-1,-1,-1
66,4,798.02,381.79,70.09,103.88,-1,-1,-1,-1
66,5,874.84,387.99,89.87,103.13,-1,-1,-1,-1
66,6,631.91,314.22,47.75,89.94,-1,-1,-1,-1
67,1,853.43,387.43,59.82,113.69,-1,-1,-1,-1
67,2,881.89,397.96,92.91,135.46,-1,-1,-1,-1
67,3,453.31,287.44,29.03,76.86,-1,-1,-1,-1
67,4,796.12,380.25,68.28,100.35,-1,-1,-1,-1
67,5,874.16,384.63,83.65,98.49,-1,-1,-1,-1
67,6,631.28,313.99,47.96,90.24,-1,-1,-1,-1
68,1,854.14,385.59,60.7,117.06,-1,-1,-1,-1
68,2,878.86,397.25,86.09,129.67,-1,-1,-1,-1
68,3,453.22,287.45,28.84,76.62,-1,-1,-1,-1
68,4,793.58,379.69,67.75,97.89,-1,-1,-1,-1
68,5,873.52,382.78,79.86,96.96,-1,-1,-1,-1
68,6,630.64,313.75,48.16,90.35,-1,-1,-1,-1
69,1,853.81,381.53,60.01,117.9,-1,-1,-1,-1
69,2,869.37,398.97,80.12,124.59,-1,-1,-1,-1
69,3,453.13,287.46,28.82,76.83,-1,-1,-1,-1
69,4,792.57,379.65,67.38,94.77,-1,-1,-1,-1
69,5,869.79,380.05,82.35,104.8,-1,-1,-1,-1
69,6,629.73,313.67,48.3,90.4,-1,-1,-1,-1
70,1,852.79,376.75,57.99,114.38,-1,-1,-1,-1
70,2,864.54,401.6,75.48,119.86,-1,-1,-1,-1
70,3,453.18,287.32,28.74,76.91,-1,-1,-1,-1
70,4,792.05,379.96,67.83,92.79,-1,-1,-1,-1
70,5,869.73,377.91,80.69,107.35,-1,-1,-1,-1
70,6,629.1,313.63,48.25,90.42,-1,-1,-1,-1
71,1,852.86,372.43,58.07,114.07,-1,-1,-1,-1
71,2,849.29,401.04,77.64,121.24,-1,-1,-1,-1
71,3,453.43,287.42,28.51,76.64,-1,-1,-1,-1
71,4,788.25,377.94,70.69,93.98,-1,-1,-1,-1
71,5,864.39,371.15,83.6,114.61,-1,-1,-1,-1
71,6,627.76,313.33,48.0,90.72,-1,-1,-1,-1
72,1,847.52,370.14,58.34,113.82,-1,-1,-1,-1
72,2,833.93,400.99,83.61,126.42,-1,-1,-1,-1
72,3,453.53,287.47,28.35,76.54,-1,-1,-1,-1
72,4,786.86,376.77,69.81,91.29,-1,-1,-1,-1
72,5,857.47,367.3,85.11,118.37,-1,-1,-1,-1
72,6,626.8,313.36,47.6,90.84,-1,-1,-1,-1
73,1,844.16,367.85,59.64,117.91,-1,-1,-1,-1
73,2,818.72,399.2,89.99,131.91,-1,-1,-1,-1
73,3,453.8,287.78,27.93,75.61,-1,-1,-1,-1
73,4,777.48,376.51,69.91,88.99,-1,-1,-1,-1
73,5,852.52,363.11,85.67,121.69,-1,-1,-1,-1
73,6,626.63,313.83,47.03,90.88,-1,-1,-1,-1
74,1,846.93,366.17,58.37,118.56,-1,-1,-1,-1
74,2,811.86,398.51,93.95,134.01,-1,-1,-1,-1
74,3,453.91,287.91,27.73,75.26,-1,-1,-1,-1
74,4,773.04,376.14,70.06,87.61,-1,-1,-1,-1
74,5,852.61,361.4,80.02,118.17,-1,-1,-1,-1
74,6,626.67,314.0,46.58,90.9,-1,-1,-1,-1
75,1,847.74,364.87,56.96,119.24,-1,-1,-1,-1
75,2,800.56,396.2,95.3,136.58,-1,-1,-1,-1
75,3,453.95,287.96,27.61,75.14,-1,-1,-1,-1
75,4,768.56,374.34,72.21,89.46,-1,-1,-1,-1
75,5,851.22,357.75,75.04,115.94,-1,-1,-1,-1
75,6,625.48,314.07,46.44,90.91,-1,-1,-1,-1
76,1,846.04,364.44,55.52,118.9,-1,-1,-1,-1
76,2,792.58,393.12,96.14,140.34,-1,-1,-1,-1
76,3,453.97,287.98,27.54,75.09,-1,-1,-1,-1
76,4,764.25,373.11,73.6,91.07,-1,-1,-1,-1
76,5,848.71,353.5,71.43,115.34,-1,-1,-1,-1
76,6,623.72,314.99,46.04,89.72,-1,-1,-1,-1
77,1,840.32,364.35,54.82,117.28,-1,-1,-1,-1
77,2,779.38,389.48,94.56,143.36,-1,-1,-1,-1
77,3,454.02,288.13,27.39,74.79,-1,-1,-1,-1
77,4,751.82,372.08,82.1,102.44,-1,-1,-1,-1
77,5,846.56,350.95,66.77,111.98,-1,-1,-1,-1
77,6,620.93,315.78,46.55,88.97,-1,-1,-1,-1
78,1,837.04,365.13,54.24,115.61,-1,-1,-1,-1
78,2,773.96,387.22,91.71,145.07,-1,-1,-1,-1
78,3,453.83,288.19,27.29,74.68,-1,-1,-1,-1
78,4,746.36,371.56,86.46,109.88,-1,-1,-1,-1
78,5,845.91,350.25,63.77,110.51,-1,-1,-1,-1
78,6,618.84,315.62,47.66,89.29,-1,-1,-1,-1
79,1,835.76,366.23,53.43,113.64,-1,-1,-1,-1
79,2,765.89,385.22,89.8,147.45,-1,-1,-1,-1
79,3,453.76,288.22,27.23,74.64,-1,-1,-1,-1
79,4,746.26,374.52,84.74,112.57,-1,-1,-1,-1
79,5,843.83,349.48,62.96,111.45,-1,-1,-1,-1
79,6,617.87,315.41,48.48,89.42,-1,-1,-1,-1
80,1,834.54,366.54,53.36,113.36,-1,-1,-1,-1
80,2,761.23,384.78,87.55,148.61,-1,-1,-1,-1
80,3,453.73,288.22,27.18,74.63,-1,-1,-1,-1
80,4,743.86,377.04,80.88,112.01,-1,-1,-1,-1
80,5,842.29,349.13,62.65,112.53,-1,-1,-1,-1
80,6,616.85,314.88,49.56,90.07,-1,-1,-1,-1
81,1,831.8,363.7,54.29,115.96,-1,-1,-1,-1
81,2,756.11,385.39,85.21,147.69,-1,-1,-1,-1
81,3,453.73,288.23,27.14,74.64,-1,-1,-1,-1
81,4,736.75,381.41,75.49,105.16,-1,-1,-1,-1
81,5,840.4,349.37,62.39,112.63,-1,-1,-1,-1
81,6,615.16,312.15,51.44,92.99,-1,-1,-1,-1
82,1,830.64,361.64,54.32,117.38,-1,-1,-1,-1
82,2,751.5,386.55,83.83,146.69,-1,-1,-1,-1
82,3,453.73,288.23,27.11,74.64,-1,-1,-1,-1
82,4,731.11,384.63,71.56,99.41,-1,-1,-1,-1
82,5,839.06,348.95,62.58,113.25,-1,-1,-1,-1
82,6,613.92,310.69,52.21,94.08,-1,-1,-1,-1
83,1,828.66,361.04,50.33,109.79,-1,-1,-1,-1
83,2,743.06,390.43,83.11,142.86,-1,-1,-1,-1
83,3,453.65,287.93,27.26,75.24,-1,-1,-1,-1
83,4,722.49,386.26,73.13,99.54,-1,-1,-1,-1
83,5,836.3,349.0,61.44,111.1,-1,-1,-1,-1
83,6,609.75,309.54,51.7,94.78,-1,-1,-1,-1
84,1,826.29,359.97,47.72,105.61,-1,-1,-1,-1
84,2,739.16,395.83,81.96,137.78,-1,-1,-1,-1
84,3,453.63,287.82,27.28,75.47,-1,-1,-1,-1
84,4,716.54,386.68,74.19,100.04,-1,-1,-1,-1
84,5,834.14,349.25,60.48,109.67,-1,-1,-1,-1
84,6,607.92,308.83,50.85,95.04,-1,-1,-1,-1
85,1,822.87,354.14,48.91,110.23,-1,-1,-1,-1
85,2,737.43,401.94,80.42,131.48,-1,-1,-1,-1
85,3,453.5,287.78,27.22,75.56,-1,-1,-1,-1
85,4,712.21,386.07,71.93,96.81,-1,-1,-1,-1
85,5,829.67,347.3,59.3,107.93,-1,-1,-1,-1
85,6,605.0,309.02,49.72,94.53,-1,-1,-1,-1
86,1,819.89,353.27,47.58,109.51,-1,-1,-1,-1
86,2,736.37,407.23,78.98,125.51,-1,-1,-1,-1
86,3,453.65,287.91,27.1,75.29,-1,-1,-1,-1
86,4,709.86,385.5,71.07,95.88,-1,-1,-1,-1
86,5,826.01,347.52,55.25,100.99,-1,-1,-1,-1
86,6,604.19,309.26,48.79,94.02,-1,-1,-1,-1
87,5,814.0,341.0,50.0,102.0,-1,-1,-1,-1
87,1,815.56,350.78,47.56,110.6,-1,-1,-1,-1
87,2,735.36,410.33,77.3,119.69,-1,-1,-1,-1
87,3,453.63,287.96,27.06,75.19,-1,-1,-1,-1
87,4,706.12,383.92,71.4,97.21,-1,-1,-1,-1
87,6,604.12,311.14,47.47,92.04,-1,-1,-1,-1
88,5,810.0,337.0,52.0,102.0,-1,-1,-1,-1
88,1,811.91,348.27,48.15,112.66,-1,-1,-1,-1
88,2,735.11,412.15,77.08,116.59,-1,-1,-1,-1
88,3,453.62,287.98,27.04,75.16,-1,-1,-1,-1
88,4,704.02,382.88,71.43,97.86,-1,-1,-1,-1
88,6,604.17,311.87,46.94,91.58,-1,-1,-1,-1
89,5,805.0,335.0,54.0,101.0,-1,-1,-1,-1
89,1,807.64,342.5,49.57,116.4,-1,-1,-1,-1
89,2,733.78,414.42,76.87,114.18,-1,-1,-1,-1
89,3,453.57,287.84,27.12,75.44,-1,-1,-1,-1
89,4,705.23,382.78,70.11,94.55,-1,-1,-1,-1
89,6,604.23,313.19,46.15,90.21,-1,-1,-1,-1
90,5,799.25,337.0,57.25,97.5,-1,-1,-1,-1
90,1,806.08,344.77,47.76,111.66,-1,-1,-1,-1
90,2,732.76,415.02,77.69,113.55,-1,-1,-1,-1
90,3,453.68,287.94,27.03,75.25,-1,-1,-1,-1
90,4,706.5,383.5,69.0,91.02,-1,-1,-1,-1
90,6,605.49,314.74,45.9,89.1,-1,-1,-1,-1
91,5,793.5,339.0,60.5,94.0,-1,-1,-1,-1
91,1,805.21,346.84,44.82,102.86,-1,-1,-1,-1
91,2,733.52,415.01,77.91,112.35,-1,-1,-1,-1
91,3,453.73,287.98,26.98,75.18,-1,-1,-1,-1
91,4,708.19,384.83,68.25,87.47,-1,-1,-1,-1
91,6,606.75,315.61,46.09,87.8,-1,-1,-1,-1
92,5,787.75,341.0,63.75,90.5,-1,-1,-1,-1
92,1,804.22,346.19,44.7,100.49,-1,-1,-1,-1
92,2,733.35,414.18,79.24,113.05,-1,-1,-1,-1
92,3,453.62,287.99,26.91,75.15,-1,-1,-1,-1
92,4,709.01,385.31,69.67,86.82,-1,-1,-1,-1
92,6,607.93,315.92,46.62,87.32,-1,-1,-1,-1
93,5,782.0,343.0,67.0,87.0,-1,-1,-1,-1
93,1,793.18,344.17,46.06,98.17,-1,-1,-1,-1
93,2,736.08,412.02,79.19,112.77,-1,-1,-1,-1
93,3,453.65,288.29,26.76,74.85,-1,-1,-1,-1
93,4,709.31,382.59,73.34,89.2,-1,-1,-1,-1
93,6,609.36,316.17,47.27,86.86,-1,-1,-1,-1
94,5,779.0,342.0,59.0,86.0,-1,-1,-1,-1
94,1,787.97,342.26,49.11,101.03,-1,-1,-1,-1
94,2,737.86,411.02,79.11,112.28,-1,-1,-1,-1
94,3,453.45,288.26,26.66,74.73,-1,-1,-1,-1
94,4,709.82,379.96,77.55,92.04,-1,-1,-1,-1
94,6,609.96,316.26,48.0,86.71,-1,-1,-1,-1
95,5,777.0,342.0,53.0,84.0,-1,-1,-1,-1
95,1,786.76,339.37,51.41,103.29,-1,-1,-1,-1
95,2,740.33,408.82,81.65,114.86,-1,-1,-1,-1
95,3,453.6,288.24,26.62,74.69,-1,-1,-1,-1
95,4,709.59,376.02,81.83,95.78,-1,-1,-1,-1
95,6,609.82,313.73,49.61,88.76,-1,-1,-1,-1
96,5,774.0,342.0,56.0,84.0,-1,-1,-1,-1
96,1,792.38,337.0,50.46,101.49,-1,-1,-1,-1
96,2,741.43,406.96,84.08,117.18,-1,-1,-1,-1
96,3,453.76,288.24,26.56,74.68,-1,-1,-1,-1
96,4,710.52,372.92,84.99,98.83,-1,-1,-1,-1
96,6,610.04,312.19,50.85,90.13,-1,-1,-1,-1
97,1,797.54,334.67,49.77,101.73,-1,-1,-1,-1
97,2,740.81,404.02,87.16,120.9,-1,-1,-1,-1
97,3,453.78,288.09,26.61,74.97,-1,-1,-1,-1
97,4,719.72,368.54,87.85,102.04,-1,-1,-1,-1
97,5,770.01,342.02,53.5,82.93,-1,-1,-1,-1
97,6,611.23,311.02,51.46,90.95,-1,-1,-1,-1
98,1,801.7,333.71,48.71,101.54,-1,-1,-1,-1
98,2,739.52,401.89,89.29,123.64,-1,-1,-1,-1
98,3,453.72,288.03,26.61,75.09,-1,-1,-1,-1
98,4,728.64,366.02,88.69,103.55,-1,-1,-1,-1
98,5,771.11,342.63,53.35,83.42,-1,-1,-1,-1
98,6,612.05,310.57,51.54,90.96,-1,-1,-1,-1
99,1,805.54,331.63,48.01,102.98,-1,-1,-1,-1
99,2,736.46,399.03,90.59,126.45,-1,-1,-1,-1
99,3,453.7,288.16,26.6,75.13,-1,-1,-1,-1
99,4,733.02,362.75,90.63,108.49,-1,-1,-1,-1
99,5,771.57,343.22,53.18,83.32,-1,-1,-1,-1
99,6,611.85,310.86,51.38,90.67,-1,-1,-1,-1
100,1,806.88,329.87,47.38,103.83,-1,-1,-1,-1
100,2,733.82,397.52,90.54,127.96,-1,-1,-1,-1
100,3,453.71,288.2,26.58,75.14,-1,-1,-1,-1
100,4,737.84,360.24,89.62,110.21,-1,-1,-1,-1
100,5,773.24,343.91,51.62,81.79,-1,-1,-1,-1
100,6,611.83,311.13,51.17,90.25,-1,-1,-1,-1
101,1,809.28,329.12,45.74,100.9,-1,-1,-1,-1
101,2,731.14,397.11,89.21,128.08,-1,-1,-1,-1
101,3,453.71,288.22,26.56,75.15,-1,-1,-1,-1
101,4,740.63,360.63,90.17,113.31,-1,-1,-1,-1
101,5,774.18,343.74,50.66,80.91,-1,-1,-1,-1
101,6,611.87,312.58,50.39,88.61,-1,-1,-1,-1
102,1,810.93,329.22,44.85,98.58,-1,-1,-1,-1
102,2,729.26,397.87,86.36,125.15,-1,-1,-1,-1
102,3,453.77,288.38,26.44,74.85,-1,-1,-1,-1
102,4,744.64,361.99,88.45,113.89,-1,-1,-1,-1
102,5,774.83,343.09,50.49,81.49,-1,-1,-1,-1
102,6,611.42,312.99,50.4,88.28,-1,-1,-1,-1
103,1,816.11,330.98,43.79,95.63,-1,-1,-1,-1
103,2,719.63,398.2,88.87,129.37,-1,-1,-1,-1
103,3,453.92,288.43,26.44,74.74,-1,-1,-1,-1
103,4,749.08,365.36,84.75,111.28,-1,-1,-1,-1
103,5,777.09,343.6,49.52,80.52,-1,-1,-1,-1
103,6,611.0,313.74,50.3,87.57,-1,-1,-1,-1
104,1,818.16,331.54,43.72,94.57,-1,-1,-1,-1
104,2,715.48,400.23,89.31,130.19,-1,-1,-1,-1
104,3,453.96,288.46,26.46,74.7,-1,-1,-1,-1
104,4,750.76,366.13,83.19,111.09,-1,-1,-1,-1
104,5,777.93,343.81,48.74,79.56,-1,-1,-1,-1
104,6,610.34,313.87,50.67,87.61,-1,-1,-1,-1
105,1,818.93,330.43,42.38,91.8,-1,-1,-1,-1
105,2,714.77,403.4,87.84,127.83,-1,-1,-1,-1
105,3,453.97,288.46,26.48,74.69,-1,-1,-1,-1
105,4,746.32,367.19,82.56,110.26,-1,-1,-1,-1
105,5,777.46,344.05,48.94,79.81,-1,-1,-1,-1
105,6,609.36,313.91,51.08,87.63,-1,-1,-1,-1
106,1,816.76,327.31,44.26,96.6,-1,-1,-1,-1
106,2,713.08,402.99,88.56,128.53,-1,-1,-1,-1
106,3,453.97,288.46,26.51,74.68,-1,-1,-1,-1
106,4,744.39,367.91,81.44,108.42,-1,-1,-1,-1
106,5,777.17,343.99,48.73,79.32,-1,-1,-1,-1
106,6,608.28,313.63,51.44,87.65,-1,-1,-1,-1
107,1,817.82,325.62,41.85,91.83,-1,-1,-1,-1
107,2,707.03,400.47,90.32,129.37,-1,-1,-1,-1
107,3,453.95,288.46,26.53,74.68,-1,-1,-1,-1
107,4,737.82,370.44,81.23,109.33,-1,-1,-1,-1
107,5,775.92,343.53,49.22,79.15,-1,-1,-1,-1
107,6,604.65,311.28,53.29,90.34,-1,-1,-1,-1
108,1,818.26,324.89,41.37,91.21,-1,-1,-1,-1
108,2,702.43,399.52,86.88,123.46,-1,-1,-1,-1
108,3,453.94,288.46,26.56,74.69,-1,-1,-1,-1
108,4,732.08,372.58,81.17,110.85,-1,-1,-1,-1
108,5,774.84,342.76,50.12,79.99,-1,-1,-1,-1
108,6,601.92,310.4,53.79,91.35,-1,-1,-1,-1
109,1,818.52,323.46,40.96,90.41,-1,-1,-1,-1
109,2,688.43,398.56,86.13,120.86,-1,-1,-1,-1
109,3,453.85,288.61,26.44,74.39,-1,-1,-1,-1
109,4,726.54,377.08,80.76,109.78,-1,-1,-1,-1
109,5,770.7,340.84,52.63,82.09,-1,-1,-1,-1
109,6,598.68,310.08,53.08,91.44,-1,-1,-1,-1
110,1,817.82,322.07,41.18,91.35,-1,-1,-1,-1
110,2,674.51,398.22,86.79,120.52,-1,-1,-1,-1
110,3,453.82,288.66,26.4,74.28,-1,-1,-1,-1
110,4,724.66,379.24,80.15,108.6,-1,-1,-1,-1
110,5,768.24,338.95,54.86,84.36,-1,-1,-1,-1
110,6,597.97,310.26,52.42,91.46,-1,-1,-1,-1
111,1,816.83,319.2,41.48,92.32,-1,-1,-1,-1
111,2,657.14,396.31,87.25,121.91,-1,-1,-1,-1
111,3,453.51,288.83,26.38,74.24,-1,-1,-1,-1
111,4,723.82,377.8,81.44,110.37,-1,-1,-1,-1
111,5,762.41,336.34,56.79,86.1,-1,-1,-1,-1
111,6,594.63,310.49,51.86,91.76,-1,-1,-1,-1
112,1,816.55,318.03,41.41,92.41,-1,-1,-1,-1
112,2,647.6,394.13,88.58,123.93,-1,-1,-1,-1
112,3,453.52,288.89,26.41,74.23,-1,-1,-1,-1
112,4,721.95,375.76,82.75,112.21,-1,-1,-1,-1
112,5,759.04,334.62,56.94,85.59,-1,-1,-1,-1
112,6,590.57,310.88,51.98,91.57,-1,-1,-1,-1
113,1,815.44,316.75,40.97,89.48,-1,-1,-1,-1
113,2,635.75,388.88,91.25,127.66,-1,-1,-1,-1
113,3,453.48,289.21,26.37,73.93,-1,-1,-1,-1
113,4,711.4,373.49,82.36,111.42,-1,-1,-1,-1
113,5,756.05,333.55,55.18,83.89,-1,-1,-1,-1
113,6,586.32,311.48,52.8,91.78,-1,-1,-1,-1
114,1,815.92,316.33,40.82,87.49,-1,-1,-1,-1
114,2,629.08,386.19,85.32,119.23,-1,-1,-1,-1
114,3,453.44,289.33,26.4,73.82,-1,-1,-1,-1
114,4,706.49,372.01,79.86,109.01,-1,-1,-1,-1
114,5,755.46,333.18,54.18,83.23,-1,-1,-1,-1
114,6,583.96,311.71,53.55,91.86,-1,-1,-1,-1
115,1,814.54,317.29,40.85,83.76,-1,-1,-1,-1
115,2,614.24,384.76,82.26,116.64,-1,-1,-1,-1
115,3,453.41,289.37,26.44,73.78,-1,-1,-1,-1
115,4,693.98,371.6,75.25,106.73,-1,-1,-1,-1
115,5,753.32,333.22,53.6,82.67,-1,-1,-1,-1
115,6,583.28,313.87,52.95,89.5,-1,-1,-1,-1
116,1,810.28,317.4,41.65,82.12,-1,-1,-1,-1
116,2,605.58,384.14,80.43,115.27,-1,-1,-1,-1
116,3,453.43,289.68,26.4,73.47,-1,-1,-1,-1
116,4,687.18,370.41,73.2,107.53,-1,-1,-1,-1
116,5,749.84,333.42,52.93,81.87,-1,-1,-1,-1
116,6,582.63,314.7,53.09,88.9,-1,-1,-1,-1
117,1,804.27,317.63,42.98,80.96,-1,-1,-1,-1
117,2,594.73,380.65,81.28,117.21,-1,-1,-1,-1
117,3,453.43,289.8,26.42,73.35,-1,-1,-1,-1
117,4,673.15,366.99,74.3,109.02,-1,-1,-1,-1
117,5,743.71,331.73,54.71,83.36,-1,-1,-1,-1
117,6,580.25,313.2,53.35,89.58,-1,-1,-1,-1
118,1,800.49,317.59,44.28,80.28,-1,-1,-1,-1
118,2,592.06,378.66,80.65,118.09,-1,-1,-1,-1
118,3,453.36,289.54,26.55,73.61,-1,-1,-1,-1
118,4,666.98,364.68,75.62,111.21,-1,-1,-1,-1
118,5,741.78,331.27,55.39,83.62,-1,-1,-1,-1
118,6,577.66,312.63,52.79,89.54,-1,-1,-1,-1
119,1,800.7,318.06,44.08,78.87,-1,-1,-1,-1
119,2,586.2,376.03,79.49,115.62,-1,-1,-1,-1
119,3,453.37,289.73,26.53,73.42,-1,-1,-1,-1
119,4,663.04,361.77,72.6,106.43,-1,-1,-1,-1
119,5,740.12,330.68,56.51,84.3,-1,-1,-1,-1
119,6,573.12,311.52,51.51,89.82,-1,-1,-1,-1
120,1,802.93,318.41,44.09,78.4,-1,-1,-1,-1
120,2,582.43,374.82,75.12,106.87,-1,-1,-1,-1
120,3,453.11,289.8,26.62,73.35,-1,-1,-1,-1
120,4,658.56,360.23,70.73,103.2,-1,-1,-1,-1
120,5,738.44,328.71,57.44,85.15,-1,-1,-1,-1
120,6,569.79,311.11,50.23,90.23,-1,-1,-1,-1
121,1,806.42,319.47,43.05,77.37,-1,-1,-1,-1
121,2,575.81,372.46,74.37,105.62,-1,-1,-1,-1
121,3,452.89,289.83,26.73,73.32,-1,-1,-1,-1
121,4,647.14,360.16,67.64,101.56,-1,-1,-1,-1
121,5,732.69,320.15,61.08,91.67,-1,-1,-1,-1
121,6,568.07,311.4,49.07,90.09,-1,-1,-1,-1
122,1,808.34,319.72,42.68,77.33,-1,-1,-1,-1
122,2,574.3,370.92,74.12,105.38,-1,-1,-1,-1
122,3,452.78,289.83,26.84,73.32,-1,-1,-1,-1
122,4,641.68,360.03,65.82,101.44,-1,-1,-1,-1
122,5,729.65,317.12,60.82,92.95,-1,-1,-1,-1
122,6,568.25,312.26,47.16,87.95,-1,-1,-1,-1
123,1,810.19,320.72,41.49,75.86,-1,-1,-1,-1
123,2,568.28,366.64,74.62,108.82,-1,-1,-1,-1
123,3,452.75,289.69,27.0,73.32,-1,-1,-1,-1
123,4,634.58,357.91,66.19,103.21,-1,-1,-1,-1
123,5,724.33,316.57,58.09,91.96,-1,-1,-1,-1
123,6,568.33,313.19,44.83,85.04,-1,-1,-1,-1
124,1,811.27,321.11,40.87,75.35,-1,-1,-1,-1
124,2,565.33,363.49,74.29,111.45,-1,-1,-1,-1
124,3,452.62,289.63,27.17,73.32,-1,-1,-1,-1
124,4,629.85,356.12,65.55,104.93,-1,-1,-1,-1
124,5,722.94,317.02,55.28,90.35,-1,-1,-1,-1
124,6,567.93,314.59,43.21,83.36,-1,-1,-1,-1
125,1,811.83,321.25,40.91,76.1,-1,-1,-1,-1
125,2,567.02,360.3,65.49,100.78,-1,-1,-1,-1
125,3,452.53,290.35,27.32,73.02,-1,-1,-1,-1
125,4,627.28,352.96,56.67,93.3,-1,-1,-1,-1
125,5,715.29,319.94,52.06,86.74,-1,-1,-1,-1
125,6,566.94,316.01,42.02,82.46,-1,-1,-1,-1
126,1,812.45,321.89,40.69,76.11,-1,-1,-1,-1
126,2,567.99,357.21,61.85,97.84,-1,-1,-1,-1
126,3,453.27,293.0,27.02,70.83,-1,-1,-1,-1
126,4,622.53,351.19,54.24,91.84,-1,-1,-1,-1
126,5,712.03,321.56,50.03,84.44,-1,-1,-1,-1
126,6,567.36,316.37,41.38,82.16,-1,-1,-1,-1
127,1,810.98,322.73,41.01,76.15,-1,-1,-1,-1
127,2,567.47,352.22,60.77,99.93,-1,-1,-1,-1
127,3,452.79,296.56,27.22,68.8,-1,-1,-1,-1
127,4,616.9,349.54,53.14,91.98,-1,-1,-1,-1
127,5,709.79,324.16,46.79,79.37,-1,-1,-1,-1
127,6,566.4,317.09,40.51,80.57,-1,-1,-1,-1
128,1,809.99,323.04,41.37,75.59,-1,-1,-1,-1
128,2,565.97,347.5,60.27,102.81,-1,-1,-1,-1
128,3,451.43,298.77,27.85,67.46,-1,-1,-1,-1
128,4,611.95,342.95,54.75,96.61,-1,-1,-1,-1
128,5,707.91,323.94,47.44,80.87,-1,-1,-1,-1
128,6,565.87,317.64,40.08,80.0,-1,-1,-1,-1
129,1,810.46,324.2,41.64,73.6,-1,-1,-1,-1
129,2,563.87,344.04,58.7,103.63,-1,-1,-1,-1
129,3,449.44,300.6,28.63,65.77,-1,-1,-1,-1
129,4,609.04,341.31,53.67,96.84,-1,-1,-1,-1
129,5,705.91,324.92,46.89,79.91,-1,-1,-1,-1
129,6,566.65,318.43,39.29,78.92,-1,-1,-1,-1
130,1,810.52,323.72,43.18,74.4,-1,-1,-1,-1
130,2,564.67,342.26,54.11,98.01,-1,-1,-1,-1
130,3,447.38,301.24,29.78,65.18,-1,-1,-1,-1
130,4,606.14,341.38,52.03,95.17,-1,-1,-1,-1
130,5,704.29,322.89,48.13,82.58,-1,-1,-1,-1
130,6,567.9,318.1,38.42,78.25,-1,-1,-1,-1
131,1,815.27,323.68,45.03,76.8,-1,-1,-1,-1
131,2,564.25,340.54,50.63,94.06,-1,-1,-1,-1
131,3,444.3,301.13,31.55,65.29,-1,-1,-1,-1
131,4,602.84,340.89,49.71,89.44,-1,-1,-1,-1
131,5,701.61,320.38,48.77,84.46,-1,-1,-1,-1
131,6,567.37,317.21,38.97,80.74,-1,-1,-1,-1
132,1,818.47,323.22,46.39,79.18,-1,-1,-1,-1
132,2,563.2,338.51,49.06,93.9,-1,-1,-1,-1
132,3,441.05,300.16,33.75,66.56,-1,-1,-1,-1
132,4,599.73,341.12,46.46,83.64,-1,-1,-1,-1
132,5,699.25,318.99,48.37,84.88,-1,-1,-1,-1
132,6,566.46,315.98,39.47,83.45,-1,-1,-1,-1
133,1,822.34,324.06,45.67,78.34,-1,-1,-1,-1
133,2,561.39,334.54,49.16,96.91,-1,-1,-1,-1
133,3,435.06,300.66,34.23,66.46,-1,-1,-1,-1
133,4,599.26,341.13,45.76,81.3,-1,-1,-1,-1
133,5,695.06,316.86,47.32,84.45,-1,-1,-1,-1
133,6,565.18,315.36,39.24,83.9,-1,-1,-1,-1
134,1,824.77,324.68,45.2,77.71,-1,-1,-1,-1
134,2,560.38,331.52,48.87,98.93,-1,-1,-1,-1
134,3,431.23,300.98,34.61,66.43,-1,-1,-1,-1
134,4,595.99,341.34,44.7,80.23,-1,-1,-1,-1
134,5,692.22,315.78,46.68,85.17,-1,-1,-1,-1
134,6,564.26,316.01,38.32,82.6,-1,-1,-1,-1
135,6,556.0,315.0,52.0,85.0,-1,-1,-1,-1
135,1,826.07,324.31,45.34,78.37,-1,-1,-1,-1
135,2,561.9,328.71,43.43,89.05,-1,-1,-1,-1
135,3,426.49,300.77,34.75,66.74,-1,-1,-1,-1
135,4,595.29,337.02,46.18,84.19,-1,-1,-1,-1
135,5,688.68,315.11,45.65,85.14,-1,-1,-1,-1
136,6,552.5,312.5,57.0,87.0,-1,-1,-1,-1
136,1,826.53,324.17,45.35,78.61,-1,-1,-1,-1
136,2,557.88,327.22,42.32,86.14,-1,-1,-1,-1
136,3,422.6,299.93,35.28,68.35,-1,-1,-1,-1
136,4,592.25,333.27,46.5,87.12,-1,-1,-1,-1
136,5,686.09,314.89,44.45,84.53,-1,-1,-1,-1
137,6,549.0,310.0,62.0,89.0,-1,-1,-1,-1
137,1,825.14,321.44,47.19,82.56,-1,-1,-1,-1
137,2,559.47,327.24,40.45,83.03,-1,-1,-1,-1
137,3,416.66,299.01,36.9,72.5,-1,-1,-1,-1
137,4,588.83,329.24,46.72,88.86,-1,-1,-1,-1
137,5,684.11,316.03,42.68,82.21,-1,-1,-1,-1
138,6,545.0,308.0,65.0,89.0,-1,-1,-1,-1
138,1,824.32,320.42,47.26,83.45,-1,-1,-1,-1
138,2,559.26,325.52,40.37,83.52,-1,-1,-1,-1
138,3,412.64,299.09,36.83,73.78,-1,-1,-1,-1
138,4,588.79,327.91,45.73,88.95,-1,-1,-1,-1
138,5,683.48,317.7,41.46,80.73,-1,-1,-1,-1
139,6,541.0,306.0,43.0,90.0,-1,-1,-1,-1
139,1,821.08,319.73,49.5,88.48,-1,-1,-1,-1
139,2,557.49,320.73,42.05,87.99,-1,-1,-1,-1
139,3,409.8,301.16,37.47,74.84,-1,-1,-1,-1
139,4,589.75,323.93,44.92,90.18,-1,-1,-1,-1
139,5,682.77,318.04,41.0,80.49,-1,-1,-1,-1
140,6,538.0,303.0,43.0,91.0,-1,-1,-1,-1
140,1,819.68,320.05,50.09,90.37,-1,-1,-1,-1
140,2,556.92,319.04,42.03,88.76,-1,-1,-1,-1
140,3,405.01,302.83,38.0,74.65,-1,-1,-1,-1
140,4,590.14,320.43,43.59,90.06,-1,-1,-1,-1
140,5,682.33,318.03,40.78,80.72,-1,-1,-1,-1
141,6,537.0,303.5,46.5,93.0,-1,-1,-1,-1
141,1,817.69,322.37,49.65,88.75,-1,-1,-1,-1
141,2,557.52,317.17,40.55,87.0,-1,-1,-1,-1
141,3,398.59,304.93,38.43,73.97,-1,-1,-1,-1
141,4,589.79,315.77,42.54,90.31,-1,-1,-1,-1
141,5,681.45,317.58,40.53,80.22,-1,-1,-1,-1
142,6,536.0,304.0,50.0,95.0,-1,-1,-1,-1
142,1,815.25,323.59,49.23,87.48,-1,-1,-1,-1
142,2,558.23,315.82,39.83,86.97,-1,-1,-1,-1
142,3,394.78,307.49,38.86,72.8,-1,-1,-1,-1
142,4,589.2,312.46,42.06,91.29,-1,-1,-1,-1
142,5,680.62,317.28,40.44,80.04,-1,-1,-1,-1
143,6,535.0,305.0,48.0,97.0,-1,-1,-1,-1
143,1,810.88,324.94,49.42,88.15,-1,-1,-1,-1
143,2,560.28,311.82,38.49,85.18,-1,-1,-1,-1
143,3,392.22,311.71,39.45,71.15,-1,-1,-1,-1
143,4,589.24,311.3,40.34,88.41,-1,-1,-1,-1
143,5,678.07,316.42,40.89,80.88,-1,-1,-1,-1
144,6,534.0,306.0,46.0,93.0,-1,-1,-1,-1
144,1,807.27,326.03,49.9,89.27,-1,-1,-1,-1
144,2,559.58,308.76,39.83,89.06,-1,-1,-1,-1
144,3,390.51,314.0,39.92,69.92,-1,-1,-1,-1
144,4,590.25,310.84,39.14,87.3,-1,-1,-1,-1
144,5,677.07,316.26,40.69,80.91,-1,-1,-1,-1
145,6,532.5,307.0,46.0,91.0,-1,-1,-1,-1
145,1,803.33,326.29,49.97,89.09,-1,-1,-1,-1
145,2,560.58,305.04,40.21,89.89,-1,-1,-1,-1
145,3,391.2,317.96,39.19,65.87,-1,-1,-1,-1
145,4,587.66,310.16,39.36,87.8,-1,-1,-1,-1
145,5,675.04,314.28,41.7,83.3,-1,-1,-1,-1
146,6,531.0,308.0,46.0,89.0,-1,-1,-1,-1
146,1,798.86,326.37,51.23,91.95,-1,-1,-1,-1
146,2,563.83,303.72,38.27,85.19,-1,-1,-1,-1
146,3,390.07,319.68,39.28,64.04,-1,-1,-1,-1
146,4,586.47,309.83,39.45,87.99,-1,-1,-1,-1
146,5,674.48,313.4,41.8,84.2,-1,-1,-1,-1
147,6,526.0,309.5,49.5,87.0,-1,-1,-1,-1
147,1,792.37,327.27,49.12,90.38,-1,-1,-1,-1
147,2,564.18,303.22,38.82,86.11,-1,-1,-1,-1
147,3,387.67,320.55,38.89,62.8,-1,-1,-1,-1
147,4,589.54,309.64,38.55,88.07,-1,-1,-1,-1
147,5,674.06,313.53,41.23,83.95,-1,-1,-1,-1
148,6,521.0,311.0,53.0,85.0,-1,-1,-1,-1
148,1,789.52,329.24,47.28,88.54,-1,-1,-1,-1
148,2,564.33,303.24,38.99,86.16,-1,-1,-1,-1
148,3,386.97,320.95,39.22,62.68,-1,-1,-1,-1
148,4,590.41,309.49,37.72,88.11,-1,-1,-1,-1
148,5,673.62,313.15,41.11,84.44,-1,-1,-1,-1
149,6,515.5,310.5,52.5,85.0,-1,-1,-1,-1
149,1,785.29,332.06,46.48,87.82,-1,-1,-1,-1
149,2,565.43,303.04,38.18,84.4,-1,-1,-1,-1
149,3,387.0,319.98,40.14,63.57,-1,-1,-1,-1
149,4,589.03,307.56,37.36,87.83,-1,-1,-1,-1
149,5,672.77,312.73,41.37,85.8,-1,-1,-1,-1
150,6,510.0,310.0,52.0,85.0,-1,-1,-1,-1
150,1,780.13,332.2,46.96,87.84,-1,-1,-1,-1
150,2,565.46,302.16,38.06,84.66,-1,-1,-1,-1
150,3,386.49,319.43,40.77,64.22,-1,-1,-1,-1
150,4,587.97,304.8,37.79,88.92,-1,-1,-1,-1
150,5,671.46,312.73,41.2,86.6,-1,-1,-1,-1
151,1,774.43,331.33,50.08,92.3,-1,-1,-1,-1
151,2,566.3,299.65,38.17,86.56,-1,-1,-1,-1
151,3,385.82,319.04,41.21,64.78,-1,-1,-1,-1
151,4,588.92,301.31,37.71,89.63,-1,-1,-1,-1
151,5,671.1,312.9,40.95,87.19,-1,-1,-1,-1
151,6,505.47,313.33,39.67,80.36,-1,-1,-1,-1
152,1,767.81,331.87,52.77,93.96,-1,-1,-1,-1
152,2,567.56,298.91,37.49,86.69,-1,-1,-1,-1
152,3,385.59,317.81,42.04,65.9,-1,-1,-1,-1
152,4,589.36,298.12,37.6,90.49,-1,-1,-1,-1
152,5,671.15,313.27,40.6,87.7,-1,-1,-1,-1
152,6,502.39,315.74,39.6,78.81,-1,-1,-1,-1
153,1,759.3,333.08,53.02,93.99,-1,-1,-1,-1
153,2,570.05,298.71,35.02,82.29,-1,-1,-1,-1
153,3,384.99,314.51,44.38,69.58,-1,-1,-1,-1
153,4,590.64,296.24,36.58,89.04,-1,-1,-1,-1
153,5,671.24,313.72,39.83,87.28,-1,-1,-1,-1
153,6,496.89,315.11,40.12,78.87,-1,-1,-1,-1
154,1,751.42,337.51,49.0,90.14,-1,-1,-1,-1
154,2,570.63,298.43,34.19,81.22,-1,-1,-1,-1
154,3,384.58,312.39,45.68,71.84,-1,-1,-1,-1
154,4,591.27,295.62,35.98,88.48,-1,-1,-1,-1
154,5,671.97,314.64,38.83,86.52,-1,-1,-1,-1
154,6,493.49,315.47,40.33,78.3,-1,-1,-1,-1
155,1,744.24,338.44,48.32,90.42,-1,-1,-1,-1
155,2,570.87,299.58,33.22,79.05,-1,-1,-1,-1
155,3,384.87,311.12,46.23,72.71,-1,-1,-1,-1
155,4,591.45,295.75,35.32,87.08,-1,-1,-1,-1
155,5,671.99,314.26,38.47,86.51,-1,-1,-1,-1
155,6,486.04,316.03,41.05,79.92,-1,-1,-1,-1
156,1,738.3,342.31,47.18,87.84,-1,-1,-1,-1
156,2,570.59,299.76,32.95,78.57,-1,-1,-1,-1
156,3,384.85,309.9,46.51,73.32,-1,-1,-1,-1
156,4,592.32,296.63,34.71,85.65,-1,-1,-1,-1
156,5,672.07,313.97,38.26,86.8,-1,-1,-1,-1
156,6,479.22,312.96,42.55,84.4,-1,-1,-1,-1
157,1,728.9,340.43,50.66,94.37,-1,-1,-1,-1
157,2,570.24,298.96,32.75,78.43,-1,-1,-1,-1
157,3,386.39,308.12,46.5,73.53,-1,-1,-1,-1
157,4,595.07,299.28,33.27,82.43,-1,-1,-1,-1
157,5,673.04,314.6,38.15,86.6,-1,-1,-1,-1
157,6,473.84,310.93,42.54,85.79,-1,-1,-1,-1
158,1,722.25,340.47,52.11,96.43,-1,-1,-1,-1
158,2,570.18,298.55,32.54,78.71,-1,-1,-1,-1
158,3,387.83,307.45,46.04,73.3,-1,-1,-1,-1
158,4,595.84,300.64,32.68,81.24,-1,-1,-1,-1
158,5,673.96,315.74,37.64,85.33,-1,-1,-1,-1
158,6,470.21,308.22,42.44,87.2,-1,-1,-1,-1
159,1,706.24,340.01,52.44,99.26,-1,-1,-1,-1
159,2,568.74,297.53,32.29,77.34,-1,-1,-1,-1
159,3,392.08,307.07,42.91,69.36,-1,-1,-1,-1
159,4,596.44,301.01,32.43,81.14,-1,-1,-1,-1
159,5,674.4,318.41,37.34,83.35,-1,-1,-1,-1
159,6,465.91,306.9,40.92,84.79,-1,-1,-1,-1
160,1,701.12,343.73,49.64,96.54,-1,-1,-1,-1
160,2,567.25,297.04,32.28,76.85,-1,-1,-1,-1
160,3,395.07,306.04,41.16,68.11,-1,-1,-1,-1
160,4,595.83,299.21,32.81,83.53,-1,-1,-1,-1
160,5,674.22,321.67,37.35,81.71,-1,-1,-1,-1
160,6,462.85,306.56,39.97,83.84,-1,-1,-1,-1
161,1,693.49,342.49,50.95,99.87,-1,-1,-1,-1
161,2,566.3,297.94,31.29,74.59,-1,-1,-1,-1
161,3,396.88,305.38,39.68,67.06,-1,-1,-1,-1
161,4,596.46,298.42,31.23,80.28,-1,-1,-1,-1
161,5,671.69,323.91,38.7,82.01,-1,-1,-1,-1
161,6,458.63,303.62,40.12,86.15,-1,-1,-1,-1
162,1,688.38,345.66,49.81,96.71,-1,-1,-1,-1
162,2,567.8,299.68,27.26,63.77,-1,-1,-1,-1
162,3,397.85,305.01,39.12,67.57,-1,-1,-1,-1
162,4,595.56,297.24,31.1,80.86,-1,-1,-1,-1
162,5,667.91,324.57,40.12,83.03,-1,-1,-1,-1
162,6,457.01,302.55,37.55,82.01,-1,-1,-1,-1
163,5,657.0,326.0,55.0,81.0,-1,-1,-1,-1
163,1,675.93,342.53,53.68,102.28,-1,-1,-1,-1
163,2,565.72,297.19,29.18,68.41,-1,-1,-1,-1
163,3,399.72,303.7,39.46,69.26,-1,-1,-1,-1
163,4,594.77,295.64,30.18,79.29,-1,-1,-1,-1
163,6,451.2,297.8,39.6,89.43,-1,-1,-1,-1
164,5,656.0,326.0,54.0,81.0,-1,-1,-1,-1
164,1,665.11,341.82,56.74,104.6,-1,-1,-1,-1
164,2,564.77,295.65,29.75,70.12,-1,-1,-1,-1
164,3,401.18,302.93,39.5,70.2,-1,-1,-1,-1
164,4,594.36,294.31,30.07,79.93,-1,-1,-1,-1
164,6,448.88,297.27,38.92,90.04,-1,-1,-1,-1
165,5,651.0,326.0,50.0,81.0,-1,-1,-1,-1
165,1,653.85,341.22,59.69,107.8,-1,-1,-1,-1
165,2,562.93,294.35,30.01,71.12,-1,-1,-1,-1
165,3,402.02,302.21,39.21,70.55,-1,-1,-1,-1
165,4,593.72,293.7,29.83,79.59,-1,-1,-1,-1
165,6,446.09,295.36,38.72,90.84,-1,-1,-1,-1
166,5,647.0,326.0,50.0,81.0,-1,-1,-1,-1
166,1,643.82,331.98,64.5,117.71,-1,-1,-1,-1
166,2,562.22,293.44,29.57,70.03,-1,-1,-1,-1
166,3,402.27,301.52,38.9,70.97,-1,-1,-1,-1
166,4,592.84,293.36,29.85,79.48,-1,-1,-1,-1
166,6,444.34,294.52,38.53,91.41,-1,-1,-1,-1
