1,1,515.7,409.95,60.3,148.5,-1,-1,-1,-1
1,2,880.2,387.0,104.4,142.2,-1,-1,-1,-1
1,3,309.38,315.22,32.4,83.7,-1,-1,-1,-1
1,4,554.85,401.85,88.2,117.0,-1,-1,-1,-1
1,5,828.9,384.07,67.5,124.42,-1,-1,-1,-1
1,6,417.6,321.52,47.7,100.35,-1,-1,-1,-1
2,1,514.9,409.95,60.34,148.5,-1,-1,-1,-1
2,2,876.44,386.41,104.12,142.0,-1,-1,-1,-1
2,3,311.5,313.86,33.23,85.65,-1,-1,-1,-1
2,4,555.29,402.05,88.09,116.8,-1,-1,-1,-1
2,5,824.12,386.42,67.69,124.42,-1,-1,-1,-1
2,6,418.53,319.96,48.37,101.91,-1,-1,-1,-1
3,1,514.86,410.13,60.15,147.97,-1,-1,-1,-1
3,2,874.5,386.14,103.49,141.44,-1,-1,-1,-1
3,3,311.89,313.97,33.32,85.64,-1,-1,-1,-1
3,4,555.36,402.08,88.1,116.77,-1,-1,-1,-1
3,5,825.39,388.05,67.75,123.55,-1,-1,-1,-1
3,6,419.2,319.35,48.51,102.53,-1,-1,-1,-1
4,1,515.22,410.35,60.06,147.64,-1,-1,-1,-1
4,2,873.17,384.51,98.0,134.56,-1,-1,-1,-1
4,3,312.84,315.57,32.63,83.55,-1,-1,-1,-1
4,4,555.6,402.43,87.64,116.08,-1,-1,-1,-1
4,5,825.35,390.58,67.45,121.89,-1,-1,-1,-1
4,6,420.91,319.69,48.08,102.36,-1,-1,-1,-1
5,1,515.78,410.75,59.82,146.88,-1,-1,-1,-1
5,2,869.41,383.16,100.09,138.7,-1,-1,-1,-1
5,3,312.87,316.1,32.54,83.19,-1,-1,-1,-1
5,4,555.91,402.54,87.7,116.19,-1,-1,-1,-1
5,5,824.67,392.5,67.36,120.56,-1,-1,-1,-1
5,6,421.92,319.83,47.64,102.27,-1,-1,-1,-1
6,1,516.19,410.88,59.94,146.64,-1,-1,-1,-1
6,2,863.56,382.11,100.92,142.3,-1,-1,-1,-1
6,3,313.97,316.25,32.57,83.1,-1,-1,-1,-1
6,4,556.44,402.57,87.48,115.92,-1,-1,-1,-1
6,5,822.66,393.37,67.02,119.18,-1,-1,-1,-1
6,6,424.78,321.34,46.56,100.94,-1,-1,-1,-1
7,1,516.49,411.23,60.3,146.57,-1,-1,-1,-1
7,2,859.11,382.1,99.37,143.59,-1,-1,-1,-1
7,3,316.43,316.28,32.78,82.77,-1,-1,-1,-1
7,4,556.49,402.57,87.68,116.15,-1,-1,-1,-1
7,5,821.01,393.75,66.94,118.6,-1,-1,-1,-1
7,6,425.9,321.86,45.84,100.47,-1,-1,-1,-1
8,1,518.05,411.66,61.22,146.57,-1,-1,-1,-1
8,2,859.44,384.29,96.43,144.04,-1,-1,-1,-1
8,3,317.21,314.4,33.93,84.86,-1,-1,-1,-1
8,4,555.99,402.26,87.52,115.62,-1,-1,-1,-1
8,5,822.68,393.82,67.52,118.45,-1,-1,-1,-1
8,6,427.48,322.04,45.44,100.31,-1,-1,-1,-1
9,1,519.73,412.57,62.36,145.81,-1,-1,-1,-1
9,2,854.63,386.35,93.93,143.57,-1,-1,-1,-1
9,3,318.15,314.18,34.17,84.7,-1,-1,-1,-1
9,4,554.56,402.14,88.08,115.74,-1,-1,-1,-1
9,5,822.81,393.94,68.1,118.28,-1,-1,-1,-1
9,6,428.16,321.01,45.6,101.5,-1,-1,-1,-1
10,1,522.32,413.81,63.06,144.93,-1,-1,-1,-1
10,2,859.89,390.01,88.93,140.79,-1,-1,-1,-1
10,3,318.62,311.97,35.15,86.77,-1,-1,-1,-1
10,4,555.88,402.25,87.66,114.72,-1,-1,-1,-1
10,5,823.1,395.17,68.48,117.33,-1,-1,-1,-1
10,6,428.85,320.93,45.3,101.63,-1,-1,-1,-1
11,1,522.97,414.25,63.85,144.32,-1,-1,-1,-1
11,2,855.7,392.13,86.02,138.68,-1,-1,-1,-1
11,3,319.25,310.41,35.71,88.12,-1,-1,-1,-1
11,4,557.36,402.44,87.35,113.9,-1,-1,-1,-1
11,5,823.48,396.8,68.71,115.8,-1,-1,-1,-1
11,6,430.08,321.05,44.79,101.38,-1,-1,-1,-1
12,1,523.18,414.54,64.72,143.96,-1,-1,-1,-1
12,2,863.13,395.0,80.61,134.87,-1,-1,-1,-1
12,3,322.1,309.39,34.2,85.35,-1,-1,-1,-1
12,4,559.77,402.51,87.15,113.3,-1,-1,-1,-1
12,5,820.21,399.64,67.1,112.68,-1,-1,-1,-1
12,6,431.98,320.18,44.36,101.89,-1,-1,-1,-1
13,1,523.17,414.63,65.71,143.85,-1,-1,-1,-1
13,2,867.12,396.94,76.41,132.26,-1,-1,-1,-1
13,3,323.71,308.73,33.37,84.56,-1,-1,-1,-1
13,4,561.31,402.53,86.95,112.79,-1,-1,-1,-1
13,5,821.84,400.63,67.58,111.88,-1,-1,-1,-1
13,6,433.4,319.71,43.59,101.78,-1,-1,-1,-1
14,1,524.8,413.59,66.95,144.87,-1,-1,-1,-1
14,2,870.21,400.5,71.77,126.92,-1,-1,-1,-1
14,3,326.26,307.76,32.99,85.47,-1,-1,-1,-1
14,4,560.93,402.09,87.54,113.07,-1,-1,-1,-1
14,5,821.51,400.8,68.41,112.09,-1,-1,-1,-1
14,6,435.85,319.98,42.53,101.44,-1,-1,-1,-1
15,1,525.79,413.19,67.77,145.27,-1,-1,-1,-1
15,2,873.08,402.51,68.91,123.94,-1,-1,-1,-1
15,3,328.46,307.71,32.05,84.92,-1,-1,-1,-1
15,4,560.61,401.77,88.07,113.34,-1,-1,-1,-1
15,5,821.45,400.66,69.23,112.35,-1,-1,-1,-1
15,6,439.5,320.69,40.93,100.11,-1,-1,-1,-1
16,1,526.5,413.18,68.5,145.57,-1,-1,-1,-1
16,2,879.86,404.71,67.19,121.71,-1,-1,-1,-1
16,3,333.17,307.88,31.89,84.7,-1,-1,-1,-1
16,4,560.55,401.36,88.71,114.05,-1,-1,-1,-1
16,5,820.86,397.71,71.28,115.34,-1,-1,-1,-1
16,6,442.89,320.51,40.37,100.21,-1,-1,-1,-1
17,1,526.56,413.17,69.1,145.69,-1,-1,-1,-1
17,2,881.26,405.9,65.69,121.12,-1,-1,-1,-1
17,3,335.79,307.66,32.11,85.22,-1,-1,-1,-1
17,4,560.74,400.9,89.09,114.32,-1,-1,-1,-1
17,5,821.09,395.55,72.34,117.22,-1,-1,-1,-1
17,6,445.76,321.33,39.4,99.06,-1,-1,-1,-1
18,1,526.51,413.16,69.38,145.15,-1,-1,-1,-1
18,2,884.54,405.81,65.06,123.26,-1,-1,-1,-1
18,3,338.88,308.94,31.73,83.33,-1,-1,-1,-1
18,4,560.98,400.74,89.44,114.73,-1,-1,-1,-1
18,5,821.68,390.87,72.93,118.53,-1,-1,-1,-1
18,6,447.76,322.4,39.77,100.74,-1,-1,-1,-1
19,1,526.82,413.45,69.94,144.94,-1,-1,-1,-1
19,2,886.86,404.98,64.38,125.44,-1,-1,-1,-1
19,3,341.99,309.74,32.33,82.61,-1,-1,-1,-1
19,4,560.32,400.53,89.86,115.03,-1,-1,-1,-1
19,5,827.24,387.9,73.74,117.26,-1,-1,-1,-1
19,6,449.91,323.97,39.35,100.47,-1,-1,-1,-1
20,1,525.68,414.31,70.2,144.72,-1,-1,-1,-1
20,2,892.04,402.09,63.82,128.53,-1,-1,-1,-1
20,3,343.03,309.45,33.23,82.95,-1,-1,-1,-1
20,4,559.65,400.16,90.23,115.45,-1,-1,-1,-1
20,5,829.37,385.59,74.6,114.98,-1,-1,-1,-1
20,6,450.56,323.52,39.68,102.16,-1,-1,-1,-1
21,1,525.34,414.92,70.04,143.75,-1,-1,-1,-1
21,2,895.23,399.78,63.14,130.9,-1,-1,-1,-1
21,3,343.62,309.2,33.9,83.09,-1,-1,-1,-1
21,4,560.49,400.03,89.95,115.3,-1,-1,-1,-1
21,5,828.55,385.05,75.72,112.93,-1,-1,-1,-1
21,6,451.25,322.3,39.82,103.09,-1,-1,-1,-1
22,1,527.8,416.63,71.93,141.6,-1,-1,-1,-1
22,2,896.88,395.63,64.57,135.95,-1,-1,-1,-1
22,3,345.05,308.81,33.97,82.85,-1,-1,-1,-1
22,4,560.44,399.84,89.97,115.69,-1,-1,-1,-1
22,5,828.41,386.68,76.33,109.47,-1,-1,-1,-1
22,6,453.0,320.65,39.75,103.44,-1,-1,-1,-1
23,1,528.72,417.27,74.4,141.1,-1,-1,-1,-1
23,2,900.03,393.03,64.68,138.59,-1,-1,-1,-1
23,3,346.13,308.67,33.96,82.76,-1,-1,-1,-1
23,4,557.9,400.22,89.05,115.69,-1,-1,-1,-1
23,5,828.51,387.93,77.98,107.6,-1,-1,-1,-1
23,6,454.74,320.01,39.96,104.15,-1,-1,-1,-1
24,1,527.98,414.05,78.61,144.67,-1,-1,-1,-1
24,2,907.05,392.62,64.71,141.93,-1,-1,-1,-1
24,3,346.29,309.08,33.7,81.84,-1,-1,-1,-1
24,4,557.48,400.66,89.39,115.69,-1,-1,-1,-1
24,5,827.68,389.32,79.37,105.13,-1,-1,-1,-1
24,6,458.57,320.66,39.35,102.64,-1,-1,-1,-1
25,1,523.96,411.66,81.69,147.19,-1,-1,-1,-1
25,2,899.91,392.91,67.93,145.38,-1,-1,-1,-1
25,3,349.17,308.79,33.22,81.8,-1,-1,-1,-1
25,4,557.69,401.28,89.38,114.94,-1,-1,-1,-1
25,5,824.84,390.75,80.34,103.05,-1,-1,-1,-1
25,6,462.05,322.11,37.92,98.47,-1,-1,-1,-1
26,1,515.08,411.34,80.96,147.56,-1,-1,-1,-1
26,2,900.66,397.12,73.68,152.51,-1,-1,-1,-1
26,3,351.29,307.19,33.51,83.59,-1,-1,-1,-1
26,4,557.25,402.56,89.23,113.61,-1,-1,-1,-1
26,5,819.23,390.98,79.45,99.91,-1,-1,-1,-1
26,6,468.94,323.72,38.16,95.08,-1,-1,-1,-1
27,1,510.84,411.52,80.55,148.28,-1,-1,-1,-1
27,2,912.31,401.91,75.02,155.21,-1,-1,-1,-1
27,3,353.22,306.6,33.59,84.26,-1,-1,-1,-1
27,4,556.86,403.04,89.64,113.11,-1,-1,-1,-1
27,5,816.92,391.21,79.6,97.74,-1,-1,-1,-1
27,6,469.54,325.67,37.68,92.33,-1,-1,-1,-1
28,1,508.39,415.3,79.14,146.62,-1,-1,-1,-1
28,2,917.74,408.01,74.91,153.44,-1,-1,-1,-1
28,3,355.56,306.09,33.84,84.81,-1,-1,-1,-1
28,4,556.59,402.17,90.06,113.68,-1,-1,-1,-1
28,5,811.87,390.53,80.2,97.78,-1,-1,-1,-1
28,6,475.85,326.52,39.71,91.36,-1,-1,-1,-1
29,1,507.98,419.13,77.03,143.89,-1,-1,-1,-1
29,2,916.44,410.82,75.59,151.93,-1,-1,-1,-1
29,3,356.83,305.61,33.92,85.31,-1,-1,-1,-1
29,4,557.6,400.64,90.36,115.39,-1,-1,-1,-1
29,5,810.16,391.18,80.23,96.94,-1,-1,-1,-1
29,6,478.19,326.51,42.02,91.04,-1,-1,-1,-1
30,1,506.9,421.16,75.2,142.25,-1,-1,-1,-1
30,2,918.42,411.11,76.6,152.63,-1,-1,-1,-1
30,3,357.85,305.89,33.61,85.2,-1,-1,-1,-1
30,4,557.8,397.7,90.86,117.81,-1,-1,-1,-1
30,5,808.44,392.48,79.49,95.63,-1,-1,-1,-1
30,6,478.7,326.94,43.94,90.05,-1,-1,-1,-1
31,1,505.72,420.25,74.94,143.3,-1,-1,-1,-1
31,2,919.12,408.68,78.09,155.06,-1,-1,-1,-1
31,3,358.39,305.86,33.36,85.15,-1,-1,-1,-1
31,4,560.56,395.86,89.79,118.87,-1,-1,-1,-1
31,5,807.92,393.87,78.5,93.99,-1,-1,-1,-1
31,6,481.58,326.93,45.07,89.72,-1,-1,-1,-1
32,1,502.99,417.2,72.38,140.72,-1,-1,-1,-1
32,2,921.55,407.42,78.87,156.53,-1,-1,-1,-1
32,3,359.1,305.86,33.0,85.13,-1,-1,-1,-1
32,4,564.15,394.57,88.44,120.15,-1,-1,-1,-1
32,5,808.23,395.28,78.46,93.44,-1,-1,-1,-1
32,6,488.42,325.4,46.97,91.44,-1,-1,-1,-1
33,1,501.14,414.52,71.35,142.16,-1,-1,-1,-1
33,2,926.23,409.85,77.37,154.11,-1,-1,-1,-1
33,3,359.7,305.72,32.69,85.11,-1,-1,-1,-1
33,4,566.04,393.96,86.86,120.77,-1,-1,-1,-1
33,5,808.23,395.17,79.97,94.8,-1,-1,-1,-1
33,6,492.66,323.34,47.03,92.99,-1,-1,-1,-1
34,1,502.92,411.6,67.33,136.9,-1,-1,-1,-1
34,2,932.88,410.76,76.37,152.52,-1,-1,-1,-1
34,3,360.18,305.23,32.56,85.7,-1,-1,-1,-1
34,4,570.03,395.37,83.82,119.36,-1,-1,-1,-1
34,5,808.17,392.58,84.31,99.67,-1,-1,-1,-1
34,6,497.58,320.18,47.88,95.97,-1,-1,-1,-1
35,1,503.09,409.58,63.95,133.39,-1,-1,-1,-1
35,2,937.6,410.48,76.13,152.48,-1,-1,-1,-1
35,3,360.55,305.65,32.32,85.91,-1,-1,-1,-1
35,4,572.96,396.98,80.97,118.06,-1,-1,-1,-1
35,5,808.06,391.32,86.71,102.37,-1,-1,-1,-1
35,6,502.63,318.56,48.05,97.39,-1,-1,-1,-1
36,1,500.43,405.23,62.83,135.47,-1,-1,-1,-1
36,2,942.47,407.98,76.75,154.81,-1,-1,-1,-1
36,3,361.78,307.3,31.75,84.51,-1,-1,-1,-1
36,4,574.96,396.86,79.24,118.3,-1,-1,-1,-1
36,5,808.53,390.24,89.02,104.9,-1,-1,-1,-1
36,6,508.04,318.98,46.79,95.28,-1,-1,-1,-1
37,1,498.34,401.42,61.77,137.89,-1,-1,-1,-1
37,2,944.75,405.39,77.08,157.0,-1,-1,-1,-1
37,3,362.38,307.94,32.05,84.86,-1,-1,-1,-1
37,4,575.79,395.18,78.36,119.72,-1,-1,-1,-1
37,5,812.92,390.12,89.7,106.74,-1,-1,-1,-1
37,6,512.7,318.57,46.14,94.76,-1,-1,-1,-1
38,1,495.89,396.18,58.89,135.27,-1,-1,-1,-1
38,2,947.43,401.6,78.06,160.01,-1,-1,-1,-1
38,3,363.49,309.06,32.41,84.4,-1,-1,-1,-1
38,4,573.5,389.53,80.23,125.28,-1,-1,-1,-1
38,5,820.18,390.67,89.4,109.2,-1,-1,-1,-1
38,6,519.73,319.48,45.16,92.48,-1,-1,-1,-1
39,1,497.09,392.89,57.28,132.03,-1,-1,-1,-1
39,2,949.52,399.27,77.24,159.37,-1,-1,-1,-1
39,3,364.05,310.38,32.76,83.93,-1,-1,-1,-1
39,4,572.45,385.96,80.1,127.65,-1,-1,-1,-1
39,5,824.31,391.9,88.88,111.73,-1,-1,-1,-1
39,6,527.15,320.29,46.32,92.22,-1,-1,-1,-1
40,1,492.95,390.39,54.56,126.78,-1,-1,-1,-1
40,2,951.76,395.44,76.15,157.89,-1,-1,-1,-1
40,3,364.89,312.06,33.35,83.75,-1,-1,-1,-1
40,4,569.68,380.36,77.69,126.64,-1,-1,-1,-1
40,5,830.19,393.4,88.2,112.53,-1,-1,-1,-1
40,6,533.21,322.54,46.37,90.05,-1,-1,-1,-1
41,1,491.76,388.34,53.66,125.48,-1,-1,-1,-1
41,2,953.19,391.92,75.52,157.28,-1,-1,-1,-1
41,3,364.87,312.97,34.15,83.99,-1,-1,-1,-1
41,4,567.82,377.06,75.34,125.62,-1,-1,-1,-1
41,5,833.47,393.84,87.6,113.25,-1,-1,-1,-1
41,6,536.34,324.15,46.68,88.34,-1,-1,-1,-1
42,1,490.27,383.74,54.37,127.18,-1,-1,-1,-1
42,2,954.39,385.29,74.92,157.03,-1,-1,-1,-1
42,3,364.77,313.6,34.86,83.78,-1,-1,-1,-1
42,4,565.92,372.02,73.87,125.19,-1,-1,-1,-1
42,5,835.58,394.73,86.12,112.17,-1,-1,-1,-1
42,6,539.87,323.23,48.31,88.94,-1,-1,-1,-1
43,1,491.15,380.47,53.13,124.41,-1,-1,-1,-1
43,2,954.81,380.76,74.56,157.21,-1,-1,-1,-1
43,3,364.15,314.26,35.33,83.11,-1,-1,-1,-1
43,4,565.17,369.15,72.21,124.27,-1,-1,-1,-1
43,5,837.24,394.62,85.48,112.17,-1,-1,-1,-1
43,6,542.83,323.49,46.46,85.29,-1,-1,-1,-1
44,1,494.68,376.79,50.08,117.81,-1,-1,-1,-1
44,2,955.4,376.0,73.39,155.33,-1,-1,-1,-1
44,3,362.36,315.38,36.15,83.46,-1,-1,-1,-1
44,4,564.45,368.74,67.76,118.85,-1,-1,-1,-1
44,5,840.35,392.95,86.06,114.07,-1,-1,-1,-1
44,6,544.05,321.45,48.71,89.71,-1,-1,-1,-1
45,1,496.43,374.94,47.65,112.36,-1,-1,-1,-1
45,2,956.14,373.83,72.9,154.45,-1,-1,-1,-1
45,3,361.2,317.42,35.89,81.51,-1,-1,-1,-1
45,4,565.65,370.06,64.38,114.5,-1,-1,-1,-1
45,5,844.33,391.72,85.27,114.47,-1,-1,-1,-1
45,6,547.6,319.84,49.67,93.06,-1,-1,-1,-1
46,1,497.25,372.85,47.13,110.8,-1,-1,-1,-1
46,2,958.99,373.71,69.8,146.06,-1,-1,-1,-1
46,3,360.18,319.37,35.41,79.87,-1,-1,-1,-1
46,4,568.03,375.94,59.94,107.6,-1,-1,-1,-1
46,5,849.72,390.8,80.03,107.67,-1,-1,-1,-1
46,6,550.97,319.08,49.84,94.94,-1,-1,-1,-1
47,1,498.6,370.2,47.33,112.0,-1,-1,-1,-1
47,2,959.55,373.34,69.46,143.93,-1,-1,-1,-1
47,3,359.97,320.81,35.17,78.67,-1,-1,-1,-1
47,4,566.7,372.8,60.98,110.8,-1,-1,-1,-1
47,5,856.14,391.06,75.76,102.86,-1,-1,-1,-1
47,6,552.99,318.06,49.32,95.36,-1,-1,-1,-1
48,1,500.05,366.01,47.95,113.71,-1,-1,-1,-1
48,2,961.11,379.77,66.5,135.79,-1,-1,-1,-1
48,3,359.49,321.46,35.28,78.55,-1,-1,-1,-1
48,4,567.68,372.16,60.25,110.89,-1,-1,-1,-1
48,5,858.87,392.99,74.45,102.34,-1,-1,-1,-1
48,6,555.82,319.3,48.24,94.04,-1,-1,-1,-1
49,1,503.03,362.75,48.12,112.91,-1,-1,-1,-1
49,2,961.42,385.04,64.53,130.35,-1,-1,-1,-1
49,3,358.76,321.66,35.52,79.12,-1,-1,-1,-1
49,4,568.29,368.22,61.38,114.41,-1,-1,-1,-1
49,5,860.97,394.44,72.83,101.11,-1,-1,-1,-1
49,6,558.66,320.54,46.36,90.25,-1,-1,-1,-1
50,1,507.83,360.44,46.86,108.45,-1,-1,-1,-1
50,2,964.07,390.5,62.33,125.25,-1,-1,-1,-1
50,3,357.95,321.11,36.37,81.14,-1,-1,-1,-1
50,4,572.13,365.75,59.92,112.04,-1,-1,-1,-1
50,5,863.55,395.27,71.73,100.68,-1,-1,-1,-1
50,6,562.99,322.83,45.42,88.8,-1,-1,-1,-1
51,1,511.36,359.27,45.95,105.17,-1,-1,-1,-1
51,2,967.17,393.55,60.83,122.14,-1,-1,-1,-1
51,3,357.5,321.47,36.72,81.91,-1,-1,-1,-1
51,4,572.03,363.97,58.36,110.84,-1,-1,-1,-1
51,5,865.22,395.57,70.63,100.54,-1,-1,-1,-1
51,6,564.28,323.82,46.63,91.28,-1,-1,-1,-1
52,1,515.44,357.58,44.86,103.29,-1,-1,-1,-1
52,2,969.35,396.76,59.28,118.98,-1,-1,-1,-1
52,3,357.27,323.65,37.56,83.39,-1,-1,-1,-1
52,4,576.66,360.82,55.63,105.16,-1,-1,-1,-1
52,5,865.81,393.87,70.72,102.62,-1,-1,-1,-1
52,6,568.42,324.62,45.5,89.84,-1,-1,-1,-1
53,1,517.66,356.0,44.72,103.44,-1,-1,-1,-1
53,2,970.04,397.87,58.8,117.97,-1,-1,-1,-1
53,3,356.84,325.19,37.67,83.06,-1,-1,-1,-1
53,4,578.98,359.1,54.69,102.74,-1,-1,-1,-1
53,5,866.12,392.78,70.15,103.55,-1,-1,-1,-1
53,6,569.42,324.32,45.91,91.68,-1,-1,-1,-1
54,1,521.71,354.3,42.94,99.33,-1,-1,-1,-1
54,2,970.07,397.61,58.95,118.32,-1,-1,-1,-1
54,3,355.47,327.38,37.77,82.93,-1,-1,-1,-1
54,4,581.71,357.79,52.97,99.18,-1,-1,-1,-1
54,5,867.45,389.55,69.43,104.36,-1,-1,-1,-1
54,6,572.15,323.76,44.71,89.7,-1,-1,-1,-1
55,1,525.2,353.94,41.22,94.51,-1,-1,-1,-1
55,2,969.79,396.41,59.49,119.6,-1,-1,-1,-1
55,3,353.71,328.47,38.22,82.88,-1,-1,-1,-1
55,4,583.38,357.38,52.18,97.33,-1,-1,-1,-1
55,5,868.78,387.29,68.27,104.23,-1,-1,-1,-1
55,6,574.16,323.08,43.82,87.74,-1,-1,-1,-1
56,1,529.89,354.23,41.0,91.94,-1,-1,-1,-1
56,2,969.18,393.68,60.64,122.4,-1,-1,-1,-1
56,3,350.5,328.84,40.53,87.01,-1,-1,-1,-1
56,4,585.68,355.47,53.32,98.24,-1,-1,-1,-1
56,5,867.32,385.7,66.58,101.65,-1,-1,-1,-1
56,6,576.72,321.61,45.63,91.53,-1,-1,-1,-1
57,1,532.53,354.87,41.29,90.5,-1,-1,-1,-1
57,2,968.75,391.6,61.4,124.54,-1,-1,-1,-1
57,3,348.76,328.96,42.2,90.0,-1,-1,-1,-1
57,4,587.26,354.37,54.6,98.92,-1,-1,-1,-1
57,5,866.14,384.98,65.56,99.93,-1,-1,-1,-1
57,6,578.59,321.08,46.08,92.91,-1,-1,-1,-1
58,1,537.3,354.24,42.18,90.68,-1,-1,-1,-1
58,2,968.16,388.58,62.5,127.61,-1,-1,-1,-1
58,3,347.37,330.28,42.87,91.73,-1,-1,-1,-1
58,4,587.95,351.63,56.59,100.43,-1,-1,-1,-1
58,5,868.75,385.19,65.3,98.55,-1,-1,-1,-1
58,6,580.08,321.61,46.84,94.33,-1,-1,-1,-1
59,1,539.08,353.46,43.43,91.13,-1,-1,-1,-1
59,2,967.81,386.85,63.11,129.38,-1,-1,-1,-1
59,3,347.3,331.93,42.81,92.08,-1,-1,-1,-1
59,4,590.73,349.76,56.37,98.93,-1,-1,-1,-1
59,5,870.55,385.6,65.6,97.46,-1,-1,-1,-1
59,6,583.31,322.85,46.91,94.27,-1,-1,-1,-1
60,1,539.84,352.01,45.27,92.26,-1,-1,-1,-1
60,2,967.47,385.02,63.71,131.25,-1,-1,-1,-1
60,3,347.37,335.76,41.18,88.37,-1,-1,-1,-1
60,4,598.23,344.92,57.11,102.31,-1,-1,-1,-1
60,5,870.98,386.37,65.79,96.17,-1,-1,-1,-1
60,6,585.39,325.7,48.57,98.97,-1,-1,-1,-1
61,1,541.46,351.07,46.1,92.14,-1,-1,-1,-1
61,2,967.34,384.05,63.89,132.26,-1,-1,-1,-1
61,3,346.98,337.04,40.85,87.78,-1,-1,-1,-1
61,4,604.82,341.42,57.31,105.63,-1,-1,-1,-1
61,5,869.01,386.38,66.74,95.72,-1,-1,-1,-1
61,6,587.24,327.34,49.27,101.59,-1,-1,-1,-1
62,1,548.95,347.17,46.85,95.14,-1,-1,-1,-1
62,2,967.14,382.96,64.22,133.68,-1,-1,-1,-1
62,3,345.09,337.48,43.95,95.59,-1,-1,-1,-1
62,4,614.3,337.07,55.62,105.44,-1,-1,-1,-1
62,5,866.22,386.24,68.12,96.03,-1,-1,-1,-1
62,6,589.02,330.15,48.96,102.58,-1,-1,-1,-1
63,1,555.0,344.58,46.92,97.17,-1,-1,-1,-1
63,2,967.05,382.13,64.34,134.65,-1,-1,-1,-1
63,3,343.37,337.92,44.86,99.3,-1,-1,-1,-1
63,4,620.58,335.63,54.25,104.47,-1,-1,-1,-1
63,5,864.78,385.46,69.69,96.92,-1,-1,-1,-1
63,6,590.04,331.08,48.56,103.52,-1,-1,-1,-1
64,1,562.65,342.17,46.66,98.84,-1,-1,-1,-1
64,2,966.89,381.1,64.62,136.04,-1,-1,-1,-1
64,3,342.46,339.35,44.83,100.46,-1,-1,-1,-1
64,4,632.73,337.57,52.97,102.02,-1,-1,-1,-1
64,5,863.19,384.58,71.17,98.16,-1,-1,-1,-1
64,6,590.91,330.83,49.03,105.89,-1,-1,-1,-1
65,1,568.59,340.73,46.16,100.08,-1,-1,-1,-1
65,2,966.83,379.99,64.7,137.0,-1,-1,-1,-1
65,3,341.58,341.03,44.18,99.98,-1,-1,-1,-1
65,4,641.28,339.3,49.03,93.9,-1,-1,-1,-1
65,5,861.18,383.81,71.86,99.09,-1,-1,-1,-1
65,6,591.62,331.0,48.87,107.06,-1,-1,-1,-1
66,1,576.3,339.94,44.82,99.38,-1,-1,-1,-1
66,2,967.43,379.31,64.64,137.64,-1,-1,-1,-1
66,3,340.34,342.66,43.13,98.86,-1,-1,-1,-1
66,4,648.79,341.3,50.15,94.87,-1,-1,-1,-1
66,5,859.31,383.24,71.65,99.15,-1,-1,-1,-1
66,6,591.22,330.46,49.41,108.65,-1,-1,-1,-1
67,1,583.95,342.83,43.47,96.74,-1,-1,-1,-1
67,2,967.75,379.07,64.41,137.87,-1,-1,-1,-1
67,3,339.3,342.8,43.32,100.46,-1,-1,-1,-1
67,4,651.02,342.17,50.55,94.62,-1,-1,-1,-1
67,5,858.27,382.6,71.94,99.92,-1,-1,-1,-1
67,6,590.58,329.65,49.86,109.51,-1,-1,-1,-1
68,1,587.63,343.4,43.4,95.74,-1,-1,-1,-1
68,2,967.95,379.01,64.14,137.93,-1,-1,-1,-1
68,3,337.5,344.43,44.8,104.55,-1,-1,-1,-1
68,4,652.74,341.94,50.92,94.56,-1,-1,-1,-1
68,5,854.98,381.48,71.66,101.1,-1,-1,-1,-1
68,6,592.08,329.61,48.75,105.99,-1,-1,-1,-1
69,1,588.39,343.65,43.67,96.28,-1,-1,-1,-1
69,2,965.68,376.8,65.15,139.86,-1,-1,-1,-1
69,3,336.11,346.04,46.52,109.56,-1,-1,-1,-1
69,4,653.77,342.18,51.11,94.57,-1,-1,-1,-1
69,5,855.21,380.19,72.17,102.73,-1,-1,-1,-1
69,6,593.32,330.47,49.21,106.06,-1,-1,-1,-1
70,1,588.36,343.62,43.5,96.19,-1,-1,-1,-1
70,2,963.21,375.54,66.4,141.31,-1,-1,-1,-1
70,3,336.53,349.65,46.77,110.89,-1,-1,-1,-1
70,4,654.59,342.75,50.57,93.41,-1,-1,-1,-1
70,5,855.98,379.13,72.8,103.93,-1,-1,-1,-1
70,6,597.93,332.26,49.27,104.58,-1,-1,-1,-1
71,1,587.75,343.34,43.11,96.17,-1,-1,-1,-1
71,2,963.42,374.94,66.93,141.69,-1,-1,-1,-1
71,3,337.68,351.91,46.41,110.77,-1,-1,-1,-1
71,4,653.68,340.88,51.27,94.8,-1,-1,-1,-1
71,5,855.35,378.75,72.88,104.67,-1,-1,-1,-1
71,6,601.97,333.67,49.96,104.29,-1,-1,-1,-1
72,1,586.28,342.82,43.99,99.75,-1,-1,-1,-1
72,2,951.39,373.27,71.26,143.59,-1,-1,-1,-1
72,3,338.85,354.48,46.35,111.24,-1,-1,-1,-1
72,4,649.39,336.49,53.26,98.02,-1,-1,-1,-1
72,5,851.03,364.18,82.86,121.16,-1,-1,-1,-1
72,6,606.28,338.2,50.42,102.98,-1,-1,-1,-1
73,1,586.84,342.94,43.71,100.79,-1,-1,-1,-1
73,2,956.2,373.1,71.85,143.54,-1,-1,-1,-1
73,3,339.27,355.56,46.41,111.81,-1,-1,-1,-1
73,4,647.97,334.86,54.06,99.23,-1,-1,-1,-1
73,5,848.06,356.6,87.33,130.55,-1,-1,-1,-1
73,6,608.33,340.03,48.99,98.29,-1,-1,-1,-1
74,1,587.89,343.01,43.5,101.48,-1,-1,-1,-1
74,2,960.6,373.08,71.77,144.09,-1,-1,-1,-1
74,3,341.49,358.27,48.52,116.38,-1,-1,-1,-1
74,4,645.41,333.99,54.65,99.41,-1,-1,-1,-1
74,5,846.99,354.11,87.75,133.52,-1,-1,-1,-1
74,6,610.04,340.97,52.38,102.58,-1,-1,-1,-1
75,1,588.33,342.76,43.14,101.73,-1,-1,-1,-1
75,2,962.1,372.65,70.92,144.42,-1,-1,-1,-1
75,3,342.41,361.14,49.45,118.52,-1,-1,-1,-1
75,4,648.36,333.7,53.97,99.17,-1,-1,-1,-1
75,5,848.18,356.49,85.56,131.6,-1,-1,-1,-1
75,6,611.86,341.29,54.06,104.71,-1,-1,-1,-1
76,1,590.62,341.06,43.34,103.89,-1,-1,-1,-1
76,2,961.45,372.22,69.49,144.81,-1,-1,-1,-1
76,3,348.48,364.53,50.05,118.13,-1,-1,-1,-1
76,4,647.21,333.63,53.98,99.38,-1,-1,-1,-1
76,5,845.48,365.56,77.97,122.42,-1,-1,-1,-1
76,6,612.51,340.49,55.8,107.28,-1,-1,-1,-1
77,1,591.62,340.58,43.01,104.4,-1,-1,-1,-1
77,2,960.68,371.94,67.62,145.08,-1,-1,-1,-1
77,3,352.05,366.51,50.79,118.35,-1,-1,-1,-1
77,4,647.69,333.64,53.82,99.75,-1,-1,-1,-1
77,5,844.33,369.4,74.02,118.23,-1,-1,-1,-1
77,6,613.67,339.56,56.82,109.72,-1,-1,-1,-1
78,1,603.35,339.54,44.79,105.75,-1,-1,-1,-1
78,2,959.31,372.15,65.51,145.17,-1,-1,-1,-1
78,3,354.88,368.23,53.68,123.23,-1,-1,-1,-1
78,4,649.71,334.27,52.94,99.29,-1,-1,-1,-1
78,5,840.06,370.69,71.94,117.4,-1,-1,-1,-1
78,6,618.05,340.2,54.44,104.49,-1,-1,-1,-1
79,1,607.49,338.57,45.97,106.54,-1,-1,-1,-1
79,2,959.46,372.7,63.4,144.73,-1,-1,-1,-1
79,3,356.08,369.41,56.19,127.07,-1,-1,-1,-1
79,4,650.1,333.95,52.67,99.41,-1,-1,-1,-1
79,5,840.38,372.97,71.03,115.28,-1,-1,-1,-1
79,6,618.77,340.56,57.63,110.2,-1,-1,-1,-1
80,1,606.91,340.29,47.58,110.65,-1,-1,-1,-1
80,2,963.41,371.89,64.32,144.99,-1,-1,-1,-1
80,3,360.77,371.11,57.61,128.66,-1,-1,-1,-1
80,4,648.16,333.7,53.08,100.05,-1,-1,-1,-1
80,5,836.06,376.85,67.71,111.76,-1,-1,-1,-1
80,6,620.76,342.73,58.78,111.38,-1,-1,-1,-1
81,1,609.02,343.57,45.09,105.21,-1,-1,-1,-1
81,2,963.38,371.31,65.38,145.37,-1,-1,-1,-1
81,3,363.42,371.71,58.75,129.5,-1,-1,-1,-1
81,4,647.57,333.78,53.46,100.88,-1,-1,-1,-1
81,5,834.8,378.31,65.87,110.42,-1,-1,-1,-1
81,6,621.23,345.31,58.47,109.17,-1,-1,-1,-1
82,1,613.08,348.05,43.3,99.08,-1,-1,-1,-1
82,2,964.07,369.18,65.55,145.05,-1,-1,-1,-1
82,3,367.91,372.89,60.03,128.73,-1,-1,-1,-1
82,4,643.94,333.68,54.44,101.78,-1,-1,-1,-1
82,5,841.32,377.94,67.91,110.53,-1,-1,-1,-1
82,6,619.28,349.1,60.01,110.06,-1,-1,-1,-1
83,1,614.18,350.03,43.2,96.78,-1,-1,-1,-1
83,2,964.19,367.5,65.89,145.21,-1,-1,-1,-1
83,3,369.36,374.31,60.93,127.33,-1,-1,-1,-1
83,4,641.53,334.25,55.06,101.53,-1,-1,-1,-1
83,5,841.66,376.89,69.65,111.48,-1,-1,-1,-1
83,6,616.29,349.74,62.61,113.18,-1,-1,-1,-1
84,1,612.98,351.48,43.14,93.24,-1,-1,-1,-1
84,2,967.97,366.15,64.49,142.74,-1,-1,-1,-1
84,3,367.8,376.71,60.58,126.88,-1,-1,-1,-1
84,4,640.93,337.9,54.05,97.86,-1,-1,-1,-1
84,5,841.57,373.8,70.79,112.73,-1,-1,-1,-1
84,6,615.16,352.88,61.14,107.46,-1,-1,-1,-1
85,6,599.0,352.0,63.0,114.0,-1,-1,-1,-1
85,1,609.78,352.75,44.74,94.1,-1,-1,-1,-1
85,2,971.87,365.07,62.59,139.99,-1,-1,-1,-1
85,3,368.39,379.92,61.19,129.63,-1,-1,-1,-1
85,4,639.99,339.46,53.87,95.85,-1,-1,-1,-1
85,5,840.48,369.07,72.79,115.29,-1,-1,-1,-1
86,1,609.08,354.54,40.7,83.62,-1,-1,-1,-1
86,2,976.51,364.1,60.27,137.46,-1,-1,-1,-1
86,3,371.05,383.87,60.83,130.78,-1,-1,-1,-1
86,4,636.29,338.23,55.7,97.52,-1,-1,-1,-1
86,5,838.42,365.97,71.56,113.44,-1,-1,-1,-1
86,6,596.01,354.85,63.74,112.15,-1,-1,-1,-1
87,1,606.3,354.06,44.52,88.47,-1,-1,-1,-1
87,2,978.43,363.63,58.97,136.99,-1,-1,-1,-1
87,3,377.52,387.82,61.42,130.14,-1,-1,-1,-1
87,4,633.8,337.32,56.87,99.04,-1,-1,-1,-1
87,5,836.34,364.66,70.71,112.27,-1,-1,-1,-1
87,6,588.66,355.74,64.41,111.94,-1,-1,-1,-1
88,1,602.98,351.67,48.81,93.92,-1,-1,-1,-1
88,2,982.82,364.83,58.23,134.88,-1,-1,-1,-1
88,3,382.22,394.13,60.04,125.27,-1,-1,-1,-1
88,4,629.78,339.94,56.99,98.43,-1,-1,-1,-1
88,5,832.9,363.91,69.79,110.33,-1,-1,-1,-1
88,6,582.95,356.03,65.4,112.75,-1,-1,-1,-1
89,1,600.43,350.61,51.23,96.0,-1,-1,-1,-1
89,2,986.01,365.01,58.38,134.12,-1,-1,-1,-1
89,3,383.58,397.78,59.25,121.99,-1,-1,-1,-1
89,4,625.52,340.2,57.78,98.2,-1,-1,-1,-1
89,5,831.22,363.97,69.7,109.3,-1,-1,-1,-1
89,6,579.26,355.95,66.61,113.48,-1,-1,-1,-1
90,1,593.66,350.33,53.07,96.82,-1,-1,-1,-1
90,2,987.88,365.4,58.15,132.36,-1,-1,-1,-1
90,3,384.35,399.18,59.72,121.22,-1,-1,-1,-1
90,4,622.83,344.6,57.35,94.24,-1,-1,-1,-1
90,5,830.53,364.18,70.48,108.78,-1,-1,-1,-1
90,6,570.68,355.88,69.16,116.1,-1,-1,-1,-1
91,1,588.18,350.51,54.18,96.24,-1,-1,-1,-1
91,2,988.27,365.57,58.53,131.74,-1,-1,-1,-1
91,3,384.98,399.3,60.55,121.23,-1,-1,-1,-1
91,4,620.17,347.32,58.18,91.83,-1,-1,-1,-1
91,5,830.36,364.29,71.29,108.3,-1,-1,-1,-1
91,6,564.53,356.4,70.78,116.79,-1,-1,-1,-1
92,1,575.34,351.47,54.17,96.61,-1,-1,-1,-1
92,2,990.86,362.95,58.46,130.94,-1,-1,-1,-1
92,3,386.22,399.39,61.37,120.79,-1,-1,-1,-1
92,4,615.93,348.14,60.29,91.27,-1,-1,-1,-1
92,5,829.7,364.36,71.68,107.83,-1,-1,-1,-1
92,6,556.29,358.78,69.23,114.52,-1,-1,-1,-1
93,1,567.05,351.53,54.63,97.04,-1,-1,-1,-1
93,2,994.4,361.08,57.97,130.37,-1,-1,-1,-1
93,3,387.37,399.79,62.24,120.48,-1,-1,-1,-1
93,4,612.54,348.25,63.06,92.0,-1,-1,-1,-1
93,5,828.91,364.41,71.78,107.07,-1,-1,-1,-1
93,6,535.55,360.24,68.91,113.02,-1,-1,-1,-1
94,1,560.87,350.65,55.13,97.49,-1,-1,-1,-1
94,2,1002.33,358.61,56.43,129.59,-1,-1,-1,-1
94,3,389.29,400.0,63.31,120.51,-1,-1,-1,-1
94,4,607.13,347.22,65.34,91.99,-1,-1,-1,-1
94,5,830.67,360.86,72.58,108.0,-1,-1,-1,-1
94,6,528.31,363.14,69.78,117.21,-1,-1,-1,-1
95,1,555.76,349.43,55.74,98.25,-1,-1,-1,-1
95,2,1006.87,356.67,56.13,132.18,-1,-1,-1,-1
95,3,390.85,400.16,63.99,120.09,-1,-1,-1,-1
95,4,591.72,346.35,64.96,92.6,-1,-1,-1,-1
95,5,832.08,359.86,70.83,106.28,-1,-1,-1,-1
95,6,524.44,365.36,69.8,120.52,-1,-1,-1,-1
96,1,546.81,349.4,54.26,94.99,-1,-1,-1,-1
96,2,1012.06,355.54,54.8,133.31,-1,-1,-1,-1
96,3,392.48,398.66,65.28,121.72,-1,-1,-1,-1
96,4,587.82,344.51,65.46,94.04,-1,-1,-1,-1
96,5,831.8,358.91,68.24,104.13,-1,-1,-1,-1
96,6,516.2,368.8,69.07,121.18,-1,-1,-1,-1
97,1,539.31,350.75,51.33,91.01,-1,-1,-1,-1
97,2,1015.51,354.85,53.49,134.65,-1,-1,-1,-1
97,3,391.16,395.68,66.52,124.71,-1,-1,-1,-1
97,4,582.21,344.4,64.69,94.0,-1,-1,-1,-1
97,5,832.23,358.3,66.85,103.96,-1,-1,-1,-1
97,6,511.74,371.25,67.64,120.82,-1,-1,-1,-1
98,1,530.45,353.07,52.46,94.4,-1,-1,-1,-1
98,2,1018.4,354.48,51.98,134.12,-1,-1,-1,-1
98,3,389.78,389.07,68.02,129.51,-1,-1,-1,-1
98,4,569.03,343.61,67.17,98.75,-1,-1,-1,-1
98,5,832.55,358.55,64.85,102.26,-1,-1,-1,-1
98,6,505.33,374.2,65.73,118.28,-1,-1,-1,-1
99,1,526.42,354.79,52.94,98.27,-1,-1,-1,-1
99,2,1020.9,354.83,50.76,133.48,-1,-1,-1,-1
99,3,393.48,386.24,65.02,126.37,-1,-1,-1,-1
99,4,562.9,343.6,66.63,101.1,-1,-1,-1,-1
99,5,831.86,358.38,63.96,102.26,-1,-1,-1,-1
99,6,506.34,375.99,63.35,116.53,-1,-1,-1,-1
100,1,506.0,358.0,53.0,96.0,-1,-1,-1,-1
100,2,1025.18,355.3,49.35,130.86,-1,-1,-1,-1
100,3,398.42,384.24,60.86,120.32,-1,-1,-1,-1
100,4,553.5,346.52,65.04,100.53,-1,-1,-1,-1
100,5,830.18,357.29,62.92,102.28,-1,-1,-1,-1
100,6,503.93,375.1,63.7,117.35,-1,-1,-1,-1
101,1,504.6666666666667,360.0,54.333333333333314,94.0,-1,-1,-1,-1
101,2,1026.59,355.21,48.99,131.07,-1,-1,-1,-1
101,3,400.99,382.9,58.64,118.01,-1,-1,-1,-1
101,4,549.12,349.28,62.78,98.81,-1,-1,-1,-1
101,5,830.26,357.06,61.18,101.11,-1,-1,-1,-1
101,6,500.61,372.49,64.25,119.58,-1,-1,-1,-1
102,1,503.3333333333333,362.0,55.666666666666686,92.0,-1,-1,-1,-1
102,2,1031.15,355.34,47.77,129.53,-1,-1,-1,-1
102,3,405.4,379.11,59.5,119.59,-1,-1,-1,-1
102,4,542.73,352.55,60.52,96.35,-1,-1,-1,-1
102,5,828.41,356.25,59.56,99.5,-1,-1,-1,-1
102,6,498.29,367.33,65.74,123.95,-1,-1,-1,-1
103,1,502.0,364.0,57.0,90.0,-1,-1,-1,-1
103,2,1032.85,354.67,47.11,129.41,-1,-1,-1,-1
103,3,407.92,376.41,60.75,121.22,-1,-1,-1,-1
103,4,539.05,354.5,58.48,94.21,-1,-1,-1,-1
103,5,827.09,355.23,58.47,98.62,-1,-1,-1,-1
103,6,497.39,364.61,66.02,126.03,-1,-1,-1,-1
104,1,503.6666666666667,361.33333333333337,55.333333333333314,92.66666666666664,-1,-1,-1,-1
104,2,1036.15,352.2,46.11,130.13,-1,-1,-1,-1
104,3,408.55,372.01,59.93,118.43,-1,-1,-1,-1
104,4,531.09,357.75,58.14,93.42,-1,-1,-1,-1
104,5,825.55,353.82,56.63,96.22,-1,-1,-1,-1
104,6,495.73,361.92,63.24,123.15,-1,-1,-1,-1
105,1,505.33333333333337,358.66666666666663,53.66666666666663,95.33333333333336,-1,-1,-1,-1
105,2,1038.18,350.11,45.16,131.31,-1,-1,-1,-1
105,3,409.73,369.04,58.27,113.61,-1,-1,-1,-1
105,4,528.48,359.51,57.75,93.44,-1,-1,-1,-1
105,5,824.53,353.63,55.13,94.15,-1,-1,-1,-1
105,6,497.09,359.99,60.32,119.29,-1,-1,-1,-1
106,1,507.0,356.0,52.0,98.0,-1,-1,-1,-1
106,2,1041.65,348.31,43.94,131.32,-1,-1,-1,-1
106,3,413.68,366.79,58.34,114.26,-1,-1,-1,-1
106,4,524.9,359.08,57.86,94.65,-1,-1,-1,-1
106,5,820.57,351.93,55.78,95.55,-1,-1,-1,-1
106,6,497.02,357.31,58.93,118.87,-1,-1,-1,-1
107,1,511.0,357.5,52.0,97.0,-1,-1,-1,-1
107,2,1045.01,347.96,42.76,129.84,-1,-1,-1,-1
107,3,414.81,365.27,58.12,114.96,-1,-1,-1,-1
107,4,523.98,358.43,57.44,95.7,-1,-1,-1,-1
107,5,818.31,351.63,55.35,94.89,-1,-1,-1,-1
107,6,497.46,354.25,58.9,121.09,-1,-1,-1,-1
108,4,523.0,355.0,53.0,98.0,-1,-1,-1,-1
108,1,523.51,359.03,54.96,94.03,-1,-1,-1,-1
108,2,1049.14,348.02,41.15,125.85,-1,-1,-1,-1
108,3,415.31,361.93,58.03,117.19,-1,-1,-1,-1
108,5,817.74,351.85,54.77,94.38,-1,-1,-1,-1
108,6,501.31,353.04,55.39,110.23,-1,-1,-1,-1
109,4,519.0,352.33333333333337,51.66666666666674,101.66666666666669,-1,-1,-1,-1
109,1,525.85,359.52,52.41,93.09,-1,-1,-1,-1
109,2,1051.62,347.94,40.87,124.21,-1,-1,-1,-1
109,3,417.14,359.11,58.43,117.89,-1,-1,-1,-1
109,5,817.55,351.21,54.64,94.81,-1,-1,-1,-1
109,6,499.21,350.84,56.35,114.79,-1,-1,-1,-1
110,4,515.0,349.66666666666663,50.33333333333337,105.33333333333336,-1,-1,-1,-1
110,1,526.77,358.47,52.3,94.84,-1,-1,-1,-1
110,2,1054.53,348.99,41.4,122.28,-1,-1,-1,-1
110,3,423.75,357.97,54.2,109.11,-1,-1,-1,-1
110,5,812.13,348.16,56.45,97.09,-1,-1,-1,-1
110,6,499.12,347.69,56.59,117.69,-1,-1,-1,-1
111,4,511.0,347.0,49.0,109.0,-1,-1,-1,-1
111,1,528.59,357.47,52.48,96.68,-1,-1,-1,-1
111,2,1055.9,349.26,42.0,121.45,-1,-1,-1,-1
111,3,427.01,357.51,53.96,109.25,-1,-1,-1,-1
111,5,808.3,346.16,56.69,97.37,-1,-1,-1,-1
111,6,499.61,346.04,56.42,119.19,-1,-1,-1,-1
112,4,509.25,345.75,50.0,104.75,-1,-1,-1,-1
112,1,529.93,355.74,55.59,103.57,-1,-1,-1,-1
112,2,1056.48,350.13,43.08,120.73,-1,-1,-1,-1
112,3,432.31,356.34,52.13,105.56,-1,-1,-1,-1
112,5,806.27,342.02,56.27,96.89,-1,-1,-1,-1
112,6,499.72,344.12,56.15,120.14,-1,-1,-1,-1
113,4,507.5,344.5,51.0,100.5,-1,-1,-1,-1
113,1,530.53,355.22,56.68,106.59,-1,-1,-1,-1
113,2,1056.26,350.32,44.15,120.34,-1,-1,-1,-1
113,3,434.88,354.92,51.56,104.98,-1,-1,-1,-1
113,5,803.24,339.9,54.85,95.53,-1,-1,-1,-1
113,6,499.95,342.68,55.84,121.16,-1,-1,-1,-1
114,4,505.75,343.25,52.0,96.25,-1,-1,-1,-1
114,1,537.47,355.59,56.64,107.75,-1,-1,-1,-1
114,2,1058.72,350.55,44.09,118.29,-1,-1,-1,-1
114,3,436.39,351.59,52.6,108.29,-1,-1,-1,-1
114,5,802.86,338.86,52.96,92.93,-1,-1,-1,-1
114,6,500.91,341.86,55.31,121.78,-1,-1,-1,-1
115,4,504.0,342.0,53.0,92.0,-1,-1,-1,-1
115,1,544.5,355.29,56.32,108.31,-1,-1,-1,-1
115,2,1060.5,350.04,44.55,118.46,-1,-1,-1,-1
115,3,439.33,349.09,50.6,104.03,-1,-1,-1,-1
115,5,802.51,338.84,52.28,91.37,-1,-1,-1,-1
115,6,502.03,341.59,54.91,121.66,-1,-1,-1,-1
116,1,552.61,355.76,53.08,102.62,-1,-1,-1,-1
116,2,1064.76,348.96,44.56,119.45,-1,-1,-1,-1
116,3,443.6,345.8,47.52,97.57,-1,-1,-1,-1
116,4,498.14,343.28,45.32,93.79,-1,-1,-1,-1
116,5,800.54,339.03,52.84,90.82,-1,-1,-1,-1
116,6,503.44,341.37,54.7,120.07,-1,-1,-1,-1
117,1,558.22,356.53,51.16,99.44,-1,-1,-1,-1
117,2,1066.75,348.12,44.81,121.19,-1,-1,-1,-1
117,3,448.34,343.46,46.12,95.55,-1,-1,-1,-1
117,4,496.02,342.91,45.24,93.16,-1,-1,-1,-1
117,5,798.74,338.4,54.14,91.54,-1,-1,-1,-1
117,6,503.95,341.77,54.82,119.1,-1,-1,-1,-1
118,1,570.1,359.37,50.64,96.45,-1,-1,-1,-1
118,2,1069.51,348.11,44.25,121.57,-1,-1,-1,-1
118,3,452.19,340.1,46.32,96.73,-1,-1,-1,-1
118,4,499.42,342.6,45.28,92.88,-1,-1,-1,-1
118,5,795.16,336.26,56.4,94.22,-1,-1,-1,-1
118,6,508.08,342.7,54.19,116.02,-1,-1,-1,-1
119,1,576.97,362.37,50.25,92.93,-1,-1,-1,-1
119,2,1071.66,348.12,44.04,122.32,-1,-1,-1,-1
119,3,454.6,337.15,46.29,98.1,-1,-1,-1,-1
119,4,500.23,340.99,45.56,93.77,-1,-1,-1,-1
119,5,791.38,334.46,58.12,95.53,-1,-1,-1,-1
119,6,512.73,343.08,55.07,114.5,-1,-1,-1,-1
120,1,582.55,366.2,49.92,89.21,-1,-1,-1,-1
120,2,1073.39,348.58,43.12,121.28,-1,-1,-1,-1
120,3,457.29,332.55,45.94,99.26,-1,-1,-1,-1
120,4,499.46,338.46,44.8,92.94,-1,-1,-1,-1
120,5,782.24,331.6,58.35,95.74,-1,-1,-1,-1
120,6,517.03,342.2,56.88,115.11,-1,-1,-1,-1
121,1,584.01,368.17,50.09,86.66,-1,-1,-1,-1
121,2,1075.05,348.62,42.97,121.34,-1,-1,-1,-1
121,3,459.38,330.77,44.02,96.45,-1,-1,-1,-1
121,4,499.33,336.81,44.88,93.91,-1,-1,-1,-1
121,5,775.31,329.82,55.99,92.86,-1,-1,-1,-1
121,6,527.15,341.44,58.34,115.91,-1,-1,-1,-1
122,1,584.61,368.83,51.0,86.09,-1,-1,-1,-1
122,2,1078.42,348.2,43.2,120.92,-1,-1,-1,-1
122,3,462.69,325.84,44.64,99.96,-1,-1,-1,-1
122,4,499.28,334.59,44.35,91.59,-1,-1,-1,-1
122,5,766.87,329.66,48.94,83.04,-1,-1,-1,-1
122,6,536.18,339.25,56.13,110.27,-1,-1,-1,-1
123,1,584.33,368.73,52.12,85.62,-1,-1,-1,-1
123,2,1079.46,347.75,43.58,121.07,-1,-1,-1,-1
123,3,464.62,321.89,45.07,103.02,-1,-1,-1,-1
123,4,500.76,333.67,44.25,90.77,-1,-1,-1,-1
123,5,761.43,329.7,45.61,79.34,-1,-1,-1,-1
123,6,543.09,337.23,55.49,108.68,-1,-1,-1,-1
124,1,577.93,368.19,57.68,92.0,-1,-1,-1,-1
124,2,1080.34,347.44,43.77,120.69,-1,-1,-1,-1
124,3,466.13,309.6,48.8,115.08,-1,-1,-1,-1
124,4,504.73,332.94,42.22,86.88,-1,-1,-1,-1
124,5,753.87,328.06,46.85,83.37,-1,-1,-1,-1
124,6,555.95,336.21,56.08,108.41,-1,-1,-1,-1
125,1,572.28,367.69,61.04,94.02,-1,-1,-1,-1
125,2,1080.54,347.33,43.92,120.26,-1,-1,-1,-1
125,3,468.81,304.17,45.95,110.79,-1,-1,-1,-1
125,4,503.51,326.75,44.44,91.63,-1,-1,-1,-1
125,5,749.61,335.39,42.89,74.95,-1,-1,-1,-1
125,6,560.34,336.77,56.21,107.42,-1,-1,-1,-1
126,1,561.31,368.48,60.9,94.96,-1,-1,-1,-1
126,2,1081.9,346.85,43.66,119.66,-1,-1,-1,-1
126,3,470.77,299.09,43.84,106.54,-1,-1,-1,-1
126,4,500.49,313.49,49.8,104.26,-1,-1,-1,-1
126,5,741.56,339.97,39.28,68.88,-1,-1,-1,-1
126,6,565.46,335.81,57.36,108.57,-1,-1,-1,-1
127,1,556.03,368.91,60.54,95.18,-1,-1,-1,-1
127,2,1082.89,345.79,43.63,119.74,-1,-1,-1,-1
127,3,473.49,298.99,40.67,98.91,-1,-1,-1,-1
127,4,501.6,311.96,49.6,105.56,-1,-1,-1,-1
127,5,738.0,342.18,36.94,65.93,-1,-1,-1,-1
127,6,569.25,336.38,54.32,103.34,-1,-1,-1,-1
128,1,549.63,367.57,61.53,97.02,-1,-1,-1,-1
128,2,1084.4,344.2,43.6,119.78,-1,-1,-1,-1
128,3,477.46,304.23,38.84,93.28,-1,-1,-1,-1
128,4,503.11,310.66,49.15,105.75,-1,-1,-1,-1
128,5,729.36,324.06,44.52,81.99,-1,-1,-1,-1
128,6,576.22,334.81,56.22,103.49,-1,-1,-1,-1
129,1,544.35,366.6,62.39,97.86,-1,-1,-1,-1
129,2,1084.85,343.47,43.7,120.25,-1,-1,-1,-1
129,3,476.98,309.19,36.86,88.83,-1,-1,-1,-1
129,4,508.22,318.05,44.62,96.39,-1,-1,-1,-1
129,5,725.84,330.12,41.66,77.55,-1,-1,-1,-1
129,6,577.91,334.11,58.3,103.86,-1,-1,-1,-1
130,1,533.07,364.0,64.26,100.37,-1,-1,-1,-1
130,2,1084.83,342.62,43.99,121.33,-1,-1,-1,-1
130,3,477.24,313.08,36.95,89.14,-1,-1,-1,-1
130,4,515.29,319.64,41.21,90.21,-1,-1,-1,-1
130,5,713.48,331.82,44.56,82.79,-1,-1,-1,-1
130,6,579.09,334.18,59.45,102.83,-1,-1,-1,-1
131,1,522.79,359.65,67.73,107.31,-1,-1,-1,-1
131,2,1084.8,342.32,44.04,121.74,-1,-1,-1,-1
131,3,478.3,316.93,35.55,86.26,-1,-1,-1,-1
131,4,517.39,319.52,40.21,88.3,-1,-1,-1,-1
131,5,707.4,332.0,45.44,84.97,-1,-1,-1,-1
131,6,579.01,333.49,61.15,103.37,-1,-1,-1,-1
132,1,511.67,365.31,62.9,103.19,-1,-1,-1,-1
132,2,1084.78,341.78,43.97,122.34,-1,-1,-1,-1
132,3,479.68,320.86,34.12,82.19,-1,-1,-1,-1
132,4,519.02,318.15,39.84,86.43,-1,-1,-1,-1
132,5,702.62,331.23,45.82,86.97,-1,-1,-1,-1
132,6,586.91,333.1,59.98,102.1,-1,-1,-1,-1
133,1,505.19,367.79,59.94,101.28,-1,-1,-1,-1
133,2,1084.8,341.6,43.8,122.56,-1,-1,-1,-1
133,3,481.23,323.39,33.2,80.17,-1,-1,-1,-1
133,4,521.3,318.32,39.29,84.26,-1,-1,-1,-1
133,5,700.36,332.12,44.88,86.56,-1,-1,-1,-1
133,6,590.53,332.23,59.72,102.24,-1,-1,-1,-1
134,1,492.41,370.65,59.02,99.2,-1,-1,-1,-1
134,2,1084.84,341.55,43.59,122.64,-1,-1,-1,-1
134,3,482.79,328.58,31.37,75.84,-1,-1,-1,-1
134,4,523.68,317.98,40.16,85.34,-1,-1,-1,-1
134,5,690.92,334.27,45.64,86.66,-1,-1,-1,-1
134,6,596.33,332.23,58.79,100.82,-1,-1,-1,-1
135,1,484.01,372.01,59.68,99.89,-1,-1,-1,-1
135,2,1084.85,341.4,43.44,122.82,-1,-1,-1,-1
135,3,483.84,331.68,30.82,74.37,-1,-1,-1,-1
135,4,530.12,320.75,40.66,83.96,-1,-1,-1,-1
135,5,685.1,333.92,47.26,89.04,-1,-1,-1,-1
135,6,599.01,333.16,58.3,99.4,-1,-1,-1,-1
136,1,478.54,373.08,59.61,100.14,-1,-1,-1,-1
136,2,1084.89,341.36,43.26,122.88,-1,-1,-1,-1
136,3,484.11,333.34,30.14,72.39,-1,-1,-1,-1
136,4,533.53,322.74,39.93,80.15,-1,-1,-1,-1
136,5,681.49,334.68,47.5,89.63,-1,-1,-1,-1
136,6,602.15,338.79,55.91,94.09,-1,-1,-1,-1
137,1,475.64,372.43,59.92,101.27,-1,-1,-1,-1
137,2,1084.92,341.36,43.09,122.9,-1,-1,-1,-1
137,3,483.31,332.94,30.35,72.7,-1,-1,-1,-1
137,4,535.57,325.51,39.11,76.33,-1,-1,-1,-1
137,5,680.53,335.28,47.19,89.24,-1,-1,-1,-1
137,6,603.43,342.61,54.36,90.3,-1,-1,-1,-1
138,1,473.56,369.35,61.19,104.19,-1,-1,-1,-1
138,2,1084.98,341.52,42.89,122.75,-1,-1,-1,-1
138,3,481.79,331.54,30.37,72.57,-1,-1,-1,-1
138,4,537.16,325.13,39.99,76.56,-1,-1,-1,-1
138,5,680.69,334.04,48.23,90.83,-1,-1,-1,-1
138,6,603.18,346.73,53.07,85.92,-1,-1,-1,-1
139,1,474.43,367.43,61.63,104.85,-1,-1,-1,-1
139,2,1085.02,341.89,42.73,122.69,-1,-1,-1,-1
139,3,481.68,331.89,30.06,70.77,-1,-1,-1,-1
139,4,537.92,324.54,40.39,76.08,-1,-1,-1,-1
139,5,681.05,332.84,48.9,92.0,-1,-1,-1,-1
139,6,600.6,343.07,56.03,89.67,-1,-1,-1,-1
140,1,477.4,364.18,61.65,104.93,-1,-1,-1,-1
140,2,1085.63,342.19,42.63,122.22,-1,-1,-1,-1
140,3,480.8,327.7,31.57,73.24,-1,-1,-1,-1
140,4,538.02,320.98,42.54,79.9,-1,-1,-1,-1
140,5,684.43,331.51,50.04,93.6,-1,-1,-1,-1
140,6,598.42,339.85,58.97,93.69,-1,-1,-1,-1
141,1,484.22,362.94,61.86,103.16,-1,-1,-1,-1
141,2,1085.36,343.2,42.37,121.15,-1,-1,-1,-1
141,3,479.83,326.04,32.22,74.15,-1,-1,-1,-1
141,4,538.95,318.66,43.22,81.3,-1,-1,-1,-1
141,5,686.58,331.16,50.79,94.19,-1,-1,-1,-1
141,6,596.62,337.74,60.73,96.11,-1,-1,-1,-1
142,1,487.59,361.58,64.29,104.84,-1,-1,-1,-1
142,2,1085.3,343.59,42.15,120.75,-1,-1,-1,-1
142,3,478.87,321.38,33.62,76.33,-1,-1,-1,-1
142,4,541.54,316.46,43.02,80.68,-1,-1,-1,-1
142,5,692.06,332.8,49.67,92.91,-1,-1,-1,-1
142,6,594.35,338.4,59.09,94.12,-1,-1,-1,-1
143,1,489.17,361.98,65.27,104.28,-1,-1,-1,-1
143,2,1085.28,343.74,42.03,120.6,-1,-1,-1,-1
143,3,477.38,318.76,35.21,78.64,-1,-1,-1,-1
143,4,543.03,315.5,42.96,80.16,-1,-1,-1,-1
143,5,695.15,334.19,48.68,91.5,-1,-1,-1,-1
143,6,591.56,338.97,57.93,93.05,-1,-1,-1,-1
144,1,490.34,363.93,64.06,100.78,-1,-1,-1,-1
144,2,1085.33,344.09,41.86,120.25,-1,-1,-1,-1
144,3,474.13,316.75,35.89,78.65,-1,-1,-1,-1
144,4,545.56,315.77,43.65,79.39,-1,-1,-1,-1
144,5,697.99,336.51,48.67,90.34,-1,-1,-1,-1
144,6,585.26,338.28,57.77,95.37,-1,-1,-1,-1
145,1,492.31,365.0,63.09,98.22,-1,-1,-1,-1
145,2,1085.3,343.92,41.87,120.43,-1,-1,-1,-1
145,3,471.27,315.57,36.98,79.26,-1,-1,-1,-1
145,4,547.22,317.55,43.52,77.02,-1,-1,-1,-1
145,5,699.76,338.28,48.57,89.0,-1,-1,-1,-1
145,6,581.08,338.47,57.86,98.0,-1,-1,-1,-1
146,1,491.96,364.65,62.56,97.13,-1,-1,-1,-1
146,2,1085.3,343.86,41.84,120.5,-1,-1,-1,-1
146,3,468.07,314.57,38.12,79.79,-1,-1,-1,-1
146,4,547.99,322.49,43.6,74.94,-1,-1,-1,-1
146,5,704.13,341.03,50.18,88.19,-1,-1,-1,-1
146,6,578.74,339.14,57.05,99.3,-1,-1,-1,-1
147,1,491.4,363.02,63.29,98.24,-1,-1,-1,-1
147,2,1085.3,343.83,41.8,120.53,-1,-1,-1,-1
147,3,465.98,314.52,38.56,78.81,-1,-1,-1,-1
147,4,548.62,325.08,43.39,72.39,-1,-1,-1,-1
147,5,705.79,343.84,50.77,85.79,-1,-1,-1,-1
147,6,578.63,340.42,55.22,98.61,-1,-1,-1,-1
148,1,494.88,359.29,62.79,99.56,-1,-1,-1,-1
148,2,1085.3,344.12,41.77,120.54,-1,-1,-1,-1
148,3,464.6,314.99,39.21,78.43,-1,-1,-1,-1
148,4,549.12,328.31,42.0,67.52,-1,-1,-1,-1
148,5,706.07,340.03,54.08,89.41,-1,-1,-1,-1
148,6,576.31,340.03,54.41,98.93,-1,-1,-1,-1
149,1,494.33,357.16,59.84,96.8,-1,-1,-1,-1
149,2,1085.38,344.37,41.6,120.11,-1,-1,-1,-1
149,3,462.56,315.04,40.92,80.38,-1,-1,-1,-1
149,4,548.9,329.77,42.1,65.49,-1,-1,-1,-1
149,5,710.86,339.52,54.73,89.85,-1,-1,-1,-1
149,6,575.88,340.17,53.26,98.75,-1,-1,-1,-1
150,1,492.75,354.72,57.26,95.44,-1,-1,-1,-1
150,2,1085.93,344.02,41.66,120.39,-1,-1,-1,-1
150,3,457.9,313.17,41.76,81.41,-1,-1,-1,-1
150,4,547.86,330.41,42.74,64.52,-1,-1,-1,-1
150,5,720.26,340.35,52.89,87.94,-1,-1,-1,-1
150,6,576.64,339.48,52.26,99.56,-1,-1,-1,-1
151,1,492.75,352.95,55.79,95.86,-1,-1,-1,-1
151,2,1086.06,343.29,41.84,121.1,-1,-1,-1,-1
151,3,454.61,312.63,42.35,82.09,-1,-1,-1,-1
151,4,547.18,330.61,43.51,63.93,-1,-1,-1,-1
151,5,724.67,341.85,52.24,87.8,-1,-1,-1,-1
151,6,578.4,339.07,50.76,99.86,-1,-1,-1,-1
152,1,492.95,350.09,54.9,97.82,-1,-1,-1,-1
152,2,1085.94,342.42,42.23,121.96,-1,-1,-1,-1
152,3,447.99,310.68,43.81,85.59,-1,-1,-1,-1
152,4,545.34,329.73,45.07,64.69,-1,-1,-1,-1
152,5,733.74,343.14,52.52,86.85,-1,-1,-1,-1
152,6,577.2,335.06,51.06,102.93,-1,-1,-1,-1
153,1,493.63,348.61,53.4,98.27,-1,-1,-1,-1
153,2,1086.59,342.09,42.16,121.99,-1,-1,-1,-1
153,3,443.09,309.23,44.0,87.48,-1,-1,-1,-1
153,4,544.61,329.69,45.71,64.4,-1,-1,-1,-1
153,5,737.65,342.41,55.06,89.19,-1,-1,-1,-1
153,6,577.12,332.83,50.47,104.07,-1,-1,-1,-1
154,1,493.05,345.58,52.79,99.03,-1,-1,-1,-1
154,2,1087.55,341.83,41.87,121.85,-1,-1,-1,-1
154,3,439.22,309.29,42.9,86.45,-1,-1,-1,-1
154,4,544.48,329.8,46.22,63.44,-1,-1,-1,-1
154,5,739.29,343.16,56.63,89.76,-1,-1,-1,-1
154,6,578.01,330.51,49.04,103.32,-1,-1,-1,-1
155,1,494.78,343.59,49.88,94.88,-1,-1,-1,-1
155,2,1087.97,341.73,41.64,121.79,-1,-1,-1,-1
155,3,437.19,310.09,41.79,85.12,-1,-1,-1,-1
155,4,542.3,329.67,47.6,63.43,-1,-1,-1,-1
155,5,740.13,342.4,58.35,90.87,-1,-1,-1,-1
155,6,578.91,327.43,48.02,103.0,-1,-1,-1,-1
156,1,496.32,340.35,48.3,93.58,-1,-1,-1,-1
156,2,1088.2,341.85,41.39,121.62,-1,-1,-1,-1
156,3,431.69,311.47,40.91,82.82,-1,-1,-1,-1
156,4,536.26,329.91,49.54,63.16,-1,-1,-1,-1
156,5,744.22,340.47,59.49,92.76,-1,-1,-1,-1
156,6,580.2,325.85,46.37,101.09,-1,-1,-1,-1
157,1,498.41,337.86,48.3,94.33,-1,-1,-1,-1
157,2,1088.32,341.9,41.2,121.55,-1,-1,-1,-1
157,3,429.15,312.32,40.23,80.74,-1,-1,-1,-1
157,4,534.68,329.08,51.95,64.89,-1,-1,-1,-1
157,5,746.75,340.17,59.55,93.17,-1,-1,-1,-1
157,6,581.63,325.15,45.1,98.85,-1,-1,-1,-1
158,1,492.97,333.57,50.0,97.0,-1,-1,-1,-1
158,2,1088.38,341.78,41.08,121.67,-1,-1,-1,-1
158,3,424.44,312.8,41.25,80.56,-1,-1,-1,-1
158,4,526.8,325.21,55.58,68.23,-1,-1,-1,-1
158,5,752.21,336.07,60.39,96.85,-1,-1,-1,-1
158,6,583.57,325.23,44.87,96.51,-1,-1,-1,-1
159,1,491.49,330.55,50.74,96.83,-1,-1,-1,-1
159,2,1088.39,341.44,41.04,122.02,-1,-1,-1,-1
159,3,422.08,311.79,42.78,81.69,-1,-1,-1,-1
159,4,519.23,320.68,59.76,72.99,-1,-1,-1,-1
159,5,755.85,333.21,60.89,99.97,-1,-1,-1,-1
159,6,583.87,325.6,45.03,94.74,-1,-1,-1,-1
160,1,491.9,330.22,50.31,94.98,-1,-1,-1,-1
160,2,1088.41,341.17,40.98,122.29,-1,-1,-1,-1
160,3,418.85,311.72,43.93,82.42,-1,-1,-1,-1
160,4,502.13,315.06,66.76,80.3,-1,-1,-1,-1
160,5,760.88,330.81,61.16,102.03,-1,-1,-1,-1
160,6,581.91,325.63,46.24,95.01,-1,-1,-1,-1
161,1,492.25,330.5,49.81,93.69,-1,-1,-1,-1
161,2,1088.45,341.07,40.88,122.39,-1,-1,-1,-1
161,3,414.68,310.67,44.69,83.29,-1,-1,-1,-1
161,4,494.63,313.17,66.15,80.59,-1,-1,-1,-1
161,5,764.66,329.75,60.88,103.08,-1,-1,-1,-1
161,6,580.93,325.66,47.18,95.12,-1,-1,-1,-1
162,1,494.14,330.08,49.16,92.91,-1,-1,-1,-1
162,2,1088.46,341.04,40.85,122.73,-1,-1,-1,-1
162,3,406.19,308.95,44.5,83.91,-1,-1,-1,-1
162,4,489.93,314.34,61.3,76.3,-1,-1,-1,-1
162,5,773.92,330.25,60.72,102.28,-1,-1,-1,-1
162,6,577.97,323.46,48.56,96.68,-1,-1,-1,-1
163,1,495.33,329.39,49.17,93.84,-1,-1,-1,-1
163,2,1088.47,340.88,40.81,123.0,-1,-1,-1,-1
163,3,401.52,307.72,44.28,84.44,-1,-1,-1,-1
163,4,488.43,316.36,54.26,68.88,-1,-1,-1,-1
163,5,778.76,330.92,60.18,99.86,-1,-1,-1,-1
163,6,575.68,322.66,49.08,96.67,-1,-1,-1,-1
164,1,499.19,329.93,47.11,90.92,-1,-1,-1,-1
164,2,1088.59,340.83,40.55,123.09,-1,-1,-1,-1
164,3,394.61,307.57,43.19,84.33,-1,-1,-1,-1
164,4,481.18,319.8,54.33,70.65,-1,-1,-1,-1
164,5,784.17,332.69,61.44,98.9,-1,-1,-1,-1
164,6,571.21,321.79,48.78,93.7,-1,-1,-1,-1
165,1,504.31,330.51,45.08,88.01,-1,-1,-1,-1
165,2,1088.13,340.67,40.26,122.98,-1,-1,-1,-1
165,3,390.67,309.02,41.84,83.39,-1,-1,-1,-1
165,4,478.25,320.69,55.26,72.74,-1,-1,-1,-1
165,5,792.08,334.12,61.13,97.03,-1,-1,-1,-1
165,6,567.77,320.44,49.2,92.58,-1,-1,-1,-1
166,1,510.68,331.39,41.41,80.28,-1,-1,-1,-1
166,2,1088.03,340.61,40.01,122.93,-1,-1,-1,-1
166,3,384.69,312.57,39.91,78.56,-1,-1,-1,-1
166,4,478.2,326.19,51.99,68.52,-1,-1,-1,-1
166,5,795.23,335.12,61.53,96.31,-1,-1,-1,-1
166,6,564.3,320.13,50.22,91.58,-1,-1,-1,-1
167,1,513.67,332.26,39.98,77.15,-1,-1,-1,-1
167,2,1088.01,340.3,39.87,123.2,-1,-1,-1,-1
167,3,380.18,313.63,39.85,77.32,-1,-1,-1,-1
167,4,478.72,329.12,50.15,65.94,-1,-1,-1,-1
167,5,796.35,335.5,62.04,96.03,-1,-1,-1,-1
167,6,562.84,320.8,51.07,90.63,-1,-1,-1,-1
168,1,517.54,331.03,41.76,78.3,-1,-1,-1,-1
168,2,1088.53,339.89,39.96,123.6,-1,-1,-1,-1
168,3,372.25,316.13,40.34,75.38,-1,-1,-1,-1
168,4,477.83,331.83,48.88,63.18,-1,-1,-1,-1
168,5,800.69,335.05,61.81,96.22,-1,-1,-1,-1
168,6,563.33,321.23,51.83,89.7,-1,-1,-1,-1
169,1,517.63,330.01,43.05,79.04,-1,-1,-1,-1
169,2,1088.23,339.74,39.79,123.75,-1,-1,-1,-1
169,3,366.11,316.89,42.77,76.81,-1,-1,-1,-1
169,4,479.95,332.33,49.33,62.5,-1,-1,-1,-1
169,5,803.67,333.83,61.69,97.19,-1,-1,-1,-1
169,6,563.66,321.41,52.54,89.38,-1,-1,-1,-1
170,1,518.08,328.61,43.76,78.77,-1,-1,-1,-1
170,2,1088.17,339.69,39.62,123.8,-1,-1,-1,-1
170,3,359.9,317.75,45.91,79.44,-1,-1,-1,-1
170,4,479.37,333.09,48.72,61.38,-1,-1,-1,-1
170,5,806.94,331.75,61.79,99.33,-1,-1,-1,-1
170,6,562.1,320.0,53.24,90.19,-1,-1,-1,-1
171,1,520.31,328.72,42.77,75.4,-1,-1,-1,-1
171,2,1088.2,339.67,39.45,123.81,-1,-1,-1,-1
171,3,357.19,317.91,47.83,80.14,-1,-1,-1,-1
171,4,481.29,333.47,48.7,60.39,-1,-1,-1,-1
171,5,809.73,330.97,61.39,100.42,-1,-1,-1,-1
171,6,562.73,319.34,52.95,89.31,-1,-1,-1,-1
172,1,530.94,326.97,42.25,72.36,-1,-1,-1,-1
172,2,1088.32,340.12,39.17,123.36,-1,-1,-1,-1
172,3,351.5,318.69,47.91,79.82,-1,-1,-1,-1
172,4,485.26,332.52,50.84,61.58,-1,-1,-1,-1
172,5,811.79,332.3,60.72,99.65,-1,-1,-1,-1
172,6,566.68,318.96,49.69,83.91,-1,-1,-1,-1
173,1,534.6,326.98,42.26,70.4,-1,-1,-1,-1
173,2,1088.4,340.3,38.99,123.19,-1,-1,-1,-1
173,3,348.24,318.96,47.55,79.4,-1,-1,-1,-1
173,4,487.42,331.25,53.26,62.93,-1,-1,-1,-1
173,5,813.36,333.28,60.37,99.04,-1,-1,-1,-1
173,6,569.31,317.93,48.74,82.81,-1,-1,-1,-1
174,1,540.98,325.33,42.96,70.68,-1,-1,-1,-1
174,2,1088.48,340.22,38.82,122.98,-1,-1,-1,-1
174,3,344.28,316.81,48.14,81.93,-1,-1,-1,-1
174,4,488.98,329.71,56.29,64.94,-1,-1,-1,-1
174,5,815.12,335.29,58.81,96.71,-1,-1,-1,-1
174,6,572.7,316.22,47.77,82.15,-1,-1,-1,-1
175,1,545.86,325.37,43.3,70.22,-1,-1,-1,-1
175,2,1088.48,340.04,38.82,123.34,-1,-1,-1,-1
175,3,341.61,315.56,47.77,83.45,-1,-1,-1,-1
175,4,489.93,328.38,58.48,66.01,-1,-1,-1,-1
175,5,816.05,336.35,57.99,95.52,-1,-1,-1,-1
175,6,576.26,314.86,46.41,81.04,-1,-1,-1,-1
176,1,551.72,320.87,46.54,74.05,-1,-1,-1,-1
176,2,1088.47,339.97,38.85,123.18,-1,-1,-1,-1
176,3,338.79,316.54,45.94,82.27,-1,-1,-1,-1
176,4,490.51,325.8,61.24,68.19,-1,-1,-1,-1
176,5,813.27,335.4,58.92,96.58,-1,-1,-1,-1
176,6,578.29,314.69,45.66,80.37,-1,-1,-1,-1
177,1,556.0,325.0,71.0,71.0,-1,-1,-1,-1
177,2,1088.44,339.95,38.9,123.12,-1,-1,-1,-1
177,3,336.19,318.55,44.5,81.5,-1,-1,-1,-1
177,4,491.32,323.36,64.02,70.47,-1,-1,-1,-1
177,5,810.9,334.14,59.98,97.87,-1,-1,-1,-1
177,6,580.12,314.66,45.58,79.87,-1,-1,-1,-1
178,1,581.0,323.0,50.0,67.0,-1,-1,-1,-1
178,2,1088.46,339.95,38.88,122.8,-1,-1,-1,-1
178,3,333.59,322.87,43.05,79.12,-1,-1,-1,-1
178,4,493.79,319.52,65.99,73.09,-1,-1,-1,-1
178,5,812.43,331.0,60.11,99.84,-1,-1,-1,-1
178,6,580.67,313.02,46.95,82.13,-1,-1,-1,-1
179,1,583.3333333333334,321.0,53.66666666666663,68.00000000000006,-1,-1,-1,-1
179,2,1087.86,340.1,38.87,122.53,-1,-1,-1,-1
179,3,331.68,325.39,43.23,79.11,-1,-1,-1,-1
179,4,494.59,317.62,67.01,74.96,-1,-1,-1,-1
179,5,810.03,329.37,59.53,99.99,-1,-1,-1,-1
179,6,585.99,311.84,49.07,82.69,-1,-1,-1,-1
180,1,585.6666666666667,319.0,57.33333333333326,69.0,-1,-1,-1,-1
180,2,1087.6,340.3,38.95,122.57,-1,-1,-1,-1
180,3,328.28,328.68,43.56,78.82,-1,-1,-1,-1
180,4,495.39,316.76,66.95,75.66,-1,-1,-1,-1
180,5,808.54,329.06,57.93,98.55,-1,-1,-1,-1
180,6,587.84,310.08,51.33,83.22,-1,-1,-1,-1
181,1,588.0,317.0,61.0,70.0,-1,-1,-1,-1
181,2,1087.49,340.38,39.02,122.59,-1,-1,-1,-1
181,3,326.25,329.87,44.29,78.72,-1,-1,-1,-1
181,4,495.86,316.46,66.54,75.9,-1,-1,-1,-1
181,5,808.61,329.26,56.52,97.7,-1,-1,-1,-1
181,6,587.79,308.11,54.15,85.22,-1,-1,-1,-1
182,1,596.5,315.0,58.0,71.5,-1,-1,-1,-1
182,2,1087.35,340.41,39.24,122.6,-1,-1,-1,-1
182,3,324.04,331.17,45.95,79.28,-1,-1,-1,-1
182,4,495.83,312.72,68.48,79.78,-1,-1,-1,-1
182,5,809.4,331.3,54.42,94.98,-1,-1,-1,-1
182,6,597.9,306.22,53.12,81.55,-1,-1,-1,-1
183,1,605.0,313.0,55.0,73.0,-1,-1,-1,-1
183,2,1087.22,340.27,39.49,122.76,-1,-1,-1,-1
183,3,322.69,331.46,47.56,80.39,-1,-1,-1,-1
183,4,496.22,311.03,68.39,81.23,-1,-1,-1,-1
183,5,809.83,332.53,53.29,93.66,-1,-1,-1,-1
183,6,604.06,305.4,53.5,81.34,-1,-1,-1,-1
184,1,617.0,313.0,59.0,72.0,-1,-1,-1,-1
184,2,1086.48,340.52,39.77,123.11,-1,-1,-1,-1
184,3,322.28,332.86,47.89,80.51,-1,-1,-1,-1
184,4,496.43,309.39,68.16,82.63,-1,-1,-1,-1
184,5,809.73,332.4,52.74,93.48,-1,-1,-1,-1
184,6,611.98,303.64,52.31,80.08,-1,-1,-1,-1
185,1,625.3333333333334,311.33333333333337,59.66666666666663,72.66666666666663,-1,-1,-1,-1
185,2,1086.12,341.5,40.05,122.95,-1,-1,-1,-1
185,3,321.2,334.09,47.15,79.67,-1,-1,-1,-1
185,4,497.7,308.51,66.8,82.55,-1,-1,-1,-1
185,5,809.64,331.6,52.6,94.03,-1,-1,-1,-1
185,6,619.33,303.78,50.66,80.52,-1,-1,-1,-1
186,1,633.6666666666667,309.66666666666663,60.33333333333326,73.33333333333337,-1,-1,-1,-1
186,2,1086.48,346.33,39.17,119.32,-1,-1,-1,-1
186,3,319.58,334.66,46.22,79.34,-1,-1,-1,-1
186,4,500.21,309.09,64.52,81.6,-1,-1,-1,-1
186,5,807.16,328.17,53.84,97.23,-1,-1,-1,-1
186,6,626.97,306.85,47.13,77.42,-1,-1,-1,-1
187,1,642.0,308.0,61.0,74.0,-1,-1,-1,-1
187,2,1086.18,350.42,38.52,116.28,-1,-1,-1,-1
187,3,319.67,334.38,45.85,79.52,-1,-1,-1,-1
187,4,502.0,310.25,61.94,80.01,-1,-1,-1,-1
187,5,804.79,325.86,53.64,97.84,-1,-1,-1,-1
187,6,630.88,308.37,45.19,75.96,-1,-1,-1,-1
188,1,667.71,315.63,45.9,60.12,-1,-1,-1,-1
188,2,1085.9,354.32,38.64,115.18,-1,-1,-1,-1
188,3,320.74,333.64,46.79,81.67,-1,-1,-1,-1
188,4,502.98,313.11,58.5,77.0,-1,-1,-1,-1
188,5,801.39,323.66,50.25,93.34,-1,-1,-1,-1
188,6,638.44,309.25,45.23,74.25,-1,-1,-1,-1
189,1,676.87,316.36,45.16,59.21,-1,-1,-1,-1
189,2,1085.21,357.37,38.65,113.74,-1,-1,-1,-1
189,3,320.91,333.49,48.89,86.01,-1,-1,-1,-1
189,4,503.09,314.53,56.45,75.83,-1,-1,-1,-1
189,5,798.6,322.1,49.49,93.71,-1,-1,-1,-1
189,6,643.54,309.89,46.34,73.35,-1,-1,-1,-1
190,1,680.8,316.96,45.2,59.62,-1,-1,-1,-1
190,2,1083.03,359.05,38.92,112.64,-1,-1,-1,-1
190,3,321.3,334.57,50.0,88.23,-1,-1,-1,-1
190,4,502.75,315.67,55.21,75.99,-1,-1,-1,-1
190,5,796.07,320.66,48.73,93.55,-1,-1,-1,-1
190,6,656.56,309.67,46.51,74.56,-1,-1,-1,-1
191,1,685.94,316.61,44.29,58.76,-1,-1,-1,-1
191,2,1081.81,360.81,38.66,108.65,-1,-1,-1,-1
191,3,322.97,336.13,50.14,88.2,-1,-1,-1,-1
191,4,501.93,315.95,54.33,76.95,-1,-1,-1,-1
191,5,794.8,320.0,47.95,93.21,-1,-1,-1,-1
191,6,663.53,309.9,45.44,74.14,-1,-1,-1,-1
192,1,693.53,313.02,48.17,64.4,-1,-1,-1,-1
192,2,1077.8,361.39,39.62,109.33,-1,-1,-1,-1
192,3,328.01,337.89,50.34,88.16,-1,-1,-1,-1
192,4,501.86,316.8,52.9,77.3,-1,-1,-1,-1
192,5,792.95,320.25,46.91,92.49,-1,-1,-1,-1
192,6,670.22,309.23,44.84,75.21,-1,-1,-1,-1
193,1,698.96,313.66,48.4,65.35,-1,-1,-1,-1
193,2,1074.33,362.15,40.45,109.31,-1,-1,-1,-1
193,3,332.03,339.12,49.82,87.23,-1,-1,-1,-1
193,4,502.67,317.71,51.28,77.13,-1,-1,-1,-1
193,5,792.24,321.72,45.48,90.43,-1,-1,-1,-1
193,6,675.3,307.2,45.59,78.3,-1,-1,-1,-1
194,1,693.58,309.38,54.21,72.97,-1,-1,-1,-1
194,2,1070.61,365.68,40.89,106.65,-1,-1,-1,-1
194,3,336.33,338.96,51.22,89.52,-1,-1,-1,-1
194,4,506.13,319.4,49.1,75.28,-1,-1,-1,-1
194,5,788.56,323.97,44.04,85.16,-1,-1,-1,-1
194,6,680.9,305.57,45.82,80.05,-1,-1,-1,-1
195,1,706.21,315.63,47.88,65.9,-1,-1,-1,-1
195,2,1068.12,365.58,42.14,106.75,-1,-1,-1,-1
195,3,339.06,338.59,53.31,93.29,-1,-1,-1,-1
195,4,508.42,319.73,48.14,74.87,-1,-1,-1,-1
195,5,785.19,325.76,45.2,84.75,-1,-1,-1,-1
195,6,682.87,303.63,45.83,81.61,-1,-1,-1,-1
196,1,715.94,318.09,44.76,62.67,-1,-1,-1,-1
196,2,1056.98,362.93,46.35,109.97,-1,-1,-1,-1
196,3,344.19,338.57,54.33,95.87,-1,-1,-1,-1
196,4,511.37,319.39,48.33,75.62,-1,-1,-1,-1
196,5,783.89,327.61,45.93,83.42,-1,-1,-1,-1
196,6,692.71,302.9,41.35,75.75,-1,-1,-1,-1
197,1,720.11,315.74,46.15,66.41,-1,-1,-1,-1
197,2,1051.39,361.33,49.75,111.78,-1,-1,-1,-1
197,3,351.5,338.82,53.91,97.14,-1,-1,-1,-1
197,4,513.14,319.25,48.83,77.09,-1,-1,-1,-1
197,5,783.03,327.99,47.11,83.28,-1,-1,-1,-1
197,6,700.02,304.18,36.85,69.16,-1,-1,-1,-1
198,1,728.23,313.73,46.82,68.6,-1,-1,-1,-1
198,2,1041.8,360.83,55.51,117.96,-1,-1,-1,-1
198,3,361.83,339.48,53.0,97.29,-1,-1,-1,-1
198,4,512.18,318.9,51.01,82.96,-1,-1,-1,-1
198,5,782.36,326.31,48.96,84.77,-1,-1,-1,-1
198,6,707.73,303.6,41.27,78.57,-1,-1,-1,-1
199,1,730.7,316.13,46.65,66.07,-1,-1,-1,-1
199,2,1030.68,362.81,56.53,119.55,-1,-1,-1,-1
199,3,369.4,340.16,51.5,96.14,-1,-1,-1,-1
199,4,514.4,319.05,51.85,85.73,-1,-1,-1,-1
199,5,779.4,323.44,51.01,87.13,-1,-1,-1,-1
199,6,714.06,303.24,42.42,81.09,-1,-1,-1,-1
200,1,742.44,315.19,44.96,67.63,-1,-1,-1,-1
200,2,1024.71,365.32,55.73,118.98,-1,-1,-1,-1
200,3,381.15,341.72,52.23,95.06,-1,-1,-1,-1
200,4,517.41,320.99,51.91,86.22,-1,-1,-1,-1
200,5,779.41,320.45,52.59,89.22,-1,-1,-1,-1
200,6,719.87,302.98,43.91,83.84,-1,-1,-1,-1
201,1,744.35,317.32,46.2,70.86,-1,-1,-1,-1
201,2,1019.16,366.7,55.14,119.18,-1,-1,-1,-1
201,3,389.54,343.18,52.7,93.73,-1,-1,-1,-1
201,4,519.06,325.1,49.15,82.28,-1,-1,-1,-1
201,5,781.05,319.02,53.53,90.32,-1,-1,-1,-1
201,6,723.12,302.6,44.98,86.35,-1,-1,-1,-1
202,1,751.97,317.46,50.42,77.25,-1,-1,-1,-1
202,2,1012.7,366.46,58.01,127.07,-1,-1,-1,-1
202,3,397.73,345.94,50.85,89.92,-1,-1,-1,-1
202,4,520.49,327.89,46.99,79.49,-1,-1,-1,-1
202,5,787.87,315.85,54.59,92.81,-1,-1,-1,-1
202,6,727.83,302.32,46.8,89.04,-1,-1,-1,-1
203,1,756.21,318.93,50.83,78.22,-1,-1,-1,-1
203,2,1009.11,366.93,59.26,130.29,-1,-1,-1,-1
203,3,401.27,347.09,50.64,89.67,-1,-1,-1,-1
203,4,521.18,329.2,45.77,78.14,-1,-1,-1,-1
203,5,792.33,316.72,53.05,90.52,-1,-1,-1,-1
203,6,728.89,302.52,47.5,90.92,-1,-1,-1,-1
204,1,760.23,319.94,49.85,78.86,-1,-1,-1,-1
204,2,1002.56,367.52,61.08,134.85,-1,-1,-1,-1
204,3,407.31,348.08,51.71,90.47,-1,-1,-1,-1
204,4,524.19,331.15,45.75,77.04,-1,-1,-1,-1
204,5,802.31,319.04,47.87,83.35,-1,-1,-1,-1
204,6,730.06,303.48,48.17,92.49,-1,-1,-1,-1
205,1,760.49,320.46,49.3,78.79,-1,-1,-1,-1
205,2,994.96,368.31,61.74,136.86,-1,-1,-1,-1
205,3,411.83,347.82,52.31,89.88,-1,-1,-1,-1
205,4,525.9,331.99,48.08,79.93,-1,-1,-1,-1
205,5,807.75,320.29,45.64,81.54,-1,-1,-1,-1
205,6,732.38,305.9,46.64,90.44,-1,-1,-1,-1
206,1,765.76,318.14,49.48,81.67,-1,-1,-1,-1
206,2,982.54,369.6,60.29,137.15,-1,-1,-1,-1
206,3,413.6,346.94,56.19,96.52,-1,-1,-1,-1
206,4,535.71,335.07,48.19,80.7,-1,-1,-1,-1
206,5,813.69,322.4,41.61,76.06,-1,-1,-1,-1
206,6,735.48,307.75,45.3,89.28,-1,-1,-1,-1
207,1,768.52,316.23,48.93,83.61,-1,-1,-1,-1
207,2,973.57,369.78,58.99,137.49,-1,-1,-1,-1
207,3,414.74,346.31,57.68,99.25,-1,-1,-1,-1
207,4,542.89,341.83,45.45,76.26,-1,-1,-1,-1
207,5,817.08,322.74,39.41,73.15,-1,-1,-1,-1
207,6,737.27,307.56,44.39,89.4,-1,-1,-1,-1
208,1,772.14,313.3,49.08,86.07,-1,-1,-1,-1
208,2,962.26,371.29,57.04,134.33,-1,-1,-1,-1
208,3,416.12,344.29,58.78,101.75,-1,-1,-1,-1
208,4,545.75,343.77,45.17,75.13,-1,-1,-1,-1
208,5,819.96,322.86,39.45,75.26,-1,-1,-1,-1
208,6,740.19,303.78,45.19,93.27,-1,-1,-1,-1
209,1,774.46,311.29,48.74,88.15,-1,-1,-1,-1
209,2,950.76,374.21,56.82,133.05,-1,-1,-1,-1
209,3,417.25,343.19,59.03,102.98,-1,-1,-1,-1
209,4,552.37,342.6,45.78,76.53,-1,-1,-1,-1
209,5,822.7,322.29,38.32,75.43,-1,-1,-1,-1
209,6,740.83,300.47,45.03,96.16,-1,-1,-1,-1
210,1,775.37,309.93,48.27,89.79,-1,-1,-1,-1
210,2,937.32,380.03,57.63,133.13,-1,-1,-1,-1
210,3,418.16,343.34,58.73,103.42,-1,-1,-1,-1
210,4,561.26,342.42,48.38,80.92,-1,-1,-1,-1
210,5,826.45,321.63,37.71,76.15,-1,-1,-1,-1
210,6,741.21,298.76,44.42,98.41,-1,-1,-1,-1
211,1,778.07,309.41,47.16,90.39,-1,-1,-1,-1
211,2,928.97,385.29,57.9,131.5,-1,-1,-1,-1
211,3,420.75,343.84,60.3,105.89,-1,-1,-1,-1
211,4,564.53,342.03,51.08,85.48,-1,-1,-1,-1
211,5,828.71,321.38,38.6,78.24,-1,-1,-1,-1
211,6,741.8,298.4,43.62,100.12,-1,-1,-1,-1
212,1,784.63,309.38,47.07,89.99,-1,-1,-1,-1
212,2,921.37,392.74,56.48,126.23,-1,-1,-1,-1
212,3,420.69,346.64,61.18,107.97,-1,-1,-1,-1
212,4,575.29,343.57,53.72,88.39,-1,-1,-1,-1
212,5,833.25,323.51,39.68,77.56,-1,-1,-1,-1
212,6,744.3,301.05,42.61,100.44,-1,-1,-1,-1
213,1,787.42,309.97,46.8,89.2,-1,-1,-1,-1
213,2,917.73,396.22,55.8,123.15,-1,-1,-1,-1
213,3,420.33,348.6,61.65,109.31,-1,-1,-1,-1
213,4,578.74,344.72,53.11,88.93,-1,-1,-1,-1
213,5,834.62,323.74,41.23,77.62,-1,-1,-1,-1
213,6,745.59,302.69,41.92,101.4,-1,-1,-1,-1
214,1,788.86,311.39,46.23,87.67,-1,-1,-1,-1
214,2,915.74,398.3,55.34,121.13,-1,-1,-1,-1
214,3,420.55,350.36,59.58,105.41,-1,-1,-1,-1
214,4,585.03,345.41,53.72,89.39,-1,-1,-1,-1
214,5,834.93,322.77,43.79,82.13,-1,-1,-1,-1
214,6,745.89,305.82,40.66,99.38,-1,-1,-1,-1
215,1,790.0,312.69,45.67,86.46,-1,-1,-1,-1
215,2,914.04,399.42,55.26,119.95,-1,-1,-1,-1
215,3,418.72,351.32,62.43,110.66,-1,-1,-1,-1
215,4,588.39,346.37,53.48,88.65,-1,-1,-1,-1
215,5,834.99,329.26,43.61,81.46,-1,-1,-1,-1
215,6,745.9,307.78,40.13,98.84,-1,-1,-1,-1
216,1,791.51,313.33,45.4,85.98,-1,-1,-1,-1
216,2,910.07,399.13,56.39,120.14,-1,-1,-1,-1
216,3,412.92,351.22,62.5,112.43,-1,-1,-1,-1
216,4,595.64,346.98,56.42,91.57,-1,-1,-1,-1
216,5,835.63,338.49,40.26,74.97,-1,-1,-1,-1
216,6,744.6,308.96,40.59,99.79,-1,-1,-1,-1
217,1,792.91,312.97,45.16,86.08,-1,-1,-1,-1
217,2,902.77,399.39,58.42,119.49,-1,-1,-1,-1
217,3,408.88,350.57,62.37,113.66,-1,-1,-1,-1
217,4,603.6,346.32,59.07,94.4,-1,-1,-1,-1
217,5,834.17,341.54,39.65,73.07,-1,-1,-1,-1
217,6,743.59,309.24,41.07,100.42,-1,-1,-1,-1
218,1,797.29,313.58,43.67,84.32,-1,-1,-1,-1
218,2,901.9,398.95,60.43,120.02,-1,-1,-1,-1
218,3,400.62,348.98,62.29,116.28,-1,-1,-1,-1
218,4,614.71,349.65,60.54,97.49,-1,-1,-1,-1
218,5,834.01,345.46,38.0,69.37,-1,-1,-1,-1
218,6,744.02,309.33,41.28,100.63,-1,-1,-1,-1
219,1,800.64,312.61,43.06,85.14,-1,-1,-1,-1
219,2,902.78,398.42,61.87,120.54,-1,-1,-1,-1
219,3,395.74,348.21,61.84,117.68,-1,-1,-1,-1
219,4,627.34,352.08,59.18,97.5,-1,-1,-1,-1
219,5,832.42,346.2,37.85,68.98,-1,-1,-1,-1
219,6,744.43,309.2,41.32,100.68,-1,-1,-1,-1
220,1,804.5,313.14,41.57,83.66,-1,-1,-1,-1
220,2,903.72,396.08,63.66,122.84,-1,-1,-1,-1
220,3,391.83,350.24,60.17,113.79,-1,-1,-1,-1
220,4,639.99,350.94,59.15,99.78,-1,-1,-1,-1
220,5,829.71,345.49,39.62,73.12,-1,-1,-1,-1
220,6,745.89,309.29,40.99,100.68,-1,-1,-1,-1
221,1,807.15,313.34,40.75,83.38,-1,-1,-1,-1
221,2,904.26,393.23,65.13,125.04,-1,-1,-1,-1
221,3,386.41,351.76,61.98,115.92,-1,-1,-1,-1
221,4,649.58,351.05,57.96,100.04,-1,-1,-1,-1
221,5,829.18,344.91,38.73,71.97,-1,-1,-1,-1
221,6,747.41,309.16,40.6,100.65,-1,-1,-1,-1
222,1,811.72,313.57,39.62,82.38,-1,-1,-1,-1
222,2,904.93,388.88,66.18,127.36,-1,-1,-1,-1
222,3,381.87,355.4,63.67,118.6,-1,-1,-1,-1
222,4,661.41,349.88,58.28,101.55,-1,-1,-1,-1
222,5,824.58,345.05,42.93,80.84,-1,-1,-1,-1
222,6,749.72,308.35,40.45,101.21,-1,-1,-1,-1
223,1,814.62,314.1,38.99,82.31,-1,-1,-1,-1
223,2,905.28,385.58,66.91,129.26,-1,-1,-1,-1
223,3,380.85,357.51,62.95,116.51,-1,-1,-1,-1
223,4,671.39,351.15,57.54,101.5,-1,-1,-1,-1
223,5,822.73,344.96,44.25,84.6,-1,-1,-1,-1
223,6,751.54,308.19,40.17,101.11,-1,-1,-1,-1
224,1,817.51,314.44,38.48,81.99,-1,-1,-1,-1
224,2,906.38,383.15,66.61,129.39,-1,-1,-1,-1
224,3,379.11,359.77,64.62,119.8,-1,-1,-1,-1
224,4,687.84,352.65,62.61,112.16,-1,-1,-1,-1
224,5,823.01,346.03,43.9,85.52,-1,-1,-1,-1
224,6,753.08,307.53,40.03,101.35,-1,-1,-1,-1
225,1,820.92,315.16,38.2,81.88,-1,-1,-1,-1
225,2,906.77,382.23,65.86,128.53,-1,-1,-1,-1
225,3,378.99,361.18,65.14,120.71,-1,-1,-1,-1
225,4,699.47,353.2,63.62,116.4,-1,-1,-1,-1
225,5,823.12,346.41,43.18,84.97,-1,-1,-1,-1
225,6,753.63,307.42,39.95,101.72,-1,-1,-1,-1
226,1,825.0,314.0,37.0,86.0,-1,-1,-1,-1
226,2,907.09,383.09,64.79,126.99,-1,-1,-1,-1
226,3,376.41,362.42,64.94,120.58,-1,-1,-1,-1
226,4,716.76,365.28,57.04,105.86,-1,-1,-1,-1
226,5,821.12,347.1,45.82,90.59,-1,-1,-1,-1
226,6,754.18,307.38,39.71,101.85,-1,-1,-1,-1
227,1,827.3333333333335,314.0,36.999999999999886,86.0,-1,-1,-1,-1
227,2,908.07,384.48,64.3,126.25,-1,-1,-1,-1
227,3,374.7,362.7,64.94,120.63,-1,-1,-1,-1
227,4,728.61,372.29,54.19,100.44,-1,-1,-1,-1
227,5,820.23,347.06,48.25,96.12,-1,-1,-1,-1
227,6,754.56,307.51,39.17,101.29,-1,-1,-1,-1
228,1,829.6666666666667,314.0,36.999999999999886,86.0,-1,-1,-1,-1
228,2,908.91,386.21,63.28,125.37,-1,-1,-1,-1
228,3,373.16,362.17,65.04,120.91,-1,-1,-1,-1
228,4,740.53,370.54,57.79,103.26,-1,-1,-1,-1
228,5,821.49,348.3,49.98,99.41,-1,-1,-1,-1
228,6,755.69,307.27,38.67,100.17,-1,-1,-1,-1
229,1,832.0,314.0,37.0,86.0,-1,-1,-1,-1
229,2,908.93,384.78,63.59,126.52,-1,-1,-1,-1
229,3,372.17,361.94,65.12,121.28,-1,-1,-1,-1
229,4,750.72,369.59,62.3,107.22,-1,-1,-1,-1
229,5,822.89,350.06,50.04,98.94,-1,-1,-1,-1
229,6,755.89,307.02,38.26,99.44,-1,-1,-1,-1
230,1,832.1,313.74,40.16,87.5,-1,-1,-1,-1
230,2,907.92,377.72,65.82,132.59,-1,-1,-1,-1
230,3,371.67,361.67,64.92,120.95,-1,-1,-1,-1
230,4,761.18,366.11,66.6,113.81,-1,-1,-1,-1
230,5,825.32,352.75,49.23,96.05,-1,-1,-1,-1
230,6,756.12,306.93,38.91,101.54,-1,-1,-1,-1
231,1,833.12,313.96,40.83,90.82,-1,-1,-1,-1
231,2,905.72,366.19,70.34,143.75,-1,-1,-1,-1
231,3,371.02,361.53,64.68,120.79,-1,-1,-1,-1
231,4,768.4,364.01,68.24,117.33,-1,-1,-1,-1
231,5,827.87,354.2,49.25,94.56,-1,-1,-1,-1
231,6,756.17,306.75,39.16,102.62,-1,-1,-1,-1
232,1,835.74,315.21,39.92,89.81,-1,-1,-1,-1
232,2,898.62,340.36,78.05,164.02,-1,-1,-1,-1
232,3,370.04,361.31,64.67,121.45,-1,-1,-1,-1
232,4,779.59,357.93,69.92,124.44,-1,-1,-1,-1
232,5,827.24,347.16,58.32,112.3,-1,-1,-1,-1
232,6,756.12,306.39,39.32,102.43,-1,-1,-1,-1
233,1,837.46,316.44,39.1,89.06,-1,-1,-1,-1
233,2,897.82,329.85,78.24,169.57,-1,-1,-1,-1
233,3,369.86,360.91,64.68,121.97,-1,-1,-1,-1
233,4,786.85,355.27,70.52,129.73,-1,-1,-1,-1
233,5,831.22,347.29,59.27,113.45,-1,-1,-1,-1
233,6,756.27,306.25,39.58,102.35,-1,-1,-1,-1
234,1,839.99,317.79,37.8,87.26,-1,-1,-1,-1
234,2,898.69,321.96,75.71,169.73,-1,-1,-1,-1
234,3,367.34,359.26,64.04,123.34,-1,-1,-1,-1
234,4,795.89,349.05,72.06,136.05,-1,-1,-1,-1
234,5,834.47,353.64,62.23,117.63,-1,-1,-1,-1
234,6,756.47,306.2,39.91,102.3,-1,-1,-1,-1
235,1,841.95,318.0,38.68,89.82,-1,-1,-1,-1
235,2,898.76,319.0,73.32,170.2,-1,-1,-1,-1
235,3,365.21,357.89,62.7,124.27,-1,-1,-1,-1
235,4,799.91,347.75,70.59,135.9,-1,-1,-1,-1
235,5,835.23,356.26,66.65,124.49,-1,-1,-1,-1
235,6,756.54,305.74,40.59,102.87,-1,-1,-1,-1
236,1,844.17,317.77,39.45,91.64,-1,-1,-1,-1
236,2,899.39,316.71,69.81,168.39,-1,-1,-1,-1
236,3,362.71,356.62,60.64,125.35,-1,-1,-1,-1
236,4,803.21,348.7,70.89,135.7,-1,-1,-1,-1
236,5,849.27,363.37,64.09,122.16,-1,-1,-1,-1
236,6,756.98,305.72,41.15,102.78,-1,-1,-1,-1
237,1,845.94,317.82,40.07,93.49,-1,-1,-1,-1
237,2,899.88,316.16,66.85,167.12,-1,-1,-1,-1
237,3,362.29,355.99,58.61,126.17,-1,-1,-1,-1
237,4,806.15,349.98,72.24,135.81,-1,-1,-1,-1
237,5,854.52,367.39,62.08,120.46,-1,-1,-1,-1
237,6,756.97,305.72,41.68,102.74,-1,-1,-1,-1
238,1,846.35,318.12,41.28,95.92,-1,-1,-1,-1
238,2,899.48,316.55,64.61,167.56,-1,-1,-1,-1
238,3,363.01,355.9,56.19,126.02,-1,-1,-1,-1
238,4,806.53,352.39,75.37,140.01,-1,-1,-1,-1
238,5,858.72,368.73,60.87,120.74,-1,-1,-1,-1
238,6,756.79,305.57,42.18,103.01,-1,-1,-1,-1
239,1,847.45,318.38,42.03,97.41,-1,-1,-1,-1
239,2,899.28,317.72,62.75,168.53,-1,-1,-1,-1
239,3,363.92,356.17,53.83,125.34,-1,-1,-1,-1
239,4,810.68,360.41,75.09,136.49,-1,-1,-1,-1
239,5,861.38,370.22,58.72,118.58,-1,-1,-1,-1
239,6,756.99,305.67,42.38,102.81,-1,-1,-1,-1
240,1,847.27,318.32,42.8,99.12,-1,-1,-1,-1
240,2,899.41,322.12,61.69,171.46,-1,-1,-1,-1
240,3,364.49,355.98,52.02,125.35,-1,-1,-1,-1
240,4,829.94,367.0,73.16,136.59,-1,-1,-1,-1
240,5,865.46,370.57,58.03,120.76,-1,-1,-1,-1
240,6,756.72,305.71,42.52,102.72,-1,-1,-1,-1
241,1,846.93,318.58,44.06,102.37,-1,-1,-1,-1
241,2,899.46,327.71,59.02,169.0,-1,-1,-1,-1
241,3,364.85,355.62,50.55,125.64,-1,-1,-1,-1
241,4,838.85,370.79,70.43,134.95,-1,-1,-1,-1
241,5,869.32,371.25,57.09,121.83,-1,-1,-1,-1
241,6,756.3,305.73,42.57,102.69,-1,-1,-1,-1
242,1,847.09,319.54,45.01,105.32,-1,-1,-1,-1
242,2,898.68,331.92,56.41,166.03,-1,-1,-1,-1
242,3,362.45,355.49,49.83,125.43,-1,-1,-1,-1
242,4,842.57,374.41,68.63,132.63,-1,-1,-1,-1
242,5,872.48,372.48,56.69,123.2,-1,-1,-1,-1
242,6,756.27,305.59,42.3,102.96,-1,-1,-1,-1
243,1,847.67,320.64,44.23,103.82,-1,-1,-1,-1
243,2,898.73,333.45,54.81,164.97,-1,-1,-1,-1
243,3,361.59,355.44,49.26,125.34,-1,-1,-1,-1
243,4,849.18,375.27,66.38,131.84,-1,-1,-1,-1
243,5,872.91,373.34,55.56,122.65,-1,-1,-1,-1
243,6,756.39,305.54,41.91,103.07,-1,-1,-1,-1
244,5,874.0,368.0,54.0,128.0,-1,-1,-1,-1
244,1,849.48,321.79,41.19,96.09,-1,-1,-1,-1
244,2,898.7,330.79,54.4,167.51,-1,-1,-1,-1
244,3,361.97,355.58,48.61,125.14,-1,-1,-1,-1
244,4,858.97,373.61,67.6,137.31,-1,-1,-1,-1
244,6,756.34,305.67,41.34,102.8,-1,-1,-1,-1
245,5,873.6666666666667,369.33333333333337,54.0,126.0,-1,-1,-1,-1
245,1,850.12,322.21,41.14,96.35,-1,-1,-1,-1
245,2,898.97,328.05,53.44,167.84,-1,-1,-1,-1
245,3,361.52,355.49,48.48,125.5,-1,-1,-1,-1
245,4,866.37,370.17,68.39,140.35,-1,-1,-1,-1
245,6,756.13,305.87,40.88,102.7,-1,-1,-1,-1
246,5,873.3333333333334,370.6666666666667,54.0,123.99999999999994,-1,-1,-1,-1
246,1,850.77,322.65,40.84,96.14,-1,-1,-1,-1
246,2,898.83,326.3,52.46,167.18,-1,-1,-1,-1
246,3,365.91,355.76,47.1,125.33,-1,-1,-1,-1
246,4,870.11,368.06,75.7,155.97,-1,-1,-1,-1
246,6,755.61,305.95,40.4,102.65,-1,-1,-1,-1
247,5,873.0,372.0,54.0,122.0,-1,-1,-1,-1
247,1,850.96,322.8,40.71,96.34,-1,-1,-1,-1
247,2,895.42,325.39,52.94,168.37,-1,-1,-1,-1
247,3,368.06,355.56,45.99,125.55,-1,-1,-1,-1
247,4,872.53,371.22,77.21,158.73,-1,-1,-1,-1
247,6,755.58,306.28,39.87,102.34,-1,-1,-1,-1
248,1,851.34,322.54,40.57,96.71,-1,-1,-1,-1
248,2,895.64,326.86,52.53,166.42,-1,-1,-1,-1
248,3,369.68,356.09,45.19,125.62,-1,-1,-1,-1
248,4,876.1,381.16,73.85,150.76,-1,-1,-1,-1
248,5,870.05,344.68,64.38,146.48,-1,-1,-1,-1
248,6,755.41,306.1,39.39,102.52,-1,-1,-1,-1
249,1,850.28,322.73,40.44,96.83,-1,-1,-1,-1
249,2,898.28,326.73,52.13,167.57,-1,-1,-1,-1
249,3,372.19,356.29,44.96,125.64,-1,-1,-1,-1
249,4,879.85,387.62,71.12,145.17,-1,-1,-1,-1
249,5,871.23,356.14,59.37,139.19,-1,-1,-1,-1
249,6,755.49,306.33,38.91,102.58,-1,-1,-1,-1
250,1,847.87,323.38,41.38,98.95,-1,-1,-1,-1
250,2,900.38,327.01,50.71,165.91,-1,-1,-1,-1
250,3,374.74,356.66,44.96,125.05,-1,-1,-1,-1
250,4,883.09,386.09,70.96,146.89,-1,-1,-1,-1
250,5,872.23,362.77,56.46,134.15,-1,-1,-1,-1
250,6,755.29,307.02,38.61,101.71,-1,-1,-1,-1
251,1,846.57,323.76,41.89,100.32,-1,-1,-1,-1
251,2,902.33,327.75,49.41,164.35,-1,-1,-1,-1
251,3,375.88,356.65,45.19,124.97,-1,-1,-1,-1
251,4,886.98,387.25,69.05,145.73,-1,-1,-1,-1
251,5,871.4,365.7,55.01,132.09,-1,-1,-1,-1
251,6,754.92,307.57,38.5,101.09,-1,-1,-1,-1
252,1,845.8,325.37,41.99,100.24,-1,-1,-1,-1
252,2,903.04,327.76,48.7,163.75,-1,-1,-1,-1
252,3,373.31,356.95,45.89,124.64,-1,-1,-1,-1
252,4,885.12,386.44,69.44,148.79,-1,-1,-1,-1
252,5,870.65,366.62,53.8,131.15,-1,-1,-1,-1
252,6,754.51,308.37,38.4,99.96,-1,-1,-1,-1
253,1,844.3,325.97,42.05,100.78,-1,-1,-1,-1
253,2,902.92,327.63,48.33,163.67,-1,-1,-1,-1
253,3,371.44,358.1,46.14,122.57,-1,-1,-1,-1
253,4,883.96,386.09,71.06,154.91,-1,-1,-1,-1
253,5,871.08,366.94,52.45,130.79,-1,-1,-1,-1
253,6,754.48,308.37,38.73,99.84,-1,-1,-1,-1
254,1,842.82,326.33,42.11,101.56,-1,-1,-1,-1
254,2,901.87,328.05,48.11,162.89,-1,-1,-1,-1
254,3,370.38,361.22,46.63,119.99,-1,-1,-1,-1
254,4,874.78,387.81,73.46,158.22,-1,-1,-1,-1
254,5,867.36,365.69,53.72,134.07,-1,-1,-1,-1
254,6,754.22,308.8,38.77,99.21,-1,-1,-1,-1
255,1,841.94,327.18,41.6,101.24,-1,-1,-1,-1
255,2,900.7,329.27,48.41,162.74,-1,-1,-1,-1
255,3,370.55,363.59,48.09,118.14,-1,-1,-1,-1
255,4,878.67,389.46,72.82,159.01,-1,-1,-1,-1
255,5,868.96,365.06,53.77,134.26,-1,-1,-1,-1
255,6,753.96,308.96,39.12,99.28,-1,-1,-1,-1
256,1,841.18,327.64,41.06,101.7,-1,-1,-1,-1
256,2,900.63,330.78,48.7,163.13,-1,-1,-1,-1
256,3,372.22,364.59,50.54,117.32,-1,-1,-1,-1
256,4,870.86,394.6,73.36,155.57,-1,-1,-1,-1
256,5,871.12,365.99,53.07,132.24,-1,-1,-1,-1
256,6,752.97,309.01,39.26,99.31,-1,-1,-1,-1
257,1,841.19,327.79,40.28,101.56,-1,-1,-1,-1
257,2,900.28,330.76,49.78,166.26,-1,-1,-1,-1
257,3,372.69,364.03,53.24,117.64,-1,-1,-1,-1
257,4,878.78,397.27,71.57,153.12,-1,-1,-1,-1
257,5,871.07,366.03,53.9,133.24,-1,-1,-1,-1
257,6,752.02,309.02,39.29,99.34,-1,-1,-1,-1
258,1,839.23,328.72,39.19,100.3,-1,-1,-1,-1
258,2,901.24,330.76,49.19,163.88,-1,-1,-1,-1
258,3,374.46,362.46,55.51,117.93,-1,-1,-1,-1
258,4,883.57,398.95,70.11,151.71,-1,-1,-1,-1
258,5,874.03,366.92,52.09,132.12,-1,-1,-1,-1
258,6,749.42,309.76,38.43,98.76,-1,-1,-1,-1
259,1,837.78,329.5,38.44,99.21,-1,-1,-1,-1
259,2,901.58,330.9,49.06,163.1,-1,-1,-1,-1
259,3,377.48,361.99,56.68,117.61,-1,-1,-1,-1
259,4,885.88,399.97,68.62,150.4,-1,-1,-1,-1
259,5,876.24,366.65,50.98,131.69,-1,-1,-1,-1
259,6,746.09,310.18,37.47,99.14,-1,-1,-1,-1
260,1,834.69,329.92,38.51,99.09,-1,-1,-1,-1
260,2,901.48,330.21,48.87,162.36,-1,-1,-1,-1
260,3,382.86,360.91,56.34,115.12,-1,-1,-1,-1
260,4,887.52,398.05,69.0,152.71,-1,-1,-1,-1
260,5,877.23,367.13,50.19,132.41,-1,-1,-1,-1
260,6,743.13,310.63,37.0,100.78,-1,-1,-1,-1
261,1,831.1,330.5,39.28,99.05,-1,-1,-1,-1
261,2,902.34,330.25,48.81,161.79,-1,-1,-1,-1
261,3,389.97,359.73,56.16,114.65,-1,-1,-1,-1
261,4,888.04,397.28,68.57,153.27,-1,-1,-1,-1
261,5,878.58,366.11,50.26,134.46,-1,-1,-1,-1
261,6,741.92,310.2,36.52,101.99,-1,-1,-1,-1
262,1,826.37,332.04,40.46,97.84,-1,-1,-1,-1
262,2,902.35,329.82,48.81,161.73,-1,-1,-1,-1
262,3,403.77,356.6,57.02,117.2,-1,-1,-1,-1
262,4,889.73,395.16,70.27,155.82,-1,-1,-1,-1
262,5,883.53,366.01,51.4,135.82,-1,-1,-1,-1
262,6,739.0,310.76,36.0,102.16,-1,-1,-1,-1
