1,1,518.4,413.1,56.7,148.5,-1,-1,-1,-1
1,2,904.5,380.92,97.2,147.38,-1,-1,-1,-1
1,3,309.15,311.17,29.7,89.1,-1,-1,-1,-1
1,4,561.6,398.92,92.7,123.08,-1,-1,-1,-1
1,5,856.35,383.62,54.9,123.98,-1,-1,-1,-1
1,6,428.85,322.42,54.45,96.3,-1,-1,-1,-1
2,1,518.41,413.1,56.68,148.5,-1,-1,-1,-1
2,2,902.36,381.71,96.8,146.59,-1,-1,-1,-1
2,3,309.21,311.76,29.58,88.71,-1,-1,-1,-1
2,4,561.18,399.12,91.98,122.1,-1,-1,-1,-1
2,5,861.93,384.02,55.85,125.54,-1,-1,-1,-1
2,6,429.16,322.82,54.23,95.91,-1,-1,-1,-1
3,1,518.07,413.1,56.66,148.5,-1,-1,-1,-1
3,2,899.87,382.02,96.76,145.93,-1,-1,-1,-1
3,3,309.33,311.33,29.69,88.99,-1,-1,-1,-1
3,4,560.71,399.33,91.24,121.05,-1,-1,-1,-1
3,5,857.81,384.26,56.04,125.98,-1,-1,-1,-1
3,6,429.21,322.88,54.18,95.84,-1,-1,-1,-1
4,1,517.99,413.44,56.59,148.5,-1,-1,-1,-1
4,2,899.23,382.44,96.55,145.05,-1,-1,-1,-1
4,3,309.37,311.19,29.72,89.09,-1,-1,-1,-1
4,4,559.9,399.91,90.98,120.57,-1,-1,-1,-1
4,5,856.51,384.67,55.86,125.41,-1,-1,-1,-1
4,6,429.77,323.24,53.94,95.49,-1,-1,-1,-1
5,1,517.98,413.22,56.56,148.5,-1,-1,-1,-1
5,2,898.65,381.9,97.41,146.13,-1,-1,-1,-1
5,3,309.6,311.48,29.62,88.79,-1,-1,-1,-1
5,4,559.72,400.42,90.81,120.12,-1,-1,-1,-1
5,5,855.43,384.96,55.88,125.36,-1,-1,-1,-1
5,6,429.7,323.52,53.7,95.04,-1,-1,-1,-1
6,1,518.09,413.14,56.34,147.86,-1,-1,-1,-1
6,2,896.83,381.7,97.5,146.19,-1,-1,-1,-1
6,3,309.67,311.75,29.6,88.68,-1,-1,-1,-1
6,4,561.11,400.9,90.5,119.67,-1,-1,-1,-1
6,5,854.78,386.01,54.64,121.8,-1,-1,-1,-1
6,6,429.66,323.76,53.63,94.91,-1,-1,-1,-1
7,1,518.55,413.43,56.06,147.0,-1,-1,-1,-1
7,2,894.46,381.95,97.01,145.58,-1,-1,-1,-1
7,3,309.86,311.68,29.56,88.64,-1,-1,-1,-1
7,4,562.09,400.73,90.7,120.18,-1,-1,-1,-1
7,5,852.23,387.0,55.14,121.84,-1,-1,-1,-1
7,6,429.64,323.83,53.61,94.87,-1,-1,-1,-1
8,1,520.86,414.46,56.03,145.46,-1,-1,-1,-1
8,2,890.05,383.12,97.84,147.7,-1,-1,-1,-1
8,3,309.99,311.19,29.73,89.26,-1,-1,-1,-1
8,4,563.23,400.81,90.45,120.22,-1,-1,-1,-1
8,5,850.92,388.42,55.01,120.17,-1,-1,-1,-1
8,6,428.9,322.76,54.43,96.11,-1,-1,-1,-1
9,1,522.15,414.99,56.34,144.45,-1,-1,-1,-1
9,2,886.81,384.92,98.19,148.62,-1,-1,-1,-1
9,3,310.24,311.31,29.67,89.17,-1,-1,-1,-1
9,4,563.75,400.83,90.12,120.25,-1,-1,-1,-1
9,5,849.94,389.83,54.87,118.35,-1,-1,-1,-1
9,6,428.6,322.37,54.8,96.56,-1,-1,-1,-1
10,1,525.08,417.16,57.02,142.73,-1,-1,-1,-1
10,2,876.44,391.17,95.32,145.77,-1,-1,-1,-1
10,3,310.66,311.36,29.6,89.14,-1,-1,-1,-1
10,4,563.98,400.36,89.89,120.42,-1,-1,-1,-1
10,5,849.18,390.92,55.13,117.74,-1,-1,-1,-1
10,6,428.4,322.53,54.82,96.43,-1,-1,-1,-1
11,1,527.35,418.55,57.86,140.3,-1,-1,-1,-1
11,2,874.73,396.54,92.85,144.08,-1,-1,-1,-1
11,3,310.78,311.08,29.62,89.43,-1,-1,-1,-1
11,4,564.33,400.49,89.27,119.89,-1,-1,-1,-1
11,5,849.04,392.05,55.07,116.18,-1,-1,-1,-1
11,6,428.67,322.9,54.74,96.07,-1,-1,-1,-1
12,1,529.39,420.41,59.33,138.67,-1,-1,-1,-1
12,2,879.63,402.54,87.54,140.28,-1,-1,-1,-1
12,3,311.31,310.98,29.55,89.53,-1,-1,-1,-1
12,4,565.69,400.53,88.37,119.09,-1,-1,-1,-1
12,5,851.21,393.95,55.59,114.73,-1,-1,-1,-1
12,6,429.06,323.64,54.43,95.33,-1,-1,-1,-1
13,1,532.87,421.82,61.61,137.06,-1,-1,-1,-1
13,2,880.78,405.44,83.86,138.73,-1,-1,-1,-1
13,3,311.85,310.94,29.43,89.57,-1,-1,-1,-1
13,4,566.92,400.69,87.76,118.66,-1,-1,-1,-1
13,5,851.49,394.76,56.28,114.09,-1,-1,-1,-1
13,6,429.24,324.06,54.11,94.75,-1,-1,-1,-1
14,1,521.0,421.0,103.0,136.0,-1,-1,-1,-1
14,2,882.41,403.53,82.42,140.78,-1,-1,-1,-1
14,3,312.26,310.93,29.25,89.28,-1,-1,-1,-1
14,4,565.02,401.2,88.02,118.65,-1,-1,-1,-1
14,5,852.42,395.32,57.35,113.9,-1,-1,-1,-1
14,6,428.46,322.86,54.78,96.04,-1,-1,-1,-1
15,1,525.0,419.0,101.0,137.0,-1,-1,-1,-1
15,2,882.53,401.1,80.59,142.3,-1,-1,-1,-1
15,3,312.57,310.93,29.14,89.17,-1,-1,-1,-1
15,4,566.08,402.44,87.55,117.92,-1,-1,-1,-1
15,5,851.58,395.18,58.32,114.17,-1,-1,-1,-1
15,6,428.29,322.12,55.24,96.82,-1,-1,-1,-1
16,1,543.58,416.18,72.85,142.26,-1,-1,-1,-1
16,2,887.17,396.54,77.13,141.1,-1,-1,-1,-1
16,3,313.0,310.78,29.06,89.13,-1,-1,-1,-1
16,4,573.83,404.99,84.05,113.15,-1,-1,-1,-1
16,5,851.52,392.69,60.6,117.01,-1,-1,-1,-1
16,6,428.89,322.43,55.13,96.82,-1,-1,-1,-1
17,1,547.3,414.58,74.68,143.5,-1,-1,-1,-1
17,2,892.04,393.55,73.04,138.26,-1,-1,-1,-1
17,3,313.32,310.72,28.99,89.11,-1,-1,-1,-1
17,4,580.1,406.55,82.72,111.67,-1,-1,-1,-1
17,5,851.64,389.97,62.95,119.86,-1,-1,-1,-1
17,6,429.45,321.07,55.6,98.3,-1,-1,-1,-1
18,1,549.46,414.87,73.03,143.08,-1,-1,-1,-1
18,2,896.44,389.69,67.39,131.49,-1,-1,-1,-1
18,3,313.62,311.0,28.89,88.81,-1,-1,-1,-1
18,4,585.16,408.45,82.02,110.11,-1,-1,-1,-1
18,5,852.01,385.52,64.97,123.76,-1,-1,-1,-1
18,6,432.22,323.37,53.92,95.89,-1,-1,-1,-1
19,1,551.42,415.88,71.06,141.44,-1,-1,-1,-1
19,2,898.59,386.71,64.65,129.61,-1,-1,-1,-1
19,3,313.87,311.11,28.85,88.69,-1,-1,-1,-1
19,4,586.97,408.67,83.58,111.84,-1,-1,-1,-1
19,5,853.75,381.34,66.05,125.97,-1,-1,-1,-1
19,6,433.68,324.11,53.08,95.25,-1,-1,-1,-1
20,1,558.49,419.1,68.76,137.68,-1,-1,-1,-1
20,2,894.25,381.71,65.41,132.92,-1,-1,-1,-1
20,3,314.04,311.0,28.96,88.95,-1,-1,-1,-1
20,4,587.35,407.83,84.6,112.8,-1,-1,-1,-1
20,5,857.05,377.4,64.7,125.05,-1,-1,-1,-1
20,6,435.15,325.43,51.77,93.23,-1,-1,-1,-1
21,1,563.79,421.82,66.57,133.87,-1,-1,-1,-1
21,2,892.9,377.97,65.26,134.31,-1,-1,-1,-1
21,3,314.11,310.96,29.26,89.64,-1,-1,-1,-1
21,4,590.44,406.0,84.88,113.78,-1,-1,-1,-1
21,5,860.79,374.88,61.59,120.66,-1,-1,-1,-1
21,6,436.15,327.73,50.21,90.36,-1,-1,-1,-1
22,1,568.2,423.87,64.83,131.43,-1,-1,-1,-1
22,2,896.11,376.01,61.1,126.82,-1,-1,-1,-1
22,3,314.24,310.95,29.46,89.9,-1,-1,-1,-1
22,4,599.45,402.76,87.63,116.7,-1,-1,-1,-1
22,5,863.39,372.77,59.78,118.37,-1,-1,-1,-1
22,6,436.21,324.32,51.58,93.55,-1,-1,-1,-1
23,1,570.03,424.15,64.13,131.03,-1,-1,-1,-1
23,2,898.02,375.5,57.35,118.64,-1,-1,-1,-1
23,3,314.07,310.79,29.64,90.29,-1,-1,-1,-1
23,4,604.25,400.65,89.22,118.69,-1,-1,-1,-1
23,5,864.96,371.89,58.42,117.07,-1,-1,-1,-1
23,6,437.98,322.35,51.96,95.6,-1,-1,-1,-1
24,1,572.25,423.62,63.54,131.52,-1,-1,-1,-1
24,2,901.51,374.31,56.64,114.96,-1,-1,-1,-1
24,3,314.14,310.74,29.73,90.44,-1,-1,-1,-1
24,4,611.28,397.2,91.0,122.1,-1,-1,-1,-1
24,5,865.25,370.27,57.84,118.25,-1,-1,-1,-1
24,6,446.01,322.78,48.71,92.25,-1,-1,-1,-1
25,1,573.74,422.8,62.97,132.34,-1,-1,-1,-1
25,2,905.21,372.55,57.94,116.06,-1,-1,-1,-1
25,3,314.15,310.72,29.78,90.49,-1,-1,-1,-1
25,4,616.16,395.16,90.58,123.53,-1,-1,-1,-1
25,5,866.06,369.26,57.34,119.14,-1,-1,-1,-1
25,6,451.14,323.25,46.97,91.25,-1,-1,-1,-1
26,1,574.15,420.38,62.82,134.47,-1,-1,-1,-1
26,2,906.2,367.43,59.06,118.94,-1,-1,-1,-1
26,3,314.02,310.86,29.74,90.21,-1,-1,-1,-1
26,4,622.4,393.37,87.29,122.15,-1,-1,-1,-1
26,5,867.09,367.0,56.85,119.93,-1,-1,-1,-1
26,6,457.15,324.93,44.6,87.89,-1,-1,-1,-1
27,1,574.54,418.28,62.71,136.48,-1,-1,-1,-1
27,2,905.71,363.5,59.64,121.85,-1,-1,-1,-1
27,3,313.9,310.77,29.87,90.39,-1,-1,-1,-1
27,4,627.64,393.76,82.39,118.48,-1,-1,-1,-1
27,5,866.87,365.75,56.04,118.6,-1,-1,-1,-1
27,6,461.93,325.72,43.35,86.35,-1,-1,-1,-1
28,1,575.75,416.59,62.75,138.43,-1,-1,-1,-1
28,2,905.89,357.93,60.28,125.06,-1,-1,-1,-1
28,3,313.72,310.73,29.88,90.46,-1,-1,-1,-1
28,4,638.75,394.09,79.31,115.41,-1,-1,-1,-1
28,5,866.76,361.46,55.7,117.2,-1,-1,-1,-1
28,6,470.1,326.0,44.4,85.51,-1,-1,-1,-1
29,1,576.54,415.37,62.53,139.77,-1,-1,-1,-1
29,2,907.28,355.17,59.31,124.68,-1,-1,-1,-1
29,3,313.65,310.72,29.87,90.48,-1,-1,-1,-1
29,4,644.73,393.95,78.36,114.27,-1,-1,-1,-1
29,5,866.87,358.41,55.53,116.68,-1,-1,-1,-1
29,6,474.21,325.19,46.62,86.44,-1,-1,-1,-1
30,1,577.34,413.73,62.46,141.45,-1,-1,-1,-1
30,2,909.95,354.37,55.8,117.85,-1,-1,-1,-1
30,3,313.65,310.86,29.81,90.49,-1,-1,-1,-1
30,4,649.64,390.92,80.09,115.66,-1,-1,-1,-1
30,5,866.68,352.41,54.99,116.34,-1,-1,-1,-1
30,6,477.64,326.38,48.19,85.02,-1,-1,-1,-1
31,1,577.72,412.68,62.16,142.53,-1,-1,-1,-1
31,2,909.77,354.06,54.98,116.64,-1,-1,-1,-1
31,3,313.53,310.77,29.72,90.49,-1,-1,-1,-1
31,4,650.91,388.63,82.13,117.68,-1,-1,-1,-1
31,5,868.35,348.74,54.25,116.23,-1,-1,-1,-1
31,6,478.74,325.16,50.67,85.71,-1,-1,-1,-1
32,1,578.35,412.16,61.51,143.07,-1,-1,-1,-1
32,2,911.96,351.76,54.05,115.48,-1,-1,-1,-1
32,3,313.34,310.88,29.67,90.48,-1,-1,-1,-1
32,4,651.0,385.72,83.96,119.92,-1,-1,-1,-1
32,5,869.39,346.56,53.13,115.01,-1,-1,-1,-1
32,6,482.37,322.17,52.68,86.59,-1,-1,-1,-1
33,1,578.81,411.68,60.71,143.26,-1,-1,-1,-1
33,2,913.43,349.18,53.85,115.99,-1,-1,-1,-1
33,3,313.26,310.93,29.68,90.48,-1,-1,-1,-1
33,4,652.73,383.48,85.08,121.95,-1,-1,-1,-1
33,5,870.33,345.85,51.57,112.61,-1,-1,-1,-1
33,6,486.45,320.3,53.71,87.53,-1,-1,-1,-1
34,1,578.39,411.23,59.72,143.9,-1,-1,-1,-1
34,2,915.56,345.61,53.85,117.71,-1,-1,-1,-1
34,3,313.23,310.94,29.68,90.48,-1,-1,-1,-1
34,4,660.94,377.22,85.41,125.8,-1,-1,-1,-1
34,5,871.1,346.59,50.7,112.03,-1,-1,-1,-1
34,6,494.35,319.02,52.41,87.3,-1,-1,-1,-1
