1,1,236.02,384.3,64.8,99.0,-1,-1,-1,-1
1,2,342.0,312.75,31.5,81.9,-1,-1,-1,-1
1,3,1004.4,377.1,45.0,154.8,-1,-1,-1,-1
1,4,329.4,369.45,59.85,100.8,-1,-1,-1,-1
1,5,394.87,323.55,39.15,77.85,-1,-1,-1,-1
1,6,767.7,351.9,40.5,128.25,-1,-1,-1,-1
2,1,236.02,384.3,64.8,99.0,-1,-1,-1,-1
2,2,341.81,312.55,31.49,81.9,-1,-1,-1,-1
2,3,1004.4,377.1,45.0,154.8,-1,-1,-1,-1
2,4,329.4,369.45,59.85,100.8,-1,-1,-1,-1
2,5,394.68,323.55,39.14,77.85,-1,-1,-1,-1
2,6,767.67,351.7,40.56,128.45,-1,-1,-1,-1
3,1,237.1,385.53,64.05,97.77,-1,-1,-1,-1
3,2,343.43,312.52,32.04,82.95,-1,-1,-1,-1
3,3,1003.7,377.28,45.0,154.62,-1,-1,-1,-1
3,4,330.09,369.45,59.88,100.8,-1,-1,-1,-1
3,5,394.65,323.55,39.14,77.85,-1,-1,-1,-1
3,6,767.56,351.32,40.78,129.18,-1,-1,-1,-1
4,1,240.06,385.57,64.1,97.73,-1,-1,-1,-1
4,2,343.63,311.83,32.51,83.97,-1,-1,-1,-1
4,3,1001.36,377.5,45.11,154.05,-1,-1,-1,-1
4,4,330.67,370.65,59.15,99.6,-1,-1,-1,-1
4,5,394.4,323.21,39.29,78.19,-1,-1,-1,-1
4,6,767.4,350.35,41.1,130.26,-1,-1,-1,-1
5,1,241.47,384.55,64.8,98.75,-1,-1,-1,-1
5,2,344.12,312.27,32.36,83.28,-1,-1,-1,-1
5,3,999.91,377.4,45.26,153.71,-1,-1,-1,-1
5,4,331.68,371.54,58.58,98.71,-1,-1,-1,-1
5,5,394.4,323.26,39.18,77.97,-1,-1,-1,-1
5,6,767.34,349.88,41.22,130.76,-1,-1,-1,-1
6,1,243.46,379.38,67.33,103.59,-1,-1,-1,-1
6,2,347.16,315.49,31.34,81.08,-1,-1,-1,-1
6,3,999.45,378.17,45.36,153.12,-1,-1,-1,-1
6,4,334.49,373.43,55.68,93.9,-1,-1,-1,-1
6,5,394.24,323.29,39.14,77.89,-1,-1,-1,-1
6,6,767.24,349.26,41.41,131.38,-1,-1,-1,-1
7,1,243.68,375.59,68.14,106.04,-1,-1,-1,-1
7,2,347.86,314.06,31.94,83.49,-1,-1,-1,-1
7,3,998.56,378.75,45.69,153.25,-1,-1,-1,-1
7,4,338.1,374.86,52.25,87.91,-1,-1,-1,-1
7,5,394.34,323.3,39.15,77.86,-1,-1,-1,-1
7,6,767.59,349.23,41.34,131.1,-1,-1,-1,-1
8,1,241.34,371.2,67.94,107.81,-1,-1,-1,-1
8,2,350.65,312.94,31.61,83.71,-1,-1,-1,-1
8,3,997.71,379.26,45.72,152.69,-1,-1,-1,-1
8,4,342.16,376.75,52.8,89.05,-1,-1,-1,-1
8,5,394.21,323.15,39.49,78.47,-1,-1,-1,-1
8,6,767.69,349.54,41.37,130.97,-1,-1,-1,-1
9,1,239.95,369.93,66.35,108.42,-1,-1,-1,-1
9,2,352.31,312.21,31.05,83.17,-1,-1,-1,-1
9,3,997.36,379.27,45.91,152.65,-1,-1,-1,-1
9,4,345.35,377.66,52.67,89.17,-1,-1,-1,-1
9,5,394.61,323.1,39.63,78.69,-1,-1,-1,-1
9,6,767.35,349.53,41.52,131.06,-1,-1,-1,-1
10,1,243.2,367.14,63.51,105.88,-1,-1,-1,-1
10,2,355.5,312.54,31.35,84.18,-1,-1,-1,-1
10,3,997.22,379.11,46.06,152.5,-1,-1,-1,-1
10,4,349.18,376.54,52.98,90.37,-1,-1,-1,-1
10,5,396.67,324.45,39.22,77.56,-1,-1,-1,-1
10,6,767.73,349.53,41.77,130.77,-1,-1,-1,-1
11,1,245.39,365.88,61.98,105.15,-1,-1,-1,-1
11,2,357.4,312.97,31.13,83.34,-1,-1,-1,-1
11,3,996.54,379.04,46.24,152.45,-1,-1,-1,-1
11,4,351.69,374.27,53.73,92.68,-1,-1,-1,-1
11,5,398.16,324.95,39.43,77.43,-1,-1,-1,-1
11,6,767.79,350.15,42.02,130.05,-1,-1,-1,-1
12,1,247.29,362.79,62.49,107.26,-1,-1,-1,-1
12,2,358.98,315.4,32.47,83.62,-1,-1,-1,-1
12,3,995.66,378.85,46.4,152.9,-1,-1,-1,-1
12,4,352.82,367.86,56.16,98.82,-1,-1,-1,-1
12,5,401.71,325.43,39.53,76.48,-1,-1,-1,-1
12,6,768.09,352.5,42.17,127.66,-1,-1,-1,-1
13,2,351.0,317.0,57.0,82.0,-1,-1,-1,-1
13,1,248.88,360.52,62.65,108.62,-1,-1,-1,-1
13,3,995.35,378.78,46.48,153.07,-1,-1,-1,-1
13,4,352.62,362.1,57.9,103.9,-1,-1,-1,-1
13,5,403.98,325.61,40.04,76.13,-1,-1,-1,-1
13,6,768.84,353.08,43.35,127.37,-1,-1,-1,-1
14,2,350.0,318.40000000000003,56.00000000000006,81.19999999999999,-1,-1,-1,-1
14,1,253.03,358.4,60.59,105.39,-1,-1,-1,-1
14,3,994.64,378.59,46.57,153.29,-1,-1,-1,-1
14,4,356.07,358.87,56.59,103.96,-1,-1,-1,-1
14,5,405.09,326.71,39.61,73.6,-1,-1,-1,-1
14,6,768.48,353.58,44.44,126.97,-1,-1,-1,-1
15,2,349.0,319.79999999999995,55.0,80.40000000000003,-1,-1,-1,-1
15,1,256.16,356.95,59.02,102.45,-1,-1,-1,-1
15,3,994.37,378.37,46.65,153.53,-1,-1,-1,-1
15,4,360.5,357.95,54.44,102.76,-1,-1,-1,-1
15,5,406.03,326.96,39.82,72.66,-1,-1,-1,-1
15,6,767.57,352.41,45.77,127.89,-1,-1,-1,-1
16,2,348.0,321.20000000000005,54.0,79.59999999999997,-1,-1,-1,-1
16,1,257.69,353.03,59.71,103.76,-1,-1,-1,-1
16,3,993.61,377.69,46.84,154.22,-1,-1,-1,-1
16,4,366.72,357.06,50.62,98.11,-1,-1,-1,-1
16,5,407.17,327.2,40.03,72.34,-1,-1,-1,-1
16,6,765.76,350.62,46.8,128.38,-1,-1,-1,-1
17,2,347.0,322.6,53.0,78.80000000000001,-1,-1,-1,-1
17,1,257.8,350.02,59.59,104.54,-1,-1,-1,-1
17,3,992.72,377.43,46.99,154.18,-1,-1,-1,-1
17,4,370.47,355.89,48.28,96.01,-1,-1,-1,-1
17,5,408.14,327.27,40.44,72.54,-1,-1,-1,-1
17,6,764.98,349.64,47.38,127.68,-1,-1,-1,-1
18,2,346.0,324.0,52.0,78.0,-1,-1,-1,-1
18,1,259.11,345.85,59.86,106.01,-1,-1,-1,-1
18,3,991.05,377.34,47.37,154.46,-1,-1,-1,-1
18,4,373.06,352.94,47.84,97.35,-1,-1,-1,-1
18,5,408.6,327.43,40.91,72.94,-1,-1,-1,-1
18,6,763.15,348.68,47.08,125.63,-1,-1,-1,-1
19,2,340.40000000000003,325.6,50.0,76.60000000000002,-1,-1,-1,-1
19,1,260.24,343.62,59.79,106.86,-1,-1,-1,-1
19,3,989.18,377.3,47.68,154.56,-1,-1,-1,-1
19,4,374.1,350.56,47.64,98.43,-1,-1,-1,-1
19,5,409.14,328.08,40.86,72.5,-1,-1,-1,-1
19,6,762.12,348.33,46.45,122.76,-1,-1,-1,-1
20,2,334.8,327.20000000000005,47.99999999999994,75.19999999999993,-1,-1,-1,-1
20,1,263.79,341.98,57.27,103.31,-1,-1,-1,-1
20,3,987.26,377.14,47.89,155.04,-1,-1,-1,-1
20,4,376.92,347.49,47.57,100.03,-1,-1,-1,-1
20,5,409.51,329.66,40.43,71.45,-1,-1,-1,-1
20,6,761.23,347.91,45.43,119.29,-1,-1,-1,-1
21,2,329.2,328.79999999999995,46.00000000000006,73.80000000000007,-1,-1,-1,-1
21,1,265.99,342.24,55.7,101.03,-1,-1,-1,-1
21,3,986.51,377.09,48.08,155.52,-1,-1,-1,-1
21,4,379.29,345.5,46.85,99.75,-1,-1,-1,-1
21,5,409.82,330.24,40.14,70.77,-1,-1,-1,-1
21,6,760.57,347.61,45.16,117.88,-1,-1,-1,-1
22,2,323.6,330.4,43.99999999999994,72.40000000000003,-1,-1,-1,-1
22,1,270.82,344.23,53.6,98.38,-1,-1,-1,-1
22,3,985.61,377.07,48.27,155.4,-1,-1,-1,-1
22,4,383.69,344.22,43.83,94.28,-1,-1,-1,-1
22,5,409.24,330.44,40.74,72.04,-1,-1,-1,-1
22,6,759.91,348.27,45.32,116.95,-1,-1,-1,-1
23,2,318.0,332.0,42.0,71.0,-1,-1,-1,-1
23,1,274.34,345.82,51.67,96.2,-1,-1,-1,-1
23,3,984.74,376.77,48.29,155.34,-1,-1,-1,-1
23,4,386.63,343.98,42.33,91.87,-1,-1,-1,-1
23,5,407.63,329.31,42.22,74.9,-1,-1,-1,-1
23,6,757.81,348.38,46.13,116.5,-1,-1,-1,-1
24,1,279.61,347.53,48.01,91.18,-1,-1,-1,-1
24,2,315.3,330.68,35.61,68.02,-1,-1,-1,-1
24,3,984.37,376.21,48.43,155.77,-1,-1,-1,-1
24,4,394.63,344.41,42.3,90.1,-1,-1,-1,-1
24,5,408.14,329.17,39.35,69.52,-1,-1,-1,-1
24,6,754.9,348.27,47.71,116.82,-1,-1,-1,-1
25,1,285.17,348.38,43.86,84.44,-1,-1,-1,-1
25,2,311.8,331.13,37.33,68.91,-1,-1,-1,-1
25,3,984.33,375.86,48.36,156.07,-1,-1,-1,-1
25,4,398.95,344.48,42.63,88.87,-1,-1,-1,-1
25,5,406.81,329.4,38.45,67.38,-1,-1,-1,-1
25,6,752.98,347.79,49.44,117.72,-1,-1,-1,-1
26,1,290.71,347.81,42.58,83.33,-1,-1,-1,-1
26,2,298.41,331.87,42.12,78.54,-1,-1,-1,-1
26,3,984.95,374.54,48.31,157.07,-1,-1,-1,-1
26,4,401.99,341.68,44.45,91.17,-1,-1,-1,-1
26,5,403.73,329.17,43.92,76.97,-1,-1,-1,-1
26,6,751.54,346.87,51.01,118.83,-1,-1,-1,-1
27,1,294.55,346.7,42.77,83.61,-1,-1,-1,-1
27,2,292.19,333.13,42.82,80.91,-1,-1,-1,-1
27,3,985.47,373.46,47.78,156.85,-1,-1,-1,-1
27,4,403.18,339.35,45.98,92.63,-1,-1,-1,-1
27,5,402.36,328.8,46.14,79.73,-1,-1,-1,-1
27,6,748.41,345.49,52.67,120.31,-1,-1,-1,-1
28,1,301.06,343.44,44.86,85.9,-1,-1,-1,-1
28,2,288.19,333.32,42.37,81.57,-1,-1,-1,-1
28,3,985.69,372.47,47.57,157.05,-1,-1,-1,-1
28,4,406.51,335.26,48.13,94.38,-1,-1,-1,-1
28,5,400.11,330.1,41.14,70.69,-1,-1,-1,-1
28,6,742.1,343.05,54.13,121.62,-1,-1,-1,-1
29,1,305.81,341.23,46.99,87.68,-1,-1,-1,-1
29,2,287.86,333.07,42.4,81.79,-1,-1,-1,-1
29,3,985.93,371.96,47.23,156.67,-1,-1,-1,-1
29,4,409.84,334.06,48.7,93.87,-1,-1,-1,-1
29,5,397.91,330.31,43.82,75.22,-1,-1,-1,-1
29,6,738.75,341.85,51.34,113.84,-1,-1,-1,-1
30,1,309.79,338.8,47.91,88.09,-1,-1,-1,-1
30,2,279.71,331.93,44.11,85.06,-1,-1,-1,-1
30,3,985.81,371.04,46.35,153.4,-1,-1,-1,-1
30,4,415.35,332.19,46.27,89.51,-1,-1,-1,-1
30,5,397.38,330.97,46.04,78.51,-1,-1,-1,-1
30,6,733.31,340.21,49.62,111.43,-1,-1,-1,-1
31,1,312.38,337.78,47.28,85.89,-1,-1,-1,-1
31,2,275.82,331.33,45.66,87.73,-1,-1,-1,-1
31,3,985.08,370.71,46.22,152.76,-1,-1,-1,-1
31,4,419.19,331.26,45.73,89.06,-1,-1,-1,-1
31,5,395.9,331.5,45.98,78.9,-1,-1,-1,-1
31,6,730.9,339.79,48.82,111.21,-1,-1,-1,-1
32,1,321.19,337.76,46.68,86.29,-1,-1,-1,-1
32,2,274.17,331.09,47.98,93.66,-1,-1,-1,-1
32,3,985.06,370.46,45.71,150.58,-1,-1,-1,-1
32,4,421.58,330.23,46.05,88.62,-1,-1,-1,-1
32,5,393.17,331.26,47.35,82.55,-1,-1,-1,-1
32,6,727.4,339.96,47.91,111.16,-1,-1,-1,-1
33,1,328.01,338.39,44.44,82.87,-1,-1,-1,-1
33,2,274.46,331.41,48.31,96.21,-1,-1,-1,-1
33,3,985.13,370.83,45.4,149.03,-1,-1,-1,-1
33,4,429.04,329.61,44.44,83.97,-1,-1,-1,-1
33,5,391.04,331.6,47.49,83.04,-1,-1,-1,-1
33,6,725.04,339.61,47.48,112.37,-1,-1,-1,-1
34,1,336.89,339.61,44.51,82.21,-1,-1,-1,-1
34,2,275.33,333.83,47.81,96.59,-1,-1,-1,-1
34,3,984.4,370.69,45.63,148.77,-1,-1,-1,-1
34,4,434.87,330.22,45.23,84.39,-1,-1,-1,-1
34,5,390.58,331.72,46.84,83.2,-1,-1,-1,-1
34,6,719.15,342.03,46.19,109.28,-1,-1,-1,-1
35,1,342.35,339.77,44.91,82.01,-1,-1,-1,-1
35,2,276.42,335.21,46.98,96.09,-1,-1,-1,-1
35,3,983.46,370.65,45.88,148.7,-1,-1,-1,-1
35,4,438.06,331.38,45.22,83.66,-1,-1,-1,-1
35,5,389.74,332.05,46.5,83.52,-1,-1,-1,-1
35,6,716.85,343.44,45.49,107.22,-1,-1,-1,-1
36,1,346.67,338.06,46.08,84.07,-1,-1,-1,-1
36,2,277.38,334.27,47.58,97.89,-1,-1,-1,-1
36,3,983.18,370.05,45.87,148.99,-1,-1,-1,-1
36,4,442.17,335.18,43.39,79.8,-1,-1,-1,-1
36,5,388.26,332.61,46.7,84.2,-1,-1,-1,-1
36,6,714.09,344.42,45.67,106.5,-1,-1,-1,-1
37,1,348.56,336.7,47.11,86.34,-1,-1,-1,-1
37,2,277.76,332.43,48.21,99.7,-1,-1,-1,-1
37,3,983.28,369.84,45.49,148.52,-1,-1,-1,-1
37,4,444.53,336.96,42.61,78.1,-1,-1,-1,-1
37,5,387.77,333.7,46.67,84.43,-1,-1,-1,-1
37,6,712.9,345.68,45.71,105.67,-1,-1,-1,-1
38,1,351.37,333.7,48.3,89.57,-1,-1,-1,-1
38,2,277.15,329.09,49.55,102.67,-1,-1,-1,-1
38,3,982.84,369.77,45.14,148.06,-1,-1,-1,-1
38,4,445.13,335.78,43.48,79.66,-1,-1,-1,-1
38,5,387.6,336.16,46.98,85.38,-1,-1,-1,-1
38,6,711.72,345.85,46.23,105.71,-1,-1,-1,-1
39,1,353.51,331.86,48.38,91.68,-1,-1,-1,-1
39,2,277.34,327.51,50.2,104.36,-1,-1,-1,-1
39,3,982.89,369.76,44.6,146.72,-1,-1,-1,-1
39,4,445.14,334.6,44.16,80.86,-1,-1,-1,-1
39,5,386.89,338.26,47.27,85.71,-1,-1,-1,-1
39,6,711.14,345.75,46.91,106.05,-1,-1,-1,-1
40,1,357.96,328.99,47.55,93.36,-1,-1,-1,-1
40,2,280.53,327.04,49.89,104.09,-1,-1,-1,-1
40,3,982.76,369.46,43.55,143.23,-1,-1,-1,-1
40,4,445.57,332.23,45.27,83.13,-1,-1,-1,-1
40,5,389.75,339.93,46.47,84.63,-1,-1,-1,-1
40,6,710.17,342.42,48.28,108.6,-1,-1,-1,-1
41,1,360.01,327.19,46.54,95.17,-1,-1,-1,-1
41,2,282.82,327.6,49.86,103.91,-1,-1,-1,-1
41,3,982.79,369.37,43.01,141.35,-1,-1,-1,-1
41,4,446.27,331.8,45.45,83.4,-1,-1,-1,-1
41,5,392.37,340.99,45.56,83.6,-1,-1,-1,-1
41,6,710.21,341.02,48.7,108.98,-1,-1,-1,-1
42,1,364.88,326.98,45.03,95.55,-1,-1,-1,-1
42,2,286.04,330.32,49.66,102.91,-1,-1,-1,-1
42,3,983.35,369.19,42.98,140.54,-1,-1,-1,-1
42,4,448.81,330.92,46.54,84.71,-1,-1,-1,-1
42,5,394.34,341.35,45.67,84.38,-1,-1,-1,-1
42,6,710.8,340.36,47.87,106.17,-1,-1,-1,-1
43,1,367.99,327.98,43.14,94.79,-1,-1,-1,-1
43,2,288.01,332.85,49.35,101.3,-1,-1,-1,-1
43,3,983.5,369.73,43.1,139.67,-1,-1,-1,-1
43,4,450.32,331.64,46.85,84.91,-1,-1,-1,-1
43,5,397.07,341.9,45.87,84.66,-1,-1,-1,-1
43,6,711.66,340.12,47.66,104.81,-1,-1,-1,-1
44,1,371.2,329.16,41.3,93.59,-1,-1,-1,-1
44,2,290.83,334.4,49.0,99.75,-1,-1,-1,-1
44,3,982.74,370.7,43.58,138.94,-1,-1,-1,-1
44,4,451.76,332.53,46.82,84.99,-1,-1,-1,-1
44,5,400.55,342.97,46.08,83.86,-1,-1,-1,-1
44,6,713.32,340.5,48.03,104.03,-1,-1,-1,-1
45,1,373.35,329.49,40.22,93.41,-1,-1,-1,-1
45,2,292.97,335.42,48.81,98.54,-1,-1,-1,-1
45,3,982.36,371.36,43.99,138.1,-1,-1,-1,-1
45,4,452.41,332.44,47.17,85.91,-1,-1,-1,-1
45,5,401.39,343.79,46.51,83.25,-1,-1,-1,-1
45,6,713.73,340.65,48.65,103.76,-1,-1,-1,-1
46,1,377.83,328.31,38.75,92.14,-1,-1,-1,-1
46,2,298.93,335.78,47.66,96.87,-1,-1,-1,-1
46,3,981.13,371.16,45.14,138.88,-1,-1,-1,-1
46,4,452.84,332.27,47.35,86.56,-1,-1,-1,-1
46,5,399.08,341.98,48.88,85.39,-1,-1,-1,-1
46,6,714.93,341.62,49.27,102.79,-1,-1,-1,-1
47,1,382.39,328.64,37.84,91.06,-1,-1,-1,-1
47,2,302.3,336.05,47.35,96.83,-1,-1,-1,-1
47,3,978.54,371.53,46.27,138.75,-1,-1,-1,-1
47,4,453.43,332.06,47.0,85.91,-1,-1,-1,-1
47,5,394.75,335.4,53.72,92.07,-1,-1,-1,-1
47,6,714.99,340.94,50.32,103.05,-1,-1,-1,-1
48,1,386.95,329.54,36.9,89.15,-1,-1,-1,-1
48,2,305.79,336.88,46.87,96.21,-1,-1,-1,-1
48,3,973.25,372.26,48.19,138.73,-1,-1,-1,-1
48,4,453.39,331.85,46.79,85.36,-1,-1,-1,-1
48,5,393.56,334.06,54.06,91.42,-1,-1,-1,-1
48,6,714.84,340.09,51.1,102.87,-1,-1,-1,-1
49,1,392.0,331.0,50.0,89.0,-1,-1,-1,-1
49,2,307.41,337.76,46.89,96.58,-1,-1,-1,-1
49,3,968.64,372.24,50.62,139.34,-1,-1,-1,-1
49,4,453.28,331.78,46.76,85.15,-1,-1,-1,-1
49,5,391.97,331.63,55.52,93.15,-1,-1,-1,-1
49,6,714.8,339.48,51.98,103.12,-1,-1,-1,-1
50,1,392.0,331.0,50.0,89.0,-1,-1,-1,-1
50,2,308.35,339.72,47.01,97.31,-1,-1,-1,-1
50,3,967.0,374.01,52.62,138.7,-1,-1,-1,-1
50,4,447.75,332.06,48.07,85.08,-1,-1,-1,-1
50,5,381.45,329.54,58.36,94.08,-1,-1,-1,-1
50,6,718.06,336.28,52.95,105.92,-1,-1,-1,-1
51,1,396.48,329.18,40.29,92.51,-1,-1,-1,-1
51,2,309.14,341.47,46.69,96.98,-1,-1,-1,-1
51,3,965.89,374.97,54.45,138.18,-1,-1,-1,-1
51,4,444.22,332.17,49.6,85.34,-1,-1,-1,-1
51,5,374.28,328.76,60.68,94.98,-1,-1,-1,-1
51,6,719.38,335.1,53.11,107.27,-1,-1,-1,-1
52,1,397.17,328.88,42.3,94.88,-1,-1,-1,-1
52,2,310.11,343.59,45.69,95.37,-1,-1,-1,-1
52,3,964.33,375.02,56.32,138.3,-1,-1,-1,-1
52,4,441.43,332.37,51.09,85.45,-1,-1,-1,-1
52,5,369.54,329.51,62.97,96.76,-1,-1,-1,-1
52,6,719.33,334.52,53.08,107.78,-1,-1,-1,-1
53,1,396.81,328.63,43.59,96.89,-1,-1,-1,-1
53,2,310.51,344.36,45.16,94.75,-1,-1,-1,-1
53,3,963.27,374.58,58.05,138.51,-1,-1,-1,-1
53,4,439.94,332.9,52.08,85.19,-1,-1,-1,-1
53,5,368.2,331.14,64.15,97.12,-1,-1,-1,-1
53,6,718.7,334.48,53.08,107.98,-1,-1,-1,-1
54,1,399.11,329.28,42.79,93.83,-1,-1,-1,-1
54,2,310.99,345.06,44.5,93.93,-1,-1,-1,-1
54,3,961.32,373.95,59.49,139.35,-1,-1,-1,-1
54,4,443.8,333.55,51.78,85.09,-1,-1,-1,-1
54,5,372.07,333.4,63.61,95.75,-1,-1,-1,-1
54,6,717.8,334.34,53.2,108.04,-1,-1,-1,-1
55,1,400.43,329.26,42.78,92.6,-1,-1,-1,-1
55,2,311.61,345.73,43.88,93.03,-1,-1,-1,-1
55,3,959.25,373.41,60.39,139.97,-1,-1,-1,-1
55,4,445.69,334.09,51.39,84.76,-1,-1,-1,-1
55,5,372.77,335.92,63.02,93.7,-1,-1,-1,-1
55,6,716.98,334.16,53.58,108.36,-1,-1,-1,-1
56,1,403.61,329.26,42.86,93.02,-1,-1,-1,-1
56,2,312.05,347.14,43.46,92.71,-1,-1,-1,-1
56,3,956.64,372.76,60.89,140.66,-1,-1,-1,-1
56,4,446.38,334.14,51.83,86.12,-1,-1,-1,-1
56,5,376.37,338.81,60.38,87.82,-1,-1,-1,-1
56,6,717.2,333.96,53.86,107.88,-1,-1,-1,-1
57,1,406.0,329.27,42.68,92.58,-1,-1,-1,-1
57,2,311.81,348.83,42.85,91.7,-1,-1,-1,-1
57,3,954.51,372.36,61.08,141.07,-1,-1,-1,-1
57,4,444.96,333.87,52.37,86.93,-1,-1,-1,-1
57,5,377.26,342.65,60.11,85.26,-1,-1,-1,-1
57,6,718.34,333.91,53.63,106.51,-1,-1,-1,-1
58,1,405.97,328.84,43.35,94.49,-1,-1,-1,-1
58,2,312.28,350.32,42.33,90.43,-1,-1,-1,-1
58,3,952.09,371.46,60.91,141.97,-1,-1,-1,-1
58,4,446.02,332.43,53.49,89.6,-1,-1,-1,-1
58,5,373.18,346.74,63.09,87.39,-1,-1,-1,-1
58,6,720.16,333.76,53.74,105.68,-1,-1,-1,-1
59,1,406.75,328.39,43.34,95.5,-1,-1,-1,-1
59,2,312.46,350.24,42.37,90.58,-1,-1,-1,-1
59,3,951.45,370.83,60.38,142.31,-1,-1,-1,-1
59,4,443.96,331.0,54.7,91.19,-1,-1,-1,-1
59,5,370.39,348.05,64.75,88.16,-1,-1,-1,-1
59,6,721.42,333.72,53.8,105.38,-1,-1,-1,-1
60,1,411.47,329.26,41.69,94.1,-1,-1,-1,-1
60,2,314.79,348.52,42.92,91.25,-1,-1,-1,-1
60,3,950.88,370.75,59.77,142.28,-1,-1,-1,-1
60,4,448.55,330.16,54.32,92.37,-1,-1,-1,-1
60,5,366.76,349.68,65.5,87.57,-1,-1,-1,-1
60,6,724.0,334.31,53.77,105.27,-1,-1,-1,-1
61,1,414.27,329.9,40.93,94.14,-1,-1,-1,-1
61,2,316.95,347.55,42.58,90.02,-1,-1,-1,-1
61,3,951.38,370.72,59.39,142.27,-1,-1,-1,-1
61,4,450.49,329.85,53.94,93.39,-1,-1,-1,-1
61,5,364.76,351.0,65.62,86.45,-1,-1,-1,-1
61,6,725.45,334.85,53.34,104.64,-1,-1,-1,-1
62,1,417.76,331.78,39.76,93.55,-1,-1,-1,-1
62,2,324.18,347.9,40.05,82.38,-1,-1,-1,-1
62,3,951.18,370.57,58.93,142.41,-1,-1,-1,-1
62,4,450.81,330.04,53.72,94.05,-1,-1,-1,-1
62,5,359.09,352.63,65.09,86.04,-1,-1,-1,-1
62,6,726.23,334.76,53.26,104.71,-1,-1,-1,-1
63,1,422.58,332.34,39.71,93.62,-1,-1,-1,-1
63,2,329.43,347.54,41.09,80.74,-1,-1,-1,-1
63,3,951.85,370.37,58.53,142.61,-1,-1,-1,-1
63,4,452.72,332.18,52.34,92.52,-1,-1,-1,-1
63,5,354.63,352.75,63.69,85.59,-1,-1,-1,-1
63,6,725.95,333.84,53.73,105.63,-1,-1,-1,-1
64,1,423.23,332.85,38.71,93.64,-1,-1,-1,-1
64,2,330.41,346.49,43.35,82.34,-1,-1,-1,-1
64,3,951.57,370.0,58.34,143.27,-1,-1,-1,-1
64,4,455.36,335.98,50.47,88.63,-1,-1,-1,-1
64,5,354.91,351.69,63.9,86.63,-1,-1,-1,-1
64,6,725.69,334.39,53.56,104.8,-1,-1,-1,-1
65,1,423.84,332.14,37.97,94.24,-1,-1,-1,-1
65,2,331.41,345.65,45.46,83.24,-1,-1,-1,-1
65,3,952.24,370.02,57.96,143.37,-1,-1,-1,-1
65,4,457.66,338.63,49.65,86.83,-1,-1,-1,-1
65,5,353.14,350.96,62.82,87.03,-1,-1,-1,-1
65,6,725.03,335.5,53.37,103.89,-1,-1,-1,-1
66,1,424.52,332.45,37.52,94.46,-1,-1,-1,-1
66,2,332.92,343.09,49.82,88.4,-1,-1,-1,-1
66,3,952.61,369.89,57.65,143.55,-1,-1,-1,-1
66,4,461.84,341.24,49.06,84.97,-1,-1,-1,-1
66,5,355.64,347.97,63.64,88.67,-1,-1,-1,-1
66,6,723.79,336.83,53.45,102.96,-1,-1,-1,-1
67,1,425.44,332.57,37.04,94.24,-1,-1,-1,-1
67,2,338.55,341.85,49.09,83.6,-1,-1,-1,-1
67,3,952.88,369.84,57.33,143.61,-1,-1,-1,-1
67,4,465.65,342.03,49.68,84.59,-1,-1,-1,-1
67,5,355.21,344.02,66.52,93.42,-1,-1,-1,-1
67,6,723.19,337.77,53.72,102.32,-1,-1,-1,-1
68,2,348.0,335.0,66.0,87.0,-1,-1,-1,-1
68,1,427.0,333.65,36.2,92.37,-1,-1,-1,-1
68,3,953.16,370.72,56.89,142.73,-1,-1,-1,-1
68,4,470.8,340.49,51.32,85.37,-1,-1,-1,-1
68,5,359.94,342.38,63.11,89.11,-1,-1,-1,-1
68,6,722.38,337.82,54.37,102.39,-1,-1,-1,-1
69,2,356.5,332.5,65.75,87.5,-1,-1,-1,-1
69,1,427.7,334.35,35.79,91.66,-1,-1,-1,-1
69,3,953.86,370.76,56.77,142.69,-1,-1,-1,-1
69,4,472.72,337.96,53.59,87.16,-1,-1,-1,-1
69,5,363.68,340.83,62.09,87.94,-1,-1,-1,-1
69,6,722.14,336.18,55.67,104.22,-1,-1,-1,-1
70,2,365.0,330.0,65.5,88.0,-1,-1,-1,-1
70,1,430.04,335.05,35.54,90.8,-1,-1,-1,-1
70,3,955.37,371.67,56.64,142.08,-1,-1,-1,-1
70,4,476.71,335.36,56.03,89.32,-1,-1,-1,-1
70,5,373.57,340.57,60.56,86.91,-1,-1,-1,-1
70,6,720.44,333.79,57.61,106.39,-1,-1,-1,-1
71,2,373.5,327.5,65.25,88.5,-1,-1,-1,-1
71,1,431.51,335.3,35.63,90.48,-1,-1,-1,-1
71,3,956.4,371.86,56.88,142.0,-1,-1,-1,-1
71,4,478.36,334.07,57.72,90.43,-1,-1,-1,-1
71,5,378.28,339.29,60.37,87.43,-1,-1,-1,-1
71,6,719.64,332.59,58.63,106.92,-1,-1,-1,-1
72,2,382.0,325.0,65.0,89.0,-1,-1,-1,-1
72,1,431.96,334.93,35.86,90.97,-1,-1,-1,-1
72,3,959.33,373.57,56.66,139.14,-1,-1,-1,-1
72,4,486.28,334.03,51.84,80.53,-1,-1,-1,-1
72,5,382.11,330.05,66.49,96.54,-1,-1,-1,-1
72,6,716.54,331.4,56.33,102.38,-1,-1,-1,-1
73,2,390.6,326.2,64.80000000000001,85.40000000000003,-1,-1,-1,-1
73,1,431.62,334.48,36.27,91.76,-1,-1,-1,-1
73,3,960.59,375.86,56.28,135.81,-1,-1,-1,-1
73,4,489.38,332.79,49.75,77.21,-1,-1,-1,-1
73,5,386.13,329.38,66.65,97.03,-1,-1,-1,-1
73,6,707.91,327.65,55.85,103.64,-1,-1,-1,-1
74,2,399.2,327.4,64.60000000000002,81.80000000000001,-1,-1,-1,-1
74,1,431.55,334.75,36.94,91.47,-1,-1,-1,-1
74,3,960.74,380.32,55.55,130.97,-1,-1,-1,-1
74,4,489.84,330.21,50.09,78.23,-1,-1,-1,-1
74,5,394.06,331.54,62.12,90.74,-1,-1,-1,-1
74,6,701.78,324.81,55.16,105.29,-1,-1,-1,-1
75,2,407.8,328.6,64.39999999999998,78.19999999999999,-1,-1,-1,-1
75,1,428.32,336.04,36.33,90.17,-1,-1,-1,-1
75,3,960.63,383.02,55.55,128.15,-1,-1,-1,-1
75,4,489.72,329.46,50.06,78.31,-1,-1,-1,-1
75,5,405.94,334.29,57.34,86.39,-1,-1,-1,-1
75,6,697.93,322.88,54.54,106.81,-1,-1,-1,-1
76,2,416.4,329.8,64.20000000000005,74.59999999999997,-1,-1,-1,-1
76,5,421.0,332.0,55.0,85.0,-1,-1,-1,-1
76,1,430.53,333.52,39.31,92.98,-1,-1,-1,-1
76,3,956.88,384.87,56.89,127.16,-1,-1,-1,-1
76,4,488.31,328.31,51.37,79.28,-1,-1,-1,-1
76,6,694.28,321.45,53.5,106.49,-1,-1,-1,-1
77,2,425.0,331.0,64.0,71.0,-1,-1,-1,-1
77,5,423.6666666666667,331.33333333333337,54.333333333333314,85.0,-1,-1,-1,-1
77,1,429.86,333.47,38.79,90.48,-1,-1,-1,-1
77,3,952.69,385.35,59.38,127.31,-1,-1,-1,-1
77,4,487.52,325.96,49.86,75.48,-1,-1,-1,-1
77,6,692.34,321.55,51.99,104.88,-1,-1,-1,-1
78,2,431.0,313.0,62.0,86.0,-1,-1,-1,-1
78,5,426.33333333333337,330.6666666666667,53.66666666666663,84.99999999999994,-1,-1,-1,-1
78,1,432.74,334.95,39.07,87.11,-1,-1,-1,-1
78,3,944.14,383.98,63.5,129.21,-1,-1,-1,-1
78,4,486.42,325.41,49.42,73.14,-1,-1,-1,-1
78,6,688.42,322.53,50.25,103.36,-1,-1,-1,-1
79,2,437.5,312.0,60.0,84.5,-1,-1,-1,-1
79,5,429.0,330.0,53.0,85.0,-1,-1,-1,-1
79,1,437.05,337.02,40.21,85.25,-1,-1,-1,-1
79,3,937.38,382.99,67.76,130.7,-1,-1,-1,-1
79,4,485.59,325.4,50.04,72.33,-1,-1,-1,-1
79,6,685.12,322.63,49.25,103.4,-1,-1,-1,-1
80,2,444.0,311.0,58.0,83.0,-1,-1,-1,-1
80,5,444.0,325.0,52.0,91.0,-1,-1,-1,-1
80,1,439.83,338.52,40.56,84.59,-1,-1,-1,-1
80,3,926.19,380.95,73.38,134.11,-1,-1,-1,-1
80,4,484.68,321.78,52.0,74.2,-1,-1,-1,-1
80,6,681.86,326.13,46.58,98.94,-1,-1,-1,-1
81,2,452.00000000000006,313.6666666666667,54.99999999999994,80.66666666666669,-1,-1,-1,-1
81,5,451.0,323.0,53.5,86.0,-1,-1,-1,-1
81,1,440.84,339.36,41.03,84.07,-1,-1,-1,-1
81,3,917.33,380.01,77.81,135.85,-1,-1,-1,-1
81,4,488.69,320.19,52.34,75.2,-1,-1,-1,-1
81,6,680.78,328.26,43.74,93.62,-1,-1,-1,-1
82,2,460.0,316.3333333333333,52.0,78.33333333333331,-1,-1,-1,-1
82,5,458.0,321.0,55.0,81.0,-1,-1,-1,-1
82,1,441.21,338.6,42.45,86.61,-1,-1,-1,-1
82,3,904.27,378.02,81.63,137.55,-1,-1,-1,-1
82,4,490.09,318.89,50.85,75.61,-1,-1,-1,-1
82,6,676.47,330.43,43.45,92.0,-1,-1,-1,-1
83,2,468.0,319.0,49.0,76.0,-1,-1,-1,-1
83,1,446.5,337.57,45.01,89.34,-1,-1,-1,-1
83,3,893.48,377.11,84.01,138.64,-1,-1,-1,-1
83,4,489.54,317.11,49.97,76.67,-1,-1,-1,-1
83,5,470.18,321.99,46.97,79.88,-1,-1,-1,-1
83,6,673.74,330.59,44.11,92.07,-1,-1,-1,-1
84,2,468.6,318.0,48.200000000000045,77.0,-1,-1,-1,-1
84,1,451.35,337.6,46.21,89.8,-1,-1,-1,-1
84,3,886.78,376.32,83.29,140.07,-1,-1,-1,-1
84,4,486.84,319.59,49.21,76.79,-1,-1,-1,-1
84,5,479.19,321.79,43.69,75.35,-1,-1,-1,-1
84,6,670.39,331.7,44.43,90.63,-1,-1,-1,-1
85,2,469.2000000000001,317.0,47.39999999999998,78.0,-1,-1,-1,-1
85,4,478.0,323.0,41.0,73.0,-1,-1,-1,-1
85,1,455.94,335.98,47.87,92.04,-1,-1,-1,-1
85,3,883.59,376.17,82.25,140.46,-1,-1,-1,-1
85,5,483.57,322.37,46.4,79.15,-1,-1,-1,-1
85,6,668.65,331.94,45.24,90.45,-1,-1,-1,-1
86,2,469.8,316.0,46.60000000000002,79.0,-1,-1,-1,-1
86,4,480.0,323.0,44.0,73.0,-1,-1,-1,-1
86,1,460.38,336.83,46.59,91.12,-1,-1,-1,-1
86,3,876.07,376.86,81.82,140.14,-1,-1,-1,-1
86,5,494.57,323.47,46.16,79.56,-1,-1,-1,-1
86,6,665.26,329.01,47.02,93.13,-1,-1,-1,-1
87,2,470.4,315.0,45.80000000000007,80.0,-1,-1,-1,-1
87,1,463.77,337.9,45.47,90.45,-1,-1,-1,-1
87,3,866.98,377.72,81.72,139.11,-1,-1,-1,-1
87,4,481.12,316.06,50.01,79.94,-1,-1,-1,-1
87,5,500.65,326.78,45.35,78.55,-1,-1,-1,-1
87,6,662.63,327.18,47.64,94.44,-1,-1,-1,-1
88,2,471.0,314.0,45.0,81.0,-1,-1,-1,-1
88,1,471.34,340.08,45.91,90.19,-1,-1,-1,-1
88,3,858.59,379.09,80.07,137.08,-1,-1,-1,-1
88,4,480.05,314.11,50.36,81.97,-1,-1,-1,-1
88,5,504.55,322.32,47.85,83.02,-1,-1,-1,-1
88,6,657.78,325.74,47.49,96.44,-1,-1,-1,-1
89,2,469.0,315.0,52.0,82.0,-1,-1,-1,-1
89,1,475.64,341.34,47.11,90.98,-1,-1,-1,-1
89,3,852.78,379.61,78.31,136.3,-1,-1,-1,-1
89,4,482.28,315.48,48.8,81.51,-1,-1,-1,-1
89,5,513.27,321.14,48.03,83.77,-1,-1,-1,-1
89,6,655.47,324.91,47.39,98.39,-1,-1,-1,-1
90,2,469.0,314.0,50.0,81.0,-1,-1,-1,-1
90,1,476.92,342.24,48.59,92.46,-1,-1,-1,-1
90,3,847.19,379.95,77.74,139.44,-1,-1,-1,-1
90,4,484.09,313.39,48.08,81.02,-1,-1,-1,-1
90,5,522.6,322.05,51.03,85.84,-1,-1,-1,-1
90,6,649.27,325.35,47.61,98.84,-1,-1,-1,-1
91,2,466.6666666666667,313.0,50.00000000000006,80.33333333333337,-1,-1,-1,-1
91,1,477.51,342.13,49.88,93.6,-1,-1,-1,-1
91,3,845.86,380.07,74.6,137.95,-1,-1,-1,-1
91,4,485.69,313.08,47.19,80.22,-1,-1,-1,-1
91,5,525.33,322.41,53.96,87.21,-1,-1,-1,-1
91,6,645.43,326.41,47.9,99.3,-1,-1,-1,-1
92,2,464.33333333333337,312.0,50.0,79.66666666666669,-1,-1,-1,-1
92,1,477.41,341.62,50.78,94.32,-1,-1,-1,-1
92,3,835.17,379.36,75.22,141.09,-1,-1,-1,-1
92,4,486.56,311.66,46.91,79.91,-1,-1,-1,-1
92,5,531.66,326.83,53.38,83.31,-1,-1,-1,-1
92,6,643.7,329.49,47.02,97.4,-1,-1,-1,-1
93,2,462.0,311.0,50.0,79.0,-1,-1,-1,-1
93,1,478.6,342.59,50.78,93.99,-1,-1,-1,-1
93,3,826.98,378.94,75.93,143.29,-1,-1,-1,-1
93,4,486.71,311.46,46.54,80.08,-1,-1,-1,-1
93,5,533.84,330.08,52.96,79.96,-1,-1,-1,-1
93,6,643.12,331.27,46.82,96.97,-1,-1,-1,-1
94,2,462.5,309.75,48.5,81.0,-1,-1,-1,-1
94,1,476.31,343.39,51.3,94.44,-1,-1,-1,-1
94,3,822.99,379.37,76.58,145.88,-1,-1,-1,-1
94,4,486.99,310.82,46.54,81.63,-1,-1,-1,-1
94,5,538.1,330.21,53.21,79.94,-1,-1,-1,-1
94,6,642.21,331.93,47.15,97.99,-1,-1,-1,-1
95,2,463.0,308.5,47.0,83.0,-1,-1,-1,-1
95,1,474.44,343.97,52.14,95.49,-1,-1,-1,-1
95,3,821.63,379.83,76.34,146.85,-1,-1,-1,-1
95,4,487.37,311.35,45.97,82.2,-1,-1,-1,-1
95,5,539.69,329.95,55.85,85.03,-1,-1,-1,-1
95,6,642.34,332.31,47.11,98.38,-1,-1,-1,-1
96,2,463.5,307.25,45.5,85.0,-1,-1,-1,-1
96,1,471.22,344.76,53.79,97.35,-1,-1,-1,-1
96,3,819.91,378.97,75.58,147.92,-1,-1,-1,-1
96,4,487.03,314.09,44.35,79.16,-1,-1,-1,-1
96,5,539.49,329.7,57.05,87.77,-1,-1,-1,-1
96,6,642.89,333.04,46.9,97.93,-1,-1,-1,-1
97,2,464.0,306.0,44.0,87.0,-1,-1,-1,-1
97,1,469.06,347.25,54.41,96.57,-1,-1,-1,-1
97,3,817.74,377.6,74.59,149.33,-1,-1,-1,-1
97,4,486.68,315.34,44.13,78.58,-1,-1,-1,-1
97,5,538.19,329.74,56.61,88.25,-1,-1,-1,-1
97,6,645.39,331.66,47.77,99.25,-1,-1,-1,-1
98,2,464.2000000000001,306.40000000000003,43.60000000000002,86.40000000000003,-1,-1,-1,-1
98,1,467.14,347.45,56.11,98.02,-1,-1,-1,-1
98,3,816.58,376.64,72.89,149.69,-1,-1,-1,-1
98,4,485.98,316.1,44.0,77.76,-1,-1,-1,-1
98,5,536.01,332.54,53.45,85.47,-1,-1,-1,-1
98,6,649.58,329.21,49.42,101.81,-1,-1,-1,-1
99,2,464.4,306.8,43.200000000000045,85.80000000000001,-1,-1,-1,-1
99,1,465.08,344.85,58.79,101.79,-1,-1,-1,-1
99,3,816.04,376.58,71.03,149.5,-1,-1,-1,-1
99,4,486.41,318.64,43.17,75.67,-1,-1,-1,-1
99,5,534.19,334.65,50.77,83.77,-1,-1,-1,-1
99,6,651.42,327.4,50.8,103.65,-1,-1,-1,-1
100,2,464.6,307.2,42.79999999999996,85.19999999999999,-1,-1,-1,-1
100,1,463.9,345.74,58.8,101.46,-1,-1,-1,-1
100,3,813.0,378.63,69.82,148.8,-1,-1,-1,-1
100,4,487.1,319.45,43.01,75.19,-1,-1,-1,-1
100,5,530.51,334.67,50.73,84.93,-1,-1,-1,-1
100,6,653.12,326.85,51.75,104.34,-1,-1,-1,-1
101,2,464.8,307.6,42.400000000000034,84.59999999999997,-1,-1,-1,-1
101,1,462.13,345.34,59.15,101.88,-1,-1,-1,-1
101,3,812.6,381.19,68.8,147.62,-1,-1,-1,-1
101,4,487.48,319.73,42.71,74.73,-1,-1,-1,-1
101,5,529.79,336.44,49.28,82.98,-1,-1,-1,-1
101,6,654.83,326.95,52.38,104.88,-1,-1,-1,-1
102,2,465.0,308.0,42.0,84.0,-1,-1,-1,-1
102,1,457.69,346.79,58.54,100.24,-1,-1,-1,-1
102,3,812.4,384.69,67.64,145.22,-1,-1,-1,-1
102,4,488.67,317.43,43.51,76.97,-1,-1,-1,-1
102,5,530.71,339.49,50.33,84.33,-1,-1,-1,-1
102,6,657.46,330.24,51.05,103.0,-1,-1,-1,-1
103,1,453.0,347.93,58.76,99.29,-1,-1,-1,-1
103,2,468.64,309.9,40.56,78.01,-1,-1,-1,-1
103,3,812.72,386.44,67.32,144.44,-1,-1,-1,-1
103,4,489.45,315.39,43.71,78.7,-1,-1,-1,-1
103,5,531.38,341.18,50.57,83.94,-1,-1,-1,-1
103,6,663.17,333.0,50.05,101.36,-1,-1,-1,-1
104,1,451.19,352.06,57.91,95.94,-1,-1,-1,-1
104,2,469.74,309.94,40.61,79.15,-1,-1,-1,-1
104,3,814.14,388.57,66.65,142.06,-1,-1,-1,-1
104,4,493.31,313.73,43.12,80.24,-1,-1,-1,-1
104,5,531.56,343.42,50.05,82.3,-1,-1,-1,-1
104,6,669.23,338.06,49.0,97.75,-1,-1,-1,-1
105,1,449.8,354.66,57.26,93.45,-1,-1,-1,-1
105,2,469.82,309.53,40.05,79.29,-1,-1,-1,-1
105,3,815.52,389.48,66.77,141.32,-1,-1,-1,-1
105,4,495.68,312.8,43.44,83.48,-1,-1,-1,-1
105,5,531.25,343.62,50.48,82.58,-1,-1,-1,-1
105,6,673.1,340.4,49.57,96.38,-1,-1,-1,-1
106,1,450.05,356.79,56.62,91.02,-1,-1,-1,-1
106,2,468.63,307.3,41.6,83.77,-1,-1,-1,-1
106,3,819.01,390.54,67.04,139.7,-1,-1,-1,-1
106,4,498.57,313.05,42.47,83.24,-1,-1,-1,-1
106,5,531.11,347.23,48.82,79.41,-1,-1,-1,-1
106,6,675.36,341.82,51.62,97.39,-1,-1,-1,-1
107,1,450.82,357.68,56.93,89.84,-1,-1,-1,-1
107,2,468.44,305.46,42.2,86.02,-1,-1,-1,-1
107,3,821.55,391.34,67.85,138.66,-1,-1,-1,-1
107,4,500.68,313.61,41.81,83.71,-1,-1,-1,-1
107,5,530.01,350.22,48.33,78.21,-1,-1,-1,-1
107,6,675.96,342.17,54.53,100.16,-1,-1,-1,-1
108,1,453.69,359.77,57.51,88.83,-1,-1,-1,-1
108,2,469.3,304.89,41.08,84.54,-1,-1,-1,-1
108,3,823.26,391.76,69.13,138.14,-1,-1,-1,-1
108,4,503.44,315.75,40.53,82.4,-1,-1,-1,-1
108,5,530.16,353.06,48.2,77.79,-1,-1,-1,-1
108,6,679.51,342.26,55.93,101.8,-1,-1,-1,-1
109,1,455.07,362.01,57.73,87.57,-1,-1,-1,-1
109,2,470.15,304.99,40.15,83.03,-1,-1,-1,-1
109,3,824.09,391.43,70.49,138.12,-1,-1,-1,-1
109,4,505.31,317.47,39.5,80.99,-1,-1,-1,-1
109,5,530.03,353.76,48.47,78.26,-1,-1,-1,-1
109,6,683.61,341.52,56.75,103.01,-1,-1,-1,-1
110,1,458.46,364.44,57.37,85.93,-1,-1,-1,-1
110,2,470.4,306.54,37.49,77.98,-1,-1,-1,-1
110,3,823.48,389.93,72.28,139.18,-1,-1,-1,-1
110,4,510.92,319.02,39.36,78.95,-1,-1,-1,-1
110,5,530.12,353.95,48.83,78.45,-1,-1,-1,-1
110,6,692.55,340.76,57.49,104.94,-1,-1,-1,-1
111,1,459.64,364.52,58.13,86.26,-1,-1,-1,-1
111,2,470.57,307.61,35.65,74.51,-1,-1,-1,-1
111,3,823.14,388.45,73.8,140.18,-1,-1,-1,-1
111,4,511.62,320.19,38.41,76.68,-1,-1,-1,-1
111,5,530.39,352.77,49.65,79.73,-1,-1,-1,-1
111,6,697.22,340.3,58.01,106.54,-1,-1,-1,-1
112,1,459.29,362.25,59.79,88.51,-1,-1,-1,-1
112,2,470.19,306.48,37.67,78.74,-1,-1,-1,-1
112,3,826.81,386.09,74.51,141.76,-1,-1,-1,-1
112,4,515.18,321.37,36.74,72.52,-1,-1,-1,-1
112,5,534.68,351.69,50.45,81.11,-1,-1,-1,-1
112,6,701.62,340.99,58.65,108.31,-1,-1,-1,-1
113,1,459.65,359.89,60.58,89.67,-1,-1,-1,-1
113,2,469.31,304.62,39.28,82.0,-1,-1,-1,-1
113,3,831.04,384.6,74.44,143.25,-1,-1,-1,-1
113,4,518.56,322.09,35.54,69.15,-1,-1,-1,-1
113,5,539.08,350.95,50.47,81.63,-1,-1,-1,-1
113,6,704.51,341.53,59.77,110.72,-1,-1,-1,-1
114,1,457.22,357.77,60.64,90.41,-1,-1,-1,-1
114,2,467.48,303.76,39.34,81.21,-1,-1,-1,-1
114,3,840.11,382.27,73.06,144.7,-1,-1,-1,-1
114,4,522.74,324.33,33.94,64.9,-1,-1,-1,-1
114,5,541.52,349.45,51.25,83.91,-1,-1,-1,-1
114,6,712.31,344.79,60.62,109.57,-1,-1,-1,-1
115,1,454.96,356.8,58.69,88.93,-1,-1,-1,-1
115,2,466.73,303.45,39.39,79.99,-1,-1,-1,-1
115,3,846.21,380.94,71.3,145.39,-1,-1,-1,-1
115,4,525.8,325.42,33.82,63.12,-1,-1,-1,-1
115,5,544.14,348.86,51.59,85.35,-1,-1,-1,-1
115,6,716.69,347.95,60.9,107.61,-1,-1,-1,-1
116,1,452.49,355.67,57.4,88.66,-1,-1,-1,-1
116,2,466.08,303.5,38.94,78.02,-1,-1,-1,-1
116,3,850.99,379.42,69.74,146.38,-1,-1,-1,-1
116,4,529.63,328.87,33.67,59.77,-1,-1,-1,-1
116,5,551.99,348.91,52.01,86.18,-1,-1,-1,-1
116,6,721.71,349.42,62.28,107.72,-1,-1,-1,-1
117,1,450.09,354.8,56.33,88.87,-1,-1,-1,-1
117,2,464.49,303.53,37.27,74.57,-1,-1,-1,-1
117,3,854.31,378.27,68.96,148.51,-1,-1,-1,-1
117,4,531.2,328.19,35.49,60.21,-1,-1,-1,-1
117,5,555.04,349.51,51.96,86.19,-1,-1,-1,-1
117,6,724.54,350.68,63.03,106.27,-1,-1,-1,-1
118,1,448.87,351.65,57.35,91.34,-1,-1,-1,-1
118,2,462.55,302.96,36.89,74.2,-1,-1,-1,-1
118,3,858.54,378.89,67.86,148.87,-1,-1,-1,-1
118,4,534.28,328.08,37.04,60.4,-1,-1,-1,-1
118,5,557.04,347.95,52.48,87.95,-1,-1,-1,-1
118,6,726.12,349.32,64.92,107.79,-1,-1,-1,-1
119,1,446.63,349.15,57.65,93.74,-1,-1,-1,-1
119,2,460.78,302.16,35.78,71.97,-1,-1,-1,-1
119,3,862.0,379.3,66.84,148.83,-1,-1,-1,-1
119,4,536.64,325.87,39.2,62.05,-1,-1,-1,-1
119,5,558.05,346.91,52.59,89.19,-1,-1,-1,-1
119,6,726.29,347.01,66.82,109.82,-1,-1,-1,-1
120,4,543.0,324.0,53.0,64.0,-1,-1,-1,-1
120,1,448.16,347.33,54.68,90.84,-1,-1,-1,-1
120,2,457.42,301.42,35.03,70.25,-1,-1,-1,-1
120,3,868.65,379.18,66.86,148.79,-1,-1,-1,-1
120,5,557.77,342.69,54.39,93.46,-1,-1,-1,-1
120,6,731.02,343.75,67.37,112.35,-1,-1,-1,-1
121,4,546.5,325.5,54.0,64.0,-1,-1,-1,-1
121,1,449.01,345.61,52.66,89.39,-1,-1,-1,-1
121,2,456.28,301.17,34.5,69.05,-1,-1,-1,-1
121,3,872.82,379.15,66.93,148.46,-1,-1,-1,-1
121,5,555.99,342.11,54.26,93.9,-1,-1,-1,-1
121,6,734.39,342.93,66.56,112.71,-1,-1,-1,-1
122,4,550.0,327.0,55.0,64.0,-1,-1,-1,-1
122,1,450.39,342.46,51.46,89.45,-1,-1,-1,-1
122,2,454.81,301.25,34.68,70.15,-1,-1,-1,-1
122,3,878.19,378.41,68.37,149.36,-1,-1,-1,-1
122,5,552.32,338.09,55.29,96.67,-1,-1,-1,-1
122,6,737.89,340.99,66.83,114.88,-1,-1,-1,-1
123,4,551.0,330.0,53.0,61.5,-1,-1,-1,-1
123,1,452.93,340.28,50.75,90.96,-1,-1,-1,-1
123,2,453.17,300.69,34.63,71.18,-1,-1,-1,-1
123,3,880.06,378.0,69.29,148.94,-1,-1,-1,-1
123,5,553.9,340.05,53.1,94.5,-1,-1,-1,-1
123,6,740.37,340.99,66.17,115.1,-1,-1,-1,-1
124,4,552.0,333.0,51.0,59.0,-1,-1,-1,-1
124,1,455.93,337.28,49.37,91.53,-1,-1,-1,-1
124,2,450.8,299.31,34.03,70.69,-1,-1,-1,-1
124,3,881.17,377.71,70.36,148.92,-1,-1,-1,-1
124,5,551.72,338.05,50.62,90.93,-1,-1,-1,-1
124,6,743.5,340.99,64.82,114.85,-1,-1,-1,-1
125,4,552.0,334.5,49.5,57.0,-1,-1,-1,-1
125,1,458.93,336.48,46.93,89.97,-1,-1,-1,-1
125,2,449.46,299.7,33.01,69.03,-1,-1,-1,-1
125,3,881.76,377.77,71.08,148.15,-1,-1,-1,-1
125,5,551.18,338.07,48.99,88.64,-1,-1,-1,-1
125,6,744.31,341.15,63.6,114.43,-1,-1,-1,-1
126,4,552.0,336.0,48.0,55.0,-1,-1,-1,-1
126,1,461.09,336.4,45.75,89.67,-1,-1,-1,-1
126,2,446.82,299.72,34.02,70.84,-1,-1,-1,-1
126,3,883.57,376.76,71.2,147.7,-1,-1,-1,-1
126,5,553.49,339.0,47.52,86.87,-1,-1,-1,-1
126,6,746.06,341.81,62.39,113.95,-1,-1,-1,-1
127,4,544.5,328.5,52.5,61.0,-1,-1,-1,-1
127,1,464.55,337.01,42.98,86.28,-1,-1,-1,-1
127,2,446.14,299.73,34.62,71.51,-1,-1,-1,-1
127,3,887.53,375.95,70.73,146.78,-1,-1,-1,-1
127,5,553.24,338.16,47.36,87.42,-1,-1,-1,-1
127,6,745.05,341.77,62.07,114.04,-1,-1,-1,-1
128,4,537.0,321.0,57.0,67.0,-1,-1,-1,-1
128,1,467.84,334.73,41.54,85.3,-1,-1,-1,-1
128,2,444.15,300.35,34.0,70.88,-1,-1,-1,-1
128,3,895.27,373.28,69.76,147.03,-1,-1,-1,-1
128,5,552.8,339.06,46.16,86.43,-1,-1,-1,-1
128,6,746.52,341.61,61.6,114.65,-1,-1,-1,-1
129,4,531.5,319.8333333333333,56.5,67.83333333333337,-1,-1,-1,-1
129,1,470.22,334.09,40.43,84.36,-1,-1,-1,-1
129,2,442.72,301.19,33.13,70.06,-1,-1,-1,-1
129,3,901.33,371.99,68.83,148.01,-1,-1,-1,-1
129,5,551.21,338.52,46.11,86.96,-1,-1,-1,-1
129,6,746.91,341.4,60.99,114.87,-1,-1,-1,-1
130,4,526.0,318.6666666666667,56.0,68.66666666666669,-1,-1,-1,-1
130,1,473.81,332.09,39.96,83.43,-1,-1,-1,-1
130,2,441.69,307.65,29.44,63.47,-1,-1,-1,-1
130,3,907.91,370.35,67.93,149.27,-1,-1,-1,-1
130,5,552.47,334.31,44.77,85.37,-1,-1,-1,-1
130,6,747.83,337.92,60.8,117.01,-1,-1,-1,-1
131,4,520.5,317.5,55.5,69.5,-1,-1,-1,-1
131,1,476.08,330.79,40.24,83.41,-1,-1,-1,-1
131,2,440.45,306.24,29.62,65.01,-1,-1,-1,-1
131,3,911.89,369.61,66.74,149.59,-1,-1,-1,-1
131,5,553.07,332.28,44.0,84.77,-1,-1,-1,-1
131,6,745.99,335.13,60.27,118.39,-1,-1,-1,-1
132,4,515.0,316.3333333333333,55.0,70.33333333333331,-1,-1,-1,-1
132,1,481.09,328.7,42.11,84.62,-1,-1,-1,-1
132,2,439.06,302.46,30.44,68.24,-1,-1,-1,-1
132,3,916.14,369.51,65.53,149.26,-1,-1,-1,-1
132,5,552.45,328.25,44.18,85.76,-1,-1,-1,-1
132,6,746.04,331.73,59.01,119.19,-1,-1,-1,-1
133,4,509.5,315.1666666666667,54.5,71.16666666666669,-1,-1,-1,-1
133,1,483.85,328.27,43.31,84.79,-1,-1,-1,-1
133,2,438.39,299.58,31.0,70.34,-1,-1,-1,-1
133,3,918.99,369.65,64.39,148.68,-1,-1,-1,-1
133,5,552.14,326.05,43.82,85.54,-1,-1,-1,-1
133,6,747.02,330.01,56.5,117.41,-1,-1,-1,-1
134,4,504.0,314.0,54.0,72.0,-1,-1,-1,-1
134,1,487.92,324.73,44.7,86.66,-1,-1,-1,-1
134,2,437.47,297.89,31.04,69.68,-1,-1,-1,-1
134,3,921.93,368.99,63.49,148.0,-1,-1,-1,-1
134,5,550.24,323.63,45.45,87.85,-1,-1,-1,-1
134,6,747.65,328.65,54.31,115.8,-1,-1,-1,-1
135,4,499.0,316.0,58.0,63.0,-1,-1,-1,-1
135,1,492.43,323.15,44.44,86.77,-1,-1,-1,-1
135,2,437.17,297.7,30.79,67.94,-1,-1,-1,-1
135,3,923.6,368.77,62.95,148.04,-1,-1,-1,-1
135,5,549.85,322.47,46.0,87.83,-1,-1,-1,-1
135,6,747.86,328.18,52.87,115.48,-1,-1,-1,-1
136,4,496.0,318.0,44.0,64.0,-1,-1,-1,-1
136,1,499.09,321.12,44.95,88.6,-1,-1,-1,-1
136,2,438.04,297.05,29.44,63.08,-1,-1,-1,-1
136,3,925.02,367.67,62.11,147.61,-1,-1,-1,-1
136,5,550.14,323.28,44.75,83.07,-1,-1,-1,-1
136,6,748.71,329.83,50.73,113.26,-1,-1,-1,-1
137,1,502.04,319.08,45.26,89.87,-1,-1,-1,-1
137,2,439.15,296.84,32.14,67.1,-1,-1,-1,-1
137,3,926.24,366.39,61.34,147.15,-1,-1,-1,-1
137,4,490.65,318.48,33.83,64.56,-1,-1,-1,-1
137,5,551.88,324.73,44.05,80.02,-1,-1,-1,-1
137,6,749.83,331.7,48.84,110.92,-1,-1,-1,-1
138,1,502.52,317.62,45.87,91.53,-1,-1,-1,-1
138,2,440.03,297.36,33.38,67.9,-1,-1,-1,-1
138,3,930.36,365.18,58.28,140.57,-1,-1,-1,-1
138,4,486.51,314.52,36.69,69.82,-1,-1,-1,-1
138,5,552.22,324.55,44.41,78.62,-1,-1,-1,-1
138,6,751.13,334.53,46.91,107.95,-1,-1,-1,-1
139,1,504.97,316.97,45.46,92.15,-1,-1,-1,-1
139,2,440.45,297.88,34.21,67.92,-1,-1,-1,-1
139,3,933.38,365.22,55.12,133.37,-1,-1,-1,-1
139,4,484.39,312.79,37.41,71.15,-1,-1,-1,-1
139,5,551.45,323.61,45.71,79.66,-1,-1,-1,-1
139,6,751.5,336.06,45.76,106.56,-1,-1,-1,-1
140,1,511.5,318.85,45.12,91.2,-1,-1,-1,-1
140,2,440.33,297.5,34.98,68.52,-1,-1,-1,-1
140,3,934.67,362.82,57.01,139.04,-1,-1,-1,-1
140,4,483.98,310.38,36.77,70.46,-1,-1,-1,-1
140,5,548.54,322.09,47.85,82.45,-1,-1,-1,-1
140,6,749.86,333.15,46.44,109.09,-1,-1,-1,-1
141,1,515.29,319.48,45.12,90.81,-1,-1,-1,-1
141,2,440.68,297.66,35.25,68.16,-1,-1,-1,-1
141,3,936.49,362.14,57.26,140.61,-1,-1,-1,-1
141,4,484.1,309.04,36.43,70.16,-1,-1,-1,-1
141,5,549.12,321.7,47.67,81.44,-1,-1,-1,-1
141,6,748.6,331.34,46.8,110.92,-1,-1,-1,-1
142,1,518.17,321.24,44.37,89.47,-1,-1,-1,-1
142,2,441.1,296.54,35.97,68.91,-1,-1,-1,-1
142,3,939.57,361.91,57.13,140.64,-1,-1,-1,-1
142,4,483.47,307.84,36.19,70.03,-1,-1,-1,-1
142,5,549.85,320.25,48.4,82.56,-1,-1,-1,-1
142,6,747.41,329.18,46.56,111.93,-1,-1,-1,-1
143,1,521.27,320.9,43.99,89.85,-1,-1,-1,-1
143,2,441.33,293.47,37.0,70.97,-1,-1,-1,-1
143,3,942.34,361.72,57.23,140.81,-1,-1,-1,-1
143,4,481.21,307.87,35.68,69.07,-1,-1,-1,-1
143,5,550.0,319.14,48.92,83.57,-1,-1,-1,-1
143,6,747.82,327.63,45.91,111.72,-1,-1,-1,-1
144,1,523.24,319.32,43.8,91.17,-1,-1,-1,-1
144,2,443.76,291.15,37.53,72.91,-1,-1,-1,-1
144,3,945.69,360.63,57.23,140.74,-1,-1,-1,-1
144,4,480.59,307.79,35.3,68.69,-1,-1,-1,-1
144,5,554.2,318.31,47.93,83.36,-1,-1,-1,-1
144,6,747.33,325.29,45.19,111.64,-1,-1,-1,-1
145,1,524.88,319.48,42.9,90.78,-1,-1,-1,-1
145,2,446.05,291.01,36.92,72.48,-1,-1,-1,-1
145,3,947.62,360.55,56.88,140.13,-1,-1,-1,-1
145,4,480.5,307.94,35.11,68.84,-1,-1,-1,-1
145,5,557.36,318.33,46.21,81.5,-1,-1,-1,-1
145,6,745.98,323.39,43.68,109.83,-1,-1,-1,-1
146,1,526.13,318.68,42.83,91.81,-1,-1,-1,-1
146,2,448.29,290.99,36.61,72.29,-1,-1,-1,-1
146,3,949.98,360.55,56.86,139.91,-1,-1,-1,-1
146,4,480.36,307.88,34.89,68.89,-1,-1,-1,-1
146,5,560.57,317.93,45.09,80.5,-1,-1,-1,-1
146,6,741.83,318.52,43.81,110.34,-1,-1,-1,-1
147,1,528.02,318.4,42.15,91.3,-1,-1,-1,-1
147,2,450.83,292.64,36.04,70.43,-1,-1,-1,-1
147,3,952.21,359.38,56.35,137.75,-1,-1,-1,-1
147,4,480.28,306.4,35.07,69.8,-1,-1,-1,-1
147,5,562.69,317.97,45.17,81.93,-1,-1,-1,-1
147,6,740.4,316.9,43.08,109.64,-1,-1,-1,-1
148,1,531.79,318.32,40.93,89.91,-1,-1,-1,-1
148,2,452.73,296.14,35.7,68.21,-1,-1,-1,-1
148,3,955.7,358.97,55.45,134.85,-1,-1,-1,-1
148,4,480.05,305.13,35.1,70.43,-1,-1,-1,-1
148,5,565.21,318.44,45.23,83.36,-1,-1,-1,-1
148,6,738.48,316.79,42.63,108.79,-1,-1,-1,-1
149,1,533.74,318.02,40.4,89.97,-1,-1,-1,-1
149,2,452.57,299.12,34.83,65.57,-1,-1,-1,-1
149,3,958.16,358.84,54.99,133.49,-1,-1,-1,-1
149,4,480.48,305.12,34.83,70.37,-1,-1,-1,-1
149,5,566.93,318.95,44.81,83.61,-1,-1,-1,-1
149,6,738.57,317.4,42.11,107.88,-1,-1,-1,-1
150,2,447.0,301.0,51.0,64.0,-1,-1,-1,-1
150,1,537.72,317.48,39.48,90.0,-1,-1,-1,-1
150,3,961.53,355.51,55.71,136.33,-1,-1,-1,-1
150,4,482.14,306.04,32.48,66.77,-1,-1,-1,-1
150,5,569.61,319.16,44.08,83.11,-1,-1,-1,-1
150,6,738.15,319.33,41.11,104.85,-1,-1,-1,-1
151,2,449.5,304.5,54.5,60.5,-1,-1,-1,-1
151,1,539.97,317.15,38.63,90.0,-1,-1,-1,-1
151,3,964.06,354.01,55.64,137.09,-1,-1,-1,-1
151,4,483.49,307.8,30.95,64.17,-1,-1,-1,-1
151,5,570.94,319.11,43.65,82.91,-1,-1,-1,-1
151,6,737.48,319.2,41.23,104.64,-1,-1,-1,-1
152,2,452.0,308.0,58.0,57.0,-1,-1,-1,-1
152,1,542.39,316.89,37.95,90.01,-1,-1,-1,-1
152,3,966.2,353.17,55.41,137.4,-1,-1,-1,-1
152,4,487.07,312.57,27.98,58.36,-1,-1,-1,-1
152,5,574.98,318.96,44.05,83.14,-1,-1,-1,-1
152,6,738.16,320.82,40.69,102.78,-1,-1,-1,-1
153,2,460.33333333333337,306.33333333333337,55.66666666666663,58.333333333333314,-1,-1,-1,-1
153,1,543.85,317.26,37.01,89.12,-1,-1,-1,-1
153,3,967.51,353.2,55.32,137.53,-1,-1,-1,-1
153,4,483.14,306.53,31.3,64.06,-1,-1,-1,-1
153,5,578.01,318.76,44.66,83.52,-1,-1,-1,-1
153,6,737.59,318.9,41.61,104.83,-1,-1,-1,-1
154,2,468.6666666666667,304.6666666666667,53.333333333333314,59.666666666666686,-1,-1,-1,-1
154,1,544.38,319.21,35.9,86.99,-1,-1,-1,-1
154,3,968.64,353.24,55.0,136.99,-1,-1,-1,-1
154,4,484.28,303.51,32.76,66.52,-1,-1,-1,-1
154,5,581.84,318.55,45.31,83.36,-1,-1,-1,-1
154,6,735.81,318.21,41.55,105.0,-1,-1,-1,-1
155,2,477.0,303.0,51.0,61.0,-1,-1,-1,-1
155,1,545.0,321.62,35.02,84.99,-1,-1,-1,-1
155,3,969.59,353.29,54.83,136.79,-1,-1,-1,-1
155,4,484.22,302.06,33.85,67.79,-1,-1,-1,-1
155,5,584.09,318.63,46.19,83.3,-1,-1,-1,-1
155,6,735.2,317.22,41.47,105.08,-1,-1,-1,-1
156,2,485.0,306.0,49.0,58.0,-1,-1,-1,-1
156,4,485.0,305.0,44.0,62.0,-1,-1,-1,-1
156,1,546.52,323.72,33.77,80.94,-1,-1,-1,-1
156,3,970.71,353.49,54.27,135.39,-1,-1,-1,-1
156,5,586.45,319.12,47.51,82.68,-1,-1,-1,-1
156,6,734.73,317.02,40.77,103.04,-1,-1,-1,-1
157,2,489.8,305.20000000000005,50.19999999999999,58.79999999999996,-1,-1,-1,-1
157,1,547.49,325.11,33.54,78.54,-1,-1,-1,-1
157,3,971.19,353.29,53.78,134.57,-1,-1,-1,-1
157,4,488.55,302.12,32.64,65.53,-1,-1,-1,-1
157,5,588.19,319.02,49.13,82.45,-1,-1,-1,-1
157,6,735.63,317.28,40.23,100.78,-1,-1,-1,-1
158,2,494.6,304.4,51.39999999999998,59.60000000000002,-1,-1,-1,-1
158,1,548.08,324.98,34.66,78.94,-1,-1,-1,-1
158,3,972.1,351.89,53.16,133.23,-1,-1,-1,-1
158,4,492.17,303.51,32.19,64.33,-1,-1,-1,-1
158,5,591.64,317.05,51.11,84.45,-1,-1,-1,-1
158,6,736.93,318.91,39.98,98.76,-1,-1,-1,-1
159,2,499.4,303.6,52.60000000000002,60.39999999999998,-1,-1,-1,-1
159,1,548.59,324.47,36.19,80.02,-1,-1,-1,-1
159,3,972.86,351.09,53.17,133.04,-1,-1,-1,-1
159,4,495.81,303.69,33.27,64.53,-1,-1,-1,-1
159,5,592.8,313.66,53.74,87.85,-1,-1,-1,-1
159,6,736.98,317.86,40.8,99.55,-1,-1,-1,-1
160,2,504.2000000000001,302.8,53.79999999999996,61.19999999999999,-1,-1,-1,-1
160,1,548.89,324.86,37.03,80.75,-1,-1,-1,-1
160,3,975.92,349.92,52.27,131.2,-1,-1,-1,-1
160,4,499.16,302.43,34.98,65.21,-1,-1,-1,-1
160,5,592.96,312.1,54.58,88.55,-1,-1,-1,-1
160,6,736.16,321.68,39.8,95.08,-1,-1,-1,-1
161,2,509.0,302.0,55.0,62.0,-1,-1,-1,-1
161,1,549.03,325.14,37.75,81.35,-1,-1,-1,-1
161,3,977.67,349.5,51.81,129.92,-1,-1,-1,-1
161,4,502.24,303.9,36.09,63.69,-1,-1,-1,-1
161,5,593.57,311.08,54.77,88.51,-1,-1,-1,-1
161,6,735.29,322.99,39.96,93.72,-1,-1,-1,-1
162,2,518.0,302.40000000000003,54.0,61.79999999999996,-1,-1,-1,-1
162,1,548.01,326.88,37.69,80.1,-1,-1,-1,-1
162,3,983.09,349.68,52.77,130.68,-1,-1,-1,-1
162,4,503.35,302.37,38.92,65.82,-1,-1,-1,-1
162,5,599.61,310.86,53.08,86.4,-1,-1,-1,-1
162,6,735.39,322.55,40.45,93.57,-1,-1,-1,-1
163,2,527.0,302.8,53.0,61.599999999999966,-1,-1,-1,-1
163,1,546.13,328.87,37.53,77.54,-1,-1,-1,-1
163,3,985.79,351.26,54.01,130.98,-1,-1,-1,-1
163,4,504.21,301.53,40.75,66.9,-1,-1,-1,-1
163,5,601.47,312.61,51.36,82.59,-1,-1,-1,-1
163,6,735.86,321.48,40.99,94.16,-1,-1,-1,-1
164,2,536.0,303.20000000000005,52.0,61.39999999999998,-1,-1,-1,-1
164,1,541.82,330.95,38.54,76.0,-1,-1,-1,-1
164,3,989.51,353.36,54.86,129.02,-1,-1,-1,-1
164,4,512.67,302.1,40.42,67.32,-1,-1,-1,-1
164,5,610.93,313.76,48.66,79.03,-1,-1,-1,-1
164,6,735.23,320.18,41.61,95.31,-1,-1,-1,-1
165,2,545.0,303.6,51.0,61.19999999999993,-1,-1,-1,-1
165,1,539.23,332.3,39.67,74.86,-1,-1,-1,-1
165,3,990.93,354.02,56.17,128.16,-1,-1,-1,-1
165,4,519.2,302.63,39.49,67.18,-1,-1,-1,-1
165,5,615.68,314.5,47.36,77.43,-1,-1,-1,-1
165,6,735.32,319.69,41.81,95.47,-1,-1,-1,-1
166,2,554.0,304.0,50.0,61.0,-1,-1,-1,-1
166,1,536.86,330.64,42.3,77.2,-1,-1,-1,-1
166,3,992.7,355.31,57.56,127.41,-1,-1,-1,-1
166,4,528.3,306.41,37.58,63.86,-1,-1,-1,-1
166,5,620.55,313.27,48.86,79.6,-1,-1,-1,-1
166,6,734.92,319.06,42.18,96.15,-1,-1,-1,-1
167,2,560.25,303.75,51.5,62.25,-1,-1,-1,-1
167,1,535.28,329.87,44.11,78.36,-1,-1,-1,-1
167,3,994.1,356.69,58.82,127.15,-1,-1,-1,-1
167,4,534.03,306.35,37.49,63.49,-1,-1,-1,-1
167,5,623.31,311.93,49.64,81.0,-1,-1,-1,-1
167,6,734.15,318.98,42.37,96.42,-1,-1,-1,-1
168,2,566.5,303.5,53.0,63.5,-1,-1,-1,-1
168,4,536.0,306.0,52.0,60.0,-1,-1,-1,-1
168,1,532.61,330.3,44.81,78.23,-1,-1,-1,-1
168,3,997.87,359.44,58.58,125.14,-1,-1,-1,-1
168,5,626.19,309.95,49.57,81.54,-1,-1,-1,-1
168,6,734.19,319.11,42.4,96.54,-1,-1,-1,-1
169,2,572.75,303.25,54.5,64.75,-1,-1,-1,-1
169,4,543.1666666666667,306.1666666666667,50.66666666666663,61.0,-1,-1,-1,-1
169,1,530.2,328.95,46.1,79.98,-1,-1,-1,-1
169,3,1000.32,360.61,58.63,124.26,-1,-1,-1,-1
169,5,627.99,309.22,48.47,80.27,-1,-1,-1,-1
169,6,734.52,319.31,42.41,96.6,-1,-1,-1,-1
170,2,579.0,303.0,56.0,66.0,-1,-1,-1,-1
170,4,550.3333333333334,306.33333333333337,49.33333333333337,62.0,-1,-1,-1,-1
170,1,525.68,327.85,46.17,81.52,-1,-1,-1,-1
170,3,1005.16,366.43,60.2,125.46,-1,-1,-1,-1
170,5,632.74,308.67,44.99,74.7,-1,-1,-1,-1
170,6,734.89,318.95,42.52,96.92,-1,-1,-1,-1
171,2,593.0,302.5,50.0,67.5,-1,-1,-1,-1
171,4,557.5,306.5,48.0,63.0,-1,-1,-1,-1
171,1,524.07,327.57,46.04,82.7,-1,-1,-1,-1
171,3,1008.99,369.45,61.31,125.04,-1,-1,-1,-1
171,5,635.38,308.03,44.69,73.83,-1,-1,-1,-1
171,6,734.65,318.67,42.74,97.35,-1,-1,-1,-1
172,2,607.0,302.0,44.0,69.0,-1,-1,-1,-1
172,4,564.6666666666667,306.6666666666667,46.66666666666663,64.0,-1,-1,-1,-1
172,1,522.93,327.01,45.93,83.73,-1,-1,-1,-1
172,3,1014.91,372.18,62.09,123.26,-1,-1,-1,-1
172,5,637.3,307.83,43.66,72.33,-1,-1,-1,-1
172,6,733.88,317.08,43.6,99.3,-1,-1,-1,-1
173,2,610.25,299.75,45.5,72.5,-1,-1,-1,-1
173,4,571.8333333333333,306.8333333333333,45.333333333333485,65.00000000000006,-1,-1,-1,-1
173,1,522.86,327.39,45.24,83.53,-1,-1,-1,-1
173,3,1017.54,371.79,63.7,123.66,-1,-1,-1,-1
173,5,640.59,307.93,45.14,73.03,-1,-1,-1,-1
173,6,732.94,316.94,43.46,98.56,-1,-1,-1,-1
174,2,613.5,297.5,47.0,76.0,-1,-1,-1,-1
174,4,579.0,307.0,44.0,66.0,-1,-1,-1,-1
174,1,523.19,328.87,44.34,82.55,-1,-1,-1,-1
174,3,1020.2,369.06,65.47,123.98,-1,-1,-1,-1
174,5,642.8,304.98,47.69,76.31,-1,-1,-1,-1
174,6,727.42,315.7,43.03,99.75,-1,-1,-1,-1
175,2,616.75,295.25,48.5,79.5,-1,-1,-1,-1
175,4,584.3333333333334,307.33333333333337,44.66666666666663,67.0,-1,-1,-1,-1
175,1,523.53,329.28,43.66,81.87,-1,-1,-1,-1
175,3,1021.69,366.35,67.3,125.17,-1,-1,-1,-1
175,5,642.33,300.07,51.06,81.67,-1,-1,-1,-1
175,6,725.15,315.7,42.69,101.09,-1,-1,-1,-1
176,2,620.0,293.0,50.0,83.0,-1,-1,-1,-1
176,4,589.6666666666666,307.66666666666663,45.33333333333337,68.0,-1,-1,-1,-1
176,1,523.26,329.87,43.07,81.61,-1,-1,-1,-1
176,3,1027.45,363.22,66.82,125.03,-1,-1,-1,-1
176,5,642.2,292.58,54.98,88.92,-1,-1,-1,-1
176,6,724.09,317.48,39.5,94.51,-1,-1,-1,-1
177,2,630.0,289.75,50.0,86.5,-1,-1,-1,-1
177,4,595.0,308.0,46.0,69.0,-1,-1,-1,-1
177,1,523.21,329.64,42.83,81.81,-1,-1,-1,-1
177,3,1029.81,359.04,67.22,127.07,-1,-1,-1,-1
177,5,644.84,289.98,54.43,89.45,-1,-1,-1,-1
177,6,717.57,318.34,41.46,98.32,-1,-1,-1,-1
178,2,640.0,286.5,50.0,90.0,-1,-1,-1,-1
178,1,523.09,329.55,42.38,81.88,-1,-1,-1,-1
178,3,1030.02,353.92,68.49,129.62,-1,-1,-1,-1
178,4,601.01,307.78,48.72,64.84,-1,-1,-1,-1
178,5,647.32,287.28,55.17,92.51,-1,-1,-1,-1
178,6,715.24,318.8,42.81,99.96,-1,-1,-1,-1
179,2,650.0,283.25,50.0,93.5,-1,-1,-1,-1
179,1,522.71,328.61,42.36,82.8,-1,-1,-1,-1
179,3,1031.9,351.56,68.67,129.26,-1,-1,-1,-1
179,4,603.4,307.26,52.19,70.44,-1,-1,-1,-1
179,5,649.0,285.28,55.61,94.53,-1,-1,-1,-1
179,6,714.53,318.98,44.28,100.59,-1,-1,-1,-1
180,2,660.0,280.0,50.0,97.0,-1,-1,-1,-1
180,1,521.74,326.48,42.86,84.92,-1,-1,-1,-1
180,3,1036.45,350.09,67.93,124.96,-1,-1,-1,-1
180,4,608.95,305.89,54.2,73.83,-1,-1,-1,-1
180,5,648.75,280.58,51.63,97.29,-1,-1,-1,-1
180,6,714.49,320.96,45.09,98.16,-1,-1,-1,-1
181,2,667.5,286.5,48.0,90.5,-1,-1,-1,-1
181,1,521.68,325.97,42.48,85.13,-1,-1,-1,-1
181,3,1039.22,349.73,67.69,121.36,-1,-1,-1,-1
181,4,610.69,304.6,55.23,76.79,-1,-1,-1,-1
181,5,653.01,280.72,50.28,97.2,-1,-1,-1,-1
181,6,712.49,322.02,46.53,96.32,-1,-1,-1,-1
182,2,675.0,293.0,46.0,84.0,-1,-1,-1,-1
182,1,521.74,325.04,42.24,85.78,-1,-1,-1,-1
182,3,1043.6,350.25,66.65,117.62,-1,-1,-1,-1
182,4,614.33,306.33,53.39,75.61,-1,-1,-1,-1
182,5,653.5,281.28,48.74,98.45,-1,-1,-1,-1
182,6,710.41,323.6,48.64,95.33,-1,-1,-1,-1
183,2,680.0,295.6666666666667,46.33333333333337,82.0,-1,-1,-1,-1
183,1,521.22,322.93,42.67,87.79,-1,-1,-1,-1
183,3,1044.28,350.79,66.68,115.97,-1,-1,-1,-1
183,4,615.99,307.76,52.41,76.1,-1,-1,-1,-1
183,5,655.06,284.38,45.61,96.03,-1,-1,-1,-1
183,6,708.93,327.33,49.13,91.68,-1,-1,-1,-1
184,2,685.0,298.3333333333333,46.66666666666674,80.00000000000006,-1,-1,-1,-1
184,1,520.79,323.01,42.16,87.66,-1,-1,-1,-1
184,3,1045.48,353.58,66.95,115.55,-1,-1,-1,-1
184,4,616.5,309.61,50.87,75.63,-1,-1,-1,-1
184,5,656.41,289.28,41.84,91.22,-1,-1,-1,-1
184,6,706.84,329.91,50.69,90.93,-1,-1,-1,-1
185,2,690.0,301.0,47.0,78.0,-1,-1,-1,-1
185,1,520.89,323.66,41.48,87.0,-1,-1,-1,-1
185,3,1047.48,354.33,67.35,115.44,-1,-1,-1,-1
185,4,616.61,308.73,51.26,78.24,-1,-1,-1,-1
185,5,657.03,291.35,39.69,88.99,-1,-1,-1,-1
185,6,705.92,330.52,52.86,91.28,-1,-1,-1,-1
186,2,696.0,301.33333333333337,46.33333333333337,80.66666666666663,-1,-1,-1,-1
186,1,520.81,323.18,41.52,87.91,-1,-1,-1,-1
186,3,1050.82,354.02,68.09,115.74,-1,-1,-1,-1
186,4,618.28,307.52,51.45,81.48,-1,-1,-1,-1
186,5,657.96,292.72,37.78,86.94,-1,-1,-1,-1
186,6,708.68,331.91,54.73,90.54,-1,-1,-1,-1
187,2,702.0,301.66666666666663,45.66666666666674,83.33333333333337,-1,-1,-1,-1
187,1,520.61,323.01,41.3,88.24,-1,-1,-1,-1
187,3,1052.2,353.61,67.89,114.98,-1,-1,-1,-1
187,4,619.85,306.75,50.62,83.26,-1,-1,-1,-1
187,5,658.65,293.23,37.23,87.93,-1,-1,-1,-1
187,6,710.13,333.14,56.5,89.98,-1,-1,-1,-1
188,2,708.0,302.0,45.0,86.0,-1,-1,-1,-1
188,1,521.12,323.25,40.67,87.47,-1,-1,-1,-1
188,3,1058.83,353.16,66.17,113.23,-1,-1,-1,-1
188,4,621.66,306.15,49.41,84.44,-1,-1,-1,-1
188,5,660.06,292.98,36.28,87.4,-1,-1,-1,-1
188,6,716.33,334.3,57.89,89.2,-1,-1,-1,-1
189,2,714.0,302.6666666666667,44.33333333333337,85.33333333333331,-1,-1,-1,-1
189,6,714.0,332.0,77.0,93.0,-1,-1,-1,-1
189,1,521.61,323.06,40.48,87.45,-1,-1,-1,-1
189,3,1063.64,353.3,64.25,111.4,-1,-1,-1,-1
189,4,623.38,305.33,47.84,85.11,-1,-1,-1,-1
189,5,661.22,293.02,35.56,87.47,-1,-1,-1,-1
190,2,720.0,303.3333333333333,43.66666666666663,84.66666666666669,-1,-1,-1,-1
190,6,723.0,332.0,77.49999999999989,93.83333333333331,-1,-1,-1,-1
190,1,522.73,324.04,39.75,86.25,-1,-1,-1,-1
190,3,1061.08,353.81,65.95,112.72,-1,-1,-1,-1
190,4,625.97,303.7,46.66,85.86,-1,-1,-1,-1
190,5,663.37,293.03,34.59,86.59,-1,-1,-1,-1
191,2,726.0,304.0,43.0,84.0,-1,-1,-1,-1
191,6,732.0,332.0,78.0,94.66666666666669,-1,-1,-1,-1
191,1,523.34,324.57,39.12,85.78,-1,-1,-1,-1
191,3,1059.81,354.45,67.05,112.78,-1,-1,-1,-1
191,4,627.24,302.05,46.06,87.82,-1,-1,-1,-1
191,5,665.3,293.32,33.52,85.65,-1,-1,-1,-1
192,6,741.0,332.0,78.5,95.5,-1,-1,-1,-1
192,1,522.53,327.16,36.8,81.73,-1,-1,-1,-1
192,2,728.59,310.41,47.3,78.14,-1,-1,-1,-1
192,3,1059.79,355.74,67.54,111.49,-1,-1,-1,-1
192,4,627.54,301.86,44.9,88.51,-1,-1,-1,-1
192,5,668.09,296.26,31.75,82.0,-1,-1,-1,-1
193,6,750.0,332.0,79.0,96.33333333333336,-1,-1,-1,-1
193,1,522.45,329.66,35.48,79.88,-1,-1,-1,-1
193,2,725.04,308.02,50.46,84.56,-1,-1,-1,-1
193,3,1060.86,357.73,67.79,109.53,-1,-1,-1,-1
193,4,627.55,302.81,44.45,90.45,-1,-1,-1,-1
193,5,670.05,297.22,30.81,80.31,-1,-1,-1,-1
194,6,759.0,332.0,79.5,97.16666666666664,-1,-1,-1,-1
194,1,523.2,332.23,33.48,75.9,-1,-1,-1,-1
194,2,725.58,307.32,51.69,88.84,-1,-1,-1,-1
194,3,1062.78,359.82,68.29,107.48,-1,-1,-1,-1
194,4,627.68,304.65,43.9,92.3,-1,-1,-1,-1
194,5,672.61,300.27,29.61,77.29,-1,-1,-1,-1
195,6,768.0,332.0,80.0,98.0,-1,-1,-1,-1
195,1,523.85,332.53,33.86,77.22,-1,-1,-1,-1
195,2,726.98,307.77,51.55,91.07,-1,-1,-1,-1
195,3,1064.73,361.48,68.27,105.24,-1,-1,-1,-1
195,4,628.77,306.96,42.63,92.37,-1,-1,-1,-1
195,5,673.75,301.68,29.14,75.89,-1,-1,-1,-1
196,6,777.0,332.0,80.5,98.83333333333336,-1,-1,-1,-1
196,1,522.07,332.63,35.03,80.71,-1,-1,-1,-1
196,2,730.23,309.97,49.0,89.32,-1,-1,-1,-1
196,3,1075.3,362.83,65.35,101.28,-1,-1,-1,-1
196,4,629.74,310.21,41.47,92.03,-1,-1,-1,-1
196,5,674.16,301.55,29.41,76.33,-1,-1,-1,-1
197,6,786.0,332.0,81.0,99.66666666666669,-1,-1,-1,-1
197,1,523.49,333.68,34.86,80.24,-1,-1,-1,-1
197,2,732.74,312.19,46.74,87.63,-1,-1,-1,-1
197,3,1074.73,363.6,64.5,98.34,-1,-1,-1,-1
197,4,630.06,312.48,41.02,92.12,-1,-1,-1,-1
197,5,674.06,300.72,29.87,77.41,-1,-1,-1,-1
198,6,795.0,332.0,81.5,100.5,-1,-1,-1,-1
198,1,523.14,336.29,33.64,77.39,-1,-1,-1,-1
198,2,735.33,312.18,45.56,87.78,-1,-1,-1,-1
198,3,1076.12,363.85,64.43,97.04,-1,-1,-1,-1
198,4,632.32,313.33,40.57,92.1,-1,-1,-1,-1
198,5,674.2,299.04,30.74,79.33,-1,-1,-1,-1
199,6,804.0,332.0,82.0,101.33333333333331,-1,-1,-1,-1
199,1,522.26,337.7,32.89,75.71,-1,-1,-1,-1
199,2,737.69,311.9,45.86,89.82,-1,-1,-1,-1
199,3,1077.09,364.21,64.52,96.32,-1,-1,-1,-1
199,4,632.97,313.05,40.73,92.93,-1,-1,-1,-1
199,5,674.61,298.1,31.42,80.66,-1,-1,-1,-1
200,6,813.0,332.0,82.5,102.16666666666669,-1,-1,-1,-1
200,1,522.26,337.73,32.58,74.82,-1,-1,-1,-1
200,2,739.22,311.07,47.62,94.9,-1,-1,-1,-1
200,3,1078.47,361.44,65.97,98.85,-1,-1,-1,-1
200,4,634.04,312.33,41.4,93.79,-1,-1,-1,-1
200,5,675.64,297.43,31.58,80.88,-1,-1,-1,-1
201,6,822.0,332.0,83.0,103.0,-1,-1,-1,-1
201,1,522.85,337.7,32.52,74.51,-1,-1,-1,-1
201,2,739.59,311.04,48.15,97.4,-1,-1,-1,-1
201,3,1078.29,357.73,67.75,102.5,-1,-1,-1,-1
201,4,634.78,310.12,42.65,96.13,-1,-1,-1,-1
201,5,675.8,296.88,31.97,81.55,-1,-1,-1,-1
202,6,835.0,331.6666666666667,82.5,104.16666666666664,-1,-1,-1,-1
202,1,523.23,337.81,34.6,79.24,-1,-1,-1,-1
202,2,739.71,313.49,47.78,97.74,-1,-1,-1,-1
202,3,1077.32,353.97,68.92,105.66,-1,-1,-1,-1
202,4,638.54,308.97,44.27,97.28,-1,-1,-1,-1
202,5,677.83,296.96,31.64,81.22,-1,-1,-1,-1
203,6,848.0000000000001,331.33333333333337,81.99999999999989,105.33333333333336,-1,-1,-1,-1
203,1,524.55,338.13,35.36,80.68,-1,-1,-1,-1
203,2,741.44,315.34,46.54,96.33,-1,-1,-1,-1
203,3,1075.79,351.37,69.21,107.18,-1,-1,-1,-1
203,4,642.68,309.1,45.27,97.38,-1,-1,-1,-1
203,5,678.88,296.54,31.43,81.38,-1,-1,-1,-1
204,6,861.0,331.0,81.5,106.5,-1,-1,-1,-1
204,1,526.88,340.29,36.13,82.12,-1,-1,-1,-1
204,2,743.59,317.23,45.4,95.11,-1,-1,-1,-1
204,3,1072.97,348.33,70.12,108.94,-1,-1,-1,-1
204,4,647.68,311.06,46.39,97.37,-1,-1,-1,-1
204,5,681.37,296.83,31.21,81.74,-1,-1,-1,-1
205,6,874.0,330.6666666666667,81.0,107.66666666666669,-1,-1,-1,-1
205,1,527.25,341.68,36.28,82.08,-1,-1,-1,-1
205,2,745.01,317.95,44.9,95.18,-1,-1,-1,-1
205,3,1074.62,347.06,69.65,109.61,-1,-1,-1,-1
205,4,651.62,314.32,46.73,95.26,-1,-1,-1,-1
205,5,682.9,296.94,31.04,82.17,-1,-1,-1,-1
206,6,887.0,330.3333333333333,80.5,108.83333333333336,-1,-1,-1,-1
206,1,527.69,342.33,36.31,81.76,-1,-1,-1,-1
206,2,744.52,317.77,45.56,98.4,-1,-1,-1,-1
206,3,1072.12,348.67,68.57,107.49,-1,-1,-1,-1
206,4,655.27,317.94,47.12,92.62,-1,-1,-1,-1
206,5,684.91,297.58,30.96,82.33,-1,-1,-1,-1
207,6,900.0,330.0,80.0,110.0,-1,-1,-1,-1
207,1,522.78,342.54,39.32,85.77,-1,-1,-1,-1
207,2,744.1,317.55,46.22,101.62,-1,-1,-1,-1
207,3,1071.47,350.53,67.47,105.18,-1,-1,-1,-1
207,4,656.26,319.57,48.42,91.89,-1,-1,-1,-1
207,5,686.21,298.71,30.94,82.09,-1,-1,-1,-1
208,6,928.0,330.0,70.0,110.0,-1,-1,-1,-1
208,1,525.27,342.9,43.42,94.82,-1,-1,-1,-1
208,2,743.72,318.47,46.88,104.86,-1,-1,-1,-1
208,3,1070.9,345.12,70.05,110.59,-1,-1,-1,-1
208,4,656.73,321.64,49.11,90.12,-1,-1,-1,-1
208,5,687.35,300.02,30.1,79.32,-1,-1,-1,-1
209,6,944.0,326.0,72.5,114.5,-1,-1,-1,-1
209,1,526.2,343.73,45.03,98.27,-1,-1,-1,-1
209,2,744.44,320.55,45.93,104.33,-1,-1,-1,-1
209,3,1070.66,339.8,72.21,116.07,-1,-1,-1,-1
209,4,656.75,321.33,50.68,90.64,-1,-1,-1,-1
209,5,688.1,300.81,31.42,82.18,-1,-1,-1,-1
210,6,960.0,322.0,75.0,119.0,-1,-1,-1,-1
210,1,531.22,345.91,45.54,99.04,-1,-1,-1,-1
210,2,744.79,323.41,44.8,102.86,-1,-1,-1,-1
210,3,1063.5,325.03,79.06,130.06,-1,-1,-1,-1
210,4,661.61,319.39,51.52,92.62,-1,-1,-1,-1
210,5,689.56,300.36,32.42,84.69,-1,-1,-1,-1
211,6,958.0,320.0,84.0,118.5,-1,-1,-1,-1
211,1,533.75,347.03,45.79,99.28,-1,-1,-1,-1
211,2,744.39,324.64,44.2,102.53,-1,-1,-1,-1
211,3,1058.98,311.52,84.09,142.43,-1,-1,-1,-1
211,4,665.08,317.9,51.94,94.25,-1,-1,-1,-1
211,5,691.36,301.05,32.55,85.35,-1,-1,-1,-1
212,6,956.0,318.0,93.0,118.0,-1,-1,-1,-1
212,1,534.93,346.71,45.99,99.9,-1,-1,-1,-1
212,2,742.2,325.23,44.48,104.43,-1,-1,-1,-1
212,3,1058.91,303.02,84.83,147.68,-1,-1,-1,-1
212,4,671.05,318.63,52.06,95.15,-1,-1,-1,-1
212,5,693.83,300.72,32.49,86.48,-1,-1,-1,-1
213,6,954.0,320.0,102.0,113.0,-1,-1,-1,-1
213,1,534.5,345.97,46.01,101.84,-1,-1,-1,-1
213,2,741.35,325.28,44.61,105.99,-1,-1,-1,-1
213,3,1058.73,296.27,80.92,144.87,-1,-1,-1,-1
213,4,676.59,319.05,52.49,96.37,-1,-1,-1,-1
213,5,695.17,299.7,31.54,85.42,-1,-1,-1,-1
214,5,693.0,300.0,34.0,86.0,-1,-1,-1,-1
214,6,965.5,324.0,103.5,114.5,-1,-1,-1,-1
214,1,536.88,345.95,47.26,106.33,-1,-1,-1,-1
214,2,740.74,325.13,45.22,109.19,-1,-1,-1,-1
214,3,1058.28,291.28,78.94,145.61,-1,-1,-1,-1
214,4,682.37,321.84,52.74,95.64,-1,-1,-1,-1
215,5,693.8333333333334,300.6666666666667,33.66666666666663,86.33333333333331,-1,-1,-1,-1
215,6,977.0,328.0,105.0,116.0,-1,-1,-1,-1
215,1,537.19,346.8,48.34,111.18,-1,-1,-1,-1
215,2,740.37,325.19,45.15,110.67,-1,-1,-1,-1
215,3,1057.87,289.2,76.34,144.65,-1,-1,-1,-1
215,4,684.68,323.49,52.96,94.74,-1,-1,-1,-1
216,5,694.6666666666667,301.33333333333337,33.33333333333326,86.66666666666663,-1,-1,-1,-1
216,6,1000.0,330.0,95.0,114.0,-1,-1,-1,-1
216,1,539.2,350.55,48.34,113.32,-1,-1,-1,-1
216,2,739.84,325.92,45.32,112.36,-1,-1,-1,-1
216,3,1058.23,290.02,73.16,143.0,-1,-1,-1,-1
216,4,685.14,324.23,53.59,94.38,-1,-1,-1,-1
217,5,695.5,302.0,33.0,87.0,-1,-1,-1,-1
217,1,541.97,353.61,47.21,111.93,-1,-1,-1,-1
217,2,740.34,328.67,43.98,109.75,-1,-1,-1,-1
217,3,1058.39,291.67,70.75,141.99,-1,-1,-1,-1
217,4,685.31,324.49,54.16,94.24,-1,-1,-1,-1
217,6,1020.03,330.75,79.92,114.84,-1,-1,-1,-1
218,5,696.3333333333334,302.6666666666667,32.66666666666663,87.33333333333331,-1,-1,-1,-1
218,1,545.19,355.8,47.06,112.02,-1,-1,-1,-1
218,2,741.77,332.09,42.78,107.17,-1,-1,-1,-1
218,3,1059.65,297.3,69.84,143.89,-1,-1,-1,-1
218,4,687.03,323.07,55.0,95.96,-1,-1,-1,-1
218,6,1024.6,327.6,79.52,117.66,-1,-1,-1,-1
219,5,697.1666666666667,303.3333333333333,32.33333333333326,87.66666666666669,-1,-1,-1,-1
219,1,546.75,356.46,47.45,113.32,-1,-1,-1,-1
219,2,742.17,333.49,42.02,105.56,-1,-1,-1,-1
219,3,1059.59,303.34,65.9,141.33,-1,-1,-1,-1
219,4,688.28,321.63,55.7,98.07,-1,-1,-1,-1
219,6,1028.79,326.26,76.18,116.65,-1,-1,-1,-1
220,5,698.0,304.0,32.0,88.0,-1,-1,-1,-1
220,1,549.48,356.82,49.64,119.75,-1,-1,-1,-1
220,2,741.11,334.28,42.96,108.22,-1,-1,-1,-1
220,3,1063.52,312.31,62.45,134.62,-1,-1,-1,-1
220,4,690.86,320.77,55.09,99.75,-1,-1,-1,-1
220,6,1034.87,323.37,73.33,115.33,-1,-1,-1,-1
221,5,698.0,304.6666666666667,32.0,88.0,-1,-1,-1,-1
221,1,552.4,357.94,50.12,121.74,-1,-1,-1,-1
221,2,740.09,332.63,43.97,111.84,-1,-1,-1,-1
221,3,1066.91,322.45,58.61,125.66,-1,-1,-1,-1
221,4,692.11,319.26,54.15,101.54,-1,-1,-1,-1
221,6,1037.57,321.54,69.55,112.43,-1,-1,-1,-1
222,5,698.0,305.33333333333337,32.0,87.99999999999994,-1,-1,-1,-1
222,1,557.27,361.24,50.29,123.03,-1,-1,-1,-1
222,2,738.51,332.99,44.98,115.54,-1,-1,-1,-1
222,3,1064.12,328.22,54.29,118.64,-1,-1,-1,-1
222,4,691.9,320.87,51.46,100.74,-1,-1,-1,-1
222,6,1042.26,323.57,69.6,114.31,-1,-1,-1,-1
223,5,698.0,306.0,32.0,88.0,-1,-1,-1,-1
223,1,559.8,364.38,50.11,123.6,-1,-1,-1,-1
223,2,737.19,332.67,45.65,119.27,-1,-1,-1,-1
223,3,1063.6,330.25,51.78,114.6,-1,-1,-1,-1
223,4,692.04,320.91,49.77,100.99,-1,-1,-1,-1
223,6,1044.57,324.63,70.41,117.36,-1,-1,-1,-1
224,5,695.6666666666667,306.0,33.0,87.33333333333337,-1,-1,-1,-1
224,1,563.38,368.33,48.77,121.56,-1,-1,-1,-1
224,2,736.57,337.16,44.4,116.61,-1,-1,-1,-1
224,3,1061.87,329.84,51.58,115.38,-1,-1,-1,-1
224,4,692.51,321.65,48.16,100.47,-1,-1,-1,-1
224,6,1042.24,324.89,67.26,115.28,-1,-1,-1,-1
225,5,693.3333333333333,306.0,34.000000000000114,86.66666666666663,-1,-1,-1,-1
225,1,566.68,369.79,47.78,120.39,-1,-1,-1,-1
225,2,735.73,338.91,43.94,115.77,-1,-1,-1,-1
225,3,1062.2,330.41,50.87,114.8,-1,-1,-1,-1
225,4,692.37,321.64,46.87,100.55,-1,-1,-1,-1
225,6,1042.88,324.85,63.43,110.86,-1,-1,-1,-1
226,5,691.0,306.0,35.0,86.0,-1,-1,-1,-1
226,1,571.84,368.95,47.71,122.41,-1,-1,-1,-1
226,2,733.63,339.68,43.22,114.53,-1,-1,-1,-1
226,3,1063.77,328.9,51.43,116.46,-1,-1,-1,-1
226,4,689.78,319.1,46.6,102.64,-1,-1,-1,-1
226,6,1041.74,325.75,62.98,112.8,-1,-1,-1,-1
227,5,689.0,306.0,36.0,86.0,-1,-1,-1,-1
227,1,576.4,368.74,47.59,123.29,-1,-1,-1,-1
227,2,732.34,340.52,43.37,115.51,-1,-1,-1,-1
227,3,1064.87,328.16,51.84,117.41,-1,-1,-1,-1
227,4,687.84,319.76,45.42,101.94,-1,-1,-1,-1
227,6,1041.94,325.34,62.56,114.4,-1,-1,-1,-1
228,5,687.0,308.0,37.0,83.5,-1,-1,-1,-1
228,1,582.93,371.4,48.98,126.37,-1,-1,-1,-1
228,2,728.92,342.58,44.02,118.36,-1,-1,-1,-1
228,3,1065.43,328.89,51.73,116.61,-1,-1,-1,-1
228,4,686.96,319.87,44.56,102.24,-1,-1,-1,-1
228,6,1042.88,323.85,61.55,114.7,-1,-1,-1,-1
229,5,685.0,310.0,38.0,81.0,-1,-1,-1,-1
229,1,586.65,373.54,49.78,127.8,-1,-1,-1,-1
229,2,727.39,344.21,44.22,119.71,-1,-1,-1,-1
229,3,1065.59,329.14,51.83,116.33,-1,-1,-1,-1
229,4,685.89,319.33,43.9,102.63,-1,-1,-1,-1
229,6,1043.88,324.47,59.58,112.74,-1,-1,-1,-1
230,5,682.2857142857143,308.7142857142857,37.57142857142856,82.14285714285717,-1,-1,-1,-1
230,1,594.52,376.52,50.46,126.97,-1,-1,-1,-1
230,2,724.66,346.26,44.52,122.55,-1,-1,-1,-1
230,3,1066.96,329.81,51.65,116.26,-1,-1,-1,-1
230,4,683.62,317.05,44.39,104.83,-1,-1,-1,-1
230,6,1042.78,323.52,61.46,117.66,-1,-1,-1,-1
231,5,679.5714285714286,307.42857142857144,37.14285714285722,83.28571428571422,-1,-1,-1,-1
231,1,597.43,377.31,50.71,126.89,-1,-1,-1,-1
231,2,723.46,347.15,44.44,123.75,-1,-1,-1,-1
231,3,1068.11,330.04,51.52,116.26,-1,-1,-1,-1
231,4,682.18,317.66,43.97,104.18,-1,-1,-1,-1
231,6,1042.55,322.59,61.71,119.76,-1,-1,-1,-1
232,5,676.8571428571428,306.1428571428571,36.71428571428567,84.42857142857144,-1,-1,-1,-1
232,1,598.3,377.4,50.98,130.22,-1,-1,-1,-1
232,2,723.88,350.09,43.31,121.82,-1,-1,-1,-1
232,3,1069.84,330.25,51.24,116.28,-1,-1,-1,-1
232,4,680.19,319.09,43.72,102.72,-1,-1,-1,-1
232,6,1044.82,322.53,60.39,119.97,-1,-1,-1,-1
233,5,674.1428571428571,304.8571428571429,36.285714285714334,85.57142857142856,-1,-1,-1,-1
233,1,599.43,376.81,50.44,132.03,-1,-1,-1,-1
233,2,722.19,351.17,42.54,120.42,-1,-1,-1,-1
233,3,1070.08,330.16,50.76,115.71,-1,-1,-1,-1
233,4,677.64,314.73,45.47,106.91,-1,-1,-1,-1
233,6,1046.33,323.11,59.61,120.31,-1,-1,-1,-1
234,5,671.4285714285714,303.57142857142856,35.857142857142776,86.71428571428572,-1,-1,-1,-1
234,1,601.66,376.53,49.92,133.26,-1,-1,-1,-1
234,2,719.74,352.27,42.39,119.42,-1,-1,-1,-1
234,3,1072.2,330.55,50.07,114.91,-1,-1,-1,-1
234,4,677.59,320.14,43.16,100.85,-1,-1,-1,-1
234,6,1046.7,323.49,58.36,119.83,-1,-1,-1,-1
235,5,668.7142857142857,302.2857142857143,35.428571428571445,87.85714285714289,-1,-1,-1,-1
235,1,603.92,377.85,50.2,136.04,-1,-1,-1,-1
235,2,717.74,352.63,42.78,119.61,-1,-1,-1,-1
235,3,1074.03,330.68,48.91,113.14,-1,-1,-1,-1
235,4,676.86,321.86,42.55,98.7,-1,-1,-1,-1
235,6,1047.97,323.49,57.82,119.92,-1,-1,-1,-1
236,5,666.0,301.0,35.0,89.0,-1,-1,-1,-1
236,1,607.15,382.99,48.86,134.42,-1,-1,-1,-1
236,2,712.16,352.27,44.99,122.79,-1,-1,-1,-1
236,3,1075.3,330.86,49.69,116.7,-1,-1,-1,-1
236,4,674.31,317.22,43.93,102.74,-1,-1,-1,-1
236,6,1050.8,323.94,57.52,119.64,-1,-1,-1,-1
