1,1,493.2,416.7,52.2,148.5,-1,-1,-1,-1
1,2,908.55,408.15,101.25,124.2,-1,-1,-1,-1
1,3,306.9,309.38,29.25,88.65,-1,-1,-1,-1
1,4,521.55,411.07,100.8,117.23,-1,-1,-1,-1
1,5,834.3,397.35,79.2,113.4,-1,-1,-1,-1
1,6,427.72,324.45,45.67,98.1,-1,-1,-1,-1
2,1,493.2,416.7,52.2,148.5,-1,-1,-1,-1
2,2,908.55,408.15,101.25,124.2,-1,-1,-1,-1
2,3,306.7,309.38,29.25,88.65,-1,-1,-1,-1
2,4,521.55,411.07,100.8,117.23,-1,-1,-1,-1
2,5,834.3,397.35,79.2,113.4,-1,-1,-1,-1
2,6,427.92,324.45,45.68,98.1,-1,-1,-1,-1
3,1,493.51,416.52,52.29,148.68,-1,-1,-1,-1
3,2,903.02,407.27,101.79,124.73,-1,-1,-1,-1
3,3,307.14,309.73,29.01,87.95,-1,-1,-1,-1
3,4,522.36,410.9,101.29,117.75,-1,-1,-1,-1
3,5,830.4,398.93,79.97,114.63,-1,-1,-1,-1
3,6,429.1,323.92,45.66,98.1,-1,-1,-1,-1
4,1,493.95,416.64,52.31,148.56,-1,-1,-1,-1
4,2,896.4,406.14,102.14,125.06,-1,-1,-1,-1
4,3,307.39,309.84,29.06,88.07,-1,-1,-1,-1
4,4,523.54,410.84,100.95,117.23,-1,-1,-1,-1
4,5,826.67,399.08,81.14,116.72,-1,-1,-1,-1
4,6,430.01,323.07,45.94,98.79,-1,-1,-1,-1
5,1,494.37,416.68,52.41,148.52,-1,-1,-1,-1
5,2,881.17,404.47,102.84,125.82,-1,-1,-1,-1
5,3,307.73,309.7,29.21,88.46,-1,-1,-1,-1
5,4,525.66,410.0,101.98,118.21,-1,-1,-1,-1
5,5,819.65,399.26,81.47,118.52,-1,-1,-1,-1
5,6,434.49,321.82,45.7,99.01,-1,-1,-1,-1
6,1,494.85,416.54,52.38,148.02,-1,-1,-1,-1
6,2,869.48,403.46,102.51,126.22,-1,-1,-1,-1
6,3,308.04,309.64,29.18,88.28,-1,-1,-1,-1
6,4,527.18,409.24,102.55,118.7,-1,-1,-1,-1
6,5,816.75,399.3,80.88,119.09,-1,-1,-1,-1
6,6,437.3,321.26,45.36,99.39,-1,-1,-1,-1
7,1,494.87,416.8,52.63,148.16,-1,-1,-1,-1
7,2,844.83,402.05,102.37,128.07,-1,-1,-1,-1
7,3,307.94,311.04,28.93,87.26,-1,-1,-1,-1
7,4,529.87,408.05,103.34,119.49,-1,-1,-1,-1
7,5,812.69,399.45,80.17,119.7,-1,-1,-1,-1
7,6,441.37,320.62,45.19,100.77,-1,-1,-1,-1
8,1,494.8,416.9,52.85,148.22,-1,-1,-1,-1
8,2,825.66,398.82,104.65,131.18,-1,-1,-1,-1
8,3,308.05,311.69,28.83,86.59,-1,-1,-1,-1
8,4,531.3,407.02,103.8,119.76,-1,-1,-1,-1
8,5,812.85,399.34,81.29,122.17,-1,-1,-1,-1
8,6,443.52,320.42,44.19,100.33,-1,-1,-1,-1
9,1,494.77,417.08,52.91,147.78,-1,-1,-1,-1
9,2,813.58,396.92,106.16,133.35,-1,-1,-1,-1
9,3,307.95,312.22,29.07,86.67,-1,-1,-1,-1
9,4,530.89,406.06,103.85,119.84,-1,-1,-1,-1
9,5,808.61,398.38,80.27,122.13,-1,-1,-1,-1
9,6,445.61,320.53,44.21,101.67,-1,-1,-1,-1
10,1,494.31,416.54,53.2,148.23,-1,-1,-1,-1
10,2,806.27,395.82,108.52,137.26,-1,-1,-1,-1
10,3,307.76,312.55,29.45,87.02,-1,-1,-1,-1
10,4,531.19,406.03,103.44,119.24,-1,-1,-1,-1
10,5,803.75,397.1,77.02,119.64,-1,-1,-1,-1
10,6,447.53,319.99,44.6,103.36,-1,-1,-1,-1
11,5,797.0,396.0,62.0,121.0,-1,-1,-1,-1
11,1,494.09,416.34,53.38,148.4,-1,-1,-1,-1
11,2,798.0,395.75,104.69,132.77,-1,-1,-1,-1
11,3,307.66,313.11,29.93,87.76,-1,-1,-1,-1
11,4,531.34,405.6,103.69,119.46,-1,-1,-1,-1
11,6,448.77,320.4,43.69,101.28,-1,-1,-1,-1
12,5,785.0,398.0,73.0,117.0,-1,-1,-1,-1
12,1,493.66,415.96,53.53,148.47,-1,-1,-1,-1
12,2,785.12,397.62,106.98,136.36,-1,-1,-1,-1
12,3,307.71,313.46,30.24,88.04,-1,-1,-1,-1
12,4,531.19,405.76,103.51,119.24,-1,-1,-1,-1
12,6,449.62,320.59,42.81,99.24,-1,-1,-1,-1
13,5,770.0,400.5,88.0,113.5,-1,-1,-1,-1
13,1,493.69,415.82,53.8,148.49,-1,-1,-1,-1
13,2,770.21,400.4,105.65,138.24,-1,-1,-1,-1
13,3,307.41,314.77,30.39,87.55,-1,-1,-1,-1
13,4,530.52,405.55,103.37,119.14,-1,-1,-1,-1
13,6,451.22,320.82,42.31,98.47,-1,-1,-1,-1
14,2,780.0,403.0,78.0,136.0,-1,-1,-1,-1
14,5,755.0,403.0,103.0,110.0,-1,-1,-1,-1
14,1,493.63,415.78,54.04,148.5,-1,-1,-1,-1
14,3,307.64,315.69,30.64,87.06,-1,-1,-1,-1
14,4,528.82,405.93,102.55,118.95,-1,-1,-1,-1
14,6,452.26,321.07,42.16,98.49,-1,-1,-1,-1
15,5,747.0,401.0,106.0,110.0,-1,-1,-1,-1
15,1,492.42,415.61,54.71,148.65,-1,-1,-1,-1
15,2,735.49,406.11,95.86,130.1,-1,-1,-1,-1
15,3,307.63,316.62,30.92,86.59,-1,-1,-1,-1
15,4,529.55,406.55,101.86,118.43,-1,-1,-1,-1
15,6,452.38,320.27,42.34,99.1,-1,-1,-1,-1
16,5,745.0,397.0,110.0,116.0,-1,-1,-1,-1
16,1,490.64,415.26,55.81,149.31,-1,-1,-1,-1
16,2,730.86,406.08,95.85,134.04,-1,-1,-1,-1
16,3,307.3,316.64,31.36,86.71,-1,-1,-1,-1
16,4,530.5,406.94,101.42,118.08,-1,-1,-1,-1
16,6,453.21,320.27,42.21,99.04,-1,-1,-1,-1
17,5,732.0,396.0,95.0,116.0,-1,-1,-1,-1
17,1,489.56,415.57,56.45,148.81,-1,-1,-1,-1
17,2,717.42,401.49,99.07,139.51,-1,-1,-1,-1
17,3,306.62,315.88,32.05,88.26,-1,-1,-1,-1
17,4,529.99,407.84,99.97,117.5,-1,-1,-1,-1
17,6,455.28,319.99,42.42,99.31,-1,-1,-1,-1
18,5,719.0,394.0,98.0,116.0,-1,-1,-1,-1
18,1,489.17,415.55,57.27,148.76,-1,-1,-1,-1
18,2,710.06,398.7,100.82,142.32,-1,-1,-1,-1
18,3,306.38,315.58,32.26,88.54,-1,-1,-1,-1
18,4,529.61,407.89,98.58,117.28,-1,-1,-1,-1
18,6,455.87,319.59,42.77,100.01,-1,-1,-1,-1
19,5,713.0,393.0,74.0,116.0,-1,-1,-1,-1
19,1,489.09,415.69,58.07,148.6,-1,-1,-1,-1
19,2,699.0,395.58,93.14,131.65,-1,-1,-1,-1
19,3,306.24,315.0,32.44,88.94,-1,-1,-1,-1
19,4,531.75,407.16,97.05,117.06,-1,-1,-1,-1
19,6,456.1,319.6,42.77,100.27,-1,-1,-1,-1
20,1,489.09,415.75,58.91,148.53,-1,-1,-1,-1
20,2,689.2,392.86,91.67,130.65,-1,-1,-1,-1
20,3,306.35,315.07,32.47,88.8,-1,-1,-1,-1
20,4,534.58,406.14,95.41,116.83,-1,-1,-1,-1
20,5,717.32,390.69,76.16,114.01,-1,-1,-1,-1
20,6,456.54,319.46,42.85,100.66,-1,-1,-1,-1
21,1,489.45,415.62,59.72,148.06,-1,-1,-1,-1
21,2,681.78,391.61,92.94,134.48,-1,-1,-1,-1
21,3,306.74,315.54,32.99,89.92,-1,-1,-1,-1
21,4,540.45,405.46,92.33,115.55,-1,-1,-1,-1
21,5,706.8,389.8,76.78,118.56,-1,-1,-1,-1
21,6,457.29,319.71,42.66,100.51,-1,-1,-1,-1
22,1,489.84,415.57,60.71,147.89,-1,-1,-1,-1
22,2,672.65,390.43,88.47,132.8,-1,-1,-1,-1
22,3,307.0,315.7,33.24,90.34,-1,-1,-1,-1
22,4,544.73,405.52,89.98,114.78,-1,-1,-1,-1
22,5,699.92,389.62,77.3,122.85,-1,-1,-1,-1
22,6,457.5,319.82,42.63,100.74,-1,-1,-1,-1
23,1,490.9,415.41,62.23,148.27,-1,-1,-1,-1
23,2,662.89,387.35,84.82,133.61,-1,-1,-1,-1
23,3,307.62,316.35,33.47,90.79,-1,-1,-1,-1
23,4,548.76,405.7,87.17,113.75,-1,-1,-1,-1
23,5,687.03,390.89,77.54,124.64,-1,-1,-1,-1
23,6,457.56,319.86,43.03,102.31,-1,-1,-1,-1
24,1,492.01,415.2,63.76,148.56,-1,-1,-1,-1
24,2,655.28,385.19,84.42,139.4,-1,-1,-1,-1
24,3,308.46,317.33,33.83,91.54,-1,-1,-1,-1
24,4,549.38,407.12,84.8,112.33,-1,-1,-1,-1
24,5,679.85,391.41,77.91,125.3,-1,-1,-1,-1
24,6,457.61,319.88,43.22,103.49,-1,-1,-1,-1
25,1,496.53,415.57,65.03,148.53,-1,-1,-1,-1
25,2,644.05,383.54,81.1,138.34,-1,-1,-1,-1
25,3,309.15,317.84,34.09,92.11,-1,-1,-1,-1
25,4,549.02,410.06,81.99,109.12,-1,-1,-1,-1
25,5,675.29,390.6,78.74,126.24,-1,-1,-1,-1
25,6,457.76,320.19,42.94,103.63,-1,-1,-1,-1
26,1,501.09,415.86,65.71,148.36,-1,-1,-1,-1
26,2,632.5,383.41,81.59,141.28,-1,-1,-1,-1
26,3,309.58,318.61,34.12,92.02,-1,-1,-1,-1
26,4,555.48,412.22,78.55,106.88,-1,-1,-1,-1
26,5,672.11,390.31,79.0,126.28,-1,-1,-1,-1
26,6,457.7,320.46,42.88,104.26,-1,-1,-1,-1
27,1,509.11,417.31,65.18,146.07,-1,-1,-1,-1
27,2,622.22,384.86,79.0,136.79,-1,-1,-1,-1
27,3,310.73,318.44,34.2,91.98,-1,-1,-1,-1
27,4,554.61,414.21,78.25,106.09,-1,-1,-1,-1
27,5,666.93,389.03,77.59,124.19,-1,-1,-1,-1
27,6,457.81,320.86,42.83,104.78,-1,-1,-1,-1
28,1,513.53,418.31,65.09,144.16,-1,-1,-1,-1
28,2,618.25,387.44,76.75,133.04,-1,-1,-1,-1
28,3,311.39,318.37,34.37,91.95,-1,-1,-1,-1
28,4,555.97,414.91,80.13,107.65,-1,-1,-1,-1
28,5,666.08,388.11,74.84,120.83,-1,-1,-1,-1
28,6,457.82,321.45,42.51,104.67,-1,-1,-1,-1
29,1,519.51,420.17,65.2,141.65,-1,-1,-1,-1
29,2,607.73,393.26,75.06,130.73,-1,-1,-1,-1
29,3,311.58,318.18,34.8,92.52,-1,-1,-1,-1
29,4,557.97,413.96,81.34,109.45,-1,-1,-1,-1
29,5,663.92,387.04,70.89,116.68,-1,-1,-1,-1
29,6,458.07,322.57,42.01,104.02,-1,-1,-1,-1
30,1,521.32,422.06,64.7,138.33,-1,-1,-1,-1
30,2,603.59,396.63,73.32,128.67,-1,-1,-1,-1
30,3,311.86,318.24,35.12,93.03,-1,-1,-1,-1
30,4,560.9,412.98,81.53,110.74,-1,-1,-1,-1
30,5,661.14,387.57,67.94,113.32,-1,-1,-1,-1
30,6,458.12,322.84,41.87,103.76,-1,-1,-1,-1
31,2,605.0,398.0,69.0,125.0,-1,-1,-1,-1
31,1,524.68,424.25,61.91,128.97,-1,-1,-1,-1
31,3,311.99,319.44,35.74,94.69,-1,-1,-1,-1
31,4,565.39,411.25,81.26,112.28,-1,-1,-1,-1
31,5,655.99,389.3,66.54,110.88,-1,-1,-1,-1
31,6,458.68,323.97,41.3,102.46,-1,-1,-1,-1
32,2,604.75,396.0,68.0,127.0,-1,-1,-1,-1
32,1,526.37,425.65,62.77,127.39,-1,-1,-1,-1
32,3,311.93,319.89,36.17,95.89,-1,-1,-1,-1
32,4,567.87,410.89,78.29,109.62,-1,-1,-1,-1
32,5,653.25,390.87,65.79,108.81,-1,-1,-1,-1
32,6,458.68,324.54,40.86,101.67,-1,-1,-1,-1
33,2,604.5,394.0,67.0,129.0,-1,-1,-1,-1
33,1,530.04,425.05,68.35,133.13,-1,-1,-1,-1
33,3,312.05,320.93,36.3,96.34,-1,-1,-1,-1
33,4,573.86,410.44,78.29,112.79,-1,-1,-1,-1
33,5,655.27,393.27,64.19,105.96,-1,-1,-1,-1
33,6,458.28,324.0,40.88,102.56,-1,-1,-1,-1
34,2,604.25,392.0,66.0,131.0,-1,-1,-1,-1
34,1,529.53,424.53,71.54,135.82,-1,-1,-1,-1
34,3,312.33,322.35,36.14,95.9,-1,-1,-1,-1
34,4,578.76,410.12,75.17,110.87,-1,-1,-1,-1
34,5,655.86,394.91,63.23,103.89,-1,-1,-1,-1
34,6,458.19,323.34,40.89,103.49,-1,-1,-1,-1
35,2,604.0,390.0,65.0,133.0,-1,-1,-1,-1
35,1,533.66,421.18,73.95,139.41,-1,-1,-1,-1
35,3,312.58,323.17,36.08,95.71,-1,-1,-1,-1
35,4,582.8,408.36,76.62,114.45,-1,-1,-1,-1
35,5,656.14,396.26,61.9,100.3,-1,-1,-1,-1
35,6,458.31,322.19,41.02,104.73,-1,-1,-1,-1
36,4,584.0,406.0,70.0,117.0,-1,-1,-1,-1
36,1,538.46,418.42,75.28,142.55,-1,-1,-1,-1
36,2,599.78,387.1,68.53,129.03,-1,-1,-1,-1
36,3,312.88,323.46,36.19,95.92,-1,-1,-1,-1
36,5,657.12,396.88,61.91,98.28,-1,-1,-1,-1
36,6,458.79,321.9,40.76,104.6,-1,-1,-1,-1
37,1,553.79,413.99,77.39,147.14,-1,-1,-1,-1
37,2,598.77,388.92,70.42,132.07,-1,-1,-1,-1
37,3,312.85,323.55,36.2,95.99,-1,-1,-1,-1
37,4,584.01,402.11,79.0,117.62,-1,-1,-1,-1
37,5,660.84,396.47,62.18,95.48,-1,-1,-1,-1
37,6,459.64,322.53,40.37,103.95,-1,-1,-1,-1
38,1,561.47,411.86,76.65,149.6,-1,-1,-1,-1
38,2,604.22,390.71,67.55,127.86,-1,-1,-1,-1
38,3,312.96,323.56,36.23,96.0,-1,-1,-1,-1
38,4,583.67,398.5,85.08,125.54,-1,-1,-1,-1
38,5,662.13,396.45,63.29,94.07,-1,-1,-1,-1
38,6,459.99,322.92,40.12,103.1,-1,-1,-1,-1
39,1,572.86,412.24,74.4,148.77,-1,-1,-1,-1
39,2,605.07,391.44,70.1,131.23,-1,-1,-1,-1
39,3,313.35,322.81,36.4,96.59,-1,-1,-1,-1
39,4,580.02,400.79,78.33,118.7,-1,-1,-1,-1
39,5,662.07,395.97,65.53,95.01,-1,-1,-1,-1
39,6,462.71,323.96,40.37,102.18,-1,-1,-1,-1
40,1,581.06,412.27,72.6,148.26,-1,-1,-1,-1
40,2,606.8,391.13,71.28,132.46,-1,-1,-1,-1
40,3,313.76,322.51,36.53,97.1,-1,-1,-1,-1
40,4,579.24,403.31,73.76,114.27,-1,-1,-1,-1
40,5,661.38,394.73,67.79,96.16,-1,-1,-1,-1
40,6,464.67,324.94,40.93,101.53,-1,-1,-1,-1
41,1,593.71,417.04,71.96,143.9,-1,-1,-1,-1
41,2,610.84,389.25,71.69,134.08,-1,-1,-1,-1
41,3,314.68,322.53,36.5,96.98,-1,-1,-1,-1
41,4,582.49,407.88,75.67,117.39,-1,-1,-1,-1
41,5,661.94,393.51,69.47,97.08,-1,-1,-1,-1
41,6,467.58,325.75,41.55,100.7,-1,-1,-1,-1
42,1,601.24,420.83,72.96,140.56,-1,-1,-1,-1
42,2,613.98,388.1,71.16,133.94,-1,-1,-1,-1
42,3,315.52,322.98,36.66,97.22,-1,-1,-1,-1
42,4,579.42,410.43,76.01,120.29,-1,-1,-1,-1
42,5,663.09,393.05,70.7,97.77,-1,-1,-1,-1
42,6,468.97,325.9,42.29,100.69,-1,-1,-1,-1
43,1,608.26,421.65,77.0,140.82,-1,-1,-1,-1
43,2,617.55,388.85,64.61,121.75,-1,-1,-1,-1
43,3,315.98,323.88,37.0,98.19,-1,-1,-1,-1
43,4,584.94,413.16,77.9,120.79,-1,-1,-1,-1
43,5,666.15,392.73,69.55,94.63,-1,-1,-1,-1
43,6,470.39,326.83,42.51,100.1,-1,-1,-1,-1
44,1,612.72,424.02,79.71,138.24,-1,-1,-1,-1
44,2,617.25,390.25,58.88,108.49,-1,-1,-1,-1
44,3,316.54,324.66,36.93,98.25,-1,-1,-1,-1
44,4,585.97,414.21,79.57,121.54,-1,-1,-1,-1
44,5,667.74,392.77,69.51,93.02,-1,-1,-1,-1
44,6,470.89,327.47,42.55,99.59,-1,-1,-1,-1
45,2,620.0,390.0,57.0,110.0,-1,-1,-1,-1
45,1,619.59,425.65,80.54,135.32,-1,-1,-1,-1
45,3,317.39,325.09,36.76,97.97,-1,-1,-1,-1
45,4,584.92,400.43,89.48,135.94,-1,-1,-1,-1
45,5,666.95,392.78,68.04,89.44,-1,-1,-1,-1
45,6,471.71,326.95,43.02,100.0,-1,-1,-1,-1
46,2,623.0,390.0,54.0,111.0,-1,-1,-1,-1
46,1,627.53,423.37,85.21,138.63,-1,-1,-1,-1
46,3,318.51,325.24,36.56,97.84,-1,-1,-1,-1
46,4,587.57,398.6,92.73,138.3,-1,-1,-1,-1
46,5,670.66,392.8,63.73,82.98,-1,-1,-1,-1
46,6,472.6,327.33,43.13,99.57,-1,-1,-1,-1
47,1,650.01,421.63,83.6,139.26,-1,-1,-1,-1
47,2,621.28,387.98,59.61,110.9,-1,-1,-1,-1
47,3,319.49,325.13,36.52,98.38,-1,-1,-1,-1
47,4,591.87,401.21,90.35,133.51,-1,-1,-1,-1
47,5,670.55,390.63,72.6,94.39,-1,-1,-1,-1
47,6,474.32,326.12,43.91,101.21,-1,-1,-1,-1
48,5,672.0,390.0,78.0,94.0,-1,-1,-1,-1
48,1,656.96,416.78,83.22,142.78,-1,-1,-1,-1
48,2,621.99,385.43,62.1,117.63,-1,-1,-1,-1
48,3,320.2,325.08,36.36,98.58,-1,-1,-1,-1
48,4,611.9,402.59,86.25,130.9,-1,-1,-1,-1
48,6,476.47,325.52,44.07,101.82,-1,-1,-1,-1
49,5,674.6666666666667,388.33333333333337,75.0,94.66666666666664,-1,-1,-1,-1
49,1,678.3,413.34,80.45,139.54,-1,-1,-1,-1
49,2,621.67,383.56,58.55,112.81,-1,-1,-1,-1
49,3,321.31,325.35,36.37,99.24,-1,-1,-1,-1
49,4,624.68,404.03,83.57,129.27,-1,-1,-1,-1
49,6,478.58,325.57,43.82,102.06,-1,-1,-1,-1
50,5,677.3333333333334,386.6666666666666,72.0,95.33333333333336,-1,-1,-1,-1
50,1,694.9,409.64,79.75,137.67,-1,-1,-1,-1
50,2,621.39,383.0,60.43,117.58,-1,-1,-1,-1
50,3,321.64,325.44,36.79,100.96,-1,-1,-1,-1
50,4,634.87,404.58,82.81,128.61,-1,-1,-1,-1
50,6,481.04,324.56,43.86,103.03,-1,-1,-1,-1
51,5,680.0,385.0,69.0,96.0,-1,-1,-1,-1
51,1,708.51,407.39,75.27,132.79,-1,-1,-1,-1
51,2,618.17,383.11,59.74,118.73,-1,-1,-1,-1
51,3,321.99,326.79,36.75,101.3,-1,-1,-1,-1
51,4,647.68,402.87,85.63,129.96,-1,-1,-1,-1
51,6,485.6,326.54,43.04,100.44,-1,-1,-1,-1
52,5,682.3333333333334,384.33333333333337,71.33333333333337,95.0,-1,-1,-1,-1
52,1,716.81,405.09,72.85,132.19,-1,-1,-1,-1
52,2,616.62,382.74,58.89,119.59,-1,-1,-1,-1
52,3,322.43,327.59,36.68,101.42,-1,-1,-1,-1
52,4,653.94,400.02,88.8,131.77,-1,-1,-1,-1
52,6,487.4,327.0,43.07,100.04,-1,-1,-1,-1
53,5,684.6666666666667,383.6666666666666,73.66666666666652,94.0,-1,-1,-1,-1
53,1,734.76,402.78,73.28,132.59,-1,-1,-1,-1
53,2,617.03,380.27,59.57,122.25,-1,-1,-1,-1
53,3,322.52,329.22,36.45,100.85,-1,-1,-1,-1
53,4,658.71,396.44,87.16,127.28,-1,-1,-1,-1
53,6,495.14,331.64,43.14,95.42,-1,-1,-1,-1
54,5,687.0,383.0,76.0,93.0,-1,-1,-1,-1
54,1,744.01,400.03,74.09,133.52,-1,-1,-1,-1
54,2,617.1,377.45,60.61,125.14,-1,-1,-1,-1
54,3,322.49,329.67,36.75,101.81,-1,-1,-1,-1
54,4,666.33,395.24,86.3,125.04,-1,-1,-1,-1
54,6,500.09,333.54,44.41,93.37,-1,-1,-1,-1
55,5,696.0,380.5,71.5,93.0,-1,-1,-1,-1
55,1,752.58,396.52,74.7,132.55,-1,-1,-1,-1
55,2,615.17,373.92,60.29,125.2,-1,-1,-1,-1
55,3,322.03,330.71,36.82,101.57,-1,-1,-1,-1
55,4,684.58,395.73,83.48,123.6,-1,-1,-1,-1
55,6,503.44,333.3,46.41,92.95,-1,-1,-1,-1
56,5,705.0,378.0,67.0,93.0,-1,-1,-1,-1
56,1,762.81,395.42,72.58,128.16,-1,-1,-1,-1
56,2,612.78,371.86,56.99,120.32,-1,-1,-1,-1
56,3,321.51,331.38,36.93,101.46,-1,-1,-1,-1
56,4,694.01,395.35,81.48,123.66,-1,-1,-1,-1
56,6,504.85,333.78,47.79,91.93,-1,-1,-1,-1
57,5,708.6666666666667,376.6666666666667,66.66666666666663,93.33333333333336,-1,-1,-1,-1
57,1,773.86,394.33,72.05,127.6,-1,-1,-1,-1
57,2,611.63,368.13,53.86,116.29,-1,-1,-1,-1
57,3,320.93,332.06,36.81,100.52,-1,-1,-1,-1
57,4,705.81,390.75,81.53,126.67,-1,-1,-1,-1
57,6,503.88,329.26,51.65,96.7,-1,-1,-1,-1
58,5,712.3333333333334,375.3333333333333,66.33333333333326,93.66666666666669,-1,-1,-1,-1
58,1,782.25,393.84,70.88,127.88,-1,-1,-1,-1
58,2,611.64,365.76,52.49,115.84,-1,-1,-1,-1
58,3,320.47,332.29,36.92,100.15,-1,-1,-1,-1
58,4,713.92,388.18,81.39,129.57,-1,-1,-1,-1
58,6,503.81,328.19,53.56,98.16,-1,-1,-1,-1
59,5,716.0,374.0,66.0,94.0,-1,-1,-1,-1
59,1,786.21,389.53,71.57,129.51,-1,-1,-1,-1
59,2,612.34,360.75,53.06,119.56,-1,-1,-1,-1
59,3,320.5,332.35,37.43,100.01,-1,-1,-1,-1
59,4,725.37,384.15,78.76,125.52,-1,-1,-1,-1
59,6,509.13,326.45,52.25,96.37,-1,-1,-1,-1
60,1,794.36,386.34,69.69,125.83,-1,-1,-1,-1
60,2,612.75,357.47,52.43,121.23,-1,-1,-1,-1
60,3,320.32,332.51,38.01,99.95,-1,-1,-1,-1
60,4,738.94,382.2,74.22,119.26,-1,-1,-1,-1
60,5,719.09,372.63,63.2,93.62,-1,-1,-1,-1
60,6,512.51,325.63,51.8,95.97,-1,-1,-1,-1
61,1,804.12,382.95,65.54,118.87,-1,-1,-1,-1
61,2,615.43,354.81,47.8,111.83,-1,-1,-1,-1
61,3,319.86,334.18,38.39,99.34,-1,-1,-1,-1
61,4,749.35,378.67,73.2,118.89,-1,-1,-1,-1
61,5,720.09,367.2,64.83,99.88,-1,-1,-1,-1
61,6,518.02,322.06,52.51,98.52,-1,-1,-1,-1
62,1,810.46,380.42,64.34,117.09,-1,-1,-1,-1
62,2,616.35,353.32,46.35,109.34,-1,-1,-1,-1
62,3,319.33,335.99,38.94,99.1,-1,-1,-1,-1
62,4,755.77,376.84,72.41,118.78,-1,-1,-1,-1
62,5,722.19,364.16,64.19,103.25,-1,-1,-1,-1
62,6,525.4,320.59,50.78,97.99,-1,-1,-1,-1
63,1,817.86,374.73,64.6,119.25,-1,-1,-1,-1
63,2,617.52,350.89,46.0,108.78,-1,-1,-1,-1
63,3,318.89,339.92,39.93,99.31,-1,-1,-1,-1
63,4,763.58,374.59,70.22,116.51,-1,-1,-1,-1
63,5,721.1,352.88,66.98,113.53,-1,-1,-1,-1
63,6,533.43,320.2,50.16,98.97,-1,-1,-1,-1
64,1,821.12,370.93,64.85,122.16,-1,-1,-1,-1
64,2,617.14,348.57,46.32,109.5,-1,-1,-1,-1
64,3,318.68,342.41,41.27,99.69,-1,-1,-1,-1
64,4,769.28,372.62,69.13,114.78,-1,-1,-1,-1
64,5,722.21,348.72,65.51,115.34,-1,-1,-1,-1
64,6,539.28,321.27,49.36,99.04,-1,-1,-1,-1
65,1,826.5,366.78,58.44,110.97,-1,-1,-1,-1
65,2,617.21,344.35,47.22,111.89,-1,-1,-1,-1
65,3,316.43,344.35,42.86,101.62,-1,-1,-1,-1
65,4,773.72,370.46,66.42,110.55,-1,-1,-1,-1
65,5,731.19,342.11,65.47,114.53,-1,-1,-1,-1
65,6,549.85,324.07,48.05,95.51,-1,-1,-1,-1
66,1,828.38,364.76,55.71,106.95,-1,-1,-1,-1
66,2,619.04,342.7,44.57,105.38,-1,-1,-1,-1
66,3,315.01,345.03,44.28,103.23,-1,-1,-1,-1
66,4,776.41,369.3,65.0,109.18,-1,-1,-1,-1
66,5,729.2,343.85,60.58,108.88,-1,-1,-1,-1
66,6,556.82,325.17,47.3,92.64,-1,-1,-1,-1
67,1,830.15,360.92,54.55,105.76,-1,-1,-1,-1
67,2,620.66,339.93,43.6,102.88,-1,-1,-1,-1
67,3,313.23,346.43,44.97,103.83,-1,-1,-1,-1
67,4,778.77,365.76,64.86,111.3,-1,-1,-1,-1
67,5,730.35,342.75,57.5,104.8,-1,-1,-1,-1
67,6,560.78,324.98,48.7,94.62,-1,-1,-1,-1
68,1,830.03,357.51,54.6,107.24,-1,-1,-1,-1
68,2,621.61,337.96,43.72,102.92,-1,-1,-1,-1
68,3,312.71,347.5,45.21,103.75,-1,-1,-1,-1
68,4,780.5,363.18,64.48,113.15,-1,-1,-1,-1
68,5,732.46,342.75,55.22,101.74,-1,-1,-1,-1
68,6,562.4,324.76,49.21,95.05,-1,-1,-1,-1
69,1,830.74,353.06,53.96,107.54,-1,-1,-1,-1
69,2,623.39,334.91,43.31,102.68,-1,-1,-1,-1
69,3,312.75,348.31,44.54,102.82,-1,-1,-1,-1
69,4,783.39,359.17,58.24,103.91,-1,-1,-1,-1
69,5,739.43,343.3,50.88,95.47,-1,-1,-1,-1
69,6,565.25,322.0,49.29,96.12,-1,-1,-1,-1
70,1,830.08,350.32,52.15,104.4,-1,-1,-1,-1
70,2,624.9,332.52,43.25,103.53,-1,-1,-1,-1
70,3,313.87,347.97,44.49,103.34,-1,-1,-1,-1
70,4,784.71,356.84,53.97,98.51,-1,-1,-1,-1
70,5,742.45,342.56,50.69,96.48,-1,-1,-1,-1
70,6,568.41,320.37,47.8,94.45,-1,-1,-1,-1
71,1,831.79,347.63,49.56,99.04,-1,-1,-1,-1
71,2,626.33,327.83,43.25,104.77,-1,-1,-1,-1
71,3,313.81,346.76,45.15,105.9,-1,-1,-1,-1
71,4,785.74,351.17,54.03,100.69,-1,-1,-1,-1
71,5,744.19,338.73,51.58,99.85,-1,-1,-1,-1
71,6,571.77,319.32,46.69,94.11,-1,-1,-1,-1
72,1,830.17,346.04,49.01,98.07,-1,-1,-1,-1
72,2,627.15,327.06,42.66,104.37,-1,-1,-1,-1
72,3,313.28,346.13,45.84,108.62,-1,-1,-1,-1
72,4,784.84,348.33,53.42,102.39,-1,-1,-1,-1
72,5,746.94,337.96,49.95,98.74,-1,-1,-1,-1
72,6,574.77,318.95,45.49,93.7,-1,-1,-1,-1
73,1,828.91,342.98,48.17,98.09,-1,-1,-1,-1
73,2,628.63,325.39,40.03,97.96,-1,-1,-1,-1
73,3,314.55,346.45,47.54,111.99,-1,-1,-1,-1
73,4,782.57,333.46,59.2,116.54,-1,-1,-1,-1
73,5,755.1,334.02,46.25,92.33,-1,-1,-1,-1
73,6,578.8,320.92,44.28,92.35,-1,-1,-1,-1
74,1,827.86,340.46,47.66,99.08,-1,-1,-1,-1
74,2,630.83,325.82,38.15,94.02,-1,-1,-1,-1
74,3,316.06,348.15,47.64,112.38,-1,-1,-1,-1
74,4,781.25,322.21,62.29,126.23,-1,-1,-1,-1
74,5,762.94,328.05,48.59,95.71,-1,-1,-1,-1
74,6,583.08,322.73,43.39,90.66,-1,-1,-1,-1
75,1,826.92,336.78,47.25,100.99,-1,-1,-1,-1
75,2,634.08,327.45,36.8,90.81,-1,-1,-1,-1
75,3,318.79,350.11,47.48,112.35,-1,-1,-1,-1
75,4,784.41,330.61,53.12,108.23,-1,-1,-1,-1
75,5,765.63,314.84,54.21,108.18,-1,-1,-1,-1
75,6,588.02,324.78,42.66,88.54,-1,-1,-1,-1
76,1,826.95,333.87,46.22,101.75,-1,-1,-1,-1
76,2,637.05,329.04,36.33,88.8,-1,-1,-1,-1
76,3,321.37,351.13,47.28,112.89,-1,-1,-1,-1
76,4,786.13,335.4,47.85,97.84,-1,-1,-1,-1
76,5,767.19,322.61,49.49,100.57,-1,-1,-1,-1
76,6,590.6,326.29,42.39,87.17,-1,-1,-1,-1
77,1,827.21,327.82,44.05,100.28,-1,-1,-1,-1
77,2,637.83,324.62,37.91,92.73,-1,-1,-1,-1
77,3,324.84,351.2,48.38,117.77,-1,-1,-1,-1
77,4,786.81,336.44,45.07,92.36,-1,-1,-1,-1
77,5,766.56,310.6,54.77,112.59,-1,-1,-1,-1
77,6,590.09,325.93,43.1,87.3,-1,-1,-1,-1
78,1,827.42,324.62,42.3,98.86,-1,-1,-1,-1
78,2,638.17,321.73,38.89,95.35,-1,-1,-1,-1
78,3,326.81,351.06,48.6,120.32,-1,-1,-1,-1
78,4,787.69,337.05,43.31,90.52,-1,-1,-1,-1
78,5,769.12,320.56,48.91,101.46,-1,-1,-1,-1
78,6,589.62,326.24,43.68,87.08,-1,-1,-1,-1
79,1,827.48,318.3,42.82,99.87,-1,-1,-1,-1
79,2,640.22,318.62,38.91,95.49,-1,-1,-1,-1
79,3,330.46,351.84,48.66,122.15,-1,-1,-1,-1
79,4,788.63,335.35,42.55,90.23,-1,-1,-1,-1
79,5,773.09,307.83,54.02,112.38,-1,-1,-1,-1
79,6,589.38,326.34,44.36,87.02,-1,-1,-1,-1
80,1,829.1,314.59,42.16,97.28,-1,-1,-1,-1
80,2,643.17,317.66,36.85,89.91,-1,-1,-1,-1
80,3,332.75,353.0,48.03,122.51,-1,-1,-1,-1
80,4,789.92,334.5,41.51,89.28,-1,-1,-1,-1
80,5,776.74,310.13,50.74,106.42,-1,-1,-1,-1
80,6,589.63,326.52,44.92,87.02,-1,-1,-1,-1
81,1,831.26,311.4,42.98,96.03,-1,-1,-1,-1
81,2,645.49,317.41,35.36,85.97,-1,-1,-1,-1
81,3,337.07,353.86,47.26,122.16,-1,-1,-1,-1
81,4,794.59,323.16,47.23,99.35,-1,-1,-1,-1
81,5,783.63,295.65,51.3,111.31,-1,-1,-1,-1
81,6,590.16,326.57,47.06,91.83,-1,-1,-1,-1
82,5,788.0,290.0,50.0,118.0,-1,-1,-1,-1
82,1,828.96,308.55,44.58,97.11,-1,-1,-1,-1
82,2,646.96,317.24,35.3,85.21,-1,-1,-1,-1
82,3,340.66,354.02,46.81,122.42,-1,-1,-1,-1
82,4,794.2,320.01,49.31,102.91,-1,-1,-1,-1
82,6,592.1,326.74,47.78,95.07,-1,-1,-1,-1
83,5,792.0,286.5,47.5,121.5,-1,-1,-1,-1
83,1,826.11,307.02,44.36,96.04,-1,-1,-1,-1
83,2,649.16,317.54,35.47,84.37,-1,-1,-1,-1
83,3,346.52,354.05,46.37,122.48,-1,-1,-1,-1
83,4,793.41,323.42,46.54,96.45,-1,-1,-1,-1
83,6,594.92,326.35,49.04,98.95,-1,-1,-1,-1
84,5,796.0,283.0,45.0,125.0,-1,-1,-1,-1
84,1,821.11,308.4,42.45,94.17,-1,-1,-1,-1
84,2,650.53,316.94,36.13,84.72,-1,-1,-1,-1
84,3,351.33,354.92,45.94,122.16,-1,-1,-1,-1
84,4,794.8,325.46,45.99,92.33,-1,-1,-1,-1
84,6,595.63,325.62,49.54,101.59,-1,-1,-1,-1
85,5,800.0,284.6666666666667,42.66666666666674,123.33333333333336,-1,-1,-1,-1
85,1,823.54,310.56,36.77,82.04,-1,-1,-1,-1
85,2,649.61,315.11,36.68,86.1,-1,-1,-1,-1
85,3,355.9,357.74,46.32,123.04,-1,-1,-1,-1
85,4,792.25,323.71,45.72,91.75,-1,-1,-1,-1
85,6,596.47,326.34,47.87,99.39,-1,-1,-1,-1
86,5,804.0,286.33333333333337,40.33333333333337,121.66666666666664,-1,-1,-1,-1
86,1,821.55,313.05,37.98,86.7,-1,-1,-1,-1
86,2,649.62,314.92,36.1,84.25,-1,-1,-1,-1
86,3,359.92,361.15,46.74,121.87,-1,-1,-1,-1
86,4,790.94,322.98,45.13,90.36,-1,-1,-1,-1
86,6,596.97,326.62,47.83,100.55,-1,-1,-1,-1
87,5,808.0,288.0,38.0,120.0,-1,-1,-1,-1
87,1,824.44,315.62,34.88,81.59,-1,-1,-1,-1
87,2,648.66,311.74,35.87,82.99,-1,-1,-1,-1
87,3,365.08,367.76,46.85,118.42,-1,-1,-1,-1
87,4,790.83,325.81,44.67,87.76,-1,-1,-1,-1
87,6,597.16,328.19,47.11,100.67,-1,-1,-1,-1
88,1,826.27,317.04,33.58,79.7,-1,-1,-1,-1
88,2,647.56,311.07,35.98,82.86,-1,-1,-1,-1
88,3,366.67,371.86,47.05,115.43,-1,-1,-1,-1
88,4,790.01,324.5,46.02,89.26,-1,-1,-1,-1
88,5,806.88,295.36,42.51,107.14,-1,-1,-1,-1
88,6,597.17,328.79,46.83,101.28,-1,-1,-1,-1
89,1,827.0,313.0,34.0,83.0,-1,-1,-1,-1
89,2,645.51,309.97,36.28,82.54,-1,-1,-1,-1
89,3,367.93,377.84,46.15,109.5,-1,-1,-1,-1
89,4,788.89,324.36,46.92,89.82,-1,-1,-1,-1
89,5,813.86,301.83,39.03,96.95,-1,-1,-1,-1
89,6,598.28,330.63,47.35,101.49,-1,-1,-1,-1
90,1,830.44,313.51,33.39,81.09,-1,-1,-1,-1
90,2,643.34,307.35,37.33,83.66,-1,-1,-1,-1
90,3,367.95,380.72,46.4,106.84,-1,-1,-1,-1
90,4,786.69,323.01,47.81,89.76,-1,-1,-1,-1
90,5,816.31,308.71,35.55,88.76,-1,-1,-1,-1
90,6,597.62,332.35,48.41,102.72,-1,-1,-1,-1
91,1,832.11,310.91,34.23,82.98,-1,-1,-1,-1
91,2,637.54,304.94,38.18,84.69,-1,-1,-1,-1
91,3,367.32,380.76,47.56,106.82,-1,-1,-1,-1
91,4,781.78,319.71,48.5,89.46,-1,-1,-1,-1
91,5,817.33,308.14,35.57,89.25,-1,-1,-1,-1
91,6,596.86,337.1,48.57,101.11,-1,-1,-1,-1
92,1,834.86,310.01,33.2,81.58,-1,-1,-1,-1
92,2,633.95,305.27,37.15,83.02,-1,-1,-1,-1
92,3,366.47,379.64,49.07,107.91,-1,-1,-1,-1
92,4,776.43,318.22,48.01,88.77,-1,-1,-1,-1
92,5,818.67,308.1,35.32,89.44,-1,-1,-1,-1
92,6,595.61,340.69,48.63,98.68,-1,-1,-1,-1
93,1,837.4,309.45,33.36,80.41,-1,-1,-1,-1
93,2,630.33,305.77,34.72,77.9,-1,-1,-1,-1
93,3,365.05,375.4,51.39,111.18,-1,-1,-1,-1
93,4,769.35,315.91,47.84,90.33,-1,-1,-1,-1
93,5,822.01,309.91,34.15,87.13,-1,-1,-1,-1
93,6,590.56,342.75,50.55,98.34,-1,-1,-1,-1
94,1,840.94,309.62,34.18,79.96,-1,-1,-1,-1
94,2,628.31,306.49,34.01,76.0,-1,-1,-1,-1
94,3,363.81,372.15,52.98,112.87,-1,-1,-1,-1
94,4,761.75,313.32,48.3,92.7,-1,-1,-1,-1
94,5,825.19,310.3,33.88,86.61,-1,-1,-1,-1
94,6,585.55,343.32,53.91,100.59,-1,-1,-1,-1
95,1,841.93,310.78,35.06,79.19,-1,-1,-1,-1
95,2,624.9,308.61,33.74,73.54,-1,-1,-1,-1
95,3,358.29,369.38,52.91,112.34,-1,-1,-1,-1
95,4,753.44,311.07,48.87,94.48,-1,-1,-1,-1
95,5,828.14,309.23,33.64,85.86,-1,-1,-1,-1
95,6,580.17,344.67,57.44,102.32,-1,-1,-1,-1
96,1,841.73,311.13,35.23,78.0,-1,-1,-1,-1
96,2,621.19,310.34,33.83,70.85,-1,-1,-1,-1
96,3,353.4,367.86,52.37,111.39,-1,-1,-1,-1
96,4,749.7,312.03,48.03,93.99,-1,-1,-1,-1
96,5,831.12,309.14,33.8,84.71,-1,-1,-1,-1
96,6,576.44,345.73,60.38,102.67,-1,-1,-1,-1
97,2,602.0,306.0,58.0,77.0,-1,-1,-1,-1
97,1,847.3,311.6,33.5,74.25,-1,-1,-1,-1
97,3,352.19,364.74,54.14,112.97,-1,-1,-1,-1
97,4,744.08,314.55,46.84,91.12,-1,-1,-1,-1
97,5,838.24,308.65,35.51,84.93,-1,-1,-1,-1
97,6,558.19,346.97,62.68,102.78,-1,-1,-1,-1
98,2,595.0,306.0,63.0,77.0,-1,-1,-1,-1
98,1,850.66,310.91,35.06,78.34,-1,-1,-1,-1
98,3,350.59,362.84,55.34,113.42,-1,-1,-1,-1
98,4,740.19,320.82,44.78,84.62,-1,-1,-1,-1
98,5,841.13,308.78,36.6,85.04,-1,-1,-1,-1
98,6,540.83,347.54,61.96,102.81,-1,-1,-1,-1
99,2,588.0,306.0,56.0,77.0,-1,-1,-1,-1
99,1,851.76,308.32,36.95,83.91,-1,-1,-1,-1
99,3,347.16,361.68,54.91,109.88,-1,-1,-1,-1
99,4,731.32,318.48,46.95,85.25,-1,-1,-1,-1
99,5,845.27,309.13,36.62,84.82,-1,-1,-1,-1
99,6,529.41,348.15,62.07,104.28,-1,-1,-1,-1
100,2,581.0,306.0,50.0,76.0,-1,-1,-1,-1
100,1,853.0,305.9,37.09,85.17,-1,-1,-1,-1
100,3,338.79,360.97,54.16,107.92,-1,-1,-1,-1
100,4,727.07,316.76,50.13,87.6,-1,-1,-1,-1
100,5,847.31,310.77,36.57,83.26,-1,-1,-1,-1
100,6,522.81,349.23,62.84,108.07,-1,-1,-1,-1
101,2,574.0,306.0,52.75,75.5,-1,-1,-1,-1
101,1,854.44,302.79,37.4,87.39,-1,-1,-1,-1
101,3,330.67,359.07,54.96,107.66,-1,-1,-1,-1
101,4,723.33,318.36,51.71,88.18,-1,-1,-1,-1
101,5,849.92,312.74,36.18,81.5,-1,-1,-1,-1
101,6,516.14,350.48,61.81,110.37,-1,-1,-1,-1
102,2,567.0,306.0,55.5,75.0,-1,-1,-1,-1
102,1,854.69,301.78,38.02,90.55,-1,-1,-1,-1
102,3,325.65,357.49,56.41,108.48,-1,-1,-1,-1
102,4,722.95,328.22,49.37,80.69,-1,-1,-1,-1
102,5,849.85,310.44,37.24,83.9,-1,-1,-1,-1
102,6,513.09,352.53,59.2,109.33,-1,-1,-1,-1
103,2,560.0,306.0,58.25,74.5,-1,-1,-1,-1
103,1,858.32,301.29,35.14,84.21,-1,-1,-1,-1
103,3,322.27,353.95,58.65,110.89,-1,-1,-1,-1
103,4,706.09,331.6,46.61,78.11,-1,-1,-1,-1
103,5,849.91,309.01,38.49,85.09,-1,-1,-1,-1
103,6,508.87,352.25,58.23,109.91,-1,-1,-1,-1
104,2,553.0,306.0,61.0,74.0,-1,-1,-1,-1
104,1,860.16,302.08,35.37,85.8,-1,-1,-1,-1
104,3,320.66,351.47,59.72,111.21,-1,-1,-1,-1
104,4,695.05,333.52,45.75,76.62,-1,-1,-1,-1
104,5,849.09,308.46,39.25,85.26,-1,-1,-1,-1
104,6,504.48,351.51,57.9,110.4,-1,-1,-1,-1
105,2,545.75,305.25,60.0,74.25,-1,-1,-1,-1
105,1,864.25,304.01,34.45,81.95,-1,-1,-1,-1
105,3,313.77,349.09,60.43,112.81,-1,-1,-1,-1
105,4,686.59,334.63,46.28,75.52,-1,-1,-1,-1
105,5,844.87,308.26,38.23,82.37,-1,-1,-1,-1
105,6,497.35,347.36,59.6,114.39,-1,-1,-1,-1
106,2,538.5,304.5,59.0,74.5,-1,-1,-1,-1
106,1,866.85,304.96,34.87,81.03,-1,-1,-1,-1
106,3,309.58,347.64,60.2,113.71,-1,-1,-1,-1
106,4,679.39,333.31,48.52,76.7,-1,-1,-1,-1
106,5,842.4,308.34,38.72,81.58,-1,-1,-1,-1
106,6,493.76,345.33,59.97,116.17,-1,-1,-1,-1
107,2,531.25,303.75,58.0,74.75,-1,-1,-1,-1
107,5,828.0,312.0,61.0,80.0,-1,-1,-1,-1
107,1,871.54,309.08,33.42,73.79,-1,-1,-1,-1
107,3,307.4,344.34,60.29,115.38,-1,-1,-1,-1
107,4,669.97,331.44,50.71,76.86,-1,-1,-1,-1
107,6,485.2,343.94,57.88,111.85,-1,-1,-1,-1
108,2,524.0,303.0,57.0,75.0,-1,-1,-1,-1
108,5,825.5,312.75,62.5,79.0,-1,-1,-1,-1
108,1,873.84,309.29,34.04,72.59,-1,-1,-1,-1
108,3,306.22,342.98,59.76,115.41,-1,-1,-1,-1
108,4,663.04,331.31,51.68,75.16,-1,-1,-1,-1
108,6,480.12,343.69,56.3,108.9,-1,-1,-1,-1
109,2,516.5,302.0,56.0,73.5,-1,-1,-1,-1
109,5,823.0,313.5,64.0,78.0,-1,-1,-1,-1
109,1,874.56,307.08,36.11,75.86,-1,-1,-1,-1
109,3,301.26,342.24,59.04,114.81,-1,-1,-1,-1
109,4,645.09,331.69,50.05,74.25,-1,-1,-1,-1
109,6,471.96,344.5,54.28,106.58,-1,-1,-1,-1
110,2,509.0,301.0,55.0,72.0,-1,-1,-1,-1
110,5,820.5,314.25,65.5,77.0,-1,-1,-1,-1
110,1,875.23,306.28,37.14,76.74,-1,-1,-1,-1
110,3,297.47,342.61,58.03,114.57,-1,-1,-1,-1
110,4,632.72,326.83,52.48,79.7,-1,-1,-1,-1
110,6,468.1,345.25,52.62,104.81,-1,-1,-1,-1
111,5,818.0,315.0,67.0,76.0,-1,-1,-1,-1
111,1,876.42,304.8,38.44,77.7,-1,-1,-1,-1
111,2,501.17,301.99,36.82,70.5,-1,-1,-1,-1
111,3,294.1,344.58,57.01,113.28,-1,-1,-1,-1
111,4,626.12,326.09,51.96,80.49,-1,-1,-1,-1
111,6,464.4,344.32,52.16,105.06,-1,-1,-1,-1
112,5,811.5,313.5,68.0,77.0,-1,-1,-1,-1
112,1,876.5,303.95,39.51,78.36,-1,-1,-1,-1
112,2,497.09,302.19,34.34,67.27,-1,-1,-1,-1
112,3,292.52,345.38,56.29,112.49,-1,-1,-1,-1
112,4,622.9,329.65,49.11,76.39,-1,-1,-1,-1
112,6,460.06,343.08,53.12,106.35,-1,-1,-1,-1
113,5,805.0,312.0,69.0,78.0,-1,-1,-1,-1
113,1,877.66,303.8,39.29,78.02,-1,-1,-1,-1
113,2,490.25,301.85,35.67,70.91,-1,-1,-1,-1
113,3,290.98,344.53,55.18,110.7,-1,-1,-1,-1
113,4,612.04,323.63,53.69,82.06,-1,-1,-1,-1
113,6,452.61,340.83,55.39,107.73,-1,-1,-1,-1
114,5,797.5,311.0,60.5,78.5,-1,-1,-1,-1
114,1,880.18,304.36,38.45,77.0,-1,-1,-1,-1
114,2,485.85,302.17,36.09,71.62,-1,-1,-1,-1
114,3,290.56,343.94,52.59,105.83,-1,-1,-1,-1
114,4,601.73,315.69,58.38,88.43,-1,-1,-1,-1
114,6,448.65,340.14,55.83,106.48,-1,-1,-1,-1
115,5,790.0,310.0,52.0,79.0,-1,-1,-1,-1
115,1,884.86,305.18,37.1,76.02,-1,-1,-1,-1
115,2,477.2,301.88,37.15,71.3,-1,-1,-1,-1
115,3,289.96,344.97,50.99,102.8,-1,-1,-1,-1
115,4,586.28,317.21,54.82,85.44,-1,-1,-1,-1
115,6,444.33,339.44,54.78,103.9,-1,-1,-1,-1
116,5,785.0,309.0,54.0,79.0,-1,-1,-1,-1
116,1,882.92,305.95,37.85,77.46,-1,-1,-1,-1
116,2,471.27,301.34,38.62,71.78,-1,-1,-1,-1
116,3,290.24,346.13,50.24,101.12,-1,-1,-1,-1
116,4,578.95,319.25,51.14,82.69,-1,-1,-1,-1
116,6,439.37,338.9,53.87,102.63,-1,-1,-1,-1
117,2,462.0,303.0,36.0,69.0,-1,-1,-1,-1
117,5,781.5,309.0,54.0,79.0,-1,-1,-1,-1
117,1,886.62,307.28,38.05,79.77,-1,-1,-1,-1
117,3,290.71,347.49,49.42,99.03,-1,-1,-1,-1
117,4,570.09,318.87,49.53,82.52,-1,-1,-1,-1
117,6,431.95,337.36,53.98,102.78,-1,-1,-1,-1
118,2,456.5,303.0,33.5,68.5,-1,-1,-1,-1
118,5,778.0,309.0,54.0,79.0,-1,-1,-1,-1
118,1,888.64,307.93,37.66,80.65,-1,-1,-1,-1
118,3,290.82,347.39,49.44,98.91,-1,-1,-1,-1
118,4,565.02,316.97,49.48,84.24,-1,-1,-1,-1
118,6,424.67,336.21,53.57,104.34,-1,-1,-1,-1
119,2,451.0,303.0,31.0,68.0,-1,-1,-1,-1
119,5,774.0,309.0,57.0,79.0,-1,-1,-1,-1
119,1,890.16,308.77,36.77,80.09,-1,-1,-1,-1
119,3,292.53,345.1,51.09,100.42,-1,-1,-1,-1
119,4,558.57,317.31,47.31,80.75,-1,-1,-1,-1
119,6,415.47,335.36,53.1,104.34,-1,-1,-1,-1
120,5,771.0,309.0,40.0,79.0,-1,-1,-1,-1
120,1,891.24,309.68,36.14,79.87,-1,-1,-1,-1
120,2,444.95,303.38,33.56,65.04,-1,-1,-1,-1
120,3,294.71,343.66,52.28,101.01,-1,-1,-1,-1
120,4,554.04,316.73,46.08,77.88,-1,-1,-1,-1
120,6,411.41,335.06,51.69,102.56,-1,-1,-1,-1
121,5,766.5,309.5,39.5,78.5,-1,-1,-1,-1
121,1,892.21,310.46,35.55,79.48,-1,-1,-1,-1
121,2,438.6,303.16,35.1,68.02,-1,-1,-1,-1
121,3,297.47,342.53,50.74,96.49,-1,-1,-1,-1
121,4,545.14,312.31,46.25,78.94,-1,-1,-1,-1
121,6,403.4,336.32,50.41,100.39,-1,-1,-1,-1
122,5,762.0,310.0,39.0,78.0,-1,-1,-1,-1
122,1,893.13,310.9,34.98,79.33,-1,-1,-1,-1
122,2,434.3,302.49,36.11,69.8,-1,-1,-1,-1
122,3,299.89,341.38,49.92,92.97,-1,-1,-1,-1
122,4,539.3,312.97,44.2,76.65,-1,-1,-1,-1
122,6,397.99,337.58,50.18,99.89,-1,-1,-1,-1
123,4,534.0,310.0,39.0,77.0,-1,-1,-1,-1
123,1,893.55,310.15,34.79,80.16,-1,-1,-1,-1
123,2,429.29,303.11,36.22,69.61,-1,-1,-1,-1
123,3,301.93,338.08,50.1,93.88,-1,-1,-1,-1
123,5,754.73,314.92,39.82,66.58,-1,-1,-1,-1
123,6,394.83,339.55,49.86,99.13,-1,-1,-1,-1
124,1,893.78,309.57,35.07,81.95,-1,-1,-1,-1
124,2,427.07,303.36,36.49,70.11,-1,-1,-1,-1
124,3,305.03,334.66,49.93,95.44,-1,-1,-1,-1
124,4,524.04,309.82,42.35,75.71,-1,-1,-1,-1
124,5,750.91,315.43,41.1,70.09,-1,-1,-1,-1
124,6,393.49,340.44,49.36,98.26,-1,-1,-1,-1
125,1,893.03,308.31,36.17,85.85,-1,-1,-1,-1
125,2,425.84,303.01,36.44,69.7,-1,-1,-1,-1
125,3,307.63,331.04,50.54,99.34,-1,-1,-1,-1
125,4,516.01,307.85,43.11,78.18,-1,-1,-1,-1
125,5,745.97,313.58,44.17,77.25,-1,-1,-1,-1
125,6,392.37,338.22,49.97,100.06,-1,-1,-1,-1
126,1,892.9,308.56,36.51,87.62,-1,-1,-1,-1
126,2,425.29,302.58,36.61,69.82,-1,-1,-1,-1
126,3,310.19,329.28,49.33,99.64,-1,-1,-1,-1
126,4,513.07,307.12,42.51,78.0,-1,-1,-1,-1
126,5,743.94,312.86,45.17,80.28,-1,-1,-1,-1
126,6,392.11,335.62,51.1,102.53,-1,-1,-1,-1
127,1,892.75,310.99,36.19,87.41,-1,-1,-1,-1
127,2,426.09,302.28,35.9,68.68,-1,-1,-1,-1
127,3,314.1,329.27,48.28,99.46,-1,-1,-1,-1
127,4,504.98,305.85,42.72,76.44,-1,-1,-1,-1
127,5,741.58,313.42,45.58,81.47,-1,-1,-1,-1
127,6,393.28,332.28,51.94,104.35,-1,-1,-1,-1
128,1,892.56,312.81,35.63,86.7,-1,-1,-1,-1
128,2,426.79,302.32,35.4,67.93,-1,-1,-1,-1
128,3,317.68,329.77,47.18,98.51,-1,-1,-1,-1
128,4,500.78,305.57,42.71,75.24,-1,-1,-1,-1
128,5,740.81,313.35,45.73,82.18,-1,-1,-1,-1
128,6,394.43,330.58,52.05,104.75,-1,-1,-1,-1
129,1,892.18,314.98,35.09,85.52,-1,-1,-1,-1
129,2,429.47,302.33,33.08,63.77,-1,-1,-1,-1
129,3,320.95,332.1,45.81,95.47,-1,-1,-1,-1
129,4,495.0,306.11,42.13,74.5,-1,-1,-1,-1
129,5,737.21,313.46,44.54,82.12,-1,-1,-1,-1
129,6,399.88,327.45,50.06,101.64,-1,-1,-1,-1
130,1,891.45,315.94,34.51,84.45,-1,-1,-1,-1
130,2,431.94,302.19,30.96,60.35,-1,-1,-1,-1
130,3,322.62,334.55,44.9,92.53,-1,-1,-1,-1
130,4,491.81,306.8,41.55,73.64,-1,-1,-1,-1
130,5,734.42,314.22,43.62,81.47,-1,-1,-1,-1
130,6,402.54,325.09,49.96,102.84,-1,-1,-1,-1
131,1,890.17,315.53,34.77,85.52,-1,-1,-1,-1
131,2,432.33,300.92,34.38,65.91,-1,-1,-1,-1
131,3,324.16,336.24,45.93,93.29,-1,-1,-1,-1
131,4,483.66,307.54,41.4,72.13,-1,-1,-1,-1
131,5,731.64,314.07,42.83,81.48,-1,-1,-1,-1
131,6,405.77,323.51,48.78,102.39,-1,-1,-1,-1
132,1,888.81,314.77,35.13,86.8,-1,-1,-1,-1
132,2,433.4,300.48,35.7,67.23,-1,-1,-1,-1
132,3,324.66,336.56,46.93,94.48,-1,-1,-1,-1
132,4,482.19,309.05,40.57,68.86,-1,-1,-1,-1
132,5,730.54,313.42,42.28,82.03,-1,-1,-1,-1
132,6,408.91,322.81,47.05,100.74,-1,-1,-1,-1
133,1,886.2,315.05,36.78,90.81,-1,-1,-1,-1
133,2,436.46,300.91,35.28,65.69,-1,-1,-1,-1
133,3,328.0,335.5,47.45,96.73,-1,-1,-1,-1
133,4,479.3,309.64,40.76,68.29,-1,-1,-1,-1
133,5,728.06,313.6,41.74,81.93,-1,-1,-1,-1
133,6,415.0,323.65,45.08,96.52,-1,-1,-1,-1
134,1,884.47,316.31,37.43,91.74,-1,-1,-1,-1
134,2,438.77,300.04,35.72,66.29,-1,-1,-1,-1
134,3,329.74,334.66,46.85,97.0,-1,-1,-1,-1
134,4,476.6,309.41,41.51,69.01,-1,-1,-1,-1
134,5,725.8,312.79,42.64,84.21,-1,-1,-1,-1
134,6,418.57,324.02,44.74,95.25,-1,-1,-1,-1
135,1,882.15,317.37,37.75,91.77,-1,-1,-1,-1
135,2,441.15,296.16,37.2,69.77,-1,-1,-1,-1
135,3,330.81,333.76,46.58,98.0,-1,-1,-1,-1
135,4,472.77,306.78,43.04,71.7,-1,-1,-1,-1
135,5,723.38,312.77,43.37,86.52,-1,-1,-1,-1
135,6,424.43,325.4,44.7,92.09,-1,-1,-1,-1
136,1,880.27,317.77,38.11,91.75,-1,-1,-1,-1
136,2,443.64,294.58,37.48,71.36,-1,-1,-1,-1
136,3,331.27,332.99,46.23,98.97,-1,-1,-1,-1
136,4,470.73,304.92,43.96,73.3,-1,-1,-1,-1
136,5,722.34,313.34,43.49,87.38,-1,-1,-1,-1
136,6,426.98,326.25,45.43,90.65,-1,-1,-1,-1
137,1,879.12,317.9,40.03,93.49,-1,-1,-1,-1
137,2,445.93,291.06,38.49,75.18,-1,-1,-1,-1
137,3,331.18,331.08,45.92,100.81,-1,-1,-1,-1
137,4,472.54,304.97,42.48,71.57,-1,-1,-1,-1
137,5,719.89,313.86,43.18,87.68,-1,-1,-1,-1
137,6,428.09,325.82,46.93,90.77,-1,-1,-1,-1
138,1,878.49,318.37,41.46,94.42,-1,-1,-1,-1
138,2,448.03,289.73,38.14,76.05,-1,-1,-1,-1
138,3,331.35,330.37,45.6,102.39,-1,-1,-1,-1
138,4,474.27,303.97,42.13,72.09,-1,-1,-1,-1
138,5,719.33,314.35,42.51,87.46,-1,-1,-1,-1
138,6,428.6,325.23,48.26,91.16,-1,-1,-1,-1
139,1,872.7,321.33,39.64,90.93,-1,-1,-1,-1
139,2,450.92,290.28,37.37,75.48,-1,-1,-1,-1
139,3,331.44,330.27,45.63,104.16,-1,-1,-1,-1
139,4,477.19,303.32,41.23,71.99,-1,-1,-1,-1
139,5,719.27,315.12,41.57,86.45,-1,-1,-1,-1
139,6,431.89,323.97,48.9,91.93,-1,-1,-1,-1
140,1,869.4,324.24,40.49,93.42,-1,-1,-1,-1
140,2,453.63,291.85,35.02,70.81,-1,-1,-1,-1
140,3,331.1,331.42,44.84,104.23,-1,-1,-1,-1
140,4,479.89,303.4,39.76,71.07,-1,-1,-1,-1
140,5,719.2,315.71,40.93,85.74,-1,-1,-1,-1
140,6,435.25,321.28,49.7,94.34,-1,-1,-1,-1
141,1,866.62,325.0,41.06,94.92,-1,-1,-1,-1
141,2,455.85,294.93,35.92,73.49,-1,-1,-1,-1
141,3,330.77,333.22,43.96,104.23,-1,-1,-1,-1
141,4,482.54,304.35,37.96,68.63,-1,-1,-1,-1
141,5,718.34,315.33,41.34,87.23,-1,-1,-1,-1
141,6,443.29,318.37,49.51,96.44,-1,-1,-1,-1
142,1,864.46,325.7,41.2,95.18,-1,-1,-1,-1
142,2,458.52,296.19,35.41,73.86,-1,-1,-1,-1
142,3,331.0,334.5,43.16,104.21,-1,-1,-1,-1
142,4,484.71,306.09,35.75,65.31,-1,-1,-1,-1
142,5,718.26,315.47,41.72,88.95,-1,-1,-1,-1
142,6,447.6,316.7,49.73,99.3,-1,-1,-1,-1
143,1,860.93,325.64,40.85,95.54,-1,-1,-1,-1
143,2,460.46,300.07,33.32,70.73,-1,-1,-1,-1
143,3,330.05,335.88,42.8,105.08,-1,-1,-1,-1
143,4,488.35,307.67,33.72,61.35,-1,-1,-1,-1
143,5,718.53,315.81,42.0,90.76,-1,-1,-1,-1
143,6,450.37,314.92,52.55,106.84,-1,-1,-1,-1
144,1,858.2,322.77,41.25,98.32,-1,-1,-1,-1
144,2,458.63,301.88,32.13,67.99,-1,-1,-1,-1
144,3,328.63,336.7,42.69,105.98,-1,-1,-1,-1
144,4,493.42,308.71,34.31,60.57,-1,-1,-1,-1
144,5,718.61,316.52,41.68,91.14,-1,-1,-1,-1
144,6,455.56,316.57,49.11,99.36,-1,-1,-1,-1
145,1,854.8,320.36,40.97,100.52,-1,-1,-1,-1
145,2,457.36,302.54,32.02,66.98,-1,-1,-1,-1
145,3,326.49,337.74,42.57,105.71,-1,-1,-1,-1
145,4,496.68,310.15,34.65,59.42,-1,-1,-1,-1
145,5,719.12,317.97,40.74,90.08,-1,-1,-1,-1
145,6,465.77,320.49,46.31,94.09,-1,-1,-1,-1
146,1,853.1,319.12,40.59,102.21,-1,-1,-1,-1
146,2,456.97,302.31,32.39,66.92,-1,-1,-1,-1
146,3,325.19,338.58,42.89,106.18,-1,-1,-1,-1
146,4,498.14,310.2,35.46,59.66,-1,-1,-1,-1
146,5,719.57,319.4,39.98,89.04,-1,-1,-1,-1
146,6,470.65,322.28,43.98,90.32,-1,-1,-1,-1
147,1,850.09,319.07,38.87,99.91,-1,-1,-1,-1
147,2,456.67,300.71,33.55,68.11,-1,-1,-1,-1
147,3,322.89,339.18,43.07,106.35,-1,-1,-1,-1
147,4,497.07,309.15,37.1,60.99,-1,-1,-1,-1
147,5,718.85,320.67,39.19,87.74,-1,-1,-1,-1
147,6,478.39,322.48,45.53,91.4,-1,-1,-1,-1
148,1,848.05,319.2,38.94,101.93,-1,-1,-1,-1
148,2,456.83,299.8,34.61,68.86,-1,-1,-1,-1
148,3,321.3,339.39,43.1,106.39,-1,-1,-1,-1
148,4,495.5,306.96,39.43,63.6,-1,-1,-1,-1
148,5,718.68,321.13,38.78,87.23,-1,-1,-1,-1
148,6,482.08,322.26,47.09,92.4,-1,-1,-1,-1
149,1,844.07,322.63,38.47,102.07,-1,-1,-1,-1
149,2,457.18,299.31,35.59,69.44,-1,-1,-1,-1
149,3,320.04,338.72,42.98,106.99,-1,-1,-1,-1
149,4,495.04,303.34,41.79,67.25,-1,-1,-1,-1
149,5,719.11,321.28,38.33,86.73,-1,-1,-1,-1
149,6,485.64,323.67,47.78,90.71,-1,-1,-1,-1
150,1,841.5,326.3,37.59,100.33,-1,-1,-1,-1
150,2,458.35,299.86,35.49,67.88,-1,-1,-1,-1
150,3,319.78,337.71,42.83,108.08,-1,-1,-1,-1
150,4,493.15,302.25,43.2,68.35,-1,-1,-1,-1
150,5,720.54,325.34,36.28,82.36,-1,-1,-1,-1
150,6,486.28,324.06,49.66,91.89,-1,-1,-1,-1
151,1,840.64,330.97,36.01,96.65,-1,-1,-1,-1
151,2,459.76,301.72,35.43,66.09,-1,-1,-1,-1
151,3,318.67,337.47,42.18,108.19,-1,-1,-1,-1
151,4,492.82,302.73,44.07,68.19,-1,-1,-1,-1
151,5,721.11,329.6,34.95,79.18,-1,-1,-1,-1
151,6,487.85,323.16,51.02,93.23,-1,-1,-1,-1
152,1,840.05,332.1,35.58,95.84,-1,-1,-1,-1
152,2,460.02,302.41,35.74,65.12,-1,-1,-1,-1
152,3,317.98,337.37,41.62,108.51,-1,-1,-1,-1
152,4,492.79,302.35,44.79,68.7,-1,-1,-1,-1
152,5,720.74,332.02,33.85,76.51,-1,-1,-1,-1
152,6,488.44,322.52,51.85,94.04,-1,-1,-1,-1
153,1,839.1,332.77,35.25,95.24,-1,-1,-1,-1
153,2,461.6,305.06,36.45,64.18,-1,-1,-1,-1
153,3,316.81,337.48,40.9,108.32,-1,-1,-1,-1
153,4,492.38,302.66,45.84,70.07,-1,-1,-1,-1
153,5,715.4,326.42,37.19,82.61,-1,-1,-1,-1
153,6,488.77,320.5,52.87,96.12,-1,-1,-1,-1
154,1,837.91,332.84,35.16,95.01,-1,-1,-1,-1
154,2,463.13,306.94,37.35,62.94,-1,-1,-1,-1
154,3,315.64,337.66,40.37,108.23,-1,-1,-1,-1
154,4,493.39,304.7,45.07,68.82,-1,-1,-1,-1
154,5,717.06,328.4,36.57,81.53,-1,-1,-1,-1
154,6,489.18,320.48,52.46,95.73,-1,-1,-1,-1
155,2,457.0,312.0,48.0,57.0,-1,-1,-1,-1
155,1,836.5,331.62,35.41,95.83,-1,-1,-1,-1
155,3,313.12,337.58,40.51,108.48,-1,-1,-1,-1
155,4,480.3,308.63,46.31,65.05,-1,-1,-1,-1
155,5,711.62,326.02,39.08,84.7,-1,-1,-1,-1
155,6,488.72,320.34,52.7,96.46,-1,-1,-1,-1
156,2,457.0,311.0,66.0,58.0,-1,-1,-1,-1
156,1,835.81,331.14,35.39,95.84,-1,-1,-1,-1
156,3,311.76,337.4,40.85,108.86,-1,-1,-1,-1
156,4,474.12,309.37,47.95,63.0,-1,-1,-1,-1
156,5,708.99,324.97,40.7,85.88,-1,-1,-1,-1
156,6,488.81,320.73,52.06,95.55,-1,-1,-1,-1
157,2,472.0,310.0,69.0,59.0,-1,-1,-1,-1
157,1,834.8,329.59,35.83,97.34,-1,-1,-1,-1
157,3,310.85,337.63,41.25,108.99,-1,-1,-1,-1
157,4,488.42,309.63,47.48,62.87,-1,-1,-1,-1
157,5,706.88,324.11,42.42,87.21,-1,-1,-1,-1
157,6,488.03,321.79,52.05,95.49,-1,-1,-1,-1
158,2,484.0,308.0,76.0,62.0,-1,-1,-1,-1
158,1,834.16,328.99,36.03,97.9,-1,-1,-1,-1
158,3,310.09,337.86,41.72,109.33,-1,-1,-1,-1
158,4,496.34,307.02,50.98,67.33,-1,-1,-1,-1
158,5,706.17,323.92,43.57,87.7,-1,-1,-1,-1
158,6,488.76,323.08,50.45,92.19,-1,-1,-1,-1
159,2,491.0,308.0,72.0,57.0,-1,-1,-1,-1
159,1,833.15,329.63,35.99,97.51,-1,-1,-1,-1
159,3,309.13,338.24,42.43,109.74,-1,-1,-1,-1
159,4,504.03,304.46,49.04,62.56,-1,-1,-1,-1
159,5,705.74,323.7,44.43,88.17,-1,-1,-1,-1
159,6,488.65,324.48,51.63,94.55,-1,-1,-1,-1
160,2,497.5,307.5,68.0,56.0,-1,-1,-1,-1
160,4,507.0,308.0,55.0,64.0,-1,-1,-1,-1
160,1,832.71,329.42,36.22,97.95,-1,-1,-1,-1
160,3,307.96,338.83,42.9,109.88,-1,-1,-1,-1
160,5,708.94,323.61,44.01,88.04,-1,-1,-1,-1
160,6,487.77,324.99,52.5,96.3,-1,-1,-1,-1
161,2,504.0,307.0,64.0,55.0,-1,-1,-1,-1
161,4,513.6666666666667,307.6666666666667,56.33333333333326,64.33333333333331,-1,-1,-1,-1
161,1,831.14,330.52,36.84,97.52,-1,-1,-1,-1
161,3,307.38,339.79,43.42,109.93,-1,-1,-1,-1
161,5,707.16,323.43,44.6,87.97,-1,-1,-1,-1
161,6,487.02,325.61,52.96,96.96,-1,-1,-1,-1
162,2,511.00000000000006,307.0,59.666666666666686,56.0,-1,-1,-1,-1
162,4,520.3333333333334,307.3333333333333,57.66666666666663,64.66666666666669,-1,-1,-1,-1
162,1,831.03,330.78,38.0,97.64,-1,-1,-1,-1
162,3,306.94,340.14,43.83,109.93,-1,-1,-1,-1
162,5,705.48,323.66,45.1,87.64,-1,-1,-1,-1
162,6,486.5,326.14,52.91,96.62,-1,-1,-1,-1
163,2,518.0,307.0,55.33333333333337,57.0,-1,-1,-1,-1
163,4,527.0,307.0,59.0,65.0,-1,-1,-1,-1
163,1,829.8,335.17,38.53,92.64,-1,-1,-1,-1
163,3,306.52,340.27,44.26,110.22,-1,-1,-1,-1
163,5,706.33,323.59,45.34,87.8,-1,-1,-1,-1
163,6,485.24,325.14,53.73,97.96,-1,-1,-1,-1
164,2,525.0,307.0,51.0,58.0,-1,-1,-1,-1
164,4,533.6666666666667,306.6666666666667,59.0,64.0,-1,-1,-1,-1
164,1,828.21,338.2,39.89,90.1,-1,-1,-1,-1
164,3,307.32,340.6,44.64,109.73,-1,-1,-1,-1
164,5,707.46,326.39,43.85,84.29,-1,-1,-1,-1
164,6,484.34,324.9,54.26,98.46,-1,-1,-1,-1
165,2,531.6666666666667,307.33333333333337,53.0,58.0,-1,-1,-1,-1
165,4,540.3333333333333,306.33333333333337,59.000000000000114,62.99999999999994,-1,-1,-1,-1
165,1,821.67,338.67,43.29,90.42,-1,-1,-1,-1
165,3,307.09,341.02,44.72,109.24,-1,-1,-1,-1
165,5,706.49,327.6,43.75,83.24,-1,-1,-1,-1
165,6,484.34,324.36,54.89,98.93,-1,-1,-1,-1
166,2,538.3333333333334,307.66666666666663,55.0,58.00000000000006,-1,-1,-1,-1
166,4,547.0,306.0,59.0,62.0,-1,-1,-1,-1
166,1,820.54,338.36,45.7,91.15,-1,-1,-1,-1
166,3,307.12,341.46,44.85,109.04,-1,-1,-1,-1
166,5,706.79,327.74,43.64,82.56,-1,-1,-1,-1
166,6,484.15,324.0,55.47,99.39,-1,-1,-1,-1
167,2,545.0,308.0,57.0,58.0,-1,-1,-1,-1
167,4,554.0,306.0,59.0,62.5,-1,-1,-1,-1
167,1,814.11,343.73,45.6,86.37,-1,-1,-1,-1
167,3,308.09,342.21,45.1,108.97,-1,-1,-1,-1
167,5,707.71,329.72,42.62,80.22,-1,-1,-1,-1
167,6,482.47,323.42,56.49,100.74,-1,-1,-1,-1
168,2,560.0,308.0,50.0,56.0,-1,-1,-1,-1
168,4,561.0,306.0,59.0,63.0,-1,-1,-1,-1
168,1,800.01,344.21,45.17,85.79,-1,-1,-1,-1
168,3,309.02,342.49,45.29,108.94,-1,-1,-1,-1
168,5,708.09,330.6,42.21,79.05,-1,-1,-1,-1
168,6,481.3,323.05,57.33,101.53,-1,-1,-1,-1
169,2,569.0,308.0,50.0,59.0,-1,-1,-1,-1
169,4,566.3333333333334,306.0,60.33333333333337,63.666666666666686,-1,-1,-1,-1
169,1,791.66,349.63,43.89,80.47,-1,-1,-1,-1
169,3,309.96,343.17,45.09,108.33,-1,-1,-1,-1
169,5,709.12,330.75,42.72,79.25,-1,-1,-1,-1
169,6,480.33,323.06,58.08,102.11,-1,-1,-1,-1
170,2,576.0,306.75,50.5,60.75,-1,-1,-1,-1
170,4,571.6666666666666,306.0,61.66666666666663,64.33333333333331,-1,-1,-1,-1
170,1,784.34,345.56,47.29,84.71,-1,-1,-1,-1
170,3,310.54,343.27,44.87,108.1,-1,-1,-1,-1
170,5,709.54,331.23,42.83,79.04,-1,-1,-1,-1
170,6,480.6,323.36,58.27,102.02,-1,-1,-1,-1
171,2,583.0,305.5,51.0,62.5,-1,-1,-1,-1
171,4,577.0,306.0,63.0,65.0,-1,-1,-1,-1
171,1,773.09,342.81,51.09,86.78,-1,-1,-1,-1
171,3,312.37,343.74,44.56,107.42,-1,-1,-1,-1
171,5,710.61,330.19,43.47,80.18,-1,-1,-1,-1
171,6,484.38,324.36,56.89,100.19,-1,-1,-1,-1
172,2,590.0,304.25,51.5,64.25,-1,-1,-1,-1
172,4,585.2,304.8,59.19999999999993,66.60000000000002,-1,-1,-1,-1
172,1,764.89,342.61,53.6,87.0,-1,-1,-1,-1
172,3,313.56,344.2,44.31,106.87,-1,-1,-1,-1
172,5,712.28,330.53,43.54,80.03,-1,-1,-1,-1
172,6,486.65,324.6,55.87,99.17,-1,-1,-1,-1
173,1,734.0,343.0,74.0,88.0,-1,-1,-1,-1
173,2,597.0,303.0,52.0,66.0,-1,-1,-1,-1
173,4,593.4,303.6,55.39999999999998,68.19999999999999,-1,-1,-1,-1
173,3,316.26,345.1,44.48,106.07,-1,-1,-1,-1
173,5,716.7,332.74,41.95,78.19,-1,-1,-1,-1
173,6,486.71,321.7,57.03,101.77,-1,-1,-1,-1
174,1,728.0,339.0,44.0,91.0,-1,-1,-1,-1
174,2,603.7142857142858,299.57142857142856,51.428571428571445,70.28571428571433,-1,-1,-1,-1
174,4,601.6,302.4,51.60000000000002,69.80000000000001,-1,-1,-1,-1
174,5,722.0,331.0,46.0,77.0,-1,-1,-1,-1
174,3,317.03,345.13,44.7,106.07,-1,-1,-1,-1
174,6,488.22,320.77,56.82,102.44,-1,-1,-1,-1
175,1,726.0,338.0,45.0,91.0,-1,-1,-1,-1
175,2,610.4285714285714,296.1428571428572,50.857142857142776,74.5714285714285,-1,-1,-1,-1
175,4,609.8,301.2,47.80000000000007,71.40000000000003,-1,-1,-1,-1
175,5,721.5,331.0,47.0,78.0,-1,-1,-1,-1
175,3,318.06,345.72,44.45,105.19,-1,-1,-1,-1
175,6,491.64,319.24,56.33,103.56,-1,-1,-1,-1
176,1,724.0,336.0,46.0,94.0,-1,-1,-1,-1
176,2,617.1428571428571,292.7142857142857,50.28571428571422,78.85714285714283,-1,-1,-1,-1
176,4,618.0,300.0,44.0,73.0,-1,-1,-1,-1
176,5,721.0,331.0,48.0,79.0,-1,-1,-1,-1
176,3,318.57,346.08,44.05,104.57,-1,-1,-1,-1
176,6,493.51,318.52,55.54,103.98,-1,-1,-1,-1
177,1,693.0,337.0,72.0,91.0,-1,-1,-1,-1
177,2,623.8571428571429,289.2857142857143,49.71428571428567,83.14285714285717,-1,-1,-1,-1
177,4,623.2222222222222,298.2222222222222,44.0,75.33333333333337,-1,-1,-1,-1
177,3,318.58,345.15,43.93,104.94,-1,-1,-1,-1
177,5,725.94,316.1,49.8,86.13,-1,-1,-1,-1
177,6,495.1,317.53,55.18,104.41,-1,-1,-1,-1
178,1,689.0,339.0,63.0,89.0,-1,-1,-1,-1
178,2,630.5714285714286,285.85714285714283,49.14285714285711,87.4285714285715,-1,-1,-1,-1
178,4,628.4444444444445,296.44444444444446,44.0,77.66666666666669,-1,-1,-1,-1
178,3,318.98,344.64,43.63,104.8,-1,-1,-1,-1
178,5,727.11,316.12,49.34,87.22,-1,-1,-1,-1
178,6,496.02,317.02,54.94,104.86,-1,-1,-1,-1
179,2,637.2857142857143,282.42857142857144,48.57142857142856,91.71428571428568,-1,-1,-1,-1
179,4,633.6666666666667,294.6666666666667,44.0,80.0,-1,-1,-1,-1
179,1,688.25,337.27,48.72,89.45,-1,-1,-1,-1
179,3,319.86,343.54,43.21,104.45,-1,-1,-1,-1
179,5,729.05,316.27,47.96,86.7,-1,-1,-1,-1
179,6,496.92,316.99,54.84,105.01,-1,-1,-1,-1
180,2,644.0,279.0,48.0,96.0,-1,-1,-1,-1
180,4,638.8888888888889,292.8888888888889,44.0,82.33333333333331,-1,-1,-1,-1
180,1,680.59,337.77,47.54,88.21,-1,-1,-1,-1
180,3,320.44,342.23,43.12,104.33,-1,-1,-1,-1
180,5,729.2,316.76,46.32,83.5,-1,-1,-1,-1
180,6,497.89,317.15,54.66,104.75,-1,-1,-1,-1
181,2,648.1666666666667,280.5,49.0,94.16666666666669,-1,-1,-1,-1
181,4,644.1111111111111,291.1111111111111,44.0,84.66666666666669,-1,-1,-1,-1
181,1,673.28,334.06,47.7,90.7,-1,-1,-1,-1
181,3,322.28,340.69,42.77,103.11,-1,-1,-1,-1
181,5,732.29,316.66,46.1,81.55,-1,-1,-1,-1
181,6,498.85,317.52,54.51,104.34,-1,-1,-1,-1
182,2,652.3333333333334,282.0,50.0,92.33333333333336,-1,-1,-1,-1
182,4,649.3333333333334,289.3333333333333,43.999999999999886,87.00000000000006,-1,-1,-1,-1
182,1,668.59,331.35,47.72,92.79,-1,-1,-1,-1
182,3,323.11,339.97,42.33,101.76,-1,-1,-1,-1
182,5,734.99,317.36,45.92,79.87,-1,-1,-1,-1
182,6,499.42,317.68,54.56,104.18,-1,-1,-1,-1
183,2,656.5,283.5,51.0,90.5,-1,-1,-1,-1
183,4,654.5555555555557,287.55555555555554,43.999999999999886,89.33333333333337,-1,-1,-1,-1
183,1,662.88,326.06,46.4,92.1,-1,-1,-1,-1
183,3,324.65,339.56,42.35,101.87,-1,-1,-1,-1
183,5,739.04,317.03,46.3,79.18,-1,-1,-1,-1
183,6,500.22,317.9,54.52,103.81,-1,-1,-1,-1
184,2,660.6666666666667,285.0,52.0,88.66666666666669,-1,-1,-1,-1
184,4,659.7777777777778,285.77777777777777,43.999999999999886,91.66666666666669,-1,-1,-1,-1
184,1,659.44,324.46,43.91,88.85,-1,-1,-1,-1
184,3,325.76,339.27,42.42,102.22,-1,-1,-1,-1
184,5,741.55,317.64,45.63,76.8,-1,-1,-1,-1
184,6,500.64,317.4,54.8,103.95,-1,-1,-1,-1
185,2,664.8333333333333,286.5,53.0,86.83333333333337,-1,-1,-1,-1
185,4,665.0,284.0,44.0,94.0,-1,-1,-1,-1
185,1,653.84,317.88,45.27,93.58,-1,-1,-1,-1
185,3,326.59,338.88,42.48,102.67,-1,-1,-1,-1
185,5,741.15,316.67,46.79,77.66,-1,-1,-1,-1
185,6,500.81,315.73,55.41,104.9,-1,-1,-1,-1
186,2,669.0,288.0,54.0,85.0,-1,-1,-1,-1
186,4,667.1176470588235,284.7058823529412,44.0,93.47058823529407,-1,-1,-1,-1
186,1,651.0,317.25,43.97,92.96,-1,-1,-1,-1
186,3,326.87,338.3,42.5,103.14,-1,-1,-1,-1
186,5,741.45,316.16,47.46,78.26,-1,-1,-1,-1
186,6,501.65,315.11,55.21,104.36,-1,-1,-1,-1
187,2,673.0,290.0,61.0,83.0,-1,-1,-1,-1
187,4,669.2352941176471,285.4117647058824,44.0,92.94117647058818,-1,-1,-1,-1
187,1,646.64,316.49,42.64,92.38,-1,-1,-1,-1
187,3,327.25,337.79,42.48,103.63,-1,-1,-1,-1
187,5,741.73,315.08,48.49,79.36,-1,-1,-1,-1
187,6,506.6,313.41,52.93,102.06,-1,-1,-1,-1
188,2,677.0,291.5,59.25,81.0,-1,-1,-1,-1
188,4,671.3529411764706,286.11764705882354,44.0,92.41176470588232,-1,-1,-1,-1
188,1,644.41,316.55,41.22,91.25,-1,-1,-1,-1
188,3,327.28,337.47,42.35,103.81,-1,-1,-1,-1
188,5,741.64,313.79,49.79,80.64,-1,-1,-1,-1
188,6,508.74,312.78,51.48,100.88,-1,-1,-1,-1
189,2,681.0,293.0,57.5,79.0,-1,-1,-1,-1
189,4,673.4705882352941,286.8235294117647,43.999999999999886,91.88235294117646,-1,-1,-1,-1
189,1,640.89,316.62,39.8,89.32,-1,-1,-1,-1
189,3,327.09,337.21,42.35,104.19,-1,-1,-1,-1
189,5,742.36,315.07,50.47,80.81,-1,-1,-1,-1
189,6,511.23,313.02,49.84,99.55,-1,-1,-1,-1
190,2,685.0,294.5,55.75,77.0,-1,-1,-1,-1
190,4,675.5882352941176,287.52941176470586,44.0,91.3529411764706,-1,-1,-1,-1
190,1,638.25,317.0,38.64,87.68,-1,-1,-1,-1
190,3,327.28,337.28,42.39,104.33,-1,-1,-1,-1
190,5,742.4,316.46,51.75,81.74,-1,-1,-1,-1
190,6,515.03,315.83,48.21,96.66,-1,-1,-1,-1
191,2,689.0,296.0,54.0,75.0,-1,-1,-1,-1
191,4,677.7058823529412,288.2352941176471,43.999999999999886,90.82352941176464,-1,-1,-1,-1
191,1,633.85,318.98,37.52,85.87,-1,-1,-1,-1
191,3,327.11,337.17,42.53,104.38,-1,-1,-1,-1
191,5,741.2,317.72,52.24,80.6,-1,-1,-1,-1
191,6,517.81,317.05,47.78,95.6,-1,-1,-1,-1
192,2,691.7777777777778,295.55555555555554,52.66666666666663,75.55555555555554,-1,-1,-1,-1
192,4,679.8235294117646,288.94117647058823,44.0,90.29411764705884,-1,-1,-1,-1
192,1,629.52,317.95,38.0,87.31,-1,-1,-1,-1
192,3,326.47,337.29,42.82,104.4,-1,-1,-1,-1
192,5,743.73,323.41,49.33,74.48,-1,-1,-1,-1
192,6,519.03,317.66,47.73,94.93,-1,-1,-1,-1
193,2,694.5555555555555,295.1111111111111,51.33333333333337,76.11111111111109,-1,-1,-1,-1
193,4,681.9411764705883,289.6470588235294,44.0,89.76470588235293,-1,-1,-1,-1
193,1,625.61,318.77,37.68,86.06,-1,-1,-1,-1
193,3,325.27,337.19,43.63,105.89,-1,-1,-1,-1
193,5,739.59,320.38,53.45,80.06,-1,-1,-1,-1
193,6,522.35,317.28,49.07,95.32,-1,-1,-1,-1
194,2,697.3333333333334,294.6666666666667,50.0,76.66666666666669,-1,-1,-1,-1
194,4,684.0588235294117,290.3529411764706,44.0,89.23529411764707,-1,-1,-1,-1
194,1,623.19,318.22,37.99,86.2,-1,-1,-1,-1
194,3,324.28,337.02,44.09,106.45,-1,-1,-1,-1
194,5,730.59,318.9,53.68,83.74,-1,-1,-1,-1
194,6,525.07,317.43,50.06,94.58,-1,-1,-1,-1
195,2,700.1111111111111,294.22222222222223,48.66666666666674,77.22222222222223,-1,-1,-1,-1
195,4,686.1764705882354,291.05882352941177,44.0,88.70588235294116,-1,-1,-1,-1
195,1,620.63,316.68,36.34,83.27,-1,-1,-1,-1
195,3,323.98,337.41,44.7,106.95,-1,-1,-1,-1
195,5,727.39,317.29,53.13,86.03,-1,-1,-1,-1
195,6,526.05,316.58,51.56,95.23,-1,-1,-1,-1
196,2,702.8888888888889,293.77777777777777,47.33333333333326,77.77777777777777,-1,-1,-1,-1
196,4,688.2941176470588,291.7647058823529,44.0,88.1764705882353,-1,-1,-1,-1
196,1,619.7,313.55,36.62,84.59,-1,-1,-1,-1
196,3,323.1,338.0,45.27,107.14,-1,-1,-1,-1
196,5,723.79,316.95,52.41,86.9,-1,-1,-1,-1
196,6,526.14,316.72,52.52,94.6,-1,-1,-1,-1
197,2,705.6666666666667,293.3333333333333,46.0,78.33333333333337,-1,-1,-1,-1
197,4,690.4117647058824,292.47058823529414,43.999999999999886,87.64705882352939,-1,-1,-1,-1
197,1,617.42,302.59,40.2,94.32,-1,-1,-1,-1
197,3,319.94,338.98,44.91,106.31,-1,-1,-1,-1
197,5,717.02,316.38,52.4,87.2,-1,-1,-1,-1
197,6,527.38,313.62,54.51,97.07,-1,-1,-1,-1
198,2,708.4444444444445,292.8888888888889,44.66666666666663,78.88888888888886,-1,-1,-1,-1
198,4,692.5294117647059,293.1764705882353,44.0,87.11764705882348,-1,-1,-1,-1
198,1,616.18,302.3,38.91,93.03,-1,-1,-1,-1
198,3,319.81,339.8,45.32,105.98,-1,-1,-1,-1
198,5,712.14,316.02,52.94,87.57,-1,-1,-1,-1
198,6,528.73,312.78,55.13,97.41,-1,-1,-1,-1
199,2,711.2222222222222,292.44444444444446,43.33333333333337,79.4444444444444,-1,-1,-1,-1
199,4,694.6470588235294,293.88235294117646,44.0,86.58823529411768,-1,-1,-1,-1
199,1,615.98,299.66,38.75,93.33,-1,-1,-1,-1
199,3,316.6,340.4,44.96,105.56,-1,-1,-1,-1
199,5,705.69,313.24,54.2,89.44,-1,-1,-1,-1
199,6,532.74,312.76,54.17,96.36,-1,-1,-1,-1
200,2,714.0,292.0,42.0,80.0,-1,-1,-1,-1
200,4,696.7647058823529,294.5882352941177,44.0,86.05882352941177,-1,-1,-1,-1
200,1,614.19,299.6,37.61,92.53,-1,-1,-1,-1
200,3,315.83,340.62,45.17,105.4,-1,-1,-1,-1
200,5,699.28,304.29,56.29,93.93,-1,-1,-1,-1
200,6,535.57,312.48,53.41,96.26,-1,-1,-1,-1
201,2,718.5,291.5,39.0,80.5,-1,-1,-1,-1
201,4,698.8823529411765,295.2941176470588,44.0,85.52941176470591,-1,-1,-1,-1
201,1,613.81,298.33,35.59,88.65,-1,-1,-1,-1
201,3,314.14,340.55,45.13,105.33,-1,-1,-1,-1
201,5,691.79,306.52,55.15,92.74,-1,-1,-1,-1
201,6,540.17,310.3,53.06,98.61,-1,-1,-1,-1
202,2,723.0,291.0,36.0,81.0,-1,-1,-1,-1
202,4,701.0,296.0,44.0,85.0,-1,-1,-1,-1
202,1,613.61,298.38,34.59,87.15,-1,-1,-1,-1
202,3,312.51,340.22,45.07,105.91,-1,-1,-1,-1
202,5,681.79,309.23,50.19,87.49,-1,-1,-1,-1
202,6,546.06,309.5,50.94,99.2,-1,-1,-1,-1
203,4,700.5,295.0,44.0,86.5,-1,-1,-1,-1
203,1,613.49,300.41,33.3,84.49,-1,-1,-1,-1
203,2,724.85,290.97,34.55,75.03,-1,-1,-1,-1
203,3,310.8,339.94,44.61,106.42,-1,-1,-1,-1
203,5,673.21,311.54,48.42,87.51,-1,-1,-1,-1
203,6,551.16,309.07,48.98,99.71,-1,-1,-1,-1
204,4,700.0,294.0,44.0,88.0,-1,-1,-1,-1
204,1,612.95,303.2,32.78,83.51,-1,-1,-1,-1
204,2,725.68,290.78,35.24,78.61,-1,-1,-1,-1
204,3,309.73,339.39,43.88,106.9,-1,-1,-1,-1
204,5,670.44,312.25,40.75,75.02,-1,-1,-1,-1
204,6,554.46,308.63,47.1,100.2,-1,-1,-1,-1
205,4,699.0,295.0,44.0,87.0,-1,-1,-1,-1
205,1,612.82,308.03,31.42,79.85,-1,-1,-1,-1
205,2,726.43,290.72,35.1,80.01,-1,-1,-1,-1
205,3,309.34,338.88,43.04,107.38,-1,-1,-1,-1
205,5,664.03,310.18,44.85,84.29,-1,-1,-1,-1
205,6,560.03,308.63,46.43,100.08,-1,-1,-1,-1
206,4,698.0,296.5,44.0,86.0,-1,-1,-1,-1
206,1,612.6,310.17,30.85,78.21,-1,-1,-1,-1
206,2,727.04,290.72,34.84,80.54,-1,-1,-1,-1
206,3,309.26,338.84,42.08,107.26,-1,-1,-1,-1
206,5,659.83,308.79,46.04,87.79,-1,-1,-1,-1
206,6,563.75,308.21,46.3,100.32,-1,-1,-1,-1
207,4,697.0,298.0,44.0,85.0,-1,-1,-1,-1
207,1,611.77,310.64,31.06,77.95,-1,-1,-1,-1
207,2,727.63,290.88,34.5,81.02,-1,-1,-1,-1
207,3,308.97,338.23,41.41,107.5,-1,-1,-1,-1
207,5,649.87,308.4,47.21,88.29,-1,-1,-1,-1
207,6,566.33,308.22,46.65,100.41,-1,-1,-1,-1
208,1,610.27,310.49,31.24,77.89,-1,-1,-1,-1
208,2,728.21,290.81,34.14,81.18,-1,-1,-1,-1
208,3,309.12,338.0,40.71,107.59,-1,-1,-1,-1
208,4,698.27,298.67,42.84,87.88,-1,-1,-1,-1
208,5,645.54,308.27,47.2,86.98,-1,-1,-1,-1
208,6,567.87,308.53,46.61,99.84,-1,-1,-1,-1
209,1,606.54,309.83,30.53,77.3,-1,-1,-1,-1
209,2,728.94,290.94,33.47,80.64,-1,-1,-1,-1
209,3,309.19,337.77,40.2,107.91,-1,-1,-1,-1
209,4,701.22,298.55,41.76,86.83,-1,-1,-1,-1
209,5,638.94,311.37,46.82,82.58,-1,-1,-1,-1
209,6,570.07,308.82,46.1,98.72,-1,-1,-1,-1
210,1,603.72,309.57,29.65,76.51,-1,-1,-1,-1
210,2,728.9,290.85,33.16,80.71,-1,-1,-1,-1
210,3,309.39,337.69,39.71,108.03,-1,-1,-1,-1
210,4,703.28,299.53,40.53,85.81,-1,-1,-1,-1
210,5,629.27,313.18,46.4,81.19,-1,-1,-1,-1
210,6,572.75,308.94,44.97,96.81,-1,-1,-1,-1
211,1,600.09,307.81,29.82,78.06,-1,-1,-1,-1
211,2,730.46,290.83,32.18,78.35,-1,-1,-1,-1
211,3,309.43,337.37,39.38,108.36,-1,-1,-1,-1
211,4,706.59,299.44,39.67,86.01,-1,-1,-1,-1
211,5,624.44,314.74,45.01,79.18,-1,-1,-1,-1
211,6,576.88,308.85,44.06,96.69,-1,-1,-1,-1
212,1,598.43,307.46,29.46,78.35,-1,-1,-1,-1
212,2,731.78,290.98,30.25,73.53,-1,-1,-1,-1
212,3,309.41,337.25,39.05,108.48,-1,-1,-1,-1
212,4,708.85,299.7,39.01,86.07,-1,-1,-1,-1
212,5,621.25,315.32,43.57,77.84,-1,-1,-1,-1
212,6,578.81,307.93,43.32,97.85,-1,-1,-1,-1
213,1,597.87,307.78,28.78,76.99,-1,-1,-1,-1
213,2,730.21,290.74,31.1,75.39,-1,-1,-1,-1
213,3,309.68,337.22,38.73,108.52,-1,-1,-1,-1
213,4,710.68,300.23,38.47,86.09,-1,-1,-1,-1
213,5,619.19,315.21,44.66,81.6,-1,-1,-1,-1
213,6,583.87,307.59,41.9,97.1,-1,-1,-1,-1
214,1,587.0,306.0,37.0,81.0,-1,-1,-1,-1
214,2,730.23,290.36,32.0,77.84,-1,-1,-1,-1
214,3,309.92,337.36,38.38,108.23,-1,-1,-1,-1
214,4,711.14,300.87,38.0,86.38,-1,-1,-1,-1
214,5,619.2,315.76,44.32,82.08,-1,-1,-1,-1
214,6,587.5,306.88,41.31,97.72,-1,-1,-1,-1
